Dates;Open;High;Low;Close;Volume
2017-12-27;74.5;76.0;74.0;75.25;10167
2017-12-22;74.5;76.0;74.5;76.0;4514
2017-12-21;71.75;77.5;71.5;74.5;11779
2017-12-20;74.0;75.5;72.25;74.5;5020
2017-12-19;74.0;76.0;72.0;74.5;7942
2017-12-18;73.0;79.25;73.0;75.75;6904
2017-12-15;72.5;73.0;70.0;73.0;6724
2017-12-14;71.0;74.5;71.0;73.0;4970
2017-12-13;69.5;72.0;69.5;72.0;10794
2017-12-12;71.75;72.0;69.5;71.75;5389
2017-12-11;69.25;72.0;69.0;71.0;3568
2017-12-08;73.0;73.0;69.0;70.0;7072
2017-12-07;72.0;72.75;70.25;71.25;1773
2017-12-06;72.0;72.0;69.25;72.0;1852
2017-12-05;70.0;73.0;69.0;72.75;8985
2017-12-04;69.75;72.25;69.0;72.0;7082
2017-12-01;70.0;71.5;70.0;70.25;6288
2017-11-30;70.0;70.5;69.0;70.25;5008
2017-11-29;69.25;71.25;69.25;70.0;5964
2017-11-28;69.0;70.5;69.0;69.25;26178
2017-11-27;71.75;71.75;69.0;69.25;933
2017-11-24;72.0;72.0;69.0;69.25;6247
2017-11-23;69.0;70.0;69.0;69.0;316310
2017-11-22;69.0;72.0;69.0;69.0;27463
2017-11-21;69.5;69.75;69.0;69.25;5542
2017-11-20;69.25;71.0;69.25;69.5;5014
2017-11-17;70.75;70.75;69.5;69.5;11699
2017-11-16;69.75;72.0;69.5;72.0;3876
2017-11-15;70.75;70.75;69.75;70.25;6253
2017-11-14;71.5;71.5;70.5;71.0;1307
2017-11-13;72.0;72.0;69.0;69.5;40269
2017-11-10;70.5;71.0;70.0;71.0;6219
2017-11-09;69.0;71.0;69.0;70.0;6005
2017-11-08;70.25;71.25;70.25;71.0;13689
2017-11-07;70.0;71.25;69.75;70.25;39515
2017-11-06;71.0;71.25;69.25;70.0;11990
2017-11-03;70.0;71.0;69.75;71.0;27575
2017-11-02;69.5;70.0;68.5;70.0;5666
2017-11-01;68.0;69.0;67.0;69.0;16130
2017-10-31;68.0;68.75;65.0;68.0;34169
2017-10-30;70.25;70.5;68.0;69.75;5064
2017-10-27;67.5;70.0;67.25;69.25;20156
2017-10-26;71.25;71.25;61.5;67.5;360010
2017-10-25;72.25;73.75;71.0;71.75;5130
2017-10-24;76.0;76.5;73.75;73.75;4188
2017-10-23;74.0;79.5;74.0;74.0;1390
2017-10-20;73.5;74.75;71.25;74.0;4984
2017-10-19;75.5;75.75;73.0;73.5;16310
2017-10-18;75.5;77.25;70.75;75.0;3489
2017-10-17;75.5;76.5;72.0;75.75;7677
2017-10-13;75.0;76.75;75.0;76.0;14639
2017-10-12;75.75;75.75;74.0;75.0;2922
2017-10-11;75.75;77.5;75.25;75.75;781
2017-10-10;75.5;77.0;75.0;75.75;5497
2017-10-09;76.0;78.75;72.0;75.5;38083
2017-10-06;79.0;80.5;76.25;77.0;7905
2017-10-05;79.5;80.0;77.5;79.25;8880
2017-10-04;80.0;80.0;79.5;79.5;2089
2017-10-03;79.5;81.75;78.5;79.5;2612
2017-10-02;80.5;84.0;80.25;80.25;2146
2017-09-29;79.75;81.5;79.75;80.5;1718
2017-09-28;80.5;82.0;79.5;79.5;5683
2017-09-27;83.5;83.5;81.0;81.0;4238
2017-09-26;81.75;84.0;78.5;83.0;411087
2017-09-25;81.25;82.0;80.5;81.5;5847
2017-09-22;81.75;82.0;80.25;81.25;309560
2017-09-21;82.5;82.5;81.0;81.5;1104551
2017-09-20;82.0;82.0;79.0;81.0;5436
2017-09-19;82.5;82.5;80.75;81.75;2819
2017-09-18;81.0;85.0;81.0;81.75;6237
2017-09-15;79.5;81.0;79.25;81.0;14669
2017-09-14;79.5;79.75;78.0;79.5;22955
2017-09-13;79.0;79.5;77.25;78.5;5405
2017-09-12;80.25;82.0;79.5;79.75;6930
2017-09-11;85.0;85.5;79.0;80.0;20200
2017-09-08;75.5;81.0;74.25;81.0;25640
2017-09-07;77.0;77.0;75.5;75.5;51
2017-09-06;74.25;78.0;74.25;74.75;1929
2017-09-04;75.25;76.0;74.0;74.25;4670
2017-09-01;78.0;79.5;75.5;75.5;6061
2017-08-31;73.5;78.0;73.5;76.75;5164
2017-08-30;72.75;73.5;71.75;73.5;1743
2017-08-29;73.0;74.25;72.0;73.0;1092
2017-08-28;74.0;74.0;73.0;73.0;218
2017-08-25;74.25;74.25;73.0;73.75;1812
2017-08-24;74.25;74.25;72.0;74.25;1747
2017-08-23;73.0;74.25;71.75;74.25;379
2017-08-22;74.75;74.75;72.25;73.75;130678
2017-08-21;72.5;75.0;70.25;74.75;1848
2017-08-18;76.25;76.25;74.0;74.0;2878
2017-08-17;75.0;79.0;73.0;76.25;14075
2017-08-16;74.5;75.0;73.5;75.0;4489
2017-08-15;70.25;74.125;70.25;73.5;134804
2017-08-14;71.5;72.5;71.5;72.0;3286
2017-08-11;71.0;73.5;70.0;72.5;3631
2017-08-10;73.25;73.75;72.0;72.5;3754
2017-08-09;74.0;74.0;71.75;73.25;2498
2017-08-08;74.0;75.0;73.75;74.25;3051
2017-08-07;73.0;74.75;72.25;74.0;7377
2017-08-04;73.75;75.0;73.0;75.0;3327
2017-08-03;76.5;76.5;73.75;73.75;2050
2017-08-02;75.5;79.0;75.5;77.0;7082
2017-08-01;73.5;76.5;72.25;75.5;8298
2017-07-31;71.5;73.5;71.25;72.0;3265
2017-07-28;72.0;72.0;66.5;71.5;4827
2017-07-27;71.5;74.5;71.5;72.5;1055
2017-07-26;72.25;72.25;71.5;72.0;994
2017-07-25;70.75;72.75;70.75;72.5;16417
2017-07-24;62.0;72.0;62.0;71.0;7642
2017-07-21;72.25;74.75;69.75;72.5;6425
2017-07-20;75.0;75.0;72.0;72.5;4379
2017-07-19;75.75;77.5;73.25;74.0;5894
2017-07-18;77.0;78.25;75.25;75.75;6899
2017-07-17;75.0;78.25;74.0;76.5;6186
2017-07-14;74.0;74.75;72.5;73.25;3462
2017-07-13;74.0;76.0;72.0;74.0;10875
2017-07-12;73.5;76.25;73.5;74.0;4276
2017-07-11;78.0;78.0;73.0;73.0;3727
2017-07-10;77.0;79.0;77.0;77.25;1472
2017-07-07;76.5;79.75;76.5;76.5;1897
2017-07-06;76.0;79.5;76.0;77.0;5666
2017-07-05;76.25;78.5;75.25;75.75;6093
2017-07-04;79.0;79.0;75.5;76.25;4729
2017-07-03;80.0;81.75;78.5;79.75;2632
2017-06-30;81.5;81.75;79.75;80.25;4541
2017-06-29;79.75;82.0;79.75;81.5;5217
2017-06-28;81.5;83.0;78.5;79.75;12020
2017-06-27;81.0;82.0;80.5;81.5;6351
2017-06-26;80.75;81.0;77.75;81.0;8498
2017-06-23;;80.75;80.75;80.75;0
2017-06-22;80.5;82.0;79.75;80.75;1764
2017-06-21;83.0;83.0;80.5;80.5;2802
2017-06-20;81.0;82.0;80.5;81.5;6337
2017-06-19;83.0;85.5;80.0;82.0;9126
2017-06-16;81.0;83.0;80.25;81.5;18983
2017-06-15;82.5;83.0;80.0;81.0;3253
2017-06-14;80.0;82.0;79.0;81.5;9297
2017-06-13;79.0;80.0;77.75;80.0;4922
2017-06-12;79.75;82.75;79.75;80.25;5883
2017-06-09;82.0;82.0;79.75;79.75;5743
2017-06-08;82.0;82.0;78.25;82.0;29900
2017-06-07;80.5;82.0;74.75;82.0;28747
2017-06-06;;79.75;79.75;79.75;0
2017-06-05;79.75;81.5;79.0;79.75;1263
2017-06-02;80.5;82.5;79.0;79.75;12758
2017-06-01;82.5;82.5;79.5;80.5;14568
2017-05-31;83.0;84.0;81.75;82.5;6723
2017-05-30;82.0;84.0;79.75;82.5;12149
2017-05-29;78.25;82.0;78.0;82.0;18572
2017-05-26;79.5;79.5;78.0;78.25;4127
2017-05-24;79.0;80.0;79.0;79.5;1609
2017-05-23;77.25;79.5;75.0;79.5;12129
2017-05-22;76.0;76.75;74.25;76.5;3278
2017-05-19;77.75;78.0;74.0;74.0;9537
2017-05-18;79.75;79.75;76.25;78.0;4748
2017-05-17;79.0;81.0;78.0;79.75;6807
2017-05-16;77.25;79.5;76.75;79.0;14988
2017-05-15;76.5;77.25;76.0;77.25;8702
2017-05-12;76.75;76.5;76.5;76.5;12785
2017-05-11;77.0;77.0;76.0;76.75;15810
2017-05-10;77.0;77.0;76.25;77.0;3709
2017-05-09;77.0;77.25;76.0;77.0;14188
2017-05-08;77.0;77.75;76.0;77.0;12612
2017-05-05;78.5;78.5;73.75;76.25;7118283
2017-05-04;78.5;79.0;78.0;79.0;7289
2017-05-03;77.5;79.0;77.5;78.0;7092
2017-05-02;76.0;77.25;75.0;77.25;12392
2017-05-01;;76.0;76.0;76.0;0
2017-04-28;76.0;76.5;75.0;76.0;4501
2017-04-27;75.0;81.75;74.25;75.0;17742
2017-04-26;73.0;74.0;72.0;74.0;20474
2017-04-25;72.0;73.75;72.0;72.5;7101
2017-04-24;71.5;72.0;70.5;71.5;10392
2017-04-21;70.0;71.0;68.25;71.0;15379
2017-04-20;70.0;70.5;69.5;70.0;8481
2017-04-19;70.5;70.5;68.25;69.25;8454
2017-04-18;70.5;71.0;69.25;70.5;3720
2017-04-13;70.5;70.75;70.0;70.5;1412
2017-04-12;70.75;70.75;70.5;70.5;24145
2017-04-11;70.75;71.0;69.75;70.75;8434
2017-04-10;70.0;70.75;70.0;70.75;10152
2017-04-07;70.0;70.0;69.5;70.0;5315
2017-04-06;69.75;70.25;69.5;70.25;1176
2017-04-05;69.5;70.0;69.25;70.0;1413
2017-04-04;70.0;70.0;67.75;69.5;2788
2017-04-03;67.25;70.5;67.25;70.25;4156
2017-03-31;67.5;68.5;67.0;67.25;9011
2017-03-30;67.0;67.5;66.75;67.5;10862
2017-03-29;67.0;67.0;66.5;66.75;3084
2017-03-28;66.5;67.25;66.5;67.0;7505
2017-03-27;68.0;68.0;65.5;66.5;5563
2017-03-24;67.5;68.25;66.25;66.25;2554
2017-03-23;67.0;68.5;66.75;67.5;6373
2017-03-22;66.5;67.0;66.0;67.0;8313
2017-03-21;66.5;66.5;65.5;66.5;9253
2017-03-20;66.5;67.0;66.0;66.5;3718
2017-03-17;66.0;67.0;66.0;66.5;7055
2017-03-16;66.0;66.0;65.5;66.0;5356
2017-03-15;65.0;65.75;65.0;65.75;13806
2017-03-14;67.5;67.5;65.0;66.25;9660
2017-03-13;69.25;69.25;67.5;68.25;8444
2017-03-10;69.25;69.25;69.25;69.25;611
2017-03-09;70.5;70.5;68.75;69.25;13664
2017-03-08;69.5;70.0;68.5;69.75;3919
2017-03-07;70.5;70.5;69.5;69.5;4697
2017-03-06;70.5;72.5;68.75;70.5;7362
2017-03-03;71.25;70.25;70.25;70.25;4479
2017-03-02;70.0;71.75;68.0;71.25;4337
2017-03-01;69.75;70.0;67.75;70.0;9502
2017-02-28;74.25;74.5;69.5;69.5;7903
2017-02-27;74.25;74.75;72.75;72.75;33611
2017-02-24;73.25;75.25;73.25;74.25;301640
2017-02-23;71.25;73.5;71.25;73.25;29629
2017-02-22;70.0;70.5;69.0;70.5;16110
2017-02-21;70.5;70.5;69.75;70.0;8226
2017-02-20;70.0;72.0;69.75;70.5;19496
2017-02-17;68.25;70.0;67.5;69.75;40117
2017-02-16;64.5;65.0;64.0;65.0;9496
2017-02-15;64.0;64.5;63.0;64.5;7374
2017-02-14;63.0;64.0;62.5;64.0;9564
2017-02-13;61.75;62.5;61.25;62.5;13479
2017-02-10;60.0;61.5;58.25;61.25;3520
2017-02-09;60.5;60.5;59.75;60.0;1485
2017-02-08;61.25;61.5;59.5;60.0;51472
2017-02-07;62.0;62.0;59.25;60.75;104355
2017-02-06;61.0;63.25;61.0;62.5;6762
2017-02-03;63.0;63.0;59.0;61.0;2543
2017-02-02;63.0;63.0;60.25;62.0;3908
2017-02-01;62.0;62.5;60.5;62.0;55508
2017-01-31;62.0;62.0;61.5;62.0;3577
2017-01-30;62.5;62.5;61.5;62.0;7068
2017-01-27;62.0;62.5;61.5;62.25;2890
2017-01-26;61.0;61.75;60.0;61.5;2612
2017-01-25;61.0;61.0;58.75;60.5;2091
2017-01-24;60.0;61.0;60.0;61.0;1291
2017-01-23;60.5;60.5;59.75;60.0;1215
2017-01-20;61.75;61.75;58.5;60.5;4404
2017-01-19;62.0;62.75;60.0;61.75;4633
2017-01-18;62.75;64.0;60.75;62.0;4216
2017-01-17;62.5;63.75;61.0;62.75;1456
2017-01-16;64.0;66.0;64.0;64.0;2080
2017-01-13;65.75;66.0;59.75;64.5;4075
2017-01-12;63.5;64.0;62.75;64.0;8282
2017-01-11;61.5;64.0;61.5;62.5;16557
2017-01-10;60.0;61.5;59.5;61.25;13757
2017-01-09;58.0;60.0;58.0;60.0;7425
2017-01-06;;59.5;59.5;59.5;0
2017-01-05;59.5;62.0;58.5;59.5;2404
2017-01-04;57.75;59.5;57.75;59.5;8749
2017-01-03;57.75;58.0;57.0;57.75;5987
2017-01-02;57.0;58.0;57.0;58.0;8943
2016-12-30;55.75;57.0;55.75;56.5;2274
2016-12-29;57.0;58.0;55.75;56.75;2578
2016-12-28;57.0;57.0;56.5;57.0;1940
2016-12-27;55.0;58.0;55.0;57.75;2933
2016-12-23;54.5;55.5;54.5;55.5;4197
2016-12-22;54.5;55.0;54.5;55.0;1172
2016-12-21;54.5;54.75;54.0;54.5;2595
2016-12-20;55.25;55.25;54.75;54.75;3163
2016-12-19;55.5;55.5;54.0;55.25;5363
2016-12-16;55.5;55.5;55.25;55.25;163
2016-12-15;55.0;55.75;54.25;55.75;1534
2016-12-14;55.75;56.0;54.5;55.0;11246
2016-12-13;55.0;55.75;54.0;55.75;1404
2016-12-12;55.0;56.5;55.0;55.5;3553
2016-12-09;55.0;55.0;54.0;54.0;920
2016-12-08;55.0;55.0;54.5;55.0;3044
2016-12-07;55.5;55.5;55.0;55.0;308
2016-12-06;56.0;56.0;55.0;55.5;3566
2016-12-05;54.75;56.5;54.5;56.5;3615
2016-12-02;56.0;57.0;56.0;56.75;290
2016-12-01;57.25;57.25;57.25;57.25;50
2016-11-30;56.0;57.75;56.0;57.5;2023
2016-11-29;57.25;57.25;55.5;55.5;239
2016-11-28;57.5;58.0;57.25;57.25;34
2016-11-25;58.0;58.0;58.0;58.0;15
2016-11-24;58.0;58.0;55.75;57.75;662
2016-11-23;55.25;58.0;55.25;58.0;2021
2016-11-22;57.25;57.25;57.0;57.0;183
2016-11-21;57.25;58.0;57.25;57.75;731
2016-11-18;58.0;58.0;57.25;57.25;1165
2016-11-17;58.0;58.75;57.0;57.0;3960
2016-11-16;58.25;58.75;57.5;58.0;2690
2016-11-15;54.0;58.5;54.0;57.5;4103
2016-11-14;56.0;58.5;55.75;55.75;31042
2016-11-11;54.5;57.0;54.5;57.0;492
2016-11-10;56.0;56.75;56.0;56.0;289
2016-11-09;56.25;57.25;54.5;56.75;6316
2016-11-08;57.75;57.75;56.75;57.5;12125
2016-11-07;58.0;58.75;56.5;57.5;2226
2016-11-04;53.0;58.5;58.5;58.5;209
2016-11-03;56.0;57.5;54.75;57.25;1924
2016-11-02;58.5;58.5;57.0;57.0;5817
2016-11-01;58.0;58.75;57.75;58.5;12156
2016-10-31;59.0;59.0;56.0;57.5;8053
2016-10-28;59.75;60.0;59.0;59.0;1451
2016-10-27;59.5;60.0;59.5;59.5;78884
2016-10-26;60.5;60.5;57.5;59.5;89557
2016-10-25;60.5;61.5;60.5;61.5;1593
2016-10-24;62.5;62.5;60.5;62.0;2535
2016-10-21;61.0;61.0;60.5;61.0;2975
2016-10-20;60.75;62.25;60.75;62.0;771
2016-10-19;61.25;62.0;60.75;60.75;1413
2016-10-18;60.75;62.5;60.5;61.25;2218
2016-10-17;62.75;63.0;61.5;61.5;4063
2016-10-14;62.0;62.0;62.0;62.0;137
2016-10-13;61.25;62.25;60.25;62.0;2402
2016-10-12;62.0;62.0;61.25;61.5;217
2016-10-11;62.0;62.0;62.0;62.0;383
2016-10-10;62.0;62.0;62.0;62.0;806
2016-10-07;61.0;62.25;61.0;61.75;2283
2016-10-06;62.5;62.5;60.5;61.75;714
2016-10-05;;62.75;62.75;62.75;0
2016-10-04;63.0;63.0;62.75;62.75;402
2016-10-03;67.25;67.25;61.0;63.0;4932
2016-09-30;61.5;63.75;61.0;61.0;469
2016-09-29;60.75;61.0;60.75;61.0;965
2016-09-28;62.5;62.5;60.25;60.75;780
2016-09-27;62.5;62.5;62.5;62.5;234
2016-09-26;60.5;63.25;60.5;62.0;1712
2016-09-23;61.0;61.75;61.0;61.0;611
2016-09-22;60.5;61.0;60.5;61.0;2488
2016-09-21;60.5;61.0;60.5;60.75;570
2016-09-20;60.5;62.5;60.25;60.25;552
2016-09-19;60.0;61.0;60.0;61.0;1320
2016-09-16;61.5;61.5;60.0;60.0;623
2016-09-15;60.75;61.75;60.25;61.75;397
2016-09-14;58.5;59.75;58.5;59.75;935
2016-09-13;60.75;62.5;59.75;59.75;1865
2016-09-12;62.0;62.0;58.0;59.0;4981
2016-09-09;63.0;63.25;62.0;62.0;2753
2016-09-08;64.0;64.25;62.5;63.25;357907
2016-09-07;64.0;64.0;64.0;64.0;147
2016-09-06;64.0;64.25;64.0;64.25;2008
2016-09-05;64.0;64.0;60.5;64.0;4394
2016-09-02;62.5;64.5;62.5;64.0;5128
2016-09-01;63.75;63.75;62.0;62.0;1314
2016-08-31;64.25;64.25;64.0;64.0;13252
2016-08-30;63.0;64.0;63.0;63.75;14971
2016-08-29;62.25;62.5;62.0;62.5;8653
2016-08-26;59.5;61.5;58.5;61.5;240672
2016-08-25;61.0;61.25;57.5;61.0;3536
2016-08-24;61.0;63.0;61.0;61.0;15967
2016-08-23;62.0;62.0;59.0;61.5;5219
2016-08-22;59.0;60.5;59.0;60.5;12344
2016-08-19;59.0;60.0;59.0;60.0;3496
2016-08-18;61.25;61.25;59.0;60.25;3155
2016-08-17;58.75;61.0;58.75;60.5;887
2016-08-16;61.0;62.0;61.0;61.5;1593
2016-08-15;60.0;60.75;59.75;60.25;1800
2016-08-12;58.0;61.0;58.0;60.0;4788
2016-08-11;57.75;60.0;57.75;57.75;703
2016-08-10;61.0;61.0;58.25;60.0;3410
2016-08-09;61.0;61.5;60.25;61.5;2741
2016-08-08;59.0;61.25;59.0;61.0;9443
2016-08-05;61.0;61.0;60.0;60.0;2473
2016-08-04;58.0;61.0;58.0;60.5;15221
2016-08-03;58.25;60.75;58.25;59.0;1939
2016-08-02;58.0;59.0;57.75;58.0;3149
2016-08-01;61.0;61.0;58.25;60.5;4823
2016-07-29;59.75;61.0;59.75;61.0;10120
2016-07-28;58.0;60.0;58.0;59.25;7727
2016-07-27;56.75;58.0;56.5;58.0;17208
2016-07-26;57.75;57.75;55.0;57.0;11127
2016-07-25;57.0;57.75;56.5;57.75;6159
2016-07-22;54.0;58.25;53.25;56.5;43826
2016-07-21;53.25;53.5;52.5;53.25;8493
2016-07-20;51.0;53.25;51.0;52.75;847
2016-07-19;50.75;51.0;50.75;51.0;1432
2016-07-18;50.75;53.5;50.75;52.0;8230
2016-07-15;50.25;51.0;49.6;49.7;1700
2016-07-14;50.0;54.5;49.8;50.75;1501
2016-07-13;50.75;51.0;50.75;51.0;381
2016-07-12;51.25;51.25;51.0;51.0;799
2016-07-11;50.75;52.0;50.25;51.0;1410
2016-07-08;52.0;53.75;51.75;53.0;2790
2016-07-07;52.0;52.25;51.75;51.75;925
2016-07-06;50.25;51.75;50.25;51.75;149
2016-07-05;;51.75;51.75;51.75;0
2016-07-04;52.0;52.0;51.75;51.75;129
2016-07-01;52.0;52.75;52.0;52.25;882
2016-06-30;51.0;52.0;51.0;51.25;4239
2016-06-29;51.75;51.75;50.5;51.5;40904
2016-06-28;51.75;51.75;50.5;50.5;1173
2016-06-27;49.0;51.5;48.0;50.25;8674
2016-06-24;;53.0;53.0;53.0;0
2016-06-23;53.25;53.25;53.0;53.0;132
2016-06-22;51.5;53.0;50.5;50.5;5295
2016-06-21;51.5;51.75;51.0;51.5;40393
2016-06-20;51.0;52.0;50.5;52.0;20296
2016-06-17;51.5;51.5;50.0;51.0;2551
2016-06-16;51.0;51.5;51.0;51.5;1360
2016-06-15;52.0;52.0;50.0;50.75;4024
2016-06-14;51.0;52.75;50.5;50.5;153885
2016-06-13;52.0;52.0;51.25;52.0;44021
2016-06-10;52.5;53.0;52.5;52.5;2232
2016-06-09;52.5;53.5;52.5;52.5;911
2016-06-08;52.5;53.5;52.5;53.5;1020
2016-06-07;52.5;53.5;52.5;53.0;3027
2016-06-06;;53.75;53.75;53.75;0
2016-06-03;53.0;54.0;53.0;53.75;1997
2016-06-02;53.0;54.0;52.5;53.0;312
2016-06-01;52.5;54.0;52.5;53.75;2279
2016-05-31;52.5;52.75;52.5;52.5;122374
2016-05-30;52.5;52.5;50.5;52.5;106797
2016-05-27;52.0;52.5;50.5;52.5;5774
2016-05-26;52.0;52.5;52.0;52.5;2074
2016-05-25;51.25;52.75;51.0;52.5;9558
2016-05-24;52.5;52.5;52.0;52.0;1622
2016-05-23;50.0;52.5;50.0;52.0;2161
2016-05-20;50.0;50.5;50.0;50.5;2075
2016-05-19;50.5;50.5;50.0;50.5;1402
2016-05-18;51.0;51.0;50.0;50.25;3917
2016-05-17;50.0;51.0;50.0;51.0;1981
2016-05-16;51.0;51.75;48.9;48.9;4557
2016-05-13;50.75;51.0;50.5;50.5;2630
2016-05-12;49.1;51.0;49.1;50.5;1091
2016-05-11;50.25;51.75;48.8;50.25;4514
2016-05-10;51.0;51.0;50.5;50.75;5728
2016-05-09;50.0;51.0;49.9;51.0;2047
2016-05-06;50.0;51.75;49.5;49.9;11170
2016-05-05;53.5;53.5;50.25;50.5;1475
2016-05-04;53.5;53.5;50.25;50.5;1475
2016-05-03;52.0;52.0;49.3;51.25;7086
2016-05-02;53.0;53.5;52.0;52.75;3874
2016-04-29;53.0;53.25;52.5;52.5;5569
2016-04-28;55.0;55.0;53.0;53.0;1142
2016-04-27;56.0;56.5;53.0;54.75;9723
2016-04-26;54.0;54.5;53.5;54.5;3648
2016-04-25;54.0;54.25;54.0;54.25;1896
2016-04-22;55.0;55.0;53.25;54.5;1995
2016-04-21;55.75;55.75;54.0;55.0;6812
2016-04-20;54.0;55.25;53.25;55.25;17464
2016-04-19;54.25;55.5;54.25;55.0;4020
2016-04-18;53.5;55.0;53.5;54.25;1719
2016-04-15;53.5;54.25;53.0;53.5;6875
2016-04-14;53.75;54.0;53.5;53.5;4593
2016-04-13;54.0;54.0;52.5;53.75;8308
2016-04-12;52.5;54.0;52.5;53.75;3614
2016-04-11;53.75;53.75;50.25;53.0;5673
2016-04-08;53.75;53.75;53.75;53.75;3000
2016-04-07;53.75;54.5;53.75;53.75;1807
2016-04-06;54.75;54.75;54.0;54.0;1000
2016-04-05;53.5;55.0;53.5;55.0;1225
2016-04-04;55.0;55.0;54.0;54.0;1023
2016-04-01;55.0;55.25;54.0;55.0;3820
2016-03-31;54.5;55.0;54.5;54.5;577
2016-03-30;55.0;55.0;54.25;54.25;2195
2016-03-29;55.0;55.0;53.75;54.0;653
2016-03-28;55.0;55.0;55.0;55.0;90
2016-03-25;55.0;55.0;55.0;55.0;90
2016-03-24;55.0;55.0;55.0;55.0;90
2016-03-23;54.0;54.75;54.0;54.75;1122
2016-03-22;55.0;55.0;54.0;54.0;1064
2016-03-21;54.25;55.25;54.25;55.0;9453
2016-03-18;54.5;55.0;54.5;54.5;2638
2016-03-17;54.75;54.75;54.5;54.75;944
2016-03-16;55.0;55.0;54.0;54.75;6814
2016-03-15;53.25;55.0;53.25;55.0;2439
2016-03-14;54.0;55.0;54.0;54.5;4204
2016-03-11;55.0;55.0;53.5;55.0;1721
2016-03-10;54.75;55.0;53.75;54.5;14587
2016-03-09;54.0;54.5;53.25;54.5;11892
2016-03-08;54.75;55.0;52.75;55.0;4094
2016-03-07;54.75;55.0;54.0;55.0;1727
2016-03-04;55.25;55.25;54.25;55.0;5072
2016-03-03;55.5;55.5;54.75;55.0;9991
2016-03-02;55.25;55.5;54.5;55.5;4436
2016-03-01;54.5;55.5;54.5;55.5;1340
2016-02-29;55.5;55.5;55.5;55.5;836
2016-02-26;56.0;56.0;54.5;55.0;1574
2016-02-25;57.75;57.75;55.0;55.5;13438
2016-02-24;55.25;58.0;55.25;56.0;4390
2016-02-23;54.5;56.75;54.5;55.75;1985
2016-02-22;55.25;55.5;54.75;54.75;2476
2016-02-19;55.75;56.0;54.5;55.0;1872
2016-02-18;56.0;56.0;55.75;56.0;2301
2016-02-17;56.0;56.0;54.75;56.0;6450
2016-02-16;54.25;55.0;53.5;53.5;3530
2016-02-15;55.0;55.0;54.5;54.5;2157
2016-02-12;56.0;56.0;54.5;54.75;2072
2016-02-11;57.0;57.0;55.25;56.0;232
2016-02-10;58.0;58.5;55.25;57.25;2821
2016-02-09;56.25;58.5;54.5;57.75;6776
2016-02-08;60.0;60.0;57.5;57.5;1171
2016-02-05;62.5;62.5;56.75;57.0;5989
2016-02-04;62.25;62.25;55.0;62.0;3514
2016-02-03;57.5;59.0;57.5;59.0;1250
2016-02-02;58.0;60.0;56.0;56.0;1455
2016-02-01;56.25;59.0;55.75;56.0;2413
2016-01-29;54.5;57.25;54.5;56.25;729
2016-01-28;53.75;53.75;53.25;53.75;2346
2016-01-27;53.75;54.0;53.0;53.75;471
2016-01-26;53.75;54.75;53.75;54.0;2552
2016-01-25;53.75;55.0;53.75;53.75;877
2016-01-22;54.5;55.5;54.5;54.5;627
2016-01-21;54.0;54.5;52.0;53.5;12340
2016-01-20;54.0;55.5;54.0;54.0;3951
2016-01-19;55.5;56.5;55.0;56.25;4579
2016-01-18;59.75;59.75;54.75;54.75;2914
2016-01-15;58.0;58.5;55.25;55.5;3567
2016-01-14;58.75;58.75;56.0;57.75;2247
2016-01-13;61.5;62.5;59.0;59.5;9154
2016-01-12;62.25;62.25;61.0;61.5;7409
2016-01-11;60.0;63.0;60.0;61.5;2060
2016-01-08;60.0;62.75;59.75;60.25;9936
2016-01-07;60.5;60.5;60.0;60.0;1117
2016-01-06;;60.0;60.0;60.0;0
2016-01-05;60.0;61.5;60.0;60.0;3348
2016-01-04;61.25;61.75;60.0;60.75;4281
2016-01-01;;61.25;61.25;61.25;0
2015-12-31;;61.25;61.25;61.25;0
2015-12-30;62.5;62.5;60.5;61.25;1776
2015-12-29;65.0;65.0;60.75;62.5;6310
2015-12-28;60.25;65.0;60.25;64.0;17875
2015-12-25;59.5;61.25;59.25;61.0;35069
2015-12-24;59.5;61.25;59.25;61.0;35069
2015-12-23;59.5;61.25;59.25;61.0;35069
2015-12-22;59.75;59.75;58.25;59.25;2060
2015-12-21;57.0;58.0;57.0;58.0;8025
2015-12-18;58.5;58.5;57.5;57.5;2880
2015-12-17;59.75;59.75;55.75;58.0;6991
2015-12-16;55.25;57.25;55.25;57.0;554
2015-12-15;55.25;59.25;55.25;57.25;122285
2015-12-14;56.0;57.75;55.25;55.25;2956
2015-12-11;61.0;61.0;56.0;56.0;1619
2015-12-10;58.75;60.0;58.75;59.75;1062
2015-12-09;59.0;61.25;58.0;61.25;6344
2015-12-08;61.25;61.25;58.5;59.0;885
2015-12-07;58.0;62.0;58.0;61.0;4736
2015-12-04;59.25;59.25;58.5;59.25;110
2015-12-03;62.0;62.0;59.75;60.0;12324
2015-12-02;60.0;61.75;60.0;61.75;3773
2015-12-01;58.25;61.75;58.25;59.75;5430
2015-11-30;57.25;59.0;57.25;58.0;5337
2015-11-27;57.25;58.0;57.25;57.75;395
2015-11-26;58.0;58.0;57.25;58.0;1271
2015-11-25;57.0;57.75;57.0;57.75;644
2015-11-24;59.0;60.0;57.0;58.0;1212
2015-11-23;60.5;60.5;60.0;60.0;3203
2015-11-20;60.0;61.5;59.0;60.5;4948
2015-11-19;58.75;65.0;58.75;59.75;5901
2015-11-18;56.75;58.5;56.75;58.0;9731
2015-11-17;60.0;60.0;57.0;57.0;3133
2015-11-16;60.0;60.0;56.75;59.0;3652
2015-11-13;61.0;61.0;57.0;60.0;1450
2015-11-12;57.0;60.0;57.0;60.0;3280
2015-11-11;56.75;58.0;56.75;56.75;5890
2015-11-10;57.0;59.0;56.75;56.75;7726
2015-11-09;58.75;58.75;56.5;57.5;20864
2015-11-06;59.0;59.0;58.5;58.75;1595
2015-11-05;57.5;59.0;57.0;57.5;4090
2015-11-04;58.75;59.0;58.0;58.0;843
2015-11-03;56.0;58.25;56.0;57.25;3903
2015-11-02;;58.25;58.25;58.25;0
2015-10-30;57.0;58.25;57.0;58.25;67
2015-10-29;60.0;60.0;56.0;59.0;3291
2015-10-28;55.25;64.25;55.25;61.0;9364
2015-10-27;57.25;59.0;57.25;58.75;2051
2015-10-26;56.5;58.0;56.5;57.25;6173
2015-10-23;55.75;56.5;54.75;56.5;24383
2015-10-22;53.0;54.75;51.75;53.75;8333
2015-10-21;52.75;53.0;52.25;53.0;9281
2015-10-20;52.75;53.0;52.5;52.5;2734
2015-10-19;52.0;53.25;52.0;52.0;3304
2015-10-16;52.25;53.0;52.25;52.5;2836
2015-10-15;52.0;56.0;52.0;53.25;20197
2015-10-14;50.75;52.5;50.75;52.5;9578
2015-10-13;52.75;52.75;52.0;52.25;3271
2015-10-12;52.25;52.25;52.0;52.0;1550
2015-10-09;51.0;52.0;51.0;52.0;11373
2015-10-08;50.75;51.0;50.75;51.0;1258
2015-10-07;50.75;51.5;50.75;51.0;5746
2015-10-06;51.5;51.5;50.75;51.25;5823
2015-10-05;53.0;53.0;51.5;51.5;496
2015-10-02;51.75;52.0;51.75;52.0;1401
2015-10-01;51.0;53.5;51.0;53.5;1294
2015-09-30;52.75;52.75;50.75;50.75;7100
2015-09-29;50.75;51.0;50.75;51.0;1832
2015-09-28;51.0;51.0;50.5;50.75;4611
2015-09-25;52.0;53.0;51.5;52.0;3841
2015-09-24;52.0;52.5;51.0;51.0;13655
2015-09-23;51.25;51.25;51.25;51.25;10
2015-09-22;52.75;52.75;51.5;52.0;4353
2015-09-21;54.5;54.5;50.75;52.75;2272
2015-09-18;52.0;52.0;51.5;51.5;2321
2015-09-17;51.5;52.75;51.5;52.5;16727
2015-09-16;53.25;53.25;51.25;52.75;1251
2015-09-15;54.0;54.0;52.25;52.25;3170
2015-09-14;55.0;55.0;54.0;54.25;670
2015-09-11;52.0;55.0;51.75;55.0;14107
2015-09-10;51.0;52.0;50.25;51.75;10341
2015-09-09;51.0;51.25;50.5;51.0;16736
2015-09-08;50.0;52.0;50.0;51.0;1002
2015-09-07;50.0;51.0;50.0;50.75;1210
2015-09-04;50.75;50.75;50.75;50.75;100
2015-09-03;50.75;50.75;50.0;50.75;1795
2015-09-02;50.5;51.0;50.5;50.75;2684
2015-09-01;50.25;51.0;49.0;49.0;15343
2015-08-31;50.25;52.25;48.1;50.25;629
2015-08-28;49.5;52.5;49.5;52.0;21901
2015-08-27;51.0;54.0;51.0;51.0;4014
2015-08-26;50.0;50.75;50.0;50.5;1751
2015-08-25;48.0;55.5;48.0;50.25;12968
2015-08-24;51.0;51.0;47.5;48.0;8935
2015-08-21;51.5;54.75;50.0;51.25;3954
2015-08-20;52.0;53.25;52.0;52.0;577
2015-08-19;52.0;53.0;52.0;52.0;343
2015-08-18;52.0;52.5;52.0;52.0;1419
2015-08-17;53.25;54.75;52.0;52.0;4753
2015-08-14;53.25;53.25;53.25;53.25;50
2015-08-13;55.0;55.0;55.0;55.0;275
2015-08-12;55.0;55.5;52.5;55.5;3380
2015-08-11;54.0;55.0;53.0;55.0;1635
2015-08-10;55.0;55.0;54.0;54.0;146
2015-08-07;55.5;55.5;53.5;53.5;1792
2015-08-06;54.0;55.25;53.5;55.0;12267
2015-08-05;54.0;54.0;53.0;54.0;1968
2015-08-04;53.0;55.0;53.0;54.0;2330
2015-08-03;54.75;55.25;54.0;55.0;1415
2015-07-31;53.5;54.5;53.5;54.0;1984
2015-07-30;53.25;54.0;53.25;53.75;6597
2015-07-29;54.0;54.5;52.0;52.0;4398
2015-07-28;52.25;52.25;52.0;52.0;433
2015-07-27;52.25;53.75;52.0;52.0;1567
2015-07-24;52.5;52.5;52.0;52.0;1111
2015-07-23;52.25;53.75;52.25;52.5;473
2015-07-22;54.0;54.0;52.0;52.25;4794
2015-07-21;55.5;58.0;53.25;53.25;23863
2015-07-20;56.0;58.0;55.5;56.0;8633
2015-07-17;54.0;55.75;53.25;55.5;5905
2015-07-16;54.0;54.0;53.25;54.0;1481
2015-07-15;53.25;54.5;53.25;54.0;6685
2015-07-14;53.5;54.25;53.25;53.25;3190
2015-07-13;53.5;53.5;52.0;53.5;3964
2015-07-10;53.5;54.5;53.0;54.0;8113
2015-07-09;52.0;53.0;51.0;53.0;2390
2015-07-08;53.0;53.0;50.5;52.5;7398
2015-07-07;49.5;53.5;49.4;53.0;28866
2015-07-06;50.75;51.5;50.75;50.75;2147
2015-07-03;52.75;53.5;50.75;50.75;3402
2015-07-02;52.0;53.5;49.6;49.6;4591
2015-07-01;49.8;52.5;48.8;52.0;4372
2015-06-30;47.1;48.6;47.1;48.6;1963
2015-06-29;48.0;48.7;47.7;48.7;5220
2015-06-26;50.0;50.5;50.0;50.5;1344
2015-06-25;50.5;51.0;48.6;51.0;9224
2015-06-24;51.0;51.0;49.5;51.0;5772
2015-06-23;51.0;51.0;47.6;50.5;2588
2015-06-22;50.0;50.0;47.9;50.0;4493
2015-06-19;;50.0;50.0;50.0;0
2015-06-18;49.9;50.0;49.5;50.0;17218
2015-06-17;49.1;50.25;49.1;50.25;5456
2015-06-16;49.5;49.8;49.0;49.2;19824
2015-06-15;49.7;49.9;49.7;49.9;5603
2015-06-12;50.0;50.0;50.0;50.0;6260
2015-06-11;50.0;50.25;50.0;50.25;909
2015-06-10;48.8;50.25;48.8;50.25;1972
2015-06-09;49.5;49.5;49.0;49.0;6210
2015-06-08;49.0;50.0;49.0;49.0;1469
2015-06-05;51.0;51.0;50.0;50.0;8553
2015-06-04;50.5;50.5;50.25;50.25;360
2015-06-03;51.75;51.75;50.25;50.25;6401
2015-06-02;50.0;50.25;50.0;50.25;3845
2015-06-01;50.0;50.5;48.9;50.5;8483
2015-05-29;51.0;51.0;50.0;50.0;78420
2015-05-28;51.0;51.25;50.0;50.5;5888
2015-05-27;50.25;50.25;50.25;50.25;2018
2015-05-26;50.5;51.25;50.25;50.25;4535
2015-05-25;51.5;51.5;50.5;51.0;2333
2015-05-22;49.7;52.5;49.5;51.5;24028
2015-05-21;48.6;50.25;48.6;50.0;12484
2015-05-20;49.3;50.0;48.3;50.0;8004
2015-05-19;49.0;50.0;47.9;49.2;15922
2015-05-18;49.6;49.6;48.3;49.0;11737
2015-05-15;49.6;49.8;48.5;49.8;7316
2015-05-14;51.0;51.0;49.6;49.6;1734
2015-05-13;51.0;51.0;49.6;49.6;1734
2015-05-12;49.0;51.25;48.2;51.25;3559
2015-05-11;51.0;52.25;49.2;50.0;4454
2015-05-08;50.0;54.0;49.5;52.0;12449
2015-05-07;51.0;51.0;47.0;49.8;9744
2015-05-06;51.75;51.75;50.5;51.5;5442
2015-05-05;51.0;52.0;50.5;52.0;18579
2015-05-04;53.75;53.75;50.5;52.0;8303
2015-05-01;52.0;53.75;50.0;53.75;8133
2015-04-30;52.0;53.75;50.0;53.75;8133
2015-04-29;54.25;54.25;53.0;53.0;21036
2015-04-28;55.0;55.5;52.0;53.5;30889
2015-04-27;56.0;56.5;54.5;55.5;15869
2015-04-24;54.5;56.5;53.75;56.0;21772
2015-04-23;53.5;54.25;53.5;54.25;304184
2015-04-22;53.5;54.5;52.75;52.75;2285
2015-04-21;53.0;53.5;52.5;53.0;2916
2015-04-20;53.0;54.0;52.5;52.5;202088
2015-04-17;55.25;55.25;54.0;54.5;16628
2015-04-16;54.25;55.0;53.25;54.0;17589
2015-04-15;53.0;54.25;53.0;54.0;25687
2015-04-14;52.5;52.5;52.0;52.5;5491
2015-04-13;53.0;53.0;52.5;52.5;1289
2015-04-10;52.25;53.0;52.0;52.5;6022
2015-04-09;53.75;53.75;52.25;53.0;3428
2015-04-08;52.0;53.75;52.0;53.75;5471
2015-04-07;51.0;52.25;50.5;52.25;3712
2015-04-02;50.5;51.75;50.5;50.5;2653
2015-04-01;50.25;51.5;50.25;51.5;1149
2015-03-31;51.5;51.5;51.0;51.0;849
2015-03-30;50.0;51.75;50.0;51.75;8466
2015-03-27;52.0;52.0;51.0;51.0;3054
2015-03-26;50.5;51.0;50.25;51.0;2151
2015-03-25;51.0;52.75;51.0;52.0;7852
2015-03-24;50.25;51.0;50.0;51.0;2733
2015-03-23;50.5;50.5;49.8;50.0;6267
2015-03-20;50.0;50.75;49.6;50.75;3415
2015-03-19;49.3;52.25;49.3;50.5;18185
2015-03-18;48.6;51.25;48.6;50.75;6825
2015-03-17;50.25;50.25;49.9;49.9;4835
2015-03-16;49.4;51.5;49.3;50.0;8289
2015-03-13;49.5;50.0;49.2;50.0;13328
2015-03-12;50.0;50.0;49.0;49.5;9369
2015-03-11;50.0;50.0;49.9;50.0;4782
2015-03-10;50.0;52.25;49.2;50.0;12799
2015-03-09;51.0;51.0;49.6;49.8;8804
2015-03-06;51.25;51.5;50.0;50.5;19338
2015-03-05;49.0;52.0;49.0;51.75;18311
2015-03-04;50.0;50.25;48.7;49.7;19755
2015-03-03;50.25;51.5;50.0;50.25;18939
2015-03-02;50.75;51.25;50.5;50.5;10699
2015-02-27;50.5;51.5;50.25;51.0;9928
2015-02-26;51.25;51.5;50.5;51.25;10012
2015-02-25;52.0;52.0;51.0;51.5;8354
2015-02-24;54.0;54.0;51.5;52.0;8930
2015-02-23;52.25;54.0;50.0;53.75;18365
2015-02-20;52.5;54.0;51.75;52.5;24910
2015-02-19;54.5;54.5;52.0;53.0;8976
2015-02-18;52.0;54.0;52.0;54.0;24761
2015-02-17;53.5;53.5;52.0;52.0;17471
2015-02-16;52.75;54.0;52.75;53.5;27751
2015-02-13;52.0;53.5;52.0;52.75;37759
2015-02-12;50.5;52.5;50.5;51.5;68913
2015-02-11;49.0;49.3;48.5;49.0;13482
2015-02-10;50.0;50.0;48.7;49.7;7857
2015-02-09;49.6;50.0;48.4;50.0;25578
2015-02-06;48.4;49.7;48.4;49.7;21827
2015-02-05;47.9;48.8;47.8;48.8;44689
2015-02-04;46.7;46.7;46.4;46.7;2500
2015-02-03;46.7;47.0;46.7;46.8;971
2015-02-02;46.9;47.5;46.9;46.9;8480
2015-01-30;46.2;47.0;46.2;46.9;7229
2015-01-29;45.4;46.0;45.4;46.0;4160
2015-01-28;45.1;45.6;45.1;45.5;4707
2015-01-27;45.3;46.0;45.1;45.1;6021
2015-01-26;45.9;45.9;45.6;45.8;2921
2015-01-23;45.8;46.3;45.3;45.9;7515
2015-01-22;45.7;45.7;45.3;45.5;11941
2015-01-21;46.5;46.5;45.2;46.2;9072
2015-01-20;46.6;46.6;45.4;46.5;11929
2015-01-19;47.5;47.5;46.6;46.7;8788
2015-01-16;46.6;47.5;46.6;47.0;623797
2015-01-15;48.3;48.3;47.4;47.6;1702
2015-01-14;47.0;48.9;47.0;47.2;2890
2015-01-13;47.0;47.6;47.0;47.0;11437
2015-01-12;47.3;47.5;47.0;47.0;5412
2015-01-09;47.0;47.0;46.5;46.5;4567
2015-01-08;47.7;47.7;47.0;47.1;3246
2015-01-07;48.1;48.1;47.5;47.7;4447
2015-01-06;;47.9;47.9;47.9;0
2015-01-05;48.3;48.3;47.9;47.9;4724
2015-01-02;47.8;47.8;46.8;47.5;9431
2015-01-01;45.0;47.7;45.0;46.1;14766
2014-12-30;45.0;47.7;45.0;46.1;14766
2014-12-29;46.0;47.1;46.0;46.0;5311
2014-12-23;46.0;46.0;45.7;45.9;9852
2014-12-22;46.0;46.0;45.8;46.0;5334
2014-12-19;45.1;46.0;45.1;45.7;3556
2014-12-18;45.4;46.2;45.4;45.9;4075
2014-12-17;46.9;46.9;45.0;45.4;14903
2014-12-16;45.5;46.7;45.5;45.5;39002
2014-12-15;47.2;47.4;45.5;45.5;13453
2014-12-12;46.0;46.9;46.0;46.9;9439
2014-12-11;45.8;46.0;45.8;46.0;5071
2014-12-10;46.0;46.0;45.4;45.5;5758
2014-12-09;46.0;46.5;44.1;45.5;39329
2014-12-08;46.5;46.9;45.0;45.8;14725
2014-12-05;47.1;47.5;45.8;46.1;11566
2014-12-04;46.0;47.4;46.0;47.2;12417
2014-12-03;47.0;47.0;46.0;46.7;15953
2014-12-02;48.0;48.0;46.6;46.8;17121
2014-12-01;47.4;48.0;47.4;47.8;26056
2014-11-28;47.0;47.5;46.9;47.0;31600
2014-11-27;46.0;46.8;45.9;46.6;20492
2014-11-26;45.5;46.0;45.3;46.0;11184
2014-11-25;45.6;45.6;45.1;45.5;5680
2014-11-24;45.3;45.6;45.2;45.5;5871
2014-11-21;45.1;45.7;45.0;45.3;4174
2014-11-20;46.0;46.2;45.0;45.8;6396
2014-11-19;46.4;46.4;45.0;46.0;5239
2014-11-18;45.7;46.5;45.3;46.4;16270
2014-11-17;45.8;45.8;45.6;45.6;11602
2014-11-14;45.9;46.0;45.3;45.6;8014
2014-11-13;45.9;45.9;44.9;44.9;3818
2014-11-12;45.9;46.2;45.2;45.5;17210
2014-11-11;46.0;46.6;45.4;45.8;33533
2014-11-10;43.8;44.7;43.5;44.7;30822
2014-11-07;43.5;43.8;43.5;43.5;12198
2014-11-06;43.4;43.6;42.7;43.6;12666
2014-11-05;43.6;43.6;42.6;43.1;10548
2014-11-04;43.5;43.5;43.0;43.0;2709
2014-11-03;43.4;43.5;43.0;43.5;10398
2014-10-31;43.5;43.5;42.5;43.0;8302
2014-10-30;42.5;43.0;42.5;42.7;5923
2014-10-29;43.0;43.5;43.0;43.0;12588
2014-10-28;43.3;43.4;43.0;43.4;4550
2014-10-24;42.5;44.0;42.5;43.7;38157
2014-10-23;41.6;41.6;40.5;41.6;2054
2014-10-22;42.0;42.0;42.0;42.0;1300
2014-10-21;39.5;41.0;38.1;41.0;3878
2014-10-20;38.5;39.5;38.5;39.5;4195
2014-10-17;38.4;38.4;38.4;38.4;137
2014-10-16;37.5;39.2;35.1;37.5;22895
2014-10-15;39.0;39.0;37.0;37.0;1567
2014-10-14;39.2;39.2;39.2;39.2;1100
2014-10-13;37.3;39.9;37.3;39.2;9200
2014-10-10;40.2;40.3;38.1;39.2;104165
2014-10-09;41.2;41.7;40.5;40.5;5124
2014-10-08;40.4;41.2;40.2;41.2;1949
2014-10-07;41.7;41.7;40.5;41.0;4979
2014-10-06;40.3;41.8;40.3;41.7;2875
2014-10-03;40.8;41.9;40.4;41.0;5132
2014-10-02;42.0;42.0;41.6;41.7;966
2014-10-01;41.9;41.9;41.9;41.9;48523
2014-09-30;41.8;41.8;41.0;41.5;1980
2014-09-29;41.3;42.0;41.3;41.4;2414
2014-09-26;41.5;42.4;41.5;42.2;2392
2014-09-25;42.9;42.9;41.6;41.6;354
2014-09-24;41.0;42.9;41.0;42.9;468
2014-09-23;42.0;42.4;41.0;41.0;3956
2014-09-22;43.5;43.5;40.9;41.6;1211
2014-09-19;42.0;43.5;41.6;43.5;206300
2014-09-18;41.7;41.7;41.6;41.6;392
2014-09-17;41.4;41.6;41.4;41.4;1577
2014-09-16;40.5;42.5;40.5;41.6;2193
2014-09-15;41.1;41.4;41.1;41.4;2227
2014-09-12;41.1;42.1;41.1;42.0;5059
2014-09-11;42.9;43.3;42.9;43.3;238583
2014-09-10;41.5;42.5;41.5;42.5;5291
2014-09-09;42.1;42.1;42.1;42.1;501
2014-09-08;42.9;42.9;42.7;42.7;475
2014-09-05;42.9;42.9;42.0;42.8;3415
2014-09-04;41.5;42.1;41.4;42.1;2008
2014-09-03;42.5;43.5;42.5;43.0;10575
2014-09-02;42.5;42.6;42.5;42.5;1610
2014-09-01;44.0;44.4;42.5;42.5;5519
2014-08-29;44.5;44.9;42.6;43.3;9296
2014-08-28;43.3;43.3;42.5;42.5;17594
2014-08-27;43.0;43.1;42.5;43.1;13597
2014-08-26;42.5;43.2;42.5;43.2;152
2014-08-25;43.0;43.3;42.2;43.3;5494
2014-08-22;;43.9;43.9;43.9;0
2014-08-21;43.9;43.9;43.7;43.9;2249
2014-08-20;43.4;44.4;43.4;43.5;11174
2014-08-19;42.0;42.6;42.0;42.6;4394
2014-08-18;41.5;41.8;41.4;41.8;1220
2014-08-15;41.4;43.6;41.4;42.0;10474
2014-08-14;42.0;42.0;41.5;41.5;542152
2014-08-13;41.5;41.9;41.5;41.9;434
2014-08-12;41.5;42.0;41.5;41.5;3042
2014-08-11;40.4;41.2;40.4;41.2;3013
2014-08-08;42.0;42.0;40.0;40.1;4565
2014-08-07;40.7;41.8;40.5;40.5;437
2014-08-06;40.2;40.5;40.0;40.0;4713
2014-08-05;41.0;41.0;41.0;41.0;65
2014-08-04;42.0;42.2;41.0;41.0;3763
2014-08-01;42.5;42.5;41.1;41.3;11075
2014-07-31;42.1;42.1;42.0;42.0;2111
2014-07-30;43.0;43.0;42.0;42.0;3197
2014-07-29;43.0;43.4;42.1;42.9;2122
2014-07-28;43.3;43.4;42.4;43.0;6957
2014-07-25;42.9;43.4;42.9;43.3;4930
2014-07-24;42.2;42.9;42.2;42.9;1442
2014-07-23;42.3;42.3;42.3;42.3;1000
2014-07-22;43.3;43.3;42.2;42.3;1689
2014-07-21;42.6;42.6;41.7;42.6;2671
2014-07-18;41.9;43.4;41.6;42.7;9659
2014-07-17;41.6;42.1;41.0;42.0;1645
2014-07-16;42.4;42.8;41.1;41.6;10778
2014-07-15;41.7;42.2;41.7;42.2;4094
2014-07-14;42.2;43.0;41.5;43.0;12093
2014-07-11;42.0;42.0;40.6;40.6;1857
2014-07-10;43.7;43.7;41.7;41.7;2097
2014-07-09;42.2;43.0;42.2;43.0;774
2014-07-08;42.0;43.0;42.0;42.0;12406
2014-07-07;42.0;42.0;42.0;42.0;400
2014-07-04;42.0;42.7;41.6;42.4;2348
2014-07-03;41.4;42.6;41.4;42.6;3827
2014-07-02;42.2;42.9;41.0;41.5;5628
2014-07-01;42.1;42.9;42.0;42.0;2430
2014-06-30;43.0;43.0;42.1;42.1;458
2014-06-27;42.0;42.7;42.0;42.2;5389
2014-06-26;42.0;43.0;42.0;42.6;1563
2014-06-25;42.9;42.9;42.9;42.9;200
2014-06-24;43.1;43.1;42.6;42.6;4183
2014-06-23;42.9;43.6;42.9;43.1;1977
2014-06-20;;43.7;43.7;43.7;0
2014-06-19;42.7;43.7;42.7;43.7;1614
2014-06-18;42.6;43.2;42.6;43.2;1558
2014-06-17;42.8;42.8;42.6;42.6;61
2014-06-16;43.2;43.6;42.6;43.0;2814
2014-06-13;43.0;43.7;43.0;43.2;5091
2014-06-12;43.5;43.5;42.5;43.5;2600
2014-06-11;44.8;44.8;44.0;44.4;4822
2014-06-10;;45.6;45.6;45.6;0
2014-06-09;45.8;45.8;44.6;45.6;1529
2014-06-06;;44.6;44.6;44.6;0
2014-06-05;45.9;45.9;44.6;44.6;354
2014-06-04;46.2;46.2;44.0;45.9;1166
2014-06-03;45.5;46.0;43.6;45.9;7017
2014-06-02;46.4;46.4;45.2;45.5;5500
2014-05-30;44.5;46.5;44.4;46.4;5128
2014-05-28;46.0;46.5;44.4;44.4;3863
2014-05-27;45.0;46.0;44.9;46.0;6344
2014-05-26;46.7;46.7;45.1;45.1;4661
2014-05-23;46.0;46.8;46.0;46.3;10250
2014-05-22;46.0;46.6;46.0;46.6;11309
2014-05-21;46.3;46.5;46.3;46.5;8609
2014-05-20;46.1;46.8;46.1;46.4;2463
2014-05-19;46.0;46.1;46.0;46.0;2940
2014-05-16;46.1;47.4;46.1;47.4;1379
2014-05-15;46.5;48.8;46.5;48.8;15883
2014-05-14;47.0;47.0;46.7;46.7;21150
2014-05-13;46.9;46.9;46.5;46.8;5578
2014-05-12;45.5;46.9;45.5;46.8;158264
2014-05-09;46.5;46.5;45.8;45.8;13223
2014-05-08;46.0;46.5;45.1;45.7;34379
2014-05-07;46.3;46.9;46.3;46.5;6113
2014-05-06;44.7;46.6;44.7;46.3;34520
2014-05-05;44.5;44.9;44.3;44.9;9423
2014-05-02;44.5;45.0;44.2;45.0;11027
2014-05-01;;44.5;44.5;44.5;0
2014-04-30;44.5;44.5;44.5;44.5;1910
2014-04-29;44.5;44.8;44.2;44.8;11132
2014-04-28;44.0;44.5;44.0;44.5;13756
2014-04-25;44.4;44.4;43.9;44.2;21087
2014-04-24;44.2;44.3;43.9;44.3;16200
2014-04-23;44.0;44.0;43.0;44.0;15406
2014-04-22;43.9;44.2;43.9;44.2;7787
2014-04-17;44.0;44.0;44.0;44.0;1750
2014-04-16;44.0;44.4;43.7;44.4;15470
2014-04-15;44.6;44.6;43.7;44.0;29756
2014-04-14;43.7;44.6;43.7;44.6;1742
2014-04-11;43.6;43.6;43.5;43.5;14613
2014-04-10;44.0;44.2;43.8;43.8;13812
2014-04-09;43.5;44.0;43.5;43.8;73539
2014-04-08;44.1;44.5;43.6;43.6;17069
2014-04-07;43.9;44.2;43.5;44.0;68739
2014-04-04;43.2;43.5;43.1;43.5;28536
2014-04-03;41.5;43.0;41.5;43.0;16131
2014-04-02;41.4;42.5;41.4;42.0;48053
2014-04-01;41.1;41.2;41.1;41.2;33254
2014-03-31;41.0;41.0;40.6;40.6;8261
2014-03-28;40.0;40.6;40.0;40.6;33180
2014-03-27;40.7;40.7;40.5;40.5;1568
2014-03-26;40.3;40.7;40.2;40.7;921
2014-03-25;40.3;40.9;40.3;40.3;3019
2014-03-24;40.4;40.4;40.2;40.3;4240
2014-03-21;40.1;40.5;40.1;40.1;6273
2014-03-20;40.1;40.1;40.1;40.1;3896
2014-03-19;40.5;40.5;40.1;40.1;4433
2014-03-18;40.5;40.7;40.3;40.3;48533
2014-03-17;40.5;40.5;40.4;40.4;1163
2014-03-14;40.2;40.7;40.1;40.4;4413
2014-03-13;40.2;40.8;40.1;40.7;14852
2014-03-12;40.5;40.5;39.5;40.0;13792
2014-03-11;37.7;40.5;37.7;40.5;26553
2014-03-10;39.9;40.0;39.6;40.0;7730
2014-03-07;39.1;39.5;39.1;39.5;1500
2014-03-06;39.8;40.5;39.8;40.0;6300
2014-03-05;39.8;39.8;38.5;38.5;1098
2014-03-04;37.2;38.5;37.2;38.5;10750
2014-03-03;38.5;38.5;37.6;37.6;11531
2014-02-28;38.8;39.0;38.6;39.0;3262
2014-02-27;39.2;39.8;39.0;39.0;1655
2014-02-26;38.6;39.6;38.6;39.2;3416
2014-02-25;39.2;39.2;39.0;39.1;7660
2014-02-24;39.2;39.5;39.2;39.2;1221
2014-02-21;38.8;39.2;38.8;39.2;501446
2014-02-20;39.5;39.7;38.9;39.1;4939
2014-02-19;38.9;39.8;38.9;39.8;3167
2014-02-18;38.5;39.8;38.5;39.8;3350
2014-02-17;39.9;39.9;39.0;39.5;20130
2014-02-14;39.8;40.0;39.7;40.0;12015
2014-02-13;40.3;40.3;39.7;39.8;741
2014-02-12;39.8;40.1;39.8;40.1;2818
2014-02-11;40.5;40.5;39.7;40.0;14810
2014-02-10;39.4;40.1;39.4;40.1;23638
2014-02-07;39.9;40.0;39.5;39.5;8400
2014-02-06;39.5;40.0;39.0;39.9;20130
2014-02-05;38.9;39.5;38.9;39.5;85521
2014-02-04;38.5;39.2;38.5;38.9;12496
2014-02-03;39.5;39.5;38.3;39.5;27824
2014-01-31;39.3;39.3;39.3;39.3;489
2014-01-30;37.9;38.9;37.8;38.9;1111
2014-01-29;39.2;39.3;39.2;39.2;400
2014-01-28;38.5;38.9;38.0;38.9;760
2014-01-27;38.7;38.7;38.1;38.2;6619
2014-01-24;38.4;38.6;38.3;38.3;2543
2014-01-23;38.9;39.1;38.8;38.8;1500
2014-01-22;39.0;39.5;38.7;39.5;2933
2014-01-21;39.5;41.2;38.8;39.1;5257
2014-01-20;38.1;40.0;38.0;39.5;17483
2014-01-17;39.0;40.0;38.9;38.9;6461
2014-01-16;40.0;40.0;39.2;39.2;6374
2014-01-15;40.0;40.0;39.7;40.0;4800
2014-01-14;40.0;40.0;40.0;40.0;2100
2014-01-13;39.9;40.2;39.6;40.2;55268
2014-01-10;39.8;39.9;39.5;39.9;4761
2014-01-09;39.8;39.9;39.8;39.8;1209
2014-01-08;39.0;39.8;39.0;39.8;4125
2014-01-07;39.6;39.6;39.0;39.5;5471
2014-01-06;;39.5;39.5;39.5;0
2014-01-03;38.7;39.5;38.5;39.5;3293
2014-01-02;38.8;39.5;38.5;39.5;5133
2013-12-31;;38.8;38.8;38.8;0
2013-12-30;38.0;38.8;38.0;38.8;5928
2013-12-27;38.3;38.6;38.0;38.6;9299
2013-12-23;38.1;38.5;37.8;38.4;6904
2013-12-20;37.6;38.2;37.6;38.2;3851
2013-12-19;37.8;38.0;37.8;38.0;2388
2013-12-18;38.0;38.0;37.3;37.6;6023
2013-12-17;37.6;37.9;37.3;37.9;1226
2013-12-16;37.3;38.0;37.3;38.0;2474
2013-12-13;37.8;37.8;37.3;37.3;1225
2013-12-12;37.9;38.0;37.9;38.0;1563
2013-12-11;38.2;38.2;38.1;38.1;648
2013-12-10;38.1;38.3;38.1;38.1;1918
2013-12-09;38.2;38.6;38.0;38.1;2671
2013-12-06;38.0;38.5;38.0;38.5;568
2013-12-05;38.2;38.2;38.0;38.0;1693
2013-12-04;38.1;38.3;38.1;38.3;642
2013-12-03;38.6;38.6;37.9;38.0;405
2013-12-02;38.2;38.6;38.2;38.6;1607
2013-11-29;38.2;38.3;38.2;38.3;4015
2013-11-28;38.2;38.5;38.2;38.3;301860
2013-11-27;37.9;38.8;37.9;38.6;4456
2013-11-26;38.0;38.2;37.8;38.2;8469
2013-11-25;37.6;38.1;37.6;38.0;4040
2013-11-22;38.3;38.3;38.0;38.0;1035
2013-11-21;37.5;38.0;37.5;38.0;5571
2013-11-20;37.5;37.8;37.5;37.6;3245
2013-11-19;37.4;38.0;37.4;37.5;2716
2013-11-18;;38.4;38.4;38.4;0
2013-11-15;;38.4;38.4;38.4;0
2013-11-14;38.4;38.5;38.4;38.4;2500
2013-11-13;38.0;38.0;37.8;38.0;3061
2013-11-12;38.7;38.7;38.0;38.1;15719
2013-11-11;38.0;38.2;37.4;38.1;3637
2013-11-08;38.4;38.4;37.4;37.9;2971
2013-11-07;37.9;38.7;37.2;37.2;7798
2013-11-06;38.0;39.3;38.0;38.0;4748
2013-11-05;38.5;39.0;38.2;38.8;2775
2013-11-04;37.7;38.0;37.7;38.0;8385
2013-11-01;38.0;38.3;37.7;37.7;5200
2013-10-31;38.2;38.2;37.5;37.5;18858
2013-10-30;36.7;37.4;36.5;36.9;6617
2013-10-29;38.2;38.2;36.8;36.8;4729
2013-10-28;38.5;38.5;36.2;37.5;16050
2013-10-25;39.8;39.8;34.0;39.0;34238
2013-10-24;39.9;44.3;39.9;44.3;23737
2013-10-23;39.3;40.0;39.2;39.8;362
2013-10-22;39.5;39.5;39.5;39.5;500
2013-10-21;40.0;40.0;39.0;39.3;4981
2013-10-18;40.0;40.0;40.0;40.0;1923
2013-10-17;39.5;40.7;39.5;39.5;2657
2013-10-16;40.0;40.0;39.4;39.5;4172
2013-10-15;39.3;40.0;39.3;40.0;375
2013-10-14;40.0;40.5;39.2;40.0;3296
2013-10-11;40.0;40.0;40.0;40.0;1800
2013-10-10;39.4;40.0;39.4;40.0;796
2013-10-09;39.5;39.5;39.2;39.4;133
2013-10-08;39.8;40.0;39.5;39.5;85247
2013-10-07;40.5;40.5;40.0;40.0;2050
2013-10-04;39.2;40.2;39.2;40.2;209
2013-10-03;;40.3;40.3;40.3;0
2013-10-02;40.5;40.5;40.3;40.3;735
2013-10-01;40.5;41.0;40.0;40.6;14062
2013-09-30;40.6;42.3;39.1;41.5;1502
2013-09-27;41.5;41.5;40.6;41.0;2481
2013-09-26;41.7;42.0;41.5;42.0;9161
2013-09-25;40.1;42.0;40.1;42.0;44
2013-09-24;42.0;42.0;41.5;41.5;1240
2013-09-23;42.0;42.0;41.5;41.5;4078
2013-09-20;41.2;42.0;41.2;42.0;2266
2013-09-19;41.3;41.5;41.0;41.5;7330
2013-09-18;41.4;41.4;41.1;41.2;6173
2013-09-17;39.9;41.1;39.9;40.9;55590
2013-09-16;41.5;41.5;40.1;40.1;2302
2013-09-13;40.4;40.8;40.4;40.8;7410
2013-09-12;40.2;40.3;40.1;40.3;1771
2013-09-11;40.0;40.1;39.9;40.0;7173
2013-09-10;38.7;40.0;38.7;40.0;4704
2013-09-09;38.2;39.9;38.2;39.9;707
2013-09-06;40.0;40.0;38.5;39.9;3076
2013-09-05;39.9;39.9;39.9;39.9;300
2013-09-04;39.0;40.3;39.0;40.2;8379
2013-09-03;38.4;40.0;38.4;40.0;3599
2013-09-02;38.3;39.0;38.2;38.4;14801
2013-08-30;38.8;38.9;38.4;38.4;1300
2013-08-29;38.5;39.0;38.1;38.5;2609
2013-08-28;38.5;38.5;38.1;38.5;2515
2013-08-27;38.5;38.5;38.4;38.4;9467
2013-08-26;38.1;38.5;38.1;38.2;15562
2013-08-23;38.1;38.1;37.8;38.1;13867
2013-08-22;37.9;38.2;37.9;37.9;1258
2013-08-21;38.1;38.1;37.5;38.1;4609
2013-08-20;37.7;38.1;37.3;38.1;7515
2013-08-19;37.6;37.9;37.5;37.9;1218
2013-08-16;37.2;38.0;37.2;37.9;2829
2013-08-15;38.2;38.2;36.8;38.0;17880
2013-08-14;38.0;38.2;38.0;38.2;42948
2013-08-13;37.6;37.7;37.6;37.7;1520
2013-08-12;38.0;38.0;37.6;37.6;775
2013-08-09;38.0;38.0;37.7;37.8;14743
2013-08-08;38.0;38.0;37.8;37.9;4017
2013-08-07;38.6;38.6;37.9;38.2;1320
2013-08-06;38.6;38.6;37.1;37.1;1261
2013-08-05;37.9;38.9;37.8;38.7;2538
2013-08-02;37.0;37.5;37.0;37.5;3328
2013-08-01;37.8;37.8;37.0;37.1;4476
2013-07-31;37.9;38.0;37.8;37.8;2300
2013-07-30;38.3;38.3;37.6;38.0;1191
2013-07-29;37.3;37.7;37.3;37.7;1620
2013-07-26;37.9;38.5;37.9;38.0;3873
2013-07-25;37.9;38.0;37.9;38.0;1010
2013-07-24;37.6;37.7;37.5;37.7;2510
2013-07-23;;37.0;37.0;37.0;0
2013-07-22;37.5;37.7;36.5;37.0;3456
2013-07-19;37.7;37.7;36.9;36.9;4086
2013-07-18;37.6;38.0;37.6;38.0;119
2013-07-17;37.2;37.2;37.2;37.2;21
2013-07-16;37.8;38.0;37.8;37.8;3833
2013-07-15;37.1;38.0;37.1;37.6;3414
2013-07-12;37.3;37.5;37.1;37.1;742
2013-07-11;37.0;37.5;37.0;37.1;1076
2013-07-10;37.0;37.5;37.0;37.0;2846
2013-07-09;36.6;37.7;36.6;36.8;7984
2013-07-08;36.6;37.0;36.6;36.7;1848
2013-07-05;37.0;37.2;37.0;37.2;1348
2013-07-04;38.7;38.7;37.3;37.3;2302
2013-07-03;37.3;37.5;37.3;37.5;303
2013-07-02;36.5;37.5;36.5;37.5;8268
2013-07-01;35.8;36.5;35.7;36.3;1819
2013-06-28;35.7;35.8;35.7;35.7;1392
2013-06-27;35.5;36.3;35.5;36.0;2497
2013-06-26;35.5;36.8;35.5;35.5;4317
2013-06-25;36.4;37.3;36.2;36.2;4708
2013-06-24;37.2;37.2;36.0;36.3;4950
2013-06-21;;37.2;37.2;37.2;0
2013-06-20;38.0;38.0;37.2;37.2;1206
2013-06-19;38.0;38.0;37.2;37.2;1982
2013-06-18;38.0;38.4;37.8;37.8;225
2013-06-17;38.7;38.7;37.6;38.2;3183
2013-06-14;37.7;38.6;37.7;38.6;1375
2013-06-13;38.0;38.0;38.0;38.0;454
2013-06-12;38.0;38.0;38.0;38.0;62
2013-06-11;37.7;38.3;37.7;38.3;557
2013-06-10;37.5;37.9;37.5;37.9;3902
2013-06-07;37.5;37.5;37.5;37.5;160
2013-06-06;;37.8;37.8;37.8;0
2013-06-05;38.0;38.0;37.6;37.8;3797
2013-06-04;38.5;38.5;37.6;37.6;13359
2013-06-03;37.7;38.3;37.7;38.3;6348
2013-05-31;39.4;39.9;37.3;37.6;9927
2013-05-30;38.7;41.0;38.7;39.4;9832
2013-05-29;39.0;39.0;38.2;39.0;765
2013-05-28;37.6;38.5;37.6;38.5;4361
2013-05-27;38.1;40.0;38.1;38.4;6940
2013-05-24;39.0;39.0;38.1;38.5;1031
2013-05-23;39.6;40.4;39.5;39.5;5525
2013-05-22;39.6;39.9;39.6;39.9;814
2013-05-21;40.1;40.1;39.5;39.5;3298
2013-05-20;41.0;41.9;40.1;41.9;7408
2013-05-17;40.4;41.2;40.0;41.2;16201
2013-05-16;40.5;40.5;39.8;39.8;20154
2013-05-15;38.8;40.1;38.8;40.0;19663
2013-05-14;42.5;42.5;38.6;39.0;1283
2013-05-13;38.5;38.5;36.5;37.9;3394
2013-05-10;39.0;39.0;38.0;39.0;2437
2013-05-09;;39.7;39.7;39.7;0
2013-05-08;40.9;40.9;39.7;39.7;7337
2013-05-07;41.9;42.0;41.3;42.0;6574
2013-05-06;41.9;42.0;41.8;41.8;15769
2013-05-03;40.3;42.2;40.3;42.1;65326
2013-05-02;41.4;42.4;41.0;41.5;27233
2013-05-01;;40.9;40.9;40.9;0
2013-04-30;40.8;40.9;40.8;40.9;2800
2013-04-29;41.0;41.4;40.7;41.0;2375
2013-04-26;40.2;40.6;40.2;40.5;4673
2013-04-25;40.1;41.1;39.9;40.7;1568
2013-04-24;40.1;41.3;40.1;40.1;675
2013-04-23;39.9;40.8;39.8;40.8;5067
2013-04-22;39.9;39.9;39.2;39.8;14848
2013-04-19;39.9;39.9;39.8;39.9;2650
2013-04-18;40.2;40.5;39.9;40.0;8044
2013-04-17;40.3;40.3;40.2;40.2;1025
2013-04-16;40.5;41.0;40.5;41.0;41
2013-04-15;41.7;42.0;40.1;41.2;13650
2013-04-12;41.9;42.2;41.9;42.2;1199
2013-04-11;42.0;42.9;41.9;42.1;5780
2013-04-10;41.8;42.0;41.3;42.0;9457
2013-04-09;41.9;42.4;41.9;41.9;11523
2013-04-08;42.5;42.5;42.1;42.1;18029
2013-04-05;42.5;42.5;42.1;42.2;3224
2013-04-04;42.5;42.5;42.1;42.3;9900
2013-04-03;43.0;43.0;42.5;42.5;1200
2013-04-02;43.0;43.0;42.5;43.0;3564
2013-04-01;;43.0;43.0;43.0;0
2013-03-29;43.3;43.0;43.0;43.0;4259
2013-03-28;43.3;43.3;42.4;43.2;4259
2013-03-27;43.3;43.3;42.4;43.2;4259
2013-03-26;42.5;43.5;42.5;42.7;2325
2013-03-25;42.9;43.4;42.9;43.3;1430
2013-03-22;42.4;42.9;42.4;42.9;781
2013-03-21;43.0;43.0;42.5;43.0;3135
2013-03-20;42.5;43.1;42.5;43.1;1560
2013-03-19;43.0;43.0;42.8;43.0;3495
2013-03-18;43.8;43.8;42.2;43.2;7903
2013-03-15;42.7;44.0;42.7;43.5;2078
2013-03-14;43.0;43.0;42.6;42.6;6650
2013-03-13;42.4;43.0;42.3;42.5;5166
2013-03-12;42.0;43.8;42.0;42.5;3400
2013-03-11;44.0;44.0;43.5;43.9;4984
2013-03-08;44.0;44.9;43.2;44.1;5753
2013-03-07;45.0;45.0;44.5;44.5;485
2013-03-06;45.0;45.0;44.7;44.7;7765
2013-03-05;44.6;45.0;44.0;45.0;15758
2013-03-04;43.3;44.9;43.3;44.7;13617
2013-03-01;43.1;44.0;43.1;44.0;5552
2013-02-28;43.8;43.9;43.2;43.9;25134
2013-02-27;43.0;43.9;42.7;43.7;27091
2013-02-26;43.5;43.5;43.0;43.1;32483
2013-02-25;43.0;44.0;42.8;43.5;8950
2013-02-22;43.9;44.0;43.5;43.5;19132
2013-02-21;43.0;43.0;42.5;43.0;9029
2013-02-20;43.0;43.8;42.5;42.8;10737
2013-02-19;42.5;43.0;42.5;43.0;6893
2013-02-18;40.6;42.7;40.6;42.7;37506
2013-02-15;41.8;42.6;41.8;42.4;8919
2013-02-14;42.0;42.1;41.0;41.9;16687
2013-02-13;41.5;42.0;41.0;42.0;15751
2013-02-12;41.3;41.5;40.5;41.5;11494
2013-02-11;41.3;41.3;41.1;41.1;29840
2013-02-08;41.5;41.9;41.3;41.5;16567
2013-02-07;41.5;41.8;41.4;41.5;20839
2013-02-06;41.9;41.9;41.0;41.0;10448
2013-02-05;39.7;42.5;39.4;41.0;83292
2013-02-04;38.0;39.0;38.0;38.8;8134
2013-02-01;38.7;39.7;38.0;39.5;13735
2013-01-31;38.2;39.7;38.2;39.7;9455
2013-01-30;38.8;39.0;38.2;38.7;6275
2013-01-29;38.5;38.8;38.2;38.8;6298
2013-01-28;38.0;38.8;38.0;38.8;43502
2013-01-25;38.4;38.9;38.0;38.1;3531
2013-01-24;38.4;38.4;38.0;38.0;4915
2013-01-23;38.0;38.2;37.8;38.0;9343
2013-01-22;38.4;38.5;37.4;37.5;8194
2013-01-21;37.8;38.4;37.8;38.0;5539
2013-01-18;38.2;38.5;38.2;38.2;5150
2013-01-17;38.0;38.0;38.0;38.0;2461
2013-01-16;37.9;38.0;37.8;38.0;18280
2013-01-15;37.9;37.9;37.8;37.9;6985
2013-01-14;37.0;38.0;37.0;37.9;34305
2013-01-11;37.0;37.4;36.3;37.0;4465
2013-01-10;37.0;37.9;37.0;37.5;5731
2013-01-09;37.0;37.7;36.8;37.7;3266
2013-01-08;37.9;38.0;36.3;38.0;8801
2013-01-07;38.0;38.2;37.9;38.0;16203
2013-01-04;37.0;37.7;37.0;37.4;11979
2013-01-03;37.3;37.4;37.0;37.4;6229
2013-01-02;33.9;37.4;33.9;37.4;6958
2013-01-01;;36.5;36.5;36.5;0
2012-12-31;;36.5;36.5;36.5;0
2012-12-28;35.0;37.7;35.0;36.5;21109
