Dates;Open;High;Low;Close;Volume
2017-12-27;257.0;264.5;257.0;263.5;7604
2017-12-22;254.0;259.0;253.0;258.5;7526
2017-12-21;254.0;255.5;251.5;253.5;5285
2017-12-20;249.5;257.5;249.5;253.5;9096
2017-12-19;255.0;255.0;246.5;249.5;11280
2017-12-18;252.5;257.0;247.5;255.0;12135
2017-12-15;247.0;253.0;245.5;252.5;5585
2017-12-14;245.0;252.5;242.0;251.5;12183
2017-12-13;251.0;251.0;246.0;248.0;6094
2017-12-12;240.0;252.0;240.0;251.5;8739
2017-12-11;241.5;242.5;240.0;240.0;9016
2017-12-08;243.5;248.0;243.0;243.0;7866
2017-12-07;241.5;248.0;241.5;246.5;3739
2017-12-06;242.5;247.0;241.0;243.0;5764
2017-12-05;242.5;246.5;242.0;243.0;5159
2017-12-04;243.0;250.5;240.0;242.0;193121
2017-12-01;245.0;246.5;243.0;243.0;5587
2017-11-30;249.5;249.5;244.0;245.0;9393
2017-11-29;250.5;253.5;248.5;249.5;4692
2017-11-28;244.0;251.0;244.0;249.0;6821
2017-11-27;244.5;248.0;244.0;245.0;5100
2017-11-24;245.0;251.0;243.5;244.5;9143
2017-11-23;248.0;248.0;243.0;244.5;127005
2017-11-22;249.5;250.0;246.5;247.5;4349
2017-11-21;240.5;249.5;237.5;249.5;11987
2017-11-20;248.0;248.0;241.0;241.0;8266
2017-11-17;250.5;253.5;248.0;248.0;4481
2017-11-16;245.0;251.5;244.5;249.5;6399
2017-11-15;248.5;250.0;241.5;245.0;31195
2017-11-14;251.0;258.0;248.5;248.5;6346
2017-11-13;260.0;260.0;251.5;251.5;8537
2017-11-10;257.5;261.5;257.5;261.0;3599
2017-11-09;260.5;262.5;258.0;258.0;6215
2017-11-08;267.0;267.0;261.5;265.0;14449
2017-11-07;262.0;268.0;260.0;267.0;13314
2017-11-06;260.0;262.5;259.5;262.0;5120
2017-11-03;267.0;267.0;261.0;262.5;3637
2017-11-02;264.0;267.0;259.0;265.5;8828
2017-11-01;270.0;273.0;262.0;264.0;23973
2017-10-31;268.0;276.5;262.0;270.0;11906
2017-10-30;269.0;270.0;267.0;268.0;12187
2017-10-27;270.0;270.5;267.0;269.5;27202
2017-10-26;275.0;275.0;260.0;270.0;27647
2017-10-25;278.0;278.0;269.0;275.0;11220
2017-10-24;277.0;278.0;274.5;275.0;17126
2017-10-23;270.0;281.0;268.0;277.0;8715
2017-10-20;279.5;282.0;275.5;276.0;62330
2017-10-19;278.0;278.5;276.0;276.0;15001
2017-10-18;277.0;277.0;270.5;276.5;18435
2017-10-17;273.5;276.0;273.5;274.0;4953
2017-10-13;271.5;275.0;270.5;273.0;16369
2017-10-12;270.0;274.5;270.0;270.5;4468
2017-10-11;274.0;275.0;269.0;270.0;2769
2017-10-10;275.0;275.0;268.0;272.0;5411
2017-10-09;271.0;276.5;270.0;271.0;9231
2017-10-06;267.0;274.0;266.5;270.5;12713
2017-10-05;272.5;272.5;265.0;267.5;6616
2017-10-04;272.5;273.0;267.0;272.5;6502
2017-10-03;272.0;278.5;270.0;272.5;11217
2017-10-02;264.0;272.0;263.0;271.0;9747
2017-09-29;262.0;266.5;262.0;264.0;12402
2017-09-28;259.5;262.5;258.0;261.5;8079
2017-09-27;259.0;260.0;257.5;259.5;9174
2017-09-26;257.5;259.0;256.0;257.5;7154
2017-09-25;260.0;261.5;254.0;257.0;14000
2017-09-22;248.0;258.5;247.5;256.5;30431
2017-09-21;242.0;250.0;242.0;248.5;20439
2017-09-20;239.0;239.0;233.5;234.5;10854
2017-09-19;244.0;244.0;239.0;239.0;10402
2017-09-18;242.0;244.0;241.5;244.0;34061
2017-09-15;239.0;242.0;237.0;242.0;10447
2017-09-14;236.0;240.0;236.0;238.5;3045
2017-09-13;237.0;237.0;234.5;236.0;4249
2017-09-12;240.0;240.0;235.5;237.5;16011
2017-09-11;241.0;241.5;237.0;240.0;7034
2017-09-08;242.0;242.5;237.5;241.5;14778
2017-09-07;242.5;245.0;242.5;242.5;25183
2017-09-06;244.0;244.5;242.5;244.5;4462
2017-09-04;235.0;241.0;232.0;239.0;9265
2017-09-01;235.0;239.0;235.0;238.0;1856
2017-08-31;237.0;237.0;231.5;234.5;10712
2017-08-30;237.5;242.0;237.5;238.5;28311
2017-08-29;243.0;250.0;236.0;237.0;21136
2017-08-28;246.0;247.0;243.0;245.0;5325
2017-08-25;243.0;246.0;243.0;246.0;4230
2017-08-24;243.0;245.5;240.5;242.0;7531
2017-08-23;242.0;242.5;238.0;238.0;4043
2017-08-22;241.0;246.0;240.0;242.0;4928
2017-08-21;244.0;244.0;240.5;241.0;2763
2017-08-18;245.0;247.0;242.5;243.0;4085
2017-08-17;247.0;247.0;242.5;246.0;4136
2017-08-16;245.0;250.0;245.0;246.0;2842
2017-08-15;251.0;252.0;245.5;245.5;2989
2017-08-14;252.0;258.0;247.0;250.5;5066
2017-08-11;254.0;254.0;250.0;250.0;7005
2017-08-10;258.0;258.0;255.5;256.0;11533
2017-08-09;259.0;259.0;255.0;258.0;11457
2017-08-08;250.0;259.0;250.0;257.5;13934
2017-08-07;244.0;250.0;242.5;249.5;7271
2017-08-04;243.0;245.0;240.5;244.0;5414
2017-08-03;242.0;244.5;241.0;243.0;8081
2017-08-02;240.0;243.5;240.0;242.0;3502
2017-08-01;238.0;242.0;236.0;240.0;5521
2017-07-31;238.5;238.5;235.0;236.0;3166
2017-07-28;236.5;238.5;234.5;238.5;6344
2017-07-27;234.5;239.0;233.5;237.5;5808
2017-07-26;229.5;235.0;229.5;235.0;4433
2017-07-25;224.0;231.5;224.0;229.5;6005
2017-07-24;223.5;228.0;223.0;226.5;4686
2017-07-21;229.0;229.0;222.0;223.5;11705
2017-07-20;232.5;234.5;227.0;227.0;12438
2017-07-19;238.0;238.5;233.0;234.0;5980
2017-07-18;244.0;244.0;236.0;238.0;6321
2017-07-17;244.0;246.0;241.0;244.0;3077
2017-07-14;239.0;246.5;238.5;245.0;2722
2017-07-13;246.0;246.0;238.5;239.0;9078
2017-07-12;246.0;247.0;242.0;245.5;4781
2017-07-11;244.0;248.0;244.0;247.0;11264
2017-07-10;238.0;244.5;238.0;244.0;2728
2017-07-07;236.5;244.0;235.0;241.0;5493
2017-07-06;240.0;241.5;235.0;236.5;10071
2017-07-05;247.5;248.0;240.0;242.0;10601
2017-07-04;247.0;250.5;245.5;248.0;6962
2017-07-03;250.0;254.5;249.0;251.5;2397
2017-06-30;252.0;252.0;244.0;248.0;4249
2017-06-29;259.5;259.5;247.0;249.5;3136
2017-06-28;256.0;260.0;256.0;257.0;5656
2017-06-27;258.0;260.0;256.0;258.5;3087
2017-06-26;259.5;262.0;257.0;257.0;7881
2017-06-23;;259.5;259.5;259.5;0
2017-06-22;259.5;260.0;255.0;259.5;2426
2017-06-21;260.0;260.0;256.0;259.5;3019
2017-06-20;255.0;260.0;252.5;260.0;25095
2017-06-19;254.0;258.0;251.5;254.0;16557
2017-06-16;255.0;260.0;254.0;254.5;6254
2017-06-15;256.5;259.5;250.0;254.5;7625
2017-06-14;257.5;263.0;256.5;258.0;16297
2017-06-13;262.0;263.0;253.0;257.5;5584
2017-06-12;260.5;266.0;259.5;262.5;6468
2017-06-09;263.0;265.0;262.0;264.0;5656
2017-06-08;266.5;268.5;263.0;263.0;9895
2017-06-07;263.5;267.5;259.0;265.5;11096
2017-06-06;;263.5;263.5;263.5;0
2017-06-05;264.0;268.0;262.0;263.5;4948
2017-06-02;260.0;266.5;260.0;265.0;3916
2017-06-01;263.5;265.0;259.5;259.5;6351
2017-05-31;264.0;265.0;260.5;263.5;4248
2017-05-30;265.0;266.0;260.5;264.0;5915
2017-05-29;266.0;266.0;260.5;262.0;4408
2017-05-26;264.0;266.0;264.0;266.0;2971
2017-05-24;260.0;266.0;259.0;266.0;3103
2017-05-23;254.0;258.0;252.0;258.0;5402
2017-05-22;254.0;258.5;250.0;252.0;2673
2017-05-19;250.0;255.0;250.0;252.5;4328
2017-05-18;260.0;260.0;245.5;250.0;15172
2017-05-17;262.0;265.5;259.5;260.0;8375
2017-05-16;267.5;269.0;265.0;265.5;3766
2017-05-15;264.0;268.0;262.5;267.5;11387
2017-05-12;264.0;264.0;264.0;264.0;2595
2017-05-11;258.5;265.0;258.0;263.5;3719
2017-05-10;263.5;263.5;256.5;259.5;8312
2017-05-09;262.0;264.5;259.0;262.5;4506
2017-05-08;263.0;263.0;251.5;261.0;10450
2017-05-05;265.0;265.0;260.5;262.5;11317
2017-05-04;258.0;269.0;258.0;267.0;26942
2017-05-03;249.0;253.0;245.0;251.5;13344
2017-05-02;251.5;252.0;248.0;249.0;14042
2017-05-01;;251.5;251.5;251.5;0
2017-04-28;251.0;253.0;247.0;251.5;6254
2017-04-27;246.0;251.0;246.0;251.0;11498
2017-04-26;250.0;250.5;246.0;250.5;4891
2017-04-25;249.0;249.5;243.0;249.5;11029
2017-04-24;249.0;249.0;245.5;246.5;14756
2017-04-21;243.5;249.5;243.5;247.0;13156
2017-04-20;237.0;238.5;236.0;237.0;2922
2017-04-19;243.0;243.5;235.5;239.0;10649
2017-04-18;245.0;250.0;243.0;243.0;11432
2017-04-13;243.0;243.5;237.5;243.5;4555
2017-04-12;241.5;247.0;241.5;241.5;17121
2017-04-11;234.5;238.5;233.5;235.5;4210
2017-04-10;233.0;234.0;231.0;233.0;6433
2017-04-07;237.0;237.5;231.0;233.0;7026
2017-04-06;235.0;240.5;235.0;237.0;5583
2017-04-05;238.0;239.5;235.5;235.5;4507
2017-04-04;240.5;241.0;237.5;238.0;2675
2017-04-03;241.0;241.0;236.0;240.5;4963
2017-03-31;231.0;240.0;231.0;239.0;5266
2017-03-30;232.0;239.5;228.0;234.5;12404
2017-03-29;243.5;245.5;243.0;243.0;15363
2017-03-28;243.0;244.0;243.0;243.0;8725
2017-03-27;248.0;249.5;242.0;243.5;7210
2017-03-24;250.0;250.0;246.5;248.0;7836
2017-03-23;247.5;252.0;245.5;250.5;3353
2017-03-22;245.0;250.5;241.5;245.0;7610
2017-03-21;252.5;256.0;243.0;245.0;13011
2017-03-20;252.0;253.5;251.0;252.5;3952
2017-03-17;249.5;252.5;247.0;251.0;6890
2017-03-16;249.5;252.5;247.5;251.0;3452
2017-03-15;246.0;253.5;245.0;248.5;8798
2017-03-14;243.5;247.0;243.0;246.0;4549
2017-03-13;245.5;246.0;242.5;243.5;5406
2017-03-10;243.0;245.5;245.5;245.5;6652
2017-03-09;243.0;248.0;242.5;243.0;5907
2017-03-08;241.5;244.0;240.5;242.5;2346
2017-03-07;243.0;243.5;240.5;241.5;2248
2017-03-06;247.5;247.5;241.0;243.5;4743
2017-03-03;248.0;244.0;244.0;244.0;5463
2017-03-02;244.5;247.5;244.5;247.5;5644
2017-03-01;246.5;246.5;244.0;244.5;7875
2017-02-28;245.0;246.5;243.0;244.5;2340
2017-02-27;247.5;248.5;244.5;244.5;13277
2017-02-24;248.0;248.0;244.0;245.0;8470
2017-02-23;246.5;250.0;246.0;248.0;2300
2017-02-22;250.0;250.0;246.0;246.0;5851
2017-02-21;250.0;250.0;246.0;249.0;2669
2017-02-20;252.0;253.0;248.0;249.0;5478
2017-02-17;256.5;259.0;251.0;252.0;6673
2017-02-16;249.0;256.5;249.0;256.5;9656
2017-02-15;248.0;250.0;245.0;248.0;18664
2017-02-14;250.0;250.0;241.0;245.0;39812
2017-02-13;243.5;247.0;240.0;247.0;4921
2017-02-10;244.0;245.0;240.0;243.5;10356
2017-02-09;247.0;250.0;244.5;250.0;6867
2017-02-08;245.0;247.5;243.5;245.5;7123
2017-02-07;248.0;248.0;244.0;245.0;8548
2017-02-06;248.5;248.5;243.5;243.5;7987
2017-02-03;245.5;250.0;243.0;248.0;7630
2017-02-02;245.0;245.0;243.0;244.5;4473
2017-02-01;245.0;245.0;242.5;243.0;4500
2017-01-31;242.0;245.0;240.0;245.0;9987
2017-01-30;242.5;243.0;240.5;242.0;12373
2017-01-27;241.0;243.0;240.5;242.5;65954
2017-01-26;238.0;240.0;238.0;240.0;28711
2017-01-25;236.5;240.5;234.5;238.0;5301
2017-01-24;231.0;236.5;231.0;236.0;4743
2017-01-23;235.5;235.5;230.0;231.0;4675
2017-01-20;232.0;235.5;231.0;235.0;6390
2017-01-19;229.0;232.0;227.5;232.0;5543
2017-01-18;229.5;230.0;227.0;229.0;5531
2017-01-17;230.0;230.5;227.0;229.5;7389
2017-01-16;227.0;230.0;226.5;229.0;10137
2017-01-13;230.0;235.0;228.0;235.0;9493
2017-01-12;233.0;233.0;228.5;229.5;4636
2017-01-11;228.0;233.5;228.0;231.5;4606
2017-01-10;232.0;232.0;227.5;228.0;4722
2017-01-09;230.5;232.0;228.5;229.0;3270
2017-01-06;;230.0;230.0;230.0;0
2017-01-05;235.5;235.5;230.0;230.0;3747
2017-01-04;236.5;237.0;232.0;233.0;6744
2017-01-03;230.5;236.5;230.0;236.5;10070
2017-01-02;232.0;233.0;227.5;229.5;6661
2016-12-30;232.0;235.5;228.5;233.0;8944
2016-12-29;227.0;235.0;227.0;232.5;12494
2016-12-28;227.5;229.0;226.0;227.0;5935
2016-12-27;234.0;234.0;225.5;225.5;16845
2016-12-23;227.0;235.0;223.0;229.0;12134
2016-12-22;228.0;230.5;226.0;227.5;41785
2016-12-21;222.0;232.0;221.0;227.5;21410
2016-12-20;233.0;236.0;228.0;230.0;24920
2016-12-19;242.5;242.5;235.0;237.5;82593
2016-12-16;240.5;244.0;240.0;242.0;17730
2016-12-15;232.0;242.0;232.0;240.5;66792
2016-12-14;227.0;235.5;226.5;233.0;192894
2016-12-13;223.5;226.0;223.0;226.0;8326
2016-12-12;223.0;225.0;222.0;224.0;5625
2016-12-09;220.0;221.0;218.5;219.5;3779
2016-12-08;214.5;219.5;213.5;217.5;204721
2016-12-07;219.5;221.0;212.5;212.5;7348
2016-12-06;216.5;220.5;216.5;219.5;4652
2016-12-05;219.0;220.5;219.0;220.5;2701
2016-12-02;220.0;220.5;218.0;219.5;4382
2016-12-01;219.5;219.5;215.0;215.0;52860
2016-11-30;219.5;221.0;216.0;219.5;62448
2016-11-29;215.5;221.5;215.0;219.5;14704
2016-11-28;218.5;219.5;214.0;215.5;7213
2016-11-25;214.5;215.5;214.0;214.5;1352
2016-11-24;217.0;218.0;212.0;214.5;3886
2016-11-23;218.5;218.5;216.0;217.0;5626
2016-11-22;220.0;221.0;218.0;218.0;9999
2016-11-21;220.0;221.0;218.0;218.0;9337
2016-11-18;215.0;220.0;215.0;219.0;4845
2016-11-17;215.0;215.0;212.5;214.5;93468
2016-11-16;212.0;215.0;212.0;215.0;9905
2016-11-15;210.0;213.5;209.5;212.0;17438
2016-11-14;207.0;211.0;206.0;210.0;14575
2016-11-11;206.5;206.5;201.5;205.0;12394
2016-11-10;209.5;212.0;200.0;200.0;20707
2016-11-09;199.5;209.5;199.5;209.5;40245
2016-11-08;206.0;209.0;202.0;205.0;14083
2016-11-07;208.0;209.5;203.0;205.5;15303
2016-11-04;207.5;207.5;203.5;203.5;3101
2016-11-03;208.0;208.0;203.5;206.0;15110
2016-11-02;207.5;208.0;202.5;205.0;4979
2016-11-01;206.5;208.0;206.5;207.0;4839
2016-10-31;208.5;210.0;203.5;208.5;8457
2016-10-28;209.5;209.5;207.5;209.5;6243
2016-10-27;208.0;213.5;207.5;207.5;40553
2016-10-26;204.0;206.0;199.5;204.0;8310
2016-10-25;208.5;208.5;203.5;204.0;6822
2016-10-24;207.5;211.0;207.5;208.5;4269
2016-10-21;211.5;211.5;209.5;209.5;2187
2016-10-20;212.0;213.0;210.0;211.5;4941
2016-10-19;211.5;213.5;211.0;212.0;2288
2016-10-18;210.5;213.0;210.5;211.5;3419
2016-10-17;210.0;214.0;209.5;211.5;5453
2016-10-14;212.0;212.0;208.0;210.5;6234
2016-10-13;213.0;213.0;211.0;212.0;2945
2016-10-12;214.0;215.0;213.0;214.0;2432
2016-10-11;212.0;214.5;211.5;214.0;1202
2016-10-10;215.5;216.0;212.0;212.0;5383
2016-10-07;215.0;217.0;213.0;215.5;7723
2016-10-06;220.5;220.5;215.0;215.0;10710
2016-10-05;217.0;220.0;213.0;218.0;19412
2016-10-04;215.0;219.0;214.0;217.0;6524
2016-10-03;214.0;215.0;212.5;215.0;15109
2016-09-30;212.0;213.0;211.0;212.0;4970
2016-09-29;214.0;214.5;212.0;213.0;1000
2016-09-28;216.0;217.0;213.5;214.5;4972
2016-09-27;217.0;217.0;211.0;216.0;9498
2016-09-26;214.5;215.5;212.0;213.5;5084
2016-09-23;214.0;215.0;212.5;214.5;2655
2016-09-22;213.0;215.0;212.5;212.5;6072
2016-09-21;213.0;216.0;213.0;215.0;3158
2016-09-20;213.0;213.0;211.5;213.0;41834
2016-09-19;217.5;217.5;211.0;213.0;5107
2016-09-16;217.0;218.0;215.5;217.5;4645
2016-09-15;215.0;217.0;213.0;216.0;5190
2016-09-14;214.0;215.5;212.0;214.5;103294
2016-09-13;215.0;215.5;211.0;214.5;6079
2016-09-12;214.0;215.0;210.0;214.5;6649
2016-09-09;214.5;216.5;214.0;216.0;4793
2016-09-08;215.0;216.5;213.0;214.0;3119
2016-09-07;216.0;216.0;212.5;215.0;29310
2016-09-06;212.0;216.5;212.0;215.5;10007
2016-09-05;215.0;215.5;210.5;215.0;7557
2016-09-02;217.0;217.0;212.0;215.0;7891
2016-09-01;220.0;221.0;215.0;215.5;7934
2016-08-31;214.5;220.0;214.5;220.0;10353
2016-08-30;215.0;219.0;210.0;214.5;19880
2016-08-29;214.0;215.0;210.0;215.0;9201
2016-08-26;210.5;216.0;210.0;212.5;14965
2016-08-25;208.0;211.0;205.0;210.0;9999
2016-08-24;201.0;208.0;199.0;206.5;24543
2016-08-23;195.0;199.0;194.5;196.0;5916
2016-08-22;194.0;195.5;193.0;194.0;5696
2016-08-19;191.0;194.5;191.0;193.0;8815
2016-08-18;199.0;199.0;191.0;191.0;16485
2016-08-17;197.5;198.5;195.0;197.0;6348
2016-08-16;200.0;200.0;197.5;197.5;8478
2016-08-15;197.0;200.0;196.5;200.0;6003
2016-08-12;196.0;198.0;195.0;196.0;7807
2016-08-11;195.0;197.5;195.0;196.0;3508
2016-08-10;195.5;197.5;194.0;195.0;6679
2016-08-09;195.5;196.0;193.0;195.5;4291
2016-08-08;194.0;196.0;193.5;195.0;3743
2016-08-05;190.5;194.0;190.5;194.0;7468
2016-08-04;191.5;193.5;190.5;191.0;4803
2016-08-03;192.0;193.5;191.0;191.5;1492
2016-08-02;192.0;193.5;191.0;192.0;3327
2016-08-01;191.0;194.5;191.0;192.0;3044
2016-07-29;191.0;192.5;190.5;191.0;1415
2016-07-28;192.5;192.5;190.5;190.5;5876
2016-07-27;191.0;193.5;190.5;191.0;8978
2016-07-26;192.0;192.0;190.5;191.0;5090
2016-07-25;193.5;195.0;191.5;192.5;5455
2016-07-22;192.5;195.0;191.5;193.5;3234
2016-07-21;193.0;194.5;192.0;192.5;656
2016-07-20;192.0;195.0;191.0;192.5;5125
2016-07-19;195.0;195.0;191.0;192.0;2223
2016-07-18;191.0;194.0;191.0;193.5;1774
2016-07-15;193.0;193.5;192.0;193.0;976
2016-07-14;191.5;194.5;191.5;193.0;5547
2016-07-13;193.0;193.0;188.5;191.5;6670
2016-07-12;190.5;193.0;190.0;190.0;7477
2016-07-11;192.5;192.5;189.5;190.5;4640
2016-07-08;192.0;192.0;185.5;191.5;2472
2016-07-07;186.0;192.5;185.5;185.5;3634
2016-07-06;186.0;187.0;185.0;185.0;2232
2016-07-05;193.5;193.5;187.0;187.0;5395
2016-07-04;194.0;195.0;191.5;191.5;5094
2016-07-01;190.0;193.5;187.0;192.5;3204
2016-06-30;187.0;189.5;186.0;189.5;2968
2016-06-29;187.5;189.0;184.0;186.5;6638
2016-06-28;185.0;187.5;184.0;184.5;6811
2016-06-27;180.0;185.0;180.0;181.5;9011
2016-06-24;;190.0;190.0;190.0;0
2016-06-23;187.0;191.0;187.0;190.0;3206
2016-06-22;187.0;190.0;187.0;190.0;7043
2016-06-21;186.0;188.5;185.5;187.0;1854
2016-06-20;178.0;188.0;178.0;186.0;6277
2016-06-17;184.5;184.5;178.0;178.0;8036
2016-06-16;185.0;185.0;177.5;179.0;5459
2016-06-15;184.5;185.5;181.0;182.0;3786
2016-06-14;184.0;184.5;179.0;183.0;15367
2016-06-13;193.0;193.0;183.0;184.5;410089
2016-06-10;194.0;194.0;190.0;193.0;4252
2016-06-09;192.0;194.0;189.0;194.0;8433
2016-06-08;192.5;193.0;191.0;192.0;4320
2016-06-07;191.0;194.5;189.5;193.5;7485
2016-06-06;;192.0;192.0;192.0;0
2016-06-03;192.0;192.0;190.5;192.0;52227
2016-06-02;190.0;191.5;189.0;191.0;6125
2016-06-01;189.0;191.5;188.0;190.0;5990
2016-05-31;190.0;192.0;188.5;191.5;4158
2016-05-30;189.0;190.0;188.0;190.0;6243
2016-05-27;192.0;192.0;188.0;189.5;5698
2016-05-26;191.0;193.5;190.0;190.0;4597
2016-05-25;190.0;192.0;189.5;191.0;3703
2016-05-24;190.5;191.0;188.0;189.0;10191
2016-05-23;194.0;194.0;190.5;190.5;15277
2016-05-20;193.0;195.0;192.0;193.0;5575
2016-05-19;198.0;199.0;192.5;193.0;3248
2016-05-18;190.0;197.5;190.0;197.5;6200
2016-05-17;195.0;195.0;190.5;190.5;4333
2016-05-16;193.0;194.5;191.0;191.0;3208
2016-05-13;196.0;196.0;191.0;191.5;1936
2016-05-12;199.0;199.0;190.0;191.0;5385
2016-05-11;196.0;198.5;195.0;195.0;2008
2016-05-10;191.0;195.5;191.0;194.0;5080
2016-05-09;194.0;199.0;191.0;191.0;134055
2016-05-06;192.5;194.0;190.5;193.0;10169
2016-05-05;191.0;192.5;190.0;192.0;1510
2016-05-04;191.0;192.5;190.0;192.0;1510
2016-05-03;192.5;192.5;189.0;189.0;5357
2016-05-02;190.0;193.5;190.0;192.5;3048
2016-04-29;194.0;194.0;189.5;189.5;14732
2016-04-28;193.0;194.0;188.5;194.0;8026
2016-04-27;193.5;194.5;192.5;193.0;7469
2016-04-26;192.5;194.0;190.5;193.5;55211
2016-04-25;193.0;193.0;190.0;192.5;4773
2016-04-22;193.0;194.0;191.5;192.0;3991
2016-04-21;192.0;193.0;192.0;193.0;9435
2016-04-20;192.5;193.5;192.0;193.0;12151
2016-04-19;194.0;195.0;192.5;192.5;12254
2016-04-18;194.0;194.5;192.0;193.0;13007
2016-04-15;192.0;194.0;190.0;191.0;16516
2016-04-14;194.0;196.0;192.0;192.0;8014
2016-04-13;199.5;201.0;194.0;194.0;8601
2016-04-12;200.5;201.0;195.5;197.0;12308
2016-04-11;201.0;201.0;199.0;199.5;3404
2016-04-08;199.5;201.5;199.0;201.0;7927
2016-04-07;202.0;202.0;195.5;197.5;14429
2016-04-06;203.0;203.5;194.0;202.0;35244
2016-04-05;217.5;217.5;213.0;214.0;15591
2016-04-04;217.5;217.5;215.0;217.5;8518
2016-04-01;216.0;218.0;215.5;217.5;2836
2016-03-31;218.0;218.0;216.5;216.5;10381
2016-03-30;214.0;218.0;213.5;218.0;17739
2016-03-29;217.5;219.0;213.0;213.5;20668
2016-03-28;217.5;220.0;217.5;217.5;6738
2016-03-25;217.5;220.0;217.5;217.5;6738
2016-03-24;217.5;220.0;217.5;217.5;6738
2016-03-23;215.0;218.0;214.5;217.5;12915
2016-03-22;214.0;215.0;213.5;214.0;8599
2016-03-21;212.5;215.0;212.0;213.5;6789
2016-03-18;214.0;215.0;211.0;212.0;7171
2016-03-17;214.0;216.0;213.0;215.0;4718
2016-03-16;212.0;216.0;212.0;212.5;3483
2016-03-15;216.0;216.0;211.5;212.0;6357
2016-03-14;210.5;215.5;210.5;215.5;10767
2016-03-11;211.0;213.5;210.0;210.0;7900
2016-03-10;210.5;211.5;207.5;210.0;5426
2016-03-09;211.0;211.5;210.0;210.0;12233
2016-03-08;213.5;213.5;210.5;210.5;12079
2016-03-07;210.0;213.5;210.0;211.5;7110
2016-03-04;206.0;211.5;206.0;210.0;4558
2016-03-03;210.0;212.0;203.5;206.0;5494
2016-03-02;210.0;212.5;208.0;210.0;7354
2016-03-01;205.0;212.5;204.5;209.5;10211
2016-02-29;202.0;206.0;200.0;206.0;6544
2016-02-26;200.0;202.0;200.0;200.0;23546
2016-02-25;199.0;200.0;197.5;198.0;36429
2016-02-24;202.0;202.0;198.0;198.0;5350
2016-02-23;207.0;207.0;197.5;199.0;5860
2016-02-22;200.0;206.5;199.0;205.0;8613
2016-02-19;195.5;199.0;195.5;197.0;2880
2016-02-18;197.0;197.0;193.5;195.5;10872
2016-02-17;192.0;197.0;187.5;195.0;16209
2016-02-16;184.0;191.5;184.0;188.5;17198
2016-02-15;188.0;195.0;182.5;182.5;10978
2016-02-12;190.0;193.5;186.5;187.5;6865
2016-02-11;182.0;189.5;182.0;186.5;9164
2016-02-10;185.5;187.5;180.0;181.5;29927
2016-02-09;185.0;190.5;180.0;185.5;15464
2016-02-08;192.0;193.0;186.0;186.0;10788
2016-02-05;195.5;195.5;191.0;192.0;4577
2016-02-04;188.0;195.0;188.0;193.0;2398
2016-02-03;186.0;193.5;186.0;188.0;6499
2016-02-02;193.0;193.0;187.5;189.5;18412
2016-02-01;193.0;195.0;187.0;189.5;12299
2016-01-29;197.0;200.0;192.0;192.0;18705
2016-01-28;201.5;202.0;195.0;195.5;6432
2016-01-27;198.0;200.0;197.5;199.5;2637
2016-01-26;196.0;199.0;192.0;197.5;11732
2016-01-25;198.0;198.5;196.0;198.5;8292
2016-01-22;199.0;199.0;194.0;195.0;17173
2016-01-21;198.0;198.0;191.5;192.5;8802
2016-01-20;197.5;202.5;191.0;191.5;25546
2016-01-19;194.0;204.5;193.5;198.0;37965
2016-01-18;194.5;198.5;190.5;194.0;19334
2016-01-15;190.0;195.0;187.5;187.5;14189
2016-01-14;193.0;194.0;188.5;192.0;5381
2016-01-13;196.0;198.0;193.5;194.0;16468
2016-01-12;198.0;198.0;195.0;195.5;9261
2016-01-11;205.0;205.0;197.0;198.0;4765
2016-01-08;206.0;208.0;200.5;200.5;9805
2016-01-07;210.0;210.0;202.5;206.0;9833
2016-01-06;;212.0;212.0;212.0;0
2016-01-05;213.0;215.0;210.0;212.0;3876
2016-01-04;212.0;217.0;211.5;212.5;7182
2016-01-01;;219.5;219.5;219.5;0
2015-12-31;;219.5;219.5;219.5;0
2015-12-30;212.0;219.5;211.0;219.5;10975
2015-12-29;206.5;214.0;206.5;210.0;5993
2015-12-28;203.0;210.5;202.0;206.5;51127
2015-12-25;205.0;207.0;202.0;202.0;21297
2015-12-24;205.0;207.0;202.0;202.0;21297
2015-12-23;205.0;207.0;202.0;202.0;21297
2015-12-22;204.0;205.0;203.5;204.0;2064
2015-12-21;205.0;205.5;201.0;204.0;22696
2015-12-18;209.0;209.0;206.0;206.5;4613
2015-12-17;207.0;210.0;207.0;208.5;22145
2015-12-16;208.0;210.0;208.0;208.0;7167
2015-12-15;208.5;210.5;208.0;208.0;5254
2015-12-14;212.0;212.0;208.0;208.0;13347
2015-12-11;222.0;222.0;212.0;212.5;2898
2015-12-10;217.5;219.0;215.5;218.0;15547
2015-12-09;222.0;222.0;210.0;216.5;17216
2015-12-08;224.0;224.0;221.5;223.0;54479
2015-12-07;229.0;229.0;222.0;225.0;12972
2015-12-04;229.0;229.0;221.0;221.5;5089
2015-12-03;223.5;230.5;221.5;227.0;22043
2015-12-02;222.5;225.0;221.0;223.5;8239
2015-12-01;220.0;222.5;220.0;221.0;14219
2015-11-30;221.5;222.5;220.0;221.0;11592
2015-11-27;213.0;221.5;212.0;221.5;18086
2015-11-26;213.0;214.0;213.0;214.0;6172
2015-11-25;211.0;214.0;211.0;214.0;3970
2015-11-24;214.0;214.0;208.0;211.0;12810
2015-11-23;207.0;212.5;207.0;212.5;4546
2015-11-20;206.0;210.5;206.0;207.0;7265
2015-11-19;204.0;213.5;203.0;212.5;13306
2015-11-18;202.0;212.0;198.5;209.5;8043
2015-11-17;208.0;213.0;207.5;213.0;14823
2015-11-16;209.0;210.0;205.5;207.0;4013
2015-11-13;210.0;210.5;207.0;209.0;16238
2015-11-12;210.0;211.5;209.0;210.0;11607
2015-11-11;214.0;214.0;209.0;209.0;12886
2015-11-10;213.0;213.0;210.0;210.0;5844
2015-11-09;209.0;213.0;207.0;213.0;49525
2015-11-06;209.5;210.5;208.0;210.5;9547
2015-11-05;209.0;209.5;208.0;209.5;13940
2015-11-04;207.0;208.5;207.0;208.5;11167
2015-11-03;206.0;206.5;203.5;206.0;22818
2015-11-02;205.0;206.0;203.0;204.0;37509
2015-10-30;198.0;199.0;196.5;198.0;1391
2015-10-29;196.5;198.0;195.0;198.0;9070
2015-10-28;195.5;197.5;194.5;194.5;7159
2015-10-27;193.0;196.0;193.0;195.5;5163
2015-10-26;193.0;195.0;193.0;193.0;3687
2015-10-23;195.0;195.0;192.5;193.0;2314
2015-10-22;191.0;192.0;189.0;189.0;5818
2015-10-21;188.5;191.0;188.5;191.0;6745
2015-10-20;188.0;190.0;188.0;188.5;5437
2015-10-19;187.5;190.0;187.5;188.5;2431
2015-10-16;190.0;190.0;186.5;190.0;4710
2015-10-15;190.5;190.5;189.0;190.0;1272
2015-10-14;189.0;190.5;188.0;188.5;18755
2015-10-13;192.0;192.0;185.5;189.5;12982
2015-10-12;192.0;193.5;190.0;192.0;6628
2015-10-09;184.5;191.0;183.5;189.0;8101
2015-10-08;182.0;183.0;180.5;182.0;5005
2015-10-07;180.0;184.0;180.0;182.0;6259
2015-10-06;178.0;182.5;178.0;181.0;8654
2015-10-05;173.0;177.5;173.0;176.5;15832
2015-10-02;175.5;177.5;173.0;173.0;13247
2015-10-01;181.0;181.0;174.0;174.0;13547
2015-09-30;172.0;179.5;172.0;179.0;18428
2015-09-29;170.5;175.0;168.0;172.0;6347
2015-09-28;178.5;180.0;168.5;170.5;24860
2015-09-25;178.0;181.5;177.0;177.0;5540
2015-09-24;180.5;180.5;176.5;179.0;7271
2015-09-23;181.0;183.0;181.0;181.0;2155
2015-09-22;184.5;185.0;178.0;179.0;45811
2015-09-21;178.0;184.5;178.0;184.5;49275
2015-09-18;185.0;185.5;179.0;179.0;6639
2015-09-17;189.0;189.0;185.0;185.0;936
2015-09-16;187.0;187.5;185.0;187.5;2686
2015-09-15;183.0;184.5;181.5;184.5;202778
2015-09-14;186.5;187.0;183.0;183.0;3696
2015-09-11;185.0;186.5;183.0;186.0;3134
2015-09-10;187.0;187.5;185.5;187.5;2038
2015-09-09;183.0;189.5;183.0;187.5;4715
2015-09-08;185.0;187.0;183.0;183.0;5047
2015-09-07;186.0;188.0;185.0;185.0;1311
2015-09-04;186.5;186.5;184.0;185.0;1708
2015-09-03;183.5;188.5;182.5;186.5;4273
2015-09-02;183.0;183.5;180.5;181.5;8109
2015-09-01;182.5;190.5;180.0;182.0;10000
2015-08-31;183.0;185.0;181.5;183.5;11464
2015-08-28;184.0;184.0;182.0;183.5;8860
2015-08-27;182.0;185.0;179.5;183.5;9612
2015-08-26;176.0;182.5;175.0;180.5;6533
2015-08-25;172.5;179.0;172.5;174.5;13835
2015-08-24;177.5;178.0;169.0;176.0;33800
2015-08-21;188.0;188.5;178.0;179.0;70256
2015-08-20;188.5;190.0;188.0;188.0;5029
2015-08-19;198.0;198.0;189.0;189.0;26296
2015-08-18;197.0;198.5;189.5;195.5;10198
2015-08-17;199.0;199.0;194.0;197.0;4618
2015-08-14;199.0;200.0;195.0;199.5;8046
2015-08-13;199.0;199.0;195.5;199.0;3321
2015-08-12;194.0;197.5;192.0;194.0;4105
2015-08-11;196.0;199.0;195.0;195.5;6131
2015-08-10;196.0;199.0;195.0;196.0;8942
2015-08-07;197.0;197.5;195.0;195.0;1166
2015-08-06;194.0;197.5;194.0;197.5;2373
2015-08-05;197.0;197.0;194.0;196.0;2027
2015-08-04;199.5;199.5;194.5;195.5;3083
2015-08-03;192.0;199.5;191.0;199.5;7358
2015-07-31;192.5;194.0;191.0;191.0;2737
2015-07-30;193.0;194.0;191.0;192.5;2539
2015-07-29;194.0;194.0;191.0;191.0;2426
2015-07-28;192.0;194.0;191.0;194.0;3364
2015-07-27;191.0;192.0;190.5;191.0;6298
2015-07-24;191.0;194.0;191.0;191.0;2356
2015-07-23;188.0;194.0;188.0;191.0;9791
2015-07-22;185.0;199.0;185.0;187.5;14902
2015-07-21;187.0;189.0;185.5;185.5;10662
2015-07-20;182.5;187.0;182.5;186.5;7861
2015-07-17;184.0;187.5;183.0;187.5;4310
2015-07-16;181.0;184.5;181.0;184.0;3052
2015-07-15;182.5;183.5;181.0;181.0;3062
2015-07-14;182.0;183.0;181.0;181.5;5925
2015-07-13;185.0;185.0;181.0;182.0;16510
2015-07-10;182.0;184.0;181.5;183.0;26886
2015-07-09;183.0;186.0;181.5;182.0;2896
2015-07-08;185.0;185.5;182.0;182.5;7553
2015-07-07;185.0;188.5;183.5;186.5;3617
2015-07-06;185.0;187.5;182.0;183.5;4694
2015-07-03;188.5;189.0;187.0;187.0;2517
2015-07-02;180.5;189.0;180.5;189.0;12706
2015-07-01;179.0;184.5;179.0;180.5;3236
2015-06-30;181.0;182.5;177.5;179.5;12244
2015-06-29;182.0;183.0;181.0;181.5;6138
2015-06-26;182.0;186.0;182.0;184.5;2986
2015-06-25;183.0;184.0;182.0;182.0;1711
2015-06-24;184.0;187.0;182.0;182.0;7080
2015-06-23;189.5;189.5;185.0;185.0;4041
2015-06-22;185.0;189.5;183.0;187.0;9742
2015-06-19;;183.0;183.0;183.0;0
2015-06-18;188.5;191.5;182.5;183.0;33821
2015-06-17;180.5;189.0;179.0;189.0;7844
2015-06-16;182.5;183.0;176.0;181.0;9443
2015-06-15;186.5;186.5;179.0;180.0;13124
2015-06-12;180.0;186.5;180.0;186.5;6970
2015-06-11;177.5;185.0;177.5;183.0;7271
2015-06-10;174.0;178.0;174.0;178.0;5270
2015-06-09;176.0;176.0;173.5;175.0;28569
2015-06-08;178.0;178.0;176.0;177.0;11081
2015-06-05;182.5;182.5;180.0;180.0;11510
2015-06-04;183.0;184.5;180.0;182.5;10610
2015-06-03;186.0;186.0;183.0;185.5;5042
2015-06-02;185.0;186.5;183.0;186.0;8457
2015-06-01;188.0;189.0;182.0;187.0;5993
2015-05-29;190.0;190.5;188.0;188.0;2147
2015-05-28;190.0;191.5;189.0;191.0;15759
2015-05-27;188.0;191.0;188.0;191.0;9545
2015-05-26;189.0;190.0;188.0;188.5;14282
2015-05-25;192.0;192.0;188.5;189.0;16262
2015-05-22;188.0;193.0;187.0;193.0;60752
2015-05-21;187.5;189.5;187.5;188.0;3494
2015-05-20;191.0;191.0;188.0;188.5;7269
2015-05-19;188.0;191.0;186.5;191.0;9534
2015-05-18;187.5;190.5;187.5;188.5;3728
2015-05-15;187.0;191.5;187.0;189.5;7933
2015-05-14;184.5;189.0;184.5;187.0;1246
2015-05-13;184.5;189.0;184.5;187.0;1246
2015-05-12;188.0;188.0;183.0;185.5;11508
2015-05-11;185.0;190.0;185.0;188.0;8380
2015-05-08;182.0;187.0;182.0;186.0;23423
2015-05-07;183.5;184.5;177.0;184.5;15728
2015-05-06;185.0;189.0;181.0;185.0;15790
2015-05-05;192.5;192.5;185.5;187.0;10345
2015-05-04;188.0;192.5;187.0;192.5;94422
2015-05-01;188.0;188.0;183.0;187.0;11732
2015-04-30;188.0;188.0;183.0;187.0;11732
2015-04-29;197.5;197.5;188.0;188.0;22838
2015-04-28;199.5;199.5;194.0;195.5;4101
2015-04-27;197.0;199.5;197.0;197.5;15283
2015-04-24;195.5;197.5;195.5;197.0;10624
2015-04-23;199.5;200.0;196.0;199.0;3376
2015-04-22;197.0;199.0;196.0;199.0;9257
2015-04-21;195.5;197.0;193.0;197.0;12721
2015-04-20;197.0;197.0;193.0;194.0;10856
2015-04-17;196.0;198.5;193.0;197.0;14048
2015-04-16;198.0;199.0;195.0;196.0;7082
2015-04-15;200.0;201.0;197.0;198.0;12113
2015-04-14;201.0;203.0;200.0;202.5;15086
2015-04-13;197.0;201.0;196.0;201.0;23091
2015-04-10;194.5;199.0;191.0;198.5;38678
2015-04-09;192.5;195.0;192.5;195.0;11874
2015-04-08;194.5;195.0;192.5;192.5;14143
2015-04-07;193.0;194.5;192.0;194.5;104368
2015-04-02;191.5;194.0;191.5;193.0;7246
2015-04-01;194.0;194.0;192.5;193.5;4597
2015-03-31;195.0;195.0;191.0;193.5;9227
2015-03-30;191.0;194.0;191.0;194.0;14920
2015-03-27;190.5;192.5;190.5;192.5;10094
2015-03-26;194.0;194.0;187.0;190.5;13474
2015-03-25;194.0;195.0;193.0;195.0;8125
2015-03-24;193.0;194.5;191.5;194.0;25349
2015-03-23;195.5;195.5;192.0;193.0;16888
2015-03-20;199.0;200.5;191.0;196.0;40669
2015-03-19;206.5;208.0;201.0;205.0;44537
2015-03-18;204.5;206.5;203.0;206.5;210625
2015-03-17;206.5;207.0;204.5;205.0;13768
2015-03-16;203.5;206.5;202.5;204.5;42746
2015-03-13;208.0;208.0;201.0;203.5;41326
2015-03-12;209.0;209.0;207.0;207.5;6602
2015-03-11;205.0;209.0;204.0;209.0;9075
2015-03-10;207.0;207.0;203.0;203.0;9915
2015-03-09;207.0;207.0;204.0;205.5;6128
2015-03-06;205.5;206.5;203.0;206.5;32062
2015-03-05;200.0;207.0;200.0;206.0;26226
2015-03-04;201.5;202.0;198.5;201.5;19836
2015-03-03;209.0;209.5;200.0;201.5;150481
2015-03-02;208.0;210.0;207.5;209.0;14221
2015-02-27;209.0;209.0;206.5;207.5;6954
2015-02-26;207.5;209.5;207.0;209.0;6839
2015-02-25;210.0;210.0;207.0;207.5;9555
2015-02-24;208.0;209.5;206.5;209.5;12314
2015-02-23;208.5;210.0;205.0;208.0;29530
2015-02-20;212.0;212.0;208.5;210.0;13906
2015-02-19;214.5;215.0;209.5;213.0;12094
2015-02-18;211.5;216.0;209.0;215.0;16119
2015-02-17;214.0;214.0;208.0;212.5;9598
2015-02-16;217.0;218.5;208.0;214.0;19483
2015-02-13;208.0;216.0;206.0;216.0;55991
2015-02-12;202.0;209.0;201.5;208.0;27467
2015-02-11;199.0;201.0;195.0;201.0;28831
2015-02-10;200.0;200.5;198.0;199.0;19308
2015-02-09;200.5;201.0;197.0;198.0;30985
2015-02-06;198.0;200.5;194.5;200.5;63477
2015-02-05;200.0;200.0;198.0;199.0;10580
2015-02-04;199.0;199.0;196.5;198.0;11345
2015-02-03;199.5;199.5;198.0;199.5;12456
2015-02-02;200.0;201.0;198.5;199.0;11107
2015-01-30;197.5;201.0;197.5;199.5;24158
2015-01-29;195.0;198.0;194.0;197.5;17199
2015-01-28;192.0;195.5;191.5;195.5;14884
2015-01-27;195.0;195.0;188.0;189.5;19224
2015-01-26;190.0;194.0;189.5;193.5;24479
2015-01-23;190.0;191.5;189.5;190.5;31716
2015-01-22;191.0;191.0;186.0;190.0;51262
2015-01-21;189.5;190.5;188.5;190.0;16646
2015-01-20;188.5;190.0;187.0;188.5;25647
2015-01-19;190.0;190.5;187.0;187.5;35444
2015-01-16;188.5;189.5;186.5;188.0;20219
2015-01-15;190.0;191.5;185.0;187.0;47402
2015-01-14;192.0;192.0;187.0;188.0;56773
2015-01-13;184.5;191.0;184.5;187.5;70074
2015-01-12;183.0;183.5;179.5;183.5;57164
2015-01-09;181.0;183.0;177.0;179.0;15577
2015-01-08;183.0;184.0;179.0;182.0;19049
2015-01-07;188.0;188.0;180.5;181.5;12661
2015-01-06;;189.0;189.0;189.0;0
2015-01-05;190.0;190.0;187.0;189.0;2920
2015-01-02;184.0;189.5;183.0;186.5;6012
2015-01-01;183.0;183.0;181.5;182.5;23055
2014-12-30;183.0;183.0;181.5;182.5;23055
2014-12-29;182.0;185.0;182.0;183.0;6219
2014-12-23;181.0;184.5;181.0;183.0;6559
2014-12-22;179.5;184.0;178.5;181.0;20580
2014-12-19;180.0;181.0;178.0;178.0;6606
2014-12-18;175.0;178.5;175.0;177.5;201830
2014-12-17;178.0;178.0;173.5;173.5;11934
2014-12-16;178.0;178.0;176.5;177.0;10734
2014-12-15;181.5;181.5;177.5;178.0;6364
2014-12-12;179.0;182.0;178.0;181.5;4451
2014-12-11;180.5;180.5;178.0;180.0;1194
2014-12-10;182.0;182.0;178.5;180.5;4413
2014-12-09;182.0;182.0;178.5;180.5;3613
2014-12-08;180.5;181.5;180.5;181.5;1717
2014-12-05;187.0;187.0;178.0;180.5;9102
2014-12-04;182.0;182.0;178.0;180.0;9934
2014-12-03;184.0;184.0;180.0;181.5;10398
2014-12-02;185.0;185.0;182.0;183.5;6164
2014-12-01;188.5;188.5;185.0;186.0;8294
2014-11-28;186.0;189.0;185.5;189.0;5925
2014-11-27;188.0;189.0;187.0;189.0;1086
2014-11-26;189.0;190.0;186.5;186.5;3169
2014-11-25;188.0;190.0;187.0;189.0;4760
2014-11-24;190.0;190.0;185.0;188.0;7270
2014-11-21;187.0;189.0;185.5;189.0;2769
2014-11-20;185.5;189.0;185.5;186.5;6172
2014-11-19;183.5;186.0;182.5;185.5;5475
2014-11-18;186.5;186.5;182.5;183.0;4519
2014-11-17;187.0;187.0;185.5;185.5;10750
2014-11-14;184.0;187.0;180.0;187.0;6864
2014-11-13;189.0;189.0;181.5;186.0;7545
2014-11-12;187.0;191.0;186.5;188.0;11507
2014-11-11;180.0;185.5;179.0;185.5;8509
2014-11-10;171.5;179.0;171.5;178.5;9241
2014-11-07;171.5;171.5;170.0;171.5;11493
2014-11-06;170.0;170.0;169.5;170.0;10772
2014-11-05;172.0;172.0;169.0;170.0;7788
2014-11-04;170.0;171.5;168.0;168.0;48980
2014-11-03;172.0;172.0;168.0;168.5;157432
2014-10-31;169.5;172.0;169.5;172.0;7419
2014-10-30;168.5;169.5;168.5;169.5;5956
2014-10-29;169.5;170.0;169.0;169.0;8682
2014-10-28;168.0;171.5;167.0;170.0;19477
2014-10-24;168.0;169.0;167.5;168.0;5266
2014-10-23;169.5;169.5;165.5;169.5;9449
2014-10-22;169.0;169.5;168.5;169.5;10804
2014-10-21;165.0;170.0;165.0;167.5;12973
2014-10-20;164.0;167.0;164.0;165.0;179891
2014-10-17;164.0;170.0;163.5;164.0;26110
2014-10-16;164.5;168.5;158.5;163.5;17290
2014-10-15;172.0;172.0;164.5;164.5;16759
2014-10-14;166.0;170.0;166.0;170.0;13692
2014-10-13;167.5;168.5;166.0;168.0;11141
2014-10-10;172.0;172.0;168.0;169.0;27123
2014-10-09;172.0;176.0;170.5;172.0;8339
2014-10-08;175.0;175.0;171.0;171.5;29311
2014-10-07;177.0;177.5;171.0;175.0;11544
2014-10-06;176.0;178.5;175.0;175.5;7189
2014-10-03;177.0;177.5;174.0;175.5;9566
2014-10-02;182.0;182.0;175.5;177.0;11940
2014-10-01;176.0;179.5;175.0;179.5;22322
2014-09-30;171.0;171.5;170.0;170.0;4085
2014-09-29;172.0;173.0;170.0;170.0;3668
2014-09-26;170.0;171.5;169.5;170.0;3353
2014-09-25;172.0;172.0;168.0;169.0;4219
2014-09-24;170.5;170.5;165.0;167.5;4235
2014-09-23;171.0;171.0;166.0;169.0;8379
2014-09-22;174.0;174.0;171.0;171.0;10703
2014-09-19;175.0;179.0;173.0;174.0;2821
2014-09-18;176.0;178.0;173.5;175.5;1793
2014-09-17;171.5;174.0;170.5;173.0;1666
2014-09-16;171.5;173.5;169.0;170.0;2452
2014-09-15;172.0;173.0;169.0;171.5;16645
2014-09-12;174.5;176.5;171.0;175.0;5360
2014-09-11;180.0;180.0;173.5;174.5;5628
2014-09-10;176.5;178.0;176.0;176.0;2627
2014-09-09;179.5;180.0;177.0;179.0;1556
2014-09-08;180.0;180.0;178.5;179.5;1579
2014-09-05;180.0;181.0;179.0;180.0;1855
2014-09-04;179.0;181.0;179.0;181.0;2215
2014-09-03;175.0;180.5;173.0;179.0;14349
2014-09-02;182.0;184.5;177.0;177.0;6358
2014-09-01;184.5;185.0;182.0;182.0;2603
2014-08-29;183.0;184.5;182.0;184.5;6228
2014-08-28;184.5;184.5;183.0;183.0;3609
2014-08-27;185.0;185.0;184.0;184.5;3417
2014-08-26;186.0;186.0;184.0;184.5;2031
2014-08-25;184.5;185.5;183.5;184.0;4878
2014-08-22;187.0;187.0;184.0;184.5;2841
2014-08-21;185.5;187.0;185.0;185.5;6550
2014-08-20;187.5;190.0;186.0;187.0;3755
2014-08-19;190.0;191.0;189.0;189.0;3755
2014-08-18;190.0;190.0;190.0;190.0;394
2014-08-15;188.0;190.5;188.0;190.5;2241
2014-08-14;189.0;189.0;185.0;188.0;8293
2014-08-13;186.5;188.5;186.5;187.5;5764
2014-08-12;188.5;190.0;186.0;186.5;4457
2014-08-11;185.5;190.0;185.0;188.5;10513
2014-08-08;192.0;192.0;185.0;185.5;5487
2014-08-07;191.0;194.0;191.0;192.0;2695
2014-08-06;194.5;194.5;191.0;191.0;3484
2014-08-05;194.5;196.0;193.5;194.5;1724
2014-08-04;194.0;195.0;191.5;192.0;887
2014-08-01;194.5;194.5;191.0;191.5;2302
2014-07-31;192.5;194.5;192.5;194.5;92
2014-07-30;193.0;194.5;193.0;194.5;116
2014-07-29;196.5;196.5;193.5;194.5;1634
2014-07-28;200.0;200.0;195.0;195.0;1159
2014-07-25;198.5;200.0;197.0;200.0;18126
2014-07-24;193.0;198.5;193.0;198.5;2497
2014-07-23;196.5;196.5;192.0;192.5;1861
2014-07-22;195.0;197.0;194.0;196.5;1257
2014-07-21;196.0;196.0;193.0;194.0;1052
2014-07-18;196.0;196.0;191.0;196.0;3289
2014-07-17;190.5;194.0;190.5;193.0;4422
2014-07-16;192.5;195.0;189.0;190.5;4923
2014-07-15;195.5;197.0;192.5;193.0;6191
2014-07-14;196.0;196.0;195.0;195.5;5392
2014-07-11;194.0;198.0;194.0;197.0;2026
2014-07-10;197.5;198.5;193.0;198.5;3148
2014-07-09;197.5;199.5;197.5;198.0;17692
2014-07-08;200.0;200.0;195.5;199.0;2384
2014-07-07;201.5;202.5;200.0;202.5;2816
2014-07-04;199.5;204.0;198.0;201.0;7108
2014-07-03;196.5;199.5;196.5;197.5;4112
2014-07-02;196.5;198.0;196.0;196.5;7732
2014-07-01;196.5;197.0;195.5;196.5;8472
2014-06-30;200.0;200.0;194.0;195.0;23856
2014-06-27;198.0;199.5;195.0;199.5;2418
2014-06-26;195.0;198.0;195.0;198.0;1430
2014-06-25;198.0;198.0;194.0;195.0;3220
2014-06-24;195.0;195.5;194.0;195.0;7148
2014-06-23;192.0;195.0;192.0;195.0;2906
2014-06-20;;193.0;193.0;193.0;0
2014-06-19;191.5;195.0;191.5;193.0;5633
2014-06-18;193.0;195.0;193.0;195.0;6659
2014-06-17;190.0;195.0;190.0;193.0;11399
2014-06-16;199.5;199.5;190.0;190.0;10354
2014-06-13;200.0;201.5;196.0;200.0;1996
2014-06-12;198.5;199.5;195.0;198.5;23034
2014-06-11;200.0;201.5;200.0;201.0;11996
2014-06-10;200.0;203.0;200.0;200.5;20482
2014-06-09;200.0;200.5;196.5;200.0;33688
2014-06-06;;202.0;202.0;202.0;0
2014-06-05;201.0;202.0;198.0;202.0;5133
2014-06-04;196.0;200.0;193.0;200.0;19290
2014-06-03;201.0;201.0;196.5;197.0;29422
2014-06-02;203.0;203.0;197.0;200.0;9212
2014-05-30;205.5;205.5;201.5;203.0;2418
2014-05-28;202.0;205.5;202.0;205.5;4268
2014-05-27;204.0;204.0;200.0;202.0;9727
2014-05-26;207.0;210.0;203.5;203.5;3056
2014-05-23;207.0;208.5;202.0;206.5;7686
2014-05-22;205.0;205.5;203.5;205.5;1258
2014-05-21;210.0;210.0;202.5;205.5;9987
2014-05-20;200.5;210.5;200.5;210.5;11149
2014-05-19;200.0;200.5;196.0;200.5;3333
2014-05-16;192.0;198.0;191.0;196.0;3630
2014-05-15;193.0;205.0;191.5;205.0;11711
2014-05-14;195.0;195.0;191.5;193.0;4422
2014-05-13;190.5;199.0;189.0;193.0;10437
2014-05-12;198.0;198.5;194.0;194.0;14765
2014-05-09;198.0;198.5;195.5;198.0;8115
2014-05-08;193.0;198.5;193.0;198.5;17470
2014-05-07;195.0;195.0;190.5;193.0;10098
2014-05-06;193.0;195.0;190.5;195.0;9707
2014-05-05;188.0;195.0;188.0;193.0;17364
2014-05-02;183.5;189.5;182.5;189.5;13073
2014-05-01;;183.5;183.5;183.5;0
2014-04-30;186.0;186.0;183.0;183.5;679
2014-04-29;182.5;187.5;178.0;183.0;38805
2014-04-28;180.0;180.0;175.5;180.0;6237
2014-04-25;176.5;180.0;176.5;180.0;1349
2014-04-24;180.0;180.5;176.5;178.0;3275
2014-04-23;176.5;180.0;175.5;180.0;21432
2014-04-22;177.5;177.5;172.5;176.0;12220
2014-04-17;168.0;171.5;168.0;171.5;36511
2014-04-16;167.5;170.5;167.0;168.0;5699
2014-04-15;172.5;172.5;169.0;169.0;3844
2014-04-14;173.0;175.0;171.5;171.5;5264
2014-04-11;178.0;178.0;171.5;173.0;7804
2014-04-10;182.0;182.0;175.5;178.5;4879
2014-04-09;180.5;182.0;180.0;181.0;2200
2014-04-08;183.5;183.5;180.0;183.0;5076
2014-04-07;183.5;185.5;182.5;185.0;4379
2014-04-04;181.0;185.0;181.0;183.0;2101
2014-04-03;183.0;183.0;180.5;181.0;2481
2014-04-02;188.0;188.0;183.0;183.0;5056
2014-04-01;182.5;188.0;181.0;188.0;9521
2014-03-31;178.5;181.5;178.0;180.5;6524
2014-03-28;184.5;184.5;176.0;178.0;13145
2014-03-27;187.0;189.5;187.0;188.0;7526
2014-03-26;185.0;186.5;185.0;186.5;4861
2014-03-25;185.0;185.0;183.0;183.5;5097
2014-03-24;183.0;185.0;183.0;183.0;12329
2014-03-21;181.0;182.5;178.5;182.5;5576
2014-03-20;181.0;181.0;179.0;179.0;842
2014-03-19;180.0;181.0;178.5;181.0;5640
2014-03-18;179.0;180.0;178.5;179.5;3822
2014-03-17;177.5;180.0;173.0;179.0;71831
2014-03-14;178.0;180.0;177.5;177.5;6461
2014-03-13;179.5;180.5;178.0;178.0;11086
2014-03-12;179.0;180.0;178.0;179.0;53294
2014-03-11;178.0;180.0;178.0;179.0;5015
2014-03-10;177.0;180.0;177.0;178.0;8307
2014-03-07;178.5;179.5;176.5;177.5;8674
2014-03-06;178.0;178.5;177.5;178.5;2068
2014-03-05;177.5;180.0;177.5;179.5;29326
2014-03-04;173.0;177.0;173.0;176.0;3668
2014-03-03;173.5;174.0;172.5;173.0;9588
2014-02-28;175.0;176.0;174.5;174.5;6451
2014-02-27;177.0;177.0;175.0;175.0;2840
2014-02-26;174.0;176.0;173.5;173.5;3951
2014-02-25;174.0;174.5;172.5;173.5;2553
2014-02-24;173.0;174.0;172.5;172.5;6181
2014-02-21;174.0;174.0;173.0;173.0;8186
2014-02-20;174.0;175.0;174.0;174.0;3564
2014-02-19;174.5;174.5;172.5;174.0;1096
2014-02-18;173.0;174.0;171.5;174.0;2133
2014-02-17;176.0;176.0;173.0;174.0;6954
2014-02-14;176.0;176.5;172.0;172.0;29457
2014-02-13;173.5;176.0;173.5;175.5;1331
2014-02-12;176.0;177.5;173.0;173.5;7418
2014-02-11;176.5;178.5;173.5;175.0;15285
2014-02-10;176.5;178.5;174.0;176.5;3109
2014-02-07;178.0;178.0;174.5;176.0;1513
2014-02-06;172.0;176.0;172.0;176.0;2526
2014-02-05;171.0;174.0;171.0;172.0;3907
2014-02-04;169.5;172.0;167.5;170.0;4189
2014-02-03;168.0;169.5;166.5;168.0;5109
2014-01-31;171.0;171.5;168.0;168.0;9367
2014-01-30;171.5;171.5;165.0;168.0;8109
2014-01-29;175.0;177.0;171.0;171.5;7641
2014-01-28;172.0;175.0;172.0;175.0;4702
2014-01-27;175.0;175.0;170.0;171.5;4823
2014-01-24;178.0;180.0;175.0;176.0;3725
2014-01-23;180.0;182.5;179.0;179.0;12118
2014-01-22;181.0;182.5;178.5;179.5;3347
2014-01-21;183.0;183.0;179.0;179.0;3082
2014-01-20;182.5;184.0;180.0;182.0;12058
2014-01-17;180.0;182.0;180.0;182.0;5721
2014-01-16;177.0;179.0;176.0;179.0;5514
2014-01-15;174.0;176.5;172.5;176.5;6552
2014-01-14;171.0;174.0;171.0;173.0;2888
2014-01-13;174.0;175.0;171.0;173.0;10063
2014-01-10;175.5;176.0;171.0;175.5;6016
2014-01-09;178.0;178.0;175.0;175.5;3528
2014-01-08;178.0;178.5;175.0;178.0;6736
2014-01-07;175.5;177.0;171.5;177.0;7490
2014-01-06;;176.0;176.0;176.0;0
2014-01-03;178.0;179.5;176.0;176.0;3446
2014-01-02;177.0;183.0;171.5;180.0;12644
2013-12-31;;177.0;177.0;177.0;0
2013-12-30;169.5;177.0;168.0;177.0;58187
2013-12-27;170.0;170.5;169.5;170.5;4081
2013-12-23;169.5;169.5;166.5;169.0;5018
2013-12-20;168.0;169.5;166.5;169.5;11369
2013-12-19;169.5;171.0;167.0;168.0;10360
2013-12-18;169.0;171.0;167.5;171.0;6622
2013-12-17;169.5;170.0;168.0;169.0;1468
2013-12-16;169.0;171.0;165.5;171.0;47852
2013-12-13;168.5;169.0;166.0;167.0;3389
2013-12-12;169.0;169.0;167.5;167.5;1574
2013-12-11;167.5;169.0;167.5;169.0;3488
2013-12-10;167.5;171.0;164.5;167.5;13555
2013-12-09;169.5;170.0;167.5;169.0;6640
2013-12-06;169.5;170.0;168.0;170.0;1007
2013-12-05;172.5;172.5;168.5;171.0;4167
2013-12-04;171.5;172.0;171.5;172.0;410
2013-12-03;171.0;173.0;171.0;171.5;2103
2013-12-02;169.5;171.0;169.0;170.5;1473
2013-11-29;171.0;171.0;168.0;171.0;3349
2013-11-28;173.0;174.0;172.5;172.5;5844
2013-11-27;171.0;174.0;170.0;174.0;112327
2013-11-26;169.5;171.0;168.0;171.0;6650
2013-11-25;168.0;170.0;167.5;170.0;14799
2013-11-22;170.0;170.0;168.0;168.5;1417
2013-11-21;169.5;170.0;168.0;168.5;2247
2013-11-20;167.5;172.0;167.5;171.0;15313
2013-11-19;169.5;169.5;168.0;169.0;7433
2013-11-18;169.0;169.0;167.0;169.0;500
2013-11-15;169.5;169.5;167.0;168.5;6721
2013-11-14;170.0;170.0;167.0;169.5;3302
2013-11-13;171.5;171.5;168.0;170.0;3255
2013-11-12;168.5;170.0;167.0;170.0;5791
2013-11-11;171.0;172.0;169.5;170.0;3966
2013-11-08;172.0;172.0;169.0;171.0;3708
2013-11-07;175.0;175.0;169.5;172.0;7763
2013-11-06;172.0;174.0;169.5;174.0;5126
2013-11-05;168.0;171.5;168.0;171.5;6772
2013-11-04;166.0;168.5;165.0;168.0;5102
2013-11-01;171.5;171.5;165.0;165.0;6401
2013-10-31;168.0;170.0;168.0;169.5;7467
2013-10-30;167.5;170.0;167.0;170.0;31555
2013-10-29;171.0;171.0;165.5;167.0;37963
2013-10-28;173.0;173.0;168.0;169.0;253398
2013-10-25;173.0;173.5;170.5;173.5;1021
2013-10-24;175.0;175.0;170.5;171.0;7250
2013-10-23;173.0;184.5;172.0;175.0;10802
2013-10-22;165.0;173.0;165.0;173.0;4116
2013-10-21;165.5;170.0;165.0;165.0;5193
2013-10-18;169.5;169.5;166.0;166.0;1884
2013-10-17;166.0;169.5;165.0;169.5;4750
2013-10-16;167.0;167.0;164.0;165.5;3784
2013-10-15;168.0;168.5;165.0;167.5;2466
2013-10-14;166.0;169.0;164.0;166.5;3765
2013-10-11;170.5;172.0;168.5;170.0;2805
2013-10-10;167.0;171.0;167.0;170.0;6503
2013-10-09;166.0;168.5;165.0;167.0;4274
2013-10-08;161.5;167.5;161.5;167.5;53693
2013-10-07;166.0;167.5;163.0;167.5;3939
2013-10-04;164.5;166.0;164.5;166.0;1469
2013-10-03;163.0;167.0;162.5;166.0;2649
2013-10-02;161.0;165.0;160.5;165.0;6296
2013-10-01;162.0;164.5;161.0;163.0;5507
2013-09-30;163.5;163.5;157.0;162.0;11939
2013-09-27;169.5;170.0;166.5;167.5;3932
2013-09-26;167.5;171.0;167.5;169.0;8853
2013-09-25;169.0;170.5;168.0;169.0;2253
2013-09-24;168.0;171.0;167.5;170.5;21766
2013-09-23;170.5;171.0;167.5;168.0;6258
2013-09-20;167.0;170.0;165.5;170.0;9377
2013-09-19;166.5;168.0;166.0;166.0;3104
2013-09-18;167.5;168.0;165.0;166.5;4255
2013-09-17;169.0;169.0;167.0;167.5;1531
2013-09-16;170.5;172.0;167.5;169.5;5543
2013-09-13;167.0;172.0;167.0;170.0;9321
2013-09-12;165.0;167.5;164.5;167.5;49578
2013-09-11;162.5;167.0;162.5;165.5;7048
2013-09-10;163.0;166.0;162.0;165.5;15684
2013-09-09;160.0;162.0;159.5;162.0;2757
2013-09-06;160.0;160.0;159.0;159.5;2555
2013-09-05;161.5;162.0;158.5;160.0;2739
2013-09-04;163.0;163.0;159.0;162.5;4684
2013-09-03;166.0;166.0;161.0;163.0;7144
2013-09-02;162.0;162.0;159.5;161.0;7401
2013-08-30;161.0;162.0;160.0;161.0;2964
2013-08-29;157.5;162.0;157.5;161.0;8226
2013-08-28;159.0;159.0;157.0;157.0;4231
2013-08-27;161.5;162.0;158.0;158.5;11401
2013-08-26;155.0;165.0;155.0;161.5;425636
2013-08-23;152.5;154.5;152.0;154.5;9246
2013-08-22;152.5;153.5;151.5;151.5;16641
2013-08-21;150.0;154.0;150.0;152.5;6618
2013-08-20;149.0;151.0;148.75;150.0;70083
2013-08-19;145.25;149.0;145.25;148.5;11446
2013-08-16;146.25;147.0;144.0;144.0;3375
2013-08-15;143.75;150.0;143.75;146.5;13064
2013-08-14;144.0;149.0;144.0;148.0;10207
2013-08-13;144.75;147.5;144.75;146.25;4275
2013-08-12;146.0;146.5;145.0;145.0;1422
2013-08-09;145.5;146.25;145.0;146.0;3726
2013-08-08;145.25;145.5;145.0;145.0;3276
2013-08-07;146.0;146.0;143.5;145.25;2431
2013-08-06;145.0;146.25;145.0;146.0;2884
2013-08-05;145.0;147.0;144.75;144.75;2661
2013-08-02;145.0;146.25;144.0;145.0;4629
2013-08-01;141.25;145.0;141.25;145.0;3897
2013-07-31;142.25;143.5;141.75;143.5;2596
2013-07-30;141.75;143.75;140.75;143.0;6301
2013-07-29;140.5;141.75;140.5;140.75;2974
2013-07-26;140.0;141.75;140.0;140.0;385
2013-07-25;139.0;142.0;139.0;139.75;3485
2013-07-24;139.25;140.75;139.25;140.0;2925
2013-07-23;139.0;140.5;138.5;139.75;4435
2013-07-22;139.0;140.25;138.0;138.5;1770
2013-07-19;139.0;139.0;139.0;139.0;2481
2013-07-18;139.0;139.0;139.0;139.0;1022
2013-07-17;140.75;140.75;140.0;140.0;1604
2013-07-16;141.25;141.25;139.0;140.0;7252
2013-07-15;137.0;139.75;137.0;138.75;1937
2013-07-12;137.75;138.0;137.5;137.75;3368
2013-07-11;137.25;137.75;137.25;137.75;2379
2013-07-10;137.25;137.5;137.25;137.25;1902
2013-07-09;138.0;140.75;137.0;137.25;3699
2013-07-08;137.0;139.0;137.0;138.5;1152
2013-07-05;137.0;138.25;137.0;137.0;223
2013-07-04;137.0;138.25;137.0;137.0;557
2013-07-03;139.5;139.5;137.0;137.0;1528
2013-07-02;140.0;140.0;137.75;139.0;1351
2013-07-01;137.75;139.5;137.75;139.0;2607
2013-06-28;139.5;139.5;137.75;137.75;1398
2013-06-27;139.0;139.0;138.0;139.0;2744
2013-06-26;138.25;139.0;137.5;137.5;4024
2013-06-25;138.25;139.75;137.0;137.0;2777
2013-06-24;135.5;137.0;133.25;137.0;3589
2013-06-21;;138.0;138.0;138.0;0
2013-06-20;135.5;138.0;135.5;138.0;1384
2013-06-19;138.75;140.0;137.5;137.5;494
2013-06-18;138.0;140.0;137.0;140.0;7412
2013-06-17;134.0;138.25;134.0;138.0;5874
2013-06-14;130.5;135.0;130.25;134.5;48803
2013-06-13;130.0;130.5;128.0;130.5;3751
2013-06-12;130.5;131.5;128.75;129.5;13284
2013-06-11;135.25;135.25;128.0;129.5;6830
2013-06-10;140.0;140.0;133.0;133.0;2750
2013-06-07;137.0;137.0;135.0;135.75;2973
2013-06-06;;138.25;138.25;138.25;0
2013-06-05;141.25;141.25;135.75;138.25;2823
2013-06-04;141.0;142.25;140.75;141.25;3661
2013-06-03;140.0;141.0;138.5;141.0;5249
2013-05-31;139.0;139.0;138.0;138.75;942
2013-05-30;137.0;138.5;137.0;138.0;2811
2013-05-29;135.5;137.75;134.5;137.75;2783
2013-05-28;142.75;142.75;135.5;135.75;1705
2013-05-27;135.5;138.0;135.5;138.0;10322
2013-05-24;137.5;138.0;134.75;137.0;2071
2013-05-23;140.0;140.0;138.25;138.5;7117
2013-05-22;140.0;141.25;138.0;141.25;80217
2013-05-21;141.0;141.0;138.0;140.5;6299
2013-05-20;141.0;142.5;140.75;142.5;5873
2013-05-17;138.75;141.0;138.0;141.0;5449
2013-05-16;135.5;138.75;135.5;138.75;3325
2013-05-15;138.0;139.0;137.0;137.0;1553
2013-05-14;135.75;137.0;135.5;137.0;77001
2013-05-13;136.0;137.0;135.0;137.0;2252
2013-05-10;129.0;136.0;129.0;136.0;7196
2013-05-09;;134.25;134.25;134.25;0
2013-05-08;134.0;135.0;133.0;134.25;4840
2013-05-07;135.0;135.0;133.0;134.0;2700
2013-05-06;134.0;134.0;133.0;133.0;14852
2013-05-03;134.0;135.0;132.0;134.0;5977
2013-05-02;129.0;133.25;129.0;133.25;6345
2013-05-01;;132.0;132.0;132.0;0
2013-04-30;132.0;133.75;131.25;132.0;3219
2013-04-29;136.0;136.0;131.75;131.75;6949
2013-04-26;134.75;137.25;134.75;136.0;7176
2013-04-25;132.25;137.0;132.0;136.75;17994
2013-04-24;133.5;135.0;132.25;133.0;7972
2013-04-23;131.0;133.5;131.0;133.0;22730
2013-04-22;127.0;129.5;126.5;129.5;21697
2013-04-19;125.0;127.0;125.0;126.0;7872
2013-04-18;128.5;128.75;125.25;126.5;6821
2013-04-17;127.5;127.75;126.5;127.75;4370
2013-04-16;130.0;130.0;127.0;127.25;4335
2013-04-15;134.25;134.25;129.5;131.5;4650
2013-04-12;134.5;134.75;134.25;134.25;641
2013-04-11;132.75;134.25;132.0;133.75;5609
2013-04-10;135.0;135.0;131.5;132.75;13860
2013-04-09;136.25;136.75;135.0;136.75;6508
2013-04-08;139.5;139.5;134.0;135.0;4124
2013-04-05;144.0;144.0;137.0;137.0;3783
2013-04-04;143.0;143.75;141.25;141.5;2113
2013-04-03;144.0;144.0;143.5;143.75;3525
2013-04-02;145.0;145.0;144.0;145.0;4972
2013-04-01;;143.5;143.5;143.5;0
2013-03-29;140.0;143.5;143.5;143.5;12074
2013-03-28;140.0;142.5;140.0;142.5;12074
2013-03-27;140.0;142.5;140.0;142.5;12074
2013-03-26;139.25;140.0;138.5;140.0;7034
2013-03-25;137.25;142.5;137.25;140.0;7552
2013-03-22;139.5;140.5;135.75;135.75;9083
2013-03-21;140.0;143.25;139.75;141.5;18764
2013-03-20;144.0;144.0;135.75;142.5;18674
2013-03-19;148.25;151.0;148.25;149.0;14241
2013-03-18;148.25;150.0;147.25;148.5;10777
2013-03-15;148.0;151.0;147.25;151.0;8458
2013-03-14;148.5;151.5;146.25;148.0;6704
2013-03-13;148.0;149.25;146.0;147.5;8231
2013-03-12;151.5;153.0;148.0;148.0;10757
2013-03-11;149.5;151.0;148.5;151.0;11859
2013-03-08;150.0;150.0;148.0;149.5;8119
2013-03-07;149.0;150.0;148.5;150.0;20024
2013-03-06;155.0;155.0;148.5;150.0;7913
2013-03-05;150.5;153.0;150.0;150.0;146124
2013-03-04;150.0;151.0;148.25;150.5;33316
2013-03-01;150.0;152.0;148.25;149.0;12671
2013-02-28;147.5;153.0;147.0;153.0;59199
2013-02-27;142.0;147.0;141.0;147.0;16885
2013-02-26;134.25;142.75;134.25;142.25;16139
2013-02-25;146.5;146.5;140.0;140.0;63090
2013-02-22;142.0;145.0;141.5;144.0;24838
2013-02-21;144.75;144.75;141.0;142.0;22789
2013-02-20;141.5;145.0;140.0;144.0;64143
2013-02-19;140.0;142.0;140.0;141.0;17907
2013-02-18;136.0;142.0;136.0;139.5;21634
2013-02-15;130.25;136.5;129.5;136.5;16032
2013-02-14;131.0;131.0;128.0;130.25;11244
2013-02-13;128.0;130.5;128.0;130.5;13458
2013-02-12;126.5;127.5;125.5;127.0;10323
2013-02-11;127.0;130.0;126.0;127.0;28636
2013-02-08;120.0;127.25;120.0;126.0;65254
2013-02-07;121.0;121.0;120.0;121.0;12742
2013-02-06;122.0;122.0;120.0;121.0;10265
2013-02-05;120.0;122.0;120.0;122.0;1103
2013-02-04;121.5;122.0;120.5;120.5;2991
2013-02-01;123.0;123.0;120.0;121.5;19276
2013-01-31;123.0;123.5;123.0;123.0;15943
2013-01-30;121.5;122.0;120.25;122.0;26096
2013-01-29;121.25;122.0;121.25;122.0;22573
2013-01-28;122.0;122.0;120.0;121.25;1500
2013-01-25;121.5;121.75;119.0;121.5;20675
2013-01-24;121.25;122.0;121.0;121.5;83877
2013-01-23;121.75;122.0;121.25;121.25;14775
2013-01-22;121.0;121.75;120.0;121.75;4757
2013-01-21;123.0;123.75;120.0;120.0;10475
2013-01-18;122.0;123.0;122.0;122.0;22267
2013-01-17;124.0;124.0;122.0;122.0;6578
2013-01-16;122.5;124.0;122.0;122.75;12899
2013-01-15;122.0;122.0;121.0;122.0;15958
2013-01-14;120.5;122.0;119.5;122.0;5504
2013-01-11;122.0;122.0;120.25;120.75;8238
2013-01-10;122.75;122.75;121.75;121.75;8006
2013-01-09;123.0;123.0;122.0;122.25;4692
2013-01-08;124.0;124.25;122.75;123.0;6549
2013-01-07;120.5;126.0;120.5;124.0;21289
2013-01-04;120.0;121.5;119.0;121.5;24460
2013-01-03;119.5;120.25;119.25;120.0;6042
2013-01-02;118.0;119.5;116.0;119.25;8517
2013-01-01;;116.0;116.0;116.0;0
2012-12-31;;116.0;116.0;116.0;0
2012-12-28;115.0;118.0;115.0;116.0;8042
