Dates;Open;High;Low;Close;Volume
2017-12-27;83.75;84.5;81.5;84.0;183048
2017-12-22;87.5;87.75;83.0;83.25;1326890
2017-12-21;88.0;88.5;86.75;87.75;135205
2017-12-20;89.5;90.5;86.0;87.5;266182
2017-12-19;85.75;91.25;85.25;89.0;273249
2017-12-18;84.0;86.0;83.75;85.75;148226
2017-12-15;85.25;85.75;83.0;84.25;86778
2017-12-14;85.0;85.5;84.0;85.5;345623
2017-12-13;84.75;85.5;84.25;85.0;207113
2017-12-12;83.0;86.0;82.5;85.0;289494
2017-12-11;81.5;83.0;80.0;82.75;188687
2017-12-08;75.75;80.75;75.75;80.75;293772
2017-12-07;78.75;79.0;75.25;75.75;114554
2017-12-06;77.25;79.5;75.5;79.0;231109
2017-12-05;74.0;78.0;73.75;77.75;212225
2017-12-04;78.25;78.5;73.75;74.5;237167
2017-12-01;77.75;79.25;76.25;76.25;199309
2017-11-30;79.25;81.0;76.75;76.75;1945450
2017-11-29;83.25;83.25;78.5;79.0;348586
2017-11-28;81.5;84.0;80.0;82.5;357527
2017-11-27;77.25;81.75;77.0;81.5;229381
2017-11-24;77.0;79.0;76.25;77.0;115429
2017-11-23;75.0;78.75;74.75;77.0;137835
2017-11-22;75.5;75.5;74.5;75.25;74686
2017-11-21;73.75;75.5;72.5;75.0;148346
2017-11-20;71.5;74.25;71.0;73.75;167046
2017-11-17;71.5;72.5;69.5;71.25;211490
2017-11-16;70.0;72.0;70.0;70.25;76010
2017-11-15;71.0;71.0;69.5;70.0;86701
2017-11-14;68.25;73.0;68.25;70.75;160395
2017-11-13;68.5;69.0;66.5;68.0;103319
2017-11-10;69.75;71.5;67.75;68.25;169376
2017-11-09;69.5;69.5;67.75;68.75;61315
2017-11-08;68.5;69.5;67.5;69.5;205350
2017-11-07;72.0;72.0;70.25;70.5;85290
2017-11-06;73.75;74.75;72.0;73.5;77610
2017-11-03;74.0;74.75;72.75;73.25;37180
2017-11-02;74.5;75.0;68.25;73.75;415527
2017-11-01;74.5;75.75;74.25;75.5;113487
2017-10-31;73.5;74.5;73.5;74.5;207803
2017-10-30;74.25;74.5;73.5;74.0;49393
2017-10-27;74.25;74.25;70.75;74.25;95312
2017-10-26;69.75;74.5;69.5;74.25;113912
2017-10-25;69.25;69.5;67.5;69.5;118619
2017-10-24;70.0;70.0;68.5;69.0;38703
2017-10-23;69.75;70.75;69.25;69.75;36158
2017-10-20;68.25;70.0;68.0;69.0;47081
2017-10-19;70.25;70.25;67.5;68.0;55909
2017-10-18;71.25;71.5;69.0;70.25;47745
2017-10-17;72.25;72.25;70.0;71.25;75637
2017-10-13;72.0;72.0;70.25;71.0;58143
2017-10-12;70.75;71.25;69.25;70.75;151789
2017-10-11;70.5;71.0;69.0;70.25;57832
2017-10-10;71.75;71.75;69.25;70.5;41168
2017-10-09;69.0;72.5;68.25;72.0;131471
2017-10-06;67.5;71.75;67.5;68.75;181963
2017-10-05;64.5;68.25;64.5;67.5;135019
2017-10-04;65.0;65.5;63.5;64.5;82469
2017-10-03;62.0;65.0;61.75;64.25;150467
2017-10-02;61.0;63.0;60.75;62.25;49067
2017-09-29;61.25;62.5;60.75;60.75;32131
2017-09-28;61.25;61.25;60.5;61.25;23410
2017-09-27;61.0;61.0;60.0;61.0;7190
2017-09-26;60.75;61.0;59.5;61.0;13240
2017-09-25;60.25;60.75;59.25;60.0;40795
2017-09-22;60.25;61.0;59.75;61.0;36748
2017-09-21;61.0;62.75;59.25;59.5;76101
2017-09-20;62.25;62.25;60.75;61.5;20502
2017-09-19;61.75;62.0;61.25;61.5;29270
2017-09-18;62.0;62.25;60.75;62.25;37545
2017-09-15;60.0;62.0;60.0;62.0;31553
2017-09-14;60.0;61.25;60.0;60.5;20213
2017-09-13;60.5;61.0;60.25;60.25;36182
2017-09-12;60.75;61.0;60.25;60.5;28831
2017-09-11;59.5;61.75;59.5;60.25;547529
2017-09-08;59.75;60.0;58.5;59.25;27630
2017-09-07;58.0;59.5;57.0;58.5;30213
2017-09-06;59.0;59.5;58.5;58.75;35506
2017-09-04;56.5;57.0;56.0;56.25;67696
2017-09-01;59.0;59.25;57.25;57.75;86471
2017-08-31;59.5;59.5;58.75;59.0;40512
2017-08-30;60.0;60.25;58.75;58.75;21434
2017-08-29;59.5;60.0;58.75;59.5;47513
2017-08-28;61.0;61.0;59.75;59.75;12397
2017-08-25;60.5;61.0;60.0;61.0;18376
2017-08-24;60.75;61.0;59.75;60.5;14805
2017-08-23;60.5;61.0;60.0;60.5;16619
2017-08-22;60.0;61.25;60.0;60.5;19230
2017-08-21;60.25;61.5;59.25;60.0;43962
2017-08-18;60.75;60.75;59.75;60.25;33937
2017-08-17;61.5;61.5;60.25;60.75;23572
2017-08-16;62.0;62.0;60.5;61.25;347662
2017-08-15;60.5;61.75;60.5;61.25;41640
2017-08-14;60.5;62.5;60.25;60.75;68802
2017-08-11;62.75;62.75;60.25;61.0;79296
2017-08-10;62.75;63.0;61.75;62.75;63046
2017-08-09;63.0;63.0;61.0;62.5;42691
2017-08-08;62.5;63.25;61.75;62.5;28891
2017-08-07;62.75;63.75;62.25;63.0;47913
2017-08-04;59.75;62.75;59.75;62.75;60190
2017-08-03;61.0;62.0;59.5;59.75;536338
2017-08-02;63.0;63.0;60.25;61.25;59161
2017-08-01;59.75;63.0;59.25;61.25;140977
2017-07-31;60.0;61.0;58.25;58.25;97785
2017-07-28;63.25;63.25;60.5;60.5;58419
2017-07-27;62.5;63.75;62.0;63.25;66232
2017-07-26;62.5;62.75;62.0;62.5;30495
2017-07-25;62.5;63.0;61.75;62.5;43181
2017-07-24;63.0;63.25;61.25;62.5;50263
2017-07-21;63.25;63.75;61.75;63.25;83710
2017-07-20;61.0;63.75;60.75;63.25;117975
2017-07-19;59.5;61.0;59.0;61.0;125646
2017-07-18;60.0;62.25;58.0;59.0;179727
2017-07-17;58.0;61.0;57.5;60.5;118417
2017-07-14;57.0;58.0;56.0;56.5;36454
2017-07-13;56.25;57.0;56.0;56.75;21330
2017-07-12;55.25;57.0;55.25;56.5;48468
2017-07-11;53.25;55.25;53.25;55.25;82786
2017-07-10;57.0;57.0;53.25;53.25;71821
2017-07-07;56.25;58.0;55.5;56.75;39214
2017-07-06;57.5;58.25;55.5;56.25;49783
2017-07-05;55.0;57.75;55.0;57.5;45667
2017-07-04;58.0;58.0;54.25;55.0;53670
2017-07-03;57.0;59.25;55.5;55.5;44824
2017-06-30;55.0;59.25;52.25;57.0;75011
2017-06-29;57.75;58.5;55.25;55.25;48318
2017-06-28;62.0;62.0;57.75;57.75;164516
2017-06-27;60.0;61.0;58.75;61.0;55813
2017-06-26;60.0;60.75;59.0;60.0;85472
2017-06-23;;60.0;60.0;60.0;0
2017-06-22;58.5;60.0;56.0;60.0;229087
2017-06-21;58.0;58.5;57.5;57.5;56543
2017-06-20;59.75;59.75;58.0;58.75;24613
2017-06-19;58.0;60.0;56.75;59.0;76137
2017-06-16;55.75;59.25;55.5;58.0;255988
2017-06-15;57.5;57.75;55.75;55.75;105464
2017-06-14;60.25;60.75;57.5;58.25;46165
2017-06-13;59.5;61.75;59.25;60.25;63596
2017-06-12;62.5;62.5;58.5;59.5;134008
2017-06-09;64.0;64.0;61.5;62.5;60812
2017-06-08;67.0;67.0;63.75;64.75;71795
2017-06-07;63.25;67.5;63.0;65.5;105172
2017-06-06;;63.25;63.25;63.25;0
2017-06-05;61.5;66.0;61.5;63.25;86748
2017-06-02;63.25;64.25;61.5;62.0;80212
2017-06-01;59.25;63.25;59.0;62.0;85555
2017-05-31;60.0;60.0;58.75;59.25;44241
2017-05-30;58.5;59.75;58.25;59.25;32283
2017-05-29;59.25;59.25;58.0;58.0;22576
2017-05-26;60.0;60.0;58.5;59.5;25855
2017-05-24;57.0;59.75;57.0;59.75;196550
2017-05-23;55.0;57.0;54.25;57.0;218399
2017-05-22;55.75;56.5;54.75;54.75;21166
2017-05-19;55.0;56.75;54.5;55.75;40039
2017-05-18;57.25;57.25;53.75;55.25;88868
2017-05-17;58.0;58.25;56.25;57.0;29415
2017-05-16;57.5;58.25;56.5;58.0;40639
2017-05-15;58.75;58.75;56.75;57.5;54678
2017-05-12;58.5;58.75;58.75;58.75;130016
2017-05-11;58.0;59.75;57.5;59.5;64160
2017-05-10;56.25;57.75;56.0;57.5;35173
2017-05-09;58.0;58.25;56.25;56.25;27158
2017-05-08;55.75;58.75;55.75;58.0;146306
2017-05-05;54.0;56.0;52.75;55.75;371782
2017-05-04;53.5;54.0;52.75;54.0;99310
2017-05-03;55.5;55.5;53.25;53.5;121516
2017-05-02;52.0;57.25;50.5;55.5;171197
2017-05-01;;50.5;50.5;50.5;0
2017-04-28;50.5;51.5;49.8;50.5;124589
2017-04-27;46.3;52.0;45.5;52.0;227975
2017-04-26;46.4;46.6;45.4;46.3;36690
2017-04-25;45.2;46.7;45.2;46.4;34898
2017-04-24;45.0;45.5;44.7;45.3;35652
2017-04-21;46.4;46.4;44.6;45.0;32146
2017-04-20;46.4;46.4;45.0;45.6;17206
2017-04-19;45.0;45.7;45.0;45.5;17008
2017-04-18;45.4;46.1;44.5;45.0;45457
2017-04-13;46.1;46.5;45.3;45.4;19835
2017-04-12;45.5;47.8;45.5;46.1;69325
2017-04-11;46.5;47.3;46.5;46.8;73971
2017-04-10;46.2;47.4;45.5;47.0;54188
2017-04-07;45.8;46.5;45.0;46.1;232241
2017-04-06;42.0;47.9;42.0;47.0;256104
2017-04-05;41.9;42.0;41.1;41.9;83773
2017-04-04;42.3;42.7;41.8;41.8;292294
2017-04-03;42.2;42.5;41.8;42.5;115018
2017-03-31;42.7;42.8;42.3;42.4;63032
2017-03-30;42.8;42.8;42.0;42.7;25224
2017-03-29;42.2;42.8;41.4;41.9;52653
2017-03-28;41.5;42.4;41.5;42.4;52048
2017-03-27;41.0;42.4;40.5;41.5;41227
2017-03-24;43.1;43.1;41.6;41.8;63811
2017-03-23;41.3;43.2;41.3;42.8;52725
2017-03-22;41.5;42.4;40.3;42.1;111299
2017-03-21;41.8;43.4;41.4;41.7;98764
2017-03-20;39.6;41.6;38.8;41.6;312598
2017-03-17;41.0;41.0;39.9;40.0;118822
2017-03-16;41.7;42.0;41.0;41.1;49471
2017-03-15;41.9;42.4;41.6;41.7;16361
2017-03-14;41.5;42.1;41.4;41.9;92267
2017-03-13;42.0;42.9;41.5;41.5;40729
2017-03-10;41.1;42.8;42.8;42.8;93030
2017-03-09;41.1;42.0;41.1;41.4;160077
2017-03-08;42.0;42.5;41.3;41.9;62793
2017-03-07;42.8;43.0;42.3;42.7;21360
2017-03-06;42.9;43.1;41.5;42.8;99930
2017-03-03;43.8;42.9;42.9;42.9;96565
2017-03-02;44.0;44.0;43.5;44.0;44832
2017-03-01;43.6;44.7;43.6;43.9;73504
2017-02-28;43.7;44.0;43.6;43.6;137546
2017-02-27;43.8;44.0;43.6;43.8;73336
2017-02-24;44.0;44.2;43.3;43.8;53600
2017-02-23;44.8;44.8;43.7;44.0;71425
2017-02-22;44.0;45.5;43.6;44.8;68283
2017-02-21;44.5;45.7;44.4;45.7;52313
2017-02-20;46.0;46.2;44.4;44.7;132771
2017-02-17;46.7;48.0;43.9;45.5;167040
2017-02-16;46.9;46.9;46.0;46.7;65266
2017-02-15;45.5;46.9;45.5;46.9;61515
2017-02-14;45.8;46.5;45.5;45.5;83134
2017-02-13;43.6;46.4;43.6;46.0;116160
2017-02-10;44.0;44.7;43.3;43.9;129335
2017-02-09;44.6;44.8;43.1;43.5;503300
2017-02-08;46.2;47.7;46.2;47.2;66648
2017-02-07;46.4;46.9;45.1;46.2;36171
2017-02-06;45.0;46.9;45.0;46.4;26696
2017-02-03;47.0;47.0;45.6;45.6;16606
2017-02-02;46.0;47.0;45.6;46.5;228989
2017-02-01;46.5;46.5;45.6;46.0;41969
2017-01-31;45.4;47.0;45.2;46.0;30553
2017-01-30;46.4;46.8;45.1;45.4;18928
2017-01-27;47.1;47.1;45.1;46.3;47632
2017-01-26;46.4;47.8;46.1;47.1;37055
2017-01-25;46.4;46.4;45.8;46.4;18325
2017-01-24;44.8;46.6;44.4;46.5;51018
2017-01-23;44.7;45.7;44.0;44.8;81369
2017-01-20;43.9;44.9;43.9;44.8;234532
2017-01-19;44.0;44.4;43.7;44.0;27135
2017-01-18;43.9;44.2;43.0;44.0;37915
2017-01-17;44.4;44.4;42.6;43.9;33940
2017-01-16;44.2;44.8;43.7;44.4;224336
2017-01-13;42.8;44.4;42.3;44.2;78830
2017-01-12;44.0;44.0;42.6;42.8;203204
2017-01-11;42.6;44.5;42.6;44.4;83846
2017-01-10;41.9;43.8;41.5;43.4;130508
2017-01-09;44.1;44.2;42.0;42.0;136268
2017-01-06;;44.1;44.1;44.1;0
2017-01-05;43.2;44.3;43.0;44.1;33171
2017-01-04;43.9;44.0;43.0;43.2;125227
2017-01-03;45.0;45.0;43.6;43.9;179685
2017-01-02;46.0;46.0;44.3;44.8;96108
2016-12-30;43.8;46.4;43.5;45.9;62258
2016-12-29;44.7;44.7;43.6;43.8;36315
2016-12-28;45.2;45.7;44.2;44.9;45309
2016-12-27;44.9;45.7;44.8;45.3;46897
2016-12-23;44.8;45.7;43.2;44.5;129661
2016-12-22;45.5;45.5;44.2;44.6;34083
2016-12-21;45.3;45.4;43.1;45.0;104444
2016-12-20;46.6;47.3;44.6;45.2;114124
2016-12-19;47.1;48.1;46.8;47.5;39353
2016-12-16;46.2;47.5;45.9;47.1;99649
2016-12-15;45.9;46.5;45.5;46.2;35306
2016-12-14;45.4;46.0;44.7;45.8;50782
2016-12-13;45.7;46.5;45.0;45.4;51264
2016-12-12;45.0;46.9;45.0;46.2;89339
2016-12-09;46.5;46.5;44.2;45.4;84735
2016-12-08;46.7;47.3;45.8;46.6;53622
2016-12-07;48.6;48.6;46.4;46.5;98336
2016-12-06;48.5;48.7;48.0;48.6;34062
2016-12-05;48.6;49.0;48.0;48.7;60589
2016-12-02;47.8;48.8;47.4;48.7;42809
2016-12-01;46.3;48.1;46.0;47.8;47817
2016-11-30;47.3;48.7;46.3;46.7;56330
2016-11-29;47.5;48.1;46.7;47.3;34626
2016-11-28;48.2;48.3;47.2;48.0;61130
2016-11-25;47.9;48.0;46.9;48.0;84859
2016-11-24;47.4;47.9;46.7;47.8;124816
2016-11-23;46.8;47.5;45.7;47.5;92579
2016-11-22;46.0;46.8;45.2;46.5;94204
2016-11-21;44.9;47.0;44.3;46.0;87039
2016-11-18;44.9;44.9;43.8;44.1;38683
2016-11-17;43.5;45.0;43.0;44.9;51875
2016-11-16;43.9;44.8;43.1;43.6;366183
2016-11-15;43.5;44.0;42.2;43.0;91417
2016-11-14;43.0;43.7;42.5;43.1;195242
2016-11-11;44.0;44.2;42.6;42.9;82298
2016-11-10;44.0;44.9;43.0;44.8;107852
2016-11-09;40.2;42.5;38.6;42.2;163632
2016-11-08;43.9;43.9;41.9;42.5;94054
2016-11-07;42.4;44.1;41.8;43.9;92539
2016-11-04;42.4;42.5;42.4;42.4;27965
2016-11-03;41.0;43.7;41.0;42.9;124890
2016-11-02;43.0;43.0;38.5;42.3;115415
2016-11-01;43.8;43.8;42.6;43.2;38103
2016-10-31;43.2;44.2;43.0;43.8;91329
2016-10-28;43.6;43.6;40.5;43.5;78108
2016-10-27;43.2;43.6;42.4;43.6;25775
2016-10-26;43.4;43.6;42.2;43.2;47508
2016-10-25;44.9;45.0;42.9;43.5;35226
2016-10-24;44.1;45.0;44.0;44.9;41170
2016-10-21;45.0;45.5;43.7;44.1;57445
2016-10-20;45.2;45.2;44.9;45.0;16774
2016-10-19;45.1;45.1;44.5;44.8;39114
2016-10-18;45.2;45.2;44.3;45.1;83326
2016-10-17;45.0;45.0;44.0;44.1;59643
2016-10-14;43.7;45.0;43.7;45.0;841862
2016-10-13;42.2;44.4;42.2;43.9;67670
2016-10-12;44.4;44.4;42.6;42.6;92357
2016-10-11;44.0;44.2;43.2;44.2;33554
2016-10-10;43.6;44.2;43.0;44.0;80927
2016-10-07;43.1;43.8;42.7;43.8;84012
2016-10-06;42.5;43.2;41.7;43.2;114238
2016-10-05;41.8;42.7;41.6;42.4;361992
2016-10-04;41.9;42.5;40.8;42.4;89091
2016-10-03;40.0;42.0;38.0;41.9;200803
2016-09-30;40.5;40.5;39.1;40.1;273645
2016-09-29;40.0;40.9;39.8;40.5;220901
2016-09-28;40.0;40.0;38.9;39.9;190602
2016-09-27;39.5;39.9;39.0;39.9;3230225
2016-09-26;37.9;39.5;37.3;39.5;70401
2016-09-23;39.5;39.6;37.5;38.0;82178
2016-09-22;37.8;38.4;36.9;38.3;247675
2016-09-21;38.8;39.3;37.5;37.5;75453
2016-09-20;39.0;39.2;38.7;38.7;32260
2016-09-19;39.0;39.2;38.5;39.0;40400
2016-09-16;38.7;39.0;38.3;39.0;71030
2016-09-15;39.5;40.0;38.7;38.7;47388
2016-09-14;39.0;39.4;38.2;39.0;53124
2016-09-13;39.2;39.6;38.4;38.7;100754
2016-09-12;37.8;38.0;36.3;37.7;90934
2016-09-09;39.9;40.3;38.0;38.2;115036
2016-09-08;39.3;40.2;39.3;39.8;156456
2016-09-07;38.1;39.3;38.1;39.1;134727
2016-09-06;38.0;39.2;37.8;38.1;76926
2016-09-05;37.3;38.1;37.3;38.1;84812
2016-09-02;37.1;37.3;36.7;37.3;87273
2016-09-01;37.0;37.0;36.6;37.0;100847
2016-08-31;36.2;37.3;36.2;36.9;80649
2016-08-30;37.5;37.6;36.2;36.3;130780
2016-08-29;37.5;37.5;36.4;37.3;73244
2016-08-26;36.3;37.1;36.0;37.1;141929
2016-08-25;36.4;36.6;35.5;36.2;182837
2016-08-24;37.2;37.2;35.6;36.0;1147698
2016-08-23;37.4;37.4;36.3;37.1;53608
2016-08-22;36.0;37.2;36.0;37.1;91146
2016-08-19;36.5;36.5;35.9;36.1;77287
2016-08-18;36.3;36.5;35.8;36.5;102077
2016-08-17;36.5;36.7;35.5;36.2;491645
2016-08-16;36.7;36.7;35.6;36.5;125901
2016-08-15;37.0;37.1;36.3;36.7;244467
2016-08-12;36.1;37.5;36.1;37.1;226933
2016-08-11;36.7;37.9;36.3;36.6;300856
2016-08-10;34.6;35.5;34.5;34.8;61925
2016-08-09;35.0;35.7;34.8;34.9;48871
2016-08-08;35.9;35.9;35.0;35.0;33868
2016-08-05;34.7;35.5;34.4;35.5;62094
2016-08-04;34.2;34.8;33.9;34.7;54311
2016-08-03;34.2;34.8;33.9;34.3;29278
2016-08-02;34.9;35.2;34.0;34.0;37727
2016-08-01;35.0;35.5;34.9;34.9;71888
2016-07-29;34.5;35.2;34.2;34.9;46097
2016-07-28;34.7;34.9;34.3;34.5;25313
2016-07-27;35.0;35.3;34.6;34.8;57214
2016-07-26;33.1;35.6;33.1;35.2;146055
2016-07-25;34.7;34.9;33.9;34.2;50815
2016-07-22;34.8;34.8;34.4;34.7;90128
2016-07-21;34.8;35.0;34.4;34.9;105116
2016-07-20;35.2;35.2;34.3;34.9;44592
2016-07-19;34.5;35.0;34.0;34.9;38417
2016-07-18;34.4;34.9;34.0;34.7;45863
2016-07-15;34.8;35.6;34.3;34.3;82222
2016-07-14;34.6;35.5;32.1;35.0;67474
2016-07-13;32.9;36.0;32.8;34.6;134857
2016-07-12;32.3;32.9;31.8;32.9;50960
2016-07-11;30.6;32.5;30.6;32.3;124244
2016-07-08;31.5;31.5;30.8;30.8;41247
2016-07-07;31.2;31.4;30.6;31.4;50711
2016-07-06;31.0;31.0;29.9;31.0;52356
2016-07-05;31.7;31.7;30.3;30.5;335139
2016-07-04;31.3;31.7;30.7;31.5;72458
2016-07-01;29.5;31.3;29.5;31.0;80370
2016-06-30;29.9;29.9;28.5;29.4;121619
2016-06-29;29.7;30.0;29.3;29.7;150930
2016-06-28;29.5;29.9;28.7;28.7;99021
2016-06-27;28.0;29.7;28.0;29.5;90287
2016-06-24;;30.7;30.7;30.7;0
2016-06-23;30.1;31.5;30.1;30.7;111578
2016-06-22;30.0;30.6;29.5;30.6;126838
2016-06-21;29.0;30.0;28.1;30.0;192450
2016-06-20;27.8;28.5;27.7;28.2;144928
2016-06-17;27.4;28.0;27.4;27.5;60641
2016-06-16;28.0;28.0;27.4;27.6;106094
2016-06-15;28.2;28.5;27.4;28.3;390373
2016-06-14;28.8;29.0;27.9;28.4;234514
2016-06-13;29.9;30.0;28.4;29.3;214969
2016-06-10;32.1;32.1;30.0;30.7;125902
2016-06-09;32.1;32.3;31.3;32.1;106949
2016-06-08;32.3;32.9;32.1;32.4;203767
2016-06-07;32.0;32.3;30.7;32.3;118871
2016-06-06;;31.2;31.2;31.2;0
2016-06-03;31.6;31.7;30.2;31.2;104795
2016-06-02;30.6;31.5;30.4;31.4;104003
2016-06-01;29.8;30.6;29.7;30.6;194758
2016-05-31;29.4;29.7;29.1;29.7;65869
2016-05-30;29.2;29.4;28.7;29.4;3386544
2016-05-27;28.9;29.2;28.6;29.2;66041
2016-05-26;29.0;29.0;28.6;28.9;25721
2016-05-25;29.7;29.7;28.5;29.0;63461
2016-05-24;29.7;29.7;28.4;29.0;56394
2016-05-23;29.5;29.6;28.2;29.6;84546
2016-05-20;28.6;29.1;28.3;28.7;70202
2016-05-19;28.2;29.2;27.3;29.2;169042
2016-05-18;29.1;29.1;27.0;28.2;9281360
2016-05-17;29.9;29.9;29.1;29.6;42370
2016-05-16;29.0;29.6;29.0;29.4;51000
2016-05-13;29.0;29.0;28.6;28.7;16234
2016-05-12;29.1;29.2;28.5;28.6;54922
2016-05-11;28.2;29.1;28.2;29.0;103592
2016-05-10;28.4;28.5;28.2;28.2;33307
2016-05-09;27.0;28.6;26.7;28.0;84340
2016-05-06;27.0;27.5;26.6;27.0;27613
2016-05-05;27.2;27.2;26.9;27.0;24292
2016-05-04;27.2;27.2;26.9;27.0;24292
2016-05-03;27.5;27.5;26.5;26.8;216660
2016-05-02;27.5;27.7;26.9;27.0;101865
2016-04-29;26.4;27.5;25.9;26.9;102178
2016-04-28;27.5;27.5;26.4;27.1;149340
2016-04-27;26.7;27.3;26.7;27.1;60566
2016-04-26;27.1;27.2;26.4;26.7;49885
2016-04-25;27.4;27.4;26.9;27.0;38572
2016-04-22;27.4;27.5;26.5;27.5;178402
2016-04-21;26.7;27.5;26.6;27.1;182423
2016-04-20;27.1;27.4;26.8;26.9;80575
2016-04-19;27.2;27.7;27.0;27.1;156041
2016-04-18;27.5;28.0;27.2;27.3;98085
2016-04-15;28.0;28.0;27.4;27.5;27064
2016-04-14;28.4;28.4;27.2;27.6;56604
2016-04-13;27.7;28.1;27.0;28.0;47751
2016-04-12;27.5;27.6;26.8;27.6;54225
2016-04-11;27.7;27.7;27.4;27.6;62799
2016-04-08;27.9;27.9;27.4;27.6;19133
2016-04-07;28.3;28.3;27.6;27.6;52538
2016-04-06;28.0;28.3;27.7;28.3;45529
2016-04-05;27.5;28.0;27.5;27.7;34485
2016-04-04;27.4;27.9;27.4;27.5;46754
2016-04-01;27.8;27.8;27.1;27.3;42322
2016-03-31;27.0;27.5;26.4;27.5;55260
2016-03-30;27.0;27.2;25.4;27.0;159875
2016-03-29;27.9;27.9;26.0;27.1;161297
2016-03-28;27.7;28.0;27.9;27.9;24513
2016-03-25;27.7;28.0;27.7;27.9;24513
2016-03-24;27.7;28.0;27.7;27.9;24513
2016-03-23;28.0;28.0;27.4;27.7;222153
2016-03-22;28.0;28.0;27.7;28.0;68396
2016-03-21;28.3;28.3;27.8;28.0;38455
2016-03-18;27.7;27.7;26.4;27.7;190700
2016-03-17;28.2;28.2;26.6;26.9;84595
2016-03-16;28.0;28.3;27.6;27.8;47093
2016-03-15;27.0;28.4;27.0;27.6;96447
2016-03-14;26.9;27.1;26.5;27.0;66942
2016-03-11;27.0;27.2;26.5;26.7;57992
2016-03-10;26.4;28.5;26.3;26.5;129410
2016-03-09;25.0;26.3;25.0;26.2;109717
2016-03-08;26.0;26.0;25.5;25.6;43039
2016-03-07;25.7;26.0;25.3;25.9;64985
2016-03-04;25.5;26.0;24.3;25.1;101574
2016-03-03;24.3;25.5;23.9;25.5;113536
2016-03-02;24.4;24.6;23.7;24.0;248985
2016-03-01;24.0;24.5;23.9;24.4;47613
2016-02-29;24.3;24.3;23.4;24.0;91519
2016-02-26;24.4;24.4;23.8;24.0;213999
2016-02-25;24.2;24.4;23.6;24.0;71482
2016-02-24;24.3;24.3;23.8;24.0;36704
2016-02-23;25.0;25.0;23.4;24.0;156802
2016-02-22;25.6;25.6;24.5;24.8;63985
2016-02-19;25.4;25.5;25.0;25.0;31158
2016-02-18;25.5;25.5;25.1;25.5;22887
2016-02-17;25.4;25.5;24.8;25.5;56222
2016-02-16;25.2;25.6;24.9;25.4;109182
2016-02-15;25.7;25.8;24.9;25.0;116521
2016-02-12;25.0;26.5;24.6;25.4;136171
2016-02-11;23.7;25.2;23.7;24.8;110698
2016-02-10;22.0;23.6;22.0;23.6;53748
2016-02-09;23.0;23.6;21.9;21.9;54586
2016-02-08;24.2;24.2;22.5;22.9;31355
2016-02-05;24.0;24.0;23.7;23.8;26813
2016-02-04;23.2;24.0;23.2;23.6;18149
2016-02-03;23.5;24.0;23.1;23.3;36996
2016-02-02;23.0;23.6;23.0;23.3;18546
2016-02-01;23.5;23.9;22.9;23.0;18547
2016-01-29;23.0;23.2;22.7;23.2;25665
2016-01-28;22.6;23.0;21.5;22.8;39496
2016-01-27;23.3;23.3;22.6;22.8;29109
2016-01-26;22.8;22.9;22.4;22.9;39749
2016-01-25;23.5;23.8;22.6;23.0;15836
2016-01-22;22.5;23.2;22.2;23.2;82545
2016-01-21;22.0;22.8;21.5;22.2;62150
2016-01-20;22.3;22.3;21.5;22.0;58173
2016-01-19;21.3;22.7;21.3;22.3;47091
2016-01-18;22.5;22.7;21.6;21.8;69610
2016-01-15;23.2;23.2;22.1;22.3;52826
2016-01-14;22.3;23.2;22.1;23.2;97145
2016-01-13;22.5;23.1;22.5;22.7;112784
2016-01-12;22.3;23.0;22.1;22.4;94195
2016-01-11;22.4;22.7;21.9;22.3;34136
2016-01-08;23.1;23.3;21.8;22.4;115666
2016-01-07;24.0;24.0;22.7;23.1;96097
2016-01-06;;24.2;24.2;24.2;0
2016-01-05;24.4;24.4;24.1;24.2;8520
2016-01-04;24.5;24.5;24.0;24.4;23069
2016-01-01;;24.6;24.6;24.6;0
2015-12-31;;24.6;24.6;24.6;0
2015-12-30;24.5;24.6;24.0;24.6;35208
2015-12-29;24.1;24.6;23.7;24.5;40780
2015-12-28;24.6;24.7;23.2;24.0;24658
2015-12-25;24.2;25.0;23.5;24.6;31248
2015-12-24;24.2;25.0;23.5;24.6;31248
2015-12-23;24.2;25.0;23.5;24.6;31248
2015-12-22;24.2;24.8;24.0;24.2;21254
2015-12-21;24.6;24.6;23.7;24.1;54896
2015-12-18;23.5;24.6;23.0;23.0;61518
2015-12-17;23.5;23.8;23.0;23.5;75868
2015-12-16;22.5;23.3;22.0;23.3;71666
2015-12-15;22.0;23.4;21.8;22.5;26024
2015-12-14;22.8;22.9;22.2;22.3;76212
2015-12-11;22.8;23.5;22.8;23.0;63924
2015-12-10;22.8;23.0;22.4;22.8;105151
2015-12-09;23.5;23.5;22.7;23.0;39340
2015-12-08;24.9;24.9;22.6;23.4;71158
2015-12-07;23.7;24.3;23.7;24.2;82959
2015-12-04;24.1;24.1;23.0;23.5;497307
2015-12-03;22.3;24.8;22.3;22.7;171829
2015-12-02;22.0;22.9;21.5;22.3;117328
2015-12-01;21.8;22.0;21.5;21.9;84112
2015-11-30;21.5;21.8;21.0;21.8;116843
2015-11-27;20.7;21.6;20.7;21.5;68837
2015-11-26;21.0;21.5;20.7;21.4;80994
2015-11-25;20.5;21.6;20.5;21.5;48479
2015-11-24;20.9;21.5;20.9;20.9;24456
2015-11-23;21.5;21.5;21.0;21.5;72149
2015-11-20;21.5;21.5;21.0;21.5;46182
2015-11-19;21.6;21.6;21.3;21.5;15189
2015-11-18;21.5;21.6;21.1;21.5;15697
2015-11-17;21.6;21.7;21.0;21.3;27711
2015-11-16;21.1;21.8;21.0;21.7;52055
2015-11-13;21.5;21.5;20.6;21.1;27077
2015-11-12;21.7;21.8;20.6;21.8;81024
2015-11-11;21.9;22.0;21.3;21.8;133976
2015-11-10;20.9;21.9;20.3;21.9;262438
2015-11-09;20.4;20.6;20.1;20.5;38129
2015-11-06;20.7;20.7;19.9;20.4;49895
2015-11-05;19.9;20.7;19.9;20.7;62122
2015-11-04;20.3;20.4;19.6;19.9;72996
2015-11-03;20.6;21.0;20.2;20.3;75193
2015-11-02;19.8;20.6;19.4;20.4;138169
2015-10-30;19.2;19.7;18.8;19.4;372421
2015-10-29;18.1;18.7;18.1;18.5;50083
2015-10-28;18.4;18.5;18.0;18.3;50575
2015-10-27;18.4;18.5;18.3;18.4;19343
2015-10-26;18.0;18.5;18.0;18.4;25873
2015-10-23;18.9;19.0;18.4;18.4;20069
2015-10-22;18.9;19.0;18.4;19.0;19825
2015-10-21;18.2;19.0;18.2;18.8;6790
2015-10-20;18.7;19.0;18.5;18.6;15774
2015-10-19;18.8;18.8;18.4;18.6;2991
2015-10-16;19.0;19.0;18.2;18.8;25263
2015-10-15;18.2;18.9;18.2;18.5;28267
2015-10-14;19.0;19.0;18.2;18.3;4839
2015-10-13;18.5;19.0;18.0;19.0;12279
2015-10-12;18.6;19.0;18.3;18.5;17246
2015-10-09;18.6;19.2;18.5;18.6;58257
2015-10-08;18.4;18.5;18.2;18.5;20511
2015-10-07;18.1;18.4;17.7;18.1;23990
2015-10-06;17.4;18.0;17.1;17.8;13688
2015-10-05;17.8;18.0;17.6;17.9;17073
2015-10-02;17.3;17.8;17.3;17.5;28651
2015-10-01;17.5;17.6;17.0;17.2;36040
2015-09-30;16.6;17.5;16.6;17.4;85032
2015-09-29;17.5;17.7;16.9;17.1;51008
2015-09-28;17.6;17.6;17.3;17.5;10659
2015-09-25;17.3;17.7;17.2;17.7;12683
2015-09-24;18.0;18.0;17.3;17.4;12658
2015-09-23;17.2;18.0;17.2;18.0;24592
2015-09-22;17.6;17.6;17.2;17.3;40090
2015-09-21;17.5;17.7;17.2;17.5;13843
2015-09-18;17.7;17.7;17.2;17.5;8199
2015-09-17;17.4;17.8;17.4;17.6;15170
2015-09-16;17.8;17.8;17.3;17.5;71166
2015-09-15;17.8;17.8;17.3;17.6;28014
2015-09-14;17.2;17.9;17.2;17.3;73513
2015-09-11;17.9;18.1;17.5;17.5;33473
2015-09-10;17.4;17.9;17.2;17.9;506563
2015-09-09;17.2;17.9;17.2;17.4;1171180
2015-09-08;17.5;17.9;17.1;17.7;168259
2015-09-07;17.9;17.9;17.0;17.9;99568
2015-09-04;17.8;17.8;17.4;17.4;28007
2015-09-03;17.5;18.0;17.5;18.0;42674
2015-09-02;17.5;18.0;17.5;17.5;4262
2015-09-01;18.0;18.0;17.4;17.8;9362
2015-08-31;17.8;18.0;17.8;18.0;32354
2015-08-28;17.5;18.0;17.5;18.0;36887
2015-08-27;17.3;17.6;17.1;17.6;56321
2015-08-26;17.2;17.5;17.1;17.4;33606
2015-08-25;16.8;17.5;16.8;17.1;84898
2015-08-24;17.7;17.7;17.0;17.2;128764
2015-08-21;17.7;18.3;17.2;18.3;40278
2015-08-20;18.6;18.6;18.1;18.1;28571
2015-08-19;18.5;18.8;18.0;18.4;68815
2015-08-18;18.5;18.8;18.2;18.8;50555
2015-08-17;18.4;18.9;18.0;18.5;78673
2015-08-14;18.8;18.8;18.6;18.6;16252
2015-08-13;18.9;19.0;18.8;19.0;81337
2015-08-12;19.0;19.0;18.8;19.0;59097
2015-08-11;18.8;19.0;18.7;18.8;44762
2015-08-10;18.9;19.0;18.8;19.0;25510
2015-08-07;18.8;18.9;18.5;18.9;18517
2015-08-06;18.8;18.9;18.6;18.8;18355
2015-08-05;18.7;18.8;18.6;18.7;9164
2015-08-04;18.9;18.9;18.6;18.9;21718
2015-08-03;19.0;19.0;18.4;18.9;13730
2015-07-31;18.9;18.9;18.6;18.7;8949
2015-07-30;18.9;19.0;18.7;19.0;13269
2015-07-29;19.0;19.0;18.4;18.9;8069
2015-07-28;18.6;18.8;18.4;18.7;7949
2015-07-27;19.0;19.0;18.6;19.0;12419
2015-07-24;18.9;19.0;18.9;19.0;14715
2015-07-23;19.0;19.0;18.8;18.9;25703
2015-07-22;18.9;19.0;18.6;19.0;56888
2015-07-21;19.1;19.1;18.8;18.9;46734
2015-07-20;19.0;19.0;18.7;18.7;35651
2015-07-17;19.2;19.3;18.6;19.0;44705
2015-07-16;18.8;19.1;18.8;19.1;37532
2015-07-15;18.8;19.3;18.4;18.9;54178
2015-07-14;18.7;18.8;18.5;18.8;73408
2015-07-13;18.3;18.8;18.3;18.8;59321
2015-07-10;17.8;18.4;17.6;18.2;140791
2015-07-09;17.5;17.7;17.3;17.6;84466
2015-07-08;17.3;17.7;17.3;17.7;17549
2015-07-07;17.9;17.9;17.5;17.8;84702
2015-07-06;17.8;17.8;17.5;17.6;51058
2015-07-03;17.8;17.8;17.7;17.8;19169
2015-07-02;17.7;17.8;17.5;17.8;64066
2015-07-01;17.2;17.7;17.1;17.6;34675
2015-06-30;16.7;17.4;16.6;17.3;46273
2015-06-29;16.8;17.0;16.3;17.0;45590
2015-06-26;17.7;17.7;16.8;17.5;39816
2015-06-25;17.1;17.7;16.9;17.4;138642
2015-06-24;18.0;18.0;17.2;17.7;29897
2015-06-23;17.5;17.7;17.5;17.7;11302
2015-06-22;17.5;17.5;17.2;17.5;26718
2015-06-19;;17.5;17.5;17.5;0
2015-06-18;17.5;17.5;16.6;17.5;42874
2015-06-17;16.9;17.5;16.6;17.5;85931
2015-06-16;16.9;17.0;16.1;16.7;81727
2015-06-15;17.9;17.9;16.5;17.0;64645
2015-06-12;17.3;17.6;17.3;17.5;23115
2015-06-11;17.4;17.7;17.2;17.3;100111
2015-06-10;17.7;17.9;17.2;17.2;53344
2015-06-09;17.3;17.7;17.3;17.6;37795
2015-06-08;17.5;18.0;17.2;17.7;38727
2015-06-05;17.9;17.9;17.2;17.6;76398
2015-06-04;18.3;18.4;17.3;17.9;128160
2015-06-03;18.4;18.5;17.9;18.2;90230
2015-06-02;18.4;18.4;18.0;18.4;16516
2015-06-01;18.4;18.5;18.2;18.3;68503
2015-05-29;18.6;18.6;18.0;18.3;59128
2015-05-28;18.4;18.5;18.3;18.5;30832
2015-05-27;18.0;18.5;18.0;18.5;52637
2015-05-26;18.5;18.5;17.9;18.0;48439
2015-05-25;18.5;18.5;18.2;18.5;45840
2015-05-22;18.2;18.5;18.0;18.4;145529
2015-05-21;18.0;18.2;17.7;18.2;54186
2015-05-20;17.3;18.0;17.2;18.0;80731
2015-05-19;17.1;17.3;17.0;17.3;74618
2015-05-18;17.3;17.6;17.0;17.2;130110
2015-05-15;16.8;17.5;16.7;17.3;129514
2015-05-14;17.0;17.1;16.7;17.0;124118
2015-05-13;17.0;17.1;16.7;17.0;124118
2015-05-12;16.9;16.9;16.6;16.9;1036598
2015-05-11;16.2;17.0;16.2;16.9;61561
2015-05-08;16.4;16.9;16.3;16.9;134701
2015-05-07;15.7;16.3;15.5;16.3;147696
2015-05-06;15.7;16.1;15.2;16.0;129150
2015-05-05;15.8;16.0;15.3;15.8;103980
2015-05-04;16.4;16.4;15.7;16.1;139957
2015-05-01;16.5;16.6;16.2;16.4;12260
2015-04-30;16.5;16.6;16.2;16.4;12260
2015-04-29;16.7;16.9;16.0;16.4;154414
2015-04-28;17.2;17.8;16.5;17.2;393013
2015-04-27;17.0;17.3;16.6;17.3;112630
2015-04-24;16.4;16.9;16.4;16.9;44503
2015-04-23;16.5;16.6;16.4;16.6;45975
2015-04-22;16.5;16.9;16.3;16.6;34688
2015-04-21;16.3;16.8;16.3;16.5;53476
2015-04-20;16.4;16.5;15.9;16.5;23563
2015-04-17;16.4;16.4;16.0;16.2;9153
2015-04-16;16.5;16.6;15.9;16.1;45261
2015-04-15;16.6;16.8;16.2;16.6;21504
2015-04-14;16.9;16.9;16.5;16.8;43548
2015-04-13;16.0;16.6;16.0;16.6;89495
2015-04-10;16.1;16.3;15.9;16.1;30291
2015-04-09;16.3;16.4;15.7;16.1;64295
2015-04-08;16.9;16.9;16.0;16.2;87878
2015-04-07;15.6;16.2;15.5;16.2;190638
2015-04-02;15.4;15.6;15.4;15.6;116853
2015-04-01;15.7;15.7;15.4;15.4;107048
2015-03-31;15.5;15.6;15.1;15.3;20327
2015-03-30;15.5;15.5;15.4;15.5;32757
2015-03-27;15.6;15.6;15.1;15.1;35490
2015-03-26;15.6;15.6;15.2;15.5;23673
2015-03-25;15.5;15.7;15.3;15.5;23719
2015-03-24;15.2;15.8;15.2;15.4;224181
2015-03-23;15.5;15.5;15.2;15.5;77155
2015-03-20;15.3;15.5;15.3;15.5;41267
2015-03-19;15.3;15.8;15.2;15.4;59648
2015-03-18;15.2;15.5;15.1;15.3;101280
2015-03-17;15.2;15.3;15.0;15.2;46447
2015-03-16;15.0;15.3;14.9;15.2;63821
2015-03-13;15.2;15.3;15.0;15.2;32204
2015-03-12;15.1;15.3;14.95;15.3;56406
2015-03-11;15.0;15.3;14.95;15.2;32904
2015-03-10;15.2;15.2;15.0;15.2;48163
2015-03-09;15.4;15.4;15.0;15.2;18569
2015-03-06;15.0;15.3;14.55;15.2;33225
2015-03-05;14.75;15.0;14.65;15.0;40605
2015-03-04;15.1;15.2;14.2;14.75;113135
2015-03-03;15.3;15.3;15.0;15.1;53952
2015-03-02;15.3;15.3;15.0;15.3;83635
2015-02-27;15.1;15.3;14.8;15.3;103597
2015-02-26;15.0;15.2;14.9;15.2;1033796
2015-02-25;15.1;15.1;14.95;15.1;62323
2015-02-24;15.4;15.5;14.95;15.0;66971
2015-02-23;15.1;15.3;14.95;15.2;41970
2015-02-20;15.2;15.2;14.9;15.2;22842
2015-02-19;15.0;15.2;14.9;15.2;42675
2015-02-18;15.0;15.3;14.95;15.1;47759
2015-02-17;15.3;15.5;15.0;15.4;54747
2015-02-16;15.4;15.7;15.2;15.3;36990
2015-02-13;15.3;15.6;14.9;15.2;87579
2015-02-12;15.2;15.6;14.95;15.3;139403
2015-02-11;14.95;16.0;14.7;15.2;166368
2015-02-10;14.7;14.9;14.55;14.8;63591
2015-02-09;14.75;14.8;14.4;14.65;17502
2015-02-06;14.8;14.8;14.35;14.75;64066
2015-02-05;14.85;14.85;14.35;14.55;16764
2015-02-04;14.85;14.85;14.3;14.85;76922
2015-02-03;14.7;15.0;14.6;14.7;56717
2015-02-02;14.25;14.5;14.2;14.5;36412
2015-01-30;13.65;14.25;13.6;14.25;52624
2015-01-29;13.75;13.75;13.6;13.7;8024
2015-01-28;13.75;13.75;13.5;13.75;39540
2015-01-27;13.55;13.75;13.55;13.6;32551
2015-01-26;13.5;13.7;13.45;13.55;31168
2015-01-23;13.4;13.45;13.3;13.45;23411
2015-01-22;13.5;13.5;13.3;13.45;270433
2015-01-21;13.4;13.5;13.3;13.5;35136
2015-01-20;13.7;13.7;13.25;13.6;31723
2015-01-19;13.4;13.75;13.4;13.7;29341
2015-01-16;12.8;13.55;12.8;13.4;83028
2015-01-15;13.6;13.6;13.1;13.6;61798
2015-01-14;13.6;13.7;13.35;13.6;92467
2015-01-13;13.5;13.6;13.4;13.6;111881
2015-01-12;13.5;13.5;13.3;13.45;42913
2015-01-09;13.4;13.4;13.25;13.4;48947
2015-01-08;13.4;13.5;13.25;13.45;30066
2015-01-07;13.25;13.45;13.1;13.4;138613
2015-01-06;;13.25;13.25;13.25;0
2015-01-05;13.2;13.4;13.15;13.25;54639
2015-01-02;13.0;13.25;13.0;13.2;22378
2015-01-01;13.05;13.25;12.95;13.1;40288
2014-12-30;13.05;13.25;12.95;13.1;40288
2014-12-29;12.8;13.3;12.8;13.05;88618
2014-12-23;13.1;13.35;12.8;12.8;64693
2014-12-22;13.2;13.4;13.1;13.2;35317
2014-12-19;13.1;13.3;12.95;13.0;76062
2014-12-18;13.2;13.2;12.9;13.1;26250
2014-12-17;12.6;13.15;12.6;13.15;34285
2014-12-16;13.0;13.0;12.65;12.85;41561
2014-12-15;13.0;13.1;12.9;13.0;35568
2014-12-12;12.85;13.1;12.65;12.85;115533
2014-12-11;12.75;12.75;12.5;12.75;58413
2014-12-10;12.75;12.75;12.25;12.6;57920
2014-12-09;12.75;12.75;12.1;12.4;114829
2014-12-08;12.1;12.4;11.85;12.4;103962
2014-12-05;12.4;12.4;11.85;12.0;83951
2014-12-04;11.8;12.0;11.7;11.85;72806
2014-12-03;12.0;12.1;11.65;11.85;235161
2014-12-02;12.5;12.5;11.75;12.0;161415
2014-12-01;12.5;12.65;12.2;12.25;95381
2014-11-28;12.6;13.25;12.5;12.5;395898
2014-11-27;12.8;12.8;12.4;12.5;43546
2014-11-26;12.25;12.7;12.25;12.6;101750
2014-11-25;12.2;12.4;12.1;12.2;66942
2014-11-24;12.0;12.3;11.95;12.15;104802
2014-11-21;11.6;11.85;11.6;11.75;19464
2014-11-20;11.9;11.9;11.6;11.8;9061
2014-11-19;11.95;11.95;11.65;11.7;18672
2014-11-18;12.0;12.0;11.85;11.95;22235
2014-11-17;11.95;12.05;11.75;12.05;78404
2014-11-14;11.7;11.85;11.65;11.8;10178
2014-11-13;11.8;11.85;11.55;11.7;43190
2014-11-12;11.95;11.95;11.55;11.65;12142
2014-11-11;11.8;11.8;11.55;11.7;16424
2014-11-10;11.75;11.8;11.6;11.8;20086
2014-11-07;11.8;11.8;11.7;11.8;9624
2014-11-06;11.65;11.85;11.65;11.8;17186
2014-11-05;11.65;11.85;11.65;11.85;20422
2014-11-04;11.9;11.9;11.7;11.7;27541
2014-11-03;11.8;11.95;11.55;11.85;56888
2014-10-31;11.55;11.95;11.55;11.8;11054
2014-10-30;11.6;11.95;11.6;11.75;142853
2014-10-29;11.5;11.6;11.15;11.45;26090
2014-10-28;11.15;11.35;11.0;11.35;36251
2014-10-24;11.45;11.45;11.4;11.45;4202
2014-10-23;11.5;11.7;11.2;11.5;3776
2014-10-22;11.3;11.7;11.15;11.45;7580
2014-10-21;11.25;11.4;11.05;11.35;63956
2014-10-20;11.2;11.25;11.15;11.25;19223
2014-10-17;10.45;11.15;10.45;10.8;10126
2014-10-16;10.5;11.1;10.45;10.45;36102
2014-10-15;10.8;11.15;10.7;10.7;4068
2014-10-14;11.25;11.3;10.85;10.85;11718
2014-10-13;10.75;11.25;10.75;10.85;7881
2014-10-10;10.95;10.95;10.65;10.75;9513
2014-10-09;10.75;11.4;10.75;11.25;2388
2014-10-08;10.95;11.25;10.6;11.05;14525
2014-10-07;10.9;11.1;10.9;11.0;19135
2014-10-06;11.25;11.25;10.85;10.85;18732
2014-10-03;10.9;11.4;10.9;11.4;23124
2014-10-02;11.2;11.2;10.85;10.95;19264
2014-10-01;11.5;11.5;11.2;11.2;24974
2014-09-30;11.7;11.7;11.3;11.45;10798
2014-09-29;11.5;11.5;11.2;11.5;18426
2014-09-26;11.6;11.6;11.35;11.35;3250
2014-09-25;11.9;11.9;11.4;11.6;32327
2014-09-24;11.75;11.85;11.75;11.85;16933
2014-09-23;11.75;11.75;11.7;11.75;23315
2014-09-22;11.75;11.75;11.65;11.7;27498
2014-09-19;11.5;11.5;11.4;11.5;3686
2014-09-18;11.45;11.5;11.4;11.5;35390
2014-09-17;11.2;11.4;11.2;11.4;53631
2014-09-16;11.05;11.2;11.05;11.2;33507
2014-09-15;10.85;11.1;10.85;11.05;23954
2014-09-12;11.1;11.1;10.9;11.0;20365
2014-09-11;11.0;11.4;11.0;11.15;136446
2014-09-10;10.85;11.2;10.85;11.2;34213
2014-09-09;11.2;11.2;11.0;11.2;19648
2014-09-08;11.1;11.2;11.1;11.1;8668
2014-09-05;10.75;11.2;10.75;11.1;85403
2014-09-04;11.2;11.2;10.95;11.2;57753
2014-09-03;10.95;11.2;10.95;11.1;20937
2014-09-02;10.9;11.05;10.9;10.95;31385
2014-09-01;10.75;10.9;10.7;10.9;25350
2014-08-29;10.6;10.8;10.4;10.75;36668
2014-08-28;10.95;10.95;10.75;10.95;4674
2014-08-27;10.9;11.0;10.85;11.0;20882
2014-08-26;10.95;11.0;10.9;11.0;10001
2014-08-25;10.95;11.0;10.5;11.0;27438
2014-08-22;10.9;10.95;10.7;10.95;16176
2014-08-21;10.9;10.9;10.8;10.9;14371
2014-08-20;10.6;10.7;10.4;10.7;80121
2014-08-19;10.65;10.7;10.6;10.7;27500
2014-08-18;10.75;10.75;10.55;10.7;47458
2014-08-15;10.7;10.7;10.5;10.7;66150
2014-08-14;10.5;10.9;10.5;10.65;110933
2014-08-13;10.5;10.5;10.3;10.45;31711
2014-08-12;10.45;10.85;10.3;10.45;61524
2014-08-11;10.4;10.7;10.1;10.4;73281
2014-08-08;10.0;10.65;10.0;10.2;52888
2014-08-07;10.85;10.85;9.8;10.3;105528
2014-08-06;10.6;10.6;10.3;10.35;29212
2014-08-05;10.6;10.8;10.55;10.6;22949
2014-08-04;10.7;10.7;10.5;10.5;55130
2014-08-01;11.0;11.0;10.5;10.7;79241
2014-07-31;11.0;11.0;10.7;11.0;5687
2014-07-30;11.0;11.15;11.0;11.0;3364
2014-07-29;11.15;11.2;11.15;11.2;350
2014-07-28;11.25;11.25;11.1;11.2;16039
2014-07-25;11.1;11.2;11.1;11.2;3492
2014-07-24;11.0;11.3;11.0;11.05;3231
2014-07-23;11.1;11.15;11.1;11.15;1025
2014-07-22;11.1;11.25;11.1;11.1;13239
2014-07-21;11.05;11.1;11.0;11.0;7972
2014-07-18;11.05;11.3;11.05;11.1;7535
2014-07-17;11.2;11.2;11.2;11.2;1158
2014-07-16;11.05;11.3;11.0;11.2;20802
2014-07-15;11.0;11.4;11.0;11.0;9284
2014-07-14;11.35;11.35;11.05;11.05;6418
2014-07-11;11.15;11.15;11.15;11.15;299
2014-07-10;11.15;11.3;11.15;11.2;2725
2014-07-09;11.25;11.25;11.0;11.1;10351
2014-07-08;11.2;11.25;11.1;11.25;2606
2014-07-07;11.3;11.45;11.1;11.1;15372
2014-07-04;11.1;11.3;11.1;11.25;5577
2014-07-03;11.1;11.5;11.1;11.4;28907
2014-07-02;11.4;11.4;11.3;11.3;1421
2014-07-01;11.05;11.3;10.85;11.25;6443
2014-06-30;11.15;11.3;11.0;11.15;31334
2014-06-27;11.45;11.45;11.25;11.3;2125
2014-06-26;11.5;11.5;11.15;11.35;1110
2014-06-25;11.2;11.4;11.05;11.4;8639
2014-06-24;11.5;11.65;11.0;11.35;18714
2014-06-23;11.5;11.5;11.25;11.5;15980
2014-06-20;;11.1;11.1;11.1;0
2014-06-19;11.3;11.5;11.1;11.1;28306
2014-06-18;11.25;11.5;11.25;11.5;36516
2014-06-17;11.4;11.45;11.2;11.4;26208
2014-06-16;11.6;11.6;11.15;11.4;275494
2014-06-13;11.5;11.6;11.5;11.6;24273
2014-06-12;11.5;11.6;11.45;11.6;20151
2014-06-11;11.65;11.65;11.55;11.6;29417
2014-06-10;11.2;11.65;11.2;11.6;109080
2014-06-09;11.65;11.65;11.3;11.3;71708
2014-06-06;;11.6;11.6;11.6;0
2014-06-05;11.55;11.6;11.4;11.6;8840
2014-06-04;11.45;11.65;11.4;11.45;15829
2014-06-03;11.4;11.6;11.35;11.45;7726
2014-06-02;11.7;11.7;11.4;11.5;15013
2014-05-30;11.8;11.8;11.55;11.7;18713
2014-05-28;11.65;11.7;11.65;11.7;10845
2014-05-27;11.6;11.65;11.4;11.65;13753
2014-05-26;11.6;11.7;11.3;11.55;33054
2014-05-23;11.8;11.85;11.35;11.65;26491
2014-05-22;11.7;11.75;11.5;11.65;6021
2014-05-21;11.5;11.7;11.45;11.7;12510
2014-05-20;11.55;11.6;11.3;11.5;66280
2014-05-19;11.7;11.9;11.5;11.5;23611
2014-05-16;11.7;11.85;11.55;11.7;35480
2014-05-15;11.8;11.8;11.55;11.8;17276
2014-05-14;11.8;11.95;11.55;11.8;46451
2014-05-13;11.5;11.85;11.5;11.8;167546
2014-05-12;11.65;11.8;11.4;11.75;28441
2014-05-09;11.7;11.7;11.6;11.7;3135
2014-05-08;12.0;12.0;11.4;11.7;106963
2014-05-07;11.55;11.85;11.55;11.75;35283
2014-05-06;11.5;12.1;11.5;11.85;43251
2014-05-05;11.95;11.95;11.75;11.85;11652
2014-05-02;11.95;12.35;11.85;12.0;42919
2014-05-01;;11.7;11.7;11.7;0
2014-04-30;11.75;11.75;11.65;11.7;6524
2014-04-29;11.9;11.9;11.5;11.65;60334
2014-04-28;11.7;12.0;11.65;11.95;93622
2014-04-25;11.7;11.7;11.4;11.7;85719
2014-04-24;11.85;11.85;11.2;11.35;44662
2014-04-23;11.8;11.85;11.55;11.7;55758
2014-04-22;11.6;11.7;11.5;11.6;53947
2014-04-17;11.5;11.75;11.45;11.5;48283
2014-04-16;11.5;11.7;11.35;11.45;59454
2014-04-15;11.5;11.5;11.35;11.5;28060
2014-04-14;11.25;11.5;11.1;11.5;57793
2014-04-11;10.8;11.2;10.8;11.2;160569
2014-04-10;11.1;11.1;11.0;11.0;4165738
2014-04-09;11.15;11.15;11.1;11.15;18133
2014-04-08;11.0;11.25;10.95;11.15;63320
2014-04-07;11.2;11.2;11.05;11.1;46409
2014-04-04;11.1;11.2;11.0;11.15;113209
2014-04-03;11.2;11.2;11.05;11.1;41086
2014-04-02;11.1;11.15;10.9;11.1;53320
2014-04-01;10.8;11.15;10.8;11.05;189923
2014-03-31;10.8;10.9;10.8;10.85;78858
2014-03-28;10.9;10.9;10.75;10.85;60376
2014-03-27;10.8;10.85;10.7;10.8;28106
2014-03-26;10.95;10.95;10.75;10.8;52912
2014-03-25;10.7;10.9;10.7;10.85;106251
2014-03-24;10.9;10.9;10.7;10.8;35350
2014-03-21;10.8;10.9;10.75;10.9;10896
2014-03-20;11.0;11.0;10.8;10.9;26054
2014-03-19;10.85;10.95;10.8;10.9;42823
2014-03-18;10.75;10.95;10.7;10.95;20050
2014-03-17;10.8;11.0;10.6;10.9;20140
2014-03-14;10.7;10.9;10.7;10.9;8725
2014-03-13;10.8;10.9;10.75;10.8;24747
2014-03-12;10.8;11.0;10.8;11.0;106627
2014-03-11;10.9;10.9;10.75;10.8;22052
2014-03-10;10.85;10.9;10.65;10.9;30634
2014-03-07;10.9;10.9;10.7;10.9;49180
2014-03-06;10.8;11.0;10.8;10.9;45568
2014-03-05;10.8;10.8;10.6;10.8;72577
2014-03-04;10.5;10.8;10.5;10.8;78614
2014-03-03;10.65;10.7;10.4;10.55;148642
2014-02-28;10.55;10.8;10.55;10.8;43237
2014-02-27;10.85;10.9;10.55;10.65;176440
2014-02-26;10.85;10.85;10.65;10.85;127603
2014-02-25;10.7;10.9;10.6;10.75;77189
2014-02-24;10.85;10.9;10.65;10.7;28753
2014-02-21;10.9;10.9;10.75;10.9;22868
2014-02-20;10.85;10.9;10.75;10.85;40578
2014-02-19;10.6;10.9;10.6;10.85;22925
2014-02-18;10.7;10.8;10.6;10.8;40318
2014-02-17;10.6;10.7;10.55;10.65;43535
2014-02-14;10.6;10.8;10.5;10.6;113264
2014-02-13;10.4;10.65;10.25;10.6;354525
2014-02-12;10.0;10.05;9.8;9.9;50354
2014-02-11;9.9;10.1;9.9;10.0;5720
2014-02-10;9.9;10.0;9.8;9.9;24861
2014-02-07;9.85;9.9;9.65;9.9;37025
2014-02-06;9.55;9.95;9.55;9.85;46645
2014-02-05;9.75;9.9;9.65;9.65;37299
2014-02-04;9.65;9.75;9.55;9.65;31798
2014-02-03;9.85;9.85;9.75;9.8;22633
2014-01-31;9.95;10.1;9.6;9.8;53566
2014-01-30;10.15;10.15;9.9;10.0;2390
2014-01-29;10.0;10.0;9.85;10.0;23318
2014-01-28;10.0;10.0;9.7;10.0;24134
2014-01-27;10.0;10.15;9.85;10.0;42564
2014-01-24;10.1;10.15;10.0;10.15;25219
2014-01-23;10.1;10.2;10.05;10.2;7342
2014-01-22;10.15;10.2;10.05;10.2;5590
2014-01-21;10.3;10.35;10.15;10.15;25117
2014-01-20;10.25;10.25;9.95;10.15;43445
2014-01-17;10.15;10.25;10.05;10.25;15164
2014-01-16;10.15;10.15;10.15;10.15;1290
2014-01-15;10.05;10.3;10.05;10.3;44409
2014-01-14;10.1;10.25;10.1;10.2;3483
2014-01-13;10.1;10.3;10.1;10.2;19823
2014-01-10;10.35;10.35;10.0;10.1;68300
2014-01-09;10.1;10.35;10.05;10.35;40333
2014-01-08;10.1;10.25;9.9;10.05;62645
2014-01-07;10.25;10.25;10.0;10.15;31518
2014-01-06;;10.05;10.05;10.05;0
2014-01-03;10.1;10.2;10.0;10.05;8447
2014-01-02;10.25;10.25;10.0;10.1;33744
2013-12-31;;10.0;10.0;10.0;0
2013-12-30;9.95;10.05;9.9;10.0;21003
2013-12-27;9.9;10.15;9.9;10.05;14100
2013-12-23;10.05;10.1;9.95;10.1;18130
2013-12-20;9.9;10.15;9.9;10.05;68666
2013-12-19;10.05;10.1;9.9;10.1;38608
2013-12-18;9.85;10.05;9.85;10.05;78961
2013-12-17;9.9;10.0;9.75;10.0;41906
2013-12-16;10.0;10.1;9.9;10.0;46591
2013-12-13;10.05;10.1;9.9;10.05;27098
2013-12-12;10.15;10.15;10.05;10.05;8152
2013-12-11;10.1;10.15;10.0;10.15;3900
2013-12-10;10.1;10.2;10.0;10.2;322465
2013-12-09;10.05;10.15;10.05;10.1;8040
2013-12-06;10.25;10.25;10.05;10.15;22405
2013-12-05;10.2;10.2;10.05;10.1;3022
2013-12-04;10.2;10.25;10.05;10.2;45069
2013-12-03;10.2;10.2;10.0;10.2;22779
2013-12-02;10.1;10.15;10.0;10.15;51283
2013-11-29;10.15;10.15;10.1;10.1;25214
2013-11-28;10.0;10.2;10.0;10.2;21013
2013-11-27;10.15;10.15;10.0;10.15;42763
2013-11-26;10.25;10.25;10.0;10.0;475132
2013-11-25;10.05;10.25;10.05;10.25;21677
2013-11-22;10.1;10.15;10.05;10.05;82382
2013-11-21;10.25;10.25;10.05;10.1;294099
2013-11-20;10.05;10.2;10.05;10.2;23323
2013-11-19;10.1;10.15;10.05;10.05;119416
2013-11-18;10.0;10.35;10.0;10.1;57975
2013-11-15;9.95;10.2;9.95;10.0;31152
2013-11-14;9.85;10.25;9.85;10.0;51534
2013-11-13;10.05;10.3;10.0;10.15;76907
2013-11-12;10.25;10.25;10.05;10.05;75561
2013-11-11;10.3;10.3;10.1;10.25;14927
2013-11-08;10.0;10.3;10.0;10.3;36159
2013-11-07;10.1;10.15;9.95;10.15;111488
2013-11-06;10.15;10.15;9.95;10.1;58853
2013-11-05;10.15;10.15;9.95;10.1;107660
2013-11-04;10.0;10.3;10.0;10.3;61034
2013-11-01;10.1;10.1;10.0;10.0;3742
2013-10-31;10.0;10.15;10.0;10.1;29019
2013-10-30;10.1;10.2;9.9;10.15;98891
2013-10-29;10.0;10.2;9.95;10.05;55506
2013-10-28;10.1;10.25;10.0;10.0;4678
2013-10-25;10.15;10.3;10.0;10.25;40622
2013-10-24;10.25;10.25;10.0;10.15;46752
2013-10-23;10.05;10.15;10.05;10.15;21580
2013-10-22;10.3;10.3;10.15;10.25;16216
2013-10-21;10.4;10.4;10.25;10.25;29290
2013-10-18;10.3;10.4;10.25;10.35;32710
2013-10-17;10.05;10.3;10.05;10.3;37277
2013-10-16;10.2;10.2;10.05;10.2;108607
2013-10-15;10.5;10.5;10.25;10.3;77431
2013-10-14;10.25;10.4;10.1;10.4;69940
2013-10-11;10.6;10.6;10.3;10.35;34655
2013-10-10;10.05;10.3;10.05;10.3;73564
2013-10-09;10.3;10.3;10.15;10.2;67837
2013-10-08;10.15;10.3;10.1;10.3;67940
2013-10-07;10.3;10.3;10.15;10.25;145176
2013-10-04;10.25;10.3;10.0;10.25;159516
2013-10-03;10.05;10.3;10.05;10.25;32640
2013-10-02;10.0;10.25;9.95;10.15;146727
2013-10-01;10.1;10.35;10.0;10.35;60297
2013-09-30;10.5;10.5;10.15;10.3;34618
2013-09-27;10.45;10.45;10.4;10.4;23530
2013-09-26;10.55;10.55;10.35;10.5;39490
2013-09-25;10.55;10.55;10.3;10.55;36787
2013-09-24;10.45;10.6;10.35;10.55;149707
2013-09-23;10.3;10.4;10.05;10.3;104885
2013-09-20;10.2;10.45;10.05;10.1;126586
2013-09-19;10.15;10.25;10.1;10.2;25636
2013-09-18;10.1;10.2;10.05;10.15;37053
2013-09-17;10.05;10.15;10.0;10.1;69113
2013-09-16;10.15;10.15;9.95;10.1;117380
2013-09-13;10.15;10.15;9.95;10.15;57289
2013-09-12;10.15;10.2;10.0;10.2;37336
2013-09-11;10.15;10.15;10.0;10.15;38764
2013-09-10;10.0;10.15;10.0;10.15;605511
2013-09-09;10.1;10.15;10.0;10.1;77359
2013-09-06;10.05;10.1;9.95;10.1;117900
2013-09-05;10.0;10.05;9.9;9.95;90762
2013-09-04;10.1;10.1;9.8;10.05;95597
2013-09-03;9.8;10.05;9.8;10.0;53432
2013-09-02;9.75;10.05;9.75;10.05;25931
2013-08-30;9.95;10.0;9.8;9.95;46822
2013-08-29;9.65;10.0;9.65;9.95;69877
2013-08-28;9.7;9.95;9.7;9.95;32437
2013-08-27;9.9;9.95;9.5;9.95;108247
2013-08-26;9.85;9.9;9.6;9.9;75333
2013-08-23;9.95;9.95;9.7;9.85;84539
2013-08-22;9.6;9.9;9.6;9.8;55552
2013-08-21;9.55;9.7;9.55;9.65;23005
2013-08-20;9.5;9.7;9.5;9.55;40365
2013-08-19;9.55;9.6;9.45;9.5;29042
2013-08-16;9.3;9.55;9.3;9.55;68281
2013-08-15;9.4;9.4;9.1;9.2;139062
2013-08-14;9.55;9.7;9.55;9.65;59400
2013-08-13;9.6;9.75;9.55;9.55;46994
2013-08-12;9.55;9.75;9.55;9.75;107669
2013-08-09;9.5;9.5;9.35;9.5;70796
2013-08-08;9.35;9.5;9.3;9.45;111241
2013-08-07;9.3;9.35;9.2;9.3;41741
2013-08-06;9.3;9.35;9.2;9.2;12530
2013-08-05;9.15;9.3;9.1;9.3;10655
2013-08-02;9.35;9.35;9.15;9.15;4635
2013-08-01;9.1;9.3;9.1;9.3;45645
2013-07-31;9.3;9.35;9.2;9.2;6364
2013-07-30;9.4;9.4;9.3;9.3;7140
2013-07-29;9.2;9.4;9.1;9.4;28411
2013-07-26;9.4;9.4;9.2;9.35;14314
2013-07-25;9.1;9.4;9.1;9.3;31442
2013-07-24;9.35;9.4;9.25;9.4;80756
2013-07-23;9.0;9.4;9.0;9.35;141338
2013-07-22;9.05;9.35;9.0;9.0;56256
2013-07-19;8.95;9.0;8.95;9.0;3339
2013-07-18;8.95;8.95;8.85;8.95;20740
2013-07-17;9.1;9.1;8.95;8.95;40291
2013-07-16;9.1;9.1;8.8;8.8;37795
2013-07-15;9.0;9.1;8.9;8.95;22700
2013-07-12;9.25;9.25;9.0;9.0;56190
2013-07-11;9.1;9.25;9.1;9.25;34085
2013-07-10;9.1;9.1;9.0;9.1;12087
2013-07-09;9.0;9.15;8.9;9.0;16855
2013-07-08;9.05;9.1;9.0;9.1;9106
2013-07-05;9.0;9.1;8.95;8.95;12230
2013-07-04;9.05;9.05;9.0;9.0;12840
2013-07-03;9.15;9.15;9.0;9.05;21795
2013-07-02;9.05;9.15;9.05;9.15;44855
2013-07-01;8.75;8.95;8.75;8.95;10532
2013-06-28;9.1;9.1;8.75;8.85;17987
2013-06-27;9.1;9.15;9.1;9.1;13044
2013-06-26;8.85;9.25;8.65;9.1;47806
2013-06-25;8.95;9.05;8.95;9.0;28800
2013-06-24;9.05;9.05;8.7;9.0;67130
2013-06-21;;9.0;9.0;9.0;0
2013-06-20;8.9;9.0;8.9;9.0;45397
2013-06-19;9.2;9.2;8.95;8.95;53810
2013-06-18;9.0;9.1;8.85;9.0;115747
2013-06-17;9.0;9.1;8.9;9.0;235298
2013-06-14;8.8;9.0;8.75;8.95;129294
2013-06-13;8.6;8.75;8.55;8.75;5526185
2013-06-12;8.5;8.8;8.5;8.6;5472
2013-06-11;8.3;8.6;8.3;8.6;9928
2013-06-10;8.55;8.65;8.3;8.5;25686
2013-06-07;8.8;8.8;8.5;8.6;14491
2013-06-06;;8.8;8.8;8.8;0
2013-06-05;8.6;8.8;8.55;8.8;8550
2013-06-04;8.55;8.85;8.45;8.85;32465
2013-06-03;8.9;8.9;8.5;8.5;25621
2013-05-31;8.5;8.9;8.4;8.9;44795
2013-05-30;8.5;8.85;8.5;8.85;52603
2013-05-29;8.55;8.6;8.35;8.5;9140
2013-05-28;8.5;8.55;8.45;8.45;26018
2013-05-27;8.2;8.5;8.2;8.4;13685
2013-05-24;8.6;8.7;8.2;8.2;19011
2013-05-23;8.55;8.6;8.0;8.2;35921
2013-05-22;8.4;8.55;8.35;8.55;13433
2013-05-21;8.4;8.45;8.3;8.3;17595
2013-05-20;8.35;8.55;8.35;8.35;42302
2013-05-17;8.5;8.6;8.35;8.35;25830
2013-05-16;8.65;8.75;8.65;8.65;17617
2013-05-15;8.75;8.75;8.55;8.65;9914
2013-05-14;8.75;8.75;8.65;8.75;5170
2013-05-13;8.7;8.8;8.7;8.7;10340
2013-05-10;8.95;8.95;8.7;8.8;48252
2013-05-09;;8.9;8.9;8.9;0
2013-05-08;8.7;8.9;8.7;8.9;6029
2013-05-07;8.9;8.95;8.9;8.9;13890
2013-05-06;8.95;9.0;8.9;8.9;6650
2013-05-03;8.85;9.0;8.85;8.95;229821
2013-05-02;8.75;8.9;8.7;8.7;46133
2013-05-01;;8.75;8.75;8.75;0
2013-04-30;8.9;8.9;8.65;8.75;2456
2013-04-29;8.9;8.9;8.5;8.7;85285
2013-04-26;8.85;9.0;8.35;9.0;171912
2013-04-25;9.1;9.45;8.8;8.9;126687
2013-04-24;9.4;9.4;9.15;9.3;14519
2013-04-23;9.5;9.5;9.3;9.4;11081
2013-04-22;9.45;9.7;9.35;9.7;9559
2013-04-19;9.55;9.55;9.5;9.5;1900
2013-04-18;9.4;9.55;9.4;9.5;9233
2013-04-17;9.6;9.65;9.4;9.4;94121
2013-04-16;9.55;9.6;9.55;9.6;30095
2013-04-15;9.7;9.7;9.55;9.7;19822
2013-04-12;9.6;9.7;9.55;9.7;151997
2013-04-11;9.7;9.7;9.5;9.55;19348
2013-04-10;9.55;9.7;9.55;9.7;8760
2013-04-09;9.7;9.7;9.5;9.65;38347
2013-04-08;9.5;9.6;9.45;9.6;194090
2013-04-05;9.7;9.7;9.5;9.55;157484
2013-04-04;9.8;9.8;9.6;9.6;339953
2013-04-03;9.7;9.75;9.6;9.65;120153
2013-04-02;9.7;9.85;9.55;9.7;140046
2013-04-01;;9.7;9.7;9.7;0
2013-03-29;9.7;9.7;9.7;9.7;57554
2013-03-28;9.7;9.75;9.65;9.65;57554
2013-03-27;9.7;9.75;9.65;9.65;57554
2013-03-26;9.75;9.75;9.65;9.65;26280
2013-03-25;9.9;9.9;9.6;9.65;264512
2013-03-22;9.65;9.9;9.65;9.8;58208
2013-03-21;10.0;10.25;9.7;9.7;98558
2013-03-20;9.85;9.9;9.75;9.8;67995
2013-03-19;9.85;10.0;9.7;9.85;42203
2013-03-18;9.6;9.95;9.4;9.85;96920
2013-03-15;9.55;9.55;9.3;9.45;88738
2013-03-14;9.3;9.55;9.3;9.55;130907
2013-03-13;9.2;9.25;9.2;9.25;50637
2013-03-12;9.2;9.45;9.15;9.2;107075
2013-03-11;9.2;9.5;9.1;9.2;384815
2013-03-08;9.2;9.4;9.2;9.2;97615
2013-03-07;9.3;9.3;9.15;9.3;95230
2013-03-06;9.4;9.45;9.25;9.4;51370
2013-03-05;9.25;9.4;9.2;9.4;51027
2013-03-04;9.05;9.5;9.0;9.2;83402
2013-03-01;9.0;9.1;8.95;9.05;18399
2013-02-28;8.9;9.0;8.85;9.0;91181
2013-02-27;8.9;8.9;8.8;8.9;26780
2013-02-26;8.8;8.9;8.6;8.9;72860
2013-02-25;8.9;8.9;8.65;8.9;98300
2013-02-22;8.75;8.85;8.75;8.8;71500
2013-02-21;8.85;8.85;8.7;8.75;41802
2013-02-20;8.85;8.9;8.85;8.85;64877
2013-02-19;8.85;8.85;8.75;8.75;52415
2013-02-18;8.8;8.9;8.7;8.9;18906
2013-02-15;8.75;8.9;8.65;8.9;14900
2013-02-14;8.65;8.8;8.65;8.75;36628
2013-02-13;8.8;8.8;8.65;8.75;81872
2013-02-12;8.9;8.9;8.7;8.8;72163
2013-02-11;8.8;8.9;8.75;8.9;35450
2013-02-08;8.75;8.8;8.75;8.8;14295
2013-02-07;8.6;8.75;8.6;8.65;5358
2013-02-06;8.75;8.85;8.6;8.75;26424
2013-02-05;8.75;8.75;8.65;8.7;13787
2013-02-04;8.7;8.8;8.6;8.75;13057
2013-02-01;8.6;8.7;8.6;8.7;2843
2013-01-31;8.55;8.6;8.55;8.6;4600
2013-01-30;8.7;8.7;8.55;8.7;35838
2013-01-29;8.75;8.8;8.6;8.7;16989
2013-01-28;8.75;8.75;8.65;8.75;22757
2013-01-25;8.7;8.75;8.6;8.75;74527
2013-01-24;8.55;8.7;8.5;8.55;34520
2013-01-23;8.75;8.8;8.6;8.65;36241
2013-01-22;8.8;8.8;8.65;8.75;31375
2013-01-21;8.7;8.7;8.55;8.7;23217
2013-01-18;8.7;8.7;8.65;8.7;22740
2013-01-17;8.7;8.7;8.6;8.7;11750
2013-01-16;8.75;8.9;8.6;8.7;28066
2013-01-15;8.9;8.9;8.55;8.55;36406
2013-01-14;8.75;8.9;8.75;8.9;5504
2013-01-11;8.8;8.9;8.7;8.7;24530
2013-01-10;8.95;8.95;8.55;8.75;34218
2013-01-09;8.9;8.95;8.7;8.85;61980
2013-01-08;8.85;8.9;8.8;8.9;33723
2013-01-07;8.7;8.8;8.5;8.8;52833
2013-01-04;8.6;8.6;8.5;8.6;14900
2013-01-03;8.55;8.7;8.45;8.5;1596445
2013-01-02;8.3;8.75;8.2;8.55;56864
2013-01-01;;8.3;8.3;8.3;0
2012-12-31;;8.3;8.3;8.3;0
2012-12-28;8.25;8.3;8.05;8.3;30897
