Dates;Open;High;Low;Close;Volume
2017-12-27;99.25;99.75;98.75;99.75;83644
2017-12-22;99.25;100.0;98.0;99.25;155527
2017-12-21;99.0;99.75;97.75;99.25;155871
2017-12-20;94.75;100.0;94.0;98.75;207431
2017-12-19;93.75;94.75;92.25;94.75;66445
2017-12-18;92.5;94.5;91.5;93.5;102755
2017-12-15;90.0;92.5;89.25;92.5;65577
2017-12-14;90.5;90.5;88.25;90.0;68509
2017-12-13;88.75;90.75;88.25;90.5;114879
2017-12-12;85.25;88.0;85.0;88.0;117895
2017-12-11;84.75;85.75;84.0;84.75;81609
2017-12-08;86.0;86.75;84.25;84.5;75664
2017-12-07;84.5;87.75;83.75;86.0;225667
2017-12-06;84.25;85.0;83.0;83.75;104533
2017-12-05;86.75;87.0;84.25;84.5;136199
2017-12-04;86.0;88.5;85.75;86.25;307917
2017-12-01;86.5;88.25;84.0;85.25;108536
2017-11-30;90.0;90.25;85.0;85.75;591889
2017-11-29;87.5;90.5;87.0;88.25;200078
2017-11-28;85.75;87.75;85.25;87.5;209640
2017-11-27;86.0;87.0;85.0;85.75;64485
2017-11-24;85.25;86.25;84.0;85.75;51762
2017-11-23;86.0;87.25;84.0;84.0;57019
2017-11-22;84.5;86.75;84.5;85.75;56428
2017-11-21;84.5;85.25;83.5;84.25;79533
2017-11-20;86.0;86.75;84.5;84.75;72698
2017-11-17;85.0;87.0;84.25;84.75;119300
2017-11-16;81.0;86.0;80.5;84.75;291763
2017-11-15;83.75;84.25;79.5;80.75;146625
2017-11-14;85.75;86.5;82.5;84.0;71978
2017-11-13;88.25;88.75;84.75;85.25;177048
2017-11-10;88.5;88.75;85.75;87.5;180613
2017-11-09;89.5;91.25;87.25;88.0;215658
2017-11-08;87.5;89.0;86.0;87.75;261116
2017-11-07;85.5;88.0;84.75;86.75;563156
2017-11-06;77.25;81.0;77.25;79.25;168097
2017-11-03;77.5;77.5;76.25;77.25;25595
2017-11-02;77.0;78.0;76.5;77.25;50550
2017-11-01;77.75;78.0;75.5;77.0;51962
2017-10-31;77.0;78.75;77.0;77.75;74532
2017-10-30;75.75;78.0;75.75;77.0;67333
2017-10-27;75.25;75.75;75.0;75.75;37466
2017-10-26;73.75;76.0;72.5;75.75;70749
2017-10-25;74.25;75.0;72.5;73.5;52068
2017-10-24;75.5;75.5;73.25;73.75;36248
2017-10-23;77.5;77.75;74.5;75.5;41769
2017-10-20;72.5;77.0;72.5;76.75;112077
2017-10-19;74.25;74.25;71.5;73.25;544172
2017-10-18;74.5;75.0;74.0;74.0;134823
2017-10-17;75.75;75.75;74.25;74.5;46427
2017-10-13;76.25;77.0;75.5;76.5;177142
2017-10-12;75.5;76.25;75.0;75.5;230310
2017-10-11;74.0;75.5;73.5;75.0;193726
2017-10-10;75.25;76.0;74.0;74.25;73387
2017-10-09;74.25;75.25;74.0;74.75;47324
2017-10-06;76.5;76.5;73.5;74.0;115467
2017-10-05;74.25;77.5;72.75;75.75;352528
2017-10-04;70.75;77.75;70.0;75.0;1075672
2017-10-03;78.5;79.25;76.5;77.75;63218
2017-10-02;75.25;78.5;75.25;78.0;127368
2017-09-29;75.5;77.5;74.75;76.0;124665
2017-09-28;74.25;78.25;74.0;75.25;99687
2017-09-27;76.0;76.0;73.75;74.75;212403
2017-09-26;77.5;77.75;75.5;76.0;144959
2017-09-25;78.5;78.75;77.25;77.75;298529
2017-09-22;80.0;82.25;79.5;82.0;126528
2017-09-21;78.0;80.75;77.5;79.0;190171
2017-09-20;77.25;78.5;75.5;77.0;325720
2017-09-19;80.75;80.75;76.5;77.0;212818
2017-09-18;81.75;82.25;80.25;80.5;74813
2017-09-15;80.5;82.0;80.5;81.75;119341
2017-09-14;78.0;81.75;77.5;80.5;3211030
2017-09-13;87.75;88.0;86.0;86.25;86643
2017-09-12;90.0;90.0;88.0;88.25;47606
2017-09-11;91.25;91.25;88.75;89.75;44844
2017-09-08;90.25;92.5;89.5;91.25;107304
2017-09-07;92.25;92.25;90.0;90.5;76884
2017-09-06;91.25;93.0;91.0;91.75;233849
2017-09-04;93.5;93.5;90.5;93.0;137696
2017-09-01;88.75;93.5;88.75;93.25;99862
2017-08-31;87.5;89.5;87.25;89.5;27774
2017-08-30;88.0;88.0;87.0;87.5;41641
2017-08-29;88.0;88.0;87.0;87.5;46109
2017-08-28;88.75;89.0;86.5;88.5;45915
2017-08-25;86.25;89.0;85.25;88.25;157416
2017-08-24;87.25;87.5;85.5;86.0;89595
2017-08-23;87.0;87.25;86.0;87.25;52175
2017-08-22;87.0;88.0;85.25;87.25;157728
2017-08-21;94.0;94.0;86.5;87.0;93797
2017-08-18;90.5;92.5;87.25;91.25;580157
2017-08-17;97.5;99.0;96.75;98.75;81822
2017-08-16;97.5;99.5;96.5;99.0;74998
2017-08-15;98.5;98.75;95.0;97.5;22157
2017-08-14;96.75;99.75;96.75;98.25;43042
2017-08-11;97.75;97.75;94.5;96.75;66435
2017-08-10;98.0;98.25;96.5;98.0;39149
2017-08-09;100.0;100.0;97.5;97.75;30069
2017-08-08;97.75;101.0;97.5;98.75;146287
2017-08-07;94.5;98.75;92.75;97.0;108226
2017-08-04;97.75;97.75;92.5;95.0;39771
2017-08-03;96.25;97.0;94.0;96.0;52467
2017-08-02;94.25;96.0;93.0;95.75;63895
2017-08-01;91.5;94.25;90.5;94.25;72710
2017-07-31;88.75;93.0;88.5;91.5;65089
2017-07-28;87.5;88.25;86.0;88.25;68643
2017-07-27;86.25;87.75;85.5;87.5;31737
2017-07-26;85.25;87.0;85.25;86.5;46995
2017-07-25;86.25;87.5;85.25;86.25;37872
2017-07-24;87.0;87.5;86.0;86.25;50728
2017-07-21;88.25;88.25;86.5;87.0;55591
2017-07-20;86.0;88.0;86.0;88.0;45626
2017-07-19;85.5;87.5;83.75;87.0;67210
2017-07-18;86.0;86.0;84.5;85.25;97593
2017-07-17;87.5;87.5;85.0;86.25;51543
2017-07-14;88.5;88.5;87.0;87.5;53217
2017-07-13;88.0;88.75;87.25;88.25;42116
2017-07-12;86.5;88.75;86.5;88.25;52168
2017-07-11;87.75;88.0;86.5;87.0;43363
2017-07-10;86.5;87.75;83.75;87.75;100866
2017-07-07;86.25;87.5;85.25;85.75;88491
2017-07-06;86.5;87.25;85.75;86.25;199359
2017-07-05;86.75;88.0;86.0;87.0;173288
2017-07-04;91.75;91.75;85.25;86.25;456952
2017-07-03;92.25;92.25;87.0;90.25;105849
2017-06-30;90.75;92.5;90.75;92.0;87196
2017-06-29;92.75;93.75;91.0;91.75;96871
2017-06-28;93.75;95.0;93.25;94.0;85505
2017-06-27;95.25;95.25;93.75;94.5;225092
2017-06-26;93.5;95.5;93.0;95.25;406454
2017-06-23;;93.0;93.0;93.0;0
2017-06-22;92.25;93.25;91.5;93.0;109212
2017-06-21;93.0;94.0;90.75;92.75;209253
2017-06-20;93.75;94.75;92.5;94.0;334181
2017-06-19;96.25;97.0;92.75;93.75;192010
2017-06-16;97.5;97.75;95.75;96.25;55395
2017-06-15;99.25;99.25;96.0;96.5;41264
2017-06-14;99.25;100.0;97.0;98.75;129543
2017-06-13;97.5;99.0;97.5;97.5;58704
2017-06-12;101.0;101.75;96.5;97.5;105345
2017-06-09;100.0;102.0;98.5;100.25;118167
2017-06-08;99.75;100.0;99.25;100.0;62713
2017-06-07;102.75;102.75;99.25;99.75;94556
2017-06-06;;101.75;101.75;101.75;0
2017-06-05;102.75;103.0;101.25;101.75;73254
2017-06-02;99.25;103.5;99.25;102.25;375122
2017-06-01;100.0;100.0;97.75;98.0;115195
2017-05-31;99.5;99.75;98.0;99.75;107809
2017-05-30;99.5;99.5;96.5;99.0;161389
2017-05-29;101.0;101.0;99.25;99.5;92870
2017-05-26;102.0;102.75;101.0;101.0;122526
2017-05-24;103.5;104.5;102.0;102.75;38729
2017-05-23;104.5;106.75;103.25;103.25;75474
2017-05-22;104.75;107.0;103.0;104.0;100681
2017-05-19;102.0;104.5;101.25;103.0;115319
2017-05-18;100.5;102.0;99.5;101.25;472229
2017-05-17;104.5;104.5;97.75;98.0;1724180
2017-05-16;112.75;114.0;111.25;112.75;133138
2017-05-15;110.5;112.5;110.5;110.75;43018
2017-05-12;110.75;111.75;111.75;111.75;44758
2017-05-11;109.75;111.25;109.25;110.75;32315
2017-05-10;110.75;110.75;108.5;109.75;30721
2017-05-09;110.75;110.75;109.25;109.5;27799
2017-05-08;109.75;111.75;109.25;110.0;45467
2017-05-05;110.0;111.25;109.0;109.5;24534
2017-05-04;109.0;111.0;108.0;110.0;78356
2017-05-03;106.5;108.0;105.25;107.75;43370
2017-05-02;105.75;107.0;103.75;106.5;54933
2017-05-01;;104.5;104.5;104.5;0
2017-04-28;104.0;105.5;103.5;104.5;24980
2017-04-27;105.25;106.0;104.0;105.0;43320
2017-04-26;105.75;105.75;102.75;105.25;41979
2017-04-25;103.75;105.75;102.5;104.75;22971
2017-04-24;104.0;105.0;103.25;103.75;34173
2017-04-21;105.0;105.0;101.5;104.0;69607
2017-04-20;106.25;107.5;104.0;105.0;56327
2017-04-19;105.0;107.75;104.0;106.0;50528
2017-04-18;104.5;105.5;103.0;103.5;76338
2017-04-13;103.0;104.5;102.25;103.0;36479
2017-04-12;101.5;103.0;100.0;102.25;43896
2017-04-11;99.0;110.0;99.0;100.0;147500
2017-04-10;99.75;100.0;98.5;99.5;42963
2017-04-07;102.0;102.25;99.5;99.5;60955
2017-04-06;102.0;102.75;99.5;102.0;88186
2017-04-05;104.75;104.75;101.5;101.75;31411
2017-04-04;105.0;105.0;102.0;103.25;48875
2017-04-03;105.0;106.75;104.25;105.75;227590
2017-03-31;99.5;107.0;98.25;105.0;140979
2017-03-30;100.25;100.5;98.0;99.25;37554
2017-03-29;97.0;99.5;96.25;99.5;60584
2017-03-28;97.5;98.75;95.5;96.5;47305
2017-03-27;99.25;99.25;96.0;97.75;56038
2017-03-24;101.25;101.25;98.25;100.0;66740
2017-03-23;99.0;101.5;99.0;100.0;43438
2017-03-22;99.0;100.5;97.5;99.0;78779
2017-03-21;102.0;102.0;99.25;100.5;48074
2017-03-20;102.0;103.25;101.5;102.5;45437
2017-03-17;99.25;102.25;97.0;101.75;70917
2017-03-16;102.5;102.5;99.0;99.5;91413
2017-03-15;103.0;103.5;101.25;102.0;54386
2017-03-14;104.25;104.25;102.0;103.0;38951
2017-03-13;103.0;104.0;102.5;104.0;35791
2017-03-10;104.25;103.5;103.5;103.5;58914
2017-03-09;104.75;105.5;103.25;105.25;58983
2017-03-08;105.5;105.75;104.25;105.0;27897
2017-03-07;104.5;106.0;102.5;106.0;32797
2017-03-06;105.5;106.0;104.0;104.5;56754
2017-03-03;107.0;105.5;105.5;105.5;39974
2017-03-02;109.0;109.0;106.0;106.75;54119
2017-03-01;107.5;109.0;106.0;108.75;63718
2017-02-28;106.0;107.0;104.5;107.0;86481
2017-02-27;107.0;107.0;103.75;105.5;69611
2017-02-24;105.5;106.0;103.25;105.25;127737
2017-02-23;108.75;109.0;105.25;106.0;77618
2017-02-22;109.0;109.75;106.25;107.75;101293
2017-02-21;107.5;109.5;105.5;108.75;204335
2017-02-20;107.5;107.5;103.5;106.75;314446
2017-02-17;105.25;107.75;103.5;107.5;187894
2017-02-16;101.0;105.5;99.5;105.25;255986
2017-02-15;106.5;106.75;98.0;99.0;489407
2017-02-14;100.5;106.25;100.0;105.0;244559
2017-02-13;97.75;102.75;95.0;99.75;183263
2017-02-10;97.0;99.0;94.25;94.75;93517
2017-02-09;95.0;96.5;94.0;95.0;89682
2017-02-08;95.0;95.5;94.0;95.0;50198
2017-02-07;94.75;96.5;92.75;94.5;191599
2017-02-06;95.75;96.25;94.25;94.5;99681
2017-02-03;96.75;99.5;95.75;95.75;188912
2017-02-02;97.25;98.0;95.0;95.5;54104
2017-02-01;97.0;99.0;96.0;96.5;61053
2017-01-31;95.75;96.5;94.0;95.75;134849
2017-01-30;98.25;99.5;95.25;95.5;171333
2017-01-27;100.5;100.5;98.0;99.0;57593
2017-01-26;104.0;104.0;97.25;99.0;130700
2017-01-25;103.0;105.0;101.5;102.75;74949
2017-01-24;100.5;102.5;99.25;101.5;76984
2017-01-23;98.0;103.0;97.75;99.25;92471
2017-01-20;95.0;101.0;94.75;97.25;213847
2017-01-19;94.5;95.0;93.5;94.75;200611
2017-01-18;91.25;94.75;91.25;94.5;165886
2017-01-17;91.0;91.0;89.25;91.0;164678
2017-01-16;87.25;91.0;87.0;90.5;208336
2017-01-13;84.0;85.0;83.5;85.0;60111
2017-01-12;84.5;84.5;83.5;83.75;30548
2017-01-11;83.75;84.25;83.5;84.0;27486
2017-01-10;83.75;84.0;83.0;83.75;34865
2017-01-09;85.0;85.5;82.0;84.0;30108
2017-01-06;;85.0;85.0;85.0;0
2017-01-05;85.5;85.5;84.5;85.0;10234
2017-01-04;85.75;85.75;84.25;85.5;19580
2017-01-03;87.0;87.0;85.0;85.75;54720
2017-01-02;86.5;87.25;85.25;87.0;17862
2016-12-30;85.5;87.5;85.5;87.5;72254
2016-12-29;86.25;87.0;85.0;87.0;13986
2016-12-28;86.5;87.75;86.0;86.25;13242
2016-12-27;84.75;86.75;84.25;86.25;44640
2016-12-23;84.5;86.5;84.0;84.75;14284
2016-12-22;87.25;87.25;83.5;83.75;39971
2016-12-21;86.5;88.0;86.5;87.25;57354
2016-12-20;84.5;88.0;84.5;86.5;38334
2016-12-19;82.0;85.0;81.75;84.5;76309
2016-12-16;83.25;83.75;81.75;81.75;253886
2016-12-15;83.0;83.25;80.5;83.25;54182
2016-12-14;81.5;85.75;81.5;83.0;203880
2016-12-13;81.0;82.0;79.25;79.25;40540
2016-12-12;80.0;81.75;79.5;79.75;53864
2016-12-09;77.5;79.75;77.25;79.5;18546
2016-12-08;77.5;78.75;77.25;77.75;31749
2016-12-07;81.0;81.25;77.25;78.5;103475
2016-12-06;81.5;81.5;79.25;80.0;59261
2016-12-05;84.0;84.0;79.0;79.25;24148
2016-12-02;84.25;84.25;79.0;82.0;47876
2016-12-01;82.5;84.0;81.75;81.75;164766
2016-11-30;79.75;83.25;79.75;81.5;521956
2016-11-29;80.0;80.0;77.0;80.0;58448
2016-11-28;79.0;80.0;78.25;80.0;58901
2016-11-25;79.25;79.75;78.5;79.5;29248
2016-11-24;79.0;80.0;78.0;78.75;26280
2016-11-23;79.25;79.75;78.5;79.0;30048
2016-11-22;79.5;81.0;78.75;79.25;175955
2016-11-21;81.5;81.5;77.0;79.25;206470
2016-11-18;78.0;79.5;75.25;79.5;190575
2016-11-17;76.0;78.0;72.25;78.0;99846
2016-11-16;75.0;76.75;74.25;75.25;115089
2016-11-15;74.5;76.75;74.25;75.0;84543
2016-11-14;74.5;75.0;74.0;75.0;28702
2016-11-11;75.75;76.0;74.25;74.75;19151
2016-11-10;70.0;77.75;70.0;75.0;59971
2016-11-09;66.0;70.0;64.0;69.0;65467
2016-11-08;69.5;71.0;69.25;70.75;23728
2016-11-07;69.0;71.0;69.0;69.25;22145
2016-11-04;69.25;70.5;69.25;69.25;14335
2016-11-03;71.0;71.0;67.5;70.25;16986
2016-11-02;70.0;70.5;67.0;69.75;57055
2016-11-01;72.5;72.5;69.0;70.0;45700
2016-10-31;73.0;73.0;69.75;72.25;36339
2016-10-28;74.0;74.0;71.5;73.0;25312
2016-10-27;73.5;74.75;71.75;73.0;25525
2016-10-26;73.0;73.5;71.25;73.5;43966
2016-10-25;73.25;74.0;73.25;74.0;32307
2016-10-24;76.0;76.0;73.25;73.75;77010
2016-10-21;76.25;76.75;74.25;76.0;14426
2016-10-20;77.0;77.0;75.0;76.25;18094
2016-10-19;77.0;77.0;73.25;77.0;27966
2016-10-18;76.5;77.0;74.75;77.0;19058
2016-10-17;77.0;77.0;75.0;76.5;7838
2016-10-14;76.5;77.0;75.0;77.0;22837
2016-10-13;76.5;77.25;75.0;77.0;9165
2016-10-12;77.75;78.0;75.0;77.0;44535
2016-10-11;77.75;78.0;76.5;77.25;17291
2016-10-10;78.75;79.0;77.75;77.75;214564
2016-10-07;78.75;82.0;78.0;78.75;28064
2016-10-06;77.75;78.75;76.5;77.5;57032
2016-10-05;80.5;80.5;77.5;77.75;41327
2016-10-04;80.0;83.0;77.0;79.5;99404
2016-10-03;78.0;79.75;78.0;79.25;30338
2016-09-30;77.75;78.0;76.75;77.5;22256
2016-09-29;78.25;78.75;77.25;78.0;171333
2016-09-28;78.75;78.75;77.25;77.25;42059
2016-09-27;79.0;80.0;77.25;77.25;37721
2016-09-26;76.0;76.25;74.5;74.5;17423
2016-09-23;76.5;77.0;75.5;76.0;15130
2016-09-22;77.25;78.25;75.75;76.0;28647
2016-09-21;78.0;78.25;76.25;77.25;12884
2016-09-20;77.0;79.5;76.75;78.0;8644
2016-09-19;80.5;80.5;76.25;77.5;26069
2016-09-16;75.75;80.5;75.0;80.5;25826
2016-09-15;76.75;77.25;73.0;76.0;29654
2016-09-14;76.75;78.5;75.75;77.0;18828
2016-09-13;77.75;79.25;76.0;76.0;30485
2016-09-12;78.25;79.0;75.0;77.75;57552
2016-09-09;80.0;80.5;78.75;79.5;42383
2016-09-08;77.0;79.5;76.0;78.5;30743
2016-09-07;76.0;78.0;76.0;77.0;46582
2016-09-06;76.25;78.0;75.0;75.0;78955
2016-09-05;73.0;77.0;73.0;76.0;67759
2016-09-02;69.25;74.0;69.25;72.25;81910
2016-09-01;70.25;70.25;69.0;69.0;85444
2016-08-31;72.75;72.75;70.0;70.25;65125
2016-08-30;68.0;73.0;67.5;73.0;230772
2016-08-29;67.0;68.0;66.0;67.5;339003
2016-08-26;66.5;67.25;65.25;66.5;653363
2016-08-25;68.0;71.0;64.0;65.25;373854
2016-08-24;66.0;67.25;65.0;67.25;43770
2016-08-23;64.5;66.75;63.0;66.0;66023
2016-08-22;65.0;65.75;62.75;65.0;30395
2016-08-19;63.25;66.0;63.25;65.0;20134
2016-08-18;62.25;64.0;61.25;63.25;17045
2016-08-17;63.25;63.75;60.5;61.25;33129
2016-08-16;64.0;64.25;62.25;62.25;27376
2016-08-15;66.0;66.25;63.25;63.5;21001
2016-08-12;62.75;64.0;62.5;64.0;11238
2016-08-11;62.0;63.0;62.0;63.0;139124
2016-08-10;61.0;62.0;61.0;61.75;11284
2016-08-09;60.0;62.0;60.0;62.0;25272
2016-08-08;61.25;61.25;59.5;60.25;51773
2016-08-05;62.0;62.0;61.0;61.25;8081
2016-08-04;61.0;62.0;60.5;62.0;22288
2016-08-03;63.0;63.0;61.0;61.25;13202
2016-08-02;64.0;65.0;62.0;63.0;16926
2016-08-01;60.25;67.0;60.25;64.0;28602
2016-07-29;60.75;62.5;60.5;61.5;57923
2016-07-28;61.5;62.0;60.25;60.75;12741
2016-07-27;60.5;62.0;59.25;61.75;13225
2016-07-26;61.25;61.75;59.25;61.25;16276
2016-07-25;62.0;63.75;60.5;61.5;15748
2016-07-22;60.5;62.0;59.5;62.0;14309
2016-07-21;60.5;62.0;60.5;62.0;8332
2016-07-20;60.25;62.25;58.75;60.5;19197
2016-07-19;60.25;63.0;58.0;60.0;33734
2016-07-18;57.5;64.0;57.5;60.0;34287
2016-07-15;56.5;57.0;55.25;57.0;20246
2016-07-14;56.5;56.75;55.25;56.5;7949
2016-07-13;56.25;57.0;56.0;56.5;8531
2016-07-12;56.5;58.0;56.0;56.25;24763
2016-07-11;56.5;57.25;55.75;57.0;15642
2016-07-08;57.0;57.0;54.0;55.5;18350
2016-07-07;55.25;55.75;53.75;55.0;13358
2016-07-06;56.0;56.75;53.5;55.0;70081
2016-07-05;56.75;57.25;56.0;56.75;11912
2016-07-04;57.25;57.5;56.0;57.5;10570
2016-07-01;56.75;57.5;55.75;56.0;20250
2016-06-30;56.0;58.5;55.5;56.5;24377
2016-06-29;54.25;56.5;54.25;55.5;14344
2016-06-28;53.0;54.75;50.25;54.25;69381
2016-06-27;53.0;54.75;50.25;53.0;200036
2016-06-24;;56.25;56.25;56.25;0
2016-06-23;55.0;56.75;53.0;56.25;41263
2016-06-22;55.5;56.5;55.0;55.0;26910
2016-06-21;54.75;56.75;54.75;55.25;16704
2016-06-20;54.0;54.5;52.25;54.5;83758
2016-06-17;52.5;52.5;51.0;51.0;36333
2016-06-16;51.5;52.75;50.5;52.75;39284
2016-06-15;51.0;53.0;50.25;53.0;40970
2016-06-14;52.5;52.5;49.9;51.75;253615
2016-06-13;53.5;53.5;51.0;52.75;137513
2016-06-10;56.25;56.25;53.0;54.0;34839
2016-06-09;57.25;57.5;55.5;56.5;15219
2016-06-08;56.5;57.25;55.25;57.25;12458
2016-06-07;56.75;58.5;56.25;57.0;24180
2016-06-06;;56.75;56.75;56.75;0
2016-06-03;54.75;59.0;54.75;56.75;181440
2016-06-02;53.75;54.25;52.5;53.25;49469
2016-06-01;53.5;54.0;53.25;53.5;111832
2016-05-31;53.5;54.75;53.5;53.5;81679
2016-05-30;54.5;55.0;52.75;53.5;30241
2016-05-27;53.25;54.0;52.0;54.0;166006
2016-05-26;53.5;55.0;51.25;52.75;185989
2016-05-25;56.0;58.0;53.5;54.5;252529
2016-05-24;56.0;56.0;53.0;54.25;236551
2016-05-23;55.75;56.75;54.25;55.75;84570
2016-05-20;55.0;56.5;54.5;55.0;89289
2016-05-19;54.0;55.0;53.5;54.0;60644
2016-05-18;51.5;54.0;51.0;53.75;54117
2016-05-17;52.5;53.75;51.0;51.25;28501
2016-05-16;51.0;52.5;51.0;51.25;31405
2016-05-13;52.0;53.5;50.0;51.0;128825
2016-05-12;51.0;55.0;51.0;51.5;55666
2016-05-11;52.0;52.5;51.0;51.0;72129
2016-05-10;53.0;53.0;51.25;52.0;90606
2016-05-09;51.75;55.0;50.75;52.75;88118
2016-05-06;52.0;52.0;50.0;50.75;24783
2016-05-05;51.0;52.0;50.75;51.0;41785
2016-05-04;51.0;52.0;50.75;51.0;41785
2016-05-03;55.0;55.0;51.0;51.0;122934
2016-05-02;54.5;57.5;54.0;54.75;59265
2016-04-29;57.25;57.25;54.0;54.0;67864
2016-04-28;54.5;57.5;52.5;56.5;84223
2016-04-27;52.5;56.0;52.5;54.25;86943
2016-04-26;50.5;52.0;50.0;52.0;43245
2016-04-25;49.5;50.5;49.1;50.5;114534
2016-04-22;49.4;50.0;48.8;49.5;22362
2016-04-21;50.0;50.0;48.7;49.4;32742
2016-04-20;50.5;50.5;49.2;50.0;22850
2016-04-19;49.0;50.75;47.9;49.2;39531
2016-04-18;49.0;49.0;46.0;47.6;142595
2016-04-15;51.0;51.0;49.0;49.2;63882
2016-04-14;51.75;52.0;49.8;49.9;197503
2016-04-13;47.1;53.0;47.0;52.5;164283
2016-04-12;46.0;46.9;45.3;46.3;113951
2016-04-11;45.8;45.8;45.0;45.8;91372
2016-04-08;44.5;45.9;44.3;45.4;101993
2016-04-07;45.0;45.0;43.8;44.5;45137
2016-04-06;44.0;45.7;43.5;45.0;52378
2016-04-05;44.2;44.5;43.3;44.0;381961
2016-04-04;43.4;44.5;43.3;44.0;319744
2016-04-01;42.1;42.5;41.4;42.3;35619
2016-03-31;42.0;42.7;41.6;42.1;54960
2016-03-30;42.9;42.9;41.6;42.2;68731
2016-03-29;43.0;43.0;42.1;42.4;35433
2016-03-28;41.9;42.9;42.5;42.5;88057
2016-03-25;41.9;42.9;41.7;42.5;88057
2016-03-24;41.9;42.9;41.7;42.5;88057
2016-03-23;42.0;42.2;41.4;41.9;179360
2016-03-22;41.9;42.5;41.3;42.0;99773
2016-03-21;43.0;43.0;41.5;41.9;107018
2016-03-18;43.0;43.3;42.0;42.3;160381
2016-03-17;43.6;43.6;41.5;41.5;29312
2016-03-16;41.8;43.6;41.8;43.6;91663
2016-03-15;41.3;41.9;40.5;41.2;409876
2016-03-14;43.0;44.4;40.1;41.2;81085
2016-03-11;41.8;45.1;39.6;42.5;373972
2016-03-10;44.8;44.8;43.5;44.0;40338
2016-03-09;45.0;45.0;43.5;43.7;62238
2016-03-08;47.0;47.0;44.5;45.0;57208
2016-03-07;48.0;48.4;47.1;47.1;75545
2016-03-04;46.0;49.0;46.0;47.7;119627
2016-03-03;43.0;45.35;43.0;45.2;145490
2016-03-02;43.0;43.5;42.4;42.9;78408
2016-03-01;41.8;42.1;40.5;41.0;47725
2016-02-29;42.5;42.5;41.0;41.5;45169
2016-02-26;42.6;44.5;41.4;42.5;149411
2016-02-25;40.2;41.2;40.0;40.9;95472
2016-02-24;38.5;40.1;38.5;39.5;85744
2016-02-23;37.2;40.0;37.2;38.5;87533
2016-02-22;38.0;38.9;37.2;37.2;58190
2016-02-19;38.0;39.0;37.5;37.5;362900
2016-02-18;38.4;39.0;37.7;37.7;77821
2016-02-17;37.9;40.0;37.9;38.4;130714
2016-02-16;40.3;40.3;37.7;38.0;80297
2016-02-15;39.5;41.2;37.7;39.5;130878
2016-02-12;42.2;43.4;38.1;39.5;341726
2016-02-11;35.6;40.2;35.6;40.2;2006195
