Dates;Open;High;Low;Close;Volume
2017-12-27;55.75;56.0;55.25;55.75;104409
2017-12-22;55.5;56.0;55.5;55.75;60571
2017-12-21;56.5;57.0;55.5;55.75;170126
2017-12-20;56.75;56.75;56.25;56.25;88057
2017-12-19;56.25;57.0;56.25;56.5;55469
2017-12-18;56.0;57.0;56.0;56.5;129817
2017-12-15;56.5;57.0;56.0;56.0;203106
2017-12-14;56.25;57.25;55.5;56.75;276141
2017-12-13;55.5;56.75;55.25;56.75;262571
2017-12-12;55.25;55.5;55.0;55.25;71737
2017-12-11;55.5;55.75;55.0;55.25;108484
2017-12-08;55.5;55.75;55.25;55.5;110560
2017-12-07;54.5;55.25;54.25;55.25;131819
2017-12-06;54.75;55.0;54.25;54.5;164334
2017-12-05;54.75;55.0;54.75;54.75;66115
2017-12-04;55.0;55.0;54.5;54.75;114982
2017-12-01;56.0;56.25;54.75;54.75;219561
2017-11-30;56.5;56.5;56.0;56.0;213943
2017-11-29;56.5;56.75;56.25;56.5;130120
2017-11-28;57.25;57.25;56.0;56.5;266965
2017-11-27;56.25;57.25;56.0;57.25;203270
2017-11-24;55.0;56.5;55.0;56.25;193936
2017-11-23;55.75;55.75;54.75;55.25;141385
2017-11-22;56.25;56.5;55.5;55.75;89302
2017-11-21;56.0;56.5;55.25;56.5;166202
2017-11-20;56.25;56.5;56.0;56.0;124814
2017-11-17;57.25;57.5;56.0;56.5;150957
2017-11-16;56.75;57.25;56.5;57.25;168545
2017-11-15;56.75;56.75;56.0;56.5;341656
2017-11-14;56.0;57.25;55.0;57.25;537723
2017-11-13;56.0;56.0;55.5;55.75;246111
2017-11-10;54.75;56.0;54.25;56.0;507829
2017-11-09;55.0;55.0;54.5;54.5;92830
2017-11-08;55.25;55.5;54.75;55.0;196269
2017-11-07;55.25;55.25;54.5;55.0;109326
2017-11-06;55.25;55.5;54.5;55.25;188938
2017-11-03;54.5;55.5;54.5;55.25;137112
2017-11-02;54.5;54.75;54.25;54.5;89979
2017-11-01;54.75;55.0;54.5;54.5;164452
2017-10-31;55.0;55.0;54.5;55.0;139499
2017-10-30;55.0;55.5;54.75;54.75;130464
2017-10-27;55.25;55.5;54.75;55.25;251694
2017-10-26;54.5;55.5;54.5;55.25;266320
2017-10-25;54.0;54.75;53.75;54.5;411923
2017-10-24;55.0;55.0;53.75;54.0;305623
2017-10-23;54.5;55.75;54.5;54.75;207961
2017-10-20;55.0;55.75;54.5;54.5;357996
2017-10-19;56.25;56.25;55.0;55.0;278697
2017-10-18;53.5;56.5;53.5;56.5;1091914
2017-10-17;52.75;53.5;52.5;53.5;184625
2017-10-13;53.0;53.0;52.5;52.75;188300
2017-10-12;52.75;53.0;52.25;53.0;122802
2017-10-11;52.75;53.0;52.5;52.75;501075
2017-10-10;52.5;52.75;52.25;52.75;195711
2017-10-09;51.75;52.75;51.75;52.75;226448
2017-10-06;51.75;52.0;51.25;52.0;184221
2017-10-05;51.75;52.0;51.5;51.75;87275
2017-10-04;52.25;52.5;51.5;51.75;126413
2017-10-03;52.0;52.25;51.75;52.25;152504
2017-10-02;52.0;52.0;51.75;52.0;134620
2017-09-29;51.25;52.0;50.75;52.0;149687
2017-09-28;51.0;51.25;50.25;51.25;214840
2017-09-27;51.5;51.75;50.75;51.0;269470
2017-09-26;51.5;51.75;51.25;51.75;118528
2017-09-25;51.5;51.75;51.0;51.5;107303
2017-09-22;51.75;51.75;51.0;51.5;118538
2017-09-21;51.5;51.75;51.0;51.5;166777
2017-09-20;51.25;51.75;51.0;51.25;182395
2017-09-19;51.0;51.5;50.75;51.0;192625
2017-09-18;50.75;51.25;50.75;51.0;406338
2017-09-15;49.3;50.0;49.3;50.0;448217
2017-09-14;48.7;49.5;48.4;49.4;458400
2017-09-13;48.3;48.7;48.2;48.6;273894
2017-09-12;48.5;48.7;48.3;48.3;139277
2017-09-11;48.0;48.6;48.0;48.5;199487
2017-09-08;47.6;48.0;47.4;47.8;191886
2017-09-07;47.3;47.7;47.3;47.6;94565
2017-09-06;47.3;47.4;47.0;47.3;152321
2017-09-04;48.4;48.6;48.2;48.2;108463
2017-09-01;48.8;48.8;48.4;48.5;157407
2017-08-31;48.6;48.7;48.0;48.6;347587
2017-08-30;48.0;48.6;48.0;48.3;333638
2017-08-29;48.2;48.3;47.6;47.7;463822
2017-08-28;48.0;48.3;47.4;48.0;1043679
2017-08-25;46.7;47.0;46.5;46.6;92709
2017-08-24;47.2;47.2;46.6;46.7;81462
2017-08-23;47.0;47.3;46.8;47.2;97509
2017-08-22;47.0;47.2;46.8;47.0;95768
2017-08-21;46.9;46.9;46.5;46.9;123738
2017-08-18;47.2;47.2;46.8;47.0;154919
2017-08-17;47.5;47.6;47.1;47.3;89327
2017-08-16;47.8;47.8;47.4;47.5;91758
2017-08-15;47.9;48.0;47.4;47.6;118397
2017-08-14;46.7;47.8;46.7;47.8;221631
2017-08-11;47.5;47.5;46.5;46.5;443804
2017-08-10;48.5;48.5;47.6;47.6;250652
2017-08-09;48.4;48.5;47.9;48.5;92312
2017-08-08;48.3;48.5;48.0;48.5;83221
2017-08-07;48.0;48.3;47.7;48.3;70446
2017-08-04;47.5;48.2;47.4;48.0;195008
2017-08-03;48.0;48.2;47.6;47.6;189125
2017-08-02;47.8;48.2;47.8;47.9;228740
2017-08-01;47.4;48.0;47.3;47.8;142342
2017-07-31;47.5;47.6;47.2;47.2;127322
2017-07-28;48.1;48.3;47.4;47.5;188336
2017-07-27;48.1;48.6;48.0;48.5;119257
2017-07-26;47.9;48.2;47.7;48.1;152206
2017-07-25;47.8;48.1;47.7;47.8;96123
2017-07-24;48.2;48.2;47.6;47.8;139535
2017-07-21;48.8;48.8;48.0;48.2;130741
2017-07-20;48.5;48.9;48.3;48.6;196856
2017-07-19;48.7;48.7;48.2;48.4;184604
2017-07-18;48.4;48.9;48.2;48.8;206449
2017-07-17;48.9;48.9;48.2;48.4;176329
2017-07-14;48.8;48.9;48.3;48.9;161885
2017-07-13;48.7;48.9;48.4;48.8;193050
2017-07-12;47.8;49.0;47.8;48.8;238283
2017-07-11;48.7;48.7;47.7;47.8;138433
2017-07-10;47.7;48.5;47.5;48.5;225561
2017-07-07;47.0;48.1;47.0;47.5;427646
2017-07-06;46.8;47.0;46.2;46.6;282527
2017-07-05;46.3;46.8;45.8;46.8;309264
2017-07-04;46.2;46.6;45.9;46.3;247700
2017-07-03;46.3;46.8;46.1;46.3;155954
2017-06-30;46.0;46.7;46.0;46.6;157008
2017-06-29;46.5;46.7;46.0;46.1;272596
2017-06-28;46.7;46.9;46.1;46.6;256567
2017-06-27;47.0;47.3;46.6;46.7;159368
2017-06-26;46.7;47.5;46.5;47.2;335706
2017-06-23;;47.0;47.0;47.0;0
2017-06-22;47.0;47.0;46.5;47.0;303680
2017-06-21;47.6;47.8;46.8;47.0;214127
2017-06-20;48.2;48.2;47.4;47.5;278020
2017-06-19;48.5;48.9;48.2;48.3;267564
2017-06-16;48.2;48.8;47.9;48.5;403848
2017-06-15;49.2;49.7;48.1;48.3;391842
2017-06-14;48.7;49.5;48.6;49.5;487043
2017-06-13;48.7;49.1;48.5;48.7;238235
2017-06-12;49.1;49.1;48.5;48.7;310366
2017-06-09;48.7;49.4;48.0;49.2;445200
2017-06-08;49.4;49.7;48.5;48.7;409551
2017-06-07;49.0;49.7;48.8;49.3;342704
2017-06-06;;49.0;49.0;49.0;0
2017-06-05;48.8;49.0;48.7;49.0;250133
2017-06-02;48.4;48.8;48.0;48.8;274765
2017-06-01;47.9;48.4;47.8;48.3;200274
2017-05-31;48.4;48.4;47.7;47.9;379819
2017-05-30;48.5;48.7;48.1;48.4;151003
2017-05-29;48.9;49.0;48.4;48.5;141354
2017-05-26;48.5;49.0;48.5;48.9;479922
2017-05-24;48.4;48.5;48.0;48.5;103014
2017-05-23;48.5;48.5;47.9;48.3;169264
2017-05-22;47.7;48.5;47.7;48.4;162882
2017-05-19;47.5;48.0;47.5;47.7;182379
2017-05-18;48.9;48.9;47.1;47.5;526968
2017-05-17;48.7;49.2;48.6;48.9;572616
2017-05-16;48.5;48.9;48.3;48.9;610832
2017-05-15;48.8;49.0;48.1;48.3;276168
2017-05-12;48.8;48.8;48.8;48.8;174313
2017-05-11;48.5;48.9;48.3;48.9;378505
2017-05-10;48.0;48.6;47.9;48.6;611248
2017-05-09;48.0;48.3;47.7;48.0;583305
2017-05-08;47.9;48.0;47.6;48.0;719888
2017-05-05;47.0;47.9;46.6;47.9;530130
2017-05-04;47.3;47.4;46.7;47.0;609067
2017-05-03;46.4;47.2;46.3;47.2;614625
2017-05-02;45.4;46.3;45.4;46.3;319202
2017-05-01;;45.4;45.4;45.4;0
2017-04-28;45.4;45.7;45.0;45.4;404794
2017-04-27;44.4;45.5;44.2;45.3;768606
2017-04-26;45.9;46.8;45.5;46.1;568885
2017-04-25;45.1;46.1;45.0;45.9;335051
2017-04-24;45.6;45.6;44.3;45.0;485289
2017-04-21;45.3;45.6;45.0;45.1;350158
2017-04-20;46.1;46.1;45.2;45.3;193399
2017-04-19;45.5;46.0;45.5;46.0;282640
2017-04-18;45.4;45.9;45.2;45.9;422720
2017-04-13;45.3;45.4;44.9;45.4;115893
2017-04-12;44.6;45.1;44.5;45.1;215696
2017-04-11;44.1;44.7;43.8;44.5;292636
2017-04-10;44.2;44.5;44.0;44.2;371667
2017-04-07;43.8;44.3;43.5;44.2;556383
2017-04-06;43.5;43.8;43.3;43.8;243842
2017-04-05;43.5;43.9;43.4;43.8;252460
2017-04-04;43.1;43.6;43.1;43.3;124029
2017-04-03;44.0;44.0;43.1;43.3;275814
2017-03-31;42.9;44.0;42.8;44.0;330783
2017-03-30;43.4;43.5;42.5;42.8;334044
2017-03-29;42.8;43.3;42.5;43.2;247279
2017-03-28;42.6;42.8;42.3;42.7;311729
2017-03-27;43.0;43.0;42.4;42.6;177285
2017-03-24;43.4;43.4;42.7;42.9;144454
2017-03-23;42.6;43.2;42.5;43.2;409209
2017-03-22;43.1;43.1;42.4;42.6;273756
2017-03-21;43.7;43.8;43.1;43.2;237332
2017-03-20;44.0;44.0;43.7;43.7;124085
2017-03-17;43.0;44.0;42.9;44.0;551030
2017-03-16;42.7;43.0;42.4;43.0;886684
2017-03-15;42.6;42.6;42.2;42.5;196217
2017-03-14;42.6;42.6;42.3;42.6;250791
2017-03-13;42.9;43.0;42.3;42.6;378992
2017-03-10;43.0;42.8;42.8;42.8;495297
2017-03-09;43.2;43.3;42.6;42.8;373150
2017-03-08;43.6;43.6;42.8;43.2;539224
2017-03-07;44.1;44.1;43.4;43.6;327458
2017-03-06;44.2;44.3;44.0;44.1;154799
2017-03-03;44.4;44.2;44.2;44.2;246632
2017-03-02;44.7;44.8;44.2;44.4;310256
2017-03-01;44.9;45.2;44.3;44.5;381108
2017-02-28;44.2;44.9;43.9;44.9;483889
2017-02-27;44.7;44.8;44.0;44.1;307497
2017-02-24;44.8;45.0;44.5;44.6;333873
2017-02-23;45.2;45.3;44.8;44.8;230070
2017-02-22;44.7;45.2;44.6;45.2;391338
2017-02-21;45.0;45.2;44.4;44.7;326985
2017-02-20;45.2;45.3;44.6;44.8;365577
2017-02-17;45.3;45.5;45.2;45.2;359793
2017-02-16;45.4;46.0;44.7;45.3;468131
2017-02-15;44.6;45.1;44.6;45.0;417764
2017-02-14;44.2;44.8;43.8;44.7;534809
2017-02-13;44.7;45.0;44.0;44.1;323597
2017-02-10;44.6;44.9;44.3;44.6;196380
2017-02-09;45.4;45.4;44.5;44.6;349098
2017-02-08;44.5;45.3;44.3;45.1;671941
2017-02-07;43.9;44.5;43.9;44.5;515151
2017-02-06;44.1;44.2;43.8;43.9;385304
2017-02-03;43.8;44.1;43.8;44.0;352731
2017-02-02;44.5;44.5;43.8;43.8;363836
2017-02-01;43.8;44.4;43.5;44.2;917310
2017-01-31;43.0;43.7;42.8;43.5;516685
2017-01-30;43.8;43.9;42.8;42.9;616226
2017-01-27;44.5;44.5;43.5;43.7;517102
2017-01-26;42.9;44.5;42.6;44.1;1772771
2017-01-25;43.1;43.2;42.2;42.2;881109
2017-01-24;43.0;43.5;42.5;43.2;496708
2017-01-23;43.9;44.3;43.0;43.0;690980
2017-01-20;43.7;44.0;43.3;43.9;952732
2017-01-19;43.5;43.7;42.8;43.3;1314978
2017-01-18;43.2;44.0;42.7;43.5;1771897
2017-01-17;42.3;43.2;42.2;42.9;2464699
2017-01-16;42.3;42.5;41.7;42.5;2070587
2017-01-13;42.7;43.0;41.8;42.1;1791810
2017-01-12;42.0;43.4;41.5;42.7;1552599
2017-01-11;42.4;42.5;41.6;42.0;1372840
2017-01-10;43.7;43.7;42.3;42.4;940828
2017-01-09;45.5;46.3;42.9;43.6;852059
2017-01-06;;45.5;45.5;45.5;0
2017-01-05;46.2;46.5;45.3;45.5;167106
2017-01-04;47.0;47.0;45.5;46.5;365395
2017-01-03;48.4;48.5;46.6;46.6;194757
2017-01-02;60.5;61.0;59.75;60.25;199384
2016-12-30;59.25;60.0;59.25;60.0;65613
2016-12-29;59.5;59.5;59.25;59.5;56105
2016-12-28;59.5;59.5;59.0;59.5;85593
2016-12-27;59.75;59.75;59.0;59.5;47039
2016-12-23;59.25;59.5;58.75;59.5;48443
2016-12-22;58.75;59.0;58.5;59.0;35719
2016-12-21;59.0;59.25;58.75;59.0;49711
2016-12-20;59.5;59.5;58.5;59.0;55663
2016-12-19;58.25;59.75;58.25;59.25;214728
2016-12-16;58.25;58.75;58.25;58.5;179097
2016-12-15;59.25;59.5;58.0;58.5;117967
2016-12-14;59.75;60.0;59.5;59.5;42019
2016-12-13;59.5;60.25;59.5;60.0;124115
2016-12-12;59.75;59.75;58.5;59.5;116555
2016-12-09;59.0;59.75;58.75;59.75;399191
2016-12-08;59.0;59.5;58.75;58.75;105308
2016-12-07;59.0;59.75;58.75;59.0;90971
2016-12-06;59.25;59.5;58.75;59.0;219270
2016-12-05;59.0;59.25;58.5;59.25;53394
2016-12-02;59.5;59.5;58.75;59.0;114438
2016-12-01;60.5;60.5;59.25;59.75;152280
2016-11-30;61.25;61.25;60.25;60.5;155051
2016-11-29;60.75;60.75;60.0;60.25;85511
2016-11-28;59.5;60.75;59.25;60.75;382106
2016-11-25;59.0;59.5;58.5;59.25;121998
2016-11-24;58.75;59.0;58.5;59.0;144253
2016-11-23;58.0;58.75;57.75;58.5;453000
2016-11-22;58.5;58.5;56.25;58.0;290557
2016-11-21;58.5;58.75;57.75;58.5;145444
2016-11-18;58.0;58.5;57.75;58.25;1083000
2016-11-17;58.0;58.25;57.25;58.0;180307
2016-11-16;58.0;58.5;57.5;58.0;143354
2016-11-15;56.5;58.0;56.5;58.0;177942
2016-11-14;57.0;58.0;56.25;56.5;221789
2016-11-11;57.75;58.25;56.5;56.75;168988
2016-11-10;58.75;59.0;57.5;57.75;209860
2016-11-09;58.0;59.75;57.75;58.75;127230
2016-11-08;60.0;60.5;59.5;60.0;101620
2016-11-07;59.0;59.5;59.0;59.5;64052
2016-11-04;59.25;59.25;59.0;59.0;117548
2016-11-03;59.0;60.0;58.75;58.75;160522
2016-11-02;59.25;59.5;58.75;59.0;182766
2016-11-01;60.75;60.75;59.0;59.25;133120
2016-10-31;60.75;60.75;60.0;60.25;75960
2016-10-28;59.5;61.25;59.5;60.75;114338
2016-10-27;61.0;61.0;60.0;60.5;107337
2016-10-26;62.25;62.25;60.5;61.25;140469
2016-10-25;61.5;62.0;60.5;62.0;158141
2016-10-24;61.0;62.25;60.75;61.25;250593
2016-10-21;61.0;61.5;60.5;61.0;129637
2016-10-20;59.25;60.0;59.0;60.0;95936
2016-10-19;60.25;60.25;59.25;59.5;105505
2016-10-18;59.75;60.25;59.5;60.0;111373
2016-10-17;60.25;60.25;59.25;59.5;62910
2016-10-14;60.25;60.75;59.25;60.5;95363
2016-10-13;59.0;60.25;58.75;60.25;163550
2016-10-12;58.75;59.25;58.5;58.75;158475
2016-10-11;60.0;60.0;58.75;59.0;265150
2016-10-10;60.0;60.5;59.5;60.0;104766
2016-10-07;60.75;61.0;59.25;60.0;234761
2016-10-06;63.0;63.5;60.0;60.75;329851
2016-10-05;64.0;64.0;62.75;63.0;89638
2016-10-04;64.5;64.75;64.25;64.25;50385
2016-10-03;64.75;65.0;64.5;64.5;57766
2016-09-30;64.25;64.75;63.75;64.75;91739
2016-09-29;65.0;65.25;64.25;64.75;60271
2016-09-28;65.0;65.25;64.75;65.0;31731
2016-09-27;65.0;65.25;64.5;65.0;38960
2016-09-26;65.0;65.25;64.25;65.0;40145
2016-09-23;65.5;65.5;64.75;65.0;195795
2016-09-22;64.5;65.75;64.5;65.0;492025
2016-09-21;65.25;65.25;64.25;64.5;102833
2016-09-20;65.25;66.0;64.75;65.25;95426
2016-09-19;64.75;65.25;64.5;65.25;103376
2016-09-16;65.5;66.5;64.5;64.5;156279
2016-09-15;65.0;65.75;64.5;65.5;52168
2016-09-14;65.0;65.25;64.75;64.75;49762
2016-09-13;65.0;65.75;65.0;65.0;73172
2016-09-12;66.25;66.25;64.5;64.75;96119
2016-09-09;67.5;67.5;66.5;66.5;156941
2016-09-08;68.25;68.5;67.0;67.5;85670
2016-09-07;68.5;68.75;68.0;68.25;43705
2016-09-06;68.5;68.75;67.75;68.5;60697
2016-09-05;67.75;68.5;67.5;68.5;41620
2016-09-02;67.0;67.75;66.75;67.75;63209
2016-09-01;67.0;67.75;66.75;67.0;167384
2016-08-31;67.75;68.25;67.0;67.0;71480
2016-08-30;66.5;68.25;66.5;67.75;82440
2016-08-29;66.5;67.75;66.25;67.75;58318
2016-08-26;66.25;67.0;66.0;67.0;124683
2016-08-25;67.25;67.25;66.25;66.5;66390
2016-08-24;67.75;67.75;66.5;66.75;196752
2016-08-23;67.5;67.75;67.0;67.5;36169
2016-08-22;67.0;67.5;66.0;67.5;63581
2016-08-19;66.5;67.25;66.25;66.5;44882
2016-08-18;66.5;66.75;66.25;66.5;40920
2016-08-17;66.5;66.75;65.75;66.5;45885
2016-08-16;66.5;66.75;66.0;66.25;213738
2016-08-15;66.75;67.0;66.25;66.75;36891
2016-08-12;67.0;67.25;66.25;66.5;46128
2016-08-11;67.5;67.5;67.0;67.25;30080
2016-08-10;67.75;67.75;66.5;67.5;109388
2016-08-09;67.0;67.75;66.25;67.75;39792
2016-08-08;66.75;67.5;66.0;66.75;46761
2016-08-05;66.25;67.25;66.25;66.75;84568
2016-08-04;66.5;66.75;65.5;66.25;113857
2016-08-03;68.25;68.25;66.5;66.75;141763
2016-08-02;68.25;68.75;66.75;68.75;159135
2016-08-01;67.5;68.5;67.0;68.5;167079
2016-07-29;67.0;67.5;66.75;67.5;170075
2016-07-28;65.5;67.25;65.25;67.0;348369
2016-07-27;63.5;65.5;63.25;65.5;362900
2016-07-26;62.5;63.25;62.25;63.25;54160
2016-07-25;62.25;62.75;62.25;62.5;76610
2016-07-22;62.5;62.5;62.0;62.25;51076
2016-07-21;62.5;62.75;61.75;62.5;101861
2016-07-20;62.25;63.0;62.0;62.5;181070
2016-07-19;62.5;62.5;62.0;62.5;63378
2016-07-18;62.5;63.0;62.0;62.5;48790
2016-07-15;62.25;62.5;61.75;62.5;85276
2016-07-14;62.25;62.75;62.0;62.5;94135
2016-07-13;62.0;62.25;61.5;62.25;201378
2016-07-12;61.75;62.25;61.5;62.0;52247
2016-07-11;60.75;61.75;60.5;61.75;137004
2016-07-08;61.0;61.0;59.75;60.5;59225
2016-07-07;59.75;61.75;59.75;61.0;197399
2016-07-06;59.5;60.0;58.5;59.5;174185
2016-07-05;60.0;60.25;58.5;59.0;56632
2016-07-04;60.25;60.5;60.0;60.5;44248
2016-07-01;60.0;60.25;59.25;60.25;137523
2016-06-30;58.75;60.0;58.25;60.0;179633
2016-06-29;57.5;58.5;57.5;58.5;325071
2016-06-28;58.0;58.25;57.5;57.5;63508
2016-06-27;57.5;58.5;56.75;57.25;269799
2016-06-24;;59.5;59.5;59.5;0
2016-06-23;58.75;59.5;58.5;59.5;279794
2016-06-22;59.0;59.0;58.5;58.75;96497
2016-06-21;58.5;58.75;58.0;58.75;58020
2016-06-20;58.0;59.0;58.0;58.75;117146
2016-06-17;56.75;58.0;56.75;57.5;86279
2016-06-16;58.0;58.0;56.5;56.5;106564
2016-06-15;57.25;58.5;57.25;58.5;96757
2016-06-14;58.25;58.25;56.75;57.0;135175
2016-06-13;59.5;59.5;57.75;58.5;112327
2016-06-10;61.25;61.25;60.0;60.0;66851
2016-06-09;61.5;61.5;60.75;61.25;58446
2016-06-08;60.75;61.5;60.5;61.25;100125
2016-06-07;61.5;61.5;60.75;61.25;288529
2016-06-06;;61.25;61.25;61.25;0
2016-06-03;61.25;61.25;60.75;61.25;59045
2016-06-02;61.5;61.5;60.75;61.25;100881
2016-06-01;61.0;61.5;60.75;61.25;101797
2016-05-31;61.5;61.5;61.0;61.0;77482
2016-05-30;61.75;61.75;61.25;61.25;45404
2016-05-27;61.5;61.75;61.25;61.75;80605
2016-05-26;61.5;61.5;61.25;61.5;66107
2016-05-25;61.0;61.5;61.0;61.5;63757
2016-05-24;61.25;61.5;61.0;61.0;43176
2016-05-23;61.0;61.5;60.75;61.5;79025
2016-05-20;61.0;61.0;60.5;61.0;69857
2016-05-19;60.75;60.75;60.0;60.5;94324
2016-05-18;60.0;60.75;59.5;60.25;97021
2016-05-17;59.5;60.0;59.5;60.0;65006
2016-05-16;59.5;59.75;59.0;59.5;95081
2016-05-13;59.0;59.75;59.0;59.5;32880
2016-05-12;59.25;59.5;58.5;59.25;60479
2016-05-11;60.5;60.5;59.25;59.75;55960
2016-05-10;60.5;61.0;60.25;60.5;60012
2016-05-09;61.0;61.0;60.0;60.25;31848
2016-05-06;58.75;61.0;58.25;60.25;174118
2016-05-05;59.0;59.0;58.25;58.75;64010
2016-05-04;59.0;59.0;58.25;58.75;64010
2016-05-03;59.0;59.0;58.25;59.0;270955
2016-05-02;59.0;59.25;58.5;59.0;49167
2016-04-29;59.75;59.75;58.25;58.75;190253
2016-04-28;60.0;60.0;59.0;59.75;78888
2016-04-27;59.0;60.0;58.25;59.75;135079
2016-04-26;59.75;61.75;59.75;61.0;360655
2016-04-25;59.25;59.75;58.75;59.75;109687
2016-04-22;60.0;60.0;58.75;58.75;204117
2016-04-21;60.25;60.5;59.5;59.5;147235
2016-04-20;60.5;60.75;60.0;60.25;99061
2016-04-19;60.5;61.0;60.25;60.5;97941
2016-04-18;60.5;60.75;60.25;60.5;57646
2016-04-15;60.75;60.75;60.0;60.75;104750
2016-04-14;61.5;62.0;60.25;60.75;173031
2016-04-13;62.0;62.25;61.0;61.5;129417
2016-04-12;62.0;62.0;61.25;61.75;97287
2016-04-11;60.75;62.0;60.5;62.0;116271
2016-04-08;59.5;60.75;59.5;60.75;86641
2016-04-07;60.75;60.75;59.75;59.75;36229
2016-04-06;60.25;60.75;60.0;60.75;75356
2016-04-05;59.75;60.25;59.25;60.25;66541
2016-04-04;60.75;60.75;59.75;60.25;74292
2016-04-01;59.75;60.25;59.25;60.25;60181
2016-03-31;60.0;60.0;59.5;59.75;38229
2016-03-30;59.75;60.25;59.5;60.0;58856
2016-03-29;60.0;60.0;58.75;59.25;65475
2016-03-28;59.5;59.75;59.5;59.5;24434
2016-03-25;59.5;59.75;59.0;59.5;24434
2016-03-24;59.5;59.75;59.0;59.5;24434
2016-03-23;59.25;60.0;59.0;59.5;51827
2016-03-22;60.0;60.25;59.25;59.75;98051
2016-03-21;61.0;61.0;60.0;60.25;114059
2016-03-18;61.0;61.25;60.75;61.0;98563
2016-03-17;60.5;61.0;59.5;61.0;67329
2016-03-16;60.0;60.5;59.5;60.0;101377
2016-03-15;60.5;60.5;59.25;60.0;96670
2016-03-14;59.0;60.25;59.0;60.25;172526
2016-03-11;58.25;59.0;58.0;58.75;126212
2016-03-10;58.0;58.5;57.5;57.5;132653
2016-03-09;57.75;58.0;57.5;57.75;96285
2016-03-08;58.0;58.0;57.25;57.5;117082
2016-03-07;58.25;58.5;57.75;58.0;172172
2016-03-04;57.75;58.5;57.75;58.25;200670
2016-03-03;57.75;58.25;57.5;57.75;89782
2016-03-02;58.25;58.5;57.5;57.75;137706
2016-03-01;59.0;59.0;56.5;58.25;353861
2016-02-29;58.5;59.0;57.5;58.25;132012
2016-02-26;59.25;59.5;58.0;58.0;115820
2016-02-25;58.25;58.75;57.75;58.5;92591
2016-02-24;58.25;58.5;57.5;58.0;152027
2016-02-23;58.0;58.5;57.5;57.75;117444
2016-02-22;57.25;58.5;57.25;58.25;136281
2016-02-19;58.0;58.0;57.0;57.0;114988
2016-02-18;59.0;59.0;57.75;57.75;109807
2016-02-17;57.0;58.0;56.5;57.5;130694
2016-02-16;57.5;57.75;55.5;55.75;79738
2016-02-15;56.0;57.25;55.75;56.75;53310
2016-02-12;55.0;55.5;54.5;55.0;111599
2016-02-11;55.0;55.0;53.5;54.5;169441
2016-02-10;54.5;55.25;53.5;54.75;162312
2016-02-09;56.0;56.0;52.75;53.5;302574
2016-02-08;59.0;59.0;55.0;55.0;197093
2016-02-05;58.5;58.75;57.75;58.25;128729
2016-02-04;58.5;59.25;57.5;58.5;126368
2016-02-03;57.25;58.75;56.75;58.0;193484
2016-02-02;58.25;58.5;57.25;57.25;85952
2016-02-01;56.25;58.75;55.75;58.5;293973
2016-01-29;56.5;56.5;55.75;56.25;282144
2016-01-28;56.5;56.5;55.25;55.5;154491
2016-01-27;57.5;57.5;55.5;56.0;137028
2016-01-26;55.5;57.5;55.0;57.25;122712
2016-01-25;56.5;56.5;55.5;56.0;126160
2016-01-22;55.5;56.5;54.75;56.0;76133
2016-01-21;53.75;55.5;53.5;54.25;135027
2016-01-20;54.5;55.0;53.25;53.75;133120
2016-01-19;54.25;55.0;54.0;55.0;209126
2016-01-18;54.25;55.0;53.5;53.5;96253
2016-01-15;57.5;57.5;53.75;54.25;264702
2016-01-14;57.25;57.25;55.25;56.0;185519
2016-01-13;58.0;58.25;56.75;57.5;145349
2016-01-12;57.5;58.25;57.25;57.25;95337
2016-01-11;58.5;59.0;57.25;57.25;89323
2016-01-08;60.25;60.25;58.75;58.75;108086
2016-01-07;59.0;60.75;58.0;60.25;91112
2016-01-06;;60.5;60.5;60.5;0
2016-01-05;60.5;61.25;60.0;60.5;43178
2016-01-04;61.25;61.25;58.75;60.25;115068
2016-01-01;;61.25;61.25;61.25;0
2015-12-31;;61.25;61.25;61.25;0
2015-12-30;62.0;62.0;61.0;61.25;118316
2015-12-29;62.0;62.25;61.25;62.0;41863
2015-12-28;62.0;62.0;60.75;61.75;56033
2015-12-25;62.0;62.25;61.5;61.75;34823
2015-12-24;62.0;62.25;61.5;61.75;34823
2015-12-23;62.0;62.25;61.5;61.75;34823
2015-12-22;61.75;61.75;60.5;61.5;30419
2015-12-21;60.75;62.0;60.5;60.75;47402
2015-12-18;61.5;62.0;60.75;61.0;99889
2015-12-17;62.0;62.75;61.5;61.75;43549
2015-12-16;60.5;61.5;60.25;61.0;55876
2015-12-15;60.5;61.0;59.5;60.0;113694
2015-12-14;62.5;62.5;59.0;60.0;134475
2015-12-11;62.5;62.5;61.0;61.75;61293
2015-12-10;62.0;62.0;61.0;62.0;46105
2015-12-09;61.0;62.25;60.25;61.75;74656
2015-12-08;63.5;63.5;60.0;60.75;129602
2015-12-07;64.0;64.0;62.75;63.0;55065
2015-12-04;64.0;64.25;61.75;62.75;127188
2015-12-03;65.0;65.25;63.25;63.75;77903
2015-12-02;65.5;67.0;64.0;64.0;122581
2015-12-01;64.25;66.0;64.25;65.25;125060
2015-11-30;64.5;65.0;63.75;64.25;103855
2015-11-27;63.75;64.25;62.75;64.25;54203
2015-11-26;63.0;63.75;62.5;63.75;46834
2015-11-25;62.0;63.0;62.0;63.0;83284
2015-11-24;62.5;62.5;61.5;62.0;88559
2015-11-23;63.0;63.5;62.5;62.5;94122
2015-11-20;63.0;63.0;62.25;63.0;119933
2015-11-19;62.75;63.0;62.25;63.0;61038
2015-11-18;62.5;62.5;61.5;62.0;84639
2015-11-17;62.0;63.0;62.0;62.5;68680
2015-11-16;61.25;62.25;60.75;62.0;43207
2015-11-13;61.5;61.5;60.75;61.25;62924
2015-11-12;62.25;62.5;61.25;61.75;71880
2015-11-11;62.5;63.5;61.75;62.25;137005
2015-11-10;64.0;64.0;62.25;62.25;118303
2015-11-09;67.0;67.0;64.0;64.5;188384
2015-11-06;66.0;66.25;65.0;65.5;112757
2015-11-05;66.0;66.25;65.5;65.5;65031
2015-11-04;65.25;66.0;64.5;65.5;177857
2015-11-03;65.0;65.0;64.25;64.5;108749
2015-11-02;62.75;64.5;62.5;64.5;186732
2015-10-30;62.0;62.75;61.75;62.75;32226
2015-10-29;61.5;62.25;61.25;62.25;50283
2015-10-28;61.0;61.75;60.75;61.5;121171
2015-10-27;61.25;61.25;60.25;61.0;80207
2015-10-26;60.25;61.75;59.75;61.5;219977
2015-10-23;60.75;60.75;58.5;60.25;204164
2015-10-22;61.75;61.75;59.75;60.5;205627
2015-10-21;59.25;60.5;59.25;60.5;80488
2015-10-20;58.25;59.25;58.0;59.25;87109
2015-10-19;58.25;58.5;58.0;58.25;52128
2015-10-16;58.5;58.5;58.0;58.25;56769
2015-10-15;59.0;59.0;58.0;58.25;62087
2015-10-14;58.75;58.75;58.0;58.25;55973
2015-10-13;59.25;59.25;58.25;58.5;172316
2015-10-12;58.5;59.25;58.0;58.75;135767
2015-10-09;58.0;58.75;57.5;58.0;110273
2015-10-08;59.0;59.0;57.25;58.0;127953
2015-10-07;59.0;59.75;58.5;58.5;170288
2015-10-06;58.0;58.75;57.25;58.25;114580
2015-10-05;56.0;58.5;55.75;58.0;121622
2015-10-02;55.75;56.0;55.25;55.75;47750
2015-10-01;55.75;56.0;55.5;55.75;128650
2015-09-30;55.25;55.75;55.25;55.5;48597
2015-09-29;55.0;55.75;54.25;55.0;72977
2015-09-28;55.5;55.75;55.0;55.75;210332
2015-09-25;54.75;55.75;54.75;55.5;74293
2015-09-24;55.5;55.5;54.0;54.25;121890
2015-09-23;55.25;55.5;55.0;55.5;35931
2015-09-22;56.0;56.0;55.0;55.25;62552
2015-09-21;55.75;56.0;55.25;56.0;68164
2015-09-18;56.25;56.25;55.25;55.75;169605
2015-09-17;56.5;56.5;55.5;56.0;104176
2015-09-16;56.0;56.5;55.75;56.0;153053
2015-09-15;56.0;56.5;54.5;55.0;95266
2015-09-14;56.75;57.25;55.5;56.0;90776
2015-09-11;57.5;57.5;56.5;57.0;54578
2015-09-10;57.0;57.5;56.75;57.5;65092
2015-09-09;57.75;58.0;57.25;57.5;110877
2015-09-08;57.25;58.0;57.0;57.5;126265
2015-09-07;56.5;57.75;56.5;57.0;50142
2015-09-04;56.0;56.5;55.25;56.5;118129
2015-09-03;55.75;56.25;55.0;56.25;221250
2015-09-02;55.0;55.25;54.25;55.0;187783
2015-09-01;55.25;55.25;54.25;54.5;152513
2015-08-31;56.0;56.0;54.75;55.5;108012
2015-08-28;55.0;55.75;55.0;55.25;63932
2015-08-27;55.0;55.25;54.5;55.0;180236
2015-08-26;54.25;55.25;53.75;54.25;254191
2015-08-25;53.75;55.25;53.75;54.75;517942
2015-08-24;56.0;56.0;52.75;53.5;322260
2015-08-21;57.25;57.75;56.5;57.25;89870
2015-08-20;59.0;59.5;58.0;58.25;104334
2015-08-19;60.0;60.0;59.0;59.5;44545
2015-08-18;60.75;61.0;59.75;60.25;122004
2015-08-17;61.25;61.25;60.25;60.5;72476
2015-08-14;60.25;60.75;60.25;60.75;37101
2015-08-13;60.25;61.0;60.0;60.25;131873
2015-08-12;60.75;60.75;60.0;60.5;59434
2015-08-11;61.0;61.25;60.0;60.25;74176
2015-08-10;60.25;61.25;59.5;61.0;92681
2015-08-07;60.25;60.75;60.0;60.0;38429
2015-08-06;61.0;61.0;60.25;60.25;83533
2015-08-05;60.25;62.0;60.25;60.75;133192
2015-08-04;60.5;60.75;60.25;60.25;43357
2015-08-03;60.5;60.75;60.25;60.5;61218
2015-07-31;60.0;61.0;60.0;60.25;63112
2015-07-30;60.0;60.5;59.5;59.5;65502
2015-07-29;60.25;61.25;59.0;59.0;93791
2015-07-28;59.0;60.75;59.0;60.0;104861
2015-07-27;59.0;59.5;57.5;58.75;82355
2015-07-24;60.0;60.25;58.25;58.5;98113
2015-07-23;61.75;61.75;59.75;59.75;85746
2015-07-22;62.5;62.5;61.0;61.5;35202
2015-07-21;61.75;62.75;61.5;62.25;77801
2015-07-20;62.75;62.75;61.75;61.75;56762
2015-07-17;62.5;62.75;62.25;62.5;77917
2015-07-16;62.0;62.5;62.0;62.25;60271
2015-07-15;61.25;62.25;59.75;61.75;56516
2015-07-14;62.75;62.75;61.25;61.25;106777
2015-07-13;61.75;63.0;61.75;62.75;99566
2015-07-10;61.75;62.25;61.5;61.5;93754
2015-07-09;59.75;61.75;59.5;61.75;152846
2015-07-08;59.25;60.0;58.0;59.75;169093
2015-07-07;57.75;59.75;57.5;59.0;208644
2015-07-06;56.0;57.75;56.0;57.25;111860
2015-07-03;54.75;55.75;54.75;55.5;44123
2015-07-02;55.0;56.25;54.5;54.5;111739
2015-07-01;54.0;55.0;53.5;55.0;112577
2015-06-30;54.0;54.25;53.0;53.25;91368
2015-06-29;54.25;55.5;53.75;54.25;160247
2015-06-26;55.0;56.0;55.0;55.75;53451
2015-06-25;55.5;55.75;55.25;55.25;352532
2015-06-24;57.0;57.0;55.5;55.75;214527
2015-06-23;56.0;56.5;55.25;56.25;196443
2015-06-22;55.75;56.25;55.5;55.5;92641
2015-06-19;;55.5;55.5;55.5;0
2015-06-18;56.0;56.25;55.5;55.5;127224
2015-06-17;55.75;56.75;55.25;56.5;180150
2015-06-16;55.0;56.25;54.25;55.75;107752
2015-06-15;56.25;56.5;54.25;55.5;133514
2015-06-12;57.0;57.0;56.0;56.75;302832
2015-06-11;57.5;57.75;56.0;57.0;423534
2015-06-10;56.0;57.25;56.0;57.25;351392
2015-06-09;55.5;56.5;55.25;56.0;83649
2015-06-08;57.0;57.25;55.75;55.75;93568
2015-06-05;58.25;58.25;56.5;56.75;99866
2015-06-04;58.25;58.5;57.0;58.0;126367
2015-06-03;58.5;59.0;58.25;58.5;170934
2015-06-02;59.5;60.0;58.5;58.5;99793
2015-06-01;58.5;59.5;58.5;59.0;78878
2015-05-29;59.75;59.75;58.25;58.75;146690
2015-05-28;60.75;61.0;59.75;59.75;134676
2015-05-27;60.75;61.0;60.25;60.75;61331
2015-05-26;61.5;61.5;60.25;60.5;47461
2015-05-25;62.0;62.0;60.75;61.5;36446
2015-05-22;61.0;61.75;60.75;61.75;147903
2015-05-21;62.0;62.0;60.75;61.25;91679
2015-05-20;61.75;62.0;61.0;61.75;44479
2015-05-19;62.0;62.75;61.5;61.75;107777
2015-05-18;62.0;62.5;61.25;61.25;59918
2015-05-15;62.0;63.0;61.75;62.0;212490
2015-05-14;61.0;61.75;60.5;61.0;66791
2015-05-13;61.0;61.75;60.5;61.0;66791
2015-05-12;62.0;62.25;60.0;60.75;206433
2015-05-11;63.0;63.75;62.25;62.75;77988
2015-05-08;62.0;63.0;62.0;63.0;156153
2015-05-07;62.5;62.5;59.75;61.75;316134
2015-05-06;63.75;63.75;62.25;62.75;143348
2015-05-05;64.75;64.75;63.5;64.0;243529
2015-05-04;65.0;65.0;64.5;64.75;64273
2015-05-01;64.75;65.0;64.0;65.0;68337
2015-04-30;64.75;65.0;64.0;65.0;68337
2015-04-29;67.0;67.0;64.25;64.75;269502
2015-04-28;67.25;67.25;66.25;66.5;211525
2015-04-27;66.75;67.25;66.0;67.25;192653
2015-04-24;66.25;67.0;66.0;66.5;82767
2015-04-23;67.5;67.5;63.0;65.75;140670
2015-04-22;69.5;70.0;69.0;69.75;130026
2015-04-21;70.0;70.25;69.5;69.5;593675
2015-04-20;70.25;70.5;69.5;69.75;100068
2015-04-17;69.75;70.5;69.25;70.0;144467
2015-04-16;69.75;70.5;69.75;70.0;144109
2015-04-15;70.25;70.5;69.5;70.5;258933
2015-04-14;70.75;70.75;70.0;70.0;107675
2015-04-13;71.5;71.5;70.75;70.75;181636
2015-04-10;71.25;71.75;70.75;71.5;158102
2015-04-09;70.25;72.0;70.25;71.25;190552
2015-04-08;69.0;70.75;68.75;70.5;179891
2015-04-07;68.25;70.0;68.25;69.0;178084
2015-04-02;68.5;68.5;68.25;68.25;107455
2015-04-01;68.5;69.0;68.0;68.25;133157
2015-03-31;69.0;69.0;68.25;68.5;215110
2015-03-30;68.25;69.0;67.75;69.0;202170
2015-03-27;68.5;69.25;67.5;68.25;83525
2015-03-26;69.25;69.25;67.5;68.5;56734
2015-03-25;70.5;70.5;69.25;69.25;55805
2015-03-24;70.0;70.5;69.25;70.5;109006
2015-03-23;70.0;70.25;69.0;69.75;61055
2015-03-20;70.25;70.25;69.5;70.0;76639
2015-03-19;69.5;70.5;69.5;70.0;123558
2015-03-18;69.0;70.0;68.0;69.75;141190
2015-03-17;69.0;69.0;68.25;69.0;97807
2015-03-16;70.25;70.25;68.75;69.25;110133
2015-03-13;68.5;70.0;68.5;70.0;201369
2015-03-12;66.5;68.25;66.5;68.25;224314
2015-03-11;65.0;67.5;64.5;66.25;306723
2015-03-10;68.5;68.5;65.25;66.0;183053
2015-03-09;70.0;70.25;67.0;69.0;154710
2015-03-06;72.5;73.5;69.5;70.25;215615
2015-03-05;72.5;74.0;72.5;72.5;141288
2015-03-04;73.0;73.0;69.0;72.25;181072
2015-03-03;75.0;75.25;72.25;73.25;159130
2015-03-02;74.0;74.5;74.0;74.25;121025
2015-02-27;75.0;75.25;73.75;74.0;267171
2015-02-26;74.0;75.0;73.5;75.0;118819
2015-02-25;73.25;74.0;73.25;74.0;185087
2015-02-24;71.0;73.25;71.0;73.25;205813
2015-02-23;69.75;70.5;69.5;70.5;183996
2015-02-20;69.5;69.75;68.75;69.5;182003
2015-02-19;68.5;70.25;68.5;69.25;184385
2015-02-18;66.5;67.5;66.0;67.5;158051
2015-02-17;67.0;67.0;66.0;67.0;98106
2015-02-16;67.0;67.25;66.5;67.25;66625
2015-02-13;67.25;67.5;66.5;66.5;140585
2015-02-12;66.25;67.0;65.5;67.0;179624
2015-02-11;66.0;66.5;65.5;66.0;54372
2015-02-10;67.25;67.25;65.25;66.0;183981
2015-02-09;66.25;66.5;65.25;66.5;133611
2015-02-06;65.5;67.0;65.0;66.5;211196
2015-02-05;65.5;65.5;65.25;65.5;168051
2015-02-04;65.5;65.5;64.25;65.5;180530
2015-02-03;64.75;65.0;63.5;65.0;225500
2015-02-02;62.75;64.5;62.5;64.5;454862
2015-01-30;62.0;62.75;61.75;62.25;248306
2015-01-29;61.5;62.0;61.5;62.0;319234
2015-01-28;60.25;61.5;59.75;61.5;216661
2015-01-27;60.25;60.75;59.75;60.0;123599
2015-01-26;59.75;60.25;59.75;60.25;106878
2015-01-23;59.75;60.25;59.75;60.0;244528
2015-01-22;59.5;60.0;59.5;59.75;85660
2015-01-21;60.25;60.25;59.25;60.0;135191
2015-01-20;60.5;60.5;59.75;60.0;130822
2015-01-19;60.0;60.25;59.5;60.0;89745
2015-01-16;60.0;60.25;59.0;60.0;107200
2015-01-15;59.5;60.0;58.75;59.75;70692
2015-01-14;60.0;60.5;59.0;59.0;81967
2015-01-13;60.5;60.75;59.75;60.0;74651
2015-01-12;59.0;60.5;58.75;59.75;98784
2015-01-09;58.5;58.75;58.25;58.5;40769
2015-01-08;58.5;58.75;57.75;58.75;82345
2015-01-07;57.75;58.0;57.25;58.0;81704
2015-01-06;;57.75;57.75;57.75;0
2015-01-05;58.25;58.5;57.75;57.75;67136
2015-01-02;57.75;58.75;57.75;58.25;48828
2015-01-01;57.5;57.75;57.25;57.75;46288
2014-12-30;57.5;57.75;57.25;57.75;46288
2014-12-29;58.0;58.0;57.75;57.75;38382
2014-12-23;56.5;57.5;56.5;57.5;63599
2014-12-22;56.25;56.75;56.25;56.75;63585
2014-12-19;55.0;56.5;55.0;56.25;217754
2014-12-18;55.0;55.75;54.75;55.5;80354
2014-12-17;54.5;54.75;54.25;54.75;96678
2014-12-16;55.0;55.0;54.25;54.75;158994
2014-12-15;55.0;55.25;54.25;55.0;84494
2014-12-12;55.5;55.5;54.25;55.0;34813
2014-12-11;56.25;56.25;54.75;54.75;63048
2014-12-10;55.75;56.0;55.25;55.5;134647
2014-12-09;56.5;56.5;55.25;55.5;74701
2014-12-08;56.0;56.75;56.0;56.5;71982
2014-12-05;55.75;56.25;55.5;56.0;43561
2014-12-04;56.25;57.0;55.25;55.25;157368
2014-12-03;55.5;56.75;55.5;56.0;122574
2014-12-02;54.75;55.5;54.5;55.5;104100
2014-12-01;54.75;55.0;54.25;54.75;75015
2014-11-28;54.0;55.0;53.25;55.0;126977
2014-11-27;54.5;54.5;53.5;54.0;214567
2014-11-26;54.75;55.25;53.75;54.25;1347571
2014-11-25;54.75;55.25;54.5;54.5;111834
2014-11-24;53.5;54.5;53.25;54.5;322209
2014-11-21;51.0;53.5;51.0;52.75;361776
2014-11-20;51.0;51.25;50.5;51.0;63248
2014-11-19;51.0;51.25;50.75;51.0;54658
2014-11-18;50.75;51.25;50.75;50.75;111548
2014-11-17;51.25;51.25;50.25;50.75;110201
2014-11-14;51.25;51.5;51.0;51.5;48588
2014-11-13;51.25;51.75;50.75;51.0;125388
2014-11-12;51.25;52.0;50.5;51.25;277076
2014-11-11;50.5;51.25;50.25;51.0;340627
2014-11-10;50.5;50.5;50.0;50.5;184426
2014-11-07;50.25;50.5;50.25;50.25;58520
2014-11-06;50.25;50.5;49.8;50.25;111375
2014-11-05;50.25;50.5;50.0;50.0;126031
2014-11-04;50.25;50.5;49.9;50.25;49601
2014-11-03;50.0;50.5;50.0;50.25;257717
2014-10-31;50.5;50.75;49.7;49.9;93207
2014-10-30;50.0;50.25;48.8;50.0;96501
2014-10-29;50.5;50.5;49.7;49.7;130109
2014-10-28;49.4;50.75;49.4;50.25;287875
2014-10-24;49.5;49.5;48.6;48.7;73712
2014-10-23;48.9;49.5;48.1;49.5;124593
2014-10-22;49.0;49.2;48.6;49.0;225275
2014-10-21;47.0;48.5;46.9;48.5;188471
2014-10-20;47.0;47.0;46.2;46.7;192279
2014-10-17;45.6;46.9;45.6;46.9;384711
2014-10-16;46.8;47.0;44.0;45.6;235301
2014-10-15;48.0;48.2;45.8;46.4;97540
2014-10-14;47.7;49.2;47.2;48.2;114870
2014-10-13;47.9;49.4;47.7;48.5;97449
2014-10-10;49.5;49.5;47.8;48.9;99430
2014-10-09;49.8;50.75;49.5;49.9;156703
2014-10-08;50.25;50.25;48.2;49.7;119678
2014-10-07;51.25;51.25;49.9;49.9;58430
2014-10-06;52.0;52.0;51.0;51.25;96266
2014-10-03;52.5;52.5;51.25;51.75;282772
2014-10-02;53.25;53.25;51.25;52.25;205603
2014-10-01;53.0;53.25;52.75;53.25;275392
2014-09-30;53.0;53.25;52.5;53.25;76003
2014-09-29;53.5;53.5;52.0;53.25;67965
2014-09-26;52.25;53.25;52.25;53.25;53764
2014-09-25;52.75;53.0;52.25;52.75;64828
2014-09-24;53.25;53.25;52.5;52.75;53270
2014-09-23;53.5;53.5;52.5;53.0;40675
2014-09-22;54.0;54.0;53.0;53.5;92761
2014-09-19;52.5;54.5;52.25;54.5;1075451
2014-09-18;52.75;52.75;52.0;52.5;141855
2014-09-17;52.5;53.25;52.0;52.5;168816
2014-09-16;52.25;52.5;51.25;52.5;67643
2014-09-15;52.25;52.5;51.75;52.25;50432
2014-09-12;53.0;53.0;51.5;52.5;83754
2014-09-11;53.0;53.0;52.25;52.75;33487
2014-09-10;53.0;53.0;52.5;53.0;97990
2014-09-09;54.0;54.0;52.75;53.0;139723
2014-09-08;54.0;54.25;54.0;54.0;41178
2014-09-05;54.75;55.0;53.75;53.75;85371
2014-09-04;54.5;55.0;54.25;54.5;80640
2014-09-03;54.75;55.0;54.5;54.5;24030
2014-09-02;55.0;55.25;54.25;54.75;74637
2014-09-01;56.5;56.5;55.0;55.0;221607
2014-08-29;56.0;56.0;54.25;56.0;76006
2014-08-28;56.25;56.25;55.5;56.0;43953
2014-08-27;54.5;56.25;54.5;56.25;101527
2014-08-26;54.25;54.75;54.0;54.75;55228
2014-08-25;54.0;54.25;53.75;54.0;46677
2014-08-22;54.25;54.25;53.5;53.5;34694
2014-08-21;53.5;54.25;53.25;54.25;62316
2014-08-20;53.25;53.5;53.25;53.5;205881
2014-08-19;53.75;54.0;53.25;53.5;394772
2014-08-18;53.0;53.5;53.0;53.5;29544
2014-08-15;53.0;53.25;52.75;53.0;161575
2014-08-14;53.0;53.25;52.5;53.0;70809
2014-08-13;53.5;54.25;52.5;53.0;119065
2014-08-12;53.75;54.0;52.25;53.5;51986
2014-08-11;53.0;54.0;53.0;53.75;62782
2014-08-08;52.25;53.0;51.5;53.0;84466
2014-08-07;53.75;54.5;49.0;53.0;264961
2014-08-06;55.5;55.5;54.0;54.5;85512
2014-08-05;55.5;56.0;55.25;55.75;22999
2014-08-04;55.75;56.5;55.25;55.25;103468
2014-08-01;56.25;56.5;55.25;55.75;43625
2014-07-31;57.25;57.5;55.75;56.75;39471
2014-07-30;57.75;58.0;57.25;57.25;45114
2014-07-29;58.0;58.75;58.0;58.0;41558
2014-07-28;58.5;58.5;57.5;58.0;19888
2014-07-25;57.75;58.5;57.75;58.0;9740
2014-07-24;59.0;59.0;58.0;58.0;66932
2014-07-23;58.5;59.0;58.0;59.0;45961
2014-07-22;58.75;59.0;58.25;58.25;53271
2014-07-21;58.0;58.75;57.5;58.75;53831
2014-07-18;57.25;58.0;57.0;58.0;53620
2014-07-17;58.75;58.75;57.25;58.0;39731
2014-07-16;59.0;59.25;58.0;58.5;32504
2014-07-15;59.5;59.5;58.25;59.0;77525
2014-07-14;58.75;59.5;58.75;59.5;55383
2014-07-11;58.0;59.25;58.0;58.75;40698
2014-07-10;59.0;59.25;57.0;58.25;61653
2014-07-09;59.25;59.25;58.75;59.0;62170
2014-07-08;60.0;60.0;58.5;59.0;93086
2014-07-07;61.25;61.25;58.25;59.5;88477
2014-07-04;60.25;60.5;60.0;60.5;58010
2014-07-03;59.5;60.25;59.25;60.25;125316
2014-07-02;58.25;59.5;58.0;59.5;84871
2014-07-01;58.75;58.75;57.75;58.25;103233
2014-06-30;58.25;58.75;57.75;58.5;105252
2014-06-27;57.25;58.75;57.25;58.0;201664
2014-06-26;57.5;57.75;56.5;57.0;120579
2014-06-25;57.0;57.5;56.25;57.5;90474
2014-06-24;57.25;57.25;56.0;57.0;49156
2014-06-23;56.25;57.25;55.25;57.25;83646
2014-06-20;;55.5;55.5;55.5;0
2014-06-19;54.75;56.0;54.75;55.5;138577
2014-06-18;53.0;55.0;52.5;54.5;223918
2014-06-17;54.5;54.75;53.0;53.5;184405
2014-06-16;56.5;57.0;53.0;54.5;198052
2014-06-13;58.25;58.25;55.75;57.25;158023
2014-06-12;59.5;59.5;57.25;58.25;133938
2014-06-11;59.0;59.5;58.25;59.0;65224
2014-06-10;57.5;59.5;57.5;59.5;178088
2014-06-09;57.75;58.25;57.5;57.75;93051
2014-06-06;;57.75;57.75;57.75;0
2014-06-05;58.0;58.75;57.75;57.75;68286
2014-06-04;57.25;59.5;57.25;57.75;197603
2014-06-03;57.0;57.25;56.5;57.25;261456
2014-06-02;56.25;57.0;56.0;57.0;181258
2014-05-30;56.25;57.0;56.25;56.25;423811
2014-05-28;56.0;57.0;55.75;56.75;83864
2014-05-27;55.5;56.0;55.5;56.0;154984
2014-05-26;56.0;56.0;55.0;55.75;141172
2014-05-23;55.75;56.0;55.25;56.0;69177
2014-05-22;55.75;56.0;54.75;55.75;94738
2014-05-21;54.75;56.0;54.0;56.0;201733
2014-05-20;57.0;57.0;54.5;55.0;240283
2014-05-19;56.5;57.25;56.25;56.25;62866
2014-05-16;56.5;56.5;55.25;56.5;115685
2014-05-15;55.75;56.5;55.25;56.5;288755
2014-05-14;55.75;56.0;55.0;55.75;104805
2014-05-13;56.25;56.25;55.5;56.0;585148
2014-05-12;55.0;56.5;54.5;56.25;206890
2014-05-09;54.0;55.0;53.75;55.0;118554
2014-05-08;54.0;54.25;53.75;54.25;190482
2014-05-07;53.5;54.0;53.25;54.0;159436
2014-05-06;53.5;53.75;53.0;53.75;133952
2014-05-05;53.25;53.75;53.0;53.5;127076
2014-05-02;53.0;53.75;53.0;53.5;73823
2014-05-01;;52.75;52.75;52.75;0
2014-04-30;52.75;53.0;52.5;52.75;70009
2014-04-29;53.0;53.25;52.0;52.25;96456
2014-04-28;54.0;54.5;54.0;54.25;191835
2014-04-25;53.75;54.25;53.75;54.0;124166
2014-04-24;54.25;54.25;53.75;54.0;128959
2014-04-23;54.5;54.5;53.5;54.0;133659
2014-04-22;54.75;55.0;54.25;54.5;121147
2014-04-17;53.0;53.75;53.0;53.75;46368
2014-04-16;53.0;53.5;52.75;53.25;209185
2014-04-15;53.0;53.25;52.25;52.5;190159
2014-04-14;53.0;53.5;52.5;53.0;174018
2014-04-11;55.0;55.75;52.75;53.75;373873
2014-04-10;55.0;55.75;54.25;55.75;254508
2014-04-09;54.5;55.0;54.25;54.5;77414
2014-04-08;54.5;54.5;54.0;54.5;75203
2014-04-07;54.75;54.75;54.0;54.5;339374
2014-04-04;54.25;55.0;53.5;55.0;120037
2014-04-03;53.25;54.25;52.75;54.0;78820
2014-04-02;53.25;53.5;53.0;53.25;167211
2014-04-01;53.75;54.25;53.0;53.5;124632
2014-03-31;53.5;54.25;53.5;53.75;173899
2014-03-28;52.25;53.75;52.0;53.5;89734
2014-03-27;52.5;53.0;52.25;52.25;129875
2014-03-26;53.0;53.25;52.5;52.5;56910
2014-03-25;52.5;53.0;52.5;53.0;101165
2014-03-24;52.5;53.0;52.0;53.0;162325
2014-03-21;54.25;54.75;52.0;53.0;1152229
2014-03-20;55.0;55.0;53.75;54.5;202442
2014-03-19;55.0;55.25;54.25;55.0;343226
2014-03-18;54.25;54.75;53.75;54.75;212582
2014-03-17;53.0;54.0;52.75;54.0;142980
2014-03-14;53.75;53.75;52.75;53.25;294223
2014-03-13;53.75;54.25;53.25;54.25;153306
2014-03-12;53.75;53.75;53.0;53.5;192050
2014-03-11;54.5;54.5;53.5;53.75;165995
2014-03-10;54.5;55.0;53.5;54.25;149580
2014-03-07;54.0;56.25;54.0;54.5;637432
2014-03-06;52.75;53.5;52.5;53.25;229741
2014-03-05;51.75;52.5;51.75;52.5;218551
2014-03-04;49.8;51.5;49.8;51.5;165832
2014-03-03;50.75;50.75;49.8;50.0;161805
2014-02-28;51.0;51.25;50.75;51.25;201562
2014-02-27;49.9;51.0;49.9;51.0;198011
2014-02-26;51.75;51.75;49.2;49.9;362960
2014-02-25;52.0;52.25;51.5;52.0;349539
2014-02-24;52.0;52.0;51.5;52.0;179578
2014-02-21;52.0;52.0;51.5;51.5;100192
2014-02-20;51.5;52.0;51.0;52.0;170037
2014-02-19;50.75;51.75;50.5;51.75;89857
2014-02-18;50.5;51.0;50.25;50.5;268293
2014-02-17;50.25;50.5;49.8;50.5;187005
2014-02-14;49.8;50.5;49.8;50.0;113546
2014-02-13;49.8;49.9;49.4;49.9;68455
2014-02-12;49.0;49.9;49.0;49.9;116120
2014-02-11;49.0;49.4;48.6;49.0;77194
2014-02-10;48.5;49.0;48.3;49.0;143504
2014-02-07;48.5;48.8;48.2;48.4;85314
2014-02-06;48.0;48.5;47.7;48.5;85586
2014-02-05;47.7;47.9;46.8;47.8;86356
2014-02-04;47.1;47.7;46.3;47.7;329107
2014-02-03;47.5;48.1;47.0;47.1;124546
2014-01-31;47.6;47.6;47.0;47.4;101614
2014-01-30;47.2;47.7;46.8;47.6;70266
2014-01-29;47.3;48.0;47.0;47.0;126010
2014-01-28;47.0;47.6;46.8;47.2;150049
2014-01-27;46.3;47.0;46.3;46.8;116538
2014-01-24;47.5;47.9;46.6;46.7;159935
2014-01-23;48.0;48.3;47.4;47.8;135564
2014-01-22;47.9;48.3;47.7;48.0;200476
2014-01-21;47.8;48.5;47.5;47.8;190873
2014-01-20;47.0;47.6;47.0;47.5;122026
2014-01-17;46.9;47.0;46.6;47.0;180131
2014-01-16;46.6;46.7;46.3;46.7;160217
2014-01-15;46.7;46.7;46.3;46.6;729822
2014-01-14;46.6;46.7;46.3;46.7;153120
2014-01-13;46.8;46.8;46.4;46.6;201286
2014-01-10;46.4;46.4;46.1;46.2;191262
2014-01-09;46.3;46.4;45.9;46.3;216768
2014-01-08;46.5;46.8;46.0;46.3;213857
2014-01-07;45.8;46.6;45.8;46.4;371327
2014-01-06;;45.8;45.8;45.8;0
2014-01-03;45.8;45.9;45.4;45.8;145014
2014-01-02;45.8;46.0;45.1;45.7;104417
2013-12-31;;45.6;45.6;45.6;0
2013-12-30;45.2;46.0;45.2;45.6;114807
2013-12-27;45.7;45.9;44.8;45.1;164240
2013-12-23;44.4;45.7;44.4;45.5;128421
2013-12-20;44.3;44.3;43.9;44.3;199922
2013-12-19;44.3;44.7;43.8;44.2;167827
2013-12-18;43.2;44.2;43.1;43.9;130660
2013-12-17;42.9;43.3;42.7;43.2;111757
2013-12-16;42.8;43.2;42.5;42.7;153884
2013-12-13;43.0;43.0;42.8;42.8;51653
2013-12-12;42.8;43.0;42.8;43.0;80081
2013-12-11;42.8;42.9;42.3;42.9;96611
2013-12-10;42.9;43.0;42.5;42.7;92950
2013-12-09;43.0;43.0;42.9;43.0;137614
2013-12-06;43.0;43.0;42.9;42.9;94491
2013-12-05;43.1;43.1;42.9;42.9;213807
2013-12-04;42.9;43.1;42.5;43.1;317391
2013-12-03;42.8;43.0;42.6;42.9;180066
2013-12-02;43.0;43.0;42.8;42.8;78968
2013-11-29;42.9;43.0;42.7;42.9;169282
2013-11-28;42.5;42.8;42.5;42.8;114475
2013-11-27;42.4;42.5;42.1;42.3;100236
2013-11-26;42.0;42.3;41.9;42.2;168834
2013-11-25;42.0;42.2;41.8;42.0;79669
2013-11-22;41.7;42.1;41.7;41.7;86406
2013-11-21;42.0;42.0;41.5;41.7;157486
2013-11-20;42.5;42.5;42.1;42.1;118634
2013-11-19;42.4;42.7;42.3;42.5;142388
2013-11-18;42.2;42.5;42.1;42.4;62010
2013-11-15;42.4;42.4;42.1;42.2;62444
2013-11-14;42.2;42.4;42.0;42.4;54949
2013-11-13;41.9;42.2;41.8;41.9;54440
2013-11-12;42.2;42.3;41.7;42.0;107044
2013-11-11;42.5;42.7;42.2;42.2;125565
2013-11-08;42.7;42.7;42.0;42.5;163014
2013-11-07;42.3;42.7;42.3;42.4;89349
2013-11-06;42.0;42.6;42.0;42.3;170454
2013-11-05;41.6;41.9;41.6;41.9;78476
2013-11-04;41.8;41.8;41.4;41.6;135554
2013-11-01;41.9;41.9;41.5;41.8;63964
2013-10-31;41.9;41.9;41.6;41.8;71210
2013-10-30;42.2;42.2;41.7;41.9;62668
2013-10-29;42.2;42.3;42.0;42.2;89198
2013-10-28;42.1;42.3;42.0;42.1;117002
2013-10-25;41.4;42.1;41.2;42.0;139076
2013-10-24;42.5;42.5;40.8;41.4;292005
2013-10-23;43.0;43.0;41.7;42.3;161840
2013-10-22;41.6;42.2;41.6;42.2;293804
2013-10-21;41.3;41.6;41.0;41.6;197749
2013-10-18;40.6;41.0;40.4;41.0;168352
2013-10-17;40.5;40.8;40.2;40.6;85474
2013-10-16;40.3;40.6;40.2;40.5;47808
2013-10-15;40.5;40.8;40.3;40.3;167309
2013-10-14;40.8;41.0;40.4;40.4;115135
2013-10-11;40.6;41.0;40.5;40.9;136541
2013-10-10;40.0;40.5;40.0;40.4;73613
2013-10-09;40.1;40.1;39.2;39.9;77682
2013-10-08;40.5;40.5;39.5;40.1;90869
2013-10-07;40.5;40.6;40.1;40.4;69123
2013-10-04;40.6;40.6;40.4;40.5;57805
2013-10-03;40.8;41.0;40.6;40.6;409700
2013-10-02;40.6;40.9;40.4;40.9;68080
2013-10-01;40.5;41.0;40.3;40.7;137791
2013-09-30;40.8;40.9;40.4;40.4;114393
2013-09-27;41.1;41.3;40.7;40.9;144584
2013-09-26;41.0;41.1;40.1;41.0;125135
2013-09-25;41.0;41.0;40.6;41.0;132860
2013-09-24;41.0;41.4;40.8;41.0;198261
2013-09-23;41.4;41.4;40.9;41.0;114083
2013-09-20;41.2;41.4;40.9;41.4;227792
2013-09-19;40.9;41.2;40.7;41.2;414758
2013-09-18;40.5;40.6;40.4;40.6;55043
2013-09-17;40.8;40.9;40.4;40.5;60326
2013-09-16;40.9;40.9;40.6;40.8;117186
2013-09-13;41.0;41.1;40.6;40.6;184350
2013-09-12;40.3;41.3;40.2;41.0;285041
2013-09-11;40.2;40.4;40.1;40.4;160280
2013-09-10;40.0;40.5;39.9;40.3;208031
2013-09-09;40.2;40.2;39.8;39.9;95423
2013-09-06;40.1;40.2;39.9;40.0;161550
2013-09-05;40.0;40.3;40.0;40.2;146859
2013-09-04;40.2;40.2;40.0;40.1;104856
2013-09-03;40.3;40.3;39.9;40.2;149845
2013-09-02;40.1;40.4;40.1;40.3;242739
2013-08-30;40.0;40.3;39.8;40.0;82080
2013-08-29;40.0;40.4;40.0;40.1;328373
2013-08-28;40.1;40.1;39.8;39.9;395043
2013-08-27;40.0;40.1;39.9;40.1;677059
2013-08-26;39.9;40.0;39.8;40.0;125890
2013-08-23;40.1;40.4;39.9;39.9;249442
2013-08-22;41.2;41.2;39.8;39.9;596357
2013-08-21;40.9;41.1;40.7;40.8;131443
2013-08-20;40.9;40.9;40.3;40.7;199664
2013-08-19;40.2;40.9;40.2;40.6;200566
2013-08-16;39.9;40.0;39.8;40.0;93860
2013-08-15;39.8;40.0;39.8;39.9;86149
2013-08-14;39.9;40.0;39.9;40.0;58303
2013-08-13;39.9;40.0;39.8;40.0;377026
2013-08-12;40.0;40.1;39.8;40.0;321128
2013-08-09;40.0;40.1;39.9;40.0;66684
2013-08-08;39.9;40.1;39.7;40.1;58298
2013-08-07;40.0;40.0;39.8;39.9;53293
2013-08-06;40.2;40.3;39.8;39.9;50625
2013-08-05;40.3;40.5;39.8;40.3;74438
2013-08-02;40.3;40.5;40.0;40.3;57871
2013-08-01;39.9;40.5;39.7;40.3;153469
2013-07-31;40.0;40.0;39.6;39.6;42770
2013-07-30;40.1;40.1;39.7;40.0;59961
2013-07-29;40.2;40.4;39.6;39.9;38152
2013-07-26;39.8;40.1;39.8;40.1;14064
2013-07-25;40.1;40.1;39.7;39.8;24101
2013-07-24;40.2;40.3;39.9;39.9;115870
2013-07-23;39.8;40.1;39.5;39.9;93438
2013-07-22;39.9;39.9;39.2;39.8;56368
2013-07-19;38.6;39.9;38.5;39.8;268461
2013-07-18;38.7;39.0;38.5;38.5;78447
2013-07-17;38.7;39.0;38.6;38.6;61507
2013-07-16;38.9;38.9;38.6;38.7;47790
2013-07-15;38.8;38.9;38.6;38.9;41548
2013-07-12;38.5;38.8;38.4;38.5;85251
2013-07-11;38.5;38.6;38.0;38.5;136785
2013-07-10;38.3;38.5;38.1;38.1;164758
2013-07-09;37.8;38.3;37.8;38.1;204405
2013-07-08;38.2;38.2;37.6;37.9;198852
2013-07-05;38.0;38.0;37.5;37.9;99990
2013-07-04;37.2;37.9;37.1;37.9;190483
2013-07-03;37.5;38.4;36.8;37.4;122701
2013-07-02;37.8;37.8;37.2;37.5;244810
2013-07-01;37.7;37.9;37.3;37.9;56779
2013-06-28;37.8;37.9;37.3;37.4;50148
2013-06-27;37.5;37.9;37.3;37.7;221791
2013-06-26;37.5;38.0;37.2;37.3;100929
2013-06-25;36.9;37.5;36.6;37.3;88161
2013-06-24;38.1;38.1;36.8;36.9;75744
2013-06-21;;37.8;37.8;37.8;0
2013-06-20;38.7;38.7;37.8;37.8;187861
2013-06-19;38.8;38.8;38.6;38.8;74842
2013-06-18;38.9;38.9;38.5;38.7;62481
2013-06-17;38.5;38.9;38.5;38.7;94717
2013-06-14;38.4;38.7;38.3;38.5;84913
2013-06-13;38.1;38.9;37.9;38.4;126682
2013-06-12;38.1;38.9;38.1;38.6;184857
2013-06-11;38.6;38.7;38.1;38.5;180707
2013-06-10;38.4;38.8;38.4;38.6;166047
2013-06-07;39.0;39.0;37.8;38.3;325491
2013-06-06;;38.9;38.9;38.9;0
2013-06-05;39.6;39.6;38.6;38.9;120554
2013-06-04;39.6;39.6;39.1;39.3;106316
2013-06-03;39.5;39.5;38.8;39.3;255763
2013-05-31;40.3;40.3;39.2;39.6;280497
2013-05-30;40.3;40.3;39.9;40.0;299624
2013-05-29;40.4;40.6;40.0;40.2;276432
2013-05-28;40.4;40.7;40.3;40.5;105622
2013-05-27;40.7;40.7;40.0;40.3;139435
2013-05-24;40.5;40.7;40.2;40.3;135087
2013-05-23;40.7;40.7;40.1;40.5;258891
2013-05-22;41.0;41.1;40.7;40.9;509886
2013-05-21;40.5;41.0;40.3;40.9;848087
2013-05-20;40.5;40.7;40.3;40.5;981494
2013-05-17;40.6;40.6;40.2;40.4;3826441
2013-05-16;40.1;40.5;40.1;40.4;1483315
2013-05-15;39.9;40.1;39.7;40.0;3308316
2013-05-14;40.0;40.0;39.5;39.9;458231
2013-05-13;39.9;40.0;39.8;40.0;234697
2013-05-10;40.0;40.0;39.7;39.8;405023
2013-05-09;;40.0;40.0;40.0;0
2013-05-08;40.0;40.0;39.9;40.0;37047
2013-05-07;39.9;40.0;39.8;39.9;93836
2013-05-06;39.8;40.0;39.7;39.9;34064
2013-05-03;39.7;39.9;39.7;39.8;534543
2013-05-02;40.2;40.2;39.7;39.7;44029
2013-05-01;;39.9;39.9;39.9;0
2013-04-30;40.0;40.2;39.9;39.9;47323
2013-04-29;40.0;40.0;39.5;39.9;17582
2013-04-26;40.1;40.1;39.3;40.0;52670
2013-04-25;41.6;42.0;41.6;41.6;107342
2013-04-24;42.0;42.3;41.4;41.6;62785
2013-04-23;41.2;42.3;41.1;42.0;129469
2013-04-22;41.5;41.5;40.8;41.0;28887
2013-04-19;40.7;41.7;40.7;40.8;49949
2013-04-18;41.0;41.5;40.6;40.8;41619
2013-04-17;41.0;41.5;40.7;40.8;87462
2013-04-16;41.5;41.6;41.2;41.2;63899
2013-04-15;41.7;41.8;41.6;41.7;64394
2013-04-12;42.2;42.2;41.6;41.7;27457
2013-04-11;41.8;42.2;41.8;41.8;78969
2013-04-10;41.9;42.3;41.5;41.8;109127
2013-04-09;41.4;41.9;41.2;41.8;68319
2013-04-08;41.2;41.5;40.5;40.9;91689
2013-04-05;42.0;42.0;40.5;41.2;81750
2013-04-04;41.7;41.7;41.2;41.5;61075
2013-04-03;41.5;41.6;41.1;41.6;88544
2013-04-02;40.5;41.5;40.5;41.3;97869
2013-04-01;;40.4;40.4;40.4;0
2013-03-29;40.4;40.4;40.4;40.4;58179
2013-03-28;40.4;40.9;40.3;40.4;58179
2013-03-27;40.4;40.9;40.3;40.4;58179
2013-03-26;41.0;41.0;40.4;40.5;81423
2013-03-25;40.5;40.8;40.3;40.4;134267
2013-03-22;40.5;40.7;40.4;40.7;98159
2013-03-21;40.8;40.8;40.4;40.7;47327
2013-03-20;41.0;41.0;40.3;40.7;70430
2013-03-19;41.0;41.4;40.3;40.4;318128
2013-03-18;40.9;40.9;40.8;40.9;124115
2013-03-15;41.3;41.3;40.9;41.0;98268
2013-03-14;41.5;41.5;41.1;41.2;76957
2013-03-13;41.7;41.7;40.8;41.2;128236
2013-03-12;40.9;41.5;40.5;41.2;170369
2013-03-11;40.7;40.9;40.4;40.9;89574
2013-03-08;40.7;40.7;40.4;40.6;155524
2013-03-07;40.6;40.8;40.3;40.8;132816
2013-03-06;40.4;40.8;40.1;40.4;109297
2013-03-05;40.3;40.8;40.2;40.3;340338
2013-03-04;39.9;40.1;39.5;40.1;291714
2013-03-01;38.9;40.2;38.9;39.8;821961
2013-02-28;38.4;39.2;38.0;38.8;3224274
2013-02-27;38.0;39.1;37.9;38.0;2162875
2013-02-26;37.6;37.8;37.5;37.8;64458
2013-02-25;37.7;37.9;37.7;37.8;60953
2013-02-22;37.9;37.9;37.8;37.8;55610
2013-02-21;38.0;38.0;37.7;38.0;371308
2013-02-20;38.2;38.2;37.7;38.0;1355658
2013-02-19;37.4;38.4;37.4;38.1;105190
2013-02-18;37.2;37.3;36.8;37.3;115411
2013-02-15;37.0;37.0;36.7;37.0;672221
2013-02-14;36.9;36.9;36.6;36.8;71827
2013-02-13;36.7;36.9;36.7;36.8;494958
2013-02-12;36.8;36.9;36.8;36.8;539940
2013-02-11;36.9;36.9;36.7;36.8;43630
2013-02-08;36.8;36.9;36.7;36.9;300360
2013-02-07;36.8;37.0;36.7;36.9;18156
2013-02-06;37.0;37.0;36.8;36.8;415447
2013-02-05;36.7;37.0;36.5;37.0;12031
2013-02-04;37.0;37.0;35.8;36.8;28977
2013-02-01;36.7;37.0;36.7;37.0;17792
2013-01-31;36.7;37.0;36.6;36.9;25703
2013-01-30;36.8;36.8;36.5;36.7;121930
2013-01-29;37.0;37.0;36.6;36.8;33375
2013-01-28;36.6;37.0;36.6;37.0;442633
2013-01-25;37.0;37.0;36.5;37.0;113718
2013-01-24;36.5;36.9;36.4;36.9;28114
2013-01-23;37.0;37.0;36.4;36.8;208611
2013-01-22;36.8;36.9;36.4;36.8;279036
2013-01-21;36.3;37.0;36.3;36.6;53291
2013-01-18;36.5;36.5;36.0;36.3;18176
2013-01-17;36.2;36.5;36.1;36.4;415260
2013-01-16;36.4;36.4;36.0;36.3;7715
2013-01-15;35.6;36.4;35.6;36.4;91688
2013-01-14;35.3;36.1;35.3;35.9;223030
2013-01-11;35.5;35.7;35.5;35.5;4218
2013-01-10;35.7;36.0;35.4;35.5;67503
2013-01-09;35.9;36.0;35.6;35.6;24387
2013-01-08;35.6;35.8;35.4;35.8;44124
2013-01-07;35.7;36.0;35.6;35.9;55804
2013-01-04;35.5;35.8;35.2;35.2;18328
2013-01-03;35.2;35.8;35.2;35.5;64577
2013-01-02;35.0;35.6;35.0;35.5;69873
2013-01-01;;35.0;35.0;35.0;0
2012-12-31;;35.0;35.0;35.0;0
2012-12-28;34.8;35.0;34.8;35.0;31744
