Dates;Open;High;Low;Close;Volume
2017-12-27;98.5;103.0;98.5;101.75;10166
2017-12-22;98.0;99.0;97.25;98.25;5856
2017-12-21;100.0;100.0;97.0;99.0;9328
2017-12-20;98.75;102.25;98.5;101.0;85232
2017-12-19;95.25;98.5;95.25;98.5;14857
2017-12-18;96.0;97.0;94.75;95.25;10785
2017-12-15;99.0;100.5;95.5;96.75;22807
2017-12-14;100.0;100.75;100.0;100.25;4891
2017-12-13;100.0;101.0;100.0;100.75;3136
2017-12-12;100.0;102.25;100.0;100.5;9428
2017-12-11;102.5;102.5;100.25;100.75;19486
2017-12-08;101.0;102.5;101.0;102.5;23069
2017-12-07;101.0;101.25;100.5;101.25;12790
2017-12-06;102.5;102.5;101.0;101.25;16092
2017-12-05;101.75;103.5;101.0;102.5;8870
2017-12-04;104.75;104.75;101.0;101.75;9325
2017-12-01;102.0;102.75;101.0;101.75;126306
2017-11-30;102.25;103.0;102.0;102.0;19144
2017-11-29;103.25;104.25;101.5;102.0;24606
2017-11-28;103.0;103.5;102.25;102.75;18041
2017-11-27;103.25;104.25;102.0;102.0;32762
2017-11-24;105.0;105.0;102.5;103.5;32534
2017-11-23;104.25;104.5;103.0;104.0;23592
2017-11-22;99.0;105.75;98.75;104.5;50492
2017-11-21;95.5;100.5;95.5;99.0;20882
2017-11-20;96.0;97.0;93.25;95.0;28097
2017-11-17;96.5;96.5;93.75;95.5;56898
2017-11-16;95.0;96.5;92.75;95.75;100158
2017-11-15;94.5;95.0;91.25;95.0;42701
2017-11-14;94.0;96.0;93.0;94.75;25614
2017-11-13;97.5;99.5;93.5;94.75;56802
2017-11-10;98.25;99.75;97.5;98.75;13004
2017-11-09;101.25;102.25;98.0;98.0;23145
2017-11-08;104.5;104.75;101.0;101.5;21454
2017-11-07;105.25;105.25;104.5;104.5;13951
2017-11-06;107.75;107.75;104.0;105.25;16853
2017-11-03;105.0;106.25;105.0;106.0;8942
2017-11-02;105.5;105.5;103.75;104.5;21814
2017-11-01;106.75;106.75;103.25;104.5;30265
2017-10-31;103.25;106.25;103.0;106.25;25295
2017-10-30;110.25;110.25;101.25;103.5;82801
2017-10-27;109.25;111.0;108.5;110.25;15567
2017-10-26;113.5;114.75;109.0;109.0;36057
2017-10-25;109.0;112.75;107.0;112.75;21149
2017-10-24;109.0;112.5;106.0;109.0;209961
2017-10-23;106.0;111.25;106.0;109.0;13373
2017-10-20;109.25;115.0;107.75;107.75;11613
2017-10-19;113.0;113.0;108.5;109.0;17229
2017-10-18;113.0;113.25;112.0;112.0;25303
2017-10-17;114.75;114.75;112.5;112.5;30700
2017-10-13;113.0;113.75;112.0;113.25;31017
2017-10-12;112.5;113.0;111.0;113.0;49312
2017-10-11;114.5;118.0;114.5;117.75;205581
2017-10-10;114.25;117.5;113.75;115.0;10970
2017-10-09;114.25;115.0;112.25;114.25;9278
2017-10-06;115.0;115.0;112.25;113.75;12074
2017-10-05;112.0;115.0;111.75;115.0;11309
2017-10-04;116.25;116.25;113.0;114.0;12560
2017-10-03;118.0;118.0;116.5;116.5;12209
2017-10-02;116.5;118.25;116.5;117.5;17860
2017-09-29;117.25;118.5;116.25;116.5;10939
2017-09-28;114.75;119.75;114.75;116.25;25951
2017-09-27;110.75;115.0;110.75;114.5;249717
2017-09-26;111.0;111.5;110.0;110.25;506907
2017-09-25;109.75;112.75;109.0;110.75;25398
2017-09-22;108.25;110.0;108.0;109.25;17565
2017-09-21;109.0;109.0;108.0;108.0;14645
2017-09-20;107.75;109.25;106.0;108.0;17107
2017-09-19;110.0;110.0;105.0;105.75;10831
2017-09-18;110.25;110.25;106.5;107.0;18046
2017-09-15;108.0;110.0;107.25;108.25;23387
2017-09-14;111.0;111.0;107.25;108.0;473253
2017-09-13;104.0;107.25;104.0;106.75;6996
2017-09-12;101.25;104.5;101.25;104.0;103075
2017-09-11;101.0;103.5;101.0;101.25;7977
2017-09-08;100.0;102.0;98.75;101.25;9379
2017-09-07;99.25;102.5;99.25;101.0;7253
2017-09-06;101.0;101.0;97.25;99.25;12858
2017-09-04;108.0;108.0;101.25;101.25;5943
2017-09-01;106.0;108.25;105.75;108.0;10823
2017-08-31;97.75;104.75;97.5;104.75;11645
2017-08-30;99.0;99.25;97.75;99.0;10779
2017-08-29;99.0;99.5;98.5;99.0;14563
2017-08-28;100.0;100.5;99.25;99.5;14353
2017-08-25;102.75;103.0;100.5;100.5;13532
2017-08-24;103.5;103.75;102.25;103.5;7806
2017-08-23;105.0;105.0;103.5;104.0;6266
2017-08-22;103.0;106.0;102.5;105.5;21334
2017-08-21;106.5;106.5;103.0;103.75;21026
2017-08-18;107.75;107.75;104.0;106.25;49647
2017-08-17;112.0;112.5;105.0;106.5;37298
2017-08-16;112.0;113.0;110.0;111.25;7827
2017-08-15;111.0;114.0;111.0;113.5;5035
2017-08-14;107.25;114.0;107.25;111.0;8612
2017-08-11;110.0;110.0;107.0;108.75;14702
2017-08-10;114.75;114.75;108.0;109.5;8267
2017-08-09;117.0;117.0;113.0;113.75;8820
2017-08-08;112.0;116.75;112.0;113.75;13393
2017-08-07;109.0;111.75;109.0;111.5;3785
2017-08-04;107.0;109.75;105.0;107.25;10476
2017-08-03;107.25;108.5;104.5;107.0;26571
2017-08-02;108.0;113.0;106.75;107.25;9564
2017-08-01;105.5;109.75;105.0;109.75;10219
2017-07-31;112.0;112.0;106.25;106.25;9545
2017-07-28;108.5;109.75;105.25;107.5;7413
2017-07-27;108.0;110.0;107.0;107.25;10135
2017-07-26;109.0;109.5;107.0;107.0;7299
2017-07-25;106.5;107.0;103.5;105.75;19210
2017-07-24;110.0;110.0;106.0;106.5;24092
2017-07-21;113.75;114.5;110.5;111.0;11542
2017-07-20;116.5;116.5;111.0;113.25;34247
2017-07-19;117.25;117.5;116.5;116.5;8835
2017-07-18;120.0;120.0;116.5;117.25;5570
2017-07-17;117.75;122.0;117.0;117.5;8294
2017-07-14;118.5;118.5;116.0;116.75;12217
2017-07-13;119.0;119.5;115.0;115.25;7957
2017-07-12;114.0;119.5;113.25;119.0;10618
2017-07-11;115.5;115.5;114.0;114.0;8954
2017-07-10;115.0;116.0;115.0;115.5;6478
2017-07-07;116.0;116.0;114.0;115.0;7589
2017-07-06;117.25;117.25;114.25;116.0;12526
2017-07-05;115.0;118.0;115.0;117.25;15745
2017-07-04;118.0;119.5;116.75;118.25;24966
2017-07-03;122.0;123.0;115.5;117.75;32398
2017-06-30;123.0;125.25;121.25;121.75;18354
2017-06-29;124.75;125.75;122.0;125.5;10017
2017-06-28;121.0;124.75;120.5;124.75;18656
2017-06-27;124.0;124.25;121.25;123.75;24522
2017-06-26;124.75;125.0;119.5;124.25;20725
2017-06-23;;124.25;124.25;124.25;0
2017-06-22;129.25;129.5;123.0;124.25;35872
2017-06-21;127.25;130.0;126.0;129.25;17629
2017-06-20;128.0;131.0;127.25;129.75;15448
2017-06-19;132.0;132.25;125.75;127.5;19954
2017-06-16;130.5;131.5;128.0;129.75;22656
2017-06-15;125.25;134.0;125.25;129.0;41747
2017-06-14;129.6667;129.6667;124.8333;128.3333;12438
2017-06-13;129.6667;131.1667;124.6667;128.5;18417
2017-06-12;124.8333;129.8333;122.6667;128.8333;20403
2017-06-09;123.0;125.0;121.3333;124.3333;44832
2017-06-08;116.0;123.1667;115.8333;123.1667;130782
2017-06-07;114.6667;115.6667;114.0;114.5;11520
2017-06-06;;116.0;116.0;116.0;0
2017-06-05;116.6667;118.1667;114.5;116.0;15201
2017-06-02;115.6667;118.3333;115.6667;116.6667;12756
2017-06-01;115.3333;117.1667;114.6667;115.5;17241
2017-05-31;113.3333;117.0;113.3333;115.3333;28686
2017-05-30;111.6667;116.3333;109.0;115.3333;46482
2017-05-29;115.6667;115.6667;111.8333;113.3333;21855
2017-05-26;117.1667;117.5;115.0;115.3333;12840
2017-05-24;119.3333;119.3333;116.1667;117.1667;18123
2017-05-23;117.0;119.3333;117.0;117.0;14406
2017-05-22;117.6667;122.3333;116.1667;118.0;35187
2017-05-19;113.0;119.6667;112.8333;118.0;42594
2017-05-18;115.0;115.0;108.5;114.1667;48072
2017-05-17;113.3333;114.5;111.6667;112.5;35529
2017-05-16;113.3333;115.3333;113.3333;113.5;9219
2017-05-15;115.6667;115.8333;113.6667;113.6667;70296
2017-05-12;119.3333;115.6667;115.6667;115.6667;30852
2017-05-11;118.3333;122.5;117.8333;118.5;22764
2017-05-10;118.1667;118.8333;115.0;118.6667;134010
2017-05-09;114.0;117.8333;114.0;117.6667;40281
2017-05-08;116.0;116.3333;110.6667;114.0;61545
2017-05-05;119.3333;119.3333;114.3333;116.6667;203457
2017-05-04;128.3333;128.3333;117.1667;120.5;126486
2017-05-03;126.6667;132.8333;126.6667;131.3333;79020
2017-05-02;122.6667;136.6667;122.6667;125.3333;74781
2017-05-01;;121.8333;121.8333;121.8333;0
2017-04-28;116.0;123.3333;115.8333;121.8333;36006
2017-04-27;112.0;121.6667;112.0;115.0;93141
2017-04-26;111.0;113.0;110.6667;110.8333;12426
2017-04-25;111.1667;113.3333;110.0;110.0;14763
2017-04-24;107.6667;112.3333;107.5;111.1667;35445
2017-04-21;109.6667;109.6667;106.0;107.6667;16479
2017-04-20;108.3333;109.3333;106.3333;107.3333;7740
2017-04-19;108.3333;109.5;106.6667;108.3333;18531
2017-04-18;103.6667;106.6667;103.6667;105.0;15498
2017-04-13;103.3333;103.5;101.6667;102.6667;10023
2017-04-12;104.0;104.0;101.6667;103.3333;171570
2017-04-11;106.3333;106.5;104.0;104.0;29097
2017-04-10;106.6667;110.0;106.3333;106.3333;26304
2017-04-07;110.6667;110.6667;106.1667;106.1667;21087
2017-04-06;111.0;111.0;105.5;109.3333;20229
2017-04-05;110.0;113.3333;110.0;112.0;20109
2017-04-04;106.6667;109.1667;106.6667;109.1667;17148
2017-04-03;106.6667;107.5;105.3333;106.1667;19227
2017-03-31;107.0;108.5;107.0;108.0;12795
2017-03-30;108.3333;108.3333;105.3333;106.0;15666
2017-03-29;102.0;109.3333;102.0;108.5;25164
2017-03-28;102.3333;102.3333;100.6667;101.5;9306
2017-03-27;100.6667;104.3333;99.6667;102.0;30750
2017-03-24;96.8333;100.8333;96.8333;100.6667;55167
2017-03-23;95.6667;101.1667;95.0;100.5;618864
2017-03-22;94.3333;96.5;91.6667;95.8333;47454
2017-03-21;95.0;95.5;93.6667;94.3333;8634
2017-03-20;96.6667;97.0;94.6667;96.1667;16107
2017-03-17;99.0;99.0;96.8333;97.0;4638
2017-03-16;97.6667;98.5;95.3333;96.1667;15387
2017-03-15;98.3333;98.3333;96.1667;98.0;10020
2017-03-14;96.1667;97.6667;95.3333;97.5;11631
2017-03-13;94.0;96.3333;94.0;96.3333;14049
2017-03-10;95.5;94.0;94.0;94.0;15801
2017-03-09;96.6667;96.6667;94.8333;95.5;13620
2017-03-08;94.0;96.3333;94.0;96.3333;14505
2017-03-07;96.6667;96.6667;94.0;94.1667;10623
2017-03-06;93.3333;96.1667;93.3333;94.5;12558
2017-03-03;95.0;93.6667;93.6667;93.6667;7683
2017-03-02;94.8333;96.0;94.3333;94.6667;8520
2017-03-01;95.8333;97.3333;93.3333;94.3333;23865
2017-02-28;100.0;100.0;93.3333;95.8333;21072
2017-02-27;96.8333;96.8333;95.5;96.6667;11907
2017-02-24;99.3333;99.3333;96.0;96.6667;24201
2017-02-23;96.6667;99.6667;96.6667;99.3333;15132
2017-02-22;99.0;100.6667;96.0;96.6667;47217
2017-02-21;100.0;101.8333;98.0;99.0;79680
2017-02-20;95.3333;99.3333;95.3333;98.1667;20511
2017-02-17;92.6667;97.3333;92.6667;95.3333;19161
2017-02-16;94.5;96.3333;92.5;95.0;20223
2017-02-15;95.6667;96.0;93.8333;94.1667;6588
2017-02-14;95.0;96.1667;93.8333;95.0;7260
2017-02-13;92.0;95.1667;92.0;94.3333;13137
2017-02-10;94.1667;95.0;91.5;92.0;13950
2017-02-09;95.0;96.5;94.1667;94.3333;29481
2017-02-08;95.6667;97.6667;94.6667;97.5;13596
2017-02-07;94.6667;96.0;94.3333;95.3333;6441
2017-02-06;97.3333;97.8333;94.6667;94.6667;17232
2017-02-03;97.8333;98.6667;96.6667;97.1667;200100
2017-02-02;98.0;98.0;95.6667;97.8333;18597
2017-02-01;94.3333;98.0;92.8333;98.0;20124
2017-01-31;92.3333;93.8333;90.0;93.8333;374619
2017-01-30;92.1667;92.1667;88.6667;92.0;21018
2017-01-27;91.0;92.6667;89.5;90.0;30747
2017-01-26;91.6667;92.6667;90.5;90.6667;47529
2017-01-25;87.3333;91.6667;86.6667;91.6667;35799
2017-01-24;86.6667;89.0;86.6667;88.1667;34068
2017-01-23;84.8333;88.6667;82.6667;86.6667;21912
2017-01-20;84.1667;85.3333;83.6667;84.8333;11940
2017-01-19;82.5;83.3333;81.5;83.3333;8172
2017-01-18;82.0;83.0;80.6667;83.0;17574
2017-01-17;82.8333;83.0;82.0;83.0;10425
2017-01-16;82.3333;83.1667;82.1667;82.8333;18309
2017-01-13;81.0;81.5;79.6667;81.5;41970
2017-01-12;80.5;80.5;79.0;79.3333;195633
2017-01-11;81.6667;82.3333;79.0;80.0;39318
2017-01-10;80.6667;80.6667;77.3333;78.1667;19392
2017-01-09;78.0;81.0;76.6667;81.0;4734
2017-01-06;;78.0;78.0;78.0;0
2017-01-05;78.3333;78.3333;77.1667;78.0;11472
2017-01-04;77.8333;79.0;76.8333;77.8333;12105
2017-01-03;78.8333;78.8333;77.8333;77.8333;26706
2017-01-02;77.8333;78.3333;77.8333;78.0;26700
2016-12-30;76.6667;78.0;76.5;77.8333;12459
2016-12-29;80.6667;80.6667;76.0;77.5;55215
2016-12-28;81.6667;82.6667;79.5;80.6667;55908
2016-12-27;78.3333;81.1667;77.6667;80.6667;93354
2016-12-23;76.5;76.5;75.0;75.6667;7617
2016-12-22;75.0;77.5;75.0;76.3333;10194
2016-12-21;73.6667;74.1667;72.6667;73.6667;205995
2016-12-20;76.6667;76.6667;73.3333;73.6667;27522
2016-12-19;75.8333;78.3333;75.8333;76.6667;28629
2016-12-16;72.6667;76.5;72.1667;74.6667;15264
2016-12-15;72.6667;75.0;72.0;72.6667;8004
2016-12-14;71.6667;73.0;71.6667;72.6667;20106
2016-12-13;71.6667;71.8333;70.6667;70.8333;14388
2016-12-12;72.0;72.0;71.0;71.5;11889
2016-12-09;71.5;72.0;70.1667;72.0;7653
2016-12-08;73.6667;73.8333;72.0;72.1667;4986
2016-12-07;72.8333;73.5;72.6667;73.5;3090
2016-12-06;72.3333;73.8333;72.3333;72.8333;3021
2016-12-05;73.0;76.0;71.6667;72.5;5538
2016-12-02;70.6667;73.6667;70.6667;73.6667;9009
2016-12-01;73.3333;74.3333;70.6667;70.8333;6912
2016-11-30;72.0;72.0;70.6667;71.1667;5487
2016-11-29;70.3333;72.3333;70.0;71.8333;184542
2016-11-28;70.0;70.5;69.6667;70.3333;16620
2016-11-25;70.0;71.0;70.0;70.5;948
2016-11-24;71.0;71.0;70.0;70.3333;7005
2016-11-23;71.3333;71.3333;71.0;71.1667;3132
2016-11-22;71.3333;71.3333;70.1667;70.8333;310413
2016-11-21;72.0;72.3333;70.8333;71.3333;4767
2016-11-18;71.0;72.3333;70.8333;71.1667;19239
2016-11-17;70.1667;72.6667;70.1667;71.1667;28311
2016-11-16;70.8333;71.6667;69.6667;71.5;26238
2016-11-15;70.6667;70.6667;69.5;70.0;10698
2016-11-14;69.0;70.5;68.6667;69.0;29379
2016-11-11;71.5;71.8333;67.0;67.6667;61632
2016-11-10;75.5;76.5;70.6667;70.6667;52056
2016-11-09;73.3333;75.3333;70.8333;75.3333;133977
2016-11-08;78.8333;80.0;78.1667;78.1667;8730
2016-11-07;73.3333;81.0;73.3333;78.8333;12993
2016-11-04;74.5;74.5;73.3333;73.3333;3558
2016-11-03;76.1667;76.1667;74.1667;74.5;9543
2016-11-02;76.6667;78.1667;74.5;75.6667;9939
2016-11-01;76.6667;78.3333;74.5;76.6667;10014
2016-10-31;78.6667;78.6667;76.6667;76.6667;5952
2016-10-28;78.8333;78.8333;76.6667;76.8333;6204
2016-10-27;79.8333;79.8333;78.8333;78.8333;1824
2016-10-26;79.8333;80.5;78.6667;78.8333;7275
2016-10-25;80.3333;82.3333;79.8333;80.5;12090
2016-10-24;81.0;81.1667;78.8333;79.8333;7701
2016-10-21;81.0;81.1667;79.0;80.1667;15309
2016-10-20;79.8333;82.8333;79.0;79.3333;19449
2016-10-19;74.3333;80.0;73.6667;79.6667;32196
2016-10-18;75.0;75.8333;74.1667;74.1667;21762
2016-10-17;75.0;76.0;75.0;75.6667;35790
2016-10-14;77.1667;78.3333;76.1667;76.3333;12711
2016-10-13;78.3333;78.3333;76.3333;77.1667;1731
2016-10-12;79.3333;79.3333;75.3333;77.6667;16173
2016-10-11;81.0;81.0;79.1667;79.5;2772
2016-10-10;79.0;81.3333;78.8333;80.6667;7035
2016-10-07;79.0;79.3333;78.5;78.8333;6198
2016-10-06;80.3333;81.3333;79.0;79.0;4671
2016-10-05;80.3333;83.1667;80.3333;81.6667;7545
2016-10-04;81.0;82.1667;80.3333;80.3333;12807
2016-10-03;78.0;81.0;77.8333;79.5;12102
2016-09-30;77.6667;78.0;75.6667;76.5;6972
2016-09-29;74.5;79.6667;74.5;78.3333;22074
2016-09-28;77.8333;77.8333;73.3333;74.3333;37233
2016-09-27;78.3333;79.0;76.6667;78.0;13920
2016-09-26;80.0;81.0;77.6667;79.0;7377
2016-09-23;81.5;82.0;80.0;80.3333;11433
2016-09-22;80.3333;81.8333;79.5;81.8333;6621
2016-09-21;80.5;81.3333;79.6667;80.0;10098
2016-09-20;79.8333;82.0;79.3333;80.0;14415
2016-09-19;76.6667;79.8333;76.5;79.3333;6918
2016-09-16;76.0;78.1667;75.6667;78.1667;17247
2016-09-15;76.0;76.8333;73.8333;76.0;36774
2016-09-14;79.0;79.0;75.0;76.8333;35073
2016-09-13;82.0;82.8333;80.0;80.0;20169
2016-09-12;85.0;85.1667;81.0;81.6667;53685
2016-09-09;87.3333;87.3333;86.0;86.8333;23487
2016-09-08;87.3333;87.5;86.1667;86.1667;17226
2016-09-07;86.3333;86.8333;85.6667;86.0;7506
2016-09-06;88.3333;88.3333;86.0;86.1667;19176
2016-09-05;85.5;86.6667;85.3333;86.6667;17673
2016-09-02;85.0;86.8333;84.6667;85.0;18774
2016-09-01;87.1667;87.6667;85.0;85.0;24954
2016-08-31;85.0;92.8333;85.0;86.6667;66096
2016-08-30;75.0;85.8333;75.0;85.0;66930
2016-08-29;73.0;75.0;72.8333;73.8333;26247
2016-08-26;73.0;73.8333;70.3333;71.6667;28170
2016-08-25;72.3333;77.3333;69.8333;74.0;14853
2016-08-24;71.0;73.3333;71.0;73.3333;13884
2016-08-23;67.3333;70.0;67.3333;70.0;12402
2016-08-22;67.3333;67.3333;65.1667;67.3333;11439
2016-08-19;66.6667;67.3333;66.0;67.3333;12147
2016-08-18;66.5;66.5;65.3333;66.5;9300
2016-08-17;66.0;66.5;66.0;66.5;1137
2016-08-16;66.5;66.5;65.1667;65.8333;1812
2016-08-15;66.0;66.5;65.8333;66.5;2439
2016-08-12;66.0;66.1667;65.1667;65.5;276
2016-08-11;65.3333;66.1667;65.0;65.1667;34158
2016-08-10;64.5;65.3333;64.5;65.3333;1152
2016-08-09;65.0;66.6667;64.3333;66.3333;10068
2016-08-08;66.0;66.0;65.0;65.0;2382
2016-08-05;64.6667;65.6667;64.5;64.5;1335
2016-08-04;63.3333;66.0;62.6667;64.6667;5244
2016-08-03;65.3333;65.3333;62.3333;63.3333;5592
2016-08-02;66.5;66.6667;65.5;65.5;348
2016-08-01;65.3333;66.5;65.3333;66.5;1488
2016-07-29;66.0;66.6667;64.6667;65.3333;11724
2016-07-28;65.8333;65.8333;64.0;65.0;8913
2016-07-27;63.6667;64.6667;63.3333;64.6667;3474
2016-07-26;63.3333;64.0;63.3333;63.8333;2484
2016-07-25;62.8333;63.3333;62.0;63.1667;4821
2016-07-22;64.0;64.0;62.6667;62.8333;3285
2016-07-21;64.6667;65.0;64.1667;64.1667;3006
2016-07-20;65.0;65.0;64.6667;65.0;1884
2016-07-19;63.5;65.6667;63.3333;64.5;5667
2016-07-18;64.3333;65.5;64.3333;65.5;1383
2016-07-15;65.1667;65.1667;64.0;64.3333;2880
2016-07-14;65.5;65.5;65.0;65.1667;8565
2016-07-13;64.6667;65.5;64.6667;65.5;4632
2016-07-12;63.0;65.3333;62.6667;64.5;6540
2016-07-11;63.3333;65.0;63.3333;63.6667;3441
2016-07-08;60.6667;63.0;60.6667;62.8333;4341
2016-07-07;62.0;62.0;60.6667;60.6667;1995
2016-07-06;60.8333;61.5;59.6667;60.3333;2904
2016-07-05;61.3333;61.3333;59.3333;60.8333;4536
2016-07-04;62.0;62.0;61.6667;61.6667;88992
2016-07-01;61.6667;63.3333;60.0;62.0;176766
2016-06-30;60.3333;62.1667;59.6667;61.5;8409
2016-06-29;61.8333;61.8333;60.0;60.0;131817
2016-06-28;59.6667;62.1667;59.6667;60.6667;12672
2016-06-27;60.0;60.0;56.0;59.0;16194
2016-06-24;;62.5;62.5;62.5;0
2016-06-23;62.1667;62.5;60.0;62.5;12051
2016-06-22;59.6667;62.0;59.6667;61.6667;5727
2016-06-21;60.1667;60.5;59.3333;59.3333;14976
2016-06-20;57.6667;60.3333;57.6667;59.8333;283512
2016-06-17;57.3333;59.3333;57.3333;58.3333;25917
2016-06-16;61.3333;61.3333;58.6667;59.1667;6006
2016-06-15;60.6667;62.3333;60.6667;61.3333;3249
2016-06-14;59.3333;61.3333;59.0;60.1667;37605
2016-06-13;63.3333;63.8333;60.3333;62.0;17901
2016-06-10;66.3333;67.6667;65.3333;65.5;4665
2016-06-09;65.3333;65.6667;64.6667;65.6667;12018
2016-06-08;65.0;65.5;64.5;65.3333;5094
2016-06-07;66.3333;66.3333;64.6667;65.0;7083
2016-06-06;;66.8333;66.8333;66.8333;0
2016-06-03;66.8333;66.8333;66.3333;66.8333;4980
2016-06-02;66.6667;67.3333;64.3333;67.3333;11187
2016-06-01;66.6667;66.6667;65.1667;66.6667;243639
2016-05-31;65.6667;67.3333;65.1667;66.6667;31782
2016-05-30;63.0;64.6667;63.0;64.6667;13044
2016-05-27;62.1667;63.0;62.1667;63.0;1926
2016-05-26;61.6667;62.6667;61.6667;62.1667;77064
2016-05-25;60.0;62.1667;60.0;61.6667;4545
2016-05-24;61.6667;62.6667;61.6667;62.3333;5463
2016-05-23;59.6667;61.6667;59.6667;61.6667;11487
2016-05-20;61.1667;61.3333;59.3333;59.3333;13230
2016-05-19;63.0;63.0;59.8333;59.8333;94896
2016-05-18;63.1667;63.1667;61.3333;61.3333;6174
2016-05-17;63.6667;63.6667;61.6667;61.6667;10203
2016-05-16;63.5;63.8333;63.3333;63.5;3603
2016-05-13;65.3333;65.6667;63.3333;63.3333;12600
2016-05-12;64.1667;65.0;63.6667;65.0;13977
2016-05-11;64.3333;64.3333;64.0;64.1667;2856
2016-05-10;63.8333;65.3333;63.8333;64.5;6987
2016-05-09;62.6667;63.8333;62.6667;63.0;3366
2016-05-06;63.3333;63.5;62.3333;62.3333;8010
2016-05-05;63.0;63.3333;62.3333;62.3333;2937
2016-05-04;63.0;63.3333;62.3333;62.3333;2937
2016-05-03;62.5;63.3333;61.5;61.6667;5304
2016-05-02;63.3333;63.3333;62.1667;62.5;3492
2016-04-29;63.3333;63.3333;60.6667;62.3333;4881
2016-04-28;64.0;64.0;60.0;62.6667;7638
2016-04-27;64.5;64.5;63.6667;64.5;2481
2016-04-26;63.5;64.1667;63.5;64.1667;16257
2016-04-25;61.3333;64.3333;61.1667;64.0;14223
2016-04-22;59.0;61.3333;58.8333;60.6667;100671
2016-04-21;56.6667;59.0;56.0;58.8333;30066
2016-04-20;55.0;56.6667;55.0;55.6667;13401
2016-04-19;55.3333;56.3333;54.6667;55.8333;306693
2016-04-18;55.3333;56.0;54.0;54.8333;19281
2016-04-15;56.3333;57.6667;56.1667;56.1667;7962
2016-04-14;57.8333;58.0;56.3333;56.3333;14352
2016-04-13;57.6667;57.6667;56.3333;56.3333;9225
2016-04-12;57.1667;57.6667;57.0;57.6667;2478
2016-04-11;57.1667;57.3333;56.3333;57.0;8946
2016-04-08;55.3333;57.3333;55.3333;56.0;10359
2016-04-07;56.0;56.0;53.6667;54.6667;10194
2016-04-06;56.5;56.5;55.3333;55.5;3714
2016-04-05;57.0;57.3333;55.6667;56.3333;6804
2016-04-04;57.3333;57.3333;56.3333;56.3333;4791
2016-04-01;55.6667;57.3333;55.0;57.3333;30663
2016-03-31;54.5;55.6667;54.3333;55.1667;9921
2016-03-30;53.1667;54.5;53.1667;54.1667;5991
2016-03-29;54.1667;54.1667;51.6667;53.0;31275
2016-03-28;56.0;56.0;54.1667;54.1667;23229
2016-03-25;56.0;56.0;53.3333;54.1667;23229
2016-03-24;56.0;56.0;53.3333;54.1667;23229
2016-03-23;55.5;56.3333;53.8333;53.8333;15462
2016-03-22;57.6667;58.0;55.0;55.0;19317
2016-03-21;55.0;59.0;55.0;55.5;11115
2016-03-18;57.3333;57.3333;54.3333;54.3333;17655
2016-03-17;59.0;59.0;54.8333;56.1667;34461
2016-03-16;57.8333;58.6667;56.3333;57.5;66867
2016-03-15;56.5;57.6667;56.5;57.3333;108672
2016-03-14;56.6667;58.3333;56.5;56.5;32826
2016-03-11;57.3333;57.3333;56.5;56.5;33441
2016-03-10;56.6667;57.1667;56.3333;56.5;43935
2016-03-09;54.6667;58.0;54.6667;56.3333;63477
2016-03-08;52.8333;53.6667;52.8333;53.3333;4644
2016-03-07;53.6667;53.6667;52.6667;52.6667;7830
2016-03-04;51.6667;54.0;51.6667;53.3333;10311
2016-03-03;54.0;54.0;52.0;52.0;10284
2016-03-02;53.6667;53.6667;53.0;53.3333;9060
2016-03-01;53.0;53.3333;53.0;53.3333;28959
2016-02-29;51.5;53.5;51.5;52.8333;44835
2016-02-26;49.3333;49.3333;49.1667;49.25;2463
2016-02-25;48.3333;49.0;47.4167;47.6667;6420
2016-02-24;47.6667;47.6667;47.6667;47.6667;600
2016-02-23;49.1667;49.1667;48.0;48.0;7299
2016-02-22;49.0;49.0;48.0;48.9167;1761
2016-02-19;48.0;48.0;48.0;48.0;60
2016-02-18;48.0833;48.0833;47.3333;48.0833;6738
2016-02-17;47.8333;47.8333;46.25;47.6667;9492
2016-02-16;49.0;49.3333;47.1667;47.1667;6846
2016-02-15;48.6667;49.1667;48.6667;48.6667;1638
2016-02-12;47.5;48.9167;47.5;48.6667;6471
2016-02-11;46.6667;48.3333;46.6667;47.4167;6051
2016-02-10;46.6667;46.6667;46.1667;46.5;3471
2016-02-09;47.3333;47.3333;46.1667;46.1667;3648
2016-02-08;48.3333;48.3333;44.75;46.3333;7551
2016-02-05;48.9167;48.9167;48.3333;48.3333;5823
2016-02-04;48.4167;49.0833;48.4167;49.0833;117
2016-02-03;48.1667;49.0833;47.3333;48.4167;6237
2016-02-02;49.25;49.25;49.25;49.25;18
2016-02-01;47.8333;49.1667;47.8333;49.1667;2805
2016-01-29;48.3333;48.3333;47.6667;47.6667;81339
2016-01-28;48.6667;49.1667;48.0833;48.3333;1821
2016-01-27;48.6667;49.8333;48.6667;49.3333;2034
2016-01-26;48.3333;48.5833;48.3333;48.5833;369
2016-01-25;49.8333;49.8333;49.0;49.0;3732
2016-01-22;49.4167;49.8333;48.0;49.8333;4167
2016-01-21;46.75;49.6667;46.75;49.4167;5184
2016-01-20;49.0833;49.0833;46.75;46.75;6756
2016-01-19;50.0;51.1667;49.0833;49.9167;1914
2016-01-18;47.8333;50.0;47.3333;50.0;11817
2016-01-15;48.75;48.75;48.0;48.0;3501
2016-01-14;51.6667;51.6667;48.3333;48.5833;5307
2016-01-13;51.6667;52.0;50.1667;50.3333;3255
2016-01-12;51.6667;52.1667;51.6667;51.6667;2208
2016-01-11;49.3333;53.0;49.3333;52.0;8124
2016-01-08;51.6667;52.5;50.6667;51.6667;4386
2016-01-07;51.8333;52.5;50.8333;51.6667;8673
2016-01-06;;51.8333;51.8333;51.8333;0
2016-01-05;51.8333;51.8333;51.8333;51.8333;12222
2016-01-04;52.5;52.5;51.0;51.8333;10176
2016-01-01;;52.5;52.5;52.5;0
2015-12-31;;52.5;52.5;52.5;0
2015-12-30;51.6667;52.5;51.0;52.5;17016
2015-12-29;51.0;51.6667;50.3333;51.6667;8391
2015-12-28;50.5;51.0;50.3333;51.0;8715
2015-12-25;49.3333;50.5;49.3333;50.5;51654
2015-12-24;49.3333;50.5;49.3333;50.5;51654
2015-12-23;49.3333;50.5;49.3333;50.5;51654
2015-12-22;48.4167;50.0;48.4167;50.0;6618
2015-12-21;49.4167;51.3333;49.3333;49.3333;108738
2015-12-18;50.3333;51.3333;50.3333;51.3333;12345
2015-12-17;49.9167;50.3333;49.5;50.3333;16275
2015-12-16;48.4167;49.75;48.4167;49.0;14979
2015-12-15;50.6667;51.0;49.9167;50.3333;8454
2015-12-14;50.3333;51.0;50.0;50.6667;81861
2015-12-11;51.0;51.0;50.3333;51.0;9945
2015-12-10;50.3333;51.0;49.8333;51.0;11070
2015-12-09;50.0;50.3333;49.75;50.3333;13410
2015-12-08;49.9167;50.3333;49.75;50.0;8988
2015-12-07;49.3333;50.0;49.3333;50.0;9690
2015-12-04;50.0;50.0;48.6667;49.3333;8142
2015-12-03;49.8333;49.8333;49.0;49.3333;7299
2015-12-02;48.8333;49.8333;48.5;49.8333;9192
2015-12-01;48.1667;49.0;48.1667;49.0;4389
2015-11-30;48.4167;48.75;47.8333;47.8333;6012
2015-11-27;49.0833;49.0833;48.4167;48.4167;1656
2015-11-26;48.5833;49.25;48.1667;48.1667;4605
2015-11-25;48.75;48.75;48.5;48.5;1626
2015-11-24;49.0833;50.1667;48.6667;48.8333;26340
2015-11-23;49.1667;49.1667;48.6667;49.0;6312
2015-11-20;49.1667;49.1667;48.3333;48.3333;2847
2015-11-19;48.9167;49.0;48.3333;48.3333;3168
2015-11-18;48.6667;48.6667;48.6667;48.6667;1200
2015-11-17;48.6667;48.8333;48.5833;48.6667;5976
2015-11-16;46.6667;48.6667;46.6667;48.6667;4347
2015-11-13;47.8333;48.0;47.8333;48.0;2493
2015-11-12;48.0;48.5;48.0;48.3333;3927
2015-11-11;48.0;48.3333;47.5833;47.5833;5688
2015-11-10;48.3333;48.3333;47.6667;47.6667;94179
2015-11-09;47.8333;48.4167;47.8333;48.4167;306030
2015-11-06;47.6667;48.3333;47.5833;47.8333;2652
2015-11-05;48.0;48.4167;47.5833;48.3333;3063
2015-11-04;48.6667;48.6667;47.0833;47.4167;13416
2015-11-03;48.0;49.0;48.0;49.0;5517
2015-11-02;48.4167;48.75;47.6667;48.75;6243
2015-10-30;48.0833;48.6667;48.0;48.6667;2667
2015-10-29;48.0;48.8333;48.0;48.0;5832
2015-10-28;47.0833;47.8333;47.0833;47.8333;4386
2015-10-27;48.3333;48.3333;47.0833;47.0833;5973
2015-10-26;48.3333;48.3333;47.6667;47.75;9510
2015-10-23;46.75;46.75;45.5833;46.6667;21702
2015-10-22;47.9167;47.9167;46.3333;47.3333;15699
2015-10-21;46.0833;47.9167;46.0833;47.9167;17805
2015-10-20;45.6667;46.1667;45.3333;46.0833;9162
2015-10-19;46.6667;46.9167;45.4167;45.4167;6129
2015-10-16;46.5833;46.6667;46.1667;46.1667;5976
2015-10-15;46.6667;46.6667;46.5833;46.5833;588
2015-10-14;47.3333;47.3333;47.3333;47.3333;111
2015-10-13;;46.6667;46.6667;46.6667;0
2015-10-12;46.5;46.6667;46.3333;46.6667;51195
2015-10-09;46.5;46.5;46.5;46.5;1389
2015-10-08;46.1667;46.4167;46.1667;46.4167;2799
2015-10-07;46.6667;46.75;46.6667;46.6667;4392
2015-10-06;46.25;47.3333;46.0;47.3333;6489
2015-10-05;46.0;47.25;46.0;47.1667;5904
2015-10-02;47.25;47.25;47.1667;47.1667;93
2015-10-01;46.0;46.4167;46.0;46.3333;2856
2015-09-30;46.8333;47.3333;46.3333;46.3333;21981
2015-09-29;46.3333;46.5833;46.0;46.3333;5067
2015-09-28;46.5833;47.1667;46.3333;47.1667;2826
2015-09-25;46.3333;46.6667;45.0;46.3333;12684
2015-09-24;46.5;48.1667;46.0;46.3333;16473
2015-09-23;46.3333;47.0833;46.3333;46.5;1425
2015-09-22;46.6667;47.0;46.3333;46.3333;10437
2015-09-21;47.0;47.0;47.0;47.0;2526
2015-09-18;47.3333;47.5;47.1667;47.1667;6783
2015-09-17;47.6667;47.6667;47.5833;47.5833;5106
2015-09-16;47.5833;47.5833;47.5833;47.5833;2562
2015-09-15;48.25;48.25;47.4167;47.4167;4809
2015-09-14;49.6667;49.9167;48.1667;48.1667;31353
2015-09-11;48.0;49.6667;47.5;49.6667;14790
2015-09-10;48.3333;48.3333;48.3333;48.3333;45
2015-09-09;48.3333;48.3333;47.75;47.75;96039
2015-09-08;48.6667;49.1667;47.8333;47.8333;16050
2015-09-07;49.3333;49.3333;47.8333;48.0833;3441
2015-09-04;48.3333;49.25;48.0833;48.1667;2631
2015-09-03;48.8333;49.3333;48.3333;48.5;2436
2015-09-02;48.4167;48.8333;48.25;48.25;3417
2015-09-01;49.0;49.0;48.0;48.0;4317
2015-08-31;49.0;49.6667;49.0;49.25;3468
2015-08-28;49.5;50.0;49.0;49.0;8415
2015-08-27;49.9167;50.3333;48.4167;48.8333;7590
2015-08-26;47.3333;48.1667;47.3333;47.6667;6213
2015-08-25;45.0;48.3333;44.6667;46.75;22797
2015-08-24;49.4167;49.5;44.3333;45.6667;25008
2015-08-21;49.6667;51.0;49.6667;51.0;10125
2015-08-20;51.3333;51.3333;49.6667;49.6667;9729
2015-08-19;50.0;51.3333;50.0;50.1667;4941
2015-08-18;51.5;51.5;50.0;50.0;4827
2015-08-17;50.1667;51.0;50.1667;50.8333;4401
2015-08-14;51.1667;51.1667;50.0;50.0;2403
2015-08-13;50.5;51.1667;50.3333;50.3333;2691
2015-08-12;50.1667;51.3333;50.0;50.3333;6780
2015-08-11;51.5;51.5;50.1667;51.0;12201
2015-08-10;50.5;50.5;50.0;50.0;399
2015-08-07;50.5;50.5;50.0;50.0;2721
2015-08-06;50.5;50.5;50.0;50.0;4455
2015-08-05;50.0;50.5;50.0;50.0;3897
2015-08-04;49.4167;50.5;48.4167;49.3333;8808
2015-08-03;50.6667;50.6667;49.3333;50.5;2904
2015-07-31;50.3333;50.3333;49.3333;49.6667;8835
2015-07-30;51.3333;51.3333;50.6667;50.6667;3180
2015-07-29;50.0;51.0;50.0;51.0;1875
2015-07-28;50.6667;50.6667;50.1667;50.3333;1122
2015-07-27;50.0;51.3333;50.0;51.0;22368
2015-07-24;51.0;51.0;50.3333;50.3333;7290
2015-07-23;50.6667;51.6667;50.6667;50.8333;4236
2015-07-22;47.75;51.0;47.75;49.4167;3792
2015-07-21;51.3333;51.3333;50.0;50.3333;11337
2015-07-20;51.5;51.5;50.3333;50.5;2229
2015-07-17;51.3333;51.3333;50.3333;50.3333;8475
2015-07-16;50.6667;51.1667;50.3333;51.1667;7527
2015-07-15;51.3333;51.3333;50.1667;50.6667;3153
2015-07-14;50.8333;50.8333;50.5;50.5;1218
2015-07-13;50.3333;51.1667;50.3333;51.0;5559
2015-07-10;50.6667;50.6667;50.0;50.1667;9621
2015-07-09;47.5833;50.0;47.5833;50.0;6969
2015-07-08;48.75;48.8333;47.4167;47.5833;10425
2015-07-07;49.0833;49.0833;48.75;48.75;2211
2015-07-06;48.4167;49.0833;48.3333;48.5833;4044
2015-07-03;48.75;49.4167;48.75;49.4167;1479
2015-07-02;51.1667;51.5;48.5833;48.8333;3681
2015-07-01;47.3333;49.3333;47.3333;48.5;10833
2015-06-30;48.6667;48.6667;46.0;47.3333;32265
2015-06-29;50.3333;50.3333;48.75;48.75;25803
2015-06-26;51.3333;51.5;49.6667;51.1667;13497
2015-06-25;52.5;52.6667;51.3333;51.5;14043
2015-06-24;53.0;53.0;52.3333;52.6667;16314
2015-06-23;52.8333;53.0;52.1667;52.6667;9054
2015-06-22;51.8333;52.6667;51.8333;52.6667;4734
2015-06-19;;51.8333;51.8333;51.8333;0
2015-06-18;53.0;53.0;51.6667;51.8333;9543
2015-06-17;51.6667;52.3333;51.1667;52.3333;4035
2015-06-16;51.5;51.5;50.0;51.1667;15876
2015-06-15;53.8333;53.8333;51.5;51.6667;15168
2015-06-12;54.0;54.0;52.5;53.3333;13845
2015-06-11;54.8333;54.8333;53.6667;54.0;4371
2015-06-10;55.3333;55.3333;53.6667;54.5;14361
2015-06-09;55.5;55.5;54.1667;54.1667;16236
2015-06-08;55.3333;55.6667;54.6667;55.5;11469
2015-06-05;49.1667;53.3333;49.1667;53.3333;14712
2015-06-04;54.6667;54.6667;53.6667;53.6667;5937
2015-06-03;54.6667;56.0;54.6667;54.6667;12135
2015-06-02;53.6667;55.6667;53.6667;54.5;19335
2015-06-01;54.3333;55.5;53.6667;53.6667;16203
2015-05-29;56.0;56.0;55.0;55.0;9708
2015-05-28;56.0;56.0;55.1667;55.8333;7368
2015-05-27;55.0;56.0;54.3333;56.0;33807
2015-05-26;55.8333;56.0;54.1667;55.1667;28080
2015-05-25;55.0;55.8333;54.8333;55.8333;36675
2015-05-22;53.0;54.8333;52.8333;54.3333;65562
2015-05-21;50.5;53.0;50.3333;53.0;89349
2015-05-20;49.9167;50.5;49.6667;50.5;9786
2015-05-19;49.0;49.8333;49.0;49.8333;19632
2015-05-18;49.9167;49.9167;48.4167;48.75;18945
2015-05-15;48.0;49.9167;48.0;49.9167;6162
2015-05-14;48.6667;48.6667;47.5;47.5;7104
2015-05-13;48.6667;48.6667;47.5;47.5;7104
2015-05-12;48.6667;49.3333;47.6667;48.6667;9444
2015-05-11;49.5;49.5;48.0;48.0;22695
2015-05-08;49.0;49.5833;48.6667;49.25;34563
2015-05-07;47.6667;49.6667;47.3333;48.8333;145845
2015-05-06;48.3333;48.3333;46.3333;46.5;13044
2015-05-05;49.6667;49.6667;48.0;48.3333;15057
2015-05-04;50.3333;50.3333;49.5;49.5;2355
2015-05-01;51.3333;51.3333;50.0;50.0;1314
2015-04-30;51.3333;51.3333;50.0;50.0;1314
2015-04-29;50.5;51.1667;50.0;50.0;5565
2015-04-28;51.3333;51.3333;50.0;50.0;18330
2015-04-27;50.3333;52.3333;50.3333;51.6667;21714
2015-04-24;49.3333;50.6667;49.3333;50.3333;6690
2015-04-23;51.5;51.5;49.3333;49.3333;10200
2015-04-22;52.0;52.5;51.3333;51.5;20286
2015-04-21;50.6667;51.8333;50.6667;51.8333;33465
2015-04-20;50.1667;51.6667;50.0;50.0;8184
2015-04-17;51.1667;51.6667;51.1667;51.3333;446460
2015-04-16;51.6667;51.6667;50.5;50.6667;23280
2015-04-15;48.6667;52.6667;48.6667;50.6667;45255
2015-04-14;48.0;48.6667;47.1667;48.6667;25575
2015-04-13;47.6667;48.0833;47.25;48.0833;14478
2015-04-10;46.6667;47.8333;46.6667;47.0;12072
2015-04-09;47.4167;48.3333;47.4167;48.0;18333
2015-04-08;47.0;47.4167;46.75;46.75;11289
2015-04-07;47.0;47.0;46.6667;46.6667;13704
2015-04-02;46.0;47.0;46.0;47.0;16719
2015-04-01;45.6667;46.5833;45.4167;46.5833;10251
2015-03-31;45.5833;46.25;45.3333;45.5;5706
2015-03-30;46.3333;46.3333;45.3333;45.5833;15708
2015-03-27;46.3333;46.3333;45.5833;46.3333;4788
2015-03-26;46.1667;46.5833;45.5833;45.5833;149430
2015-03-25;46.25;46.25;45.1667;46.1667;16182
2015-03-24;45.9167;46.0;45.3333;45.5;19668
2015-03-23;46.0;46.0833;45.75;46.0833;8571
2015-03-20;45.4167;46.4167;45.4167;46.3333;14337
2015-03-19;46.6667;46.6667;45.4167;45.6667;13599
2015-03-18;45.3333;45.8333;45.3333;45.6667;26910
2015-03-17;45.0;45.5;45.0;45.25;12201
2015-03-16;44.3333;45.1667;44.3333;45.1667;7548
2015-03-13;44.3333;45.3333;44.3333;45.0833;6609
2015-03-12;44.9167;45.0;44.6667;45.0;2709
2015-03-11;45.3333;45.3333;44.8333;45.0;4815
2015-03-10;45.6667;45.6667;44.5;45.25;10341
2015-03-09;46.0833;46.0833;45.25;45.6667;64317
2015-03-06;45.5833;45.6667;44.8333;45.6667;372210
2015-03-05;45.5833;45.5833;44.8333;45.5;8823
2015-03-04;44.5;46.0833;44.5;45.5;31785
2015-03-03;44.5833;46.0833;44.5833;45.8333;30066
2015-03-02;44.6667;45.0;44.3333;44.75;11595
2015-02-27;45.0;45.25;45.0;45.0833;7767
2015-02-26;45.5833;45.5833;45.0;45.0;163173
2015-02-25;44.8333;45.5833;44.5833;44.5833;16983
2015-02-24;45.0;45.3333;44.5833;44.6667;31017
2015-02-23;45.0;45.3333;45.0;45.3333;15828
2015-02-20;44.6667;45.3333;44.6667;45.0833;154275
2015-02-19;45.5833;45.5833;44.6667;44.9167;9663
2015-02-18;45.0;45.4167;44.25;44.9167;33861
2015-02-17;45.6667;45.6667;45.0;45.5833;21711
2015-02-16;45.0;45.6667;45.0;45.6667;11535
2015-02-13;45.75;45.8333;45.0;45.1667;31590
2015-02-12;45.3333;45.5833;44.0;44.0;64263
2015-02-11;46.6667;46.6667;43.25;44.1667;136614
2015-02-10;46.6667;46.6667;46.0;46.5;37458
2015-02-09;46.5;46.8333;46.0;46.6667;27435
2015-02-06;46.0;46.5;46.0;46.0833;11505
2015-02-05;46.0;46.3333;45.8333;46.3333;17685
2015-02-04;46.3333;46.3333;45.4167;46.1667;92142
2015-02-03;46.0833;46.25;45.6667;45.8333;14316
2015-02-02;45.75;46.3333;45.5833;45.5833;19542
2015-01-30;46.5;47.0;45.75;45.75;52500
2015-01-29;44.3333;45.3333;44.3333;45.3333;74250
2015-01-28;43.9167;44.3333;43.8333;43.8333;30861
2015-01-27;43.6667;43.6667;42.8333;43.0;23031
2015-01-26;44.3333;44.3333;43.3333;43.6667;37071
2015-01-23;44.5;45.0;44.5;44.5833;17235
2015-01-22;46.3333;46.3333;44.0;44.3333;90225
2015-01-21;46.6667;46.6667;46.3333;46.3333;7239
2015-01-20;46.6667;46.6667;45.4167;45.8333;84087
2015-01-19;47.3333;47.4167;46.5833;46.6667;29337
2015-01-16;46.6667;48.1667;46.4167;46.5;21735
2015-01-15;48.5;48.5;48.0;48.0;38301
2015-01-14;50.0;50.0;48.3333;48.3333;34356
2015-01-13;49.6667;50.5;49.6667;50.0;33315
2015-01-12;50.1667;50.6667;49.0;49.0;19014
2015-01-09;50.1667;50.5;49.8333;49.9167;18783
2015-01-08;49.3333;50.6667;49.0833;50.0;17790
2015-01-07;47.6667;48.5833;47.6667;48.25;6657
2015-01-06;;47.0833;47.0833;47.0833;0
2015-01-05;47.8333;47.9167;47.0833;47.0833;4674
2015-01-02;45.9167;46.9167;45.9167;46.8333;12468
2015-01-01;45.0;46.0;45.0;45.9167;8781
2014-12-30;45.0;46.0;45.0;45.9167;8781
2014-12-29;45.25;45.25;44.5;44.9167;12471
2014-12-23;45.0;45.25;44.5;45.25;3813
2014-12-22;45.3333;45.6667;44.6667;45.0833;5253
2014-12-19;45.5;45.6667;44.75;45.1667;12597
2014-12-18;44.8333;45.4167;44.8333;45.3333;23226
2014-12-17;44.5833;45.0;44.0833;44.8333;2349
2014-12-16;44.6667;44.6667;44.3333;44.3333;4959
2014-12-15;44.5;45.0;44.3333;44.6667;14760
2014-12-12;45.0;45.0;44.0833;44.5;5454
2014-12-11;44.3333;44.6667;44.0;44.0;2352
2014-12-10;44.3333;44.75;44.0;44.0;122577
2014-12-09;44.1667;44.1667;44.0;44.0;1500
2014-12-08;43.4167;44.5833;43.4167;44.0;6780
2014-12-05;44.25;44.5;43.3333;44.0;33249
2014-12-04;42.75;44.25;42.75;43.4167;18246
2014-12-03;42.3333;43.0833;41.75;42.6667;20559
2014-12-02;42.0;42.5;42.0;42.3333;29868
2014-12-01;42.0;42.4167;42.0;42.0;2934
2014-11-28;42.5;42.6667;42.0833;42.5833;4023
2014-11-27;41.3333;42.0833;41.3333;41.6667;9735
2014-11-26;41.0;41.6667;41.0;41.3333;12768
2014-11-25;41.75;41.75;40.75;41.6667;15216
2014-11-24;42.6667;42.6667;41.75;41.75;18264
2014-11-21;43.0;43.0833;41.75;42.5833;19893
2014-11-20;43.1667;43.3333;43.1667;43.3333;2979
2014-11-19;43.3333;43.3333;42.75;42.75;39096
2014-11-18;43.5;43.75;43.0;43.3333;6675
2014-11-17;43.3333;43.6667;42.9167;43.6667;6075
2014-11-14;44.0;44.0;43.3333;43.9167;5109
2014-11-13;44.25;44.25;43.0833;44.0;93087
2014-11-12;43.4167;43.9167;42.75;43.8333;8514
2014-11-11;44.0;44.0;43.3333;43.5;10371
2014-11-10;43.75;44.25;43.6667;44.0;5643
2014-11-07;43.6667;44.6667;43.6667;43.6667;71073
2014-11-06;44.25;44.25;43.3333;43.3333;6762
2014-11-05;44.3333;44.3333;43.25;43.3333;10170
2014-11-04;44.0;44.3333;44.0;44.3333;8700
2014-11-03;45.3333;45.3333;43.6667;44.3333;12477
2014-10-31;45.5;45.5;45.0;45.3333;1410
2014-10-30;45.3333;45.6667;45.0;45.0;1932
2014-10-29;46.25;46.25;44.4167;45.5833;74856
2014-10-28;44.0;44.9167;43.5;44.5;15612
2014-10-24;41.6667;42.0833;41.5;42.0833;5922
2014-10-23;41.8333;41.9167;41.1667;41.1667;10245
2014-10-22;40.1667;41.8333;40.0833;41.8333;77196
2014-10-21;42.6667;43.8333;39.5833;39.6667;85167
2014-10-20;41.6667;41.6667;40.4167;41.0;13389
2014-10-17;40.25;41.25;39.9167;41.25;19194
2014-10-16;41.0;41.0;38.6667;40.25;34527
2014-10-15;41.9167;42.5;41.6667;41.6667;16140
2014-10-14;42.3333;43.3333;41.3333;42.6667;22338
2014-10-13;45.1667;45.1667;42.4167;44.0;26241
2014-10-10;45.3333;45.3333;44.3333;45.1667;10881
2014-10-09;45.6667;45.75;45.3333;45.5833;7419
2014-10-08;44.4167;45.6667;44.4167;45.6667;108360
2014-10-07;48.0;48.3333;47.0;47.0;13413
2014-10-06;48.3333;48.6667;48.0;48.6667;5640
2014-10-03;47.5833;48.0;47.5;47.75;2607
2014-10-02;48.3333;48.3333;47.1667;47.5;1794
2014-10-01;48.8333;48.8333;48.0;48.0;7872
2014-09-30;48.6667;48.6667;47.75;48.5833;10104
2014-09-29;48.6667;48.6667;48.1667;48.5;206028
2014-09-26;48.3333;48.3333;48.1667;48.1667;1851
2014-09-25;48.0;48.25;47.4167;47.75;1716
2014-09-24;48.0;48.25;48.0;48.0;5028
2014-09-23;48.0;48.0;47.3333;47.6667;3597
2014-09-22;46.6667;47.3333;46.6667;47.1667;5928
2014-09-19;45.0833;47.0833;45.0833;46.25;57540
2014-09-18;46.9167;46.9167;45.0;45.0;7395
2014-09-17;47.3333;47.9167;46.6667;46.9167;13248
2014-09-16;47.5;47.9167;47.0;47.0;3495
2014-09-15;46.6667;47.0833;44.3333;47.0833;13194
2014-09-12;48.3333;48.3333;47.0;47.6667;12039
2014-09-11;48.25;48.4167;48.0;48.0;7764
2014-09-10;48.5833;48.5833;48.0833;48.0833;12015
2014-09-09;48.3333;48.75;48.3333;48.5;5610
2014-09-08;49.3333;49.3333;48.0;48.8333;10077
2014-09-05;50.0;50.0;49.0;49.3333;10950
2014-09-04;50.0;50.0;48.6667;50.0;17466
2014-09-03;48.5;50.0;48.5;50.0;74124
2014-09-02;50.3333;50.3333;49.0;49.6667;24321
2014-09-01;49.8333;50.0;49.4167;50.0;128316
2014-08-29;49.0833;49.5833;48.3333;49.0;12063
2014-08-28;48.75;49.5833;48.4167;48.6667;17529
2014-08-27;49.4167;50.5;48.75;48.75;40923
2014-08-26;48.6667;50.0;48.4167;49.4167;31401
2014-08-25;48.3333;48.3333;47.0;48.1667;25809
2014-08-22;47.1667;47.25;46.6667;46.6667;17640
2014-08-21;45.3333;48.3333;45.3333;47.1667;51189
2014-08-20;43.4167;44.8333;43.4167;44.8333;6795
2014-08-19;44.6667;44.6667;43.4167;43.6667;8805
2014-08-18;43.6667;44.6667;43.6667;43.9167;20532
2014-08-15;41.1667;44.0;41.0833;43.5833;10221
2014-08-14;40.6667;40.8333;40.5;40.8333;2472
2014-08-13;40.5;40.5;40.0833;40.5;6192
2014-08-12;40.9167;40.9167;40.0;40.5;18822
2014-08-11;39.3333;40.0833;39.3333;40.0;19773
2014-08-08;40.5;40.5;38.6667;39.3333;25386
2014-08-07;40.4167;41.25;40.4167;40.8333;15594
2014-08-06;42.5833;42.5833;40.4167;42.0;10617
2014-08-05;43.6667;43.6667;42.6667;42.6667;3714
2014-08-04;43.6667;43.6667;43.0;43.6667;9147
2014-08-01;45.25;45.25;43.8333;44.75;12333
2014-07-31;45.6667;46.1667;45.0;45.6667;7836
2014-07-30;46.6667;46.6667;45.5833;46.1667;2040
2014-07-29;46.1667;46.1667;44.6667;45.3333;6891
2014-07-28;46.0;46.0;45.0;45.0;7692
2014-07-25;43.9167;44.9167;43.3333;44.9167;7050
2014-07-24;43.0;43.5833;43.0;43.3333;5136
2014-07-23;43.3333;43.3333;42.6667;43.0;7971
2014-07-22;44.0;44.1667;40.5;43.1667;15897
2014-07-21;44.25;44.6667;42.75;44.6667;9540
2014-07-18;45.0;45.3333;43.0;44.8333;17709
2014-07-17;46.25;46.25;45.3333;45.3333;3498
2014-07-16;45.3333;46.6667;45.3333;46.1667;18855
2014-07-15;45.3333;47.3333;44.8333;44.9167;13443
2014-07-14;46.8333;46.8333;44.5;45.25;34296
2014-07-11;47.0;47.25;46.3333;47.0;10617
2014-07-10;47.3333;48.0;46.6667;47.25;5067
2014-07-09;48.25;48.25;47.0;47.25;4857
2014-07-08;48.0;48.6667;46.6667;47.8333;24645
2014-07-07;45.5;47.9167;45.5;47.9167;7773
2014-07-04;45.5833;45.75;44.75;45.1667;24786
2014-07-03;43.9167;45.5833;43.9167;45.5833;29286
2014-07-02;43.25;43.6667;43.1667;43.6667;24804
2014-07-01;42.3333;42.9167;41.75;42.5833;11529
2014-06-30;40.9167;43.5;40.9167;42.3333;41346
2014-06-27;41.5;41.6667;41.1667;41.3333;22527
2014-06-26;40.6667;41.1667;40.4167;40.8333;21441
2014-06-25;40.0;40.25;39.8333;40.0833;12879
2014-06-24;39.9167;40.1667;39.3333;39.9167;5433
2014-06-23;40.0;41.0;39.0;39.9167;5178
2014-06-20;;39.3333;39.3333;39.3333;0
2014-06-19;39.3333;39.3333;39.0;39.3333;19647
2014-06-18;38.75;39.0;38.6667;39.0;153657
2014-06-17;38.5;39.0;38.5;38.6667;7686
2014-06-16;39.0;39.5833;38.3333;38.3333;24849
2014-06-13;39.3333;39.5;38.6667;39.0;14382
2014-06-12;39.0;39.0833;38.8333;39.0;326529
2014-06-11;38.4167;38.9167;38.4167;38.9167;16548
2014-06-10;38.75;38.8333;37.8333;38.3333;90693
2014-06-09;38.8333;39.1667;38.6667;39.1667;36468
2014-06-06;;38.8333;38.8333;38.8333;0
2014-06-05;38.75;39.1667;38.6667;38.8333;18798
2014-06-04;39.1667;39.1667;38.5;38.75;9369
2014-06-03;39.1667;39.1667;38.75;38.8333;11928
2014-06-02;39.8333;39.8333;38.6667;38.6667;25716
2014-05-30;39.3333;39.4167;38.3333;39.1667;14622
2014-05-28;35.1667;40.0;35.1667;37.9167;24774
2014-05-27;36.0;36.8333;35.8333;36.1667;37128
2014-05-26;34.6667;36.0;34.5;35.8333;60378
2014-05-23;33.5833;34.5;33.5833;34.5;13566
2014-05-22;33.9444;34.4444;33.8889;34.4444;26694
2014-05-21;33.5556;33.8889;33.5556;33.8889;13545
2014-05-20;33.7778;33.7778;33.1111;33.7778;21420
2014-05-19;33.8889;33.8889;33.6111;33.6667;20376
2014-05-16;33.7222;33.7778;33.5556;33.5556;149823
2014-05-15;34.2222;34.4444;33.5556;33.5556;28404
2014-05-14;34.0;34.0;33.9444;34.0;882
2014-05-13;34.1111;34.2222;33.9444;33.9444;3375
2014-05-12;34.7778;34.8889;33.3889;33.9444;16272
2014-05-09;34.4444;34.7778;34.3333;34.3333;3807
2014-05-08;34.3333;34.7222;33.9444;34.7222;9999
2014-05-07;33.9444;34.1111;33.9444;33.9444;2565
2014-05-06;35.1667;35.1667;34.6111;34.6111;8460
2014-05-05;35.5556;36.1111;34.2222;35.2222;13500
2014-05-02;35.9444;35.9444;35.8889;35.8889;2520
2014-05-01;;35.8889;35.8889;35.8889;0
2014-04-30;35.8889;35.8889;35.6111;35.8889;5355
2014-04-29;36.2222;36.3889;35.5556;36.1111;7920
2014-04-28;36.0;36.4444;35.5556;36.3889;6921
2014-04-25;36.7222;36.8889;35.8333;35.8333;19593
2014-04-24;34.8333;36.7222;33.9444;36.7222;24678
2014-04-23;33.8889;34.0;33.8889;34.0;3366
2014-04-22;33.3333;33.5556;33.2222;33.3333;21447
2014-04-17;32.7778;33.4444;32.7778;33.4444;4536
2014-04-16;33.1667;33.4444;32.8333;32.8333;5769
2014-04-15;33.9444;33.9444;33.2222;33.2222;5850
2014-04-14;32.7222;34.0;32.6667;34.0;11376
2014-04-11;33.2778;33.3333;32.6667;32.7222;8658
2014-04-10;33.2778;33.3333;32.6667;33.3333;9261
2014-04-09;33.2778;33.3333;33.2778;33.3333;5166
2014-04-08;33.1111;33.3333;33.1111;33.1111;15300
2014-04-07;33.3333;33.3333;32.8333;33.1111;15768
2014-04-04;33.2222;33.3333;33.2222;33.3333;2601
2014-04-03;33.2778;33.2778;33.0;33.0;2538
2014-04-02;32.7222;33.0;32.2778;33.0;3168
2014-04-01;32.7778;32.7778;31.9444;32.6111;7047
2014-03-31;33.3333;33.3333;32.7778;32.8889;12024
2014-03-28;32.8889;34.0;32.8889;34.0;19917
2014-03-27;33.8889;33.8889;32.3333;32.8889;9765
2014-03-26;31.4444;33.7778;31.4444;33.0;29682
2014-03-25;31.5556;31.5556;31.4444;31.4444;23220
2014-03-24;31.1111;31.1111;30.6667;30.7778;5688
2014-03-21;31.1111;31.1111;30.6667;31.1111;3285
2014-03-20;31.1111;31.2222;31.0;31.2222;22365
2014-03-19;31.1111;31.2222;31.0556;31.0556;6984
2014-03-18;30.5556;31.1667;30.5556;30.9444;11421
2014-03-17;30.3333;30.4444;30.0556;30.4444;11484
2014-03-14;29.7222;29.7778;29.3333;29.7778;12159
2014-03-13;29.4444;29.7222;29.4444;29.7222;18756
2014-03-12;30.4444;30.4444;29.7778;29.7778;3294
2014-03-11;29.0;30.4444;29.0;30.4444;10368
2014-03-10;29.7778;29.7778;29.2222;29.4444;4248
2014-03-07;30.1667;30.1667;29.7778;29.7778;3681
2014-03-06;30.4444;30.5556;30.1667;30.4444;7380
2014-03-05;30.2222;30.4444;29.8889;30.4444;4248
2014-03-04;30.0;30.0;29.0556;30.0;14301
2014-03-03;30.0;30.0;28.8889;30.0;20322
2014-02-28;30.8333;30.8889;30.3333;30.7778;488133
2014-02-27;30.8889;31.1111;30.6667;31.1111;12843
2014-02-26;31.0;32.1111;30.8889;31.1111;16704
2014-02-25;31.4444;31.6667;30.8889;31.1111;17622
2014-02-24;32.7778;32.8333;30.8889;31.5;37818
2014-02-21;33.2222;33.2222;32.0556;32.7778;10143
2014-02-20;32.0;32.2222;31.2222;31.8889;13878
2014-02-19;31.3889;31.7778;31.3889;31.7778;11511
2014-02-18;30.0;35.1111;30.0;31.3333;55107
2014-02-17;28.5;30.0;28.5;29.3333;34407
2014-02-14;27.4444;28.5;27.1667;28.5;48546
2014-02-13;26.5;27.7778;26.5;27.0;41445
2014-02-12;26.0556;26.5556;26.0556;26.5;11430
2014-02-11;25.3333;26.2222;25.3333;26.2222;11565
2014-02-10;24.7222;25.5556;24.7222;25.5556;24750
2014-02-07;;24.5556;24.5556;24.5556;0
2014-02-06;24.5556;24.7222;24.5556;24.5556;901485
2014-02-05;24.5556;24.8333;24.3889;24.8333;3222
2014-02-04;24.2222;24.5556;24.2222;24.5;1890
2014-02-03;24.2222;24.2778;24.1111;24.2222;10629
2014-01-31;24.6667;24.7778;24.3333;24.3333;3834
2014-01-30;24.8889;24.8889;24.2222;24.6667;1683
2014-01-29;24.8333;24.8333;24.3333;24.6667;19665
2014-01-28;24.3333;24.8333;24.3333;24.8333;5112
2014-01-27;24.4444;24.8889;24.0556;24.8889;24732
2014-01-24;24.8333;24.9444;24.7778;24.9444;68283
2014-01-23;25.0;25.4444;24.9444;25.4444;5760
2014-01-22;25.2222;25.4444;25.0;25.0556;34650
2014-01-21;24.7222;25.2222;24.7222;25.2222;10278
2014-01-20;24.5556;24.7222;24.5556;24.7222;3168
2014-01-17;24.8889;25.0556;24.5;24.8889;2817
2014-01-16;25.4444;25.4444;24.3333;24.8889;20979
2014-01-15;24.8889;24.8889;24.5556;24.5556;4293
2014-01-14;24.4444;24.5556;24.4444;24.4444;24426
2014-01-13;24.8889;25.0;24.7222;24.9444;29178
2014-01-10;25.1111;25.2778;24.8889;24.9444;14823
2014-01-09;24.6111;25.0;24.5;25.0;12186
2014-01-08;24.6667;24.7778;24.4444;24.5556;139959
2014-01-07;24.7222;24.9444;23.8333;24.5556;324009
2014-01-06;;24.8889;24.8889;24.8889;0
2014-01-03;24.9444;24.9444;24.7222;24.8889;10251
2014-01-02;25.5556;25.5556;24.9444;24.9444;20448
2013-12-31;;24.9444;24.9444;24.9444;0
2013-12-30;25.2222;25.2222;24.5556;24.9444;26595
2013-12-27;24.5556;25.2222;24.5556;25.2222;19035
2013-12-23;23.8889;24.6111;23.8889;24.5556;12672
2013-12-20;23.3333;24.6111;22.9444;24.5556;24849
2013-12-19;23.1111;23.3333;23.0556;23.2222;18684
2013-12-18;22.8889;23.6111;22.8889;23.0556;4680
2013-12-17;23.0;23.4444;22.6667;23.0556;39276
2013-12-16;22.7778;23.0;22.7778;23.0;5769
2013-12-13;22.7778;23.0;22.7778;22.7778;2232
2013-12-12;23.0556;23.0556;22.9444;22.9444;7866
2013-12-11;23.2222;23.5556;23.2222;23.5556;1350
2013-12-10;23.2222;23.2222;23.0;23.0556;4140
2013-12-09;24.1111;24.1111;23.2222;23.2222;21168
2013-12-06;23.2778;23.2778;22.7222;23.2778;4860
2013-12-05;22.8333;23.2778;22.7778;23.2778;2655
2013-12-04;22.6111;22.6111;22.4444;22.4444;3915
2013-12-03;23.5556;23.6111;22.7778;22.7778;14445
2013-12-02;22.8889;22.8889;22.8889;22.8889;405
2013-11-29;22.1667;22.6667;22.1667;22.6667;11619
2013-11-28;22.2778;22.5556;22.1111;22.5556;7038
2013-11-27;22.4444;22.6111;22.3333;22.6111;956115
2013-11-26;22.4444;22.5;22.4444;22.5;4365
2013-11-25;22.7778;22.7778;22.3333;22.3333;6300
2013-11-22;22.6667;22.7778;22.3333;22.7778;5589
2013-11-21;22.6667;22.6667;22.4444;22.6667;38313
2013-11-20;22.7778;22.7778;22.7222;22.7778;4950
2013-11-19;23.1111;23.1111;22.7778;22.7778;558
2013-11-18;23.0556;23.1111;23.0556;23.1111;5400
2013-11-15;22.7778;22.7778;22.7778;22.7778;2835
2013-11-14;22.8889;23.1111;22.8889;22.8889;6165
2013-11-13;22.7778;22.8889;22.5556;22.8889;2322
2013-11-12;22.6111;22.6667;22.5556;22.5556;7443
2013-11-11;22.8333;23.1111;22.5556;22.5556;26874
2013-11-08;22.5556;23.0556;22.5556;22.5556;29871
2013-11-07;22.4444;22.5556;22.3889;22.5556;48321
2013-11-06;22.3333;22.3333;22.2222;22.2222;5112
2013-11-05;22.2222;22.2222;22.2222;22.2222;4500
2013-11-04;22.0;22.2778;22.0;22.0556;4941
2013-11-01;22.5;22.5;22.0;22.0;1026
2013-10-31;22.5;22.5;22.1111;22.1111;1242
2013-10-30;22.3889;22.4444;22.2222;22.2222;2331
2013-10-29;22.4444;22.4444;22.3333;22.3333;4725
2013-10-28;22.4444;22.4444;22.0556;22.2222;102303
2013-10-25;22.3889;22.3889;22.3333;22.3889;2493
2013-10-24;22.0556;22.3889;22.0;22.3889;5445
2013-10-23;22.2222;22.4444;22.0;22.0;38115
2013-10-22;20.0556;22.2222;20.0;22.2222;76995
2013-10-21;19.8333;20.3889;19.7778;20.3889;16668
2013-10-18;19.8889;19.8889;19.7778;19.7778;495
2013-10-17;20.0;20.0;20.0;20.0;342
2013-10-16;20.2222;20.3889;20.1111;20.1111;1836
2013-10-15;20.5;20.5;20.5;20.5;3582
2013-10-14;20.5556;20.5556;20.5556;20.5556;3924
2013-10-11;20.9444;20.9444;20.5556;20.5556;4779
2013-10-10;20.5556;20.7222;20.5556;20.6667;15480
2013-10-09;20.5556;20.5556;20.4444;20.5556;15912
2013-10-08;20.5;20.7778;20.4444;20.7778;52524
2013-10-07;20.1111;20.2222;19.8333;20.2222;15291
2013-10-04;19.8333;19.8333;19.8333;19.8333;2250
2013-10-03;20.1111;20.1111;20.1111;20.1111;1350
2013-10-02;20.1667;20.2222;20.1667;20.2222;2826
2013-10-01;20.2222;20.4444;20.1667;20.4444;15615
2013-09-30;20.5556;20.5556;20.1667;20.4444;15066
2013-09-27;20.4444;20.4444;20.4444;20.4444;900
2013-09-26;20.0556;20.3333;20.0556;20.2222;3645
2013-09-25;20.4444;20.4444;20.0;20.1111;23049
2013-09-24;20.5556;20.5556;20.3333;20.3333;12105
2013-09-23;20.2222;20.5;20.2222;20.5;2277
2013-09-20;20.2222;20.3889;20.2222;20.3333;9648
2013-09-19;20.5;20.5;20.1111;20.2222;6840
2013-09-18;20.2222;20.4444;20.1111;20.4444;14247
2013-09-17;20.4444;20.5556;20.0556;20.5556;9432
2013-09-16;20.5556;20.5556;20.2222;20.3889;18693
2013-09-13;21.0;21.0;20.6111;20.9444;7659
2013-09-12;21.0;21.1111;20.7778;21.1111;27594
2013-09-11;20.5556;20.8889;20.5556;20.8889;24444
2013-09-10;20.5556;20.8889;20.5556;20.8889;15300
2013-09-09;20.6667;20.6667;20.3333;20.5556;34704
2013-09-06;20.2778;20.6111;20.2778;20.6111;2889
2013-09-05;20.2222;20.3333;20.1667;20.3333;1287
2013-09-04;20.6111;20.6111;20.2222;20.2222;720
2013-09-03;20.8889;20.8889;20.3333;20.3333;4140
2013-09-02;20.6111;20.6111;20.3333;20.6111;15075
2013-08-30;20.6111;20.6111;20.6111;20.6111;2700
2013-08-29;20.5556;20.5556;20.5556;20.5556;7389
2013-08-28;;20.5556;20.5556;20.5556;0
2013-08-27;20.3889;20.5556;20.3889;20.5556;2160
2013-08-26;20.3889;20.7222;20.3889;20.5556;954
2013-08-23;21.0;21.0;20.6667;20.7778;21654
2013-08-22;20.9444;20.9444;20.6667;20.9444;19467
2013-08-21;20.3333;20.7778;20.3333;20.5556;46026
2013-08-20;20.0556;20.5556;20.0556;20.5556;3888
2013-08-19;20.5;20.5;20.5;20.5;450
2013-08-16;;20.5;20.5;20.5;0
2013-08-15;20.5;20.5;20.4444;20.5;7956
2013-08-14;20.3333;20.5;20.3333;20.5;29421
2013-08-13;20.2778;20.3333;19.8333;20.3333;18963
2013-08-12;;20.5;20.5;20.5;0
2013-08-09;20.5;20.5;20.2778;20.5;242361
2013-08-08;20.5556;20.5556;20.5556;20.5556;7992
2013-08-07;;20.5556;20.5556;20.5556;0
2013-08-06;20.1111;20.5556;20.1111;20.5556;1971
2013-08-05;20.5;20.5556;20.2222;20.2222;2412
2013-08-02;20.1667;20.5556;20.1667;20.5556;3555
2013-08-01;19.6111;20.1667;19.6111;20.1667;59049
2013-07-31;19.7778;19.7778;19.7778;19.7778;10143
2013-07-30;19.5;19.7222;19.5;19.7222;2637
2013-07-29;19.3333;19.7222;19.3333;19.7222;2250
2013-07-26;19.2778;19.2778;19.2778;19.2778;54
2013-07-25;19.4444;19.4444;19.4444;19.4444;2700
2013-07-24;19.2222;19.4444;19.2222;19.4444;178596
2013-07-23;19.4444;19.4444;19.2222;19.2778;4050
2013-07-22;19.4444;19.4444;19.4444;19.4444;1080
2013-07-19;19.5556;19.5556;19.5556;19.5556;360
2013-07-18;19.8889;19.8889;19.8889;19.8889;450
2013-07-17;19.5556;19.8333;19.5556;19.8333;90540
2013-07-16;19.7778;19.7778;19.7778;19.7778;56700
2013-07-15;20.0;20.0;20.0;20.0;4500
2013-07-12;;20.0;20.0;20.0;0
2013-07-11;;20.0;20.0;20.0;0
2013-07-10;20.0;20.0;20.0;20.0;1350
2013-07-09;;19.8333;19.8333;19.8333;0
2013-07-08;19.5556;19.8333;19.5556;19.8333;1350
2013-07-05;19.5556;19.5556;19.5556;19.5556;10800
2013-07-04;20.0;20.0;20.0;20.0;495
2013-07-03;20.0;20.0;20.0;20.0;1350
2013-07-02;19.1667;19.1667;19.1667;19.1667;4500
2013-07-01;;18.8889;18.8889;18.8889;0
2013-06-28;19.4444;19.4444;18.8889;18.8889;5328
2013-06-27;19.3333;19.4444;19.2222;19.4444;54198
2013-06-26;19.3333;19.3333;19.3333;19.3333;10800
2013-06-25;19.7778;19.7778;19.6667;19.6667;1683
2013-06-24;18.9444;19.4444;18.7778;19.4444;30384
2013-06-21;;18.8889;18.8889;18.8889;0
2013-06-20;;18.8889;18.8889;18.8889;0
2013-06-19;18.8889;18.8889;18.8889;18.8889;5589
2013-06-18;18.7778;19.1111;18.7778;18.9444;31950
2013-06-17;18.7778;18.9444;18.5556;18.9444;11007
2013-06-14;18.3333;18.5;18.3333;18.5;1557
2013-06-13;18.3333;18.3333;18.2222;18.2222;18000
2013-06-12;;18.5556;18.5556;18.5556;0
2013-06-11;19.0;19.0;18.5556;18.5556;2610
2013-06-10;18.7222;18.8889;18.5;18.5556;6354
2013-06-07;18.9444;19.1111;18.7778;18.7778;6255
2013-06-06;;18.6111;18.6111;18.6111;0
2013-06-05;19.2222;19.2222;18.6111;18.6111;7227
2013-06-04;19.2222;19.2222;19.0556;19.0556;2862
2013-06-03;20.0;20.0;18.9444;19.5;23283
2013-05-31;19.7222;20.0;19.7222;20.0;756
2013-05-30;19.8333;20.1111;19.8333;20.1111;2700
2013-05-29;20.1667;20.1667;20.1667;20.1667;1530
2013-05-28;20.1111;20.2222;20.0556;20.2222;7119
2013-05-27;20.0;20.0;20.0;20.0;450
2013-05-24;19.7778;20.2778;19.6667;20.2778;9297
2013-05-23;20.1111;20.1111;19.7222;19.7222;2394
2013-05-22;20.3333;20.3333;20.3333;20.3333;17262
2013-05-21;20.3333;20.5;20.3333;20.5;3303
2013-05-20;20.0;20.5;20.0;20.5;1962
2013-05-17;20.7778;20.7778;20.5556;20.7778;396036
2013-05-16;20.4444;20.7778;20.1667;20.1667;7533
2013-05-15;20.4444;20.5556;20.4444;20.5556;3294
2013-05-14;20.0;20.4444;20.0;20.4444;5130
2013-05-13;20.1111;20.2778;20.0;20.0;1575
2013-05-10;20.0;20.1111;20.0;20.1111;5310
2013-05-09;;20.1111;20.1111;20.1111;0
2013-05-08;20.1111;20.1111;20.1111;20.1111;2052
2013-05-07;20.0556;20.0556;19.8889;19.8889;6768
2013-05-06;19.4444;20.3889;19.4444;20.3889;14256
2013-05-03;19.6111;19.6111;19.6111;19.6111;1575
2013-05-02;19.1667;19.6667;19.1667;19.2778;2250
2013-05-01;;19.3889;19.3889;19.3889;0
2013-04-30;;19.3889;19.3889;19.3889;0
2013-04-29;19.2222;19.3889;19.1667;19.3889;18072
2013-04-26;;19.1667;19.1667;19.1667;0
2013-04-25;19.1667;19.1667;19.1667;19.1667;450
2013-04-24;;19.0;19.0;19.0;0
2013-04-23;19.0;19.1111;19.0;19.0;15264
2013-04-22;18.5556;18.8889;18.5556;18.8889;9900
2013-04-19;18.5556;18.5556;18.5556;18.5556;2025
2013-04-18;19.0;19.2778;18.8333;18.8889;14535
2013-04-17;19.6111;19.7222;18.8889;19.1111;41553
2013-04-16;19.5556;20.0;19.5556;20.0;11070
2013-04-15;20.1111;20.1111;19.6111;19.9444;39474
2013-04-12;20.3889;20.3889;20.1111;20.2222;1836
2013-04-11;20.5;20.5;20.3889;20.3889;28521
2013-04-10;20.5;20.5;20.5;20.5;180
2013-04-09;20.5556;20.5556;20.1667;20.1667;2529
2013-04-08;20.1667;20.2222;20.1667;20.2222;4176
2013-04-05;20.0556;20.0556;20.0556;20.0556;2574
2013-04-04;20.0;20.0;20.0;20.0;81
2013-04-03;20.1667;20.3333;20.1667;20.3333;549
2013-04-02;20.1111;20.1667;20.0556;20.1667;9558
2013-04-01;;20.0556;20.0556;20.0556;0
2013-03-29;20.0;20.0556;20.0556;20.0556;1017
2013-03-28;20.0;20.1667;19.8889;20.1667;1017
2013-03-27;20.0;20.1667;19.8889;20.1667;1017
2013-03-26;19.7778;20.1111;19.6667;20.1111;2421
2013-03-25;19.7222;20.1667;19.7222;19.9444;19314
2013-03-22;20.0;20.1667;19.8889;20.1667;11043
2013-03-21;20.4444;20.4444;20.0556;20.0556;2097
2013-03-20;20.3889;20.3889;20.3889;20.3889;9
2013-03-19;20.1111;20.3889;20.0;20.3889;4698
2013-03-18;20.2778;20.3889;20.2778;20.3889;16029
2013-03-15;;20.7778;20.7778;20.7778;0
2013-03-14;20.7222;20.7778;20.7222;20.7778;45000
2013-03-13;20.1111;20.5556;20.1111;20.5556;6030
2013-03-12;20.5556;20.5556;20.1667;20.3333;17487
2013-03-11;21.3333;21.3333;20.4444;20.8333;916731
2013-03-08;21.5556;21.5556;21.1667;21.1667;5067
2013-03-07;21.5556;21.5556;21.1667;21.5;7317
2013-03-06;21.6111;21.6667;21.2778;21.6111;31761
2013-03-05;21.2778;21.3889;21.2778;21.3889;1116
2013-03-04;21.3333;21.3333;21.3333;21.3333;18000
2013-03-01;21.2778;21.4444;21.2778;21.4444;16767
2013-02-28;21.3333;22.0;20.9444;22.0;86643
2013-02-27;21.2222;21.3889;21.1111;21.3333;68058
2013-02-26;20.0;20.8889;20.0;20.8889;3150
2013-02-25;20.8333;21.3333;20.6111;20.6111;38232
2013-02-22;20.8889;21.1111;20.8889;21.1111;11538
2013-02-21;20.6667;21.0;20.6111;20.6667;15597
2013-02-20;21.1111;21.3333;20.7778;20.7778;16623
2013-02-19;20.5;20.8889;20.5;20.5;9693
2013-02-18;20.4444;20.6111;20.1667;20.6111;19800
2013-02-15;20.7778;20.7778;20.2222;20.5;7308
2013-02-14;20.6111;20.7778;20.2778;20.2778;11718
2013-02-13;20.3333;20.5556;20.2778;20.4444;5049
2013-02-12;20.4444;20.5556;20.4444;20.4444;5940
2013-02-11;20.4444;20.5556;20.4444;20.4444;1710
2013-02-08;20.3333;20.3333;20.2222;20.2778;4932
2013-02-07;20.5556;20.5556;20.5556;20.5556;10800
2013-02-06;20.4444;20.4444;20.3333;20.4444;234279
2013-02-05;20.4444;20.5556;20.4444;20.5556;3330
2013-02-04;21.1111;21.1111;20.5556;20.8889;15687
2013-02-01;20.3889;21.0;20.3889;21.0;3951
2013-01-31;;20.3889;20.3889;20.3889;0
2013-01-30;20.4444;20.7778;20.3889;20.3889;243
2013-01-29;20.7778;20.7778;20.3889;20.3889;4365
2013-01-28;;20.7778;20.7778;20.7778;0
2013-01-25;20.5;21.0;20.3889;20.7778;14283
2013-01-24;20.4444;20.7778;20.4444;20.7778;72639
2013-01-23;20.6667;20.6667;20.4444;20.4444;181413
2013-01-22;20.4444;20.6111;20.3889;20.4444;112707
2013-01-21;20.6111;20.6111;20.4444;20.4444;44388
2013-01-18;20.6667;20.6667;20.6667;20.6667;6822
2013-01-17;20.7778;20.7778;20.3889;20.3889;7119
2013-01-16;20.5556;20.6667;20.5556;20.6667;2745
2013-01-15;20.5;20.7778;20.5;20.5556;7344
2013-01-14;21.3333;21.3333;20.5;20.6667;23013
2013-01-11;21.2778;21.2778;20.8889;20.8889;26307
2013-01-10;20.2222;21.2778;20.2222;21.2778;6858
2013-01-09;20.6111;20.7778;20.6111;20.7778;14076
2013-01-08;20.2778;20.6111;20.2222;20.6111;8703
2013-01-07;20.1111;20.3889;20.1111;20.1667;105687
2013-01-04;19.7222;19.9444;19.7222;19.9444;11430
2013-01-03;19.1111;19.6111;19.0556;19.6111;7830
2013-01-02;18.4444;19.0;18.4444;19.0;17127
2013-01-01;;18.4444;18.4444;18.4444;0
2012-12-31;;18.4444;18.4444;18.4444;0
2012-12-28;18.4444;18.4444;18.4444;18.4444;5625
