Dates;Open;High;Low;Close;Volume
2017-12-27;33.8;34.3;33.2;33.4;60862
2017-12-22;35.0;35.5;33.8;33.8;40981
2017-12-21;34.2;35.5;34.0;34.6;50138
2017-12-20;33.9;35.3;33.9;34.1;56182
2017-12-19;35.1;35.4;33.9;34.0;38303
2017-12-18;35.8;36.3;35.0;35.0;41117
2017-12-15;36.0;36.2;35.4;35.7;74353
2017-12-14;34.7;36.4;34.5;36.0;167511
2017-12-13;33.5;34.8;33.4;34.2;346508
2017-12-12;32.7;34.4;32.7;33.4;70923
2017-12-11;32.8;33.2;32.5;33.0;67133
2017-12-08;32.2;32.9;32.1;32.7;63415
2017-12-07;32.1;32.3;32.0;32.1;20380
2017-12-06;31.9;32.4;31.8;32.2;45972
2017-12-05;32.0;32.1;32.0;32.0;20318
2017-12-04;32.2;32.3;31.9;32.0;51157
2017-12-01;32.2;32.3;31.8;32.1;40957
2017-11-30;32.1;32.3;32.0;32.2;95006
2017-11-29;32.6;32.7;31.7;32.1;220452
2017-11-28;32.5;32.6;31.9;32.6;41000
2017-11-27;33.1;33.1;32.4;32.5;47133
2017-11-24;32.8;33.5;32.7;33.1;235005
2017-11-23;32.3;33.8;32.3;32.9;442061
2017-11-22;32.2;32.4;31.6;32.3;86518
2017-11-21;32.2;32.7;31.7;32.2;78015
2017-11-20;32.3;32.8;31.7;32.4;61343
2017-11-17;32.9;33.1;32.3;32.5;90595
2017-11-16;32.9;33.0;32.0;33.0;97313
2017-11-15;31.0;32.8;30.6;32.8;478547
2017-11-14;32.0;32.2;31.0;31.0;106577
2017-11-13;32.6;33.0;32.0;32.0;80666
2017-11-10;33.0;33.5;32.6;32.6;82439
2017-11-09;33.7;33.9;32.4;33.0;120864
2017-11-08;34.6;34.6;33.8;34.0;35348
2017-11-07;34.5;34.7;34.0;34.3;28076
2017-11-06;34.5;34.9;34.0;34.0;63763
2017-11-03;34.6;34.9;34.5;34.5;62738
2017-11-02;34.8;35.0;34.6;34.8;31425
2017-11-01;34.6;35.0;34.6;34.7;50427
2017-10-31;35.0;35.0;34.3;34.5;76803
2017-10-30;35.3;35.4;35.0;35.0;46203
2017-10-27;35.5;35.9;35.1;35.4;31504
2017-10-26;35.3;35.8;35.0;35.5;41972
2017-10-25;35.7;36.4;35.4;35.6;48587
2017-10-24;36.1;36.2;35.8;35.9;78215
2017-10-23;36.1;36.7;36.1;36.1;48749
2017-10-20;36.0;36.2;35.6;36.0;104225
2017-10-19;36.5;36.6;35.8;36.0;133141
2017-10-18;37.0;37.3;36.4;36.8;690132
2017-10-17;38.4;38.4;38.0;38.0;21881
2017-10-13;38.2;38.5;38.0;38.0;66074
2017-10-12;38.8;38.9;38.1;38.2;43060
2017-10-11;39.3;39.3;38.5;38.5;65824
2017-10-10;38.8;39.4;38.5;39.0;625642
2017-10-09;38.7;39.3;38.1;38.8;866894
2017-10-06;42.6;42.7;42.0;42.4;27544
2017-10-05;42.2;42.5;42.2;42.5;10690
2017-10-04;42.6;42.7;42.1;42.1;35187
2017-10-03;41.9;42.6;41.5;42.6;47108
2017-10-02;41.3;42.0;41.3;41.6;31779
2017-09-29;41.5;41.6;41.1;41.4;25464
2017-09-28;41.6;41.8;41.2;41.2;23602
2017-09-27;41.8;42.0;41.4;41.7;11205
2017-09-26;41.3;41.6;41.2;41.2;11657
2017-09-25;41.8;41.8;41.1;41.2;20580
2017-09-22;41.1;41.5;41.1;41.1;17865
2017-09-21;42.0;42.0;41.0;41.1;15307
2017-09-20;42.5;42.5;41.8;41.8;12949
2017-09-19;41.7;42.5;41.7;41.9;39514
2017-09-18;41.1;41.7;41.0;41.7;14507
2017-09-15;41.5;41.5;41.0;41.0;20918
2017-09-14;41.2;41.5;41.0;41.1;9346
2017-09-13;41.0;41.5;41.0;41.2;25206
2017-09-12;40.8;41.2;40.5;41.0;23133
2017-09-11;40.4;41.0;40.3;40.7;13658
2017-09-08;40.8;41.0;40.1;40.4;23337
2017-09-07;40.5;40.8;40.1;40.8;115185
2017-09-06;40.3;40.9;40.1;40.5;24582
2017-09-04;40.7;40.7;40.2;40.4;14380
2017-09-01;41.0;41.2;40.5;40.7;72653
2017-08-31;41.5;42.1;40.8;41.2;31157
2017-08-30;41.6;41.6;40.8;41.1;59453
2017-08-29;40.6;41.5;40.3;41.5;33606
2017-08-28;40.5;40.6;40.3;40.5;16706
2017-08-25;40.4;40.7;40.2;40.6;81335
2017-08-24;41.2;41.3;40.3;40.5;38828
2017-08-23;41.2;41.6;41.0;41.2;18782
2017-08-22;40.5;41.3;40.5;41.2;29588
2017-08-21;40.4;40.6;40.4;40.5;16528
2017-08-18;40.7;40.7;40.3;40.5;33422
2017-08-17;40.7;40.8;40.6;40.6;19608
2017-08-16;40.7;41.0;40.5;40.6;41208
2017-08-15;41.0;41.0;40.7;40.7;74010
2017-08-14;40.8;41.8;40.7;41.0;35233
2017-08-11;41.0;41.0;40.5;40.7;35889
2017-08-10;41.6;41.6;41.1;41.1;18168
2017-08-09;41.2;41.7;41.1;41.2;17945
2017-08-08;42.0;42.4;41.5;41.8;75400
2017-08-07;42.0;42.0;41.3;41.4;22075
2017-08-04;42.0;42.0;41.1;41.5;71309
2017-08-03;42.0;42.4;41.6;41.6;38150
2017-08-02;42.2;42.6;42.0;42.0;58191
2017-08-01;42.1;43.2;42.1;42.1;48569
2017-07-31;42.3;43.3;42.0;43.0;154584
2017-07-28;42.4;42.5;41.9;42.0;23910
2017-07-27;42.4;42.6;41.9;41.9;22679
2017-07-26;42.1;42.7;42.0;42.2;58154
2017-07-25;42.1;42.9;42.0;42.5;77751
2017-07-24;43.4;43.6;42.3;42.4;35955
2017-07-21;43.7;43.9;43.4;43.6;42771
2017-07-20;43.5;43.9;43.2;43.7;72803
2017-07-19;46.0;46.0;42.9;42.9;609756
2017-07-18;46.3;46.3;44.8;45.4;34870
2017-07-17;46.9;47.1;45.8;46.5;49839
2017-07-14;46.6;47.1;46.2;46.6;10983
2017-07-13;46.5;47.0;46.4;46.8;32940
2017-07-12;46.4;46.6;46.1;46.5;50790
2017-07-11;46.5;46.5;46.0;46.4;23331
2017-07-10;45.8;46.5;45.2;46.4;38866
2017-07-07;46.1;46.2;45.6;45.8;7467
2017-07-06;46.2;46.9;45.5;46.2;26834
2017-07-05;46.1;46.5;46.1;46.3;12020
2017-07-04;46.6;46.8;46.1;46.1;91005
2017-07-03;46.3;47.7;46.2;46.6;37211
2017-06-30;47.1;47.1;46.2;46.6;36811
2017-06-29;48.2;48.2;47.0;47.0;33520
2017-06-28;48.2;48.2;47.5;48.2;34800
2017-06-27;48.0;48.2;47.1;48.0;70663
2017-06-26;47.8;48.3;47.8;47.9;31104
2017-06-23;;47.8;47.8;47.8;0
2017-06-22;48.3;48.3;47.7;47.8;13889
2017-06-21;47.5;48.6;47.5;48.3;86273
2017-06-20;48.2;48.3;47.5;48.3;17024
2017-06-19;47.5;48.5;47.5;47.9;20915
2017-06-16;47.5;48.0;47.5;47.5;66559
2017-06-15;48.5;48.5;47.0;47.6;34401
2017-06-14;48.7;49.0;47.9;48.1;117764
2017-06-13;49.0;49.1;48.4;48.7;100518
2017-06-12;49.9;49.9;49.0;49.0;45073
2017-06-09;50.0;51.0;49.5;49.8;40620
2017-06-08;49.6;50.25;49.0;50.25;123341
2017-06-07;49.2;49.6;48.5;49.6;60395
2017-06-06;;49.0;49.0;49.0;0
2017-06-05;49.3;49.3;48.6;49.0;32267
2017-06-02;48.5;49.4;48.5;49.4;75327
2017-06-01;48.8;48.9;48.5;48.5;49342
2017-05-31;48.5;49.3;48.1;48.6;84404
2017-05-30;48.0;49.2;47.6;49.2;199106
2017-05-29;47.0;48.0;46.6;48.0;49128
2017-05-26;45.5;47.0;45.5;46.5;50100
2017-05-24;45.1;45.7;45.1;45.5;10252
2017-05-23;45.0;45.6;45.0;45.2;29238
2017-05-22;44.8;45.4;44.8;45.2;14677
2017-05-19;44.4;45.7;44.4;45.1;185788
2017-05-18;44.8;45.3;44.3;44.7;51774
2017-05-17;47.0;47.0;45.0;45.6;49889
2017-05-16;45.9;47.0;45.6;46.9;116859
2017-05-15;45.8;45.9;44.4;45.7;139628
2017-05-12;46.6;46.0;46.0;46.0;26788
2017-05-11;47.1;47.9;46.5;46.9;29786
2017-05-10;47.8;47.8;46.9;47.1;163443
2017-05-09;46.3;47.8;46.3;47.8;152483
2017-05-08;48.0;48.0;46.3;46.3;24537
2017-05-05;47.2;47.6;46.2;47.6;21298
2017-05-04;46.2;47.4;45.6;47.4;48623
2017-05-03;48.9;48.9;46.2;46.2;100742
2017-05-02;49.2;49.2;47.7;48.6;59141
2017-05-01;;48.7;48.7;48.7;0
2017-04-28;48.9;51.5;47.3;48.7;352892
2017-04-27;49.8;51.0;49.6;51.0;91321
2017-04-26;49.8;50.25;49.0;49.8;20661
2017-04-25;49.9;50.5;49.6;49.9;74608
2017-04-24;49.4;50.0;48.6;49.3;29628
2017-04-21;48.0;49.2;47.7;48.9;80084
2017-04-20;48.0;48.9;47.6;47.6;67890
2017-04-19;46.1;48.4;46.1;48.0;90290
2017-04-18;45.4;46.7;45.3;46.5;73576
2017-04-13;45.5;45.5;45.1;45.2;9797
2017-04-12;45.3;46.0;45.1;45.3;28912
2017-04-11;45.2;46.0;45.0;45.3;40749
2017-04-10;45.2;45.5;44.7;44.7;28663
2017-04-07;45.0;45.4;44.2;44.7;48826
2017-04-06;44.3;44.8;42.8;44.4;41451
2017-04-05;44.3;45.7;44.3;45.7;42922
2017-04-04;45.0;45.0;44.4;44.6;33699
2017-04-03;45.1;45.2;44.8;44.8;30325
2017-03-31;45.2;45.4;44.8;44.8;35288
2017-03-30;44.3;45.3;44.3;45.1;42008
2017-03-29;45.0;45.1;44.0;44.2;61373
2017-03-28;45.0;45.0;44.0;44.4;63999
2017-03-27;45.5;45.5;44.6;44.7;49706
2017-03-24;46.0;46.2;45.3;45.5;47353
2017-03-23;44.3;46.1;44.3;45.5;47165
2017-03-22;45.4;45.4;44.0;44.3;59816
2017-03-21;45.9;45.9;44.7;45.1;22275
2017-03-20;45.4;45.8;45.2;45.7;41399
2017-03-17;45.2;45.4;45.1;45.4;23390
2017-03-16;45.3;45.6;45.0;45.2;320961
2017-03-15;45.5;45.9;44.9;45.6;58412
2017-03-14;45.0;45.4;44.9;45.4;106201
2017-03-13;43.5;44.8;43.5;44.7;39372
2017-03-10;43.6;43.9;43.9;43.9;13903
2017-03-09;43.8;44.1;43.1;43.8;35849
2017-03-08;43.7;44.2;43.4;43.8;277408
2017-03-07;43.0;44.3;43.0;43.2;127160
2017-03-06;43.3;43.3;42.5;42.6;34491
2017-03-03;43.3;43.3;43.3;43.3;28792
2017-03-02;43.8;43.8;43.5;43.6;8299
2017-03-01;43.6;43.8;43.4;43.7;8476
2017-02-28;43.1;43.5;43.0;43.1;28779
2017-02-27;44.0;44.0;43.3;43.4;12214
2017-02-24;44.4;44.4;43.3;43.6;20941
2017-02-23;43.8;44.0;43.6;43.7;7964
2017-02-22;44.0;44.1;43.2;44.1;41726
2017-02-21;44.1;44.3;44.0;44.0;52403
2017-02-20;44.4;44.5;44.0;44.2;53281
2017-02-17;44.0;44.0;43.0;43.8;21253
2017-02-16;43.6;44.0;43.5;43.8;21037
2017-02-15;43.4;44.0;43.4;43.6;22275
2017-02-14;43.0;44.2;40.8;44.0;20550
2017-02-13;44.0;44.3;42.9;43.9;61831
2017-02-10;43.6;44.3;43.6;44.3;45399
2017-02-09;44.0;44.0;43.3;43.6;28341
2017-02-08;43.7;43.7;43.1;43.6;50908
2017-02-07;44.2;44.3;43.5;43.7;50883
2017-02-06;44.2;44.5;44.0;44.4;93046
2017-02-03;43.0;44.2;43.0;44.2;153779
2017-02-02;42.9;44.1;42.2;44.0;354948
2017-02-01;41.4;42.3;41.4;42.2;52349
2017-01-31;41.8;42.5;41.0;41.8;64798
2017-01-30;41.8;41.8;41.2;41.5;16583
2017-01-27;41.5;41.6;41.2;41.5;30299
2017-01-26;41.0;41.8;41.0;41.6;626455
2017-01-25;40.8;41.2;40.8;41.0;27322
2017-01-24;41.0;41.2;40.5;41.0;41124
2017-01-23;40.0;41.2;40.0;40.9;739203
2017-01-20;40.5;40.5;39.8;39.8;43258
2017-01-19;40.4;40.5;40.3;40.5;36184
2017-01-18;40.4;40.8;40.1;40.4;15765
2017-01-17;39.8;40.8;39.8;40.3;21460
2017-01-16;40.4;40.7;39.8;40.5;353477
2017-01-13;40.6;41.0;40.1;40.5;16293
2017-01-12;40.7;41.1;40.6;40.6;73400
2017-01-11;40.2;41.6;39.8;40.7;368507
2017-01-10;40.0;40.3;39.5;39.7;230630
2017-01-09;39.6;40.0;39.1;39.4;78324
2017-01-06;;39.6;39.6;39.6;0
2017-01-05;40.2;40.2;39.5;39.6;28594
2017-01-04;40.1;40.5;39.9;39.9;19857
2017-01-03;39.6;40.8;39.3;40.0;110829
2017-01-02;38.6;39.5;38.6;39.5;78055
2016-12-30;38.5;38.9;38.5;38.6;27980
2016-12-29;38.5;39.0;38.5;38.5;41180
2016-12-28;38.5;38.9;38.4;38.8;55458
2016-12-27;38.7;38.9;38.4;38.8;19394
2016-12-23;38.7;38.9;38.6;38.8;129714
2016-12-22;38.8;38.9;38.7;38.7;7940
2016-12-21;39.1;39.1;38.7;38.7;121779
2016-12-20;39.0;39.0;38.7;39.0;20792
2016-12-19;39.0;39.3;38.7;39.0;53102
2016-12-16;39.0;39.2;38.7;38.9;59911
2016-12-15;39.3;39.3;38.7;39.1;51865
2016-12-14;39.3;39.3;39.0;39.3;51807
2016-12-13;39.2;39.3;39.0;39.1;26288
2016-12-12;39.0;39.2;38.7;39.1;41904
2016-12-09;38.7;39.0;38.6;38.7;17289
2016-12-08;39.0;39.0;38.1;38.6;36539
2016-12-07;38.6;38.8;38.4;38.8;51755
2016-12-06;39.0;39.0;38.5;38.7;12503
2016-12-05;39.0;39.0;38.7;38.8;30081
2016-12-02;38.8;39.3;38.5;39.2;24236
2016-12-01;39.9;39.9;38.7;38.7;51051
2016-11-30;39.0;40.0;38.7;40.0;50179
2016-11-29;39.0;39.3;38.7;39.0;30100
2016-11-28;39.6;39.6;39.2;39.2;16132
2016-11-25;39.2;39.5;38.8;39.2;33571
2016-11-24;39.3;39.4;38.8;39.2;22440
2016-11-23;39.2;39.7;39.2;39.4;26848
2016-11-22;39.3;39.7;39.0;39.2;30858
2016-11-21;39.7;39.7;39.1;39.3;149679
2016-11-18;39.2;39.9;39.2;39.7;25483
2016-11-17;39.9;39.9;39.2;39.3;14300
2016-11-16;39.1;39.7;39.0;39.5;27741
2016-11-15;39.0;39.2;38.8;39.0;12214
2016-11-14;39.7;40.1;39.0;39.0;20372
2016-11-11;39.9;40.1;39.6;39.6;15728
2016-11-10;40.0;40.4;39.6;39.8;28218
2016-11-09;39.5;40.1;38.8;39.7;75744
2016-11-08;40.2;40.4;39.5;40.4;52634
2016-11-07;39.7;40.4;39.6;40.0;164306
2016-11-04;41.5;41.5;39.6;39.6;10864
2016-11-03;41.9;41.9;40.3;40.4;200103
2016-11-02;41.7;41.7;40.9;40.9;23841
2016-11-01;42.0;42.0;40.9;41.7;25920
2016-10-31;41.3;42.0;41.3;41.9;80614
2016-10-28;41.0;41.0;40.1;40.7;23256
2016-10-27;40.9;40.9;40.1;40.7;34903
2016-10-26;40.2;41.1;39.1;40.9;72824
2016-10-25;40.4;40.5;39.5;40.0;497650
2016-10-24;39.5;39.5;38.6;39.5;53384
2016-10-21;40.0;40.0;39.1;39.6;54691
2016-10-20;38.7;40.0;38.3;39.9;33446
2016-10-19;39.0;39.0;38.6;38.6;17292
2016-10-18;38.9;39.2;38.5;39.2;20294
2016-10-17;38.3;38.9;38.1;38.8;30923
2016-10-14;38.6;38.8;38.3;38.3;23151
2016-10-13;39.2;39.3;38.3;38.7;85640
2016-10-12;39.8;39.8;39.1;39.4;26813
2016-10-11;39.6;39.6;39.1;39.4;30864
2016-10-10;40.0;40.0;39.4;39.6;16446
2016-10-07;39.8;39.8;39.4;39.6;19868
2016-10-06;39.9;39.9;39.5;39.7;36852
2016-10-05;39.7;40.0;39.5;40.0;35647
2016-10-04;39.3;39.9;39.2;39.4;65944
2016-10-03;39.5;39.6;39.0;39.5;26835
2016-09-30;40.1;40.1;39.4;39.6;27257
2016-09-29;39.5;40.2;39.4;40.1;17113
2016-09-28;40.1;40.3;39.0;39.8;35568
2016-09-27;40.3;40.3;39.7;40.1;23426
2016-09-26;40.5;40.5;40.2;40.3;19323
2016-09-23;40.5;40.7;40.1;40.5;301291
2016-09-22;40.7;40.7;39.9;40.3;25562
2016-09-21;39.9;40.4;39.7;39.8;29244
2016-09-20;40.0;40.2;39.8;39.8;16844
2016-09-19;39.8;40.6;39.8;40.0;34665
2016-09-16;40.2;40.8;40.2;40.5;28160
2016-09-15;40.4;40.7;40.2;40.7;7366
2016-09-14;40.6;40.9;40.3;40.4;31940
2016-09-13;41.1;41.6;41.0;41.0;41307
2016-09-12;41.0;41.4;40.6;41.4;7247
2016-09-09;41.6;42.0;41.1;42.0;14003
2016-09-08;41.5;41.9;41.5;41.8;10737
2016-09-07;42.0;42.2;41.0;41.9;303765
2016-09-06;41.5;42.0;41.2;41.9;100593
2016-09-05;42.5;42.5;41.4;41.8;24427
2016-09-02;42.4;42.5;41.9;42.5;27137
2016-09-01;42.1;42.5;42.1;42.4;174183
2016-08-31;41.5;42.1;41.3;42.1;29432
2016-08-30;41.7;41.9;41.2;41.9;26625
2016-08-29;41.6;41.7;40.7;41.5;20942
2016-08-26;41.9;41.9;41.2;41.6;15609
2016-08-25;40.8;41.9;40.8;41.9;26318
2016-08-24;41.7;41.7;40.5;41.2;69986
2016-08-23;40.7;42.0;40.7;41.6;53400
2016-08-22;40.3;41.2;40.3;41.2;35919
2016-08-19;41.0;41.2;40.5;41.0;19675
2016-08-18;40.6;41.2;40.5;41.2;27204
2016-08-17;41.0;41.0;40.6;40.6;187343
2016-08-16;40.7;40.9;40.5;40.6;326857
2016-08-15;41.0;41.5;40.6;40.7;130626
2016-08-12;41.0;41.3;40.8;41.2;27514
2016-08-11;40.9;41.4;40.6;41.4;57752
2016-08-10;40.9;41.4;40.5;41.4;31710
2016-08-09;40.7;41.2;40.5;40.9;22973
2016-08-08;40.2;41.2;40.2;40.7;23004
2016-08-05;40.8;41.0;40.4;40.5;11478
2016-08-04;40.0;40.5;40.0;40.3;5118
2016-08-03;40.1;40.5;39.9;40.0;24791
2016-08-02;40.3;40.7;40.1;40.3;15262
2016-08-01;40.9;41.5;40.0;40.3;20937
2016-07-29;40.2;41.4;40.1;40.5;24752
2016-07-28;40.6;40.6;40.1;40.3;21005
2016-07-27;40.2;41.0;40.2;40.7;23117
2016-07-26;41.0;41.0;40.2;40.5;10058
2016-07-25;40.6;41.5;40.6;41.0;9947
2016-07-22;40.1;40.8;40.1;40.6;10794
2016-07-21;41.0;41.0;40.1;40.6;25697
2016-07-20;41.7;41.8;40.6;40.9;56409
2016-07-19;42.0;42.0;41.0;41.4;200339
2016-07-18;43.1;44.3;43.1;43.9;31635
2016-07-15;43.3;43.5;42.8;43.1;12268
2016-07-14;43.3;43.3;42.5;43.3;21810
2016-07-13;43.4;43.7;43.0;43.5;10462
2016-07-12;43.3;43.4;42.8;43.4;7056
2016-07-11;42.7;43.3;42.6;43.3;19716
2016-07-08;42.9;42.9;41.7;42.5;19648
2016-07-07;42.3;42.9;42.3;42.8;1295
2016-07-06;42.3;42.5;41.1;42.5;18499
2016-07-05;42.2;42.9;41.5;42.6;55369
2016-07-04;42.9;42.9;41.8;41.8;3699
2016-07-01;42.9;43.0;42.0;43.0;14417
2016-06-30;41.3;42.1;40.7;42.1;18744
2016-06-29;41.0;41.0;40.2;40.5;10409
2016-06-28;40.0;40.6;40.0;40.1;9916
2016-06-27;39.3;41.0;39.2;39.2;37154
2016-06-24;;42.3;42.3;42.3;0
2016-06-23;43.0;43.0;42.0;42.3;15712
2016-06-22;42.9;42.9;41.5;42.4;10102
2016-06-21;42.6;42.6;41.6;42.2;33460
2016-06-20;43.4;43.4;41.7;42.7;92601
2016-06-17;41.4;43.4;41.4;43.4;55024
2016-06-16;42.4;42.4;41.2;41.3;29613
2016-06-15;42.2;42.9;42.2;42.6;19105
2016-06-14;42.0;42.7;41.8;42.3;34591
2016-06-13;43.8;43.8;42.4;42.9;91068
2016-06-10;43.6;44.2;43.1;43.8;43261
2016-06-09;44.0;44.7;43.5;44.7;42297
2016-06-08;44.4;44.6;43.9;44.6;21000
2016-06-07;43.5;44.5;43.5;44.4;46497
2016-06-06;;44.5;44.5;44.5;0
2016-06-03;44.2;44.5;43.8;44.5;93378
2016-06-02;44.5;44.5;43.7;44.3;10537
2016-06-01;43.7;44.5;43.6;44.5;84781
2016-05-31;43.5;44.3;43.0;44.3;96920
2016-05-30;43.3;43.5;42.8;43.5;31993
2016-05-27;43.3;43.5;43.0;43.5;7337
2016-05-26;43.3;43.7;43.1;43.6;19124
2016-05-25;44.0;44.0;43.0;43.3;26593
2016-05-24;44.0;44.0;43.3;43.8;23717
2016-05-23;44.0;44.0;43.4;44.0;16537
2016-05-20;43.9;44.5;43.8;44.2;26466
2016-05-19;44.5;44.5;43.2;43.7;25517
2016-05-18;44.2;44.8;44.2;44.4;13071
2016-05-17;44.4;44.5;43.8;44.2;243767
2016-05-16;42.7;43.3;42.7;43.2;10725
2016-05-13;42.8;43.7;42.8;43.2;20617
2016-05-12;43.4;43.4;42.8;43.3;17087
2016-05-11;43.0;43.4;43.0;43.4;27434
2016-05-10;42.8;43.7;42.7;43.5;90566
2016-05-09;43.4;43.6;42.9;43.5;25526
2016-05-06;42.7;43.4;42.7;43.4;11011
2016-05-05;43.1;43.2;42.4;42.7;561361
2016-05-04;43.1;43.2;42.4;42.7;561361
2016-05-03;44.6;44.6;42.8;42.8;104689
2016-05-02;43.8;44.2;42.9;43.5;16005
2016-04-29;44.0;44.4;43.7;44.2;8191
2016-04-28;44.1;44.8;43.7;44.4;19100
2016-04-27;44.8;45.3;43.5;45.1;167565
2016-04-26;42.5;42.9;42.2;42.9;29759
2016-04-25;42.0;42.5;42.0;42.3;11984
2016-04-22;41.8;42.2;41.2;42.2;24330
2016-04-21;41.6;41.7;41.2;41.5;25289
2016-04-20;41.9;42.4;41.6;41.8;23961
2016-04-19;42.2;43.0;42.2;42.5;24254
2016-04-18;41.8;42.2;41.7;42.2;14009
2016-04-15;41.2;43.0;41.2;41.8;34303
2016-04-14;42.1;42.3;42.0;42.3;5292
2016-04-13;42.0;42.8;42.0;42.1;18875
2016-04-12;43.5;43.5;42.5;42.9;15582
2016-04-11;43.3;43.5;42.0;43.5;9472
2016-04-08;43.4;43.5;42.9;43.3;4242
2016-04-07;43.3;43.3;43.0;43.3;11932
2016-04-06;43.1;43.3;43.0;43.3;33746
2016-04-05;43.1;43.1;42.6;42.7;8999
2016-04-04;43.3;43.3;42.9;43.1;12590
2016-04-01;43.0;43.4;42.7;42.8;37999
2016-03-31;43.4;43.5;42.2;43.3;15779
2016-03-30;42.1;43.9;42.1;43.4;53096
2016-03-29;41.9;42.2;41.9;42.1;53256
2016-03-28;41.6;41.9;41.9;41.9;12443
2016-03-25;41.6;41.9;41.6;41.9;12443
2016-03-24;41.6;41.9;41.6;41.9;12443
2016-03-23;42.0;42.0;41.5;41.6;45392
2016-03-22;42.0;42.0;41.5;41.7;24989
2016-03-21;41.0;41.9;41.0;41.5;16653
2016-03-18;41.3;41.5;41.0;41.5;13617
2016-03-17;41.5;41.8;41.3;41.3;14552
2016-03-16;41.9;41.9;41.3;41.9;14404
2016-03-15;42.0;42.0;40.8;41.3;13199
2016-03-14;42.3;42.4;41.6;41.7;19627
2016-03-11;42.2;42.4;41.9;42.3;72701
2016-03-10;40.8;42.0;40.8;41.8;869883
2016-03-09;41.0;41.3;40.5;40.8;15405
2016-03-08;41.0;41.2;40.7;41.0;13090
2016-03-07;40.9;41.0;40.6;40.9;13816
2016-03-04;40.2;40.9;40.1;40.9;38358
2016-03-03;40.1;40.6;40.1;40.2;5040
2016-03-02;40.3;40.9;40.1;40.1;16927
2016-03-01;40.3;40.8;40.0;40.3;27510
2016-02-29;40.0;40.9;39.5;40.4;13389
2016-02-26;40.0;40.5;40.0;40.2;28266
2016-02-25;40.0;40.2;39.7;40.0;29867
2016-02-24;39.8;39.9;38.7;39.3;26552
2016-02-23;40.0;40.4;39.0;39.8;42521
2016-02-22;40.0;40.8;38.4;40.0;32330
2016-02-19;40.0;40.1;39.0;39.9;28611
2016-02-18;39.7;40.1;39.1;40.0;20616
2016-02-17;38.1;39.7;38.1;39.7;24031
2016-02-16;38.3;39.5;38.2;38.5;30385
2016-02-15;39.0;39.5;38.1;38.6;15096
2016-02-12;37.7;39.3;37.7;39.0;18883
2016-02-11;40.0;40.0;36.8;38.6;34688
2016-02-10;38.4;40.2;38.4;39.8;43382
2016-02-09;38.6;38.6;37.0;38.3;40521
2016-02-08;41.4;41.4;38.6;38.9;33349
2016-02-05;41.0;41.2;40.0;40.4;44163
2016-02-04;42.2;42.7;40.6;41.0;113574
2016-02-03;42.0;42.8;41.4;41.8;52657
2016-02-02;42.0;43.2;41.9;42.0;15611
2016-02-01;44.6;44.6;42.1;42.4;22163
2016-01-29;42.5;42.6;41.6;42.6;27904
2016-01-28;41.5;43.0;41.5;42.5;13226
2016-01-27;43.0;43.0;41.6;42.4;20662
2016-01-26;41.0;42.1;41.0;41.8;47990
2016-01-25;40.8;41.9;40.3;41.7;38508
2016-01-22;40.6;41.9;40.4;40.8;31506
2016-01-21;39.7;41.0;39.4;39.4;58574
2016-01-20;40.1;41.8;40.1;41.0;36984
2016-01-19;42.2;42.8;41.0;42.0;39668
2016-01-18;42.1;42.5;41.1;42.0;109416
2016-01-15;43.0;43.0;41.3;42.1;29485
2016-01-14;41.3;43.1;41.3;43.1;43934
2016-01-13;43.1;43.1;42.4;42.7;29822
2016-01-12;40.2;43.1;40.2;43.1;29726
2016-01-11;43.1;43.1;41.9;42.7;49842
2016-01-08;44.0;44.0;43.0;43.1;37401
2016-01-07;44.0;44.0;41.2;43.2;59922
2016-01-06;;44.0;44.0;44.0;0
2016-01-05;44.3;44.3;44.0;44.0;14601
2016-01-04;44.0;44.5;42.5;44.5;51764
2016-01-01;;45.0;45.0;45.0;0
2015-12-31;;45.0;45.0;45.0;0
2015-12-30;45.3;45.3;44.5;45.0;29400
2015-12-29;45.1;45.3;44.6;45.3;23571
2015-12-28;45.5;45.5;44.3;45.1;20198
2015-12-25;44.5;45.5;44.2;45.5;33938
2015-12-24;44.5;45.5;44.2;45.5;33938
2015-12-23;44.5;45.5;44.2;45.5;33938
2015-12-22;45.0;45.0;44.2;45.0;30771
2015-12-21;44.2;45.0;44.0;45.0;36712
2015-12-18;44.0;44.5;43.8;44.2;30788
2015-12-17;44.3;44.6;43.6;44.0;65509
2015-12-16;44.1;44.6;43.8;44.2;36695
2015-12-15;44.4;44.4;43.7;44.1;13339
2015-12-14;44.0;44.3;43.6;44.0;26245
2015-12-11;43.5;44.5;43.5;44.0;35199
2015-12-10;44.5;44.5;43.5;44.1;29683
2015-12-09;44.9;45.2;43.0;44.5;68893
2015-12-08;44.4;45.2;44.3;44.9;69068
2015-12-07;45.5;45.5;45.0;45.4;121945
2015-12-04;45.2;45.3;44.7;45.1;30122
2015-12-03;45.0;45.2;44.7;45.2;60786
2015-12-02;44.5;45.2;44.1;45.2;66359
2015-12-01;44.0;44.5;43.5;44.5;103113
2015-11-30;43.8;44.0;43.3;44.0;55312
2015-11-27;43.2;43.8;42.6;43.7;65093
2015-11-26;42.7;43.2;42.7;43.2;47357
2015-11-25;42.6;43.2;42.5;42.9;36437
2015-11-24;43.0;43.2;42.2;43.0;53377
2015-11-23;43.2;43.4;42.9;43.4;53356
2015-11-20;43.0;43.4;42.3;43.4;53985
2015-11-19;43.5;43.5;42.5;43.0;46136
2015-11-18;43.4;43.4;42.5;43.1;24288
2015-11-17;43.0;43.5;42.5;43.4;84542
2015-11-16;41.2;43.1;41.0;43.0;90748
2015-11-13;40.6;41.3;40.6;41.3;26415
2015-11-12;41.0;41.4;40.7;41.0;32530
2015-11-11;41.0;41.4;40.8;41.4;67647
2015-11-10;41.1;41.4;40.7;41.0;40998
2015-11-09;41.2;41.3;40.7;41.1;48940
2015-11-06;41.2;41.2;40.7;41.2;29656
2015-11-05;40.5;41.1;40.0;41.1;49455
2015-11-04;40.1;40.6;40.0;40.6;58318
2015-11-03;40.1;40.3;39.7;40.3;49734
2015-11-02;40.0;40.3;39.8;40.1;23229
2015-10-30;39.0;39.9;39.0;39.7;26823
2015-10-29;39.9;40.4;39.7;40.3;40261
2015-10-28;39.2;39.9;39.2;39.8;56349
2015-10-27;39.5;39.5;38.8;39.3;17008
2015-10-26;38.9;39.5;38.7;39.5;62374
2015-10-23;38.6;38.8;38.3;38.7;30375
2015-10-22;38.2;38.5;37.8;38.3;48695
2015-10-21;40.0;40.2;38.1;38.1;119436
2015-10-20;36.9;38.2;36.9;38.2;23969
2015-10-19;37.3;37.8;37.3;37.4;19003
2015-10-16;37.9;38.1;37.1;37.4;15996
2015-10-15;37.6;38.5;37.5;37.5;109271
2015-10-14;38.0;38.0;37.4;38.0;27863
2015-10-13;39.0;39.0;37.7;38.0;157470
2015-10-12;38.3;39.0;38.3;38.6;37411
2015-10-09;38.2;38.7;38.0;38.3;49024
2015-10-08;37.5;39.0;37.5;38.1;132491
2015-10-07;37.5;37.9;37.4;37.5;84438
2015-10-06;38.2;38.2;37.6;38.0;120113
2015-10-05;38.0;38.4;36.9;38.1;52346
2015-10-02;37.3;38.0;36.7;37.5;67068
2015-10-01;37.5;37.5;37.0;37.3;18494
2015-09-30;36.5;37.3;36.5;37.2;31746
2015-09-29;36.6;36.7;36.3;36.5;57499
2015-09-28;37.0;37.3;36.5;36.6;37983
2015-09-25;36.9;37.3;36.7;37.2;41724
2015-09-24;37.0;37.4;36.8;37.3;228263
2015-09-23;36.9;37.2;36.4;37.0;17271
2015-09-22;36.9;37.0;36.4;36.9;61056
2015-09-21;36.0;36.9;35.9;36.8;20129
2015-09-18;36.4;36.4;35.9;36.4;31015
2015-09-17;36.5;36.8;36.3;36.5;16231
2015-09-16;36.8;36.9;36.4;36.6;20634
2015-09-15;36.5;36.8;36.2;36.8;30461
2015-09-14;36.9;37.2;36.5;36.8;24356
2015-09-11;37.3;37.3;36.6;36.8;47518
2015-09-10;36.8;37.2;36.6;37.1;30220
2015-09-09;36.3;37.0;36.3;36.6;59511
2015-09-08;36.9;36.9;35.8;36.3;29255
2015-09-07;36.5;36.8;36.0;36.5;29371
2015-09-04;36.1;36.6;35.6;36.3;22853
2015-09-03;35.6;36.9;35.1;36.3;57053
2015-09-02;35.7;36.1;34.9;35.1;91801
2015-09-01;35.3;35.9;35.2;35.4;33783
2015-08-31;36.7;36.7;35.6;36.4;23659
2015-08-28;36.8;36.8;36.0;36.2;27978
2015-08-27;36.2;36.8;36.0;36.4;38388
2015-08-26;35.8;36.4;35.4;35.6;31771
2015-08-25;35.0;36.7;34.9;36.4;70927
2015-08-24;36.0;36.7;34.7;35.6;131198
2015-08-21;37.4;37.4;36.1;37.3;67478
2015-08-20;38.9;38.9;37.3;37.5;66859
2015-08-19;39.3;39.3;38.0;38.6;26130
2015-08-18;39.5;39.8;39.3;39.6;46011
2015-08-17;40.0;40.0;38.5;39.5;42653
2015-08-14;39.3;39.5;39.3;39.5;12085
2015-08-13;38.9;39.7;38.9;39.3;32231
2015-08-12;39.2;39.7;38.0;39.1;35044
2015-08-11;40.0;40.3;39.1;39.5;18316
2015-08-10;40.3;40.3;39.2;39.5;23313
2015-08-07;40.0;40.0;39.4;39.5;9448
2015-08-06;39.7;39.9;39.4;39.9;880409
2015-08-05;40.0;40.0;39.7;39.7;22193
2015-08-04;39.2;40.0;39.2;39.9;52179
2015-08-03;39.2;39.4;39.2;39.3;142209
2015-07-31;39.5;39.5;39.0;39.2;24967
2015-07-30;39.9;39.9;39.3;39.5;25841
2015-07-29;39.0;39.3;38.6;39.3;23020
2015-07-28;38.5;39.0;38.5;38.9;30086
2015-07-27;39.2;39.3;38.6;38.9;30640
2015-07-24;40.8;40.8;39.7;39.7;36003
2015-07-23;39.6;41.0;39.3;40.3;221597
2015-07-22;39.5;39.5;38.5;39.5;50818
2015-07-21;38.6;39.4;38.4;39.2;151149
2015-07-20;37.5;39.0;37.3;38.6;165027
2015-07-17;37.8;38.2;36.7;37.1;260419
2015-07-16;37.7;38.7;37.3;38.4;79733
2015-07-15;38.5;38.6;36.6;37.5;318016
2015-07-14;39.6;39.6;38.3;38.5;95352
2015-07-13;38.9;39.7;38.8;39.3;41851
2015-07-10;38.1;38.9;38.1;38.4;36807
2015-07-09;37.8;38.4;37.8;38.0;46837
2015-07-08;37.5;38.0;37.2;37.7;28877
2015-07-07;38.3;38.5;37.4;37.4;38155
2015-07-06;37.2;38.0;36.7;37.4;26395
2015-07-03;37.6;38.1;37.1;37.5;24356
2015-07-02;37.3;37.9;37.2;37.6;37693
2015-07-01;37.0;37.9;36.9;37.6;42456
2015-06-30;37.0;37.2;36.5;36.7;51343
2015-06-29;37.0;37.5;36.0;37.0;57874
2015-06-26;38.3;39.1;37.8;38.0;26908
2015-06-25;37.6;38.5;37.4;38.1;44871
2015-06-24;38.2;39.8;37.4;37.6;105628
2015-06-23;38.2;38.8;38.1;38.3;45587
2015-06-22;37.5;38.1;37.0;37.7;88457
2015-06-19;;36.0;36.0;36.0;0
2015-06-18;36.6;37.0;35.8;36.0;365119
2015-06-17;37.9;37.9;36.4;36.6;80368
2015-06-16;37.5;37.5;36.5;37.2;95145
2015-06-15;38.1;38.1;37.0;37.2;78218
2015-06-12;39.0;39.1;38.1;38.2;23170
2015-06-11;39.5;39.9;38.4;38.9;35362
2015-06-10;38.7;39.4;38.5;39.1;107912
2015-06-09;39.4;39.4;38.0;38.7;84897
2015-06-08;39.5;39.5;38.5;38.6;27769
2015-06-05;39.4;39.4;38.4;39.3;71495
2015-06-04;39.9;40.0;39.2;39.5;23426
2015-06-03;39.7;40.3;39.7;39.7;27560
2015-06-02;40.2;40.3;39.6;39.9;60823
2015-06-01;41.0;41.0;40.0;40.1;91892
2015-05-29;41.2;41.2;40.4;40.7;129632
2015-05-28;41.0;41.3;40.8;40.8;26800
2015-05-27;41.1;41.3;40.6;41.1;36761
2015-05-26;41.6;41.6;40.9;40.9;55861
2015-05-25;41.0;41.4;40.8;40.9;23377
2015-05-22;40.8;41.7;40.7;41.4;60081
2015-05-21;41.0;41.1;40.7;40.7;19786
2015-05-20;41.4;41.4;40.6;41.0;32372
2015-05-19;40.4;41.5;40.2;41.2;67332
2015-05-18;40.3;40.4;39.6;40.2;82082
2015-05-15;40.3;40.9;40.3;40.3;31663
2015-05-14;40.3;40.3;39.5;39.6;37006
2015-05-13;40.3;40.3;39.5;39.6;37006
2015-05-12;41.0;41.1;39.1;40.0;134002
2015-05-11;41.0;41.7;40.7;40.8;87940
2015-05-08;40.8;41.2;39.7;40.8;74113
2015-05-07;40.1;40.5;39.0;40.5;70087
2015-05-06;40.3;40.5;39.7;40.3;114028
2015-05-05;41.6;41.6;40.0;40.3;47411
2015-05-04;41.5;42.3;41.2;41.5;55327
2015-05-01;41.2;42.0;40.3;41.5;82165
2015-04-30;41.2;42.0;40.3;41.5;82165
2015-04-29;42.5;43.1;40.9;41.3;205450
2015-04-28;42.5;42.5;38.0;42.2;225900
2015-04-27;42.0;42.9;42.0;42.9;81553
2015-04-24;41.8;42.6;41.7;42.1;80835
2015-04-23;42.8;42.9;41.3;41.7;117450
2015-04-22;44.6;44.7;42.8;42.8;74251
2015-04-21;43.5;45.0;43.5;45.0;65979
2015-04-20;43.5;43.8;42.5;43.7;381493
2015-04-17;43.8;43.9;43.4;43.9;55360
2015-04-16;43.8;44.0;43.3;43.8;57189
2015-04-15;43.8;44.3;43.8;43.9;51803
2015-04-14;44.4;44.4;43.8;43.8;37929
2015-04-13;44.4;44.6;43.7;43.9;43899
2015-04-10;44.5;44.8;44.2;44.4;70531
2015-04-09;45.6;45.6;44.9;45.1;19988
2015-04-08;45.5;45.5;45.0;45.3;15432
2015-04-07;45.8;45.8;45.2;45.3;33130
2015-04-02;45.1;45.4;45.1;45.3;12104
2015-04-01;45.3;45.3;45.0;45.2;19336
2015-03-31;45.6;46.1;45.0;45.4;59674
2015-03-30;45.5;45.9;44.6;45.5;53197
2015-03-27;45.1;45.7;44.8;45.5;42624
2015-03-26;45.2;45.2;44.7;45.2;162925
2015-03-25;45.2;45.5;45.1;45.4;24249
2015-03-24;45.1;45.5;44.9;45.2;33849
2015-03-23;45.1;45.1;44.6;45.1;24836
2015-03-20;45.0;45.1;44.5;45.1;71563
2015-03-19;44.6;45.3;44.6;45.0;81899
2015-03-18;44.5;44.9;44.5;44.6;55911
2015-03-17;45.0;45.3;44.0;44.6;242946
2015-03-16;43.7;45.0;43.0;44.6;88055
2015-03-13;43.2;45.0;42.8;44.0;121353
2015-03-12;42.0;43.9;41.7;43.2;85004
2015-03-11;41.2;42.6;41.2;42.6;49862
2015-03-10;42.4;42.4;41.3;41.6;75964
2015-03-09;42.0;43.1;41.0;43.1;51992
2015-03-06;42.0;42.9;42.0;42.2;85129
2015-03-05;42.2;42.7;42.0;42.5;73092
2015-03-04;42.3;42.3;41.1;42.0;129863
2015-03-03;43.9;44.0;42.7;43.0;69868
2015-03-02;43.7;45.0;43.0;43.3;137684
2015-02-27;43.2;43.6;42.8;43.6;88712
2015-02-26;43.0;43.5;42.7;43.2;53154
2015-02-25;42.7;43.5;42.7;43.1;139876
2015-02-24;42.5;42.9;42.3;42.9;88824
2015-02-23;42.9;43.4;42.5;42.9;118598
2015-02-20;43.0;43.5;42.9;42.9;68121
2015-02-19;44.0;44.0;43.1;43.4;204204
2015-02-18;42.4;43.9;42.0;43.9;164999
2015-02-17;42.8;42.9;41.6;41.9;101629
2015-02-16;42.0;42.8;41.8;42.8;169342
2015-02-13;42.0;42.2;41.4;41.8;135203
2015-02-12;40.6;42.0;40.5;41.8;195299
2015-02-11;39.4;40.7;38.8;40.6;388535
2015-02-10;39.0;39.0;38.0;38.3;188907
2015-02-09;39.4;39.5;38.7;39.0;78320
2015-02-06;39.8;39.9;39.3;39.4;56976
2015-02-05;40.1;40.1;39.5;39.8;82547
2015-02-04;41.9;41.9;39.3;40.1;310199
2015-02-03;41.3;42.5;41.2;42.0;185674
2015-02-02;40.3;41.6;40.2;41.6;185607
2015-01-30;39.7;40.5;39.7;40.3;94350
2015-01-29;39.1;39.8;39.0;39.7;34643
2015-01-28;39.9;39.9;39.3;39.4;38721
2015-01-27;40.0;40.0;39.2;39.7;128515
2015-01-26;40.0;40.3;39.5;40.3;53868
2015-01-23;39.6;40.2;39.6;40.1;65163
2015-01-22;39.5;39.8;39.4;39.6;48858
2015-01-21;39.2;39.5;38.9;39.5;59279
2015-01-20;39.4;39.7;39.1;39.2;100068
2015-01-19;40.2;40.6;39.2;39.5;69497
2015-01-16;39.5;39.5;38.8;39.4;32010
2015-01-15;39.0;39.5;38.8;39.2;37201
2015-01-14;39.2;39.2;38.4;39.0;98600
2015-01-13;38.5;39.1;38.5;38.6;34958
2015-01-12;39.0;39.1;38.6;38.6;47824
2015-01-09;38.9;39.0;38.6;39.0;60410
2015-01-08;38.0;38.7;37.5;38.5;91489
2015-01-07;38.1;38.1;37.5;38.0;57668
2015-01-06;;38.1;38.1;38.1;0
2015-01-05;38.1;38.4;38.0;38.1;26730
2015-01-02;37.8;38.7;37.8;38.1;34395
2015-01-01;37.6;38.0;37.6;37.7;36009
2014-12-30;37.6;38.0;37.6;37.7;36009
2014-12-29;38.4;38.9;37.5;38.0;79636
2014-12-23;38.9;38.9;38.3;38.4;28908
2014-12-22;39.0;39.1;38.5;38.6;85648
2014-12-19;38.6;38.9;38.1;38.9;83721
2014-12-18;38.1;38.7;38.1;38.6;99112
2014-12-17;37.5;38.0;37.3;37.6;40181
2014-12-16;37.9;37.9;37.2;37.5;69439
2014-12-15;37.9;38.0;37.3;37.6;214711
2014-12-12;36.6;36.8;36.4;36.5;21062
2014-12-11;37.5;37.5;36.4;36.6;51654
2014-12-10;37.2;37.5;36.9;36.9;56715
2014-12-09;37.0;37.7;37.0;37.5;57274
2014-12-08;36.9;37.8;36.6;37.8;105258
2014-12-05;36.9;37.2;36.7;37.2;52814
2014-12-04;36.5;37.0;36.5;36.8;46739
2014-12-03;36.6;36.9;36.6;36.8;29503
2014-12-02;36.9;36.9;36.6;36.9;30644
2014-12-01;37.2;37.2;36.8;37.0;26191
2014-11-28;37.2;37.3;36.7;37.1;72233
2014-11-27;36.9;37.3;36.8;37.1;92228
2014-11-26;37.2;37.2;36.6;37.0;48576
2014-11-25;37.0;37.3;37.0;37.1;113239
2014-11-24;37.1;37.3;37.0;37.0;28502
2014-11-21;36.7;37.0;36.7;36.8;29395
2014-11-20;36.5;36.8;36.5;36.6;44024
2014-11-19;36.6;37.2;36.6;36.8;19354
2014-11-18;37.0;37.2;36.7;36.8;53793
2014-11-17;36.9;37.0;36.8;37.0;44285
2014-11-14;37.1;37.2;36.8;37.0;61056
2014-11-13;37.1;37.3;37.0;37.0;80797
2014-11-12;37.4;37.4;36.8;36.8;45582
2014-11-11;37.1;37.5;37.0;37.2;44292
2014-11-10;37.4;37.7;37.2;37.3;52696
2014-11-07;37.5;37.9;37.2;37.4;83891
2014-11-06;37.2;37.4;37.0;37.3;40947
2014-11-05;37.2;37.5;37.1;37.2;54331
2014-11-04;38.0;38.4;37.1;37.1;128252
2014-11-03;37.3;37.6;37.0;37.0;62431
2014-10-31;37.1;37.4;37.0;37.3;32643
2014-10-30;36.8;37.2;36.8;36.8;47713
2014-10-29;37.2;37.2;36.8;36.8;53349
2014-10-28;36.7;37.3;36.7;37.0;66357
2014-10-24;37.0;37.4;36.7;37.0;58845
2014-10-23;38.4;38.4;36.7;37.0;199221
2014-10-22;37.4;38.6;37.2;38.4;101353
2014-10-21;36.8;37.4;36.7;37.4;45995
2014-10-20;36.6;36.9;36.4;36.6;46939
2014-10-17;36.3;36.9;36.2;36.6;58431
2014-10-16;36.7;36.8;35.0;36.2;138086
2014-10-15;36.7;37.3;36.5;36.5;140412
2014-10-14;35.2;36.9;35.2;36.6;71689
2014-10-13;35.4;36.0;35.0;35.6;75144
2014-10-10;35.2;35.9;34.7;35.6;71301
2014-10-09;36.2;36.9;35.5;35.6;56508
2014-10-08;36.0;36.0;33.9;35.7;129803
2014-10-07;36.9;36.9;36.3;36.3;58858
2014-10-06;37.4;37.7;36.9;36.9;56593
2014-10-03;36.8;37.3;36.6;37.3;48274
2014-10-02;37.0;37.4;36.6;36.7;46508
2014-10-01;37.2;37.3;36.8;37.0;82559
2014-09-30;37.5;37.8;36.6;36.9;119409
2014-09-29;37.6;38.5;37.4;37.6;98346
2014-09-26;37.7;37.7;36.2;37.1;85696
2014-09-25;37.6;38.1;37.5;37.6;42727
2014-09-24;37.4;38.0;37.0;37.7;94858
2014-09-23;39.0;39.0;36.0;37.4;166162
2014-09-22;39.1;39.1;38.1;38.2;133424
2014-09-19;39.7;40.0;39.4;39.4;41944
2014-09-18;39.9;40.1;39.4;39.6;73419
2014-09-17;39.9;40.6;39.9;40.0;42133
2014-09-16;40.6;41.3;39.1;39.8;42862
2014-09-15;40.6;40.9;40.3;40.4;42146
2014-09-12;41.6;42.0;41.0;41.1;61531
2014-09-11;42.0;42.2;42.0;42.0;140012
2014-09-10;41.0;41.8;41.0;41.8;66183
2014-09-09;41.5;41.5;40.8;40.9;105934
2014-09-08;41.5;41.6;41.2;41.5;35792
2014-09-05;41.9;41.9;41.5;41.5;42588
2014-09-04;42.0;42.1;41.8;41.9;28339
2014-09-03;42.0;42.2;42.0;42.0;60031
2014-09-02;42.1;42.1;41.8;42.0;30357
2014-09-01;42.0;42.1;41.7;42.1;52522
2014-08-29;41.8;42.0;41.5;41.6;558444
2014-08-28;41.3;41.9;41.3;41.5;40438
2014-08-27;41.4;41.6;41.0;41.3;89180
2014-08-26;41.2;41.4;40.9;41.3;24348
2014-08-25;41.4;41.5;41.0;41.1;26550
2014-08-22;41.5;41.6;40.7;41.3;30115
2014-08-21;41.5;42.0;41.1;41.7;28698
2014-08-20;42.0;42.0;41.3;41.3;41121
2014-08-19;41.5;42.2;41.5;41.8;137469
2014-08-18;40.8;41.3;40.6;41.0;38863
2014-08-15;40.5;41.0;40.5;40.8;49976
2014-08-14;40.5;40.5;39.9;40.2;65119
2014-08-13;40.7;40.8;40.0;40.5;40486
2014-08-12;41.0;41.2;40.5;40.8;31541
2014-08-11;39.4;40.8;39.2;40.8;67523
2014-08-08;39.6;39.7;38.2;39.1;139663
2014-08-07;40.4;40.4;39.6;39.6;61835
2014-08-06;40.9;40.9;40.0;40.3;63907
2014-08-05;40.5;41.3;40.3;40.9;56583
2014-08-04;40.0;41.0;40.0;40.5;90311
2014-08-01;40.9;40.9;39.8;40.0;91306
2014-07-31;42.0;42.0;40.9;40.9;65541
2014-07-30;42.4;42.4;41.7;41.8;32028
2014-07-29;41.9;42.4;41.2;42.4;55820
2014-07-28;42.4;42.5;41.4;41.9;60304
2014-07-25;42.2;42.4;41.7;42.4;36889
2014-07-24;42.2;42.8;42.2;42.2;78691
2014-07-23;41.6;42.6;41.4;42.2;99642
2014-07-22;41.6;41.7;41.2;41.3;111816
2014-07-21;41.7;42.3;41.3;41.5;70736
2014-07-18;42.5;42.9;41.5;41.6;130757
2014-07-17;42.1;43.7;42.1;42.5;279845
2014-07-16;41.0;42.7;40.7;42.1;602265
2014-07-15;39.3;39.7;38.8;39.1;66349
2014-07-14;38.5;39.3;38.3;39.3;65734
2014-07-11;38.8;38.8;38.2;38.4;39684
2014-07-10;38.6;39.1;37.8;38.6;120422
2014-07-09;38.9;38.9;38.3;38.5;36634
2014-07-08;39.5;39.7;38.6;38.9;57359
2014-07-07;39.7;39.9;39.5;39.5;470724
2014-07-04;39.3;39.8;39.3;39.6;84590
2014-07-03;39.0;39.5;39.0;39.3;92443
2014-07-02;38.9;39.1;38.8;39.0;32472
2014-07-01;38.7;38.9;38.6;38.9;26374
2014-06-30;38.9;39.1;38.1;38.7;58591
2014-06-27;38.9;38.9;38.6;38.9;44147
2014-06-26;38.9;39.3;38.5;38.9;31863
2014-06-25;39.2;39.2;38.6;38.9;44276
2014-06-24;39.1;39.3;38.7;38.9;575014
2014-06-23;38.7;39.5;38.6;39.2;286038
2014-06-20;;38.6;38.6;38.6;0
2014-06-19;38.3;38.6;38.1;38.6;189203
2014-06-18;37.9;38.2;37.9;38.1;62552
2014-06-17;38.4;38.9;37.6;37.9;79782
2014-06-16;39.5;39.9;37.6;38.1;140937
2014-06-13;38.8;39.5;38.8;39.5;102385
2014-06-12;39.1;39.4;38.6;38.6;97627
2014-06-11;39.8;39.8;39.1;39.1;55501
2014-06-10;39.4;39.8;39.1;39.8;106585
2014-06-09;39.8;39.9;39.1;39.8;532473
2014-06-06;;39.7;39.7;39.7;0
2014-06-05;39.8;39.9;39.0;39.7;70452
2014-06-04;39.6;40.0;39.2;39.8;140861
2014-06-03;38.9;39.9;38.9;39.6;237122
2014-06-02;38.3;39.0;38.2;38.8;171004
2014-05-30;37.6;38.2;36.5;38.2;177695
2014-05-28;37.3;37.6;36.9;37.6;85232
2014-05-27;37.0;37.3;37.0;37.3;104208
2014-05-26;37.1;37.3;37.0;37.1;57663
2014-05-23;36.6;37.0;36.3;37.0;45690
2014-05-22;36.3;36.6;36.2;36.6;82195
2014-05-21;36.1;36.2;35.9;36.2;42288
2014-05-20;36.1;36.3;36.0;36.2;61531
2014-05-19;36.1;36.3;36.0;36.1;50402
2014-05-16;36.3;36.4;36.0;36.3;59547
2014-05-15;36.3;36.7;36.1;36.5;80223
2014-05-14;36.5;36.5;36.3;36.3;77303
2014-05-13;36.6;36.9;36.4;36.5;73053
2014-05-12;36.6;36.7;36.3;36.7;147672
2014-05-09;36.6;37.0;36.2;36.9;55905
2014-05-08;36.7;36.9;36.3;36.6;108172
2014-05-07;36.3;36.7;36.0;36.4;62808
2014-05-06;36.9;36.9;36.0;36.3;64117
2014-05-05;37.0;37.1;35.8;36.5;83037
2014-05-02;37.0;37.3;36.8;37.0;55342
2014-05-01;;37.0;37.0;37.0;0
2014-04-30;37.5;37.7;36.8;37.0;43547
2014-04-29;38.3;38.6;37.5;37.5;123500
2014-04-28;36.7;37.5;36.6;37.3;70401
2014-04-25;36.7;36.9;36.2;36.7;72271
2014-04-24;36.3;37.2;36.3;36.8;54116
2014-04-23;36.5;36.5;35.7;36.3;122164
2014-04-22;36.0;36.5;35.0;36.2;62494
2014-04-17;35.7;36.0;35.3;35.8;44727
2014-04-16;35.4;36.0;35.2;35.6;71428
2014-04-15;36.2;36.8;35.1;35.2;116025
2014-04-14;37.0;37.0;36.0;36.2;48240
2014-04-11;37.9;37.9;36.2;37.2;181475
2014-04-10;38.8;38.9;38.1;38.5;79341
2014-04-09;38.4;38.6;38.2;38.6;88633
2014-04-08;39.3;39.3;38.0;38.4;43809
2014-04-07;38.9;39.5;38.3;39.1;90124
2014-04-04;38.7;39.0;38.2;38.9;79485
2014-04-03;39.4;39.4;38.3;38.5;171414
2014-04-02;38.9;39.5;38.7;39.2;144228
2014-04-01;38.5;38.8;38.3;38.7;132736
2014-03-31;37.2;38.4;37.2;38.3;100698
2014-03-28;37.6;37.6;36.7;37.2;101276
2014-03-27;36.4;37.5;36.0;37.4;153900
2014-03-26;35.6;36.4;35.6;36.3;66968
2014-03-25;35.7;36.1;35.5;35.6;34512
2014-03-24;36.2;36.4;35.2;35.4;46103
2014-03-21;36.6;36.6;35.6;36.0;41793
2014-03-20;36.5;36.6;36.1;36.3;65338
2014-03-19;36.4;36.7;36.1;36.5;43694
2014-03-18;36.5;36.7;36.0;36.4;47788
2014-03-17;36.0;36.3;35.8;36.3;76495
2014-03-14;36.4;36.8;35.2;36.1;118516
2014-03-13;36.3;36.9;36.3;36.5;29040
2014-03-12;36.7;36.9;36.0;36.3;69583
2014-03-11;37.0;37.4;36.8;36.9;46781
2014-03-10;37.6;37.9;37.0;37.1;77785
2014-03-07;37.5;37.8;37.3;37.5;134887
2014-03-06;36.8;37.5;36.7;37.3;195248
2014-03-05;36.4;37.2;36.0;36.4;269399
2014-03-04;35.3;36.3;35.3;35.9;115471
2014-03-03;35.1;35.7;34.3;35.4;219645
2014-02-28;36.8;36.8;36.2;36.7;41134
2014-02-27;37.1;37.1;36.6;36.8;54845
2014-02-26;37.0;37.1;36.7;37.1;53270
2014-02-25;36.8;37.2;36.6;37.0;159438
2014-02-24;37.0;37.1;36.5;37.0;67280
2014-02-21;36.6;37.1;36.6;37.0;109413
2014-02-20;36.4;36.8;36.2;36.6;76609
2014-02-19;36.4;36.5;35.8;36.4;79465
2014-02-18;36.5;36.6;36.2;36.4;65321
2014-02-17;36.8;36.9;36.3;36.3;95246
2014-02-14;36.8;37.1;36.3;36.8;147938
2014-02-13;37.0;37.0;36.0;36.8;537929
2014-02-12;37.2;37.2;36.5;36.9;145491
2014-02-11;35.6;37.3;35.6;36.6;233845
2014-02-10;34.7;35.7;34.7;35.4;304080
2014-02-07;34.0;34.2;33.7;34.1;213995
2014-02-06;34.3;34.3;33.3;33.7;267125
2014-02-05;33.7;34.5;33.3;33.6;314417
2014-02-04;34.7;34.7;33.4;33.7;370417
2014-02-03;37.0;37.0;34.8;35.1;132634
2014-01-31;37.3;37.7;36.3;36.5;214912
2014-01-30;38.0;38.1;37.1;37.6;148092
2014-01-29;37.8;39.0;37.6;38.0;255674
2014-01-28;37.5;38.2;37.5;37.7;139634
2014-01-27;39.0;39.0;37.4;37.4;250683
2014-01-24;40.2;40.2;39.0;39.1;106592
2014-01-23;41.0;41.2;39.5;40.2;142367
2014-01-22;40.7;41.4;40.7;40.9;192159
2014-01-21;40.0;40.6;39.7;40.5;278630
2014-01-20;39.9;40.0;39.7;39.7;481356
2014-01-17;39.6;39.8;39.1;39.8;59174
2014-01-16;39.5;39.9;39.4;39.4;93011
2014-01-15;40.0;40.0;39.5;40.0;88924
2014-01-14;39.8;40.0;39.5;40.0;63592
2014-01-13;40.3;40.3;39.6;39.9;89075
2014-01-10;39.6;40.5;39.6;40.0;112423
2014-01-09;40.6;41.0;39.5;39.6;156453
2014-01-08;41.7;41.7;40.6;40.6;155926
2014-01-07;40.5;41.6;40.5;40.5;186271
2014-01-06;;40.3;40.3;40.3;0
2014-01-03;40.5;40.6;39.9;40.3;144887
2014-01-02;40.2;40.5;39.9;40.5;274475
2013-12-31;;40.0;40.0;40.0;0
2013-12-30;38.8;40.9;38.8;40.0;409495
2013-12-27;36.7;38.7;36.2;38.6;114994
2013-12-23;36.6;36.8;36.4;36.5;38271
2013-12-20;36.9;37.1;36.1;36.7;170962
2013-12-19;35.8;36.9;35.8;36.9;67505
2013-12-18;35.8;36.2;35.7;35.9;47702
2013-12-17;36.0;36.4;35.6;35.8;37736
2013-12-16;36.3;37.0;35.7;36.1;61618
2013-12-13;36.1;37.1;35.8;36.4;25467
2013-12-12;36.6;36.7;36.0;36.3;33925
2013-12-11;36.8;37.2;36.7;36.8;28954
2013-12-10;37.0;37.3;36.7;36.8;51918
2013-12-09;37.2;37.5;37.0;37.0;31259
2013-12-06;36.8;37.4;36.8;37.0;40281
2013-12-05;36.5;37.7;36.2;37.1;65365
2013-12-04;37.3;37.3;34.7;36.7;118964
2013-12-03;38.1;38.1;37.3;37.4;27257
2013-12-02;38.1;38.1;37.6;38.0;45076
2013-11-29;38.0;38.0;37.7;38.0;39471
2013-11-28;38.0;38.0;37.6;37.9;42396
2013-11-27;38.1;38.2;37.7;38.0;53567
2013-11-26;38.1;38.4;37.6;37.9;67293
2013-11-25;38.8;38.9;38.1;38.2;83439
2013-11-22;37.0;38.4;37.0;38.1;45716
2013-11-21;37.5;37.9;36.9;37.0;49036
2013-11-20;38.6;38.6;37.3;37.6;65677
2013-11-19;39.1;39.1;38.6;38.7;33719
2013-11-18;39.3;39.3;38.9;39.1;33287
2013-11-15;39.3;39.3;38.8;39.3;59491
2013-11-14;38.6;39.3;38.6;39.1;58741
2013-11-13;39.1;39.3;38.5;38.5;71377
2013-11-12;39.2;39.3;38.3;39.1;114849
2013-11-11;38.7;39.2;38.2;39.2;250854
2013-11-08;36.7;37.6;36.3;37.4;85024
2013-11-07;37.3;37.3;36.7;37.0;35708
2013-11-06;37.2;37.4;36.9;37.0;49420
2013-11-05;37.0;37.4;36.8;37.0;42210
2013-11-04;37.0;37.7;37.0;37.2;50152
2013-11-01;37.1;37.1;36.4;37.0;22935
2013-10-31;37.7;37.7;37.0;37.2;45989
2013-10-30;38.0;38.1;37.5;37.9;33761
2013-10-29;38.0;38.2;37.3;38.0;48433
2013-10-28;38.2;38.6;37.2;38.0;120228
2013-10-25;37.7;38.8;37.4;38.8;93564
2013-10-24;39.8;40.2;37.0;37.7;230915
2013-10-23;37.8;39.0;37.6;39.0;100403
2013-10-22;37.5;38.0;37.4;38.0;79601
2013-10-21;37.3;37.6;37.1;37.4;45306
2013-10-18;36.9;37.2;36.8;37.2;40854
2013-10-17;37.0;37.5;36.7;36.9;48124
2013-10-16;36.5;36.9;36.0;36.9;58177
2013-10-15;37.0;37.3;36.3;36.5;70977
2013-10-14;36.9;37.0;36.5;36.8;23022
2013-10-11;37.1;37.5;36.9;37.4;58758
2013-10-10;36.2;37.1;36.2;36.9;54537
2013-10-09;36.2;36.4;36.0;36.2;34592
2013-10-08;36.3;36.6;36.0;36.3;40772
2013-10-07;36.5;36.9;35.6;36.5;61046
2013-10-04;37.0;37.3;36.1;36.7;39734
2013-10-03;36.5;37.3;36.5;37.0;63025
2013-10-02;36.5;37.2;36.5;36.6;69707
2013-10-01;37.0;37.1;35.7;36.7;117886
2013-09-30;36.5;37.3;35.2;37.3;74328
2013-09-27;37.7;37.9;35.6;36.7;137465
2013-09-26;38.0;38.1;37.4;37.6;84938
2013-09-25;38.7;39.3;37.7;37.8;316923
2013-09-24;37.4;37.8;37.1;37.6;61902
2013-09-23;37.5;38.0;37.3;37.5;70450
2013-09-20;37.6;37.6;37.1;37.4;87467
2013-09-19;36.8;38.0;36.8;37.7;126694
2013-09-18;36.4;36.5;36.1;36.5;80136
2013-09-17;35.8;36.5;35.0;36.3;114788
2013-09-16;35.0;36.0;35.0;35.8;117552
2013-09-13;34.3;35.0;34.3;35.0;62949
2013-09-12;34.2;34.6;34.0;34.4;80077
2013-09-11;34.0;34.4;33.8;34.2;85776
2013-09-10;33.7;34.2;33.6;34.0;93434
2013-09-09;33.6;33.8;33.3;33.5;71596
2013-09-06;33.9;34.2;33.6;33.7;53663
2013-09-05;33.7;33.9;33.5;33.9;49132
2013-09-04;33.6;33.8;33.3;33.8;39332
2013-09-03;33.5;33.8;33.5;33.7;44576
2013-09-02;33.7;33.9;33.5;33.5;59448
2013-08-30;33.5;33.8;33.4;33.6;43605
2013-08-29;33.6;33.9;33.5;33.7;41108
2013-08-28;33.9;33.9;33.5;33.5;45102
2013-08-27;33.5;33.9;33.3;33.9;116474
2013-08-26;33.9;34.0;33.6;33.7;20273
2013-08-23;33.9;34.3;33.5;33.7;55142
2013-08-22;33.8;34.0;33.7;33.9;45960
2013-08-21;34.2;34.3;33.5;33.8;86182
2013-08-20;34.8;34.8;34.0;34.2;71996
2013-08-19;33.8;34.8;33.7;34.8;78573
2013-08-16;33.5;33.8;33.5;33.8;33966
2013-08-15;33.6;33.6;33.3;33.5;82915
2013-08-14;33.7;33.7;33.5;33.7;51222
2013-08-13;33.9;33.9;33.5;33.7;75661
2013-08-12;34.0;34.0;33.5;33.9;150681
2013-08-09;33.8;34.0;33.5;34.0;41603
2013-08-08;33.6;33.8;33.5;33.8;77761
2013-08-07;33.6;34.0;33.5;33.7;49926
2013-08-06;33.9;34.0;33.6;33.6;50012
2013-08-05;34.1;34.4;33.7;33.8;75474
2013-08-02;34.1;34.1;33.7;34.0;39223
2013-08-01;33.8;34.2;33.6;33.9;38132
2013-07-31;34.4;34.4;33.7;33.7;94528
2013-07-30;33.9;34.4;33.5;34.2;154514
2013-07-29;33.6;34.0;33.3;33.9;189290
2013-07-26;33.5;33.7;33.3;33.5;89604
2013-07-25;33.9;33.9;33.2;33.3;248490
2013-07-24;32.1;33.5;31.7;33.5;199030
2013-07-23;32.0;32.3;31.7;32.0;36685
2013-07-22;31.7;32.3;31.5;32.0;41129
2013-07-19;31.9;32.4;31.5;31.9;90767
2013-07-18;31.1;32.2;30.8;31.9;295937
2013-07-17;30.6;31.8;30.0;31.2;463615
2013-07-16;29.0;29.0;28.2;28.3;39665
2013-07-15;28.8;28.9;28.6;28.8;35226
2013-07-12;28.7;29.0;28.5;28.6;29146
2013-07-11;28.7;28.8;28.6;28.7;16549
2013-07-10;28.5;28.7;28.3;28.6;18874
2013-07-09;28.2;28.8;28.2;28.2;16364
2013-07-08;28.8;28.8;28.0;28.1;19574
2013-07-05;28.1;28.8;27.8;28.8;39317
2013-07-04;27.7;28.0;27.7;27.7;73322
2013-07-03;27.7;28.0;27.5;27.7;54910
2013-07-02;27.4;27.9;27.4;27.5;29860
2013-07-01;27.9;27.9;27.1;27.4;28715
2013-06-28;27.9;27.9;27.4;27.8;22571
2013-06-27;27.5;27.9;27.2;27.4;41708
2013-06-26;27.8;27.9;27.2;27.5;34863
2013-06-25;27.9;27.9;27.3;27.6;33852
2013-06-24;27.9;28.5;27.3;27.7;69280
2013-06-21;;28.7;28.7;28.7;0
2013-06-20;28.4;28.8;27.6;28.7;114430
2013-06-19;27.8;28.7;27.3;28.5;511841
2013-06-18;27.7;27.9;27.6;27.6;32619
2013-06-17;28.0;28.0;27.6;27.8;46533
2013-06-14;28.3;28.3;27.5;27.8;43516
2013-06-13;27.2;28.3;26.7;28.0;154558
2013-06-12;27.0;27.2;26.9;27.1;49009
2013-06-11;27.5;27.7;26.4;27.2;107731
2013-06-10;27.7;28.0;27.5;27.8;29566
2013-06-07;27.2;28.2;27.2;28.2;26362
2013-06-06;;27.9;27.9;27.9;0
2013-06-05;28.5;28.5;27.7;27.9;34633
2013-06-04;28.5;28.6;28.2;28.3;28269
2013-06-03;28.5;28.5;28.0;28.5;30120
2013-05-31;28.2;28.6;28.1;28.6;25554
2013-05-30;28.7;28.7;28.1;28.2;21633
2013-05-29;28.2;28.5;28.1;28.2;12538
2013-05-28;28.7;28.7;28.1;28.2;25130
2013-05-27;28.3;28.4;28.1;28.2;55770
2013-05-24;28.7;29.1;28.1;28.3;55633
2013-05-23;29.0;29.0;28.1;28.7;71708
2013-05-22;29.3;29.3;28.8;29.0;58166
2013-05-21;29.1;29.1;28.5;29.1;34093
2013-05-20;28.8;28.9;28.4;28.9;26382
2013-05-17;28.4;28.7;28.1;28.5;19916
2013-05-16;28.8;28.8;28.2;28.6;30375
2013-05-15;29.0;29.2;28.3;28.8;31794
2013-05-14;29.1;29.1;28.7;28.9;27376
2013-05-13;28.8;29.0;28.4;28.7;51154
2013-05-10;28.7;28.8;28.4;28.5;40053
2013-05-09;;28.4;28.4;28.4;0
2013-05-08;28.0;28.6;28.0;28.4;46792
2013-05-07;28.0;28.4;27.6;28.4;59976
2013-05-06;27.6;28.1;27.6;27.9;27942
2013-05-03;28.3;28.3;27.5;27.6;29387
2013-05-02;27.5;27.9;27.4;27.9;32804
2013-05-01;;27.5;27.5;27.5;0
2013-04-30;27.8;28.0;27.4;27.5;39375
2013-04-29;27.3;27.9;27.3;27.8;29430
2013-04-26;28.2;28.2;27.1;27.3;82611
2013-04-25;29.2;29.3;27.6;28.2;169354
2013-04-24;29.5;29.5;28.8;29.4;11277
2013-04-23;29.2;29.4;28.7;29.0;52807
2013-04-22;29.5;29.9;28.9;29.2;28321
2013-04-19;28.0;28.8;28.0;28.6;108238
2013-04-18;28.9;28.9;27.9;28.0;47637
2013-04-17;28.2;28.6;28.1;28.2;154958
2013-04-16;29.2;29.2;28.0;28.2;102679
2013-04-15;30.0;30.0;29.1;29.3;146998
2013-04-12;30.1;30.7;29.9;30.0;81572
2013-04-11;30.9;30.9;30.0;30.0;49987
2013-04-10;29.9;30.6;29.4;30.6;158278
2013-04-09;31.7;31.7;29.8;29.9;104017
2013-04-08;32.0;32.0;30.9;30.9;44093
2013-04-05;31.9;32.4;30.9;31.5;105213
2013-04-04;32.5;32.5;31.4;31.4;70164
2013-04-03;32.7;32.7;32.2;32.4;58430
2013-04-02;31.9;32.2;31.6;32.2;93554
2013-04-01;;31.7;31.7;31.7;0
2013-03-29;31.0;31.7;31.7;31.7;259225
2013-03-28;31.0;31.4;30.7;31.1;259225
2013-03-27;31.0;31.4;30.7;31.1;259225
2013-03-26;30.5;30.5;29.7;30.4;144331
2013-03-25;31.0;31.0;29.8;30.4;69577
2013-03-22;29.0;30.1;28.8;30.1;260656
2013-03-21;28.9;29.2;28.5;29.0;96046
2013-03-20;29.5;29.5;28.8;28.8;96668
2013-03-19;30.3;30.4;29.1;29.1;1320698
2013-03-18;30.0;30.1;29.3;29.6;96301
2013-03-15;30.0;30.3;29.6;29.6;327948
2013-03-14;30.3;30.5;29.6;30.0;117894
2013-03-13;31.7;31.7;30.2;30.3;135399
2013-03-12;32.0;32.0;31.2;31.2;60109
2013-03-11;32.0;32.0;31.5;32.0;59696
2013-03-08;31.5;32.0;31.5;31.9;58492
2013-03-07;31.3;32.0;31.1;31.5;125015
2013-03-06;31.0;31.5;30.9;31.3;84800
2013-03-05;30.3;31.6;30.3;30.9;173767
2013-03-04;31.4;31.4;30.3;30.3;67615
2013-03-01;31.5;31.5;30.6;31.1;67866
2013-02-28;31.2;31.4;30.2;31.4;144762
2013-02-27;31.2;31.3;30.0;30.4;144143
2013-02-26;31.0;31.3;30.0;31.3;129969
2013-02-25;31.0;31.4;31.0;31.1;403651
2013-02-22;29.3;31.5;29.3;31.0;819994
2013-02-21;28.9;29.3;28.9;29.3;41077
2013-02-20;28.6;29.5;28.6;29.3;229955
2013-02-19;28.7;29.1;28.6;28.6;78820
2013-02-18;28.0;28.9;28.0;28.7;47724
2013-02-15;28.3;28.3;28.0;28.2;33362
2013-02-14;28.2;28.5;27.5;28.0;47038
2013-02-13;27.6;28.4;27.6;28.2;40645
2013-02-12;27.7;28.0;27.7;28.0;21977
2013-02-11;27.3;28.0;27.1;27.7;186796
2013-02-08;27.5;27.5;27.0;27.3;23854
2013-02-07;27.9;27.9;27.1;27.5;48982
2013-02-06;27.4;27.8;27.2;27.8;56376
2013-02-05;27.4;27.4;26.7;27.4;166657
2013-02-04;27.5;27.5;26.7;27.0;517663
2013-02-01;27.3;27.3;26.5;27.0;271328
2013-01-31;28.7;28.7;26.7;27.3;206661
2013-01-30;28.5;28.5;26.4;28.0;593804
2013-01-29;28.4;28.7;27.7;28.7;77170
2013-01-28;28.9;29.3;27.8;28.3;118029
2013-01-25;29.0;29.0;28.4;28.7;117559
2013-01-24;29.0;29.3;28.0;28.5;162524
2013-01-23;26.6;29.0;26.6;29.0;494273
2013-01-22;26.0;26.4;25.8;26.3;130216
2013-01-21;26.1;26.5;25.8;26.0;98042
2013-01-18;25.7;26.7;25.4;26.1;266478
2013-01-17;25.3;25.7;25.2;25.6;92420
2013-01-16;25.4;25.4;25.0;25.3;72741
2013-01-15;25.6;25.7;25.0;25.5;218522
2013-01-14;25.9;25.9;25.4;25.6;162850
2013-01-11;25.7;25.7;25.3;25.7;110911
2013-01-10;25.0;25.5;25.0;25.5;187062
2013-01-09;25.5;25.7;24.9;25.2;336608
2013-01-08;24.9;25.5;24.9;25.3;189940
2013-01-07;24.1;24.9;24.1;24.9;457461
2013-01-04;24.1;24.3;24.0;24.1;417620
2013-01-03;24.4;24.4;24.0;24.1;353972
2013-01-02;24.6;24.6;24.0;24.4;301832
2013-01-01;;24.5;24.5;24.5;0
2012-12-31;;24.5;24.5;24.5;0
2012-12-28;24.5;24.5;24.1;24.5;140855
