Dates;Open;High;Low;Close;Volume
2017-12-27;41.5;42.9;41.0;42.9;516342
2017-12-22;41.0;41.8;41.0;41.4;1832747
2017-12-21;40.3;41.4;39.0;41.1;669767
2017-12-20;42.9;42.9;39.8;40.1;1473255
2017-12-19;45.0;46.2;44.9;46.0;236176
2017-12-18;45.2;45.7;44.6;45.4;298180
2017-12-15;45.8;45.8;44.8;45.1;313405
2017-12-14;46.0;46.7;46.0;46.1;471381
2017-12-13;45.4;46.2;45.4;46.0;269429
2017-12-12;46.1;46.2;45.2;45.3;238141
2017-12-11;47.0;47.1;45.1;46.0;365218
2017-12-08;47.0;47.3;46.1;46.7;348092
2017-12-07;45.2;47.6;45.2;47.4;368999
2017-12-06;46.3;46.3;45.1;45.2;328432
2017-12-05;48.2;48.8;47.6;47.7;498142
2017-12-04;48.1;48.6;48.0;48.4;269888
2017-12-01;47.8;48.5;47.5;48.0;211176
2017-11-30;47.4;48.7;47.4;47.6;352010
2017-11-29;47.8;47.9;46.9;47.6;257747
2017-11-28;45.5;47.9;45.0;47.8;765216
2017-11-27;46.1;46.5;45.2;45.3;301349
2017-11-24;46.7;46.9;46.1;46.1;228218
2017-11-23;47.0;47.1;46.2;46.7;109333
2017-11-22;47.8;48.0;46.4;46.5;273692
2017-11-21;47.1;47.7;45.9;47.5;557681
2017-11-20;46.8;47.6;46.2;47.1;372373
2017-11-17;46.9;47.1;46.0;46.8;384052
2017-11-16;46.0;47.4;45.6;46.7;688462
2017-11-15;47.8;47.8;45.0;45.5;1220023
2017-11-14;48.5;49.8;47.8;47.8;1437835
2017-11-13;51.25;51.75;46.7;49.0;2767727
2017-11-10;62.75;63.75;61.75;62.25;119459
2017-11-09;65.25;65.5;62.25;62.25;338402
2017-11-08;64.25;65.5;64.0;65.0;165238
2017-11-07;64.25;64.5;63.25;64.25;128405
2017-11-06;64.0;64.5;63.25;64.0;135693
2017-11-03;63.25;65.25;63.0;64.25;141054
2017-11-02;62.0;63.25;61.5;63.25;400433
2017-11-01;61.25;63.25;61.25;62.0;336348
2017-10-31;61.0;61.5;60.25;61.0;225050
2017-10-30;64.0;64.0;60.25;60.5;525221
2017-10-27;64.25;64.5;64.0;64.0;69220
2017-10-26;62.75;64.0;62.75;64.0;88154
2017-10-25;63.25;63.5;62.25;63.0;153398
2017-10-24;61.5;63.0;60.5;63.0;277929
2017-10-23;63.0;64.0;61.75;61.75;218043
2017-10-20;63.75;64.5;63.0;63.25;141602
2017-10-19;64.75;65.0;63.5;63.75;212230
2017-10-18;63.25;64.75;63.0;64.5;324373
2017-10-17;62.75;63.25;61.75;63.25;293860
2017-10-13;61.0;61.25;59.0;60.75;505624
2017-10-12;60.5;63.75;59.25;60.75;1729310
2017-10-11;53.0;54.75;52.75;54.25;143523
2017-10-10;53.75;53.75;52.5;53.0;80325
2017-10-09;52.5;52.75;52.25;52.75;89374
2017-10-06;54.0;54.25;52.25;52.5;108838
2017-10-05;52.75;54.75;52.0;53.75;164161
2017-10-04;52.75;53.0;52.0;53.0;113958
2017-10-03;52.5;52.75;52.0;52.5;94999
2017-10-02;51.25;52.75;51.25;52.5;235544
2017-09-29;49.8;51.75;49.8;51.25;195791
2017-09-28;50.0;50.5;48.6;50.0;200178
2017-09-27;47.4;50.75;47.4;50.25;252360
2017-09-26;48.0;48.0;47.3;47.4;32043
2017-09-25;48.4;48.8;47.1;48.2;72507
2017-09-22;48.9;49.0;48.4;48.5;78788
2017-09-21;48.6;49.1;48.6;48.8;79974
2017-09-20;48.6;49.3;48.4;48.6;114844
2017-09-19;48.6;48.9;48.2;48.6;75244
2017-09-18;48.2;48.8;48.2;48.4;67886
2017-09-15;47.6;48.4;47.6;48.4;76918
2017-09-14;48.0;48.4;47.3;47.8;91853
2017-09-13;46.7;48.0;46.5;48.0;120634
2017-09-12;46.2;47.0;46.1;46.9;77270
2017-09-11;45.8;46.7;45.3;46.2;85026
2017-09-08;45.0;46.1;44.9;45.8;97582
2017-09-07;45.4;45.7;45.0;45.1;41737
2017-09-06;45.4;45.7;44.4;45.3;95831
2017-09-04;45.0;45.5;44.6;44.9;66449
2017-09-01;45.0;46.2;45.0;45.5;67022
2017-08-31;46.0;46.4;45.0;45.0;93514
2017-08-30;44.3;45.9;44.3;45.7;88552
2017-08-29;44.0;45.3;43.7;44.1;846347
2017-08-28;44.5;45.7;43.9;45.0;112703
2017-08-25;45.7;46.0;44.6;44.6;144602
2017-08-24;45.1;45.8;44.8;45.5;71268
2017-08-23;45.8;46.0;45.1;45.1;44976
2017-08-22;45.4;46.1;45.4;45.8;58828
2017-08-21;45.8;45.9;45.3;45.3;125826
2017-08-18;45.0;45.9;44.3;45.9;125054
2017-08-17;46.0;46.4;45.2;45.3;73478
2017-08-16;45.9;46.1;45.8;46.0;62114
2017-08-15;45.8;46.4;45.6;46.0;98702
2017-08-14;44.3;46.6;44.3;45.8;76309
2017-08-11;45.0;45.4;44.1;44.3;112686
2017-08-10;45.5;45.7;45.2;45.2;69833
2017-08-09;45.5;45.9;45.3;45.5;55633
2017-08-08;46.7;46.8;45.5;45.5;95211
2017-08-07;46.9;47.5;46.0;46.8;121920
2017-08-04;46.4;47.2;46.0;47.2;90441
2017-08-03;45.9;46.4;45.9;46.4;30478
2017-08-02;45.8;46.3;45.5;45.9;43906
2017-08-01;45.7;46.3;45.4;45.8;79054
2017-07-31;46.2;46.7;46.0;46.0;60750
2017-07-28;45.9;46.3;45.8;46.3;48007
2017-07-27;45.7;46.5;45.7;46.2;34386
2017-07-26;45.8;46.2;45.5;45.8;52890
2017-07-25;45.3;46.4;44.9;46.2;106391
2017-07-24;45.7;45.7;44.6;45.4;104588
2017-07-21;46.5;46.5;45.6;45.9;67540
2017-07-20;47.7;48.7;46.4;46.6;109272
2017-07-19;45.9;47.5;45.5;47.5;154087
2017-07-18;45.8;46.0;45.3;46.0;63625
2017-07-17;45.9;45.9;45.4;45.9;66371
2017-07-14;45.5;45.9;44.9;45.9;116769
2017-07-13;45.5;45.8;45.2;45.8;93680
2017-07-12;45.2;46.0;45.2;45.5;139283
2017-07-11;45.1;45.8;44.1;45.1;319282
2017-07-10;46.4;46.6;45.5;45.6;98425
2017-07-07;46.4;46.5;45.4;46.3;167081
2017-07-06;46.8;47.0;46.0;46.8;180269
2017-07-05;46.8;46.8;45.6;46.5;188357
2017-07-04;46.5;47.0;46.1;46.6;169103
2017-07-03;46.2;46.5;45.8;46.5;170859
2017-06-30;44.4;46.0;43.1;45.7;1278522
2017-06-29;48.5;48.5;43.9;44.5;807972
2017-06-28;46.6;46.8;45.6;46.5;206335
2017-06-27;47.4;47.4;45.7;46.0;351550
2017-06-26;44.5;47.1;44.1;46.4;510041
2017-06-23;;43.3;43.3;43.3;0
2017-06-22;42.7;43.8;42.3;43.3;563508
2017-06-21;43.2;43.2;42.0;42.7;132644
2017-06-20;42.9;43.4;42.2;42.4;275183
2017-06-19;44.3;44.5;42.5;42.5;126216
2017-06-16;42.7;44.8;42.5;44.5;392579
2017-06-15;44.0;44.0;42.0;42.4;167085
2017-06-14;43.3;44.6;42.9;43.3;575757
2017-06-13;43.5;43.9;42.9;43.3;97203
2017-06-12;43.8;43.8;42.9;43.5;54677
2017-06-09;43.0;44.2;43.0;43.8;129926
2017-06-08;44.8;45.2;42.5;42.8;275820
2017-06-07;45.6;45.7;44.7;44.8;197036
2017-06-06;;45.6;45.6;45.6;0
2017-06-05;46.3;46.5;45.4;45.6;104394
2017-06-02;46.2;46.9;46.1;46.1;60840
2017-06-01;47.6;47.6;46.2;46.2;125829
2017-05-31;48.0;48.1;47.0;47.7;121417
2017-05-30;48.3;49.2;48.0;48.0;179453
2017-05-29;48.3;48.3;47.2;48.1;60274
2017-05-26;48.9;49.0;47.7;48.2;150881
2017-05-24;47.1;49.1;47.1;48.9;82307
2017-05-23;46.1;47.3;46.1;47.1;60290
2017-05-22;45.9;46.7;45.5;46.0;184251
2017-05-19;47.9;47.9;45.7;45.7;133439
2017-05-18;47.6;47.9;46.7;47.0;64449
2017-05-17;48.8;48.9;48.0;48.0;98516
2017-05-16;49.9;49.9;48.4;49.1;66625
2017-05-15;48.9;49.8;48.8;49.8;87173
2017-05-12;48.9;48.5;48.5;48.5;67731
2017-05-11;49.7;50.25;48.3;48.9;95141
2017-05-10;50.0;50.5;49.6;50.25;93692
2017-05-09;51.0;51.5;50.5;51.0;84942
2017-05-08;52.0;52.0;50.25;51.5;97336
2017-05-05;52.0;52.25;51.0;51.75;48355
2017-05-04;52.0;52.25;51.5;51.75;81759
2017-05-03;51.5;52.0;51.25;52.0;65650
2017-05-02;51.25;51.75;51.0;51.5;50599
2017-05-01;;51.25;51.25;51.25;0
2017-04-28;50.25;51.5;49.8;51.25;97427
2017-04-27;50.5;51.5;49.5;50.25;167194
2017-04-26;51.5;51.5;50.75;51.25;79734
2017-04-25;50.5;51.5;50.5;51.5;41645
2017-04-24;51.25;51.5;50.5;50.5;71677
2017-04-21;51.75;52.0;51.0;51.0;57261
2017-04-20;52.0;52.5;51.25;51.75;100603
2017-04-19;52.25;53.0;51.5;52.0;57948
2017-04-18;52.0;52.75;50.5;52.25;152483
2017-04-13;52.0;52.0;51.5;52.0;33313
2017-04-12;52.0;52.0;50.75;51.75;111163
2017-04-11;53.0;53.0;51.0;52.0;225010
2017-04-10;52.0;53.0;51.5;53.0;228834
2017-04-07;49.5;52.0;49.3;51.25;1237935
2017-04-06;47.0;49.5;46.9;49.1;2168322
2017-04-05;45.5;46.1;44.7;44.7;349379
2017-04-04;45.7;46.5;45.5;45.7;154148
2017-04-03;46.0;46.2;45.7;46.0;78374
2017-03-31;46.2;46.5;46.0;46.3;55552
2017-03-30;46.5;46.5;45.5;46.3;79146
2017-03-29;46.5;47.0;45.3;46.3;66021
2017-03-28;45.3;46.2;44.5;46.2;369986
2017-03-27;46.8;47.4;45.4;45.7;48600
2017-03-24;47.9;47.9;46.8;46.8;69060
2017-03-23;46.3;47.0;45.9;46.7;54756
2017-03-22;47.1;47.2;45.5;46.4;106889
2017-03-21;48.1;48.1;46.7;47.1;82123
2017-03-20;48.9;48.9;48.0;48.1;42725
2017-03-17;48.0;48.8;47.4;48.5;159009
2017-03-16;46.5;49.0;46.5;47.3;618030
2017-03-15;47.0;47.0;45.9;46.4;1053644
2017-03-14;46.8;47.2;46.0;46.4;123405
2017-03-13;47.9;48.2;46.2;46.8;215108
2017-03-10;48.4;47.9;47.9;47.9;80540
2017-03-09;48.0;48.4;47.7;48.2;44096
2017-03-08;47.8;48.2;47.3;48.0;46997
2017-03-07;49.0;49.2;47.2;47.8;118120
2017-03-06;50.0;50.25;48.0;48.6;93251
2017-03-03;50.5;50.0;50.0;50.0;34124
2017-03-02;50.75;50.75;49.8;50.5;76395
2017-03-01;50.75;51.0;50.0;51.0;59573
2017-02-28;51.0;51.0;50.25;50.75;63625
2017-02-27;50.0;50.75;49.6;50.25;87954
2017-02-24;48.8;50.25;48.7;50.25;178690
2017-02-23;49.8;49.8;48.6;48.9;78276
2017-02-22;49.9;49.9;48.0;49.7;185081
2017-02-21;51.25;51.25;49.7;50.0;186071
2017-02-20;52.0;52.0;50.75;51.25;70750
2017-02-17;52.25;52.5;51.25;52.0;103731
2017-02-16;50.5;52.5;50.5;52.0;96576
2017-02-15;51.5;51.5;50.5;50.5;69400
2017-02-14;51.0;51.75;50.75;51.5;96395
2017-02-13;52.0;52.25;50.25;51.0;88669
2017-02-10;50.5;52.0;50.5;52.0;78677
2017-02-09;51.5;51.75;49.8;50.5;131745
2017-02-08;52.0;52.25;51.0;51.5;67161
2017-02-07;53.0;53.25;52.0;52.0;49259
2017-02-06;54.0;54.0;51.75;52.75;105525
2017-02-03;55.0;55.0;53.5;53.75;117839
2017-02-02;53.5;54.5;53.25;54.5;203600
2017-02-01;52.5;54.0;52.5;53.25;132317
2017-01-31;51.75;52.75;51.75;52.5;170885
2017-01-30;53.75;53.75;51.75;51.75;217043
2017-01-27;53.0;53.75;52.5;53.75;58158
2017-01-26;54.0;54.25;52.5;53.0;211714
2017-01-25;52.75;53.5;52.5;53.5;168878
2017-01-24;52.5;53.0;52.25;53.0;189239
2017-01-23;51.5;53.0;51.25;52.75;199211
2017-01-20;51.5;51.75;50.75;51.75;454666
2017-01-19;51.5;51.5;50.5;51.5;126427
2017-01-18;51.0;51.75;50.5;51.0;207880
2017-01-17;51.0;51.0;49.9;51.0;152252
2017-01-16;51.25;51.25;50.25;51.0;116979
2017-01-13;50.5;51.5;50.25;51.5;172421
2017-01-12;51.25;51.25;50.25;50.5;220292
2017-01-11;49.8;52.0;49.6;51.5;275433
2017-01-10;50.5;51.0;48.8;49.8;344804
2017-01-09;50.75;51.0;49.9;50.5;149243
2017-01-06;;50.75;50.75;50.75;0
2017-01-05;49.6;51.0;49.4;50.75;139088
2017-01-04;49.6;50.0;49.3;49.6;145916
2017-01-03;50.0;50.25;49.5;49.9;212106
2017-01-02;50.25;50.25;49.7;50.0;102480
2016-12-30;50.0;50.5;49.4;50.5;117855
2016-12-29;49.9;50.25;49.7;50.25;102175
2016-12-28;50.0;50.25;49.6;50.0;206045
2016-12-27;48.7;50.25;48.7;50.25;235796
2016-12-23;47.5;48.8;47.4;48.7;155036
2016-12-22;47.5;48.0;46.6;47.0;144921
2016-12-21;47.2;49.0;47.0;47.5;433226
2016-12-20;45.5;45.9;45.3;45.9;168998
2016-12-19;45.2;45.8;45.2;45.5;434295
2016-12-16;45.0;45.3;44.5;45.2;85890
2016-12-15;45.2;45.3;44.5;45.0;54410
2016-12-14;44.5;45.7;44.4;45.2;87613
2016-12-13;44.8;45.1;44.3;44.5;46966
2016-12-12;45.0;45.1;44.5;44.5;38649
2016-12-09;45.6;45.6;44.2;45.1;132477
2016-12-08;45.6;45.7;44.9;45.7;47528
2016-12-07;45.5;46.2;45.2;45.5;113375
2016-12-06;45.8;46.9;45.7;46.3;78079
2016-12-05;45.6;46.2;45.2;46.0;125824
2016-12-02;44.7;45.7;44.0;45.6;140174
2016-12-01;44.5;44.8;44.0;44.3;62383
2016-11-30;44.1;44.6;44.0;44.1;63373
2016-11-29;43.2;44.2;42.1;44.2;69337
2016-11-28;43.7;44.2;42.6;43.5;98722
2016-11-25;44.1;44.4;43.4;43.6;60848
2016-11-24;44.4;44.8;44.0;44.1;59132
2016-11-23;44.5;44.7;43.7;44.4;68119
2016-11-22;45.2;45.3;44.6;44.7;75520
2016-11-21;45.6;45.6;44.2;45.2;64767
2016-11-18;45.5;45.9;45.3;45.6;67043
2016-11-17;44.9;45.8;44.5;45.7;73211
2016-11-16;43.8;45.2;43.8;45.0;69178
2016-11-15;43.7;44.7;43.7;43.9;61467
2016-11-14;44.5;44.9;43.4;43.7;60531
2016-11-11;43.7;44.7;43.7;44.5;45277
2016-11-10;44.9;45.8;43.6;43.7;79649
2016-11-09;43.5;45.2;43.5;44.9;104644
2016-11-08;45.5;46.4;44.7;45.5;74247
2016-11-07;45.4;46.4;44.6;46.0;115847
2016-11-04;46.4;46.5;45.4;45.4;88041
2016-11-03;46.5;47.0;45.5;45.8;52952
2016-11-02;46.2;47.0;45.5;46.6;98312
2016-11-01;46.2;47.0;46.2;46.6;31118
2016-10-31;46.7;47.1;46.5;47.1;75347
2016-10-28;47.0;47.0;45.9;47.0;91700
2016-10-27;46.5;47.0;46.5;46.9;125450
2016-10-26;46.5;46.9;46.4;46.7;87138
2016-10-25;46.5;46.9;46.4;46.9;107133
2016-10-24;47.0;47.1;46.0;46.5;218041
2016-10-21;47.0;47.9;47.0;47.6;117447
2016-10-20;46.8;47.2;46.5;47.2;81349
2016-10-19;47.2;47.6;46.6;46.9;98680
2016-10-18;47.5;48.0;46.9;47.2;193369
2016-10-17;46.9;47.6;46.5;47.5;221649
2016-10-14;45.2;47.7;45.2;46.5;366140
2016-10-13;45.5;46.2;44.0;45.0;541697
2016-10-12;43.0;43.4;42.6;43.0;167453
2016-10-11;43.3;43.3;42.5;42.6;111754
2016-10-10;43.2;43.4;42.8;43.3;48437
2016-10-07;43.0;43.3;42.6;43.3;74766
2016-10-06;43.6;43.6;42.1;43.0;251163
2016-10-05;42.1;43.8;41.7;43.8;174827
2016-10-04;42.8;43.5;41.8;42.2;111566
2016-10-03;43.7;43.8;40.8;43.1;177433
2016-09-30;43.5;43.7;43.3;43.7;48730
2016-09-29;43.9;44.3;43.1;43.7;101974
2016-09-28;43.4;43.9;43.2;43.9;63540
2016-09-27;42.7;43.8;42.5;43.4;228574
2016-09-26;43.4;44.3;42.8;42.8;46558
2016-09-23;43.1;44.3;43.1;43.6;75387
2016-09-22;43.5;44.3;43.1;44.3;75369
2016-09-21;43.7;44.1;43.2;43.5;46066
2016-09-20;44.0;44.1;43.5;43.8;75334
2016-09-19;44.0;44.2;43.3;44.1;88783
2016-09-16;44.0;44.2;43.5;44.1;130889
2016-09-15;44.2;44.2;43.4;44.2;75955
2016-09-14;42.5;44.2;41.9;44.2;161065
2016-09-13;43.5;44.2;42.6;42.6;49459
2016-09-12;43.0;43.8;42.8;43.4;94123
2016-09-09;43.9;44.3;43.6;43.9;91151
2016-09-08;43.9;44.0;43.1;43.9;116372
2016-09-07;43.8;43.9;43.5;43.9;100497
2016-09-06;42.2;43.8;42.2;43.8;92126
2016-09-05;43.0;43.4;42.4;43.3;50822
2016-09-02;43.0;43.4;42.2;43.0;66361
2016-09-01;42.5;43.6;42.2;43.0;187096
2016-08-31;43.7;43.7;42.1;42.7;219622
2016-08-30;42.8;43.7;42.8;43.7;220775
2016-08-29;44.5;44.5;42.8;43.0;499135
2016-08-26;44.6;44.9;43.9;44.5;64803
2016-08-25;44.4;45.0;44.2;44.6;84380
2016-08-24;44.4;44.7;43.9;44.4;103702
2016-08-23;43.5;44.5;43.4;44.4;69601
2016-08-22;43.5;43.5;42.8;43.2;185068
2016-08-19;43.8;43.9;42.6;43.6;62743
2016-08-18;43.9;44.2;43.4;43.8;78181
2016-08-17;44.5;44.9;43.2;43.9;367407
2016-08-16;44.0;44.9;43.3;44.9;969639
2016-08-15;44.1;44.2;43.2;44.0;126102
2016-08-12;42.5;44.1;42.5;44.0;209403
2016-08-11;41.9;42.5;41.7;42.5;128446
2016-08-10;41.5;42.7;41.5;42.4;47156
2016-08-09;42.5;43.0;42.5;42.7;83631
2016-08-08;42.5;43.0;42.2;42.8;364026
2016-08-05;42.0;42.6;41.7;42.5;95747
2016-08-04;40.9;42.0;40.7;42.0;233488
2016-08-03;41.5;41.5;40.1;40.7;234954
2016-08-02;41.9;41.9;41.4;41.8;110716
2016-08-01;41.8;42.0;41.8;41.9;116407
2016-07-29;41.9;42.0;41.6;42.0;184703
2016-07-28;41.3;41.6;41.2;41.6;192782
2016-07-27;41.5;41.5;40.8;41.0;217842
2016-07-26;41.0;41.5;41.0;41.5;166151
2016-07-25;41.2;41.5;40.8;41.3;173666
2016-07-22;41.7;41.7;41.2;41.4;140931
2016-07-21;41.1;42.0;41.0;41.8;147432
2016-07-20;41.0;42.0;40.4;42.0;332001
2016-07-19;40.5;41.0;40.4;40.8;629293
2016-07-18;40.8;41.0;40.6;40.6;439452
2016-07-15;40.5;41.0;40.0;41.0;418056
2016-07-14;40.0;40.6;39.9;40.6;236744
2016-07-13;38.8;40.7;38.8;40.6;299209
2016-07-12;38.8;39.6;38.4;39.6;300447
2016-07-11;38.1;39.2;38.1;39.2;173384
2016-07-08;39.0;39.4;38.4;38.8;264856
2016-07-07;38.6;39.5;38.6;39.4;277898
2016-07-06;38.2;38.6;37.7;38.6;299317
2016-07-05;37.9;38.5;37.7;38.2;270981
2016-07-04;37.5;38.2;37.1;37.9;540393
2016-07-01;37.5;38.4;36.5;37.4;751966
2016-06-30;36.1;38.1;35.3;37.1;1687443
2016-06-29;32.0;33.0;31.6;33.0;280083
2016-06-28;30.0;31.3;29.9;31.1;256007
2016-06-27;29.0;30.2;28.3;29.4;189761
2016-06-24;;31.1;31.1;31.1;0
2016-06-23;30.0;31.1;29.3;31.1;175563
2016-06-22;29.4;29.7;29.2;29.2;25344
2016-06-21;29.6;29.7;29.2;29.4;74812
2016-06-20;29.4;29.7;29.0;29.2;108311
2016-06-17;28.1;29.7;28.1;28.4;373457
2016-06-16;28.5;28.5;27.2;27.3;94410
2016-06-15;29.0;29.6;28.3;28.3;87470
2016-06-14;29.0;29.7;28.6;29.0;89443
2016-06-13;29.8;30.3;29.1;30.0;162991
2016-06-10;30.6;30.6;30.0;30.0;126693
2016-06-09;30.8;30.9;30.5;30.6;72129
2016-06-08;30.5;31.1;30.4;31.0;65022
2016-06-07;30.5;30.6;30.0;30.5;138203
2016-06-06;;30.4;30.4;30.4;0
2016-06-03;30.2;30.4;29.9;30.4;143241
2016-06-02;29.5;30.2;29.0;30.2;179328
2016-06-01;29.5;29.6;29.1;29.3;84630
2016-05-31;29.5;29.8;29.2;29.5;166991
2016-05-30;29.6;30.0;29.3;29.7;58122
2016-05-27;29.1;29.6;28.8;29.6;96653
2016-05-26;29.7;30.4;29.1;29.1;144667
2016-05-25;29.6;29.8;29.5;29.6;42505
2016-05-24;29.6;29.7;29.0;29.6;70724
2016-05-23;29.1;29.7;29.0;29.7;56015
2016-05-20;29.4;29.7;29.1;29.1;72893
2016-05-19;29.7;29.8;29.2;29.6;49250
2016-05-18;30.2;30.4;29.0;29.5;104614
2016-05-17;30.2;30.8;30.1;30.3;47570
2016-05-16;30.4;30.5;29.4;30.0;108402
2016-05-13;30.3;31.0;30.3;30.5;73195
2016-05-12;31.0;32.0;30.2;30.5;80821
2016-05-11;30.2;31.0;30.2;30.9;48694
2016-05-10;31.0;31.6;30.3;30.9;97112
2016-05-09;31.2;32.2;31.2;31.2;56995
2016-05-06;32.4;32.4;31.3;31.7;90427
2016-05-05;33.4;33.4;32.1;32.4;36547
2016-05-04;33.4;33.4;32.1;32.4;36547
2016-05-03;32.8;33.1;32.1;33.1;95203
2016-05-02;33.4;33.4;32.5;32.9;40698
2016-04-29;33.7;33.7;33.0;33.3;57073
2016-04-28;34.0;34.1;33.2;33.7;117342
2016-04-27;33.8;34.0;33.4;34.0;77109
2016-04-26;33.1;34.0;33.1;33.8;131186
2016-04-25;34.0;34.4;33.5;33.5;148668
2016-04-22;33.9;34.3;33.5;33.9;97271
2016-04-21;33.0;34.6;32.7;34.1;680049
2016-04-20;33.2;33.5;32.4;32.6;293393
2016-04-19;32.7;33.5;32.2;33.5;295426
2016-04-18;32.0;32.7;31.6;32.7;267666
2016-04-15;32.6;32.6;31.3;32.2;758991
2016-04-14;32.0;32.8;31.5;32.4;1000116
2016-04-13;29.2;30.1;29.2;29.8;316563
2016-04-12;30.4;30.9;28.6;29.4;201851
2016-04-11;30.2;31.0;30.1;30.4;56551
2016-04-08;30.0;30.6;29.8;30.5;70894
2016-04-07;29.9;30.4;29.9;30.0;91449
2016-04-06;30.4;30.6;29.5;29.9;239953
2016-04-05;31.2;31.5;30.3;30.4;88118
2016-04-04;31.3;31.6;31.0;31.2;90763
2016-04-01;32.5;32.6;31.2;31.3;182001
2016-03-31;32.6;33.0;32.2;32.3;72111
2016-03-30;32.5;33.5;32.5;32.9;99806
2016-03-29;33.1;33.1;32.6;33.0;36698
2016-03-28;33.0;33.4;33.2;33.2;192218
2016-03-25;33.0;33.4;32.7;33.2;192218
2016-03-24;33.0;33.4;32.7;33.2;192218
2016-03-23;33.3;33.4;33.0;33.0;70890
2016-03-22;33.1;33.4;32.8;33.3;191549
2016-03-21;33.1;33.4;33.1;33.1;43588
2016-03-18;33.7;33.7;33.1;33.3;110876
2016-03-17;34.5;34.5;33.6;33.7;70505
2016-03-16;34.1;34.4;34.0;34.4;65020
2016-03-15;34.2;34.5;34.0;34.2;68746
2016-03-14;34.0;34.7;33.8;34.6;74180
2016-03-11;34.5;34.7;34.0;34.4;115732
2016-03-10;34.6;34.7;34.0;34.3;102962
2016-03-09;34.0;34.7;33.7;34.6;61565
2016-03-08;34.8;34.8;34.2;34.4;59306
2016-03-07;34.0;35.0;33.9;35.0;145257
2016-03-04;34.4;34.8;34.0;34.8;191365
2016-03-03;33.5;34.4;33.5;34.3;133079
2016-03-02;33.5;34.6;33.5;34.2;111610
2016-03-01;34.0;34.2;33.4;34.0;168895
2016-02-29;33.4;34.0;33.3;34.0;250716
2016-02-26;34.5;34.5;33.5;34.1;138109
2016-02-25;34.5;34.5;33.5;33.7;178063
2016-02-24;34.9;35.3;33.2;33.4;628317
2016-02-23;34.7;35.1;34.7;34.9;89705
2016-02-22;34.9;35.8;34.1;35.0;151054
2016-02-19;34.9;35.6;34.8;35.5;377123
2016-02-18;34.1;34.9;33.8;34.8;343754
2016-02-17;33.5;34.1;33.1;34.0;237056
2016-02-16;33.6;34.1;33.2;33.8;113646
2016-02-15;34.9;34.9;33.7;33.9;126473
2016-02-12;33.9;34.3;33.7;34.1;143512
2016-02-11;34.5;34.5;32.7;33.5;221014
2016-02-10;33.4;34.2;33.4;34.0;137085
2016-02-09;33.0;33.5;32.2;33.3;134468
2016-02-08;35.0;35.3;33.2;33.5;151507
2016-02-05;35.6;36.0;35.4;35.5;289820
2016-02-04;35.7;35.7;35.2;35.6;193830
2016-02-03;34.8;35.7;34.0;35.2;488883
2016-02-02;35.3;35.4;34.1;34.5;422355
2016-02-01;34.2;35.3;34.1;35.0;747889
2016-01-29;34.1;34.4;33.6;34.0;463541
2016-01-28;34.0;34.5;33.5;34.0;381503
2016-01-27;33.3;34.2;33.1;34.2;283698
2016-01-26;33.7;34.1;33.0;33.7;367814
2016-01-25;33.8;34.4;32.7;33.9;508844
2016-01-22;32.6;34.4;32.6;33.7;754588
2016-01-21;30.0;32.0;28.8;32.0;792211
2016-01-20;30.5;30.5;28.0;29.3;900399
2016-01-19;27.0;28.1;26.7;28.0;335698
2016-01-18;26.7;26.9;25.7;26.2;165387
2016-01-15;28.2;28.5;26.1;26.8;198454
2016-01-14;28.9;29.0;27.3;28.2;229182
2016-01-13;29.0;29.5;28.4;29.0;211754
2016-01-12;28.7;29.5;28.7;29.1;360331
2016-01-11;29.9;30.0;28.3;28.8;242406
2016-01-08;30.2;31.0;29.8;30.1;168697
2016-01-07;30.1;30.6;29.7;30.6;175358
2016-01-06;;31.0;31.0;31.0;0
2016-01-05;30.5;31.0;30.0;31.0;98421
2016-01-04;30.6;30.6;29.3;30.1;131258
2016-01-01;;30.7;30.7;30.7;0
2015-12-31;;30.7;30.7;30.7;0
2015-12-30;30.6;30.8;30.1;30.7;159884
2015-12-29;29.6;30.7;29.6;30.6;207046
2015-12-28;29.2;30.3;29.2;29.5;172487
2015-12-25;28.9;30.4;28.7;30.4;247020
2015-12-24;28.9;30.4;28.7;30.4;247020
2015-12-23;28.9;30.4;28.7;30.4;247020
2015-12-22;28.6;28.9;28.5;28.5;369120
2015-12-21;28.9;29.1;28.3;28.9;217864
2015-12-18;29.0;29.2;28.5;28.9;202882
2015-12-17;28.6;29.3;28.5;28.9;324253
2015-12-16;27.8;28.7;27.8;28.5;305474
2015-12-15;27.2;28.0;27.2;27.4;338430
2015-12-14;27.2;27.9;26.6;27.4;183996
2015-12-11;27.5;27.6;26.8;27.2;551085
2015-12-10;27.4;27.9;26.8;27.7;177121
2015-12-09;27.1;27.5;26.5;27.4;246750
2015-12-08;27.2;27.5;26.2;27.0;277002
2015-12-07;27.8;27.9;27.3;27.7;94147
2015-12-04;27.6;28.1;27.2;27.7;115580
2015-12-03;28.0;28.2;27.6;27.6;192753
2015-12-02;28.1;28.3;27.8;28.3;156094
2015-12-01;28.0;28.5;27.3;28.1;219649
2015-11-30;27.0;28.5;27.0;28.5;248023
2015-11-27;27.0;27.3;26.6;27.3;172879
2015-11-26;27.5;27.5;26.6;27.0;308649
2015-11-25;27.5;27.5;26.9;27.2;80441
2015-11-24;28.1;28.1;27.0;27.2;123675
2015-11-23;28.5;28.5;27.7;27.8;143199
2015-11-20;28.9;28.9;28.2;28.4;190113
2015-11-19;28.2;29.2;28.2;28.8;74953
2015-11-18;28.2;28.5;28.2;28.3;93610
2015-11-17;28.9;28.9;28.4;28.4;138796
2015-11-16;28.0;28.9;27.8;28.5;165228
2015-11-13;29.4;29.7;28.7;28.8;117852
2015-11-12;29.0;29.1;28.6;28.9;102262
2015-11-11;28.5;29.5;28.4;29.1;172216
2015-11-10;29.0;29.2;28.2;28.6;137463
2015-11-09;30.9;30.9;28.7;29.2;218967
2015-11-06;31.0;31.0;30.1;30.5;143256
2015-11-05;31.3;31.3;29.7;31.2;273805
2015-11-04;31.5;31.5;30.8;31.3;219279
2015-11-03;29.4;30.9;29.4;30.8;310582
2015-11-02;28.9;29.5;28.7;29.0;194238
2015-10-30;28.3;29.1;28.3;29.0;88997
2015-10-29;27.9;28.6;27.7;28.6;67604
2015-10-28;28.4;28.4;27.8;27.9;64997
2015-10-27;28.4;28.4;28.0;28.4;64998
2015-10-26;28.8;28.8;28.1;28.4;241502
2015-10-23;29.0;29.3;28.6;29.0;208554
2015-10-22;28.5;29.1;28.5;28.9;134537
2015-10-21;29.1;29.3;28.7;29.0;93778
2015-10-20;29.0;29.5;28.7;29.0;147994
2015-10-19;27.9;29.8;27.8;28.9;543447
2015-10-16;27.9;27.9;27.5;27.8;150796
2015-10-15;27.5;27.9;27.4;27.9;144202
2015-10-14;27.3;27.9;27.1;27.6;213107
2015-10-13;27.3;27.4;26.2;27.4;234151
2015-10-12;25.9;27.8;25.4;27.3;473381
2015-10-09;25.8;26.2;25.5;25.5;628245
2015-10-08;22.9;26.5;22.2;25.0;1359997
2015-10-07;22.2;22.4;21.7;22.0;429191
2015-10-06;22.0;22.1;21.9;22.0;250408
2015-10-05;21.8;22.5;21.7;21.9;176178
2015-10-02;21.8;22.0;21.4;21.8;128383
2015-10-01;21.8;22.1;21.3;21.4;112401
2015-09-30;21.3;21.8;21.1;21.5;149504
2015-09-29;21.6;22.4;20.9;21.1;258493
2015-09-28;22.8;22.8;21.5;21.6;232135
2015-09-25;22.6;23.1;22.3;22.7;245688
2015-09-24;22.2;23.4;21.9;22.4;238274
2015-09-23;22.5;23.1;22.0;22.0;331087
2015-09-22;23.7;24.0;22.7;22.9;221902
2015-09-21;24.0;24.0;23.0;23.6;240242
2015-09-18;24.7;24.9;24.2;24.2;478812
2015-09-17;24.5;25.1;24.5;24.7;57828
2015-09-16;25.0;25.4;24.6;24.7;118662
2015-09-15;25.3;25.5;24.9;25.1;98163
2015-09-14;25.9;26.0;25.3;25.3;88086
2015-09-11;25.9;25.9;25.5;25.6;94652
2015-09-10;26.0;26.0;25.6;25.9;125838
2015-09-09;26.0;26.4;25.9;26.0;62395
2015-09-08;25.9;26.6;25.6;25.8;139867
2015-09-07;26.0;26.5;25.7;26.3;114670
2015-09-04;26.7;26.7;25.8;25.8;45720
2015-09-03;25.7;26.6;25.7;26.4;128629
2015-09-02;25.2;25.7;25.2;25.5;90262
2015-09-01;25.5;25.7;25.1;25.6;121773
2015-08-31;26.2;26.3;25.5;25.9;202241
2015-08-28;26.2;26.5;25.8;26.2;89440
2015-08-27;26.0;26.2;25.7;26.0;171252
2015-08-26;25.0;25.9;25.0;25.3;131628
2015-08-25;25.2;26.3;25.2;25.3;516725
2015-08-24;25.7;26.2;24.7;25.2;564167
2015-08-21;27.0;27.0;26.5;26.6;226617
2015-08-20;27.9;28.1;27.1;27.4;222104
2015-08-19;28.7;28.7;27.5;28.2;195984
2015-08-18;29.1;29.1;27.9;28.7;208806
2015-08-17;29.6;29.6;28.3;29.2;166147
2015-08-14;29.9;29.9;29.2;29.4;138483
2015-08-13;29.3;29.9;29.3;29.9;159101
2015-08-12;29.7;29.8;28.9;29.4;160673
2015-08-11;29.7;29.8;29.1;29.7;256768
2015-08-10;28.3;29.2;28.2;29.1;277834
2015-08-07;27.8;28.2;27.8;28.0;150943
2015-08-06;27.7;28.2;27.3;28.2;182980
2015-08-05;27.5;27.7;27.2;27.5;157806
2015-08-04;27.4;27.6;27.1;27.5;103745
2015-08-03;27.5;27.6;27.1;27.4;194670
2015-07-31;27.5;27.5;27.3;27.4;85531
2015-07-30;27.2;27.7;26.7;27.5;202584
2015-07-29;27.1;27.2;26.5;26.8;127671
2015-07-28;27.1;27.3;26.4;27.1;99767
2015-07-27;27.6;27.6;26.6;26.7;140750
2015-07-24;27.6;27.9;27.2;27.5;100859
2015-07-23;28.1;28.1;27.2;27.4;91124
2015-07-22;28.0;28.1;27.5;27.5;149535
2015-07-21;28.7;28.8;28.0;28.1;171425
2015-07-20;28.5;29.2;28.1;28.5;286586
2015-07-17;27.6;28.3;27.6;28.2;195461
2015-07-16;27.2;27.7;27.0;27.6;468942
2015-07-15;27.1;27.2;27.0;27.1;110392
2015-07-14;28.0;28.0;27.0;27.2;159309
2015-07-13;28.4;28.4;27.5;27.6;245326
2015-07-10;28.4;28.4;27.5;27.5;322304
2015-07-09;27.5;28.1;27.3;27.6;287859
2015-07-08;27.5;27.6;26.9;26.9;178549
2015-07-07;28.4;28.5;27.1;27.2;222534
2015-07-06;27.1;28.5;27.0;28.4;281448
2015-07-03;28.2;28.4;27.1;27.1;393057
2015-07-02;29.1;29.3;28.1;28.1;346261
2015-07-01;29.2;30.2;28.8;28.9;335992
2015-06-30;29.5;30.0;28.7;29.1;413343
2015-06-29;30.4;30.6;29.7;29.7;257646
2015-06-26;31.6;31.6;30.8;30.8;214296
2015-06-25;31.8;31.9;31.1;31.2;200448
2015-06-24;33.0;33.0;31.7;31.7;440984
2015-06-23;33.5;33.5;32.6;33.0;614474
2015-06-22;34.9;35.0;33.8;34.9;125056
2015-06-19;;34.8;34.8;34.8;0
2015-06-18;35.0;35.0;33.7;34.8;273788
2015-06-17;34.6;34.8;33.9;34.1;283557
2015-06-16;34.9;35.0;33.5;34.9;221370
2015-06-15;35.0;35.0;34.0;34.3;107142
2015-06-12;35.8;35.8;34.8;34.8;184751
2015-06-11;36.0;36.6;35.7;35.9;188905
2015-06-10;37.4;37.4;36.2;36.2;434944
2015-06-09;38.0;38.0;37.2;37.4;167073
2015-06-08;37.9;38.2;37.7;38.2;114582
2015-06-05;38.4;38.6;38.0;38.0;105264
2015-06-04;38.4;38.7;38.2;38.6;174428
2015-06-03;38.6;39.0;38.4;38.4;289657
2015-06-02;39.0;39.1;38.5;38.8;905727
2015-06-01;39.4;39.4;39.0;39.1;59089
2015-05-29;39.8;39.8;39.1;39.4;145076
2015-05-28;39.4;39.9;39.2;39.7;127044
2015-05-27;39.4;39.6;39.2;39.6;63585
2015-05-26;38.6;39.7;38.6;39.3;444364
2015-05-25;39.2;39.3;38.9;39.3;19572
2015-05-22;39.3;39.4;38.8;39.3;128505
2015-05-21;39.1;39.4;39.0;39.4;200043
2015-05-20;39.2;39.4;38.8;39.4;96844
2015-05-19;39.4;39.4;38.5;39.2;129804
2015-05-18;38.5;39.4;38.5;39.3;232738
2015-05-15;39.0;39.0;38.5;38.8;150106
2015-05-14;39.4;39.5;38.9;39.0;65042
2015-05-13;39.4;39.5;38.9;39.0;65042
2015-05-12;38.9;39.4;38.3;39.4;145523
2015-05-11;39.1;39.3;38.8;39.1;64810
2015-05-08;38.0;39.3;38.0;39.3;110865
2015-05-07;38.1;38.3;37.6;38.3;405815
2015-05-06;38.3;38.5;38.1;38.3;97012
2015-05-05;39.1;39.3;38.2;38.7;202864
2015-05-04;38.6;39.3;38.3;39.1;104689
2015-05-01;38.3;38.5;37.6;38.2;264367
2015-04-30;38.3;38.5;37.6;38.2;264367
2015-04-29;39.3;39.3;38.5;38.9;172562
2015-04-28;39.8;39.8;39.0;39.4;143281
2015-04-27;39.8;39.8;39.0;39.6;127823
2015-04-24;39.6;39.8;39.0;39.1;306498
2015-04-23;40.0;40.1;39.3;39.7;305051
2015-04-22;39.8;39.9;39.1;39.2;144848
2015-04-21;40.5;40.5;39.6;39.8;188972
2015-04-20;40.0;40.5;39.8;40.3;256782
2015-04-17;40.8;40.8;39.6;39.9;580331
2015-04-16;40.0;41.0;39.1;40.8;571083
2015-04-15;41.0;41.3;40.7;41.1;219401
2015-04-14;41.0;41.1;40.7;41.0;114036
2015-04-13;41.0;41.4;40.8;41.0;130058
2015-04-10;40.8;41.1;40.5;41.1;312324
2015-04-09;40.6;41.1;40.5;40.9;206774
2015-04-08;40.6;40.9;40.3;40.6;434336
2015-04-07;40.1;40.9;39.8;40.7;243810
2015-04-02;39.9;40.1;39.4;40.1;277071
2015-04-01;39.9;39.9;39.2;39.6;230642
2015-03-31;39.8;40.0;39.6;39.9;334674
2015-03-30;38.9;39.7;38.9;39.6;499376
2015-03-27;37.6;38.7;37.6;38.7;281313
2015-03-26;37.7;37.8;36.9;37.7;153019
2015-03-25;38.3;38.3;37.6;37.8;269879
2015-03-24;38.2;38.5;37.8;37.9;173228
2015-03-23;38.0;38.3;37.8;38.3;339203
2015-03-20;37.9;38.5;37.9;38.0;185090
2015-03-19;38.4;38.5;38.0;38.2;228369
2015-03-18;38.2;38.6;37.7;38.3;517281
2015-03-17;39.3;39.3;38.1;38.3;232648
2015-03-16;38.4;39.4;38.1;39.0;235592
2015-03-13;39.0;39.0;38.0;38.0;210998
2015-03-12;38.6;38.9;38.3;38.7;230488
2015-03-11;38.4;38.7;38.2;38.7;331489
2015-03-10;39.0;39.1;38.2;38.4;2986939
2015-03-09;38.3;38.5;37.5;38.5;389426
2015-03-06;39.0;39.4;38.3;38.4;154249
2015-03-05;39.0;39.5;38.8;39.3;66590
2015-03-04;39.2;39.3;38.2;39.1;114245
2015-03-03;40.1;40.1;39.2;39.5;134285
2015-03-02;39.5;40.2;39.5;39.9;158010
2015-02-27;40.0;40.1;39.3;39.4;390318
2015-02-26;40.4;40.5;39.8;39.9;226433
2015-02-25;40.2;40.6;40.0;40.1;255990
2015-02-24;40.0;40.4;40.0;40.3;250069
2015-02-23;40.5;40.7;40.0;40.0;315633
2015-02-20;40.4;40.6;40.2;40.5;312603
2015-02-19;40.9;41.3;40.5;40.6;525806
2015-02-18;41.4;41.5;40.6;41.2;268480
2015-02-17;41.2;41.5;41.0;41.2;93435
2015-02-16;42.1;42.1;41.4;41.5;88243
2015-02-13;41.8;42.1;41.4;42.1;272290
2015-02-12;41.1;41.8;40.7;41.7;160807
2015-02-11;41.1;41.6;40.7;41.1;126191
2015-02-10;40.4;41.5;40.4;41.1;140388
2015-02-09;40.9;41.0;40.2;40.7;124733
2015-02-06;40.2;41.4;40.1;40.9;173249
2015-02-05;40.5;40.7;40.2;40.4;118127
2015-02-04;40.7;40.8;40.5;40.5;82286
2015-02-03;41.8;42.0;40.9;41.0;172808
2015-02-02;42.1;42.3;41.0;41.7;208314
2015-01-30;42.1;42.3;41.8;41.8;166326
2015-01-29;42.0;42.2;41.7;41.9;149312
2015-01-28;41.5;42.2;41.2;41.9;232808
2015-01-27;41.4;41.5;40.5;41.1;213550
2015-01-26;40.9;41.6;40.7;41.2;260894
2015-01-23;40.5;41.4;40.5;40.6;527715
2015-01-22;41.0;41.4;40.5;40.8;377510
2015-01-21;41.4;41.4;40.7;41.0;159052
2015-01-20;40.6;41.6;40.6;41.0;362177
2015-01-19;40.5;41.0;40.2;40.6;190411
2015-01-16;41.0;41.0;39.9;40.5;190592
2015-01-15;39.3;41.0;39.3;41.0;922110
2015-01-14;39.3;39.3;37.9;38.2;1425697
2015-01-13;43.0;43.2;41.8;41.8;272066
2015-01-12;43.0;44.0;42.9;43.3;190884
2015-01-09;43.0;44.5;42.7;42.7;327661
2015-01-08;41.1;44.0;41.1;43.4;480439
2015-01-07;41.6;41.7;40.7;40.8;128363
2015-01-06;;41.5;41.5;41.5;0
2015-01-05;41.9;42.3;41.5;41.5;47010
2015-01-02;41.7;42.6;41.3;41.9;71298
2015-01-01;42.1;42.1;41.3;41.9;159133
2014-12-30;42.1;42.1;41.3;41.9;159133
2014-12-29;42.0;42.3;41.5;42.3;153274
2014-12-23;41.7;42.3;41.2;42.1;182260
2014-12-22;42.5;42.5;41.7;42.0;180712
2014-12-19;42.1;42.8;41.7;42.0;377435
2014-12-18;41.8;43.0;41.8;42.7;127973
2014-12-17;43.0;43.0;41.5;42.0;236491
2014-12-16;42.9;43.3;41.8;43.3;463072
2014-12-15;42.5;43.0;42.1;42.9;158528
2014-12-12;41.9;43.0;41.7;42.8;265515
2014-12-11;42.9;43.0;42.0;43.0;345058
2014-12-10;42.0;43.0;42.0;43.0;187574
2014-12-09;41.8;43.0;41.8;42.0;116373
2014-12-08;42.7;42.9;41.9;42.5;424804
2014-12-05;43.5;43.6;42.7;42.9;203722
2014-12-04;44.5;44.5;43.2;43.7;181416
2014-12-03;44.0;44.8;43.3;44.8;194158
2014-12-02;44.4;45.0;43.6;44.0;333073
2014-12-01;42.5;44.3;42.5;44.3;413227
2014-11-28;42.5;42.8;42.5;42.7;185341
2014-11-27;42.2;42.6;41.9;42.5;86688
2014-11-26;42.9;42.9;41.8;42.0;248093
2014-11-25;42.0;43.0;42.0;42.9;288765
2014-11-24;41.2;42.0;41.2;42.0;257805
2014-11-21;40.5;41.4;40.5;41.3;230776
2014-11-20;41.0;41.0;40.4;40.8;101573
2014-11-19;40.9;41.0;40.6;40.6;77215
2014-11-18;41.0;41.0;40.6;40.7;65875
2014-11-17;41.0;41.2;40.4;41.0;66268
2014-11-14;41.2;41.2;40.4;40.9;450860
2014-11-13;41.1;41.3;40.5;40.9;131102
2014-11-12;41.0;41.1;40.8;41.1;81936
2014-11-11;40.9;41.3;40.7;40.8;90810
2014-11-10;41.1;41.3;40.8;41.2;71408
2014-11-07;41.0;41.4;40.8;41.1;103066
2014-11-06;41.0;41.4;40.9;41.0;89537
2014-11-05;40.5;41.5;40.4;41.0;1098281
2014-11-04;41.4;41.4;40.5;40.8;119983
2014-11-03;41.0;41.4;40.8;41.4;141454
2014-10-31;41.0;41.1;40.9;41.0;91725
2014-10-30;40.9;41.2;40.5;41.1;134270
2014-10-29;40.7;41.4;40.1;41.3;200440
2014-10-28;40.5;41.1;40.4;40.9;206575
2014-10-24;40.0;40.0;39.3;39.5;67597
2014-10-23;39.7;40.2;39.5;39.9;123811
2014-10-22;39.6;39.9;39.0;39.6;157901
2014-10-21;38.7;39.6;38.6;39.6;195476
2014-10-20;38.9;38.9;38.2;38.5;85224
2014-10-17;37.0;38.4;36.9;38.4;106616
2014-10-16;36.4;37.1;35.2;37.0;215842
2014-10-15;37.6;37.6;36.5;36.5;155346
2014-10-14;37.2;37.5;36.9;37.3;104902
2014-10-13;37.1;37.7;36.5;37.2;160704
2014-10-10;38.6;38.8;37.5;37.8;253319
2014-10-09;39.0;39.3;38.1;38.7;420638
2014-10-08;38.1;38.2;37.1;37.8;174224
2014-10-07;38.6;39.0;36.9;38.1;268378
2014-10-06;37.1;38.2;37.0;38.1;82366
2014-10-03;37.1;37.8;36.5;37.0;98686
2014-10-02;37.7;37.7;36.4;37.0;117075
2014-10-01;37.9;38.3;37.3;37.9;39230
2014-09-30;37.8;38.4;37.7;37.9;61208
2014-09-29;38.4;38.4;37.8;37.9;82237
2014-09-26;38.6;38.7;38.0;38.5;52991
2014-09-25;38.2;38.8;38.2;38.6;121841
2014-09-24;38.3;38.6;38.0;38.4;79441
2014-09-23;37.9;38.5;37.8;38.3;84404
2014-09-22;38.4;38.5;38.0;38.2;32928
2014-09-19;38.4;38.7;38.2;38.4;51964
2014-09-18;38.5;38.6;37.7;38.5;103789
2014-09-17;38.7;39.0;38.3;38.4;106860
2014-09-16;38.7;38.7;38.1;38.7;75266
2014-09-15;38.6;39.1;38.3;39.0;67324
2014-09-12;39.1;39.3;38.7;39.0;122412
2014-09-11;38.1;39.3;38.1;39.3;130960
2014-09-10;38.4;38.8;37.7;38.6;88667
2014-09-09;38.9;38.9;37.9;38.1;95686
2014-09-08;38.5;38.7;38.2;38.7;83010
2014-09-05;38.4;38.8;38.0;38.5;108186
2014-09-04;38.3;38.7;38.0;38.5;38663
2014-09-03;38.0;38.9;38.0;38.6;190682
2014-09-02;37.8;38.4;37.7;38.1;166339
2014-09-01;38.3;38.3;37.8;38.0;113733
2014-08-29;38.2;38.4;37.9;38.3;65298
2014-08-28;38.1;38.4;38.0;38.2;128712
2014-08-27;38.1;38.4;38.1;38.3;67228
2014-08-26;37.4;38.5;37.1;38.4;110833
2014-08-25;37.2;37.5;36.8;37.3;104756
2014-08-22;37.3;37.5;37.1;37.3;63916
2014-08-21;37.9;37.9;37.1;37.6;102200
2014-08-20;37.9;37.9;37.1;37.7;93954
2014-08-19;37.7;37.9;37.3;37.5;95657
2014-08-18;38.1;38.4;37.5;37.7;78888
2014-08-15;37.7;38.3;37.2;38.0;77573
2014-08-14;38.3;38.3;37.5;37.5;75230
2014-08-13;37.7;38.4;37.6;38.3;66112
2014-08-12;37.9;38.1;37.6;37.6;116654
2014-08-11;36.7;38.0;36.7;37.2;62197
2014-08-08;37.0;37.0;36.1;36.5;147875
2014-08-07;37.1;37.6;37.0;37.3;51186
2014-08-06;38.0;38.0;37.0;37.6;131697
2014-08-05;37.3;38.3;37.1;38.3;148979
2014-08-04;37.7;37.7;37.0;37.1;131701
2014-08-01;38.5;38.5;37.0;37.7;134902
2014-07-31;39.1;39.1;38.3;38.5;75132
2014-07-30;38.7;39.2;38.6;39.0;75346
2014-07-29;39.0;39.3;38.7;38.7;66231
2014-07-28;39.1;39.4;38.9;39.1;122365
2014-07-25;38.8;39.4;38.5;38.9;111565
2014-07-24;39.2;39.2;38.8;38.8;116182
2014-07-23;39.7;39.7;39.2;39.2;102403
2014-07-22;39.4;39.9;39.1;39.8;112431
2014-07-21;39.6;39.6;39.3;39.4;81361
2014-07-18;40.1;40.1;39.5;40.0;180447
2014-07-17;40.9;40.9;40.1;40.1;101786
2014-07-16;39.8;40.9;39.5;40.9;279109
2014-07-15;39.5;40.0;39.4;39.6;221964
2014-07-14;39.5;40.5;39.2;39.4;3633312
2014-07-11;40.5;40.8;39.4;39.5;431846
2014-07-10;40.7;41.0;40.4;40.5;217067
2014-07-09;41.0;41.0;40.3;40.7;454762
2014-07-08;41.6;42.3;40.8;41.0;1029907
2014-07-07;42.2;42.3;41.0;41.1;222187
2014-07-04;42.0;42.7;41.9;42.2;291413
2014-07-03;42.3;42.5;41.4;42.0;269817
2014-07-02;41.4;42.1;41.3;42.1;293701
2014-07-01;41.5;41.7;40.8;41.2;216599
2014-06-30;40.6;41.2;40.3;41.2;831658
2014-06-27;39.5;40.0;39.2;39.8;500119
2014-06-26;39.9;40.0;37.9;39.3;531147
2014-06-25;40.0;40.1;39.1;39.2;275642
2014-06-24;39.8;40.1;39.3;40.0;410183
2014-06-23;37.5;39.5;37.5;39.1;421462
2014-06-20;;37.6;37.6;37.6;0
2014-06-19;36.5;37.8;36.5;37.6;150856
2014-06-18;37.2;37.2;36.2;36.3;204784
2014-06-17;37.2;37.5;36.6;36.8;160471
2014-06-16;37.9;37.9;37.1;37.2;100171
2014-06-13;38.8;38.8;37.7;37.9;112665
2014-06-12;38.4;38.9;38.3;38.8;238357
2014-06-11;38.4;38.9;38.3;38.3;219079
2014-06-10;38.0;38.4;38.0;38.4;128140
2014-06-09;37.9;38.1;37.6;38.1;233378
2014-06-06;;37.9;37.9;37.9;0
2014-06-05;38.1;38.2;37.6;37.9;336071
2014-06-04;38.2;38.4;37.7;38.0;132953
2014-06-03;38.4;38.6;38.3;38.5;144804
2014-06-02;38.9;39.0;38.6;38.8;145279
2014-05-30;39.0;39.0;38.3;39.0;120760
2014-05-28;38.6;38.9;38.3;38.9;44489
2014-05-27;38.2;38.8;38.0;38.6;116019
2014-05-26;38.5;38.7;38.0;38.4;76539
2014-05-23;38.4;38.5;38.1;38.4;79141
2014-05-22;38.1;38.5;37.8;38.4;226687
2014-05-21;37.9;38.4;37.9;38.1;184041
2014-05-20;38.4;39.0;38.0;38.0;115902
2014-05-19;38.6;38.7;38.3;38.4;70111
2014-05-16;38.7;39.2;38.5;38.6;124750
2014-05-15;39.0;39.1;38.6;38.9;181154
2014-05-14;38.9;39.5;38.4;38.8;129930
2014-05-13;39.5;39.5;38.7;38.9;117779
2014-05-12;38.5;39.5;38.5;39.5;219272
2014-05-09;38.8;39.4;38.5;38.7;153115
2014-05-08;38.9;39.1;38.8;38.8;124203
2014-05-07;39.2;39.4;38.8;39.1;178408
2014-05-06;40.0;40.0;39.1;39.5;117597
2014-05-05;39.9;40.4;39.2;39.9;133466
2014-05-02;39.9;40.1;39.7;40.1;102733
2014-05-01;;39.7;39.7;39.7;0
2014-04-30;39.3;40.0;39.2;39.7;72131
2014-04-29;40.5;40.6;39.7;39.7;206991
2014-04-28;40.7;40.8;40.0;40.6;3088837
2014-04-25;40.7;41.0;40.7;40.8;71771
2014-04-24;41.1;41.1;40.6;41.0;117759
2014-04-23;40.8;40.8;40.4;40.8;69961
2014-04-22;40.5;40.8;40.2;40.8;111324
2014-04-17;40.3;40.5;40.2;40.3;40500
2014-04-16;39.9;40.3;39.7;40.2;185959
2014-04-15;40.0;40.0;39.0;39.2;120067
2014-04-14;40.3;40.3;39.1;40.0;170189
2014-04-11;41.4;41.4;40.1;40.5;152998
2014-04-10;41.8;42.2;41.6;41.7;156513
2014-04-09;40.7;41.9;40.5;41.6;969930
2014-04-08;43.0;43.4;40.5;40.7;4813769
2014-04-07;41.2;41.3;40.3;40.9;136835
2014-04-04;40.9;41.8;40.8;41.8;140046
2014-04-03;40.9;41.2;40.6;41.1;98144
2014-04-02;40.3;41.0;40.3;41.0;94834
2014-04-01;40.1;40.6;39.9;40.6;83410
2014-03-31;40.0;40.2;39.5;40.2;68046
2014-03-28;40.3;40.5;39.5;40.0;106721
2014-03-27;40.4;40.5;40.2;40.5;53868
2014-03-26;40.6;40.6;40.2;40.4;78789
2014-03-25;40.1;40.9;40.1;40.6;32078
2014-03-24;40.3;41.1;39.7;40.1;163878
2014-03-21;41.0;41.3;40.2;40.5;173428
2014-03-20;40.3;41.3;40.3;41.1;343538
2014-03-19;40.2;41.2;40.2;41.0;281868
2014-03-18;40.0;41.5;39.3;40.4;161614
2014-03-17;39.8;40.0;39.1;40.0;130903
2014-03-14;39.5;39.8;38.8;39.8;93745
2014-03-13;39.6;40.1;39.5;39.7;59821
2014-03-12;40.0;40.0;38.7;39.6;97614
2014-03-11;39.7;40.4;39.7;40.1;35387
2014-03-10;40.0;40.6;39.5;39.7;113438
2014-03-07;40.7;40.9;40.2;40.3;69462
2014-03-06;40.6;40.9;40.4;40.7;60167
2014-03-05;40.4;40.7;40.2;40.5;134854
2014-03-04;39.9;40.9;39.8;40.4;254442
2014-03-03;39.1;40.4;39.1;40.0;231323
2014-02-28;41.4;42.0;40.9;42.0;103570
2014-02-27;41.6;41.6;40.5;41.3;126631
2014-02-26;42.0;42.0;41.5;41.6;65509
2014-02-25;41.0;41.9;40.7;41.9;173137
2014-02-24;40.8;41.4;40.0;41.3;91265
2014-02-21;41.5;41.6;41.0;41.1;83067
2014-02-20;41.5;41.8;41.0;41.5;108666
2014-02-19;41.5;41.7;41.0;41.6;122735
2014-02-18;41.4;42.2;41.4;41.6;118244
2014-02-17;42.2;42.5;41.7;41.7;145026
2014-02-14;42.3;42.4;41.9;42.2;154108
2014-02-13;41.6;42.3;41.5;42.2;192709
2014-02-12;41.8;42.2;41.3;41.5;172206
2014-02-11;41.2;42.3;41.2;41.6;370261
2014-02-10;40.1;41.3;40.0;40.8;372375
2014-02-07;38.6;39.7;38.4;39.4;164480
2014-02-06;39.3;39.8;38.5;38.8;228885
2014-02-05;39.2;39.8;39.0;39.3;205076
2014-02-04;37.9;39.1;37.0;39.1;298239
2014-02-03;38.7;39.0;37.4;37.9;159866
2014-01-31;40.0;40.4;38.2;39.1;121451
2014-01-30;39.8;40.0;39.2;39.8;118541
2014-01-29;40.9;41.4;39.3;39.6;129964
2014-01-28;40.0;41.1;40.0;40.8;117924
2014-01-27;40.6;40.6;39.7;40.0;174490
2014-01-24;40.9;41.9;40.5;40.8;113610
2014-01-23;42.2;42.8;40.9;40.9;155012
2014-01-22;42.5;42.9;41.8;42.1;148736
2014-01-21;42.5;42.9;42.2;42.4;259840
2014-01-20;41.5;42.6;41.4;42.2;452993
2014-01-17;41.0;41.0;40.4;41.0;130789
2014-01-16;40.6;41.4;40.6;40.9;333341
2014-01-15;38.5;41.1;38.5;41.0;571425
2014-01-14;38.9;39.85;38.2;39.3;446674
2014-01-13;39.1;40.5;39.1;40.3;485548
2014-01-10;39.0;39.3;38.8;39.0;505919
2014-01-09;38.8;39.2;38.3;39.0;83842
2014-01-08;39.4;39.5;38.8;38.8;112230
2014-01-07;39.2;39.5;38.7;39.4;174004
2014-01-06;;38.7;38.7;38.7;0
2014-01-03;37.8;39.0;37.8;38.7;172736
2014-01-02;37.8;38.2;37.0;38.0;102420
2013-12-31;;37.8;37.8;37.8;0
2013-12-30;37.7;37.8;37.2;37.8;192588
2013-12-27;38.3;38.8;38.0;38.1;108748
2013-12-23;37.2;38.5;37.2;38.4;184716
2013-12-20;37.0;37.4;36.9;37.3;199683
2013-12-19;36.7;37.4;36.7;37.1;284335
2013-12-18;35.9;37.0;35.9;36.8;476289
2013-12-17;35.9;36.1;35.7;35.9;144498
2013-12-16;36.1;36.8;35.8;36.0;107201
2013-12-13;36.0;36.3;35.7;36.2;54607
2013-12-12;36.4;36.4;35.8;36.0;94591
2013-12-11;36.2;37.0;36.2;36.6;113399
2013-12-10;36.5;36.9;36.0;36.3;101191
2013-12-09;37.4;37.8;36.5;36.6;90318
2013-12-06;36.4;37.4;36.4;37.4;233100
2013-12-05;36.7;36.8;36.1;36.3;95288
2013-12-04;36.7;37.0;36.2;36.7;86335
2013-12-03;37.4;37.5;36.6;36.7;139039
2013-12-02;38.1;38.2;37.3;37.3;110816
2013-11-29;38.0;38.2;37.4;38.0;166203
2013-11-28;38.0;38.0;37.5;38.0;95952
2013-11-27;38.1;38.2;37.8;38.0;297299
2013-11-26;36.0;38.3;35.7;38.0;594305
2013-11-25;36.5;38.5;36.2;36.4;9093043
2013-11-22;35.2;36.7;35.2;36.5;102025
2013-11-21;35.3;35.7;34.9;35.2;135430
2013-11-20;36.1;36.3;35.2;35.4;64142
2013-11-19;36.4;36.7;36.1;36.1;43171
2013-11-18;36.5;36.9;36.2;36.5;48007
2013-11-15;36.6;37.0;36.3;36.5;54596
2013-11-14;37.3;37.5;36.1;36.7;91115
2013-11-13;37.4;37.5;35.6;37.3;73423
2013-11-12;38.0;38.1;37.4;37.6;96815
2013-11-11;37.8;38.2;37.7;38.1;157858
2013-11-08;38.0;38.1;37.5;37.8;77061
2013-11-07;38.2;38.2;37.7;38.2;53454
2013-11-06;38.4;38.6;37.5;38.2;135382
2013-11-05;37.6;38.5;37.3;38.4;106342
2013-11-04;38.0;39.0;37.0;38.0;229505
2013-11-01;38.4;38.5;37.8;38.5;16610
2013-10-31;37.9;38.4;37.8;38.3;46883
2013-10-30;37.6;38.0;37.5;37.7;51122
2013-10-29;37.5;37.8;37.5;37.6;56094
2013-10-28;38.1;38.6;37.1;37.5;63317
2013-10-25;38.6;38.7;37.9;38.1;62041
2013-10-24;38.9;39.3;38.4;38.6;72482
2013-10-23;39.4;39.4;38.2;38.9;83138
2013-10-22;39.7;39.8;39.2;39.4;127794
2013-10-21;39.7;39.9;39.1;39.9;118900
2013-10-18;38.7;39.9;38.7;39.7;113834
2013-10-17;38.2;38.9;37.8;38.9;86941
2013-10-16;38.4;38.5;37.7;38.2;99421
2013-10-15;37.8;38.6;37.8;38.6;73451
2013-10-14;38.7;38.7;36.9;37.6;194168
2013-10-11;37.5;38.9;37.5;38.8;160809
2013-10-10;37.2;37.8;37.1;37.4;109559
2013-10-09;39.0;39.1;37.0;37.2;589683
2013-10-08;40.0;40.1;39.0;39.1;170183
2013-10-07;40.4;40.4;38.6;40.1;276216
2013-10-04;39.4;40.8;39.1;40.5;230050
2013-10-03;38.7;40.9;38.7;39.4;329575
2013-10-02;41.9;42.0;38.0;38.8;1253894
2013-10-01;42.1;43.0;42.1;43.0;266545
2013-09-30;41.4;42.8;40.7;42.8;217474
2013-09-27;41.6;41.6;40.6;41.4;133212
2013-09-26;40.2;41.8;40.1;41.5;184780
2013-09-25;41.0;41.0;40.0;40.3;102494
2013-09-24;40.9;41.0;40.0;41.0;82670
2013-09-23;40.1;41.4;39.6;40.7;123658
2013-09-20;40.8;41.2;40.1;40.4;183156
2013-09-19;41.5;41.8;40.2;40.7;224767
2013-09-18;41.7;41.8;40.8;41.0;293687
2013-09-17;41.7;42.0;41.3;41.7;208073
2013-09-16;40.0;42.0;40.0;41.7;235643
2013-09-13;40.4;40.4;39.5;40.0;146392
2013-09-12;39.1;40.8;39.0;40.4;171919
2013-09-11;39.0;39.3;38.8;39.1;68661
2013-09-10;38.6;39.2;38.6;39.0;163176
2013-09-09;38.8;39.4;38.2;38.6;71964
2013-09-06;38.0;39.3;37.1;38.9;241832
2013-09-05;38.3;38.5;38.1;38.5;92584
2013-09-04;38.4;38.9;37.9;38.4;128315
2013-09-03;39.0;39.3;38.4;38.4;134233
2013-09-02;38.3;39.9;38.3;39.0;222667
2013-08-30;37.9;38.9;37.9;38.3;304407
2013-08-29;36.2;39.3;36.1;38.3;402928
2013-08-28;35.0;36.2;34.6;36.2;238843
2013-08-27;34.9;35.3;34.4;35.0;132121
2013-08-26;34.7;34.8;34.1;34.6;84425
2013-08-23;34.0;34.7;33.8;34.4;93087
2013-08-22;33.6;34.1;33.3;34.0;62093
2013-08-21;34.0;34.0;33.3;33.8;64499
2013-08-20;33.9;34.0;33.4;34.0;69873
2013-08-19;34.5;34.5;33.2;34.0;68010
2013-08-16;34.2;34.6;34.1;34.5;41877
2013-08-15;34.8;34.8;34.2;34.3;51816
2013-08-14;34.1;34.9;34.1;34.9;72369
2013-08-13;34.2;35.0;34.2;34.3;121288
2013-08-12;33.2;34.4;33.2;34.3;209834
2013-08-09;32.9;33.4;32.9;33.2;135183
2013-08-08;32.8;33.0;32.8;32.9;34953
2013-08-07;32.9;33.0;32.3;32.8;33947
2013-08-06;32.3;33.0;32.1;33.0;86527
2013-08-05;32.2;32.6;32.2;32.5;25125
2013-08-02;32.4;32.6;32.1;32.2;45209
2013-08-01;32.4;32.5;32.0;32.4;72699
2013-07-31;32.2;32.5;32.1;32.3;20919
2013-07-30;32.4;32.5;32.0;32.2;47873
2013-07-29;32.3;32.5;32.1;32.5;19839
2013-07-26;32.4;32.4;32.0;32.3;25509
2013-07-25;31.9;32.5;31.9;32.5;27509
2013-07-24;32.3;32.4;31.9;32.2;20026
2013-07-23;32.2;32.6;32.0;32.3;18250
2013-07-22;32.5;32.8;31.6;32.3;72764
2013-07-19;32.8;33.0;32.6;32.9;27571
2013-07-18;32.7;33.0;32.5;33.0;71989
2013-07-17;32.7;32.9;32.5;32.7;30300
2013-07-16;32.0;32.9;32.0;32.9;68599
2013-07-15;33.1;33.2;31.9;32.2;105597
2013-07-12;33.1;33.3;32.9;33.2;72968
2013-07-11;33.1;33.2;32.7;33.2;92626
2013-07-10;33.5;33.6;32.8;33.1;76704
2013-07-09;33.4;33.4;33.0;33.4;54620
2013-07-08;32.8;33.2;32.6;32.8;55938
2013-07-05;32.5;33.0;32.5;33.0;68299
2013-07-04;33.3;33.5;32.3;32.5;88020
2013-07-03;33.8;33.9;32.9;33.2;55353
2013-07-02;32.8;34.0;32.6;34.0;179086
2013-07-01;32.1;32.8;31.7;32.7;254287
2013-06-28;32.5;34.2;31.6;32.8;631214
2013-06-27;29.5;30.0;29.1;29.7;113922
2013-06-26;29.1;29.1;28.8;29.1;66488
2013-06-25;28.4;29.3;28.3;29.3;101040
2013-06-24;29.7;30.2;28.0;28.5;149579
2013-06-21;;30.6;30.6;30.6;0
2013-06-20;30.8;31.0;30.2;30.6;84546
2013-06-19;31.5;31.6;31.1;31.3;83035
2013-06-18;31.5;31.5;31.0;31.5;72952
2013-06-17;30.4;31.5;30.3;31.5;156946
2013-06-14;30.2;30.5;29.8;30.5;234982
2013-06-13;29.9;30.5;29.6;30.5;118454
2013-06-12;30.0;30.3;29.5;30.2;217223
2013-06-11;29.8;30.1;29.2;30.1;555834
2013-06-10;29.6;29.8;28.9;29.3;89085
2013-06-07;29.2;29.8;29.1;29.7;34032
2013-06-06;;29.4;29.4;29.4;0
2013-06-05;29.8;29.9;29.3;29.4;161982
2013-06-04;30.1;30.5;29.8;29.8;131135
2013-06-03;30.0;30.3;29.5;30.1;133247
2013-05-31;29.9;30.4;29.8;30.0;600298
2013-05-30;29.6;30.1;29.6;30.1;83207
2013-05-29;30.3;30.4;29.9;29.9;72989
2013-05-28;30.2;30.8;30.2;30.5;67351
2013-05-27;29.9;30.6;29.9;30.2;75802
2013-05-24;29.2;30.4;29.1;30.0;103057
2013-05-23;29.9;29.9;29.2;29.3;135980
2013-05-22;30.5;30.5;29.9;30.3;52646
2013-05-21;29.8;30.5;29.7;30.2;181268
2013-05-20;29.6;30.7;29.2;30.2;221030
2013-05-17;30.9;30.9;29.4;29.8;238243
2013-05-16;29.4;31.0;29.4;31.0;383984
2013-05-15;29.0;29.5;28.8;29.5;182412
2013-05-14;28.7;28.9;28.6;28.9;110010
2013-05-13;28.3;28.7;28.1;28.7;116545
2013-05-10;27.9;28.4;27.4;28.3;116374
2013-05-09;;28.3;28.3;28.3;0
2013-05-08;26.9;28.3;26.7;28.3;179026
2013-05-07;25.4;26.8;24.8;26.8;143361
2013-05-06;25.0;25.4;24.8;25.4;56750
2013-05-03;25.0;25.3;24.8;25.2;78103
2013-05-02;25.3;25.5;24.8;25.2;74233
2013-05-01;;25.6;25.6;25.6;0
2013-04-30;25.4;25.7;25.4;25.6;73523
2013-04-29;25.8;26.0;25.5;25.5;132435
2013-04-26;25.9;26.0;25.6;25.8;61420
2013-04-25;26.2;26.4;25.9;26.0;107248
2013-04-24;26.3;26.5;26.2;26.2;57520
2013-04-23;26.2;26.3;26.1;26.3;53678
2013-04-22;26.4;26.4;26.1;26.2;72184
2013-04-19;26.2;26.4;26.0;26.4;69500
2013-04-18;26.6;26.7;26.1;26.2;109089
2013-04-17;26.7;26.9;25.9;26.4;194087
2013-04-16;26.4;27.1;26.4;26.7;191152
2013-04-15;26.7;27.2;26.5;26.7;275659
2013-04-12;26.5;26.9;26.1;26.7;556875
2013-04-11;26.9;28.2;26.9;27.5;263714
2013-04-10;28.0;28.1;27.6;27.9;111512
2013-04-09;28.0;28.4;27.8;28.4;106717
2013-04-08;27.9;28.4;27.7;28.4;120551
2013-04-05;27.8;28.2;27.6;28.0;105067
2013-04-04;27.8;28.2;27.8;28.2;113957
2013-04-03;28.0;28.3;27.8;27.8;34980
2013-04-02;28.4;28.4;27.6;28.0;62876
2013-04-01;;28.4;28.4;28.4;0
2013-03-29;28.3;28.4;28.4;28.4;71022
2013-03-28;28.3;28.4;27.8;28.0;71022
2013-03-27;28.3;28.4;27.8;28.0;71022
2013-03-26;28.1;28.3;27.8;28.3;121841
2013-03-25;27.8;28.2;27.6;28.0;116978
2013-03-22;27.6;27.9;27.5;27.8;60178
2013-03-21;27.8;28.0;27.6;27.9;64058
2013-03-20;28.0;28.4;27.8;28.1;84725
2013-03-19;28.3;28.6;28.2;28.4;70392
2013-03-18;28.5;28.6;27.8;28.6;66296
2013-03-15;28.7;28.8;28.6;28.7;135741
2013-03-14;28.9;28.9;28.7;28.9;122128
2013-03-13;28.9;28.9;28.5;28.9;122469
2013-03-12;28.6;28.8;28.3;28.7;142426
2013-03-11;28.1;28.7;28.0;28.7;221371
2013-03-08;27.6;28.2;27.6;28.1;107726
2013-03-07;27.8;28.0;27.6;27.9;71288
2013-03-06;27.9;28.3;27.8;27.9;185286
2013-03-05;28.0;28.0;27.7;27.8;72025
2013-03-04;26.9;28.0;26.6;28.0;136233
2013-03-01;27.1;27.3;26.9;27.2;61903
2013-02-28;27.2;27.5;26.9;27.1;256099
2013-02-27;27.4;27.4;27.0;27.3;71068
2013-02-26;27.4;27.4;26.8;27.2;127349
2013-02-25;28.0;28.3;27.8;27.8;62518
2013-02-22;28.0;28.5;27.9;28.3;130310
2013-02-21;27.7;28.0;27.5;28.0;133498
2013-02-20;27.2;27.9;27.0;27.8;130857
2013-02-19;27.2;27.2;26.4;27.2;240861
2013-02-18;27.3;27.3;27.0;27.2;191464
2013-02-15;28.2;28.3;27.1;27.4;176266
2013-02-14;28.9;29.1;28.0;28.4;109053
2013-02-13;28.2;28.9;28.0;28.9;101166
2013-02-12;29.0;29.0;27.7;28.3;87521
2013-02-11;4.72;4.78;4.55;4.78;778733
2013-02-08;4.73;4.73;4.5;4.7;722390
2013-02-07;4.74;4.78;4.7;4.73;484478
2013-02-06;4.77;4.78;4.72;4.74;340962
2013-02-05;4.8;4.8;4.71;4.77;548929
2013-02-04;4.95;4.95;4.78;4.79;895893
2013-02-01;4.8;4.93;4.8;4.86;923078
2013-01-31;4.95;4.95;4.76;4.76;1225846
2013-01-30;5.05;5.05;4.92;4.95;948548
2013-01-29;4.96;5.05;4.87;5.05;1168115
2013-01-28;5.1;5.1;4.95;4.96;1668699
2013-01-25;5.1;5.1;5.0;5.1;1266390
2013-01-24;5.0;5.1;4.98;5.0;2224778
2013-01-23;4.85;5.15;4.83;5.0;3189677
2013-01-22;4.89;4.89;4.8;4.82;750463
2013-01-21;4.8;4.97;4.8;4.89;1143841
2013-01-18;4.87;4.88;4.66;4.77;3330852
2013-01-17;5.0;5.05;4.82;4.87;3995717
2013-01-16;5.1;5.3;4.95;5.1;15705148
2013-01-15;4.3;4.38;4.25;4.37;1680619
2013-01-14;4.3;4.32;4.25;4.25;1384050
2013-01-11;4.3;4.34;4.25;4.3;676785
2013-01-10;4.4;4.4;4.17;4.26;1524735
2013-01-09;4.4;4.49;4.31;4.41;851950
2013-01-08;4.63;4.63;4.3;4.41;2114116
2013-01-07;4.56;4.65;4.56;4.64;777531
2013-01-04;4.49;4.6;4.49;4.56;564122
2013-01-03;4.5;4.51;4.4;4.49;910153
2013-01-02;4.5;4.6;4.45;4.49;1161554
2013-01-01;;4.3;4.3;4.3;0
2012-12-31;;4.3;4.3;4.3;0
2012-12-28;4.32;4.37;4.24;4.3;1089933
