Dates;Open;High;Low;Close;Volume
2017-12-27;58.5;59.2;58.45;59.1;188576
2017-12-22;58.75;58.95;58.25;58.6;285325
2017-12-21;59.3;59.4;58.55;59.05;345083
2017-12-20;59.4;59.65;59.05;59.3;294759
2017-12-19;59.8;59.9;59.15;59.4;239990
2017-12-18;58.65;59.95;58.65;59.8;356946
2017-12-15;58.6;58.75;58.05;58.6;336201
2017-12-14;59.35;59.4;58.6;58.65;194945
2017-12-13;59.5;59.9;59.2;59.4;283452
2017-12-12;59.5;59.95;59.4;59.7;229303
2017-12-11;59.75;60.0;59.2;59.75;321170
2017-12-08;58.95;59.8;58.85;59.8;323295
2017-12-07;58.7;59.3;58.55;58.95;194482
2017-12-06;59.45;59.45;58.7;58.9;259917
2017-12-05;59.0;59.95;59.0;59.55;220678
2017-12-04;59.15;59.75;58.95;59.2;261867
2017-12-01;59.4;59.6;58.6;59.05;651313
2017-11-30;59.15;59.55;59.0;59.45;688666
2017-11-29;58.7;59.35;58.7;59.1;376807
2017-11-28;58.9;58.95;58.25;58.6;257786
2017-11-27;58.85;59.3;58.5;58.95;322368
2017-11-24;57.75;58.85;57.65;58.7;429976
2017-11-23;58.1;58.15;57.25;57.75;423458
2017-11-22;59.25;59.3;58.1;58.25;260142
2017-11-21;58.4;59.45;58.25;59.25;380242
2017-11-20;58.35;59.25;58.3;58.45;454646
2017-11-17;59.95;59.95;58.5;58.65;646915
2017-11-16;58.95;59.8;58.9;59.65;533983
2017-11-15;58.9;58.9;58.25;58.9;437197
2017-11-14;58.65;59.4;58.55;58.9;349339
2017-11-13;58.4;59.25;58.05;58.75;350504
2017-11-10;59.0;59.5;58.3;59.0;410678
2017-11-09;59.95;60.2;59.2;59.3;437579
2017-11-08;59.7;60.3;59.55;59.9;547454
2017-11-07;60.2;60.4;59.6;59.65;356418
2017-11-06;59.8;60.45;59.8;60.05;354335
2017-11-03;59.8;60.15;59.8;59.8;211710
2017-11-02;60.2;60.5;59.6;59.7;344241
2017-11-01;59.8;60.45;59.75;60.15;995614
2017-10-31;59.8;59.95;59.1;59.75;528259
2017-10-30;59.15;60.5;59.15;59.8;1307990
2017-10-27;58.95;59.05;58.1;58.95;525406
2017-10-26;57.55;59.05;57.55;58.8;906055
2017-10-25;57.95;59.15;57.4;58.1;1409348
2017-10-24;58.7;58.9;57.4;57.9;466465
2017-10-23;58.9;59.1;58.55;58.65;407675
2017-10-20;59.15;59.25;58.55;58.65;491779
2017-10-19;58.8;59.25;58.55;58.95;544938
2017-10-18;58.0;59.15;57.7;58.75;2255143
2017-10-17;57.95;58.05;57.6;57.85;352266
2017-10-13;58.7;58.7;57.75;57.85;483704
2017-10-12;58.25;58.85;58.05;58.65;419609
2017-10-11;58.0;58.35;57.95;58.25;489083
2017-10-10;57.45;58.3;57.15;58.25;628851
2017-10-09;56.95;57.7;56.75;57.55;394934
2017-10-06;57.05;57.7;56.9;57.05;965349
2017-10-05;56.3;57.1;56.25;57.05;791099
2017-10-04;56.9;57.0;55.8;56.35;803584
2017-10-03;56.25;56.95;56.25;56.85;722086
2017-10-02;56.0;56.35;55.7;56.25;737725
2017-09-29;55.3;56.3;55.05;56.05;1085556
2017-09-28;56.0;56.0;54.9;55.2;373590
2017-09-27;56.2;56.4;55.35;55.6;466820
2017-09-26;55.35;56.1;55.35;56.0;647248
2017-09-25;55.0;55.55;54.7;55.35;356315
2017-09-22;54.8;55.1;54.55;54.75;532933
2017-09-21;54.75;55.05;54.35;54.9;203172
2017-09-20;54.65;55.2;54.6;54.85;273788
2017-09-19;54.4;55.05;54.4;54.6;282705
2017-09-18;54.8;55.15;54.3;54.45;310991
2017-09-15;54.05;55.5;54.0;55.0;1088491
2017-09-14;54.05;54.35;53.9;54.2;226056
2017-09-13;54.05;54.3;53.65;54.05;296406
2017-09-12;54.4;54.4;53.95;54.2;193820
2017-09-11;53.55;54.35;53.5;54.25;464497
2017-09-08;53.3;53.8;53.3;53.65;244304
2017-09-07;52.85;53.55;52.45;53.5;410763
2017-09-06;52.6;52.6;52.2;52.5;335001
2017-09-04;53.25;53.3;52.6;53.2;292389
2017-09-01;53.5;54.1;53.4;53.4;337564
2017-08-31;53.35;53.55;53.15;53.4;503825
2017-08-30;53.0;53.3;52.7;53.0;616859
2017-08-29;52.6;53.1;52.45;52.9;209565
2017-08-28;52.7;53.4;52.7;53.1;141619
2017-08-25;52.75;53.0;52.55;52.65;409317
2017-08-24;53.55;53.65;52.8;52.95;361011
2017-08-23;53.5;53.6;53.15;53.45;285979
2017-08-22;53.25;53.5;53.05;53.5;262187
2017-08-21;52.65;53.1;52.45;53.05;404195
2017-08-18;53.7;53.7;52.7;52.9;259897
2017-08-17;53.95;54.2;53.7;53.75;488335
2017-08-16;53.65;54.2;53.55;53.9;335898
2017-08-15;54.2;54.35;53.55;53.65;185858
2017-08-14;53.2;54.25;53.1;54.2;292627
2017-08-11;54.5;54.5;53.3;53.45;266355
2017-08-10;55.35;55.45;54.7;54.75;256239
2017-08-09;55.4;55.5;54.95;55.25;228145
2017-08-08;55.15;55.8;55.15;55.75;233742
2017-08-07;55.8;55.85;55.05;55.5;230459
2017-08-04;55.75;55.8;55.35;55.55;215400
2017-08-03;55.5;55.95;55.2;55.75;465915
2017-08-02;54.65;55.85;54.25;55.55;998124
2017-08-01;53.1;54.8;53.05;54.8;538230
2017-07-31;53.0;53.65;53.0;53.1;321656
2017-07-28;54.0;54.0;53.2;53.45;500441
2017-07-27;53.75;54.25;53.75;54.0;181460
2017-07-26;53.85;54.2;53.3;53.8;642502
2017-07-25;53.25;53.8;52.9;53.7;626510
2017-07-24;53.4;53.9;53.1;53.25;336815
2017-07-21;53.3;53.75;53.3;53.6;305548
2017-07-20;54.0;54.15;53.45;53.5;308376
2017-07-19;53.85;54.0;53.2;53.9;284767
2017-07-18;53.5;54.1;53.4;53.75;335879
2017-07-17;54.5;54.55;53.5;53.5;283898
2017-07-14;54.15;54.45;53.7;54.45;355286
2017-07-13;54.5;54.5;53.35;54.15;444091
2017-07-12;52.5;54.3;52.5;53.9;738561
2017-07-11;52.55;52.65;51.75;52.5;374534
2017-07-10;52.0;52.65;52.0;52.55;305818
2017-07-07;51.85;52.0;51.35;52.0;212055
2017-07-06;52.15;52.85;51.25;51.6;781412
2017-07-05;51.6;52.2;51.05;52.1;310453
2017-07-04;51.35;51.65;50.9;51.6;320824
2017-07-03;51.75;52.05;51.3;51.5;365541
2017-06-30;51.0;51.75;50.95;51.6;383565
2017-06-29;51.5;52.05;51.15;51.3;465774
2017-06-28;52.3;52.6;51.4;51.45;768852
2017-06-27;53.0;53.35;52.25;52.35;249851
2017-06-26;53.25;53.65;53.05;53.1;393502
2017-06-23;;53.25;53.25;53.25;0
2017-06-22;53.15;53.4;52.6;53.25;446385
2017-06-21;53.5;53.65;53.0;53.15;398123
2017-06-20;54.95;55.15;53.4;53.5;1164791
2017-06-19;55.8;55.8;54.85;55.1;475397
2017-06-16;55.75;55.75;55.2;55.35;947048
2017-06-15;55.95;55.95;55.0;55.1;658428
2017-06-14;55.35;55.95;55.05;55.9;853661
2017-06-13;54.8;55.45;54.65;54.85;570606
2017-06-12;55.7;55.75;54.65;54.9;613395
2017-06-09;55.05;55.9;54.85;55.55;582930
2017-06-08;55.9;55.9;55.05;55.35;672361
2017-06-07;55.2;55.9;55.2;55.6;810569
2017-06-06;;55.15;55.15;55.15;0
2017-06-05;54.0;55.4;53.95;55.15;707531
2017-06-02;53.5;54.0;53.1;54.0;475691
2017-06-01;52.6;53.4;52.55;53.3;512102
2017-05-31;53.0;53.05;52.3;52.6;517807
2017-05-30;52.35;52.9;52.05;52.85;452207
2017-05-29;52.8;52.8;52.05;52.45;294091
2017-05-26;52.4;53.15;52.2;52.8;565458
2017-05-24;52.0;52.4;51.65;52.4;230861
2017-05-23;52.0;52.1;51.45;51.95;1122995
2017-05-22;51.6;52.35;51.55;52.05;278279
2017-05-19;51.15;51.65;50.85;51.6;368922
2017-05-18;52.25;52.8;51.05;51.3;744228
2017-05-17;52.6;52.85;52.3;52.8;527148
2017-05-16;52.05;52.7;52.05;52.65;555854
2017-05-15;52.6;52.7;51.8;52.15;449101
2017-05-12;51.95;52.6;52.6;52.6;498883
2017-05-11;51.9;52.45;51.6;52.05;1073877
2017-05-10;52.05;52.05;51.15;51.6;360017
2017-05-09;51.75;52.2;51.6;52.1;708729
2017-05-08;50.9;51.75;50.9;51.55;559658
2017-05-05;50.0;50.75;49.85;50.65;404086
2017-05-04;50.25;50.25;49.51;49.95;407515
2017-05-03;50.3;50.4;49.83;49.89;329688
2017-05-02;49.8;50.3;49.6;50.3;489330
2017-05-01;;49.6;49.6;49.6;0
2017-04-28;50.1;50.3;49.34;49.6;833904
2017-04-27;50.2;50.45;49.8;50.35;577918
2017-04-26;51.0;51.15;49.76;50.3;1129565
2017-04-25;51.3;52.65;51.15;52.65;1523069
2017-04-24;51.65;51.75;51.2;51.5;669508
2017-04-21;52.05;52.1;51.4;51.45;522014
2017-04-20;52.35;52.35;51.8;52.1;490177
2017-04-19;52.9;52.9;52.3;52.35;639591
2017-04-18;52.05;52.8;51.75;52.8;879203
2017-04-13;52.2;52.25;52.05;52.2;98813
2017-04-12;51.8;52.4;51.75;52.4;574566
2017-04-11;51.35;52.25;51.25;51.8;692369
2017-04-10;51.55;51.55;51.1;51.5;443525
2017-04-07;51.15;51.65;50.75;51.55;648253
2017-04-06;50.9;51.05;50.4;51.05;402501
2017-04-05;50.35;51.1;50.1;50.9;583417
2017-04-04;49.68;50.15;49.53;50.1;785388
2017-04-03;51.3;51.35;49.5;49.63;858704
2017-03-31;50.1;51.5;50.0;51.35;526256
2017-03-30;50.85;50.85;49.96;50.2;389519
2017-03-29;50.4;51.0;50.1;50.85;576792
2017-03-28;50.55;50.6;50.0;50.15;561484
2017-03-27;50.85;50.85;50.25;50.7;495321
2017-03-24;51.4;51.65;50.85;50.95;391427
2017-03-23;50.95;51.5;50.65;51.5;724816
2017-03-22;51.3;51.3;50.4;50.75;1608892
2017-03-21;51.8;51.8;51.3;51.4;1045759
2017-03-20;51.8;52.1;51.2;51.6;1410829
2017-03-17;50.8;51.9;50.75;51.75;1208074
2017-03-16;49.5;51.0;49.5;51.0;1576895
2017-03-15;49.38;49.6;49.15;49.52;1243967
2017-03-14;49.49;49.49;49.04;49.31;1320301
2017-03-13;49.6;49.65;49.09;49.65;1076551
2017-03-10;49.75;49.6;49.6;49.6;1001081
2017-03-09;49.87;50.25;49.5;50.0;665874
2017-03-08;50.5;50.5;49.54;49.85;729691
2017-03-07;51.3;51.3;50.25;50.45;556318
2017-03-06;51.8;51.8;51.15;51.6;540996
2017-03-03;51.5;51.7;51.7;51.7;562338
2017-03-02;51.65;51.75;51.0;51.45;696711
2017-03-01;51.85;51.85;51.0;51.65;537087
2017-02-28;51.7;51.85;50.9;51.85;733208
2017-02-27;52.2;52.55;51.15;51.75;711639
2017-02-24;53.05;53.15;52.25;52.45;484585
2017-02-23;53.7;53.7;53.0;53.05;396937
2017-02-22;53.45;53.8;53.2;53.7;379932
2017-02-21;53.5;53.55;53.2;53.45;460647
2017-02-20;53.75;54.2;53.4;53.4;394085
2017-02-17;54.3;54.3;52.8;53.75;1260227
2017-02-16;55.0;55.85;54.4;54.85;432982
2017-02-15;55.0;55.5;54.8;54.8;484350
2017-02-14;54.4;55.1;54.0;54.95;314756
2017-02-13;55.0;55.1;54.3;54.4;275671
2017-02-10;55.55;55.7;54.75;55.0;314345
2017-02-09;56.0;56.4;55.45;55.45;174235
2017-02-08;55.2;56.25;55.1;56.1;325287
2017-02-07;54.6;55.3;54.5;55.2;380183
2017-02-06;54.3;54.6;53.8;54.5;563985
2017-02-03;56.2;56.2;53.1;54.3;1769703
2017-02-02;56.6;56.65;56.25;56.6;329555
2017-02-01;56.35;56.95;56.35;56.6;318018
2017-01-31;55.9;56.65;55.45;56.35;411863
2017-01-30;55.5;56.1;55.15;55.45;385494
2017-01-27;55.7;55.8;54.85;55.5;322031
2017-01-26;55.0;56.0;55.0;55.6;504749
2017-01-25;55.5;55.75;55.0;55.15;320987
2017-01-24;55.25;55.9;55.05;55.65;366316
2017-01-23;54.25;55.25;54.1;55.25;524283
2017-01-20;54.4;54.95;53.95;54.55;344094
2017-01-19;53.85;54.5;53.65;54.35;351467
2017-01-18;54.25;54.35;53.6;54.35;163193
2017-01-17;54.25;54.4;53.65;54.2;206092
2017-01-16;54.25;54.75;54.1;54.25;493067
2017-01-13;54.75;54.95;54.35;54.65;456983
2017-01-12;55.0;55.05;54.4;54.6;419879
2017-01-11;55.3;55.3;54.75;55.3;306401
2017-01-10;55.65;55.65;55.1;55.45;629688
2017-01-09;55.85;56.2;55.15;55.3;538146
2017-01-06;;55.75;55.75;55.75;0
2017-01-05;55.5;55.9;55.15;55.75;384063
2017-01-04;56.2;56.5;55.25;55.55;318826
2017-01-03;58.5;58.5;56.05;56.1;628000
2017-01-02;57.75;59.0;57.3;58.25;322069
2016-12-30;56.75;58.0;56.25;57.75;241346
2016-12-29;56.0;57.0;55.75;56.75;341369
2016-12-28;55.75;56.25;55.75;56.25;296148
2016-12-27;55.75;56.0;55.5;55.75;226425
2016-12-23;55.25;55.75;55.0;55.5;153684
2016-12-22;55.75;55.75;55.0;55.25;129696
2016-12-21;56.0;56.0;55.0;55.5;260393
2016-12-20;55.75;56.0;55.0;55.5;265329
2016-12-19;55.0;56.0;55.0;55.75;458493
2016-12-16;54.75;55.75;54.75;55.0;351728
2016-12-15;55.5;55.5;54.25;54.75;374111
2016-12-14;56.0;56.25;55.5;55.75;424346
2016-12-13;55.5;56.0;55.25;56.0;431741
2016-12-12;56.75;56.75;55.25;55.5;417338
2016-12-09;55.25;57.0;55.25;56.5;377879
2016-12-08;56.0;56.5;55.25;55.5;262852
2016-12-07;56.25;56.5;55.5;56.25;391589
2016-12-06;55.75;56.0;55.25;55.75;417123
2016-12-05;55.75;56.0;55.25;55.5;185083
2016-12-02;55.75;56.0;55.25;55.75;208157
2016-12-01;57.0;57.25;55.5;56.0;496839
2016-11-30;57.0;57.25;56.0;56.5;701148
2016-11-29;56.5;56.75;56.0;56.75;404646
2016-11-28;56.25;56.75;55.75;56.25;541912
2016-11-25;55.75;56.25;55.5;56.0;363732
2016-11-24;55.5;55.75;55.0;55.5;516631
2016-11-23;54.5;56.25;54.5;55.0;821187
2016-11-22;54.0;54.25;53.25;54.0;342478
2016-11-21;54.0;54.25;53.5;53.75;581254
2016-11-18;54.0;54.5;53.5;53.75;909376
2016-11-17;53.5;54.25;53.0;53.75;1079270
2016-11-16;53.75;54.0;53.25;53.5;1177193
2016-11-15;52.0;53.75;51.75;53.75;981022
2016-11-14;53.5;53.5;51.75;51.75;667501
2016-11-11;53.0;53.25;52.5;52.75;1731996
2016-11-10;55.0;55.25;52.5;52.5;570055
2016-11-09;53.0;55.75;53.0;54.5;322799
2016-11-08;55.5;55.75;54.75;55.0;291131
2016-11-07;55.0;55.75;54.5;55.5;491101
2016-11-04;54.75;55.0;54.0;54.0;173541
2016-11-03;55.0;56.0;55.0;55.0;265268
2016-11-02;55.25;55.75;55.0;55.25;499174
2016-11-01;57.0;57.25;55.5;55.5;230031
2016-10-31;57.5;58.0;56.75;57.0;260070
2016-10-28;57.5;57.75;56.0;57.5;529692
2016-10-27;57.5;58.25;57.0;57.25;230707
2016-10-26;59.0;59.0;57.25;57.75;238601
2016-10-25;59.0;59.25;58.25;58.75;517716
2016-10-24;59.5;59.5;58.75;58.75;399248
2016-10-21;59.25;59.5;58.75;59.25;463039
2016-10-20;59.0;59.25;57.5;59.0;553220
2016-10-19;59.5;60.25;58.25;58.5;411075
2016-10-18;58.0;59.0;57.75;59.0;750896
2016-10-17;58.75;58.75;57.5;57.75;251708
2016-10-14;58.75;59.0;58.5;58.75;213560
2016-10-13;58.0;59.0;58.0;58.75;527552
2016-10-12;57.25;58.75;57.25;58.25;628570
2016-10-11;59.0;59.0;57.5;57.5;496274
2016-10-10;59.0;59.25;57.5;59.0;611079
2016-10-07;59.5;59.75;58.25;58.5;751110
2016-10-06;62.0;62.0;59.25;59.25;746578
2016-10-05;62.75;62.75;61.5;61.5;474219
2016-10-04;63.25;63.5;62.25;62.75;232054
2016-10-03;63.0;63.75;62.75;63.0;239758
2016-09-30;62.75;63.0;62.0;62.75;201307
2016-09-29;64.5;64.5;62.75;63.0;203500
2016-09-28;64.0;64.5;63.5;63.75;175369
2016-09-27;63.75;64.0;62.75;63.75;172866
2016-09-26;63.5;63.5;62.5;63.25;239648
2016-09-23;63.75;64.25;63.25;63.5;239574
2016-09-22;63.25;63.75;62.75;63.5;366329
2016-09-21;63.5;63.5;62.5;62.75;282877
2016-09-20;63.0;63.5;63.0;63.5;220405
2016-09-19;62.5;63.75;62.5;63.25;188294
2016-09-16;62.5;63.25;62.25;62.75;1750191
2016-09-15;62.5;63.25;62.5;62.75;604206
2016-09-14;62.5;63.0;62.0;62.75;209750
2016-09-13;64.0;64.5;62.5;62.75;344022
2016-09-12;64.0;64.75;62.75;64.25;379609
2016-09-09;66.5;66.5;64.25;64.5;373796
2016-09-08;68.0;68.0;66.25;66.5;544408
2016-09-07;68.0;68.0;67.0;68.0;382333
2016-09-06;67.25;67.75;66.75;67.5;334659
2016-09-05;67.0;67.5;66.5;66.75;152116
2016-09-02;65.75;67.0;65.5;66.75;236201
2016-09-01;66.5;66.75;66.0;66.0;209255
2016-08-31;66.0;66.5;65.75;66.25;214767
2016-08-30;66.0;66.0;65.25;65.75;329574
2016-08-29;66.0;66.0;65.0;65.75;229350
2016-08-26;65.0;66.25;64.5;66.0;262424
2016-08-25;65.75;66.0;65.0;65.0;198833
2016-08-24;65.75;66.0;65.5;66.0;360976
2016-08-23;65.0;65.75;65.0;65.75;314815
2016-08-22;64.25;65.25;64.0;64.75;351548
2016-08-19;65.0;65.0;64.0;64.25;152037
2016-08-18;64.0;65.0;63.75;65.0;637125
2016-08-17;63.25;63.5;62.75;63.5;297542
2016-08-16;63.75;64.0;63.25;63.5;206699
2016-08-15;63.25;64.0;63.25;63.75;122729
2016-08-12;63.5;64.0;63.25;63.5;117627
2016-08-11;64.75;64.75;63.5;64.0;147454
2016-08-10;64.0;64.75;63.75;64.25;244903
2016-08-09;63.0;64.75;63.0;64.75;310568
2016-08-08;63.25;63.75;62.5;63.5;278027
2016-08-05;62.5;63.75;62.5;63.75;70852
2016-08-04;63.5;64.0;62.5;63.25;226397
2016-08-03;64.75;64.75;63.25;63.5;103633
2016-08-02;64.5;64.75;63.5;64.5;165662
2016-08-01;63.75;64.75;63.75;64.5;177475
2016-07-29;63.5;64.0;63.25;63.75;176965
2016-07-28;61.25;63.5;61.25;63.5;247301
2016-07-27;62.0;62.0;60.75;61.75;107078
2016-07-26;61.5;61.75;60.5;61.5;109177
2016-07-25;60.5;61.25;60.5;61.25;141905
2016-07-22;59.25;60.5;59.25;60.5;166076
2016-07-21;60.25;60.5;59.25;60.25;87872
2016-07-20;59.5;60.5;59.0;60.25;193516
2016-07-19;58.75;59.5;58.25;59.0;137143
2016-07-18;58.0;58.75;58.0;58.5;129875
2016-07-15;58.25;59.0;58.0;58.5;140335
2016-07-14;58.0;59.25;58.0;58.75;183885
2016-07-13;59.5;59.75;57.75;58.75;312356
2016-07-12;57.5;58.75;57.5;58.5;292760
2016-07-11;57.0;58.0;57.0;57.75;146332
2016-07-08;55.0;56.75;54.5;56.75;210346
2016-07-07;54.0;56.25;54.0;54.75;314255
2016-07-06;55.0;55.5;54.0;54.0;148127
2016-07-05;56.5;56.5;55.25;55.25;159115
2016-07-04;55.75;56.75;55.25;56.25;94882
2016-07-01;55.0;56.25;55.0;56.0;230842
2016-06-30;54.25;55.5;54.25;54.75;241582
2016-06-29;54.25;57.0;53.75;54.75;102194
2016-06-28;54.0;54.5;53.25;53.75;220097
2016-06-27;52.75;54.0;52.25;53.75;417773
2016-06-24;;55.5;55.5;55.5;0
2016-06-23;55.25;56.25;55.0;55.5;247941
2016-06-22;55.0;55.75;55.0;55.25;94969
2016-06-21;53.0;55.25;52.75;55.0;577112
2016-06-20;52.5;54.0;52.5;53.5;208785
2016-06-17;52.25;53.0;52.0;52.5;434507
2016-06-16;53.25;53.25;52.0;52.25;206408
2016-06-15;53.75;54.25;53.25;53.25;297433
2016-06-14;55.0;55.0;53.5;53.5;308725
2016-06-13;55.75;56.25;55.0;55.25;211630
2016-06-10;57.5;57.5;56.0;56.25;196473
2016-06-09;58.75;58.75;57.75;57.75;177442
2016-06-08;58.0;58.75;57.75;58.5;220481
2016-06-07;57.5;58.5;57.5;58.0;257217
2016-06-06;;57.75;57.75;57.75;0
2016-06-03;58.25;58.75;57.5;57.75;500159
2016-06-02;58.75;58.75;57.75;58.0;156583
2016-06-01;59.0;59.0;58.25;58.75;116374
2016-05-31;59.0;59.0;58.0;59.0;431862
2016-05-30;59.0;59.25;58.5;59.0;145967
2016-05-27;58.75;59.25;58.0;59.25;265170
2016-05-26;57.5;58.5;57.5;58.5;495178
2016-05-25;57.5;58.25;57.0;58.25;281630
2016-05-24;55.5;57.0;55.5;57.0;182357
2016-05-23;55.25;56.75;55.25;56.75;244198
2016-05-20;55.5;56.0;54.75;55.5;430775
2016-05-19;56.25;56.25;55.0;55.75;153971
2016-05-18;56.25;56.5;55.75;56.0;103229
2016-05-17;56.0;56.5;55.25;56.5;206477
2016-05-16;56.0;56.0;55.25;55.75;158572
2016-05-13;55.25;56.0;55.25;56.0;524258
2016-05-12;56.5;56.5;54.75;55.5;349752
2016-05-11;57.0;57.0;56.0;56.5;240199
2016-05-10;56.75;57.5;56.5;57.0;301664
2016-05-09;56.5;57.0;56.0;57.0;218737
2016-05-06;55.75;56.25;55.5;56.0;242242
2016-05-05;56.25;56.25;55.25;55.75;173611
2016-05-04;56.25;56.25;55.25;55.75;173611
2016-05-03;55.75;56.0;54.25;56.0;712642
2016-05-02;55.5;55.75;55.25;55.75;122948
2016-04-29;56.75;56.75;55.0;55.25;267211
2016-04-28;58.0;58.0;56.75;58.0;447362
2016-04-27;57.0;57.75;57.0;57.0;263917
2016-04-26;56.5;57.5;56.25;56.75;480361
2016-04-25;55.75;56.5;55.5;56.25;260443
2016-04-22;57.5;57.5;55.75;55.75;245360
2016-04-21;58.0;58.0;56.25;57.0;347350
2016-04-20;56.0;57.75;56.0;57.75;608847
2016-04-19;56.0;56.5;55.5;56.0;277312
2016-04-18;56.25;56.5;55.25;55.25;268507
2016-04-15;56.0;56.75;55.75;56.0;200286
2016-04-14;57.5;57.5;55.5;56.0;642575
2016-04-13;59.0;59.25;56.75;57.25;750256
2016-04-12;59.5;59.75;58.0;58.25;289852
2016-04-11;59.0;60.0;58.25;59.25;387199
2016-04-08;58.25;58.75;58.25;58.25;197982
2016-04-07;58.5;59.0;57.5;58.25;170373
2016-04-06;57.0;58.5;56.75;57.5;296054
2016-04-05;57.0;57.25;56.25;57.0;249996
2016-04-04;57.25;57.25;56.5;57.0;176865
2016-04-01;57.5;57.5;56.5;56.75;181048
2016-03-31;57.75;57.75;57.5;57.5;227058
2016-03-30;57.5;58.5;57.5;57.75;199640
2016-03-29;58.0;58.5;57.25;57.25;202375
2016-03-28;57.75;58.5;58.0;58.0;37930
2016-03-25;57.75;58.5;57.75;58.0;37930
2016-03-24;57.75;58.5;57.75;58.0;37930
2016-03-23;58.5;59.0;58.0;58.0;190869
2016-03-22;59.25;59.25;58.5;58.75;206045
2016-03-21;58.5;59.25;58.25;59.0;150430
2016-03-18;59.5;59.75;58.25;59.0;308735
2016-03-17;58.5;59.5;58.0;59.5;484397
2016-03-16;59.0;59.25;57.5;58.0;331529
2016-03-15;57.25;58.5;57.0;58.5;377527
2016-03-14;56.25;57.5;56.25;57.5;289428
2016-03-11;55.25;56.25;55.25;56.0;332201
2016-03-10;56.0;56.25;55.25;55.25;307333
2016-03-09;56.25;56.25;55.25;55.5;232429
2016-03-08;56.75;56.75;56.0;56.25;155050
2016-03-07;57.0;57.75;56.5;56.75;124073
2016-03-04;57.25;58.0;57.25;57.5;248747
2016-03-03;57.5;58.25;57.5;57.5;308095
2016-03-02;57.5;57.75;57.0;57.25;576321
2016-03-01;57.75;57.75;56.0;57.0;610858
2016-02-29;56.75;58.5;56.5;57.5;392777
2016-02-26;57.5;57.75;56.75;56.75;249819
2016-02-25;57.5;58.0;56.75;57.0;276621
2016-02-24;57.25;57.75;56.0;56.25;825023
2016-02-23;57.25;58.0;56.5;56.5;247021
2016-02-22;57.0;57.5;56.75;57.0;551441
2016-02-19;56.75;57.0;56.25;56.25;192340
2016-02-18;57.0;57.25;56.25;56.5;359247
2016-02-17;58.25;58.75;56.75;56.75;324515
2016-02-16;57.25;57.75;56.25;57.0;278255
2016-02-15;56.75;57.5;56.25;57.0;371978
2016-02-12;55.0;56.5;55.0;55.75;434464
2016-02-11;54.25;55.5;52.75;55.0;1087426
2016-02-10;52.25;54.75;52.0;54.25;406006
2016-02-09;52.5;53.5;51.5;51.75;353378
2016-02-08;55.5;55.75;52.5;52.75;398306
2016-02-05;56.0;56.75;55.25;55.25;166830
2016-02-04;57.0;57.5;55.5;55.75;232978
2016-02-03;56.0;57.5;55.5;56.25;226102
2016-02-02;56.5;56.75;55.5;55.5;197134
2016-02-01;57.0;57.75;56.5;56.75;256635
2016-01-29;54.5;57.25;54.5;57.25;292531
2016-01-28;54.25;55.25;54.0;54.25;226392
2016-01-27;56.25;56.25;54.0;54.5;239512
2016-01-26;54.0;56.0;54.0;55.75;143704
2016-01-25;54.5;56.25;54.25;55.5;237973
2016-01-22;54.25;55.5;54.25;54.75;274534
2016-01-21;54.0;54.0;52.25;54.0;368004
2016-01-20;54.0;54.75;52.5;53.0;309002
2016-01-19;55.0;55.5;54.0;54.75;208197
2016-01-18;55.25;55.5;54.25;54.25;333608
2016-01-15;56.5;57.25;54.75;55.25;238307
2016-01-14;56.0;57.0;56.0;56.5;248236
2016-01-13;58.75;58.75;57.75;57.75;207373
2016-01-12;57.0;58.25;57.0;57.5;184159
2016-01-11;58.0;58.25;56.5;56.75;222497
2016-01-08;60.0;60.5;57.25;57.25;250730
2016-01-07;59.5;59.75;57.75;59.25;340314
2016-01-06;;60.0;60.0;60.0;0
2016-01-05;60.5;60.75;60.0;60.0;87073
2016-01-04;60.0;61.0;58.0;60.5;186223
2016-01-01;;60.5;60.5;60.5;0
2015-12-31;;60.5;60.5;60.5;0
2015-12-30;61.0;61.25;60.5;60.5;103037
2015-12-29;60.0;61.25;59.5;61.0;207561
2015-12-28;60.0;60.25;59.25;60.0;128480
2015-12-25;60.5;60.5;59.0;60.0;143197
2015-12-24;60.5;60.5;59.0;60.0;143197
2015-12-23;60.5;60.5;59.0;60.0;143197
2015-12-22;60.0;61.25;58.75;59.75;297290
2015-12-21;62.0;62.25;59.75;60.0;390582
2015-12-18;61.0;62.75;61.0;62.0;511947
2015-12-17;61.0;61.75;60.0;61.5;630648
2015-12-16;58.5;61.25;58.0;59.5;446001
2015-12-15;57.25;59.25;57.0;58.75;235402
2015-12-14;59.25;59.75;57.25;57.25;157137
2015-12-11;59.5;59.5;58.25;59.25;193865
2015-12-10;59.25;60.5;59.25;60.0;379442
2015-12-09;59.25;60.0;58.25;60.0;336881
2015-12-08;61.0;61.75;59.25;59.5;204466
2015-12-07;60.75;62.25;60.75;61.5;323007
2015-12-04;62.0;62.0;60.25;60.5;329671
2015-12-03;63.0;63.75;62.0;62.0;235584
2015-12-02;63.0;64.0;63.0;63.0;234591
2015-12-01;62.0;64.0;62.0;63.5;332497
2015-11-30;61.75;62.5;61.0;62.5;373019
2015-11-27;61.5;62.0;61.25;61.75;165144
2015-11-26;61.5;62.0;61.25;62.0;350269
2015-11-25;60.75;61.25;60.5;61.25;595404
2015-11-24;61.25;61.25;60.0;60.5;304442
2015-11-23;62.0;62.0;61.25;61.25;170403
2015-11-20;61.5;62.0;61.5;62.0;212685
2015-11-19;62.75;62.75;61.5;62.0;181708
2015-11-18;61.5;62.25;61.25;62.0;171173
2015-11-17;61.5;62.25;61.5;62.0;493660
2015-11-16;60.75;61.75;59.75;61.25;191907
2015-11-13;61.0;61.0;59.75;60.75;203944
2015-11-12;61.75;62.0;61.0;61.0;140344
2015-11-11;62.5;62.75;61.0;61.5;315794
2015-11-10;63.0;63.0;61.75;62.0;277307
2015-11-09;65.0;65.0;63.0;63.0;330516
2015-11-06;65.0;66.5;65.0;65.0;922673
2015-11-05;65.25;65.5;64.75;65.25;276839
2015-11-04;63.5;65.5;63.5;65.25;562620
2015-11-03;64.75;64.75;63.25;63.25;214599
2015-11-02;64.0;65.0;63.75;64.75;371739
2015-10-30;64.25;64.5;63.5;64.0;100202
2015-10-29;65.0;65.25;64.0;64.25;80318
2015-10-28;64.75;65.0;63.75;64.0;288050
2015-10-27;64.0;64.5;64.0;64.5;162429
2015-10-26;64.25;64.75;64.0;64.75;311765
2015-10-23;63.5;65.0;63.25;64.75;439539
2015-10-22;61.25;63.75;61.0;63.25;723690
2015-10-21;62.5;62.5;61.75;62.0;337548
2015-10-20;61.75;62.5;61.25;62.0;249247
2015-10-19;60.0;60.75;60.0;60.5;237703
2015-10-16;60.75;61.0;60.0;60.25;528279
2015-10-15;61.25;61.5;60.0;60.5;274651
2015-10-14;62.25;62.25;60.75;61.25;322123
2015-10-13;62.25;62.5;61.75;62.25;631275
2015-10-12;61.25;62.25;61.25;62.0;345468
2015-10-09;60.5;62.25;60.25;60.75;915912
2015-10-08;58.75;60.5;58.5;60.25;197342
2015-10-07;58.5;59.75;58.25;58.5;204415
2015-10-06;58.75;59.25;58.0;58.5;252078
2015-10-05;56.5;59.25;56.5;58.25;291758
2015-10-02;55.5;56.25;55.5;56.25;133379
2015-10-01;56.25;56.75;54.75;55.0;419846
2015-09-30;56.25;56.5;56.0;56.25;286538
2015-09-29;56.5;56.75;55.5;56.0;321790
2015-09-28;56.5;57.25;56.5;57.0;234290
2015-09-25;56.5;57.5;56.5;56.75;217822
2015-09-24;57.0;57.5;55.5;55.5;213202
2015-09-23;56.0;57.5;55.5;57.0;376955
2015-09-22;57.0;57.25;55.75;56.25;159015
2015-09-21;56.0;57.5;56.0;57.0;263370
2015-09-18;56.5;56.75;55.0;56.0;937633
2015-09-17;56.25;57.5;56.25;56.75;603943
2015-09-16;55.5;56.0;55.25;56.0;210968
2015-09-15;56.25;56.5;54.75;55.5;400004
2015-09-14;57.25;58.0;55.5;56.0;275080
2015-09-11;59.5;59.5;57.75;58.0;442791
2015-09-10;59.25;59.75;58.5;59.5;342723
2015-09-09;59.75;59.75;59.0;59.25;212566
2015-09-08;58.0;59.5;57.5;58.5;207014
2015-09-07;59.75;59.75;58.0;58.5;155831
2015-09-04;59.0;59.0;57.5;58.75;212374
2015-09-03;57.5;59.75;57.5;59.25;770264
2015-09-02;55.0;56.75;54.5;56.75;643009
2015-09-01;56.75;56.75;53.75;54.25;565211
2015-08-31;56.0;56.75;54.5;56.75;250996
2015-08-28;56.75;57.0;55.0;55.75;301889
2015-08-27;56.25;57.0;56.0;56.5;253403
2015-08-26;56.0;58.5;54.75;55.75;405383
2015-08-25;54.5;57.0;54.0;56.0;293180
2015-08-24;56.0;56.25;54.0;54.5;546607
2015-08-21;58.5;58.75;57.5;57.5;135094
2015-08-20;59.5;60.0;58.25;59.0;154898
2015-08-19;62.0;62.0;59.5;60.0;232367
2015-08-18;62.0;62.5;61.25;62.0;199828
2015-08-17;62.5;63.0;61.5;62.0;123902
2015-08-14;61.0;62.5;61.0;62.5;207072
2015-08-13;60.5;61.75;60.5;61.0;215347
2015-08-12;60.75;61.5;60.25;61.0;247260
2015-08-11;61.0;61.5;60.25;61.0;135066
2015-08-10;60.0;61.0;59.75;61.0;175745
2015-08-07;61.0;61.0;60.0;60.25;75983
2015-08-06;61.0;61.0;60.0;60.25;229997
2015-08-05;60.0;61.0;60.0;60.75;134952
2015-08-04;60.0;60.75;59.5;60.25;140075
2015-08-03;57.75;60.0;57.5;59.5;243993
2015-07-31;57.75;58.5;56.75;57.75;243584
2015-07-30;59.5;59.5;57.75;58.0;132351
2015-07-29;59.0;60.0;58.5;58.75;202845
2015-07-28;57.5;58.5;57.0;58.5;287719
2015-07-27;58.25;58.75;57.0;57.0;173423
2015-07-24;58.75;59.25;58.25;58.25;120598
2015-07-23;59.25;60.0;58.75;59.0;139336
2015-07-22;61.0;61.0;59.0;59.0;417359
2015-07-21;61.25;63.75;60.75;61.0;523902
2015-07-20;63.5;63.5;61.5;61.5;561791
2015-07-17;66.0;66.25;63.75;64.25;246763
2015-07-16;63.75;66.0;63.75;65.75;488415
2015-07-15;64.75;64.75;63.75;64.25;147903
2015-07-14;65.0;65.0;64.0;64.25;606742
2015-07-13;65.5;66.25;65.25;65.75;385359
2015-07-10;64.5;65.25;64.25;65.0;330020
2015-07-09;62.0;64.0;61.75;64.0;263167
2015-07-08;60.0;62.5;60.0;62.0;336221
2015-07-07;59.5;60.5;59.5;60.0;311523
2015-07-06;60.0;60.5;59.0;59.5;393479
2015-07-03;58.5;60.5;58.5;60.0;369368
2015-07-02;58.0;60.0;58.0;58.25;319845
2015-07-01;56.75;58.5;56.75;58.25;224967
2015-06-30;55.75;57.25;55.75;56.25;371022
2015-06-29;56.25;57.75;56.0;56.0;308309
2015-06-26;56.5;58.75;56.5;58.25;229344
2015-06-25;57.75;59.0;57.25;57.5;328946
2015-06-24;59.25;59.25;57.75;58.25;173601
2015-06-23;57.5;59.0;57.25;59.0;329542
2015-06-22;57.0;57.75;57.0;57.25;396639
2015-06-19;;57.0;57.0;57.0;0
2015-06-18;57.75;58.0;57.0;57.0;1443000
2015-06-17;57.25;58.0;57.25;57.5;465567
2015-06-16;57.25;58.0;56.75;57.5;372713
2015-06-15;57.5;57.75;56.75;57.5;1017220
2015-06-12;58.25;58.75;57.0;57.5;1384823
2015-06-11;55.75;58.25;55.75;57.0;1184356
2015-06-10;54.0;56.0;53.75;55.75;780000
2015-06-09;52.75;54.25;52.75;54.0;904539
2015-06-08;52.5;53.25;52.25;52.75;493416
2015-06-05;54.75;54.75;52.5;53.0;966953
2015-06-04;53.5;55.0;53.0;55.0;549516
2015-06-03;54.0;55.25;53.5;53.75;685992
2015-06-02;55.25;55.5;54.0;54.0;588953
2015-06-01;55.5;55.75;54.25;55.0;666045
2015-05-29;55.5;55.75;54.5;55.0;562726
2015-05-28;55.75;56.75;55.0;55.5;480426
2015-05-27;56.5;57.0;56.0;56.0;450738
2015-05-26;58.25;58.75;56.5;56.5;360936
2015-05-25;57.75;58.25;56.75;58.25;158147
2015-05-22;58.5;59.0;57.5;57.75;219638
2015-05-21;59.0;59.5;57.25;58.5;362851
2015-05-20;59.5;61.0;58.75;59.0;676656
2015-05-19;58.5;59.5;58.5;59.5;238881
2015-05-18;59.5;60.5;58.0;58.75;444595
2015-05-15;58.0;59.75;58.0;59.5;376979
2015-05-14;56.75;57.75;56.75;57.75;130036
2015-05-13;56.75;57.75;56.75;57.75;130036
2015-05-12;56.5;57.25;56.0;56.5;750940
2015-05-11;57.0;58.0;56.0;57.25;455894
2015-05-08;56.0;57.0;55.25;57.0;648288
2015-05-07;56.75;57.0;54.25;55.5;1123993
2015-05-06;58.5;59.0;57.0;57.0;564329
2015-05-05;61.25;61.25;58.75;58.75;356897
2015-05-04;60.75;62.25;60.5;61.5;323789
2015-05-01;60.25;61.0;59.5;60.75;198430
2015-04-30;60.25;61.0;59.5;60.75;198430
2015-04-29;62.0;63.0;60.0;60.0;481919
2015-04-28;64.25;64.25;61.375;61.75;542223
2015-04-27;63.5;64.5;63.25;64.0;148053
2015-04-24;65.5;65.75;63.25;63.75;337756
2015-04-23;65.5;66.25;63.75;63.75;423638
2015-04-22;66.0;66.25;65.0;65.25;216472
2015-04-21;66.5;66.5;65.5;65.75;138998
2015-04-20;64.0;66.0;64.0;66.0;360128
2015-04-17;66.0;66.75;63.75;64.0;487749
2015-04-16;67.25;67.25;66.0;66.0;224660
2015-04-15;66.5;67.75;66.5;67.25;205828
2015-04-14;66.75;67.25;65.75;66.5;341582
2015-04-13;68.75;68.75;67.5;67.5;184684
2015-04-10;68.25;69.0;68.25;68.75;247809
2015-04-09;67.0;69.0;67.0;68.75;229913
2015-04-08;68.75;69.0;67.75;68.0;245774
2015-04-07;68.25;69.25;68.0;68.0;466866
2015-04-02;67.25;68.0;67.0;68.0;64429
2015-04-01;66.5;67.5;66.25;67.0;251775
2015-03-31;66.0;67.5;66.0;66.75;280362
2015-03-30;64.75;66.25;64.75;66.25;396464
2015-03-27;65.25;66.25;64.5;64.75;239046
2015-03-26;66.5;66.5;64.5;65.25;382466
2015-03-25;66.5;68.25;66.0;66.5;594389
2015-03-24;65.5;66.5;64.5;66.5;272073
2015-03-23;65.75;66.0;65.25;65.5;148386
2015-03-20;66.0;66.5;65.75;65.75;282839
2015-03-19;64.25;66.25;63.75;66.0;832806
2015-03-18;63.25;65.75;63.25;64.5;791167
2015-03-17;63.75;64.25;62.5;63.25;378854
2015-03-16;62.75;64.0;62.25;63.75;725013
2015-03-13;61.75;62.75;61.5;62.75;748087
2015-03-12;60.0;61.75;60.0;61.75;997913
2015-03-11;59.0;61.5;59.0;59.75;906109
2015-03-10;62.0;62.5;59.0;59.25;587720
2015-03-09;62.75;62.75;60.25;61.75;901894
2015-03-06;65.5;66.25;62.75;62.75;664798
2015-03-05;67.0;68.0;66.0;66.25;302342
2015-03-04;68.25;68.25;66.5;67.0;946717
2015-03-03;69.0;69.5;68.25;68.25;750324
2015-03-02;68.25;69.25;68.25;69.0;753463
2015-02-27;68.75;69.0;68.25;68.5;476005
2015-02-26;67.5;68.75;67.25;68.75;497377
2015-02-25;67.25;68.0;67.0;67.5;575656
2015-02-24;68.5;68.5;66.5;67.25;613606
2015-02-23;67.75;68.25;67.0;68.0;538358
2015-02-20;68.0;68.75;67.5;68.0;649243
2015-02-19;69.0;69.0;67.25;68.0;432457
2015-02-18;67.0;69.0;66.5;69.0;799267
2015-02-17;69.0;69.25;64.25;66.5;1008495
2015-02-16;67.5;68.75;66.5;68.0;437968
2015-02-13;67.25;68.25;67.25;67.25;326060
2015-02-12;65.0;67.5;64.75;67.25;489002
2015-02-11;65.75;65.75;64.5;65.0;219753
2015-02-10;63.75;66.25;63.5;65.5;459801
2015-02-09;66.0;66.0;64.0;64.0;393487
2015-02-06;66.0;67.25;64.75;66.25;542501
2015-02-05;64.5;66.0;64.25;66.0;500105
2015-02-04;65.75;65.75;64.5;64.75;347468
2015-02-03;65.5;66.0;65.25;65.75;366933
2015-02-02;63.75;65.5;63.5;65.5;696272
2015-01-30;63.25;64.5;62.5;63.5;781320
2015-01-29;61.5;63.0;61.5;63.0;833359
2015-01-28;60.25;61.75;59.75;61.5;710888
2015-01-27;60.0;60.5;59.5;60.25;503934
2015-01-26;59.0;60.5;58.75;60.5;522724
2015-01-23;59.75;60.0;58.75;59.25;1140797
2015-01-22;59.75;60.0;59.0;59.75;587721
2015-01-21;60.5;61.0;58.75;59.5;799679
2015-01-20;59.5;60.5;58.75;60.25;697934
2015-01-19;59.5;59.5;58.0;59.25;465015
2015-01-16;58.75;59.5;57.75;59.5;401139
2015-01-15;58.0;58.75;57.25;58.5;466431
2015-01-14;59.0;59.25;57.75;57.75;1927577
2015-01-13;59.25;59.25;58.25;59.25;1264993
2015-01-12;58.0;59.75;58.0;59.25;301838
2015-01-09;58.25;58.75;58.0;58.25;538449
2015-01-08;57.75;59.0;57.5;58.5;692005
2015-01-07;56.75;57.75;55.75;57.5;572735
2015-01-06;;57.5;57.5;57.5;0
2015-01-05;57.5;57.75;57.0;57.5;215228
2015-01-02;56.25;57.75;56.0;57.5;438157
2015-01-01;56.0;56.75;54.75;56.5;336964
2014-12-30;56.0;56.75;54.75;56.5;336964
2014-12-29;56.0;56.75;55.75;56.0;176889
2014-12-23;55.5;56.0;54.75;56.0;807488
2014-12-22;54.0;56.25;54.0;55.5;501124
2014-12-19;53.75;54.25;53.75;54.0;765998
2014-12-18;52.25;53.75;52.25;53.25;561700
2014-12-17;51.75;52.0;51.25;52.0;1419748
2014-12-16;53.0;53.25;51.0;51.75;878049
2014-12-15;53.0;53.25;52.5;53.0;322458
2014-12-12;53.25;53.75;52.75;53.0;360144
2014-12-11;53.0;53.5;52.75;53.25;527197
2014-12-10;53.25;53.75;53.0;53.0;417021
2014-12-09;53.25;53.5;52.75;53.25;444494
2014-12-08;53.25;53.75;52.75;53.5;338107
2014-12-05;52.5;53.5;52.5;53.25;586127
2014-12-04;52.5;54.0;51.75;52.0;832898
2014-12-03;50.75;52.75;50.5;52.0;729734
2014-12-02;50.0;51.25;50.0;50.5;585543
2014-12-01;49.1;50.25;49.1;50.0;374710
2014-11-28;49.0;49.9;49.0;49.6;592685
2014-11-27;49.5;49.7;49.2;49.2;238501
2014-11-26;49.6;50.0;49.2;49.3;385988
2014-11-25;49.4;49.8;49.0;49.6;386478
2014-11-24;48.9;49.5;48.7;49.2;466748
2014-11-21;48.1;49.1;48.1;48.9;465458
2014-11-20;48.2;48.3;47.4;48.1;673540
2014-11-19;47.8;48.2;47.5;48.1;503117
2014-11-18;46.5;47.8;46.5;47.7;722169
2014-11-17;46.6;46.7;45.9;46.4;379572
2014-11-14;46.4;46.9;46.0;46.7;684983
2014-11-13;46.2;46.4;45.6;46.0;588099
2014-11-12;46.0;46.4;45.9;46.0;1003284
2014-11-11;45.2;45.7;45.2;45.6;285477
2014-11-10;44.6;45.3;44.3;45.2;368242
2014-11-07;45.5;45.5;44.5;44.5;400597
2014-11-06;45.3;45.8;45.0;45.3;500787
2014-11-05;45.6;45.9;45.5;45.5;535333
2014-11-04;45.4;45.8;45.1;45.4;388318
2014-11-03;45.8;45.9;45.3;45.4;280380
2014-10-31;45.3;45.9;45.3;45.9;297957
2014-10-30;45.3;45.3;44.1;44.7;548847
2014-10-29;45.1;45.7;44.6;45.0;745342
2014-10-28;44.4;45.2;44.4;45.1;691180
2014-10-24;44.8;44.9;43.8;44.4;396743
2014-10-23;43.2;44.5;43.0;44.4;385807
2014-10-22;42.9;43.7;42.6;43.6;882543
2014-10-21;41.7;42.9;41.1;42.9;881428
2014-10-20;41.6;41.7;40.8;41.5;297611
2014-10-17;39.7;41.4;39.7;41.4;867220
2014-10-16;40.2;40.5;37.2;39.7;1574625
2014-10-15;42.0;42.0;39.8;40.0;1065425
2014-10-14;41.4;42.0;41.0;41.9;707824
2014-10-13;40.0;41.8;39.5;40.8;664325
2014-10-10;40.7;40.8;40.1;40.3;439726
2014-10-09;41.2;41.8;40.6;41.0;658880
2014-10-08;41.0;41.3;40.3;40.7;1047015
2014-10-07;42.7;43.1;40.9;41.3;538261
2014-10-06;43.9;44.2;42.9;42.9;471506
2014-10-03;43.4;43.9;42.4;43.8;2200384
2014-10-02;43.2;43.6;42.7;43.4;1450967
2014-10-01;42.7;43.5;42.4;43.4;1485460
2014-09-30;42.0;42.9;41.5;42.9;1611259
2014-09-29;42.2;42.2;41.7;42.1;1706791
2014-09-26;42.3;42.4;41.5;42.3;1057353
2014-09-25;42.4;42.9;41.9;42.2;1126970
2014-09-24;41.6;42.7;41.2;42.4;1026891
2014-09-23;41.8;42.2;40.6;41.8;1287201
2014-09-22;42.7;42.8;41.8;41.9;413959
2014-09-19;43.1;44.6;42.2;42.7;1039042
2014-09-18;44.0;44.2;43.2;44.1;235544
2014-09-17;43.7;44.0;42.3;43.9;240250
2014-09-16;45.4;46.2;45.0;46.2;287497
2014-09-15;44.7;45.8;44.6;45.4;155407
2014-09-12;46.0;46.2;45.0;46.0;174397
2014-09-11;46.3;46.5;45.8;45.9;141921
2014-09-10;46.5;46.8;46.1;46.5;112551
2014-09-09;46.4;47.1;46.1;46.8;298644
2014-09-08;46.9;46.9;46.2;46.5;114386
2014-09-05;46.6;47.3;46.5;47.1;117093
2014-09-04;47.3;47.9;46.7;46.7;97151
2014-09-03;47.3;47.8;46.9;47.6;96675
2014-09-02;47.5;47.9;46.9;47.0;170229
2014-09-01;47.5;47.8;47.2;47.4;88888
2014-08-29;47.4;47.7;47.2;47.4;110274
2014-08-28;48.1;48.3;47.3;47.6;134551
2014-08-27;47.5;48.4;47.4;48.4;225334
2014-08-26;47.6;47.9;47.1;47.6;210496
2014-08-25;48.0;48.2;47.5;48.0;106031
2014-08-22;48.2;48.4;47.4;48.0;252178
2014-08-21;48.6;49.0;48.2;48.4;141120
2014-08-20;48.6;48.9;48.3;48.5;115416
2014-08-19;48.5;49.4;48.3;48.6;217088
2014-08-18;47.0;48.4;46.5;48.4;198373
2014-08-15;46.5;46.9;45.7;46.4;431710
2014-08-14;47.7;48.0;47.2;47.4;289016
2014-08-13;48.0;49.0;47.5;47.7;234912
2014-08-12;48.0;48.2;47.3;47.9;173860
2014-08-11;46.4;48.2;46.4;48.0;175801
2014-08-08;45.3;46.6;45.2;45.8;208604
2014-08-07;46.3;46.7;45.7;45.9;169078
2014-08-06;47.2;47.2;46.0;46.3;152537
2014-08-05;47.5;48.2;47.4;47.4;160712
2014-08-04;47.8;48.3;47.3;47.5;151855
2014-08-01;48.6;48.8;47.3;47.8;150425
2014-07-31;49.8;49.8;48.4;48.5;293926
2014-07-30;50.0;50.25;49.2;49.8;181929
2014-07-29;50.0;50.5;50.0;50.25;154917
2014-07-28;50.5;50.75;50.0;50.25;116967
2014-07-25;50.25;50.75;50.0;50.25;103643
2014-07-24;50.25;51.0;50.25;50.5;128525
2014-07-23;49.9;51.0;49.9;50.25;202801
2014-07-22;50.25;50.5;49.5;49.8;133397
2014-07-21;50.75;50.75;50.0;50.0;156293
2014-07-18;50.25;51.0;50.25;51.0;164004
2014-07-17;51.0;51.25;50.5;50.5;135310
2014-07-16;51.25;51.75;51.0;51.25;114301
2014-07-15;51.75;52.0;50.75;51.0;266373
2014-07-14;51.5;52.25;51.0;51.75;115062
2014-07-11;51.75;51.75;51.0;51.5;146315
2014-07-10;51.5;52.0;50.75;51.5;258127
2014-07-09;51.75;52.0;51.5;51.5;87628
2014-07-08;52.5;52.5;51.5;51.5;113196
2014-07-07;53.0;53.0;52.0;52.25;101052
2014-07-04;52.75;53.5;52.5;52.75;116045
2014-07-03;51.75;53.5;51.25;52.75;420310
2014-07-02;50.75;51.5;50.75;51.5;254785
2014-07-01;50.5;51.0;50.5;50.75;135289
2014-06-30;51.25;52.0;50.25;50.25;355620
2014-06-27;52.5;52.75;51.25;51.25;145932
2014-06-26;52.0;52.5;52.0;52.25;146478
2014-06-25;52.5;52.5;51.5;52.25;142909
2014-06-24;51.75;52.75;51.75;52.75;204242
2014-06-23;50.75;51.75;50.5;51.75;245657
2014-06-20;;50.75;50.75;50.75;0
2014-06-19;51.0;51.5;50.25;50.75;876646
2014-06-18;51.0;51.5;50.25;50.75;423135
2014-06-17;49.1;51.5;49.1;51.0;497763
2014-06-16;50.0;50.25;48.6;49.1;343195
2014-06-13;52.25;52.25;49.6;50.5;440097
2014-06-12;53.0;53.25;52.0;52.0;541355
2014-06-11;54.5;54.5;53.0;53.25;270418
2014-06-10;55.0;55.5;53.0;54.5;514549
2014-06-09;53.75;55.0;53.75;55.0;224789
2014-06-06;;53.5;53.5;53.5;0
2014-06-05;53.25;54.0;53.0;53.5;259368
2014-06-04;52.75;53.25;52.25;53.25;280016
2014-06-03;54.0;54.25;52.75;52.75;288147
2014-06-02;52.5;54.5;52.0;53.75;291025
2014-05-30;53.25;53.25;52.25;52.25;303152
2014-05-28;53.5;53.5;53.0;53.0;137675
2014-05-27;52.25;54.25;52.0;53.5;341271
2014-05-26;53.25;53.75;52.25;52.5;139902
2014-05-23;53.0;53.5;52.75;53.25;234335
2014-05-22;51.5;53.0;51.5;53.0;246846
2014-05-21;51.75;52.0;50.75;51.5;242048
2014-05-20;52.75;53.0;51.75;51.75;138922
2014-05-19;51.25;53.0;51.25;52.5;202817
2014-05-16;52.25;52.75;51.0;51.25;236272
2014-05-15;53.5;54.0;52.0;52.0;567836
2014-05-14;54.25;54.5;53.25;53.5;259595
2014-05-13;54.25;55.0;54.0;54.25;141503
2014-05-12;53.75;54.5;53.75;54.25;151901
2014-05-09;54.0;54.25;53.5;53.5;225317
2014-05-08;53.75;54.5;53.25;54.0;430689
2014-05-07;53.25;53.75;53.0;53.5;179581
2014-05-06;53.0;53.5;52.75;53.25;198902
2014-05-05;52.5;53.75;52.5;52.75;183330
2014-05-02;53.0;53.5;52.5;52.75;166719
2014-05-01;;53.0;53.0;53.0;0
2014-04-30;53.5;53.5;52.75;53.0;168846
2014-04-29;53.5;54.0;53.25;54.0;189009
2014-04-28;53.25;53.5;53.0;53.5;249004
2014-04-25;53.0;53.75;52.5;53.75;174977
2014-04-24;53.25;53.75;53.0;53.25;206931
2014-04-23;52.75;53.25;52.5;52.75;584037
2014-04-22;50.75;52.75;50.75;52.5;218196
2014-04-17;50.5;50.75;50.25;50.75;42367
2014-04-16;49.6;50.5;49.6;50.5;216559
2014-04-15;50.0;50.25;49.3;49.4;175167
2014-04-14;50.0;50.25;49.2;50.25;157739
2014-04-11;51.25;51.5;50.0;50.0;517644
2014-04-10;51.25;52.0;51.25;51.75;283542
2014-04-09;51.5;51.5;51.0;51.25;134301
2014-04-08;51.5;51.5;50.75;51.25;169784
2014-04-07;51.0;51.5;50.5;51.5;168199
2014-04-04;51.0;51.75;50.75;51.25;248832
2014-04-03;51.5;51.5;50.0;51.0;378299
2014-04-02;50.25;51.75;50.25;51.5;330119
2014-04-01;53.5;54.0;48.6;50.25;1104904
2014-03-31;53.0;53.5;52.75;53.5;108891
2014-03-28;52.75;53.5;52.75;53.0;90324
2014-03-27;52.75;53.25;52.5;52.75;269052
2014-03-26;52.5;52.75;52.5;52.75;212673
2014-03-25;51.75;52.75;51.75;52.5;152523
2014-03-24;52.5;52.75;51.75;51.75;145182
2014-03-21;53.25;53.75;52.75;52.75;393337
2014-03-20;53.75;53.75;53.0;53.25;155737
2014-03-19;54.25;54.25;53.0;54.0;283686
2014-03-18;54.5;54.5;53.5;54.25;103575
2014-03-17;52.5;54.25;52.5;54.25;186268
2014-03-14;52.75;52.75;52.25;52.5;80455
2014-03-13;53.0;53.5;51.75;53.25;184983
2014-03-12;53.5;53.5;52.75;52.75;263132
2014-03-11;53.25;54.0;53.0;53.75;207849
2014-03-10;53.5;54.0;52.25;53.25;244816
2014-03-07;54.25;54.75;53.5;53.75;130261
2014-03-06;54.25;54.75;54.0;54.25;440020
2014-03-05;54.75;55.25;53.75;54.0;443896
2014-03-04;54.0;55.25;54.0;54.75;365633
2014-03-03;54.5;54.5;53.25;53.75;326305
2014-02-28;54.25;55.25;54.25;55.25;300663
2014-02-27;55.5;55.5;54.25;54.25;222002
2014-02-26;55.0;55.5;54.75;55.5;192931
2014-02-25;54.5;55.0;54.5;55.0;168577
2014-02-24;54.0;55.0;53.75;54.5;249039
2014-02-21;53.5;54.5;53.5;54.5;219640
2014-02-20;53.5;53.75;53.25;53.5;282385
2014-02-19;53.25;54.0;52.75;54.0;351505
2014-02-18;53.75;54.0;53.0;53.25;267379
2014-02-17;52.25;54.0;52.0;53.75;312548
2014-02-14;51.25;52.0;51.25;51.75;219701
2014-02-13;50.25;51.5;50.25;51.25;233047
2014-02-12;49.8;50.75;49.7;50.5;223131
2014-02-11;49.5;49.8;49.1;49.7;374841
2014-02-10;49.6;49.7;49.2;49.5;112514
2014-02-07;49.3;49.7;49.0;49.7;188614
2014-02-06;48.0;49.6;47.9;49.4;325713
2014-02-05;46.8;48.0;46.8;48.0;205367
2014-02-04;47.0;47.0;46.0;47.0;599122
2014-02-03;47.3;47.9;46.8;47.0;143709
2014-01-31;47.3;47.9;47.3;47.6;164822
2014-01-30;47.3;47.7;46.8;47.4;110314
2014-01-29;48.1;48.9;47.1;47.4;771917
2014-01-28;48.0;48.1;46.9;47.9;332675
2014-01-27;47.3;48.2;46.8;47.9;249881
2014-01-24;49.5;49.5;47.2;47.8;162366
2014-01-23;49.6;49.8;49.3;49.5;311433
2014-01-22;50.0;50.0;49.2;49.6;327883
2014-01-21;49.6;50.25;49.2;49.8;283342
2014-01-20;48.8;49.6;48.4;49.5;251436
2014-01-17;47.8;49.8;47.8;48.9;279060
2014-01-16;48.4;48.5;47.6;47.8;381732
2014-01-15;46.8;48.6;46.8;48.4;323914
2014-01-14;46.7;47.3;46.3;47.0;292880
2014-01-13;47.0;47.5;46.8;47.0;192621
2014-01-10;46.5;47.2;46.1;47.0;217066
2014-01-09;46.5;46.7;46.2;46.5;243083
2014-01-08;46.4;46.9;46.2;46.4;400539
2014-01-07;44.8;46.1;44.5;46.1;397427
2014-01-06;;44.7;44.7;44.7;0
2014-01-03;43.7;45.3;43.5;44.7;741600
2014-01-02;43.1;43.4;43.1;43.4;346566
2013-12-31;;43.2;43.2;43.2;0
2013-12-30;43.9;44.0;43.0;43.2;409026
2013-12-27;43.5;44.1;43.5;44.0;138478
2013-12-23;43.3;44.2;43.3;43.5;284312
2013-12-20;44.2;44.6;43.1;43.1;524113
2013-12-19;44.6;45.0;44.2;44.3;207585
2013-12-18;44.7;45.0;44.6;44.6;143810
2013-12-17;45.0;45.0;44.1;44.7;118744
2013-12-16;44.9;45.0;44.7;45.0;72837
2013-12-13;45.0;45.3;44.5;45.0;83199
2013-12-12;45.0;45.2;44.1;45.0;159355
2013-12-11;45.5;45.5;44.8;45.0;239275
2013-12-10;45.3;45.5;44.9;45.5;157395
2013-12-09;45.7;46.0;45.0;45.3;154837
2013-12-06;45.2;45.7;45.2;45.7;146855
2013-12-05;45.2;45.5;45.0;45.1;118373
2013-12-04;45.0;45.5;44.8;45.4;154356
2013-12-03;45.1;45.2;44.6;45.0;120215
2013-12-02;45.2;45.5;44.9;45.1;78985
2013-11-29;45.2;45.7;44.9;45.1;175978
2013-11-28;44.9;45.2;44.7;45.2;86485
2013-11-27;44.7;45.1;44.6;45.1;146998
2013-11-26;44.5;44.7;43.8;44.7;251853
2013-11-25;44.5;44.8;44.4;44.6;122647
2013-11-22;44.8;45.4;44.2;44.2;123912
2013-11-21;46.0;46.0;44.7;45.1;139890
2013-11-20;46.4;46.4;46.0;46.1;147489
2013-11-19;46.1;46.5;46.0;46.4;96161
2013-11-18;45.9;46.5;45.7;46.2;155547
2013-11-15;46.0;46.1;45.7;45.9;140107
2013-11-14;45.5;46.4;45.5;45.9;91023
2013-11-13;46.0;46.0;45.3;45.4;118936
2013-11-12;46.2;46.3;45.8;46.0;128563
2013-11-11;46.4;46.5;46.0;46.2;165380
2013-11-08;46.5;46.6;45.5;46.3;156162
2013-11-07;47.7;47.7;46.5;46.7;172011
2013-11-06;47.8;48.0;47.3;47.7;81850
2013-11-05;48.0;48.0;47.4;47.7;55929
2013-11-04;48.0;48.3;47.6;47.8;68224
2013-11-01;47.8;48.0;47.4;48.0;62087
2013-10-31;47.8;47.8;46.7;47.6;134357
2013-10-30;48.0;48.5;47.7;47.9;87909
2013-10-29;47.8;48.1;47.4;48.0;263938
2013-10-28;49.1;49.1;47.7;48.0;70683
2013-10-25;47.4;48.6;47.0;48.1;280751
2013-10-24;47.6;48.3;47.1;47.4;163356
2013-10-23;47.3;47.5;46.8;47.5;145286
2013-10-22;47.5;47.7;47.1;47.4;97295
2013-10-21;46.5;47.7;46.5;47.4;162605
2013-10-18;46.0;46.6;45.9;46.6;87149
2013-10-17;46.2;46.3;45.7;45.9;113830
2013-10-16;45.6;46.2;44.8;46.2;139648
2013-10-15;45.0;45.8;44.7;45.8;117257
2013-10-14;45.0;45.0;44.4;45.0;41222
2013-10-11;44.9;45.6;44.9;45.2;95272
2013-10-10;44.5;44.9;44.3;44.9;105697
2013-10-09;43.7;44.4;43.7;44.4;117790
2013-10-08;44.1;44.1;43.7;43.9;48403
2013-10-07;44.2;44.3;43.7;44.2;70652
2013-10-04;44.3;44.5;44.0;44.1;117883
2013-10-03;44.9;45.2;44.3;44.3;80722
2013-10-02;44.6;45.4;44.1;44.9;157750
2013-10-01;42.9;44.8;42.9;44.8;261607
2013-09-30;43.2;43.5;42.3;42.9;256396
2013-09-27;44.2;44.2;43.9;44.0;43554
2013-09-26;44.0;44.2;43.6;44.2;63460
2013-09-25;44.2;44.2;43.6;44.0;178240
2013-09-24;44.1;44.3;43.9;44.2;136126
2013-09-23;44.3;44.8;44.0;44.3;135090
2013-09-20;45.0;45.2;44.3;44.3;330796
2013-09-19;45.3;45.4;44.8;45.1;206540
2013-09-18;45.0;45.2;44.5;44.8;84443
2013-09-17;45.2;45.2;44.7;45.0;77452
2013-09-16;45.4;45.6;45.0;45.2;129808
2013-09-13;45.3;45.3;44.8;45.1;56219
2013-09-12;44.9;45.4;44.7;45.3;175934
2013-09-11;44.5;44.8;44.3;44.8;150057
2013-09-10;44.5;44.8;44.0;44.3;85224
2013-09-09;44.9;45.0;44.0;44.1;77322
2013-09-06;44.7;44.9;44.4;44.9;63795
2013-09-05;45.0;45.0;44.6;44.9;134714
2013-09-04;44.5;44.9;44.4;44.9;190942
2013-09-03;45.0;45.0;44.2;44.2;182678
2013-09-02;44.0;45.0;44.0;44.8;97208
2013-08-30;44.8;44.9;43.7;43.9;90722
2013-08-29;44.2;44.5;44.0;44.2;91524
2013-08-28;44.6;44.6;43.7;44.1;120545
2013-08-27;45.3;45.3;44.6;44.6;93759
2013-08-26;45.4;45.4;45.1;45.1;37775
2013-08-23;45.3;45.4;45.2;45.4;93542
2013-08-22;44.9;45.4;44.9;45.2;89713
2013-08-21;45.6;45.6;44.6;44.8;88161
2013-08-20;45.2;45.6;44.6;45.5;189463
2013-08-19;44.4;45.6;44.4;45.2;481624
2013-08-16;43.5;45.1;43.5;44.4;343382
2013-08-15;41.9;43.8;41.9;43.5;406068
2013-08-14;42.2;42.3;41.7;41.9;46087
2013-08-13;42.4;42.4;41.7;42.1;73083
2013-08-12;42.0;42.3;41.8;42.2;79846
2013-08-09;41.6;42.1;41.3;41.7;85753
2013-08-08;41.7;42.1;41.3;41.3;76894
2013-08-07;42.0;42.4;41.5;41.6;90258
2013-08-06;42.8;42.9;41.9;42.0;84973
2013-08-05;43.2;43.4;42.5;42.9;95445
2013-08-02;43.7;43.9;42.6;43.3;103155
2013-08-01;42.0;43.7;41.9;43.7;169931
2013-07-31;42.0;42.2;41.6;41.8;55408
2013-07-30;42.2;42.5;41.9;42.3;70872
2013-07-29;42.1;42.3;41.8;42.3;37908
2013-07-26;43.0;43.0;42.1;42.2;75165
2013-07-25;42.8;43.0;42.5;43.0;25552
2013-07-24;43.4;43.5;42.6;43.0;50725
2013-07-23;43.3;44.1;43.2;43.5;49150
2013-07-22;43.7;43.8;43.2;43.4;55244
2013-07-19;43.2;43.9;43.1;43.8;44116
2013-07-18;43.1;43.8;43.1;43.4;64682
2013-07-17;42.6;43.7;42.6;43.4;93951
2013-07-16;42.6;43.0;42.6;42.6;52782
2013-07-15;41.8;42.9;41.8;42.8;52199
2013-07-12;42.0;42.5;41.9;41.9;67468
2013-07-11;41.9;42.3;41.9;42.0;93912
2013-07-10;41.5;41.8;41.2;41.8;70372
2013-07-09;41.4;41.9;41.3;41.8;63691
2013-07-08;41.2;41.8;40.8;41.4;85208
2013-07-05;40.5;41.3;40.5;41.2;86263
2013-07-04;40.8;40.8;39.8;40.5;200549
2013-07-03;40.5;40.6;39.6;40.2;135814
2013-07-02;39.1;40.6;38.7;40.6;292424
2013-07-01;39.2;39.5;38.6;38.6;152403
2013-06-28;40.5;40.5;39.0;39.2;163851
2013-06-27;39.6;40.5;39.3;40.2;184753
2013-06-26;38.6;39.6;38.5;39.4;148243
2013-06-25;36.7;38.5;36.7;38.3;263428
2013-06-24;37.4;37.5;35.6;36.6;322681
2013-06-21;;37.4;37.4;37.4;0
2013-06-20;38.8;38.8;37.0;37.4;335684
2013-06-19;39.4;39.6;38.6;39.1;166492
2013-06-18;39.2;39.8;39.1;39.4;232117
2013-06-17;40.0;40.2;39.2;39.5;180109
2013-06-14;39.2;40.6;39.2;40.4;322847
2013-06-13;39.5;39.9;39.1;39.4;173555
2013-06-12;40.3;40.3;39.7;40.0;147660
2013-06-11;41.8;41.8;40.0;40.3;212918
2013-06-10;42.7;42.7;41.8;41.8;77864
2013-06-07;42.6;43.0;41.5;42.7;126947
2013-06-06;;42.7;42.7;42.7;0
2013-06-05;43.0;43.3;42.5;42.7;82136
2013-06-04;42.7;43.4;42.4;43.4;92737
2013-06-03;42.7;43.4;42.5;42.7;131440
2013-05-31;45.0;45.0;43.0;43.0;436453
2013-05-30;44.4;45.3;44.3;45.0;515992
2013-05-29;44.4;44.8;44.1;44.4;159943
2013-05-28;45.0;45.0;44.4;44.5;205030
2013-05-27;44.7;45.0;44.3;44.6;64854
2013-05-24;44.2;45.2;44.2;45.0;108089
2013-05-23;44.8;44.8;43.7;44.3;159173
2013-05-22;44.5;45.5;44.4;45.1;166453
2013-05-21;44.6;44.7;44.1;44.3;174217
2013-05-20;44.5;45.2;44.4;44.6;108350
2013-05-17;44.6;44.8;44.1;44.3;142313
2013-05-16;44.1;44.5;44.1;44.4;293336
2013-05-15;44.1;44.4;43.8;44.1;446997
2013-05-14;44.7;44.7;43.9;44.1;213529
2013-05-13;44.7;45.0;44.4;44.7;320700
2013-05-10;45.7;45.7;44.4;44.9;146724
2013-05-09;;45.5;45.5;45.5;0
2013-05-08;45.3;45.6;45.3;45.5;81120
2013-05-07;45.4;45.8;45.4;45.6;108133
2013-05-06;45.5;45.7;45.2;45.6;92601
2013-05-03;45.8;46.0;45.2;45.5;127435
2013-05-02;45.3;45.9;45.0;45.8;263247
2013-05-01;;45.4;45.4;45.4;0
2013-04-30;44.6;45.4;44.5;45.4;170510
2013-04-29;43.4;44.7;43.4;44.6;288263
2013-04-26;43.5;43.9;43.1;43.5;220068
2013-04-25;42.6;43.5;42.6;43.5;190845
2013-04-24;41.6;42.6;41.2;42.6;1252141
2013-04-23;41.2;41.6;41.1;41.5;118448
2013-04-22;42.5;42.5;41.1;41.2;119578
2013-04-19;42.4;42.4;41.6;41.6;274145
2013-04-18;42.8;43.3;42.5;42.8;171718
2013-04-17;43.9;43.9;42.5;42.8;365309
2013-04-16;43.4;44.2;43.4;44.1;181001
2013-04-15;43.3;44.0;43.3;43.7;83511
2013-04-12;43.9;44.1;43.4;43.9;495151
2013-04-11;43.9;44.2;43.6;44.1;345329
2013-04-10;43.2;43.9;43.2;43.8;219050
2013-04-09;43.5;43.5;43.1;43.3;271232
2013-04-08;43.1;43.4;42.8;43.3;143967
2013-04-05;43.7;43.7;42.3;43.1;143570
2013-04-04;43.6;43.6;43.0;43.3;297592
2013-04-03;43.5;43.7;43.1;43.6;273278
2013-04-02;42.0;43.5;41.6;43.4;645338
2013-04-01;;42.0;42.0;42.0;0
2013-03-29;41.7;42.0;42.0;42.0;129551
2013-03-28;41.7;42.0;41.1;41.4;129551
2013-03-27;41.7;42.0;41.1;41.4;129551
2013-03-26;42.1;42.2;41.8;41.8;157524
2013-03-25;43.0;43.1;41.6;41.8;218123
2013-03-22;42.2;43.0;42.2;42.7;249128
2013-03-21;42.9;43.0;41.8;42.5;288617
2013-03-20;41.5;42.9;41.5;42.6;250428
2013-03-19;42.3;42.7;41.4;41.5;194859
2013-03-18;43.3;43.3;42.3;42.3;235707
2013-03-15;43.5;44.0;43.2;43.5;436989
2013-03-14;42.4;43.2;42.3;43.1;239740
2013-03-13;40.4;42.6;40.3;42.4;477820
2013-03-12;43.1;43.2;40.3;40.7;914232
2013-03-11;44.2;44.7;43.1;43.1;297883
2013-03-08;43.8;44.7;43.8;44.6;233402
2013-03-07;43.9;44.4;43.7;43.7;193959
2013-03-06;43.8;44.4;43.3;43.9;377496
2013-03-05;41.4;43.8;41.2;43.8;679361
2013-03-04;41.4;41.7;41.0;41.2;414993
2013-03-01;41.5;41.8;41.2;41.4;166625
2013-02-28;41.5;41.9;41.5;41.6;203922
2013-02-27;41.4;41.9;41.2;41.7;207858
2013-02-26;41.3;41.6;40.9;41.5;157161
2013-02-25;41.5;42.1;41.3;41.6;215892
2013-02-22;41.4;41.4;41.2;41.3;148479
2013-02-21;41.6;41.6;41.0;41.4;290516
2013-02-20;42.0;42.0;41.5;41.6;173629
2013-02-19;42.0;42.0;41.7;41.9;303200
2013-02-18;41.2;41.7;41.1;41.7;460465
2013-02-15;41.8;41.8;40.4;40.8;1639148
2013-02-14;40.4;41.5;40.2;41.0;416400
2013-02-13;40.0;40.3;39.8;40.3;231809
2013-02-12;39.5;40.0;39.5;40.0;104800
2013-02-11;39.7;39.9;39.5;39.5;102276
2013-02-08;39.6;39.9;39.5;39.8;96914
2013-02-07;39.8;40.1;39.2;39.2;200410
2013-02-06;39.4;40.0;39.4;39.7;122572
2013-02-05;39.6;39.9;39.5;39.5;111226
2013-02-04;40.0;40.2;39.7;39.8;281075
2013-02-01;39.5;40.1;39.2;40.0;467835
2013-01-31;40.4;40.8;39.0;39.3;1459200
2013-01-30;38.4;40.3;38.0;40.1;1004544
2013-01-29;38.9;39.1;38.5;38.5;193883
2013-01-28;38.1;39.0;38.1;38.8;467678
2013-01-25;38.0;38.3;37.7;38.0;182016
2013-01-24;37.7;38.0;37.5;37.8;283031
2013-01-23;38.2;38.2;37.7;37.8;120191
2013-01-22;38.4;38.6;37.8;37.9;132559
2013-01-21;37.1;38.4;37.1;38.4;330223
2013-01-18;37.0;37.0;36.7;37.0;142507
2013-01-17;36.6;36.9;36.5;36.9;171640
2013-01-16;36.3;36.8;36.2;36.7;236504
2013-01-15;35.6;36.3;35.4;36.3;331709
2013-01-14;35.7;36.2;35.4;35.5;260032
2013-01-11;36.0;36.1;35.8;35.8;105491
2013-01-10;36.0;36.1;35.8;35.8;104763
2013-01-09;36.0;36.2;35.8;36.0;195160
2013-01-08;36.5;36.6;35.6;35.6;254283
2013-01-07;36.5;36.6;36.4;36.5;111231
2013-01-04;36.5;36.7;36.2;36.5;159701
2013-01-03;36.9;36.9;36.2;36.4;543800
2013-01-02;35.7;37.2;35.7;36.7;378477
2013-01-01;;35.4;35.4;35.4;0
2012-12-31;;35.4;35.4;35.4;0
2012-12-28;35.4;35.9;35.4;35.4;202670
