Dates;Open;High;Low;Close;Volume
2017-12-27;6.6;7.1;6.45;7.1;83700
2017-12-22;6.65;6.75;6.55;6.7;52427
2017-12-21;6.75;6.75;6.5;6.75;74418
2017-12-20;6.7;6.75;6.5;6.75;24566
2017-12-19;6.5;6.7;6.5;6.65;66518
2017-12-18;6.7;6.7;6.5;6.5;16687
2017-12-15;6.75;6.9;6.5;6.7;69260
2017-12-14;6.8;7.0;6.8;6.8;14762
2017-12-13;6.8;6.95;6.8;6.95;29019
2017-12-12;6.6;6.8;6.6;6.75;15428
2017-12-11;6.65;6.8;6.5;6.75;62017
2017-12-08;6.75;6.85;6.7;6.7;12216
2017-12-07;6.75;6.8;6.7;6.8;9924
2017-12-06;6.85;6.85;6.65;6.7;63951
2017-12-05;7.0;7.05;6.9;6.9;12257
2017-12-04;6.9;7.0;6.7;6.95;43581
2017-12-01;6.75;6.85;6.4;6.85;92070
2017-11-30;6.95;6.95;6.75;6.75;32112
2017-11-29;7.0;7.1;6.8;6.9;24252
2017-11-28;7.2;7.2;6.75;7.15;66812
2017-11-27;7.4;7.7;7.15;7.35;44066
2017-11-24;6.95;8.0;6.75;7.4;71679
2017-11-23;6.85;6.85;6.75;6.85;9423
2017-11-22;7.0;7.0;6.8;6.8;21506
2017-11-21;6.75;6.9;6.7;6.9;22412
2017-11-20;6.7;6.9;6.6;6.9;24488
2017-11-17;6.75;6.9;6.7;6.7;6455
2017-11-16;6.85;6.9;6.75;6.75;22758
2017-11-15;6.7;7.0;6.7;6.8;34357
2017-11-14;6.75;7.1;6.45;6.7;79145
2017-11-13;6.85;6.9;6.5;6.75;76624
2017-11-10;6.65;6.85;6.65;6.8;37389
2017-11-09;6.85;7.0;6.8;6.8;20913
2017-11-08;6.8;6.95;6.8;6.95;38732
2017-11-07;6.9;6.9;6.8;6.8;49701
2017-11-06;6.9;6.95;6.8;6.9;52916
2017-11-03;6.9;6.9;6.75;6.9;31097
2017-11-02;6.8;6.85;6.7;6.8;28505
2017-11-01;6.75;6.85;6.7;6.85;17380
2017-10-31;6.75;6.9;6.75;6.8;19875
2017-10-30;6.85;6.9;6.65;6.7;46512
2017-10-27;6.8;7.1;6.75;6.85;56606
2017-10-26;6.65;6.95;6.65;6.8;78025
2017-10-25;6.65;6.8;6.65;6.65;37740
2017-10-24;7.0;7.0;6.6;6.7;109405
2017-10-23;6.7;7.2;6.7;6.95;111104
2017-10-20;6.85;6.85;6.6;6.7;38456
2017-10-19;6.55;6.9;6.55;6.85;29010
2017-10-18;6.65;6.8;6.65;6.7;11047
2017-10-17;6.65;6.85;6.5;6.8;62697
2017-10-13;6.75;6.8;6.7;6.7;20903
2017-10-12;6.65;6.85;6.65;6.75;75117
2017-10-11;6.85;6.85;6.45;6.75;54126
2017-10-10;6.7;6.9;6.7;6.85;54724
2017-10-09;6.65;6.8;6.4;6.7;30788
2017-10-06;6.85;6.85;6.65;6.65;25376
2017-10-05;6.7;6.85;6.65;6.85;22304
2017-10-04;6.85;6.85;6.45;6.85;47065
2017-10-03;6.95;7.0;6.85;6.85;37561
2017-10-02;6.8;7.0;6.7;6.95;137494
2017-09-29;6.7;6.95;6.7;6.75;32107
2017-09-28;7.15;7.3;6.8;6.85;40953
2017-09-27;6.9;7.2;6.9;7.05;14280
2017-09-26;6.7;6.9;6.45;6.9;47830
2017-09-25;6.9;6.9;6.45;6.6;119906
2017-09-22;6.95;7.0;6.6;7.0;32557
2017-09-21;6.8;6.95;6.8;6.95;29217
2017-09-20;7.15;7.15;6.8;7.0;52741
2017-09-19;7.35;7.35;6.8;7.15;40105
2017-09-18;7.6;7.6;7.1;7.4;55256
2017-09-15;7.45;7.8;7.45;7.7;51474
2017-09-14;7.45;7.55;7.2;7.45;31788
2017-09-13;7.35;7.75;7.3;7.45;64488
2017-09-12;7.45;7.75;7.05;7.3;83868
2017-09-11;7.75;7.8;7.4;7.4;96504
2017-09-08;7.35;7.9;7.2;7.85;175086
2017-09-07;7.1;7.45;6.9;7.35;50340
2017-09-06;7.3;7.6;6.95;7.2;90732
2017-09-04;6.3;6.85;6.2;6.85;180620
2017-09-01;6.15;6.3;5.95;6.3;135464
2017-08-31;6.15;6.15;5.9;6.0;45564
2017-08-30;6.0;6.15;5.8;6.15;68441
2017-08-29;5.95;6.1;5.8;6.0;53324
2017-08-28;6.2;6.35;5.95;6.0;29931
2017-08-25;6.0;6.25;6.0;6.2;77569
2017-08-24;5.75;6.05;5.75;5.9;65597
2017-08-23;5.8;6.15;5.7;5.75;47861
2017-08-22;5.65;5.8;5.65;5.8;23297
2017-08-21;5.7;5.85;5.55;5.75;62203
2017-08-18;5.85;5.85;5.65;5.8;19108
2017-08-17;5.65;5.85;5.65;5.8;80565
2017-08-16;5.6;5.8;5.5;5.5;25306
2017-08-15;5.7;5.7;5.35;5.6;38082
2017-08-14;5.75;5.75;5.6;5.6;17369
2017-08-11;5.85;5.85;5.25;5.8;146271
2017-08-10;5.85;5.95;5.5;5.95;47398
2017-08-09;6.15;6.15;5.85;5.85;49585
2017-08-08;6.1;6.15;6.0;6.15;35610
2017-08-07;5.9;6.1;5.9;6.05;44552
2017-08-04;5.95;6.1;5.85;5.95;30676
2017-08-03;5.85;5.9;5.8;5.9;43662
2017-08-02;5.7;5.85;5.7;5.8;25713
2017-08-01;5.5;5.9;5.5;5.7;53431
2017-07-31;5.55;5.65;5.5;5.5;53654
2017-07-28;5.7;5.8;5.65;5.7;16968
2017-07-27;5.9;5.9;5.5;5.7;39475
2017-07-26;5.7;5.95;5.7;5.9;115725
2017-07-25;5.55;5.65;5.4;5.5;71420
2017-07-24;5.6;5.7;5.4;5.55;20375
2017-07-21;5.55;5.7;5.45;5.55;19117
2017-07-20;5.3;5.65;5.3;5.45;51280
2017-07-19;5.2;5.4;5.1;5.3;95991
2017-07-18;5.3;5.35;5.2;5.2;39229
2017-07-17;5.3;5.3;5.0;5.3;76714
2017-07-14;5.3;5.45;5.2;5.3;46449
2017-07-13;5.35;5.35;5.2;5.3;34689
2017-07-12;5.2;5.4;5.2;5.35;144881
2017-07-11;5.65;5.65;5.1;5.15;219680
2017-07-10;5.8;5.9;5.6;5.7;52039
2017-07-07;5.95;6.1;5.85;6.0;20308
2017-07-06;6.25;6.25;6.0;6.1;177855
2017-07-05;5.95;6.45;5.95;6.1;135749
2017-07-04;5.8;5.95;5.75;5.95;88622
2017-07-03;5.5;5.8;5.5;5.8;53893
2017-06-30;5.75;5.9;5.4;5.6;193320
2017-06-29;5.3;5.95;5.3;5.75;159662
2017-06-28;5.4;5.45;5.1;5.1;95864
2017-06-27;5.35;5.5;5.35;5.5;87527
2017-06-26;5.55;5.65;5.45;5.45;38955
2017-06-23;;5.6;5.6;5.6;0
2017-06-22;5.6;5.7;5.4;5.6;45015
2017-06-21;5.75;5.75;5.5;5.65;92998
2017-06-20;5.8;6.0;5.8;5.95;13043
2017-06-19;6.0;6.0;5.7;5.8;19959
2017-06-16;6.05;6.1;5.85;6.0;44836
2017-06-15;6.2;6.2;5.85;6.05;18197
2017-06-14;6.0;6.2;5.8;6.2;49380
2017-06-13;5.55;6.35;5.55;6.0;49798
2017-06-12;5.75;6.0;5.4;5.55;28298
2017-06-09;5.9;6.0;5.4;5.65;89870
2017-06-08;5.9;5.9;5.7;5.8;63612
2017-06-07;6.0;6.0;5.8;5.9;63817
2017-06-06;;6.0;6.0;6.0;0
2017-06-05;6.0;6.2;6.0;6.0;16462
2017-06-02;6.0;6.1;5.85;5.95;16270
2017-06-01;6.2;6.2;5.9;6.0;30522
2017-05-31;6.6;6.65;6.0;6.2;38096
2017-05-30;6.0;6.6;6.0;6.5;86048
2017-05-29;6.2;6.2;6.0;6.0;15321
2017-05-26;6.25;6.25;6.0;6.2;23710
2017-05-24;6.35;6.4;6.1;6.2;43314
2017-05-23;5.75;6.9;5.75;5.85;113870
2017-05-22;5.8;5.85;5.65;5.85;45649
2017-05-19;6.05;6.05;5.85;5.85;35450
2017-05-18;5.95;6.05;5.7;6.05;77232
2017-05-17;6.0;6.05;5.8;6.05;62535
2017-05-16;5.9;6.15;5.9;6.0;25345
2017-05-15;6.0;6.15;5.8;5.9;51297
2017-05-12;5.95;6.05;6.05;6.05;84370
2017-05-11;5.95;6.0;5.9;5.95;77633
2017-05-10;5.9;6.1;5.9;6.0;40152
2017-05-09;6.5;6.5;5.8;6.0;140623
2017-05-08;6.4;6.65;6.4;6.55;20691
2017-05-05;6.6;6.75;6.4;6.4;34268
2017-05-04;6.5;6.9;6.5;6.6;18202
2017-05-03;6.95;7.0;6.45;6.45;44317
2017-05-02;7.15;7.3;6.8;6.8;14645
2017-05-01;;7.15;7.15;7.15;0
2017-04-28;7.6;7.6;7.05;7.15;38788
2017-04-27;7.6;7.6;7.1;7.25;35831
2017-04-26;7.5;7.9;7.25;7.65;60375
2017-04-25;7.45;7.65;7.4;7.55;20704
2017-04-24;6.9;7.7;6.9;7.5;80992
2017-04-21;6.65;6.95;6.65;6.9;24389
2017-04-20;7.25;7.25;6.85;7.05;42980
2017-04-19;7.4;7.45;7.2;7.25;50452
2017-04-18;7.5;7.6;7.1;7.5;50673
2017-04-13;7.45;7.55;7.35;7.4;16303
2017-04-12;7.15;7.5;7.0;7.45;55850
2017-04-11;7.15;7.25;6.85;7.0;54212
2017-04-10;7.1;7.1;6.85;7.1;21574
2017-04-07;6.55;7.25;6.55;7.0;60568
2017-04-06;6.55;6.75;6.4;6.75;72773
2017-04-05;6.55;6.75;6.5;6.65;43436
2017-04-04;6.65;6.65;6.35;6.65;52283
2017-04-03;6.7;6.75;6.6;6.65;32609
2017-03-31;6.75;6.9;6.55;6.65;46424
2017-03-30;6.9;7.0;6.55;6.8;83818
2017-03-29;6.9;7.1;6.8;6.9;69899
2017-03-28;6.95;7.0;6.7;6.85;109767
2017-03-27;7.2;7.2;7.0;7.1;39962
2017-03-24;7.5;7.5;6.8;7.3;100821
2017-03-23;7.2;7.45;7.15;7.4;30882
2017-03-22;7.2;7.3;6.95;7.1;120144
2017-03-21;7.4;7.4;6.75;7.4;175872
2017-03-20;7.65;7.65;7.45;7.55;36550
2017-03-17;7.9;7.9;7.6;7.75;43705
2017-03-16;7.7;8.0;7.7;7.9;85714
2017-03-15;7.95;7.95;7.45;7.5;186850
2017-03-14;8.1;8.2;7.95;8.05;53592
2017-03-13;8.25;8.4;7.85;8.15;125840
2017-03-10;8.1;8.25;8.25;8.25;73104
2017-03-09;8.5;8.6;8.05;8.1;90402
2017-03-08;8.95;8.95;8.25;8.5;90588
2017-03-07;8.9;9.05;8.7;8.7;35439
2017-03-06;9.05;9.05;8.85;9.0;34469
2017-03-03;8.9;9.05;9.05;9.05;73459
2017-03-02;9.1;9.2;8.8;9.0;61109
2017-03-01;9.2;9.2;8.95;9.0;57250
2017-02-28;9.5;9.5;9.0;9.2;21697
2017-02-27;9.2;9.5;9.2;9.4;36636
2017-02-24;9.45;9.45;9.1;9.15;78424
2017-02-23;9.65;9.65;9.3;9.55;40015
2017-02-22;10.05;10.05;9.35;9.65;63158
2017-02-21;10.05;10.05;9.5;9.7;94442
2017-02-20;9.9;10.35;9.65;9.85;131456
2017-02-17;9.8;10.15;9.35;9.85;90718
2017-02-16;9.1;9.95;9.1;9.75;140855
2017-02-15;8.95;9.3;8.95;9.2;92871
2017-02-14;8.95;8.95;8.75;8.9;37547
2017-02-13;8.9;9.05;8.7;9.0;132449
2017-02-10;8.6;8.95;8.6;8.85;65046
2017-02-09;8.65;8.8;8.6;8.65;34787
2017-02-08;8.75;8.95;8.6;8.7;19248
2017-02-07;8.6;8.95;8.6;8.95;39729
2017-02-06;8.8;8.95;8.75;8.75;59134
2017-02-03;8.95;9.0;8.75;8.8;49120
2017-02-02;8.45;8.9;8.25;8.9;78178
2017-02-01;8.7;8.7;8.4;8.45;59328
2017-01-31;8.65;8.8;8.55;8.8;43545
2017-01-30;8.55;8.75;8.55;8.65;51439
2017-01-27;8.3;8.7;8.3;8.6;64019
2017-01-26;8.8;8.8;8.45;8.6;22837
2017-01-25;8.7;8.8;8.55;8.8;26102
2017-01-24;9.0;9.0;8.55;8.7;88431
2017-01-23;8.6;9.1;8.1;8.85;356603
2017-01-20;8.4;8.75;8.35;8.6;38026
2017-01-19;8.6;8.8;8.4;8.55;68309
2017-01-18;8.8;8.95;8.65;8.7;29516
2017-01-17;9.25;9.25;8.8;8.8;91691
2017-01-16;8.95;9.3;8.9;9.25;52383
2017-01-13;9.15;9.3;8.95;8.95;69471
2017-01-12;9.0;9.25;8.85;9.15;130224
2017-01-11;9.1;9.1;8.75;8.9;104153
2017-01-10;9.05;9.45;8.7;9.2;107606
2017-01-09;8.75;9.45;8.75;9.0;218734
2017-01-06;;8.25;8.25;8.25;0
2017-01-05;7.95;8.25;7.95;8.25;63565
2017-01-04;7.9;8.15;7.9;8.15;32107
2017-01-03;8.25;8.25;8.0;8.1;30895
2017-01-02;7.9;8.3;7.9;8.25;33799
2016-12-30;8.05;8.25;7.95;8.05;49924
2016-12-29;8.1;8.2;7.9;8.2;73922
2016-12-28;8.2;8.25;8.05;8.15;42917
2016-12-27;8.4;8.45;7.75;8.15;52983
2016-12-23;8.4;8.4;8.25;8.4;39065
2016-12-22;8.4;8.5;8.25;8.4;46549
2016-12-21;8.15;8.85;8.15;8.4;98622
2016-12-20;8.15;8.3;8.15;8.15;34351
2016-12-19;8.4;8.4;8.15;8.3;59645
2016-12-16;8.4;8.6;8.15;8.4;54905
2016-12-15;8.65;8.65;8.4;8.4;36156
2016-12-14;8.4;8.7;8.25;8.6;58530
2016-12-13;8.4;8.4;8.2;8.2;65953
2016-12-12;8.3;8.5;8.1;8.4;56907
2016-12-09;8.3;8.5;8.25;8.3;134904
2016-12-08;8.7;8.7;8.25;8.4;100362
2016-12-07;8.1;8.7;8.0;8.65;80132
2016-12-06;8.25;8.3;8.05;8.3;45844
2016-12-05;8.25;8.3;7.85;8.25;97505
2016-12-02;8.4;8.4;8.1;8.15;78284
2016-12-01;8.2;8.55;8.0;8.4;895173
2016-11-30;8.4;8.45;8.0;8.15;150432
2016-11-29;8.6;8.75;8.5;8.5;77949
2016-11-28;8.5;8.7;8.4;8.5;57994
2016-11-25;8.8;8.8;8.55;8.6;57701
2016-11-24;8.85;8.85;8.65;8.7;102441
2016-11-23;8.8;9.0;8.4;8.75;238413
2016-11-22;8.6;8.7;8.45;8.5;98427
2016-11-21;8.6;8.85;8.5;8.55;97601
2016-11-18;9.0;9.0;8.6;8.6;167349
2016-11-17;8.45;9.6;8.45;8.95;649847
2016-11-16;8.6;8.7;8.3;8.3;59092
2016-11-15;8.25;8.55;8.25;8.5;150158
2016-11-14;8.35;8.35;7.9;8.15;64963
2016-11-11;8.2;8.6;7.95;8.2;184836
2016-11-10;8.05;8.3;7.95;8.05;120085
2016-11-09;7.3;7.9;7.15;7.85;112555
2016-11-08;7.9;8.1;7.4;7.5;63182
2016-11-07;7.8;7.8;7.55;7.8;52349
2016-11-04;7.9;7.9;7.8;7.8;15120
2016-11-03;7.6;7.95;7.55;7.85;71196
2016-11-02;7.7;7.8;7.55;7.6;46373
2016-11-01;8.0;8.0;7.7;7.8;67532
2016-10-31;7.75;8.0;7.75;8.0;16713
2016-10-28;8.05;8.05;7.85;7.9;38566
2016-10-27;7.9;8.05;7.8;8.0;40424
2016-10-26;8.0;8.05;7.75;7.95;46860
2016-10-25;8.2;8.25;8.1;8.1;23708
2016-10-24;8.35;8.45;8.2;8.2;57945
2016-10-21;8.1;8.35;8.1;8.35;32684
2016-10-20;8.2;8.6;8.2;8.2;101388
2016-10-19;8.4;8.4;8.05;8.35;80844
2016-10-18;8.0;8.45;8.0;8.4;294169
2016-10-17;7.6;8.0;7.6;7.9;111786
2016-10-14;7.9;7.9;7.55;7.65;51454
2016-10-13;7.95;7.95;7.6;7.7;46099
2016-10-12;7.95;8.2;7.75;7.9;72892
2016-10-11;7.6;7.8;7.3;7.8;133025
2016-10-10;7.7;7.7;7.45;7.6;40458
2016-10-07;7.95;7.95;7.0;7.5;412205
2016-10-06;8.05;8.15;7.75;7.95;59034
2016-10-05;8.0;8.2;7.8;8.05;87854
2016-10-04;8.3;8.3;7.75;8.1;103542
2016-10-03;8.4;8.4;7.9;8.2;64021
2016-09-30;8.4;8.5;8.1;8.35;36422
2016-09-29;8.4;8.4;8.15;8.35;99369
2016-09-28;8.75;8.75;8.2;8.55;49803
2016-09-27;8.3;8.85;8.05;8.85;72738
2016-09-26;8.6;9.0;8.5;8.5;228061
2016-09-23;8.0;8.6;8.0;8.4;261020
2016-09-22;7.85;8.15;7.7;7.85;104207
2016-09-21;7.8;7.95;7.5;7.65;76555
2016-09-20;7.75;7.8;7.45;7.75;96140
2016-09-19;7.25;7.8;7.2;7.75;157475
2016-09-16;7.35;7.35;6.8;6.95;124740
2016-09-15;7.65;7.65;7.2;7.35;68355
2016-09-14;7.8;7.85;7.55;7.55;39471
2016-09-13;7.85;8.15;7.7;7.7;38264
2016-09-12;7.8;8.1;7.65;7.75;57020
2016-09-09;7.7;7.95;7.6;7.95;70099
2016-09-08;7.35;7.95;7.3;7.7;103460
2016-09-07;7.7;7.7;7.35;7.55;59179
2016-09-06;7.75;7.95;7.5;7.6;74470
2016-09-05;7.2;7.8;7.2;7.55;66389
2016-09-02;7.25;7.35;7.25;7.3;31650
2016-09-01;7.55;7.6;7.25;7.35;41828
2016-08-31;7.6;7.9;7.5;7.5;40725
2016-08-30;7.25;8.3;7.2;7.6;142199
2016-08-29;7.45;7.45;7.1;7.25;69169
2016-08-26;7.3;7.6;7.05;7.45;131736
2016-08-25;7.85;7.85;7.25;7.3;145112
2016-08-24;8.2;8.25;7.8;7.8;79200
2016-08-23;8.2;8.6;8.0;8.15;59563
2016-08-22;7.5;8.75;7.5;8.0;220743
2016-08-19;8.7;9.1;8.65;8.75;400929
2016-08-18;8.55;8.95;8.45;8.45;212122
2016-08-17;8.95;9.0;8.0;8.3;675319
2016-08-16;9.0;9.7;8.9;9.2;480149
2016-08-15;8.25;9.0;8.05;8.9;499359
2016-08-12;7.6;8.4;7.55;7.9;454223
2016-08-11;7.5;7.8;7.5;7.6;43627
2016-08-10;7.6;7.8;7.5;7.6;42452
2016-08-09;7.4;7.8;7.3;7.65;59891
2016-08-08;7.3;7.5;7.1;7.35;80957
2016-08-05;7.5;7.6;7.35;7.35;63914
2016-08-04;7.15;7.5;7.15;7.5;49199
2016-08-03;7.4;7.5;7.1;7.2;39147
2016-08-02;7.45;7.55;7.4;7.4;39096
2016-08-01;7.5;7.95;7.45;7.45;63197
2016-07-29;7.5;7.6;7.4;7.4;13037
2016-07-28;7.8;7.8;7.3;7.4;47307
2016-07-27;7.65;7.8;7.45;7.8;70981
2016-07-26;7.9;7.9;7.55;7.7;121776
2016-07-25;7.6;7.9;7.5;7.9;94191
2016-07-22;7.55;8.1;7.25;7.6;558028
2016-07-21;7.15;7.35;7.1;7.25;350140
2016-07-20;6.95;7.0;6.7;6.7;60711
2016-07-19;6.95;6.95;6.8;6.85;23491
2016-07-18;6.8;6.95;6.75;6.95;62153
2016-07-15;6.75;6.95;6.75;6.95;35532
2016-07-14;6.95;7.0;6.75;6.8;68600
2016-07-13;6.75;7.0;6.7;6.8;105199
2016-07-12;6.75;6.95;6.75;6.75;74476
2016-07-11;6.5;6.9;6.5;6.75;81021
2016-07-08;6.65;6.85;6.35;6.45;70516
2016-07-07;6.9;6.9;6.6;6.6;73914
2016-07-06;6.6;6.9;6.6;6.8;82698
2016-07-05;6.4;7.0;6.4;6.9;596439
2016-07-04;6.15;6.45;5.95;6.4;238672
2016-07-01;6.15;6.2;6.05;6.15;50673
2016-06-30;6.2;6.2;5.9;6.0;72531
2016-06-29;5.85;6.25;5.8;6.15;209874
2016-06-28;5.85;5.95;5.85;5.9;46945
2016-06-27;5.75;6.05;5.75;5.85;71038
2016-06-24;;5.9;5.9;5.9;0
2016-06-23;5.85;6.1;5.8;5.9;89918
2016-06-22;6.0;6.0;5.75;5.75;43491
2016-06-21;6.2;6.2;5.7;5.85;103435
2016-06-20;6.15;6.2;6.1;6.2;42195
2016-06-17;6.2;6.2;6.15;6.15;20155
2016-06-16;6.5;6.5;6.15;6.15;190767
2016-06-15;6.1;6.6;6.0;6.55;400322
2016-06-14;5.9;6.2;5.3;5.75;338949
2016-06-13;6.5;6.5;5.9;5.95;138258
2016-06-10;6.4;6.6;5.6;6.45;451344
2016-06-09;6.45;6.45;6.2;6.3;101456
2016-06-08;6.6;6.6;6.15;6.4;124276
2016-06-07;6.4;6.6;6.4;6.55;135574
2016-06-06;;6.35;6.35;6.35;0
2016-06-03;6.4;6.5;6.25;6.35;134838
2016-06-02;6.6;6.85;6.3;6.5;374204
2016-06-01;6.25;6.75;6.0;6.6;372620
2016-05-31;5.7;6.35;5.7;6.25;492654
2016-05-30;5.7;5.8;5.55;5.75;87544
2016-05-27;5.85;5.85;5.5;5.55;98797
2016-05-26;5.55;5.9;5.5;5.75;311161
2016-05-25;5.5;5.5;5.35;5.45;85579
2016-05-24;5.25;5.5;5.15;5.5;78148
2016-05-23;5.35;5.4;5.3;5.35;19486
2016-05-20;5.3;5.45;5.25;5.35;30019
2016-05-19;5.25;5.25;5.05;5.2;71166
2016-05-18;5.25;5.45;5.25;5.25;79420
2016-05-17;5.3;5.55;5.3;5.4;96245
2016-05-16;5.4;5.4;5.2;5.3;29371
2016-05-13;5.3;5.5;5.25;5.45;103696
2016-05-12;5.15;5.35;5.15;5.25;146280
2016-05-11;5.15;5.25;5.0;5.25;108182
2016-05-10;5.2;5.2;5.0;5.0;78460
2016-05-09;5.25;5.25;5.05;5.1;127195
2016-05-06;5.05;5.25;5.05;5.15;91311
2016-05-05;5.3;5.3;5.0;5.15;115042
2016-05-04;5.3;5.3;5.0;5.15;115042
2016-05-03;5.45;5.5;5.2;5.25;57472
2016-05-02;5.4;5.45;5.2;5.45;141658
2016-04-29;5.15;5.35;5.15;5.35;51475
2016-04-28;5.0;5.25;4.9;5.25;81329
2016-04-27;5.25;5.25;4.95;5.0;120179
2016-04-26;5.15;5.55;5.15;5.2;70229
2016-04-25;5.5;5.5;5.0;5.25;131983
2016-04-22;5.4;5.6;5.15;5.5;324493
2016-04-21;4.8;5.9;4.8;5.5;701642
2016-04-20;4.74;4.83;4.61;4.7;143681
2016-04-19;4.6;4.73;4.5;4.71;88131
2016-04-18;4.56;4.76;4.5;4.6;76482
2016-04-15;4.7;4.7;4.44;4.47;53347
2016-04-14;4.8;4.8;4.67;4.69;98447
2016-04-13;4.55;5.7;4.51;4.64;116469
2016-04-12;4.5;4.6;4.42;4.5;65395
2016-04-11;4.46;4.59;4.44;4.5;57137
2016-04-08;4.34;4.46;4.34;4.36;36324
2016-04-07;4.46;4.46;4.34;4.34;186500
2016-04-06;4.45;4.45;4.35;4.45;86068
2016-04-05;4.39;4.48;4.35;4.46;212795
2016-04-04;4.32;4.46;4.32;4.37;24999
2016-04-01;4.36;4.68;4.36;4.36;34913
2016-03-31;4.4;4.44;4.35;4.44;54730
2016-03-30;4.31;4.41;4.31;4.4;46225
2016-03-29;4.42;4.44;4.35;4.36;14000
2016-03-28;4.35;4.42;4.34;4.34;13679
2016-03-25;4.35;4.42;4.32;4.34;13679
2016-03-24;4.35;4.42;4.32;4.34;13679
2016-03-23;4.33;4.5;4.33;4.38;48874
2016-03-22;4.31;4.42;4.26;4.31;6750
2016-03-21;4.47;4.47;4.31;4.31;71344
2016-03-18;4.47;4.58;4.32;4.47;82982
2016-03-17;4.34;4.5;4.34;4.47;80563
2016-03-16;4.55;4.55;4.34;4.34;50697
2016-03-15;4.43;4.56;4.43;4.56;72776
2016-03-14;4.45;4.6;4.45;4.57;164518
2016-03-11;4.42;4.55;4.4;4.5;144232
2016-03-10;4.5;4.5;4.32;4.35;157812
2016-03-09;4.4;4.54;4.39;4.48;111455
2016-03-08;4.5;4.63;4.4;4.5;90587
2016-03-07;4.75;4.8;4.4;4.53;356645
2016-03-04;4.75;4.75;4.5;4.63;479474
2016-03-03;4.28;4.8;4.28;4.35;526621
2016-03-02;4.0;4.3;3.94;4.28;151690
2016-03-01;3.98;4.06;3.9;3.95;54316
2016-02-29;4.0;4.0;3.9;3.92;93250
2016-02-26;3.99;4.04;3.92;4.0;30113
2016-02-25;4.0;4.0;3.84;3.86;39715
2016-02-24;3.94;4.03;3.83;3.98;40194
2016-02-23;4.0;4.07;3.94;3.94;152492
2016-02-22;3.76;3.94;3.68;3.85;112108
2016-02-19;3.85;3.89;3.7;3.85;36941
2016-02-18;3.65;3.85;3.65;3.85;78357
2016-02-17;3.65;3.9;3.6;3.7;128241
2016-02-16;3.75;3.79;3.64;3.64;63616
2016-02-15;4.12;4.12;3.75;3.83;111589
2016-02-12;3.4;4.0;3.34;3.93;217198
2016-02-11;3.55;3.55;3.3;3.43;53163
2016-02-10;3.41;3.54;3.4;3.5;58211
2016-02-09;3.54;3.54;3.22;3.4;128473
2016-02-08;3.82;3.82;3.41;3.41;123725
2016-02-05;3.7;3.77;3.7;3.77;10833
2016-02-04;3.65;3.9;3.58;3.72;153586
2016-02-03;3.66;3.72;3.6;3.65;86447
2016-02-02;3.75;3.75;3.66;3.66;56510
2016-02-01;3.8;3.8;3.71;3.77;121140
2016-01-29;3.75;3.85;3.68;3.77;74322
2016-01-28;3.8;3.8;3.66;3.68;176198
2016-01-27;3.95;4.18;3.68;3.69;6385126
2016-01-26;3.95;4.08;3.9;3.99;72434
2016-01-25;4.12;4.12;3.91;3.98;80769
2016-01-22;4.02;4.18;3.93;4.1;92036
2016-01-21;3.9;3.98;3.75;3.87;49843
2016-01-20;4.06;4.06;3.86;3.87;51745
2016-01-19;3.95;4.09;3.95;4.09;79450
2016-01-18;4.1;4.1;3.85;3.9;56960
2016-01-15;4.15;4.2;3.78;3.9;229939
2016-01-14;3.8;4.28;3.62;4.12;246923
2016-01-13;4.01;4.13;3.85;3.96;130510
2016-01-12;4.0;4.08;3.87;4.0;160822
2016-01-11;4.31;4.31;3.8;4.0;195845
2016-01-08;4.5;4.58;4.23;4.23;314676
2016-01-07;3.99;4.99;3.65;4.3;823154
2016-01-06;;3.94;3.94;3.94;0
2016-01-05;3.98;4.09;3.94;3.94;34565
2016-01-04;4.06;4.06;3.95;3.97;55839
2016-01-01;;4.07;4.07;4.07;0
2015-12-31;;4.07;4.07;4.07;0
2015-12-30;3.85;4.2;3.81;4.07;166174
2015-12-29;3.87;4.06;3.8;3.91;116020
2015-12-28;4.16;4.16;3.88;3.88;107891
2015-12-25;3.85;4.2;3.85;4.16;259471
2015-12-24;3.85;4.2;3.85;4.16;259471
2015-12-23;3.85;4.2;3.85;4.16;259471
2015-12-22;3.66;3.8;3.66;3.79;234076
2015-12-21;3.77;3.78;3.55;3.55;311203
2015-12-18;3.66;3.74;3.55;3.6;186552
2015-12-17;3.74;3.84;3.6;3.69;90632
2015-12-16;3.96;3.96;3.67;3.7;93206
2015-12-15;3.66;3.93;3.5;3.73;181924
2015-12-14;3.85;3.89;3.6;3.6;126118
2015-12-11;4.1;4.1;3.7;3.94;161751
2015-12-10;3.69;4.24;3.69;4.1;511660
2015-12-09;3.89;3.89;3.6;3.68;385490
2015-12-08;4.1;4.16;3.71;3.9;283033
2015-12-07;4.2;4.65;4.06;4.13;442468
2015-12-04;4.11;4.2;4.05;4.2;284161
2015-12-03;4.22;4.28;4.05;4.11;434986
2015-12-02;4.41;4.55;4.2;4.25;435779
2015-12-01;4.36;4.59;4.02;4.43;770514
2015-11-30;4.85;4.85;4.25;4.35;1162633
2015-11-27;4.98;4.98;4.45;4.71;1102111
2015-11-26;5.6;5.6;4.8;4.94;2123314
2015-11-25;5.55;6.1;5.3;5.45;6169682
2015-11-24;3.45;11.05;3.45;4.95;8064947
2015-11-23;3.28;3.28;3.28;3.28;300
2015-11-20;3.25;3.35;3.16;3.34;21865
2015-11-19;3.3;3.37;3.1;3.15;41304
2015-11-18;3.23;3.29;3.16;3.29;4750
2015-11-17;3.3;3.3;3.05;3.08;18488
2015-11-16;3.36;3.36;3.26;3.26;16370
2015-11-13;3.5;3.55;3.42;3.44;95375
2015-11-12;3.54;3.54;3.46;3.46;8286
2015-11-11;3.45;3.45;3.45;3.45;500
2015-11-10;3.48;3.48;3.44;3.44;10731
2015-11-09;3.44;3.6;3.43;3.43;56088
2015-11-06;3.4;3.54;3.4;3.42;20301
2015-11-05;3.42;3.5;3.4;3.4;64009
2015-11-04;3.38;3.47;3.34;3.41;20567
2015-11-03;3.48;3.5;3.46;3.47;5543
2015-11-02;3.48;3.5;3.36;3.36;12901
2015-10-30;3.3;3.4;3.3;3.4;18391
2015-10-29;3.43;3.48;3.3;3.41;22504
2015-10-28;3.33;3.54;3.32;3.49;24446
2015-10-27;3.54;3.9;3.35;3.35;57217
2015-10-26;3.57;3.62;3.57;3.62;6351
2015-10-23;3.66;3.66;3.52;3.64;47543
2015-10-22;3.58;3.58;3.33;3.5;27314
2015-10-21;3.43;3.45;3.35;3.45;68171
2015-10-20;3.42;3.47;3.42;3.42;12400
2015-10-19;3.52;3.55;3.4;3.4;19633
2015-10-16;3.35;3.35;3.29;3.35;11076
2015-10-15;3.36;3.36;3.23;3.33;24780
2015-10-14;3.36;3.36;3.3;3.36;25620
2015-10-13;3.68;3.68;3.4;3.4;41138
2015-10-12;3.53;3.66;3.53;3.56;11617
2015-10-09;3.53;3.65;3.53;3.6;28523
2015-10-08;3.6;3.6;3.6;3.6;3000
2015-10-07;3.49;3.62;3.48;3.55;14301
2015-10-06;3.64;3.64;3.52;3.6;17353
2015-10-05;3.56;3.59;3.41;3.59;31457
2015-10-02;3.64;3.68;3.6;3.6;16467
2015-10-01;3.6;3.68;3.53;3.53;10723
2015-09-30;3.54;3.55;3.52;3.55;11806
2015-09-29;3.62;3.63;3.52;3.52;14050
2015-09-28;3.84;3.84;3.63;3.63;2570
2015-09-25;3.63;3.82;3.63;3.7;30087
2015-09-24;3.82;3.82;3.79;3.79;21250
2015-09-23;3.96;3.96;3.84;3.84;1960
2015-09-22;3.92;4.0;3.91;4.0;1639
2015-09-21;3.94;4.05;3.94;4.05;2460
2015-09-18;;4.11;4.11;4.11;0
2015-09-17;4.09;4.11;4.01;4.11;20548
2015-09-16;4.1;4.1;3.97;3.97;4539
2015-09-15;4.25;4.25;3.89;4.11;18289
2015-09-14;4.17;4.25;4.17;4.25;3165
2015-09-11;4.0;4.2;4.0;4.15;7435
2015-09-10;3.9;4.02;3.9;3.99;12070
2015-09-09;4.0;4.06;3.93;4.0;6800
2015-09-08;4.0;4.0;3.83;3.83;12074
2015-09-07;3.95;3.95;3.95;3.95;1030
2015-09-04;3.94;3.94;3.84;3.84;16629
2015-09-03;;3.84;3.84;3.84;0
2015-09-02;;3.84;3.84;3.84;0
2015-09-01;3.95;3.98;3.75;3.84;25160
2015-08-31;3.9;4.04;3.9;4.04;8366
2015-08-28;3.7;3.8;3.68;3.75;70570
2015-08-27;3.8;3.8;3.68;3.75;45468
2015-08-26;3.67;3.8;3.67;3.7;15229
2015-08-25;3.7;3.8;3.65;3.65;14577
2015-08-24;4.0;4.0;3.1;3.7;80564
2015-08-21;4.1;4.1;3.9;4.0;12841
2015-08-20;4.37;4.37;4.09;4.24;11607
2015-08-19;4.24;4.54;4.22;4.22;40448
2015-08-18;4.06;4.14;4.02;4.14;23100
2015-08-17;4.59;4.59;4.05;4.19;28261
2015-08-14;4.7;4.7;4.45;4.45;34161
2015-08-13;4.7;4.7;4.54;4.54;2343
2015-08-12;4.6;4.6;4.53;4.55;2295
2015-08-11;4.7;4.8;4.56;4.56;26000
2015-08-10;4.93;4.93;4.5;4.65;88851
2015-08-07;4.92;5.1;4.9;4.93;50942
2015-08-06;5.1;5.1;4.7;4.88;43103
2015-08-05;5.15;5.2;5.15;5.2;6540
2015-08-04;5.2;5.3;5.2;5.3;6780
2015-08-03;5.1;5.3;5.1;5.3;10499
2015-07-31;5.4;5.4;5.15;5.15;21200
2015-07-30;5.4;5.4;5.35;5.4;10377
2015-07-29;5.15;6.0;5.05;5.35;28565
2015-07-28;4.95;5.05;4.9;5.0;10044
2015-07-27;5.0;5.1;4.95;4.95;18170
2015-07-24;5.05;5.1;5.05;5.05;36396
2015-07-23;5.1;5.1;5.0;5.05;32375
2015-07-22;5.15;5.2;5.05;5.15;23476
2015-07-21;5.3;5.3;5.15;5.25;18183
2015-07-20;5.3;5.3;5.3;5.3;2800
2015-07-17;5.3;5.5;5.15;5.45;19689
2015-07-16;5.3;5.3;4.9;5.05;63292
2015-07-15;5.4;5.5;5.2;5.25;40290
2015-07-14;6.0;6.0;5.4;5.4;19935
2015-07-13;5.7;5.95;5.7;5.95;7900
2015-07-10;5.7;5.85;5.5;5.7;26694
2015-07-09;5.5;5.65;5.45;5.55;12200
2015-07-08;5.4;5.6;5.25;5.5;20550
2015-07-07;5.8;5.8;5.45;5.45;36110
2015-07-06;5.85;6.0;5.8;5.85;19300
2015-07-03;6.1;6.15;5.9;6.05;25000
2015-07-02;6.25;6.25;5.9;5.9;8600
2015-07-01;6.2;6.2;6.1;6.2;2615
2015-06-30;6.15;6.15;6.1;6.1;1470
2015-06-29;6.05;6.15;6.0;6.15;25950
2015-06-26;6.25;6.25;6.05;6.05;12816
2015-06-25;6.2;6.2;6.2;6.2;2000
2015-06-24;6.2;6.45;6.1;6.1;39830
2015-06-23;6.25;6.25;6.05;6.2;32289
2015-06-22;6.3;6.7;5.85;5.85;207233
2015-06-19;;6.15;6.15;6.15;0
2015-06-18;6.0;6.6;6.0;6.15;48850
2015-06-17;6.2;6.2;5.9;6.05;63234
2015-06-16;5.95;6.15;5.8;6.15;20109
2015-06-15;6.05;6.1;5.9;6.0;16453
2015-06-12;6.25;6.25;6.05;6.1;4500
2015-06-11;6.1;6.3;6.05;6.3;6500
2015-06-10;6.05;6.3;6.05;6.2;13239
2015-06-09;6.25;6.3;6.05;6.05;9075
2015-06-08;6.4;6.55;6.3;6.3;12286
2015-06-05;6.35;6.5;6.35;6.5;10400
2015-06-04;6.75;6.75;6.45;6.45;8391
2015-06-03;6.5;6.55;6.5;6.55;5161
2015-06-02;6.5;6.7;6.5;6.5;13370
2015-06-01;6.65;6.7;6.5;6.65;40670
2015-05-29;6.7;6.95;6.5;6.95;22457
2015-05-28;6.6;6.7;6.5;6.6;35531
2015-05-27;6.95;7.05;6.75;6.85;19895
2015-05-26;7.05;7.05;6.9;6.95;49038
2015-05-25;7.15;7.15;6.9;7.0;28035
2015-05-22;6.95;6.95;6.75;6.8;8884
2015-05-21;6.8;6.9;6.75;6.9;10141
2015-05-20;7.0;7.1;6.75;6.75;34150
2015-05-19;6.9;7.2;6.9;6.9;35969
2015-05-18;6.55;7.05;6.5;7.05;15202
2015-05-15;6.6;6.6;6.3;6.6;33192
2015-05-14;6.45;6.6;6.45;6.6;16000
2015-05-13;6.45;6.6;6.45;6.6;16000
2015-05-12;6.55;6.55;6.4;6.45;13467
2015-05-11;6.35;6.65;6.35;6.65;38033
2015-05-08;6.8;6.8;6.3;6.65;40360
2015-05-07;6.8;6.85;6.55;6.85;7362
2015-05-06;6.75;6.95;6.7;6.8;57482
2015-05-05;6.8;7.05;6.65;7.05;76805
2015-05-04;6.6;6.85;6.4;6.7;32776
2015-05-01;6.5;6.6;6.5;6.6;5552
2015-04-30;6.5;6.6;6.5;6.6;5552
2015-04-29;6.55;6.8;6.55;6.55;12800
2015-04-28;6.75;6.75;6.6;6.7;21205
2015-04-27;7.25;7.25;6.4;6.65;101363
2015-04-24;6.9;7.1;6.85;6.95;27553
2015-04-23;7.0;7.05;6.8;6.85;22704
2015-04-22;7.0;7.2;6.95;7.0;15490
2015-04-21;7.2;7.35;6.8;6.95;62640
2015-04-20;7.5;7.8;7.15;7.15;293109
2015-04-17;6.65;7.5;6.65;7.3;211125
2015-04-16;6.75;7.1;6.5;6.6;77110
2015-04-15;6.6;6.6;6.5;6.5;9800
2015-04-14;;6.8;6.8;6.8;0
2015-04-13;6.95;6.95;6.6;6.8;4350
2015-04-10;6.65;6.65;6.55;6.65;11081
2015-04-09;6.65;6.65;6.6;6.6;3000
2015-04-08;6.7;6.7;6.45;6.6;123789
2015-04-07;6.8;6.85;6.65;6.65;121705
2015-04-02;6.8;6.8;6.8;6.8;2
2015-04-01;6.6;6.6;6.55;6.6;6162
2015-03-31;6.6;6.7;6.4;6.55;3900
2015-03-30;6.5;6.6;6.5;6.55;8164
2015-03-27;6.5;6.65;6.45;6.65;7550
2015-03-26;6.75;6.75;6.55;6.55;740
2015-03-25;6.55;6.8;6.55;6.8;1690
2015-03-24;6.8;6.8;6.55;6.55;11550
2015-03-23;6.8;6.8;6.7;6.7;5214
2015-03-20;6.7;6.9;6.7;6.8;13630
2015-03-19;6.8;6.9;6.8;6.8;3875
2015-03-18;6.95;6.95;6.9;6.9;2050
2015-03-17;6.7;6.9;6.7;6.9;53900
2015-03-16;7.0;7.0;6.6;6.75;16500
2015-03-13;7.0;7.0;7.0;7.0;1450
2015-03-12;6.85;7.05;6.85;7.05;3100
2015-03-11;7.0;7.05;7.0;7.0;5095
2015-03-10;7.05;7.05;7.05;7.05;527
2015-03-09;6.8;7.05;6.8;7.05;3227
2015-03-06;7.05;7.15;6.9;7.0;9291
2015-03-05;6.85;7.1;6.85;7.1;8056
2015-03-04;6.85;6.95;6.75;6.85;26550
2015-03-03;7.15;7.15;6.85;6.85;14639
2015-03-02;7.0;7.2;7.0;7.0;19156
2015-02-27;7.0;7.0;6.8;7.0;9863
2015-02-26;7.1;7.1;7.0;7.0;11681
2015-02-25;7.2;7.2;7.05;7.1;38400
2015-02-24;7.1;7.25;7.1;7.25;4230
2015-02-23;7.4;7.4;7.0;7.2;510600
2015-02-20;7.25;7.3;7.2;7.3;199724
2015-02-19;7.0;7.3;7.0;7.3;39604
2015-02-18;7.2;7.3;7.1;7.1;3000
2015-02-17;7.25;7.25;6.95;6.95;29482
2015-02-16;7.5;7.5;7.0;7.05;39564
2015-02-13;6.85;7.25;6.8;7.25;71561
2015-02-12;6.6;6.8;6.6;6.75;208955
2015-02-11;6.65;6.8;6.65;6.65;29325
2015-02-10;6.9;6.9;6.65;6.65;115118
2015-02-09;7.0;7.0;6.8;6.8;3047
2015-02-06;6.75;7.0;6.6;6.8;28263
2015-02-05;6.75;6.85;6.5;6.7;10717
2015-02-04;6.6;6.85;6.6;6.6;53301
2015-02-03;6.7;6.8;6.7;6.8;2590
2015-02-02;6.85;6.9;6.8;6.8;5260
2015-01-30;6.8;6.8;6.5;6.6;26200
2015-01-29;6.85;7.05;6.85;6.85;10413
2015-01-28;6.5;6.6;6.5;6.6;10225
2015-01-27;6.6;6.6;6.5;6.5;8513
2015-01-26;6.55;6.8;6.5;6.6;20677
2015-01-23;6.4;6.7;6.35;6.5;71246
2015-01-22;6.5;6.55;6.5;6.5;3285
2015-01-21;6.4;6.5;6.4;6.5;5960
2015-01-20;6.65;6.65;6.6;6.6;3000
2015-01-19;6.6;6.6;6.6;6.6;2000
2015-01-16;6.65;6.65;6.6;6.6;3715
2015-01-15;6.6;6.6;6.35;6.6;6355
2015-01-14;6.75;6.75;6.35;6.5;20684
2015-01-13;7.05;7.05;6.7;6.9;11851
2015-01-12;7.3;7.3;7.05;7.05;11140
2015-01-09;7.5;7.5;7.35;7.35;2100
2015-01-08;7.6;7.65;7.35;7.35;6115
2015-01-07;7.6;7.75;7.2;7.55;18129
2015-01-06;;7.45;7.45;7.45;0
2015-01-05;7.55;7.55;7.45;7.45;2609
2015-01-02;7.5;7.55;7.45;7.55;8001
2015-01-01;7.0;7.5;7.0;7.5;6378
2014-12-30;7.0;7.5;7.0;7.5;6378
2014-12-29;7.6;7.8;6.5;7.1;104173
2014-12-23;8.0;8.2;7.5;7.7;71075
2014-12-22;7.0;8.5;7.0;8.35;54731
2014-12-19;6.95;7.25;6.95;7.2;11257
2014-12-18;7.0;7.9;6.95;6.95;27720
2014-12-17;6.9;6.9;6.8;6.8;5500
2014-12-16;6.5;6.55;6.3;6.5;8372
2014-12-15;6.7;6.9;6.5;6.5;15561
2014-12-12;6.85;6.95;6.5;6.75;40622
2014-12-11;6.8;7.2;6.3;7.0;40279
2014-12-10;7.6;7.85;7.0;7.0;50259
2014-12-09;8.2;8.2;7.45;7.55;19812
2014-12-08;8.2;8.35;8.1;8.3;9379
2014-12-05;7.95;8.5;7.95;7.95;15187
2014-12-04;8.2;8.2;8.15;8.15;6450
2014-12-03;8.5;8.8;8.15;8.15;51865
2014-12-02;7.75;8.15;7.75;8.15;10401
2014-12-01;7.95;8.0;7.75;7.75;34051
2014-11-28;8.7;8.7;8.55;8.65;38361
2014-11-27;8.55;8.65;8.55;8.55;15550
2014-11-26;8.7;8.75;8.4;8.6;11289
2014-11-25;8.8;8.8;8.5;8.5;700683
2014-11-24;8.9;8.9;8.7;8.8;16633
2014-11-21;8.25;8.8;8.25;8.8;19668
2014-11-20;8.5;8.5;8.3;8.4;23308
2014-11-19;8.4;8.4;8.4;8.4;56037
2014-11-18;8.4;8.5;8.25;8.4;72000
2014-11-17;8.3;8.5;8.3;8.4;5300
2014-11-14;8.6;8.6;8.15;8.5;50751
2014-11-13;8.3;8.6;8.3;8.55;16469
2014-11-12;8.5;8.5;8.2;8.4;17272
2014-11-11;8.6;8.8;8.6;8.6;7931
2014-11-10;8.5;8.9;8.4;8.8;220777
2014-11-07;8.5;8.6;8.2;8.4;47284
2014-11-06;8.75;8.75;8.7;8.7;19560
2014-11-05;9.05;9.05;8.7;8.8;46916
2014-11-04;9.55;9.55;8.95;9.15;38108
2014-11-03;9.2;9.55;8.65;9.25;72962
2014-10-31;9.7;9.75;9.65;9.75;5450
2014-10-30;9.85;9.85;9.6;9.65;106735
2014-10-29;9.9;9.95;9.7;9.75;91963
2014-10-28;9.95;10.0;9.6;10.0;124600
2014-10-24;10.05;10.05;9.55;10.0;18135
2014-10-23;9.8;10.0;9.8;10.0;6560
2014-10-22;10.5;10.7;10.0;10.25;28065
2014-10-21;10.5;10.75;10.0;10.25;46058
2014-10-20;9.9;11.0;9.9;10.5;27960
2014-10-17;9.95;10.35;9.55;10.0;30274
2014-10-16;9.75;10.0;9.4;10.0;20129
2014-10-15;10.5;10.5;10.0;10.2;13874
2014-10-14;10.0;10.4;9.9;10.2;41918
2014-10-13;10.1;10.1;9.7;9.8;11330
2014-10-10;10.0;10.2;9.7;10.0;37794
2014-10-09;10.2;10.35;10.1;10.35;19275
2014-10-08;10.05;10.45;9.3;10.05;101183
2014-10-07;11.1;11.1;10.05;10.15;69917
2014-10-06;11.4;11.45;11.2;11.4;5599
2014-10-03;11.7;11.75;11.7;11.7;4137
2014-10-02;11.75;11.75;11.7;11.7;18528
2014-10-01;11.65;11.85;11.5;11.55;24132
2014-09-30;11.8;12.0;11.7;11.8;38430
2014-09-29;11.55;12.2;11.55;12.0;10804
2014-09-26;11.75;11.9;11.65;11.8;4241
2014-09-25;12.1;12.1;11.7;11.7;12600
2014-09-24;11.7;12.15;11.45;12.1;47884
2014-09-23;11.8;12.45;11.5;12.15;24230
2014-09-22;12.1;12.1;11.5;11.75;31880
2014-09-19;12.4;12.75;12.1;12.15;13560
2014-09-18;12.55;12.55;12.5;12.5;3250
2014-09-17;12.65;12.75;12.5;12.5;6050
2014-09-16;12.5;12.7;12.5;12.7;5900
2014-09-15;12.2;12.3;12.0;12.3;12241
2014-09-12;12.1;12.6;12.1;12.2;4232
2014-09-11;12.55;12.85;12.4;12.4;13661
2014-09-10;12.7;12.75;12.4;12.55;15069
2014-09-09;12.7;12.9;12.5;12.7;17233
2014-09-08;12.5;12.7;12.2;12.7;15336
2014-09-05;12.5;12.5;12.5;12.5;800
2014-09-04;12.55;12.55;12.4;12.4;16145
2014-09-03;12.5;12.5;12.3;12.3;5500
2014-09-02;12.3;12.4;12.0;12.4;10123
2014-09-01;12.2;12.3;12.1;12.3;10211
2014-08-29;12.45;12.55;12.3;12.35;15292
2014-08-28;12.5;12.55;12.4;12.45;12000
2014-08-27;12.7;12.75;12.45;12.5;17350
2014-08-26;12.4;12.45;12.1;12.4;2390
2014-08-25;12.2;12.55;12.2;12.3;1993
2014-08-22;12.45;12.5;12.3;12.5;7400
2014-08-21;12.55;12.55;12.2;12.5;13400
2014-08-20;12.35;12.55;12.2;12.55;46468
2014-08-19;12.5;12.5;12.25;12.5;4557
2014-08-18;12.5;12.5;12.2;12.4;46968
2014-08-15;12.6;12.7;12.4;12.55;29745
2014-08-14;13.1;13.4;12.2;12.75;42392
2014-08-13;13.3;13.3;13.05;13.05;10980
2014-08-12;13.4;13.4;13.0;13.2;17475
2014-08-11;13.25;13.4;13.2;13.4;5960
2014-08-08;13.9;13.9;13.2;13.25;14050
2014-08-07;13.5;13.6;13.3;13.6;13026
2014-08-06;13.8;13.85;13.1;13.5;27280
2014-08-05;13.95;14.15;13.55;13.95;27474
2014-08-04;13.8;13.95;13.5;13.95;16129
2014-08-01;13.45;13.8;13.45;13.6;8149
2014-07-31;13.85;13.9;13.45;13.9;20370
2014-07-30;13.25;13.8;13.0;13.8;73126
2014-07-29;13.3;13.3;13.0;13.1;28584
2014-07-28;13.75;13.75;13.15;13.15;13035
2014-07-25;13.6;13.65;13.35;13.4;9945
2014-07-24;13.55;13.65;13.4;13.4;40331
2014-07-23;13.7;13.85;13.6;13.6;8800
2014-07-22;13.6;13.85;13.6;13.8;6323
2014-07-21;13.7;13.8;13.5;13.65;39700
2014-07-18;13.7;13.8;13.6;13.8;10822
2014-07-17;13.9;14.0;13.7;13.9;15530
2014-07-16;13.9;13.95;13.7;13.9;25772
2014-07-15;13.85;14.0;13.65;13.65;23107
2014-07-14;14.0;14.0;13.7;13.7;18600
2014-07-11;13.85;13.9;13.6;13.9;7002
2014-07-10;14.0;14.0;13.7;13.8;16846
2014-07-09;13.9;14.0;13.6;13.9;22150
2014-07-08;13.8;13.95;13.7;13.9;52370
2014-07-07;14.25;14.5;13.8;13.9;61127
2014-07-04;14.3;14.3;13.9;14.0;118610
2014-07-03;14.0;14.8;13.95;14.45;89847
2014-07-02;13.9;14.05;13.7;13.8;49946
2014-07-01;13.75;13.8;13.25;13.8;53369
2014-06-30;13.85;13.95;13.7;13.75;49170
2014-06-27;13.75;13.95;13.7;13.7;422191
2014-06-26;14.0;14.0;13.75;13.75;81960
2014-06-25;14.05;14.05;13.8;13.85;491747
2014-06-24;14.1;14.2;13.8;13.85;192111
2014-06-23;14.1;14.4;13.85;13.9;261046
2014-06-20;;13.9;13.9;13.9;0
2014-06-19;15.5;15.5;13.05;13.9;1279481
