Dates;Open;High;Low;Close;Volume
2017-12-27;154.5;166.0;153.5;164.5;44935
2017-12-22;150.0;155.0;150.0;154.5;39219
2017-12-21;152.5;154.5;151.0;152.0;36386
2017-12-20;154.5;155.0;150.5;152.0;40159
2017-12-19;154.5;154.5;149.0;154.0;126342
2017-12-18;150.0;153.0;149.0;153.0;31191
2017-12-15;145.25;151.0;145.25;149.5;33578
2017-12-14;150.0;151.5;146.25;149.75;55331
2017-12-13;148.25;153.0;147.25;149.75;53455
2017-12-12;149.5;151.5;147.5;148.25;21213
2017-12-11;149.0;152.5;149.0;152.5;88238
2017-12-08;149.0;150.0;146.75;149.25;30807
2017-12-07;146.0;150.5;143.0;149.0;180875
2017-12-06;148.5;148.75;142.5;146.75;45925
2017-12-05;143.0;149.75;143.0;148.5;113826
2017-12-04;142.25;144.0;142.0;143.5;24155
2017-12-01;143.25;145.25;139.75;142.5;72026
2017-11-30;144.5;145.25;140.5;142.5;99949
2017-11-29;141.25;144.0;140.75;143.5;29905
2017-11-28;136.5;143.75;136.25;141.0;88641
2017-11-27;142.25;144.25;136.75;138.75;96690
2017-11-24;150.0;150.5;140.25;141.75;104632
2017-11-23;164.0;164.0;146.25;147.25;206567
2017-11-22;144.0;165.0;141.5;165.0;276079
2017-11-21;149.75;150.5;144.75;144.75;56241
2017-11-20;143.0;152.0;141.0;148.0;121855
2017-11-17;141.0;144.25;140.0;142.5;49326
2017-11-16;133.25;141.25;133.25;141.0;57427
2017-11-15;140.25;140.5;133.0;136.0;72186
2017-11-14;131.5;141.5;131.5;140.25;80960
2017-11-13;136.0;136.0;130.0;131.5;48735
2017-11-10;132.75;135.0;128.5;135.0;72674
2017-11-09;135.25;135.25;131.0;133.5;158850
2017-11-08;129.0;135.0;128.0;135.0;343026
2017-11-07;134.0;134.5;127.75;130.0;588781
2017-11-06;138.0;138.0;130.5;134.25;263122
2017-11-03;148.0;148.0;140.0;141.0;241679
2017-11-02;153.5;154.5;138.75;146.5;529575
2017-11-01;185.5;187.5;152.0;152.0;525278
2017-10-31;189.0;189.0;183.5;185.5;43014
2017-10-30;185.5;189.0;184.0;188.5;31905
2017-10-27;188.5;189.0;182.0;186.5;37744
2017-10-26;180.0;189.0;177.5;187.0;36341
2017-10-25;174.0;182.0;173.5;180.5;116947
2017-10-24;168.5;175.5;168.0;172.0;63665
2017-10-23;165.5;169.0;162.0;168.0;32058
2017-10-20;161.5;168.0;160.5;165.5;46098
2017-10-19;166.0;167.5;158.5;161.5;53500
2017-10-18;168.0;169.5;165.0;168.0;40744
2017-10-17;170.5;170.5;168.0;168.5;45126
2017-10-13;167.5;169.0;164.0;168.5;77226
2017-10-12;163.0;167.0;161.5;167.0;168761
2017-10-11;165.5;167.0;160.5;163.0;677355
2017-10-10;176.5;176.5;162.5;164.5;307064
2017-10-09;184.5;185.0;175.5;176.0;171440
2017-10-06;185.0;186.5;184.0;185.5;35417
2017-10-05;185.0;185.5;181.0;185.0;56856
2017-10-04;183.0;188.0;179.0;185.5;55990
2017-10-03;181.0;182.0;180.0;181.0;24977
2017-10-02;175.5;181.0;175.0;179.5;52404
2017-09-29;170.5;174.0;165.5;173.5;57436
2017-09-28;177.5;178.5;167.5;170.0;81022
2017-09-27;177.5;179.0;176.0;177.5;75493
2017-09-26;179.5;180.0;170.0;175.0;147279
2017-09-25;191.0;192.0;176.0;180.0;124044
2017-09-22;197.0;197.5;194.5;196.5;146482
2017-09-21;190.0;199.5;190.0;197.5;76385
2017-09-20;187.0;191.0;187.0;189.0;43044
2017-09-19;189.0;192.0;187.0;187.5;42630
2017-09-18;191.5;191.5;187.0;188.5;34030
2017-09-15;188.5;189.0;186.0;186.0;40678
2017-09-14;191.0;192.5;188.5;189.0;64340
2017-09-13;187.5;192.5;183.0;190.5;64396
2017-09-12;184.0;184.0;181.5;183.0;57006
2017-09-11;182.0;184.0;180.5;183.0;113127
2017-09-08;173.0;179.0;172.5;176.0;53021
2017-09-07;163.5;174.5;163.5;172.0;77563
2017-09-06;165.0;165.0;159.0;163.0;69903
2017-09-04;174.0;174.0;162.5;162.5;68495
2017-09-01;166.5;178.5;165.0;171.5;149760
2017-08-31;158.5;162.0;156.5;159.5;109968
2017-08-30;156.5;157.5;155.5;156.0;44733
2017-08-29;157.0;157.5;155.5;155.5;100419
2017-08-28;159.5;159.5;151.0;156.5;144088
2017-08-25;153.5;160.0;146.5;159.5;262116
2017-08-24;160.0;165.0;149.5;153.5;568944
2017-08-23;177.0;177.0;168.0;174.0;99088
2017-08-22;168.0;176.5;166.5;176.0;128527
2017-08-21;168.0;173.5;166.5;167.0;63786
2017-08-18;168.5;170.0;165.0;168.0;77193
2017-08-17;171.0;173.0;167.5;169.0;65892
2017-08-16;174.5;176.0;171.5;172.0;63106
2017-08-15;181.0;181.5;171.5;173.5;81805
2017-08-14;180.5;185.0;179.5;181.0;23887
2017-08-11;182.0;182.5;176.0;180.5;82629
2017-08-10;187.0;187.0;182.5;182.5;41266
2017-08-09;190.0;190.0;184.0;187.5;57294
2017-08-08;193.0;197.0;189.0;191.0;51746
2017-08-07;194.0;194.0;187.0;192.5;67667
2017-08-04;187.5;192.0;183.0;192.0;63146
2017-08-03;188.0;189.5;183.0;187.5;74269
2017-08-02;199.0;199.0;179.0;188.0;386929
2017-08-01;196.0;200.5;196.0;199.0;41916
2017-07-31;201.0;201.0;195.5;198.0;33837
2017-07-28;198.0;200.0;195.5;198.0;29639
2017-07-27;197.0;202.0;197.0;198.5;13094
2017-07-26;196.0;197.5;193.5;197.0;35423
2017-07-25;199.0;201.5;196.5;198.0;39305
2017-07-24;204.0;204.0;197.0;199.0;37183
2017-07-21;205.5;209.0;201.5;204.0;50082
2017-07-20;205.0;206.5;204.0;205.0;34580
2017-07-19;208.0;208.0;203.0;205.5;44638
2017-07-18;206.0;208.0;203.0;207.0;49766
2017-07-17;204.0;214.0;204.0;207.5;112870
2017-07-14;206.0;206.0;201.0;204.0;33649
2017-07-13;212.0;212.0;204.0;205.0;34794
2017-07-12;204.0;214.5;203.0;212.0;77429
2017-07-11;206.5;208.5;197.5;204.0;93840
2017-07-10;213.5;214.0;197.0;206.0;186987
2017-07-07;211.0;215.0;210.5;212.5;43249
2017-07-06;220.0;223.0;211.0;213.5;50564
2017-07-05;225.5;225.5;215.5;219.5;57441
2017-07-04;236.0;236.0;221.0;225.0;85083
2017-07-03;235.0;236.0;229.0;235.5;35600
2017-06-30;233.0;237.5;229.0;235.5;56665
2017-06-29;239.0;241.5;231.5;233.0;37543
2017-06-28;242.0;242.5;232.0;239.0;46267
2017-06-27;252.0;252.0;239.0;242.0;48675
2017-06-26;256.0;256.0;252.0;252.0;42748
2017-06-23;;256.0;256.0;256.0;0
2017-06-22;255.0;258.0;254.5;256.0;28464
2017-06-21;258.5;260.0;253.0;255.0;27523
2017-06-20;262.5;262.5;254.5;258.0;26710
2017-06-19;269.0;272.5;260.5;262.5;34070
2017-06-16;260.0;274.5;260.0;268.5;87254
2017-06-15;263.0;264.0;256.5;259.0;39092
2017-06-14;262.0;265.0;261.5;263.0;158031
2017-06-13;258.5;261.0;256.0;261.0;33303
2017-06-12;260.0;261.0;253.0;256.0;35310
2017-06-09;260.5;268.0;258.0;259.0;105093
2017-06-08;257.0;260.5;254.0;258.0;56641
2017-06-07;256.5;259.5;255.0;257.0;110261
2017-06-06;;256.0;256.0;256.0;0
2017-06-05;250.0;257.0;250.0;256.0;101521
2017-06-02;245.0;252.0;244.0;246.5;83778
2017-06-01;240.0;244.5;239.0;244.5;69413
2017-05-31;238.0;239.0;234.0;239.0;128485
2017-05-30;230.0;240.0;229.0;237.0;152369
2017-05-29;230.5;231.0;227.0;230.0;31095
2017-05-26;224.0;230.5;222.0;230.5;103283
2017-05-24;229.0;232.0;222.0;224.0;155938
2017-05-23;229.0;229.5;224.5;229.0;42231
2017-05-22;226.5;230.0;221.5;228.5;78255
2017-05-19;229.5;238.0;226.0;226.5;97119
2017-05-18;223.0;241.0;220.5;222.5;68033
2017-05-17;227.0;228.0;220.0;224.0;43645
2017-05-16;226.0;228.0;224.0;227.0;38303
2017-05-15;226.5;228.0;225.5;225.5;25337
2017-05-12;226.5;226.5;226.5;226.5;20195
2017-05-11;227.0;228.5;224.0;226.5;259438
2017-05-10;230.0;230.0;223.5;227.0;28656
2017-05-09;226.0;229.0;223.0;227.5;157479
2017-05-08;225.0;228.0;222.0;226.0;36944
2017-05-05;218.5;224.5;215.0;224.5;38915
2017-05-04;228.0;228.0;218.0;218.5;25263
2017-05-03;222.0;222.5;218.0;222.5;72720
2017-05-02;226.0;230.5;220.5;222.0;80768
2017-05-01;;222.0;222.0;222.0;0
2017-04-28;216.0;224.0;216.0;222.0;29220
2017-04-27;217.5;218.5;212.5;218.5;50802
2017-04-26;223.0;223.0;217.5;219.0;53016
2017-04-25;223.0;225.0;221.5;223.0;16805
2017-04-24;220.0;225.5;220.0;221.5;78411
2017-04-21;227.0;227.0;221.0;221.5;63282
2017-04-20;233.0;233.5;224.0;227.5;66883
2017-04-19;243.0;244.5;231.0;235.0;63399
2017-04-18;252.0;252.0;245.5;248.5;19408
2017-04-13;249.0;252.0;242.0;252.0;30453
2017-04-12;249.0;250.0;242.0;247.0;13274
2017-04-11;251.5;251.5;243.5;247.0;17729
2017-04-10;244.0;252.0;241.0;251.5;27211
2017-04-07;241.5;245.0;237.0;244.0;34541
2017-04-06;246.0;246.0;241.0;246.0;49395
2017-04-05;240.0;250.0;238.0;247.0;45720
2017-04-04;238.0;240.0;237.0;239.0;34415
2017-04-03;233.0;241.5;233.0;236.0;81521
2017-03-31;235.0;235.0;230.5;235.0;20900
2017-03-30;230.0;235.0;229.0;235.0;19585
2017-03-29;231.0;231.0;227.0;229.0;82233
2017-03-28;230.0;232.0;227.0;228.5;21927
2017-03-27;231.0;231.0;226.0;230.5;13063
2017-03-24;236.0;236.0;229.5;231.0;20480
2017-03-23;232.0;238.5;231.5;235.5;20111
2017-03-22;240.0;240.0;228.0;232.0;45484
2017-03-21;249.0;249.0;236.0;240.0;45448
2017-03-20;252.0;252.0;249.0;249.0;26801
2017-03-17;254.0;254.0;250.5;251.0;19718
2017-03-16;252.0;254.0;250.0;252.0;18411
2017-03-15;247.0;260.0;245.5;251.5;186941
2017-03-14;245.5;247.0;242.0;245.0;73560
2017-03-13;246.5;247.5;240.0;245.5;24151
2017-03-10;244.0;244.5;244.5;244.5;41451
2017-03-09;246.0;246.0;242.0;243.5;14757
2017-03-08;246.0;246.5;243.5;244.0;42146
2017-03-07;241.0;249.0;239.0;245.0;33144
2017-03-06;241.0;244.5;237.5;239.5;133001
2017-03-03;245.0;241.0;241.0;241.0;16031
2017-03-02;238.5;252.5;238.5;245.0;362993
2017-03-01;229.5;240.0;228.0;237.5;18061
2017-02-28;230.0;232.5;229.0;230.0;34838
2017-02-27;232.0;234.5;228.0;229.0;17417
2017-02-24;231.5;233.0;229.0;231.5;145099
2017-02-23;227.0;232.0;227.0;231.5;22264
2017-02-22;227.0;227.0;224.0;226.5;19969
2017-02-21;225.0;229.5;224.5;227.0;16348
2017-02-20;221.0;225.0;216.5;225.0;26400
2017-02-17;221.0;222.0;214.5;219.0;31407
2017-02-16;221.5;224.0;218.5;218.5;35400
2017-02-15;220.5;220.5;217.0;220.0;14980
2017-02-14;219.0;221.0;214.0;219.5;14587
2017-02-13;221.5;222.5;217.5;219.0;1216257
2017-02-10;218.0;222.0;216.5;221.0;21405
2017-02-09;220.0;221.0;216.5;218.5;23494
2017-02-08;227.0;228.5;218.5;223.0;37027
2017-02-07;218.0;225.0;216.5;225.0;32746
2017-02-06;216.5;218.0;216.0;217.0;26278
2017-02-03;212.0;218.5;212.0;217.0;49506
2017-02-02;209.5;212.5;206.5;210.0;710075
2017-02-01;203.0;216.0;200.5;210.0;688407
2017-01-31;171.5;183.0;171.5;182.0;40098
2017-01-30;165.0;173.0;163.5;171.0;24587
2017-01-27;171.0;172.5;163.0;165.5;51631
2017-01-26;175.0;177.5;170.0;170.0;19509
2017-01-25;172.0;180.0;171.5;173.0;27885
2017-01-24;168.0;172.5;168.0;169.0;23249
2017-01-23;170.0;170.0;167.0;169.0;19929
2017-01-20;175.0;176.0;170.0;172.5;52028
2017-01-19;185.0;185.0;175.5;177.0;24072
2017-01-18;185.0;185.0;180.0;183.0;12217
2017-01-17;185.0;185.0;182.0;184.5;4705
2017-01-16;182.0;185.5;182.0;184.0;5238
2017-01-13;186.0;186.0;181.5;186.0;7961
2017-01-12;185.0;185.0;182.5;185.0;4328
2017-01-11;188.5;188.5;184.0;185.0;10788
2017-01-10;184.5;185.0;182.0;185.0;8748
2017-01-09;188.0;191.0;182.0;184.5;12942
2017-01-06;;187.5;187.5;187.5;0
2017-01-05;187.5;188.5;186.0;187.5;3790
2017-01-04;188.0;188.0;185.0;187.5;8295
2017-01-03;188.0;188.5;186.0;187.0;45779
2017-01-02;182.0;185.5;182.0;185.5;6237
2016-12-30;186.0;186.0;182.0;184.5;10092
2016-12-29;183.0;183.5;182.0;182.5;9030
2016-12-28;184.0;184.0;182.0;184.0;4781
2016-12-27;181.0;184.0;181.0;183.0;5783
2016-12-23;182.5;183.0;181.0;182.5;5579
2016-12-22;181.0;182.0;181.0;182.0;6239
2016-12-21;183.0;183.0;180.5;181.0;7078
2016-12-20;180.0;183.5;180.0;181.5;9661
2016-12-19;183.5;183.5;180.0;182.0;20404
2016-12-16;183.0;185.0;182.0;183.5;9792
2016-12-15;184.0;186.5;180.5;180.5;20000
2016-12-14;181.0;186.0;177.5;186.0;54976
2016-12-13;178.0;181.5;176.5;181.0;25433
2016-12-12;181.0;181.0;176.5;177.5;22358
2016-12-09;182.0;184.0;181.0;183.0;24165
2016-12-08;182.5;183.0;178.5;182.0;38669
2016-12-07;185.0;185.0;180.5;184.0;23991
2016-12-06;183.5;185.5;183.0;185.0;14606
2016-12-05;186.0;187.5;184.5;186.0;13420
2016-12-02;185.5;186.5;183.0;186.5;35227
2016-12-01;186.0;186.0;183.0;185.5;28933
2016-11-30;185.0;187.5;180.5;186.0;372082
2016-11-29;185.5;188.0;179.0;184.5;30987
2016-11-28;182.0;186.5;181.5;185.5;21064
2016-11-25;188.0;188.0;181.5;184.0;14327
2016-11-24;184.5;185.5;181.0;185.5;21126
2016-11-23;185.0;185.0;183.0;185.0;29407
2016-11-22;180.0;185.0;174.0;184.5;56655
2016-11-21;187.0;188.0;176.0;180.0;66151
2016-11-18;200.0;205.0;185.0;186.5;92426
2016-11-17;193.0;200.0;193.0;197.5;12734
2016-11-16;198.0;200.0;195.0;199.5;24709
2016-11-15;190.0;197.5;190.0;197.5;19208
2016-11-14;192.5;195.0;190.5;191.0;23617
2016-11-11;196.0;196.0;189.0;191.0;20766
2016-11-10;192.5;199.0;192.5;194.0;25346
2016-11-09;188.0;196.5;185.5;193.5;56352
2016-11-08;193.0;200.0;192.0;194.0;22542
2016-11-07;192.0;198.0;192.0;198.0;20155
2016-11-04;195.0;195.0;191.5;191.5;36331
2016-11-03;193.0;201.5;193.0;197.0;25757
2016-11-02;196.0;201.5;190.0;201.5;32090
2016-11-01;199.0;204.0;195.0;197.0;13886
2016-10-31;195.0;200.0;195.0;200.0;29184
2016-10-28;199.0;200.5;188.5;198.0;30528
2016-10-27;194.0;199.0;194.0;199.0;13583
2016-10-26;196.0;198.0;194.0;196.5;10153
2016-10-25;198.0;198.0;193.5;196.5;16053
2016-10-24;203.0;204.5;192.5;198.0;26357
2016-10-21;199.0;205.0;199.0;203.0;35009
2016-10-20;198.0;200.0;195.5;200.0;19984
2016-10-19;197.5;198.5;197.5;198.5;16410
2016-10-18;195.0;198.5;195.0;197.5;24111
2016-10-17;197.5;199.0;196.0;198.5;20694
2016-10-14;195.5;198.5;193.5;198.5;43594
2016-10-13;193.5;197.0;191.0;195.5;45949
2016-10-12;192.5;197.5;188.0;197.0;73436
2016-10-11;198.5;198.5;196.5;198.5;33045
2016-10-10;198.0;198.0;195.0;198.0;12454
2016-10-07;198.5;198.5;195.5;198.5;14550
2016-10-06;198.5;198.5;196.0;198.5;17674
2016-10-05;194.5;198.0;193.5;198.0;9769
2016-10-04;199.0;199.0;193.5;194.5;10149
2016-10-03;200.0;200.0;197.0;198.5;13633
2016-09-30;197.5;198.5;194.5;198.5;11150
2016-09-29;196.0;198.5;196.0;197.5;16218
2016-09-28;200.0;200.0;193.5;197.0;26568
2016-09-27;194.5;199.0;194.5;198.0;16840
2016-09-26;197.5;197.5;189.0;195.0;21144
2016-09-23;196.0;200.0;192.5;197.5;34230
2016-09-22;187.0;198.5;185.5;194.5;42667
2016-09-21;183.5;187.0;179.0;187.0;33733
2016-09-20;184.5;184.5;180.0;181.0;521819
2016-09-19;176.5;184.0;176.5;184.0;34854
2016-09-16;180.0;189.0;177.5;180.0;42929
2016-09-15;178.0;182.0;176.5;180.0;134302
2016-09-14;170.0;181.0;170.0;180.0;41616
2016-09-13;168.0;170.5;167.5;170.5;30262
2016-09-12;167.0;169.0;163.0;169.0;25569
2016-09-09;169.0;170.0;166.5;169.0;17078
2016-09-08;166.0;170.0;165.5;169.0;18883
2016-09-07;166.0;166.5;165.0;166.0;19040
2016-09-06;162.0;167.0;162.0;166.0;50110
2016-09-05;159.0;168.0;159.0;161.5;29809
2016-09-02;153.0;159.0;151.5;159.0;13519
2016-09-01;156.0;158.0;151.0;153.5;21641
2016-08-31;157.0;160.0;155.5;155.5;18671
2016-08-30;159.0;160.0;154.0;157.0;48502
2016-08-29;160.5;160.5;156.0;160.0;24040
2016-08-26;169.5;169.5;160.5;162.0;304469
2016-08-25;159.0;166.5;158.5;166.0;85151
2016-08-24;152.5;153.0;147.0;151.0;36649
2016-08-23;148.5;152.0;147.0;151.5;26461
2016-08-22;148.0;148.0;146.75;147.5;14596
2016-08-19;148.0;148.0;144.0;147.25;17522
2016-08-18;141.25;146.25;141.25;146.25;26218
2016-08-17;140.0;142.5;140.0;141.75;18800
2016-08-16;140.5;142.0;140.0;140.0;12585
2016-08-15;140.0;142.0;140.0;140.5;11834
2016-08-12;141.75;142.0;139.0;140.0;18935
2016-08-11;141.75;141.75;138.0;140.75;19157
2016-08-10;138.5;141.75;137.5;141.75;57923
2016-08-09;135.0;138.75;133.5;137.5;145083
2016-08-08;134.25;136.5;131.75;133.0;17513
2016-08-05;131.0;134.5;131.0;133.75;14367
2016-08-04;127.75;131.75;127.75;130.25;9796
2016-08-03;130.0;130.75;127.5;128.25;17403
2016-08-02;132.5;135.0;129.5;130.0;28621
2016-08-01;134.0;136.5;132.25;134.75;23081
2016-07-29;140.75;141.0;132.75;132.75;58621
2016-07-28;137.5;141.5;136.0;137.0;46543
2016-07-27;138.5;138.5;132.25;134.25;36599
2016-07-26;140.0;140.0;137.0;138.5;12012
2016-07-25;139.0;145.0;138.5;140.0;41392
2016-07-22;134.5;138.5;134.0;136.25;28486
2016-07-21;129.0;139.0;128.25;134.5;67005
2016-07-20;127.0;131.0;127.0;129.0;15659
2016-07-19;128.0;130.0;126.75;126.75;12889
2016-07-18;128.5;128.75;126.5;128.0;10141
2016-07-15;127.25;130.0;127.25;128.5;19423
2016-07-14;127.0;129.5;127.0;127.25;33611
2016-07-13;127.0;130.0;125.75;126.75;52265
2016-07-12;123.75;128.5;121.5;127.75;23246
2016-07-11;122.0;124.0;120.5;124.0;22589
2016-07-08;118.0;121.0;117.5;121.0;8497
2016-07-07;118.25;118.75;118.25;118.25;2831
2016-07-06;118.0;118.75;117.75;118.0;7741
2016-07-05;118.0;119.75;117.75;118.5;3332
2016-07-04;119.0;121.0;119.0;120.25;6015
2016-07-01;119.75;120.0;119.0;120.0;7884
2016-06-30;119.0;119.0;116.75;119.0;10895
2016-06-29;116.0;117.5;115.25;117.5;8665
2016-06-28;114.5;116.0;112.5;116.0;10901
2016-06-27;111.0;116.0;111.0;112.0;20379
2016-06-24;;118.0;118.0;118.0;0
2016-06-23;116.0;118.5;115.0;118.0;37644
2016-06-22;117.5;118.75;115.0;117.0;617068
2016-06-21;113.0;117.5;113.0;117.5;102919
2016-06-20;111.0;113.5;111.0;113.5;14890
2016-06-17;108.75;114.0;108.75;113.5;9670
2016-06-16;116.0;116.0;108.75;110.75;25151
2016-06-15;116.0;116.75;111.75;115.0;12346
2016-06-14;117.25;120.0;112.0;115.0;13601
2016-06-13;117.0;117.25;116.0;117.25;23938
2016-06-10;117.0;118.25;115.25;118.25;13750
2016-06-09;118.25;119.0;115.0;119.0;30977
2016-06-08;120.0;120.0;115.75;117.0;10719
2016-06-07;120.0;120.0;116.5;117.75;15363
2016-06-06;;120.0;120.0;120.0;0
2016-06-03;120.0;120.0;116.25;120.0;16641
2016-06-02;119.25;119.25;115.25;117.5;28641
2016-06-01;124.25;124.25;118.5;120.0;19716
2016-05-31;120.0;125.25;118.25;125.25;65731
2016-05-30;119.5;120.0;118.25;119.0;13338
2016-05-27;117.75;119.5;117.75;119.0;20298
2016-05-26;118.5;119.25;117.0;119.0;4901
2016-05-25;118.0;121.0;118.0;118.25;5720
2016-05-24;119.0;120.25;118.0;118.5;7095
2016-05-23;120.0;120.0;118.5;119.0;9131
2016-05-20;117.5;119.0;117.5;118.5;5870
2016-05-19;120.0;120.0;118.25;118.25;14324
2016-05-18;117.75;119.0;115.0;118.0;11370
2016-05-17;114.5;117.0;114.5;116.75;4709
2016-05-16;114.75;115.0;112.25;115.0;9287
2016-05-13;114.5;115.25;114.5;115.0;8971
2016-05-12;114.0;116.5;111.0;115.25;19403
2016-05-11;118.0;118.0;115.5;117.5;17168
2016-05-10;120.5;120.5;119.5;119.5;7795
2016-05-09;121.25;122.75;121.25;121.5;44654
2016-05-06;117.5;121.25;117.0;120.0;20118
2016-05-05;114.25;117.5;114.25;117.5;1377
2016-05-04;114.25;117.5;114.25;117.5;1377
2016-05-03;113.0;115.5;113.0;115.5;8692
2016-05-02;113.0;118.0;112.25;113.0;11610
2016-04-29;116.25;116.25;115.0;116.0;4319
2016-04-28;114.75;116.75;113.75;116.75;5911
2016-04-27;116.75;116.75;114.0;114.75;8934
2016-04-26;119.0;119.0;116.25;117.25;10107
2016-04-25;122.75;122.75;117.75;119.0;11947
2016-04-22;123.0;123.0;121.0;122.5;6691
2016-04-21;125.0;125.25;121.5;123.0;14936
2016-04-20;124.5;125.5;124.5;125.5;2530
2016-04-19;124.5;125.0;123.0;125.0;15125
2016-04-18;124.0;126.5;122.5;124.5;11873
2016-04-15;126.75;127.75;124.25;126.0;10445
2016-04-14;124.5;126.75;122.0;126.75;45204
2016-04-13;122.0;124.0;121.5;124.0;36945
2016-04-12;123.0;123.0;120.0;121.25;21848
2016-04-11;122.75;123.0;119.25;120.0;12415
2016-04-08;123.0;123.0;120.75;122.75;9714
2016-04-07;117.0;122.0;117.0;121.5;7878
2016-04-06;119.5;122.25;118.75;122.25;8419
2016-04-05;116.25;123.0;116.25;120.0;11961
2016-04-04;120.0;120.0;118.0;119.5;11248
2016-04-01;120.0;120.0;118.25;120.0;9932
2016-03-31;120.0;121.5;119.0;120.5;118585
2016-03-30;120.0;121.0;118.0;119.25;22267
2016-03-29;120.0;120.0;117.0;120.0;7240
2016-03-28;120.75;120.75;120.0;120.0;5683
2016-03-25;120.75;120.75;118.0;120.0;5683
2016-03-24;120.75;120.75;118.0;120.0;5683
2016-03-23;119.5;120.75;118.5;120.75;15002
2016-03-22;121.0;121.0;117.0;119.5;13000
2016-03-21;119.25;122.0;119.0;121.0;39094
2016-03-18;116.0;119.5;115.0;119.5;101672
2016-03-17;115.0;115.5;112.75;115.5;15149
2016-03-16;116.0;116.0;113.25;115.5;7976
2016-03-15;114.75;115.0;113.25;115.0;17308
2016-03-14;113.25;114.75;112.5;114.75;13032
2016-03-11;110.0;114.5;110.0;113.25;22195
2016-03-10;111.75;111.75;109.5;110.0;20457
2016-03-09;110.5;111.0;109.25;110.75;8881
2016-03-08;112.0;112.0;109.0;111.0;26104
2016-03-07;113.0;114.5;111.5;112.25;26181
2016-03-04;111.75;111.75;108.75;111.0;37306
2016-03-03;114.0;114.0;111.5;112.0;10203
2016-03-02;113.0;113.75;112.0;112.5;16979
2016-03-01;119.0;119.0;111.0;113.0;24235
2016-02-29;109.0;115.0;107.25;115.0;47473
2016-02-26;109.5;109.5;107.0;108.5;25620
2016-02-25;110.0;110.0;107.75;108.5;23428
2016-02-24;103.5;109.0;103.5;107.5;82511
2016-02-23;102.0;102.0;99.75;101.5;11716
2016-02-22;97.25;101.25;95.5;101.25;18653
2016-02-19;95.25;97.25;94.25;97.25;42418
2016-02-18;102.0;102.0;94.25;95.25;154213
2016-02-17;101.0;103.25;100.0;102.0;22133
2016-02-16;100.5;104.5;97.0;101.0;25248
2016-02-15;99.5;102.5;96.75;100.0;14603
2016-02-12;97.75;99.0;96.0;99.0;24393
2016-02-11;99.75;99.75;95.0;97.75;20744
2016-02-10;90.25;98.5;90.25;98.0;44676
2016-02-09;86.75;89.5;83.0;89.5;32626
2016-02-08;95.25;95.25;87.25;88.5;34146
2016-02-05;97.0;97.0;93.75;95.0;8771
2016-02-04;95.0;98.0;94.75;97.0;21261
2016-02-03;97.0;97.0;94.0;95.5;28258
2016-02-02;100.0;100.0;96.5;97.0;12780
2016-02-01;97.5;99.25;96.75;99.25;10473
2016-01-29;96.5;99.0;94.0;97.5;78953
2016-01-28;100.5;100.5;95.5;96.5;26716
2016-01-27;104.0;104.0;100.0;100.0;10616
2016-01-26;101.0;104.5;98.0;104.0;11612
2016-01-25;105.0;105.0;99.0;101.25;10070
2016-01-22;103.0;105.0;101.0;103.25;18401
2016-01-21;97.0;101.75;92.5;101.5;58734
2016-01-20;101.5;101.5;96.75;97.5;25712
2016-01-19;100.5;103.75;100.5;102.0;33505
2016-01-18;104.0;104.0;100.25;102.75;27515
2016-01-15;108.0;108.0;103.5;104.0;28210
2016-01-14;110.5;111.25;102.0;108.25;80231
2016-01-13;111.5;115.75;110.5;111.0;40852
2016-01-12;115.0;115.0;113.0;114.5;10928
2016-01-11;112.25;117.0;112.25;115.5;12132
2016-01-08;118.0;121.5;115.0;118.0;94667
2016-01-07;118.0;120.0;113.0;118.0;57453
2016-01-06;;120.75;120.75;120.75;0
2016-01-05;120.5;122.5;120.5;120.75;4408
2016-01-04;121.0;122.0;111.0;120.75;108328
2016-01-01;;122.5;122.5;122.5;0
2015-12-31;;122.5;122.5;122.5;0
2015-12-30;125.0;125.0;120.0;122.5;17953
2015-12-29;122.0;126.25;122.0;124.75;33911
2015-12-28;119.75;120.0;117.75;120.0;7358
2015-12-25;118.25;119.75;118.25;119.75;19183
2015-12-24;118.25;119.75;118.25;119.75;19183
2015-12-23;118.25;119.75;118.25;119.75;19183
2015-12-22;118.75;118.75;116.0;117.0;12169
2015-12-21;115.75;117.5;114.75;115.25;18352
2015-12-18;118.0;118.0;114.25;116.5;5570
2015-12-17;113.0;119.0;113.0;117.75;18465
2015-12-16;116.0;116.25;114.25;116.0;17938
2015-12-15;118.5;119.0;114.0;116.5;12479
2015-12-14;110.25;119.25;110.25;119.25;34747
2015-12-11;120.0;120.0;113.25;115.25;180480
2015-12-10;119.5;119.5;117.25;117.25;10495
2015-12-09;120.0;121.0;117.5;118.75;56559
2015-12-08;119.0;121.0;115.0;117.0;32665
2015-12-07;121.5;121.5;117.0;119.25;28966
2015-12-04;119.0;119.0;115.0;119.0;25882
2015-12-03;118.0;122.0;115.75;118.75;46134
2015-12-02;113.5;118.5;113.25;115.25;158632
2015-12-01;110.0;110.0;107.0;109.25;28195
2015-11-30;109.0;109.5;103.0;109.25;319571
2015-11-27;103.5;108.0;102.0;108.0;154103
2015-11-26;106.75;107.0;102.0;104.0;56236
2015-11-25;118.5;120.25;102.0;106.0;460796
2015-11-24;116.0;117.75;113.0;116.25;32880
2015-11-23;116.0;116.75;115.5;115.75;21501
2015-11-20;112.0;118.0;110.0;115.25;28112
2015-11-19;110.0;112.0;109.0;112.0;31023
2015-11-18;107.0;110.5;107.0;110.0;9727
2015-11-17;103.5;110.5;103.5;110.5;34263
2015-11-16;107.25;108.0;104.0;104.25;21161
2015-11-13;103.75;108.0;103.75;107.25;43284
2015-11-12;103.0;103.5;100.25;102.75;14731
2015-11-11;100.5;103.0;100.5;102.75;12100
2015-11-10;103.5;103.75;99.75;100.25;23497
2015-11-09;101.25;104.75;101.25;103.5;15457
2015-11-06;102.25;103.5;102.0;102.25;13610
2015-11-05;105.5;106.0;102.0;103.75;14851
2015-11-04;106.0;106.5;104.75;106.5;14880
2015-11-03;105.0;106.75;104.0;105.75;13203
2015-11-02;107.25;107.25;104.75;107.0;9276
2015-10-30;106.5;107.25;105.0;107.25;8034
2015-10-29;105.0;105.75;103.25;105.75;29749
2015-10-28;102.5;104.25;102.0;104.0;16867
2015-10-27;102.75;104.75;102.5;102.5;16881
2015-10-26;104.5;104.5;102.75;103.0;8585
2015-10-23;104.0;104.75;103.25;104.5;18160
2015-10-22;106.25;106.25;103.0;105.0;10147
2015-10-21;106.25;106.25;104.25;105.75;8150
2015-10-20;103.0;106.5;103.0;104.75;17678
2015-10-19;103.0;103.75;102.25;103.0;15006
2015-10-16;102.5;102.75;100.75;102.75;25195
2015-10-15;102.0;102.0;100.0;102.0;24650
2015-10-14;101.5;102.25;99.25;100.5;41250
2015-10-13;103.75;104.25;101.75;103.0;21861
2015-10-12;105.0;105.0;102.0;103.75;31821
2015-10-09;102.0;105.5;101.0;104.0;156153
2015-10-08;105.0;105.25;101.0;102.0;105394
2015-10-07;107.0;107.25;102.75;105.5;116187
2015-10-06;111.0;111.0;108.0;109.5;55789
2015-10-05;113.25;113.75;110.5;111.0;33777
2015-10-02;115.5;115.75;110.0;113.25;243804
2015-10-01;115.0;118.0;114.0;116.25;45324
2015-09-30;118.0;119.75;116.0;119.0;38619
2015-09-29;112.0;120.0;110.0;119.0;174426
2015-09-28;117.5;118.0;112.75;114.5;14806
2015-09-25;115.0;117.5;114.0;117.0;37616
2015-09-24;114.0;116.0;113.0;115.5;26184
2015-09-23;116.0;117.0;112.25;116.5;87024
2015-09-22;113.75;114.5;111.0;113.75;30339
2015-09-21;111.0;114.75;107.0;114.5;21742
2015-09-18;114.25;114.25;110.25;112.0;19502
2015-09-17;113.0;114.75;112.25;114.25;8141
2015-09-16;115.75;115.75;111.75;113.75;37241
2015-09-15;114.25;115.75;113.5;115.75;23622
2015-09-14;113.0;115.5;113.0;114.25;17100
2015-09-11;116.5;117.5;116.0;116.0;34202
2015-09-10;114.0;117.25;114.0;117.25;16221
2015-09-09;115.5;117.75;115.5;116.75;19375
2015-09-08;112.5;116.5;112.5;115.5;23828
2015-09-07;112.75;114.75;112.75;112.75;11534
2015-09-04;112.0;114.5;111.75;112.75;109099
2015-09-03;113.25;116.0;112.75;113.25;53175
2015-09-02;110.0;113.25;109.25;113.25;93901
2015-09-01;110.0;112.0;109.5;111.0;59720
2015-08-31;117.0;117.0;110.0;112.0;28119
2015-08-28;110.0;118.0;106.75;117.25;142219
2015-08-27;108.5;120.5;108.5;119.25;71610
2015-08-26;105.75;107.5;102.5;106.0;44200
2015-08-25;105.25;110.0;103.0;106.0;81969
2015-08-24;110.0;112.5;104.5;107.25;110785
2015-08-21;118.0;118.0;112.5;116.0;52600
2015-08-20;122.0;122.0;118.0;119.25;32355
2015-08-19;124.5;124.5;121.0;122.75;19624
2015-08-18;120.5;124.75;120.5;124.5;18722
2015-08-17;123.0;123.0;119.5;122.0;16340
2015-08-14;121.75;123.0;119.75;123.0;14109
2015-08-13;118.0;122.25;118.0;121.0;16313
2015-08-12;121.5;121.5;117.0;117.5;27988
2015-08-11;124.75;124.75;120.5;123.25;13311
2015-08-10;123.25;126.25;123.25;124.75;318303
2015-08-07;122.0;123.0;120.5;122.75;12827
2015-08-06;125.5;125.5;120.5;122.5;320389
2015-08-05;126.25;127.0;123.25;125.5;17866
2015-08-04;122.0;126.5;118.25;126.25;20628
2015-08-03;123.0;123.0;120.5;120.5;15577
2015-07-31;124.0;124.0;121.5;123.0;6572
2015-07-30;121.5;124.25;121.5;124.0;22529
2015-07-29;127.0;127.75;120.75;121.5;521829
2015-07-28;125.75;126.75;124.25;126.75;10324
2015-07-27;125.75;126.75;121.0;126.5;31430
2015-07-24;123.0;126.0;123.0;126.0;31946
2015-07-23;127.5;128.75;123.0;125.0;30918
2015-07-22;126.0;128.0;123.0;126.0;22923
2015-07-21;127.0;129.0;125.0;126.5;31261
2015-07-20;126.0;129.25;125.5;127.0;82780
2015-07-17;120.0;127.0;118.75;124.5;93415
2015-07-16;115.5;119.75;114.75;119.75;164944
2015-07-15;116.75;116.75;112.0;115.5;8135
2015-07-14;117.0;117.0;115.0;116.5;31258
2015-07-13;111.75;117.5;111.75;116.0;44624
2015-07-10;106.0;110.0;105.75;109.75;22820
2015-07-09;104.5;107.75;104.5;106.25;19436
2015-07-08;107.0;107.0;104.0;104.0;25210
2015-07-07;105.5;108.75;102.5;107.0;49603
2015-07-06;108.0;109.0;103.25;105.5;26160
2015-07-03;110.25;113.0;109.0;110.25;11394
2015-07-02;113.0;114.5;110.0;111.25;16388
2015-07-01;108.0;113.75;108.0;113.25;23712
2015-06-30;105.0;108.0;104.0;108.0;26715
2015-06-29;105.0;109.0;103.5;106.25;32905
2015-06-26;112.0;112.0;108.25;111.75;19837
2015-06-25;112.0;115.0;110.25;111.25;16368
2015-06-24;114.75;114.75;111.0;111.5;28873
2015-06-23;110.0;113.75;110.0;113.0;36396
2015-06-22;106.25;110.0;106.25;109.5;17829
2015-06-19;;106.5;106.5;106.5;0
2015-06-18;108.5;108.5;102.5;106.5;37611
2015-06-17;107.0;109.75;106.75;108.5;25594
2015-06-16;108.5;108.5;102.5;107.5;139673
2015-06-15;111.0;111.0;106.25;109.75;66575
2015-06-12;117.5;119.5;112.0;113.75;47172
2015-06-11;118.0;119.5;117.0;117.25;11365
2015-06-10;115.0;119.0;115.0;117.75;26634
2015-06-09;120.0;120.0;115.0;117.25;38160
2015-06-08;116.75;120.5;116.0;120.5;53578
2015-06-05;120.0;120.0;113.75;117.0;38636
2015-06-04;120.75;120.75;116.75;120.0;142139
2015-06-03;114.0;121.0;112.0;121.0;97651
2015-06-02;119.5;119.5;112.0;114.5;79672
2015-06-01;115.0;119.25;114.0;119.25;54627
2015-05-29;111.0;115.5;109.0;115.0;68336
2015-05-28;112.0;113.0;109.5;111.0;69982
2015-05-27;112.0;114.25;112.0;112.0;17307
2015-05-26;116.0;116.25;110.75;112.5;49810
2015-05-25;113.0;116.25;111.75;116.0;26148
2015-05-22;109.75;113.0;109.5;113.0;27912
2015-05-21;109.5;110.0;108.25;110.0;40757
2015-05-20;110.0;110.0;108.0;110.0;40940
2015-05-19;105.0;109.0;105.0;108.75;35050
2015-05-18;108.0;109.5;103.75;105.0;67123
2015-05-15;101.0;108.5;101.0;108.0;72920
2015-05-14;98.75;102.0;98.75;100.0;55490
2015-05-13;98.75;102.0;98.75;100.0;55490
2015-05-12;100.5;100.5;95.5;98.25;118978
2015-05-11;102.75;102.75;99.5;99.75;122253
2015-05-08;103.0;104.75;98.0;98.0;188004
2015-05-07;96.0;96.25;89.0;96.25;66585
2015-05-06;99.0;99.5;93.0;96.0;44492
2015-05-05;97.0;101.0;96.0;99.0;107245
2015-05-04;97.5;97.5;94.0;96.5;31953
2015-05-01;100.25;101.0;92.0;97.5;77785
2015-04-30;100.25;101.0;92.0;97.5;77785
2015-04-29;95.5;100.0;94.5;100.0;140715
2015-04-28;94.0;96.0;93.0;95.0;92643
2015-04-27;89.0;94.0;89.0;93.0;68620
2015-04-24;84.0;88.75;83.5;88.5;26597
2015-04-23;84.5;84.5;83.5;84.5;44335
2015-04-22;83.75;84.75;83.75;84.25;39007
2015-04-21;84.0;84.0;83.5;83.75;32088
2015-04-20;77.25;85.25;77.0;84.0;97093
2015-04-17;79.5;79.75;77.25;79.5;47894
2015-04-16;78.5;79.25;76.75;79.25;17532
2015-04-15;77.5;78.75;77.0;78.5;20596
2015-04-14;77.0;77.75;76.0;77.25;20008
2015-04-13;77.25;77.25;75.75;76.25;15303
2015-04-10;76.5;77.25;75.75;77.25;18697
2015-04-09;77.75;78.0;76.75;77.75;11253
2015-04-08;76.0;77.75;75.75;77.75;59127
2015-04-07;74.75;78.0;74.75;76.25;52323
2015-04-02;75.0;75.5;74.0;74.75;19790
2015-04-01;70.75;75.0;70.75;75.0;100131
2015-03-31;71.0;73.0;71.0;72.5;101183
2015-03-30;69.75;71.5;69.5;71.5;28832
2015-03-27;66.0;69.75;65.5;69.75;157138
2015-03-26;68.75;68.75;65.5;66.75;129147
2015-03-25;74.0;74.0;67.0;69.0;165889
2015-03-24;73.5;74.25;72.0;74.0;21498
2015-03-23;75.0;75.5;72.75;73.5;9511
2015-03-20;74.0;76.0;74.0;74.5;23059
2015-03-19;74.25;74.5;72.5;73.5;12585
2015-03-18;73.5;74.0;72.0;74.0;26904
2015-03-17;74.25;75.75;72.5;74.0;19743
2015-03-16;73.0;75.5;72.75;75.0;45600
2015-03-13;71.0;73.25;71.0;73.0;36913
2015-03-12;70.25;71.25;69.75;71.0;11146
2015-03-11;71.5;72.0;70.0;72.0;13767
2015-03-10;71.0;72.25;70.25;71.5;15868
2015-03-09;72.0;72.75;70.0;72.75;28411
2015-03-06;72.0;73.5;72.0;73.0;25945
2015-03-05;70.0;72.0;69.5;71.75;14571
2015-03-04;70.25;70.5;68.5;70.0;44875
2015-03-03;73.0;73.0;70.0;71.0;50552
2015-03-02;73.5;73.5;70.5;73.0;46454
2015-02-27;73.0;74.0;73.0;73.75;37444
2015-02-26;73.75;75.0;72.75;72.75;59756
2015-02-25;73.5;74.75;72.0;73.25;95168
2015-02-24;69.75;70.0;68.0;70.0;49003
2015-02-23;72.0;72.0;68.25;69.5;57902
2015-02-20;74.25;74.25;70.25;72.0;44988
2015-02-19;74.25;74.25;72.0;73.0;29252
2015-02-18;74.0;74.75;72.0;72.25;44760
2015-02-17;76.0;77.0;73.0;74.0;144889
2015-02-16;71.25;76.25;70.75;76.25;161213
2015-02-13;66.5;70.0;65.75;70.0;107583
2015-02-12;70.0;70.0;65.25;65.75;215582
2015-02-11;64.75;67.75;63.0;63.0;97429
2015-02-10;57.75;64.25;57.75;63.0;171460
2015-02-09;55.25;57.5;55.0;57.0;58192
2015-02-06;53.5;55.5;52.75;55.25;35085
2015-02-05;52.0;53.5;52.0;53.5;24617
2015-02-04;52.0;53.0;52.0;53.0;20270
2015-02-03;53.0;53.75;51.75;53.25;38501
2015-02-02;53.0;54.0;52.5;53.0;23790
2015-01-30;53.25;53.75;53.25;53.75;16843
2015-01-29;53.25;53.5;53.0;53.5;10058
2015-01-28;53.75;53.75;52.5;53.75;13430
2015-01-27;53.0;54.0;53.0;53.25;18574
2015-01-26;53.0;53.5;53.0;53.5;27222
2015-01-23;54.0;54.5;53.0;53.5;20964
2015-01-22;54.25;54.5;52.5;54.0;27261
2015-01-21;55.25;55.5;54.25;54.75;17104
2015-01-20;55.75;55.75;54.0;55.25;31815
2015-01-19;57.0;57.0;54.75;55.75;15467
2015-01-16;56.0;56.25;55.0;56.0;9810
2015-01-15;55.0;56.5;55.0;55.25;24089
2015-01-14;55.75;57.0;55.75;56.0;26287
2015-01-13;56.5;57.0;54.75;55.5;19780
2015-01-12;57.0;57.0;55.25;56.0;21066
2015-01-09;55.25;57.0;55.25;56.25;48543
2015-01-08;54.0;55.25;54.0;55.25;11724
2015-01-07;55.25;55.25;54.0;54.0;39987
2015-01-06;;55.25;55.25;55.25;0
2015-01-05;53.25;55.5;53.25;55.25;25256
2015-01-02;54.0;54.0;53.0;53.25;13161
2015-01-01;54.0;54.0;52.5;53.0;36926
2014-12-30;54.0;54.0;52.5;53.0;36926
2014-12-29;53.0;53.5;52.0;53.25;31201
2014-12-23;51.5;52.0;51.5;52.0;44620
2014-12-22;51.0;52.25;50.0;51.5;62464
2014-12-19;49.8;51.0;49.8;50.75;29554
2014-12-18;50.0;51.0;49.7;49.8;16358
2014-12-17;48.8;51.0;48.0;51.0;35848
2014-12-16;49.1;49.3;47.8;48.8;26080
2014-12-15;49.0;50.0;48.9;49.8;3410
2014-12-12;49.7;49.8;47.5;49.0;34157
2014-12-11;51.0;51.0;48.8;50.0;50278
2014-12-10;50.5;51.0;49.6;50.75;24034
2014-12-09;50.0;50.25;47.5;50.25;60217
2014-12-08;52.0;52.0;49.9;50.25;31595
2014-12-05;52.5;52.5;50.5;51.0;44498
2014-12-04;51.0;52.75;50.0;51.75;92637
2014-12-03;49.9;51.0;49.0;50.0;54870
2014-12-02;49.4;50.75;48.0;48.5;90466
2014-12-01;46.5;50.5;46.5;49.4;95559
2014-11-28;45.0;47.0;44.6;46.4;222272
2014-11-27;44.6;45.0;43.4;44.9;211737
2014-11-26;41.5;41.9;41.1;41.3;25191
2014-11-25;40.7;41.7;40.1;41.5;24085
2014-11-24;41.6;42.8;41.5;41.5;15127
2014-11-21;40.8;42.0;39.8;42.0;20460
2014-11-20;40.1;41.0;40.1;41.0;9209
2014-11-19;40.7;40.8;39.5;40.1;7756
2014-11-18;40.6;41.0;39.8;40.8;6573
2014-11-17;40.6;41.3;40.5;40.6;8601
2014-11-14;41.1;41.2;40.7;40.7;7327
2014-11-13;41.5;41.6;40.7;41.3;6330
2014-11-12;41.0;41.6;41.0;41.5;9637
2014-11-11;42.0;42.5;40.6;41.1;15286
2014-11-10;42.0;42.1;41.5;42.0;219295
2014-11-07;41.0;42.0;41.0;42.0;18119
2014-11-06;43.0;43.0;41.9;42.0;13310
2014-11-05;42.8;44.0;42.7;43.0;35380
2014-11-04;41.6;43.0;41.6;42.8;24741
2014-11-03;41.6;43.0;41.5;41.6;6743
2014-10-31;43.0;43.1;41.5;41.5;12762
2014-10-30;42.0;42.5;42.0;42.2;6048
2014-10-29;42.0;42.8;41.8;41.8;81465
2014-10-28;41.9;43.0;40.9;41.2;40090
2014-10-24;41.0;41.0;40.2;40.5;7360
2014-10-23;41.3;41.4;40.0;41.4;10470
2014-10-22;40.0;41.8;39.2;41.8;18840
2014-10-21;40.1;40.7;39.9;40.0;4137
2014-10-20;40.8;40.8;39.5;39.5;2139
2014-10-17;38.9;40.7;38.9;40.6;211157
2014-10-16;40.0;40.0;38.0;38.9;14157
2014-10-15;38.5;41.1;38.5;40.0;18483
2014-10-14;38.0;39.8;37.9;39.2;11665
2014-10-13;40.2;40.2;38.5;38.8;23347
2014-10-10;41.2;41.2;40.0;40.5;6700
2014-10-09;41.5;42.2;41.0;41.3;326376
2014-10-08;41.2;41.2;38.9;40.5;27568
2014-10-07;42.4;42.4;39.8;41.2;12763
2014-10-06;42.0;42.0;41.9;42.0;6030
2014-10-03;41.7;41.7;40.0;41.7;15912
2014-10-02;41.8;41.8;41.2;41.3;4920
2014-10-01;42.2;42.5;42.0;42.5;3533
2014-09-30;41.5;41.8;41.3;41.7;3704
2014-09-29;41.6;42.4;41.1;41.5;10465
2014-09-26;42.5;42.5;41.2;41.5;14423
2014-09-25;42.3;42.8;41.8;42.0;6230
2014-09-24;42.8;42.8;41.5;42.3;7734
2014-09-23;42.8;43.0;42.0;42.7;15456
2014-09-22;42.7;42.8;42.6;42.6;2393
2014-09-19;43.0;43.0;42.0;43.0;8060
2014-09-18;43.0;43.0;41.3;43.0;15564
2014-09-17;42.4;43.0;42.4;42.8;14689
2014-09-16;41.0;43.0;41.0;42.6;65297
2014-09-15;41.0;41.0;40.3;41.0;75209
2014-09-12;41.0;41.2;41.0;41.0;10070
2014-09-11;41.0;41.5;41.0;41.4;23189
2014-09-10;40.4;41.9;40.0;41.4;22722
2014-09-09;41.2;41.3;41.0;41.0;5957
2014-09-08;42.0;42.0;40.1;41.0;9361
2014-09-05;41.7;42.1;41.3;41.8;21584
2014-09-04;41.7;41.8;40.8;41.6;69196
2014-09-03;41.7;41.7;41.0;41.3;10196
2014-09-02;42.0;42.2;41.4;41.6;19984
2014-09-01;42.3;42.3;41.7;41.7;23263
2014-08-29;42.0;42.3;41.5;41.7;23092
2014-08-28;42.0;42.2;40.9;41.8;64392
2014-08-27;43.5;43.7;41.5;41.9;138755
2014-08-26;40.6;41.5;40.2;40.6;26787
2014-08-25;39.4;40.9;38.9;40.8;19954
2014-08-22;39.0;39.4;38.8;39.4;5515
2014-08-21;39.0;40.0;38.9;39.4;15111
2014-08-20;39.3;39.5;39.0;39.5;11939
2014-08-19;39.0;39.5;39.0;39.2;11635
2014-08-18;39.6;39.6;39.0;39.0;17654
2014-08-15;39.3;39.5;39.2;39.5;4917
2014-08-14;39.5;39.5;39.0;39.2;9724
2014-08-13;38.0;39.7;38.0;39.5;23926
2014-08-12;37.8;38.9;37.1;38.9;15334
2014-08-11;37.8;39.1;37.8;38.1;2774
2014-08-08;38.9;39.0;37.2;37.7;9086
2014-08-07;38.8;38.9;37.0;38.5;19999
2014-08-06;38.8;39.6;38.2;38.4;4791
2014-08-05;38.9;39.6;38.9;39.6;13162
2014-08-04;38.5;39.4;38.5;39.0;8739
2014-08-01;39.1;39.4;38.4;38.5;5397
2014-07-31;40.0;40.0;39.0;39.1;11141
2014-07-30;38.8;39.2;38.6;38.9;5212
2014-07-29;39.0;39.5;38.5;39.5;2589
2014-07-28;38.2;39.1;38.2;39.1;3358
2014-07-25;38.8;39.2;38.0;38.3;11560
2014-07-24;39.2;39.6;38.1;39.2;5125
2014-07-23;38.5;39.2;38.5;39.2;1471
2014-07-22;40.0;40.1;38.5;38.5;6347
2014-07-21;39.3;40.5;39.3;40.2;8905
2014-07-18;38.1;39.6;38.1;39.3;7959
2014-07-17;38.9;38.9;38.5;38.5;5325
2014-07-16;39.6;39.6;38.7;38.9;7188
2014-07-15;40.1;40.1;38.4;39.0;9066
2014-07-14;40.5;40.5;38.5;40.2;11952
2014-07-11;39.6;40.2;39.3;40.2;8621
2014-07-10;39.0;39.6;39.0;39.5;2816
2014-07-09;39.9;40.0;38.4;39.4;18022
2014-07-08;38.8;40.0;38.2;39.9;10327
2014-07-07;40.1;40.1;38.8;38.8;15922
2014-07-04;40.5;40.5;39.4;39.9;7885
2014-07-03;39.9;40.5;39.3;40.0;12782
2014-07-02;40.9;40.9;39.5;39.9;15490
2014-07-01;39.6;40.9;39.6;40.9;28674
2014-06-30;39.9;41.1;39.0;39.6;25161
2014-06-27;39.0;39.6;38.4;39.5;9569
2014-06-26;37.1;39.0;37.0;38.4;24575
2014-06-25;38.1;38.1;36.9;37.1;11480
2014-06-24;38.0;39.0;38.0;38.1;17646
2014-06-23;39.0;39.4;38.6;38.9;27053
2014-06-20;;39.2;39.2;39.2;0
2014-06-19;39.2;39.2;38.7;39.2;14128
2014-06-18;39.2;39.6;39.2;39.4;15390
2014-06-17;38.8;39.6;38.8;39.1;22197
2014-06-16;39.5;39.5;38.3;38.3;25089
2014-06-13;39.4;39.5;38.9;39.5;164162
2014-06-12;41.0;41.0;39.1;39.4;25163
2014-06-11;40.8;40.8;40.0;40.2;9831
2014-06-10;39.9;40.9;39.8;40.8;27106
2014-06-09;39.2;40.0;39.2;39.9;9241
2014-06-06;;39.5;39.5;39.5;0
2014-06-05;39.5;40.2;39.3;39.5;21657
2014-06-04;40.1;40.4;38.1;39.9;64441
2014-06-03;40.7;40.9;38.9;40.1;33033
2014-06-02;41.3;41.5;40.6;41.5;30525
2014-05-30;41.0;41.5;40.8;41.3;20248
2014-05-28;40.5;41.5;40.0;41.5;32257
2014-05-27;40.5;41.1;39.5;40.5;75523
2014-05-26;41.9;42.3;40.6;41.0;47588
2014-05-23;42.0;43.6;41.5;41.8;119228
2014-05-22;42.0;42.5;41.5;41.9;45601
2014-05-21;43.5;43.5;41.3;41.7;136080
2014-05-20;45.8;45.8;43.2;43.8;89917
2014-05-19;40.7;44.3;40.6;44.0;127675
2014-05-16;40.8;41.2;38.8;40.5;56763
2014-05-15;39.5;40.0;38.5;39.6;37026
2014-05-14;39.3;39.9;39.0;39.5;38986
2014-05-13;39.3;40.2;39.1;39.4;80568
2014-05-12;39.7;40.6;39.5;39.8;71118
2014-05-09;38.4;39.7;38.4;39.3;50838
2014-05-08;37.5;38.8;37.5;38.8;16516
2014-05-07;37.9;38.6;37.7;38.5;34982
2014-05-06;37.6;38.2;37.5;37.9;24402
2014-05-05;37.5;37.8;37.2;37.4;108298
2014-05-02;38.5;38.8;37.5;37.6;17207
2014-05-01;;38.2;38.2;38.2;0
2014-04-30;38.9;38.9;37.0;38.2;4670
2014-04-29;38.7;38.7;38.2;38.5;30008
2014-04-28;37.0;38.9;37.0;38.1;115964
2014-04-25;38.0;38.7;37.4;37.4;53410
2014-04-24;37.0;38.6;36.9;37.7;54570
2014-04-23;37.0;37.0;36.6;36.6;7583
2014-04-22;36.0;37.2;36.0;37.0;31394
2014-04-17;36.5;36.6;36.1;36.1;12871
2014-04-16;36.9;36.9;35.6;36.5;145837
2014-04-15;36.8;36.9;36.2;36.9;11426
2014-04-14;37.8;37.8;36.1;36.8;36987
2014-04-11;36.4;37.8;35.8;37.8;147273
2014-04-10;37.8;38.7;35.8;36.4;160093
2014-04-09;32.1;37.0;32.1;36.8;445799
2014-04-08;32.8;33.4;32.1;32.1;49385
2014-04-07;31.9;32.8;31.5;32.8;58254
2014-04-04;31.5;31.5;31.4;31.5;18274
2014-04-03;31.1;31.4;31.1;31.4;16511
2014-04-02;30.7;31.1;30.6;31.1;18550
2014-04-01;31.0;31.1;30.9;31.0;62627
2014-03-31;31.0;31.4;30.8;30.8;12053
2014-03-28;31.0;31.4;30.9;30.9;230255
2014-03-27;31.3;31.4;30.9;31.4;22625
2014-03-26;31.7;31.7;31.2;31.6;11978
2014-03-25;31.0;31.6;30.8;31.6;15774
2014-03-24;31.6;31.6;31.0;31.0;6108
2014-03-21;31.0;31.7;31.0;31.5;21853
2014-03-20;32.0;32.0;30.6;30.6;16093
2014-03-19;30.1;32.0;30.1;31.6;18059
2014-03-18;31.7;32.0;31.0;31.0;40941
2014-03-17;30.5;31.6;30.3;31.6;20497
2014-03-14;31.4;32.7;30.1;30.8;80052
2014-03-13;31.5;32.5;31.5;31.9;92020
2014-03-12;31.6;33.0;31.0;32.2;80713
2014-03-11;31.6;32.3;31.1;31.5;94170
2014-03-10;31.0;31.2;30.1;30.9;14446
2014-03-07;30.6;31.0;30.4;30.6;10698
2014-03-06;31.2;31.2;30.5;30.5;25157
2014-03-05;30.0;31.0;30.0;31.0;18135
2014-03-04;30.1;30.4;30.0;30.0;22488
2014-03-03;30.5;30.8;30.0;30.0;56802
2014-02-28;31.0;31.3;30.5;30.7;28954
2014-02-27;30.7;31.5;30.7;30.8;29866
2014-02-26;31.0;31.5;30.9;31.4;32997
2014-02-25;30.7;31.8;30.4;31.3;28851
2014-02-24;32.0;32.6;30.4;31.1;32378
2014-02-21;31.5;31.6;31.1;31.5;12472
2014-02-20;32.0;32.0;30.5;31.7;67593
2014-02-19;31.0;32.0;30.5;32.0;55401
2014-02-18;31.7;31.7;30.5;30.7;18310
2014-02-17;31.2;31.9;30.0;31.7;63919
2014-02-14;32.3;32.5;30.8;31.2;46789
2014-02-13;32.4;32.4;30.5;31.9;114841
2014-02-12;31.0;33.8;31.0;31.8;344544
2014-02-11;28.8;30.6;28.8;30.5;450913
2014-02-10;27.5;27.8;27.4;27.6;13400
2014-02-07;27.0;27.5;27.0;27.5;6099
2014-02-06;27.1;27.4;26.7;27.4;13678
2014-02-05;27.2;27.3;27.0;27.3;6040
2014-02-04;27.0;27.4;26.9;27.2;68653
2014-02-03;28.0;28.2;27.5;27.7;14396
2014-01-31;28.0;28.8;27.7;27.8;65202
2014-01-30;28.4;28.4;27.3;27.9;12973
2014-01-29;28.6;28.6;28.0;28.2;14101
2014-01-28;28.6;28.6;28.0;28.0;2130
2014-01-27;27.9;28.7;27.9;28.5;50034
2014-01-24;28.4;28.4;27.5;28.2;20947
2014-01-23;28.9;28.9;27.9;28.4;17133
2014-01-22;29.4;29.4;28.2;28.5;33840
2014-01-21;27.4;28.6;27.4;28.6;97647
2014-01-20;27.0;27.5;26.6;27.0;15850
2014-01-17;27.0;27.6;27.0;27.4;25413
2014-01-16;27.9;27.9;26.8;27.0;25005
2014-01-15;27.0;28.0;27.0;27.4;38567
2014-01-14;27.3;27.4;27.1;27.4;48549
2014-01-13;26.7;27.2;26.7;27.2;43795
2014-01-10;27.0;27.0;26.8;26.8;12433
2014-01-09;27.0;27.0;26.5;27.0;13015
2014-01-08;26.9;27.2;26.8;27.2;3620
2014-01-07;27.3;27.5;26.7;27.2;28451
2014-01-06;;27.2;27.2;27.2;0
2014-01-03;27.0;27.2;26.9;27.2;14708
2014-01-02;27.6;27.8;27.0;27.4;21474
2013-12-31;;27.4;27.4;27.4;0
2013-12-30;28.0;28.3;26.7;27.4;65338
2013-12-27;28.0;29.0;27.3;27.9;70439
2013-12-23;26.7;28.4;26.7;28.0;46620
2013-12-20;24.9;26.9;24.9;26.7;89994
2013-12-19;25.7;25.7;25.0;25.3;74395
2013-12-18;25.2;25.8;25.0;25.8;26174
2013-12-17;26.0;26.3;25.5;25.7;24533
2013-12-16;25.1;26.7;25.1;25.9;43013
2013-12-13;25.5;26.1;25.5;25.6;7502
2013-12-12;25.2;25.9;25.0;25.5;26743
2013-12-11;25.6;26.0;25.2;25.2;23936
2013-12-10;26.6;26.6;25.7;25.7;33464
2013-12-09;26.7;26.7;26.4;26.6;13130
2013-12-06;27.0;27.0;26.0;26.7;31016
2013-12-05;26.2;26.6;26.1;26.3;14159
2013-12-04;27.0;27.2;26.3;26.6;13353
2013-12-03;27.2;27.2;26.6;26.9;43330
2013-12-02;27.7;27.8;27.3;27.3;31890
2013-11-29;27.3;27.4;27.2;27.4;63936
2013-11-28;26.0;27.4;26.0;27.2;40630
2013-11-27;26.0;26.1;24.0;26.0;112029
2013-11-26;25.9;26.0;25.0;26.0;27520
2013-11-25;25.1;26.3;25.1;25.6;25216
2013-11-22;25.9;25.9;25.1;25.7;30574
2013-11-21;26.0;26.3;25.4;25.5;41868
2013-11-20;26.5;26.5;25.8;26.0;5530
2013-11-19;25.3;26.6;25.3;26.4;12653
2013-11-18;26.3;26.7;25.3;25.8;12032
2013-11-15;26.9;27.0;26.1;26.1;10706
2013-11-14;26.3;27.0;26.1;26.2;19523
2013-11-13;26.5;26.8;26.5;26.5;17030
2013-11-12;26.6;26.7;26.5;26.5;16933
2013-11-11;26.9;26.9;25.9;26.7;20862
2013-11-08;25.7;27.0;25.7;26.9;20647
2013-11-07;25.1;26.1;25.1;26.1;25895
2013-11-06;25.0;25.5;25.0;25.1;18790
2013-11-05;26.4;26.4;25.5;25.5;24389
2013-11-04;26.5;27.0;25.9;26.0;65036
2013-11-01;25.6;26.3;25.5;26.3;9988
2013-10-31;26.2;26.2;25.6;25.9;12514
2013-10-30;26.5;26.5;26.0;26.2;8589
2013-10-29;26.3;26.5;25.3;26.5;22914
2013-10-28;26.6;26.6;26.0;26.3;14046
2013-10-25;27.0;27.0;26.8;26.8;3801
2013-10-24;26.4;26.7;26.0;26.6;15867
2013-10-23;27.4;27.4;25.2;26.3;27904
2013-10-22;26.2;26.5;26.1;26.1;12990
2013-10-21;27.3;27.3;26.3;26.3;20658
2013-10-18;26.4;27.4;26.4;27.1;3425
2013-10-17;26.7;27.1;26.4;26.8;12776
2013-10-16;27.2;27.4;26.8;26.8;12935
2013-10-15;27.5;27.5;26.9;26.9;14793
2013-10-14;27.9;27.9;26.4;27.1;30420
2013-10-11;27.0;27.5;27.0;27.3;46669
2013-10-10;26.6;27.0;26.4;26.9;81545
2013-10-09;26.6;27.4;26.6;26.8;52229
2013-10-08;27.3;27.3;26.6;26.6;16684
2013-10-07;26.2;27.2;26.2;27.2;24167
2013-10-04;26.5;26.5;26.0;26.0;22132
2013-10-03;26.5;26.8;26.0;26.8;29048
2013-10-02;26.7;26.7;26.3;26.3;27130
2013-10-01;27.0;27.0;26.7;26.9;19134
2013-09-30;27.1;27.3;26.8;27.3;26372
2013-09-27;26.8;27.4;26.8;27.4;23576
2013-09-26;27.4;27.7;26.9;26.9;18802
2013-09-25;27.5;27.5;27.0;27.4;13280
2013-09-24;28.2;28.2;26.5;27.4;88204
2013-09-23;29.0;29.4;28.2;28.2;67759
2013-09-20;29.2;29.6;29.2;29.5;16611
2013-09-19;29.0;29.7;29.0;29.5;17392
2013-09-18;29.8;30.0;28.5;29.0;28897
2013-09-17;28.8;30.0;28.8;29.2;13934
2013-09-16;29.5;30.2;29.0;30.0;238904
2013-09-13;29.5;29.7;29.0;29.5;40411
2013-09-12;29.8;30.6;29.5;29.8;52732
2013-09-11;28.6;30.4;28.5;29.9;61554
2013-09-10;28.0;28.6;28.0;28.5;33572
2013-09-09;27.9;28.5;27.9;28.2;18051
2013-09-06;27.6;28.0;27.5;27.9;8513
2013-09-05;27.5;28.0;27.5;27.9;160633
2013-09-04;27.6;27.6;27.0;27.5;12122
2013-09-03;27.4;27.7;27.0;27.7;16172
2013-09-02;27.0;27.5;26.6;27.5;13484
2013-08-30;27.4;27.4;26.6;26.8;10167
2013-08-29;27.0;27.4;26.7;27.3;5020
2013-08-28;27.2;27.4;24.0;27.0;83705
2013-08-27;29.5;29.5;27.6;28.1;23400
2013-08-26;28.1;29.6;27.3;28.7;83270
2013-08-23;26.7;28.5;26.5;28.0;47904
2013-08-22;28.1;28.1;26.3;26.8;90118
2013-08-21;28.5;28.5;27.6;28.1;6932
2013-08-20;28.0;28.5;28.0;28.3;14560
2013-08-19;28.0;28.4;28.0;28.1;7141
2013-08-16;29.0;29.0;27.7;28.4;10242
2013-08-15;27.9;28.5;27.5;28.5;19713
2013-08-14;27.8;28.0;27.3;27.7;5856
2013-08-13;27.6;28.9;27.1;27.6;136143
2013-08-12;27.6;28.1;27.6;27.8;18491
2013-08-09;27.5;27.8;26.9;27.5;21409
2013-08-08;27.3;27.4;27.2;27.3;9590
2013-08-07;27.0;27.9;27.0;27.4;8723
2013-08-06;27.8;27.8;27.5;27.5;4020
2013-08-05;28.6;28.7;27.8;28.1;11794
2013-08-02;28.0;28.5;28.0;28.5;17184
2013-08-01;28.9;29.0;28.3;28.3;23969
2013-07-31;28.9;29.2;28.9;29.2;3480
2013-07-30;29.1;29.1;28.6;29.0;9146
2013-07-29;29.5;29.5;28.5;29.1;14204
2013-07-26;30.0;32.0;28.5;29.2;146378
2013-07-25;27.8;29.4;27.8;28.8;22362
2013-07-24;28.2;28.2;27.6;28.2;13851
2013-07-23;28.5;28.8;28.1;28.3;20424
2013-07-22;27.9;28.6;27.9;28.6;16669
2013-07-19;28.2;28.2;27.3;27.7;26946
2013-07-18;27.3;28.3;27.3;28.2;51745
2013-07-17;27.0;27.4;26.9;27.4;47929
2013-07-16;26.9;27.4;26.7;26.9;172156
2013-07-15;26.9;27.2;26.7;26.8;11438
2013-07-12;26.3;27.9;26.3;26.9;157441
2013-07-11;26.1;26.4;25.8;26.1;17624
2013-07-10;25.5;25.9;25.5;25.8;3463
2013-07-09;25.5;25.8;25.3;25.8;6140
2013-07-08;26.2;26.5;25.6;26.0;6873
2013-07-05;26.4;26.6;26.2;26.2;11970
2013-07-04;26.7;26.7;26.0;26.7;9714
2013-07-03;26.5;26.5;26.5;26.5;7580
2013-07-02;25.8;26.1;25.8;26.1;9161
2013-07-01;26.1;26.2;25.8;26.1;139284
2013-06-28;25.6;26.3;25.6;26.2;11154
2013-06-27;24.8;25.5;24.4;25.5;20073
2013-06-26;25.8;26.0;24.8;24.8;20557
2013-06-25;26.2;26.5;25.4;25.8;37995
2013-06-24;27.0;27.0;26.2;26.4;12622
2013-06-21;;26.7;26.7;26.7;0
2013-06-20;27.8;27.8;26.5;26.7;17685
2013-06-19;27.6;28.0;27.3;27.6;5203
2013-06-18;27.0;27.8;27.0;27.6;19019
2013-06-17;27.5;27.7;27.1;27.4;13740
2013-06-14;27.7;28.2;27.5;27.5;13363
2013-06-13;27.4;27.9;27.4;27.6;14493
2013-06-12;28.1;28.8;27.9;28.0;15719
2013-06-11;29.0;29.0;28.3;28.8;11312
2013-06-10;28.3;28.6;27.9;28.5;19677
2013-06-07;28.4;29.0;28.4;29.0;10069
2013-06-06;;28.6;28.6;28.6;0
2013-06-05;29.2;29.3;28.6;28.6;29195
2013-06-04;29.0;29.5;28.5;29.5;27476
2013-06-03;29.5;29.5;29.0;29.0;21170
2013-05-31;29.4;30.0;29.3;29.6;38780
2013-05-30;29.9;30.1;29.4;29.4;37725
2013-05-29;29.1;29.9;29.1;29.9;9121
2013-05-28;29.0;29.9;29.0;29.6;23726
2013-05-27;28.6;29.6;28.6;29.6;21539
2013-05-24;29.7;29.9;29.0;29.8;19766
2013-05-23;29.0;29.6;26.4;29.1;52410
2013-05-22;28.0;29.6;28.0;29.1;38929
2013-05-21;28.5;28.5;27.8;27.9;26824
2013-05-20;28.1;28.5;27.6;27.9;29827
2013-05-17;30.0;30.1;28.6;28.6;38548
2013-05-16;30.0;30.0;28.6;30.0;37001
2013-05-15;30.3;31.7;29.4;30.0;137925
2013-05-14;29.3;30.4;29.2;30.0;63424
2013-05-13;29.0;29.2;28.4;28.8;10968
2013-05-10;29.0;29.1;28.5;29.1;17293
2013-05-09;;29.0;29.0;29.0;0
2013-05-08;28.4;29.0;27.3;29.0;28109
2013-05-07;28.0;28.4;27.7;27.8;5315
2013-05-06;27.6;28.1;27.5;27.9;10576
2013-05-03;27.5;27.6;27.4;27.6;10606
2013-05-02;28.9;28.9;27.2;27.4;24447
2013-05-01;;28.1;28.1;28.1;0
2013-04-30;27.5;28.6;27.2;28.1;37958
2013-04-29;27.2;27.9;27.2;27.5;7646
2013-04-26;27.2;27.5;27.2;27.4;40629
2013-04-25;27.4;27.4;27.1;27.3;11723
2013-04-24;27.9;27.9;27.0;27.4;19309
2013-04-23;27.9;27.9;26.9;27.3;44201
2013-04-22;28.1;28.3;27.2;27.2;72571
2013-04-19;27.4;27.4;26.7;26.7;10004
2013-04-18;26.4;27.3;26.4;26.9;20383
2013-04-17;27.8;28.0;26.2;26.2;22798
2013-04-16;28.3;28.3;26.9;27.8;38498
2013-04-15;29.0;29.0;27.6;28.5;24161
2013-04-12;29.5;30.3;28.1;28.1;50722
2013-04-11;29.5;29.8;29.2;29.8;13676
2013-04-10;29.8;30.1;29.4;29.5;6038
2013-04-09;29.9;29.9;29.3;29.8;27222
2013-04-08;30.3;30.5;29.4;29.4;16368
2013-04-05;30.8;31.0;29.5;30.3;48396
2013-04-04;31.0;31.0;30.7;31.0;9349
2013-04-03;31.4;31.4;30.6;31.0;210304
2013-04-02;31.0;31.4;30.6;31.0;13344
2013-04-01;;31.1;31.1;31.1;0
2013-03-29;31.4;31.1;31.1;31.1;18780
2013-03-28;31.4;31.4;30.7;30.8;18780
2013-03-27;31.4;31.4;30.7;30.8;18780
2013-03-26;31.0;31.0;30.3;31.0;20972
2013-03-25;30.8;31.2;30.2;31.0;26994
2013-03-22;30.8;30.8;30.4;30.7;15314
2013-03-21;30.1;30.9;30.0;30.8;227286
2013-03-20;30.6;30.6;30.0;30.3;9708
2013-03-19;30.7;30.9;30.4;30.8;25765
2013-03-18;31.0;31.1;30.0;30.7;36303
2013-03-15;31.4;31.4;30.0;31.4;91065
2013-03-14;31.0;32.0;30.3;31.4;153425
2013-03-13;28.1;32.0;27.9;30.9;249041
2013-03-12;28.6;29.0;27.1;28.4;40130
2013-03-11;29.5;29.5;28.5;28.8;30554
2013-03-08;29.9;30.0;29.4;29.5;23630
2013-03-07;29.9;30.1;29.5;29.9;32387
2013-03-06;30.5;30.5;29.2;29.5;53021
2013-03-05;30.1;30.2;29.2;30.0;45898
2013-03-04;30.6;30.6;29.4;29.4;40420
2013-03-01;31.0;31.0;29.7;30.5;52835
2013-02-28;29.0;31.0;28.6;31.0;75249
2013-02-27;28.3;29.0;28.0;28.6;21319
2013-02-26;28.9;28.9;28.3;28.6;644800
2013-02-25;29.6;30.3;29.0;29.4;21153
2013-02-22;30.0;30.0;29.6;29.6;20802
2013-02-21;29.3;30.0;29.3;29.8;21601
2013-02-20;30.5;30.8;29.1;29.8;108306
2013-02-19;31.7;32.7;30.4;30.8;160523
2013-02-18;30.0;32.3;29.3;31.4;243571
2013-02-15;28.3;30.4;28.0;29.2;246978
2013-02-14;28.1;30.1;27.3;28.4;506688
2013-02-13;26.2;26.4;25.4;26.4;114798
2013-02-12;25.5;26.2;25.1;26.2;133349
2013-02-11;25.0;25.5;24.5;24.9;20306
2013-02-08;24.5;25.0;24.5;25.0;15320
2013-02-07;24.9;25.3;24.9;25.2;5508
2013-02-06;25.7;25.7;24.9;25.0;9311
2013-02-05;24.6;25.5;24.5;25.4;15940
2013-02-04;25.3;25.3;24.6;24.7;20714
2013-02-01;24.9;26.0;24.6;24.6;36658
2013-01-31;24.9;24.9;24.3;24.6;6850
2013-01-30;24.8;25.0;24.7;24.9;9362
2013-01-29;24.8;25.0;24.5;24.8;21149
2013-01-28;25.2;25.2;24.5;24.8;28809
2013-01-25;24.7;25.9;24.6;25.2;143585
2013-01-24;24.5;25.0;24.2;24.9;21880
2013-01-23;24.5;25.0;24.5;24.8;18348
2013-01-22;24.9;25.0;24.5;24.6;18921
2013-01-21;24.6;25.0;24.5;25.0;100464
2013-01-18;25.5;25.5;24.5;24.7;51302
2013-01-17;24.9;25.1;24.5;25.0;77037
2013-01-16;25.6;25.8;24.5;24.5;94139
2013-01-15;25.0;25.7;24.7;25.0;742084
2013-01-14;23.3;25.0;22.5;24.5;240391
2013-01-11;21.5;22.0;21.2;21.5;21561
2013-01-10;21.0;21.5;21.0;21.5;54137
2013-01-09;21.4;22.0;20.8;21.0;24558
2013-01-08;22.5;22.5;21.1;21.6;38379
2013-01-07;23.1;23.2;22.6;22.6;23599
2013-01-04;23.0;23.0;21.7;22.8;20173
2013-01-03;21.5;22.9;21.3;22.9;39318
2013-01-02;19.9;22.3;19.9;21.5;27757
2013-01-01;;20.8;20.8;20.8;0
2012-12-31;;20.8;20.8;20.8;0
2012-12-28;20.0;21.0;20.0;20.8;79528
