Dates;Open;High;Low;Close;Volume
2017-12-27;156.0;159.0;155.5;157.0;55786
2017-12-22;160.0;160.5;154.0;155.5;103948
2017-12-21;169.5;170.0;158.5;160.0;131820
2017-12-20;175.5;176.0;168.5;169.5;58721
2017-12-19;175.0;175.5;173.5;174.0;33120
2017-12-18;170.0;176.5;169.5;176.0;53721
2017-12-15;170.0;171.5;169.0;170.0;47895
2017-12-14;170.5;172.0;170.0;170.0;32287
2017-12-13;170.0;171.0;166.0;169.5;61679
2017-12-12;169.0;171.5;165.5;169.5;63569
2017-12-11;177.0;177.0;167.5;169.0;159149
2017-12-08;176.0;182.0;175.0;181.5;77794
2017-12-07;173.0;176.0;173.0;175.0;40866
2017-12-06;171.0;173.5;168.5;173.0;41067
2017-12-05;171.0;172.5;169.5;171.5;37713
2017-12-04;171.0;172.0;169.5;171.0;50826
2017-12-01;170.5;170.5;166.5;169.0;66963
2017-11-30;164.5;170.0;164.5;170.0;481282
2017-11-29;166.5;170.0;163.5;164.5;176626
2017-11-28;162.5;166.0;160.0;165.5;106333
2017-11-27;172.5;174.0;162.0;162.0;106962
2017-11-24;173.5;175.0;170.5;172.5;52909
2017-11-23;175.0;175.5;170.0;172.5;48654
2017-11-22;171.5;175.0;170.5;174.5;49182
2017-11-21;172.5;172.5;169.0;171.0;55150
2017-11-20;167.0;171.0;166.0;168.5;115627
2017-11-17;167.5;169.0;167.0;167.5;59878
2017-11-16;165.0;168.0;162.5;167.0;39937
2017-11-15;163.5;166.0;159.0;164.0;48114
2017-11-14;166.5;168.0;162.0;163.5;30691
2017-11-13;169.5;169.5;163.0;166.5;39484
2017-11-10;168.5;172.0;166.5;169.0;31319
2017-11-09;172.0;172.0;165.5;170.0;45492
2017-11-08;176.5;178.0;170.0;171.5;60880
2017-11-07;180.5;180.5;176.0;176.0;27201
2017-11-06;182.0;184.0;178.5;180.5;35740
2017-11-03;179.0;180.0;178.5;179.0;8632
2017-11-02;179.5;180.5;178.0;178.5;28545
2017-11-01;183.0;185.0;179.0;179.5;34955
2017-10-31;179.5;184.0;179.5;183.0;17884
2017-10-30;177.0;180.5;176.0;178.5;54922
2017-10-27;178.0;179.0;176.0;176.5;27736
2017-10-26;179.0;180.0;176.5;178.0;31148
2017-10-25;176.5;180.0;175.5;179.0;80955
2017-10-24;181.5;182.0;175.5;177.0;34118
2017-10-23;180.5;184.0;180.5;181.5;41288
2017-10-20;186.5;188.0;178.0;180.5;101193
2017-10-19;190.0;190.0;186.0;189.0;48344
2017-10-18;191.5;193.0;188.5;190.0;52486
2017-10-17;194.0;194.0;191.0;191.5;37745
2017-10-13;192.5;195.0;191.0;192.0;33332
2017-10-12;197.0;198.5;191.5;191.5;238886
2017-10-11;203.0;203.0;194.0;197.0;31986
2017-10-10;205.0;205.0;202.0;203.0;34328
2017-10-09;202.0;208.0;202.0;205.0;28987
2017-10-06;200.5;204.0;198.5;202.0;24716
2017-10-05;191.5;200.0;191.5;200.0;34346
2017-10-04;193.0;194.0;190.0;190.0;105489
2017-10-03;191.0;192.0;190.5;190.5;16027
2017-10-02;192.0;193.0;190.5;190.5;22725
2017-09-29;193.5;194.0;190.0;190.0;29788
2017-09-28;195.0;195.0;190.5;193.0;10832
2017-09-27;195.0;195.0;193.0;194.0;8816
2017-09-26;193.5;195.0;193.5;195.0;7998
2017-09-25;194.0;194.5;192.0;193.5;11312
2017-09-22;189.5;194.0;189.5;194.0;15177
2017-09-21;194.0;194.0;189.0;189.0;12444
2017-09-20;193.5;194.0;193.0;194.0;9621
2017-09-19;193.5;194.0;192.0;192.5;13569
2017-09-18;193.5;194.0;193.0;193.5;9530
2017-09-15;194.5;195.0;192.5;192.5;136738
2017-09-14;191.5;194.0;191.5;194.0;8150
2017-09-13;194.0;194.0;191.0;191.0;9714
2017-09-12;194.0;194.0;192.5;193.5;11942
2017-09-11;195.0;198.0;193.0;194.0;10149
2017-09-08;196.0;196.0;193.5;195.0;8955
2017-09-07;192.0;195.0;191.0;194.5;8803
2017-09-06;197.0;197.0;192.0;192.0;14589
2017-09-04;193.0;198.0;192.5;197.5;16517
2017-09-01;189.0;194.5;189.0;193.5;15238
2017-08-31;189.0;190.0;185.0;186.5;34536
2017-08-30;187.0;190.0;186.0;188.0;12464
2017-08-29;190.0;190.0;185.0;185.5;13225
2017-08-28;185.0;190.0;185.0;189.5;8250
2017-08-25;184.0;186.0;184.0;185.0;4618
2017-08-24;181.0;186.0;181.0;184.0;55553
2017-08-23;178.5;181.5;178.5;181.5;107927
2017-08-22;178.5;179.5;177.0;178.5;5386
2017-08-21;175.5;179.0;175.0;178.5;8549
2017-08-18;181.0;181.5;178.5;178.5;7462
2017-08-17;181.5;182.0;181.5;182.0;3977
2017-08-16;181.0;182.5;181.0;181.5;9761
2017-08-15;181.0;181.5;179.5;181.0;7008
2017-08-14;180.0;182.0;179.0;181.0;12791
2017-08-11;181.5;183.0;178.5;180.0;12303
2017-08-10;181.5;183.0;181.0;183.0;8410
2017-08-09;186.0;186.0;182.5;183.0;7064
2017-08-08;187.0;187.5;186.0;186.0;9765
2017-08-07;181.0;186.0;180.5;186.0;12810
2017-08-04;180.0;181.0;179.5;180.0;9302
2017-08-03;183.5;184.0;180.5;181.0;7669
2017-08-02;183.0;184.0;182.0;183.0;13902
2017-08-01;180.0;183.0;180.0;181.5;9382
2017-07-31;179.0;179.5;177.0;179.5;9963
2017-07-28;174.5;178.0;174.5;176.5;6967
2017-07-27;174.0;177.0;174.0;174.5;4628
2017-07-26;175.0;178.0;173.0;173.0;12946
2017-07-25;176.0;179.0;175.5;175.5;6670
2017-07-24;177.0;179.5;176.0;176.5;6261
2017-07-21;180.5;181.5;177.0;177.0;6769
2017-07-20;183.5;184.0;180.5;180.5;10407
2017-07-19;185.5;185.5;179.5;182.0;9817
2017-07-18;189.0;189.0;184.5;185.5;7704
2017-07-17;186.0;187.5;186.0;187.5;7510
2017-07-14;188.0;189.5;186.0;186.0;3506
2017-07-13;190.0;190.0;186.5;186.5;7322
2017-07-12;189.0;189.5;186.0;188.5;10366
2017-07-11;186.0;189.0;183.5;187.0;14397
2017-07-10;180.5;184.0;180.5;183.0;6865
2017-07-07;180.0;184.0;180.0;180.0;9953
2017-07-06;186.0;188.0;180.5;183.5;28785
2017-07-05;190.5;190.5;185.0;185.0;15677
2017-07-04;193.0;193.0;189.5;190.5;4334
2017-07-03;196.0;198.0;193.0;193.0;8602
2017-06-30;195.0;197.0;193.5;195.5;31179
2017-06-29;199.0;202.0;193.5;195.5;15307
2017-06-28;196.0;199.0;192.5;199.0;22532
2017-06-27;197.5;197.5;193.0;196.0;16203
2017-06-26;201.0;203.0;195.5;197.5;18510
2017-06-23;;201.5;201.5;201.5;0
2017-06-22;199.5;204.0;199.0;201.5;18132
2017-06-21;198.0;204.0;195.0;198.5;126576
2017-06-20;190.0;193.0;189.5;192.5;11071
2017-06-19;188.5;191.0;187.5;189.0;11047
2017-06-16;188.0;191.5;185.5;188.5;220705
2017-06-15;188.0;190.0;185.0;188.0;25148
2017-06-14;187.5;189.0;185.5;188.0;12983
2017-06-13;188.5;191.5;187.0;187.5;20655
2017-06-12;190.0;190.5;188.5;189.0;16982
2017-06-09;186.5;193.5;184.0;193.5;46206
2017-06-08;187.5;188.0;186.0;187.0;30713
2017-06-07;192.0;192.0;187.5;188.5;14039
2017-06-06;;192.0;192.0;192.0;0
2017-06-05;191.0;193.0;188.5;192.0;19911
2017-06-02;196.0;197.0;191.5;193.5;22169
2017-06-01;197.0;198.0;195.0;196.0;33029
2017-05-31;208.0;208.0;195.0;195.0;429850
2017-05-30;215.0;216.5;209.5;210.0;78071
2017-05-29;209.5;217.0;208.0;215.0;41672
2017-05-26;200.5;212.0;200.5;209.5;26400
2017-05-24;200.0;205.0;200.0;204.0;19189
2017-05-23;194.0;202.5;194.0;200.5;35874
2017-05-22;206.5;206.5;192.5;196.5;79857
2017-05-19;204.0;217.0;203.0;214.5;19812
2017-05-18;214.5;215.5;202.5;206.5;32526
2017-05-17;217.0;219.5;215.0;217.0;14148
2017-05-16;218.0;219.5;215.5;218.5;15298
2017-05-15;214.5;220.5;214.5;219.0;19713
2017-05-12;213.5;214.5;214.5;214.5;19756
2017-05-11;208.0;219.5;205.5;213.5;39013
2017-05-10;204.5;209.0;203.0;208.5;30522
2017-05-09;194.0;205.0;193.5;205.0;38847
2017-05-08;195.5;195.5;190.0;195.0;13089
2017-05-05;195.5;196.0;192.0;196.0;5789
2017-05-04;191.5;197.0;191.5;197.0;9759
2017-05-03;191.5;192.0;187.0;192.0;9480
2017-05-02;188.5;195.5;185.0;192.0;26123
2017-05-01;;189.5;189.5;189.5;0
2017-04-28;178.5;191.5;178.5;189.5;46055
2017-04-27;181.0;181.0;179.5;179.5;45376
2017-04-26;181.0;181.0;178.0;180.5;14173
2017-04-25;176.0;182.0;176.0;181.5;27386
2017-04-24;181.0;182.0;175.5;178.0;16202
2017-04-21;179.5;180.5;178.5;180.5;16123
2017-04-20;180.0;180.0;178.0;180.0;10169
2017-04-19;178.0;180.0;177.5;180.0;10552
2017-04-18;176.0;179.0;176.0;178.0;20250
2017-04-13;174.5;176.0;174.0;176.0;4865
2017-04-12;172.0;175.5;172.0;174.5;7674
2017-04-11;173.0;177.0;171.0;173.0;17657
2017-04-10;174.0;177.0;174.0;176.0;9880
2017-04-07;172.5;175.5;172.5;175.5;13282
2017-04-06;173.0;173.5;170.0;173.5;7075
2017-04-05;173.5;173.5;171.0;172.5;17019
2017-04-04;172.0;175.5;171.5;173.5;35251
2017-04-03;167.0;172.5;167.0;171.5;21258
2017-03-31;161.5;167.0;157.5;166.5;35062
2017-03-30;159.0;161.5;157.5;161.5;18690
2017-03-29;157.5;157.5;155.0;157.5;8441
2017-03-28;158.0;160.5;157.0;157.0;18858
2017-03-27;158.0;158.5;153.5;156.5;16914
2017-03-24;157.5;159.0;157.5;158.5;11548
2017-03-23;155.5;160.0;155.5;158.5;19724
2017-03-22;158.0;159.0;157.0;157.5;66442
2017-03-21;158.5;158.5;157.5;158.0;22197
2017-03-20;157.5;160.0;157.5;158.5;15663
2017-03-17;153.5;158.0;152.0;158.0;30241
2017-03-16;154.0;154.0;151.5;154.0;8057
2017-03-15;152.0;154.0;151.0;152.5;6171
2017-03-14;151.5;153.0;151.0;152.0;4676
2017-03-13;152.0;153.5;151.5;151.5;86294
2017-03-10;152.5;151.5;151.5;151.5;14865
2017-03-09;154.5;154.5;152.5;153.0;3932
2017-03-08;152.0;155.0;150.5;154.5;18106
2017-03-07;152.0;152.0;149.5;151.5;10908
2017-03-06;151.0;152.0;149.0;152.0;11853
2017-03-03;152.5;152.5;152.5;152.5;4465
2017-03-02;156.0;156.0;151.5;152.5;6944
2017-03-01;150.0;156.0;150.0;155.0;16496
2017-02-28;148.5;151.5;148.5;149.0;8817
2017-02-27;154.0;154.5;148.0;148.5;19594
2017-02-24;153.0;155.0;152.0;153.5;10401
2017-02-23;155.5;156.5;153.0;153.0;17211
2017-02-22;157.0;164.0;154.5;156.5;48509
2017-02-21;156.5;159.0;154.5;157.0;11364
2017-02-20;158.0;159.0;154.0;157.0;16352
2017-02-17;159.5;159.5;156.0;159.5;8345
2017-02-16;158.0;160.0;158.0;159.5;18109
2017-02-15;158.5;158.5;155.5;158.0;7010
2017-02-14;157.0;158.5;155.5;158.5;7252
2017-02-13;156.0;157.0;155.0;157.0;10264
2017-02-10;154.5;157.0;153.0;156.0;7835
2017-02-09;154.0;155.5;153.5;154.0;7627
2017-02-08;155.0;156.0;152.5;154.0;7346
2017-02-07;156.0;157.0;154.0;156.0;4906
2017-02-06;154.5;156.0;153.0;156.0;8029
2017-02-03;155.0;156.0;153.0;155.5;6874
2017-02-02;157.0;157.0;154.0;156.0;4272
2017-02-01;154.0;156.0;153.5;156.0;11642
2017-01-31;153.0;155.0;153.0;154.0;9027
2017-01-30;152.5;154.5;150.5;153.0;15020
2017-01-27;154.5;155.0;150.0;152.5;14312
2017-01-26;152.0;155.0;151.5;154.5;5982
2017-01-25;153.0;157.0;153.0;153.5;8293
2017-01-24;156.0;157.5;152.5;152.5;16394
2017-01-23;157.0;158.0;154.5;155.0;18814
2017-01-20;152.0;155.0;151.5;155.0;6977
2017-01-19;153.5;154.0;151.5;153.5;7783
2017-01-18;154.0;155.5;152.5;152.5;5165
2017-01-17;155.0;155.0;153.0;154.0;5120
2017-01-16;155.0;157.5;153.0;154.5;12808
2017-01-13;156.0;158.5;153.0;157.5;18099
2017-01-12;160.0;160.0;157.0;157.0;9832
2017-01-11;164.0;164.5;158.0;160.0;20652
2017-01-10;160.0;164.0;158.0;164.0;22394
2017-01-09;158.0;159.5;155.0;159.5;11597
2017-01-06;;158.0;158.0;158.0;0
2017-01-05;161.5;161.5;157.5;158.0;11495
2017-01-04;158.5;162.0;157.5;161.5;23126
2017-01-03;157.0;158.0;154.5;156.0;17886
2017-01-02;151.0;156.0;151.0;155.0;12308
2016-12-30;152.0;153.5;152.0;152.5;9989
2016-12-29;151.0;154.5;150.5;151.0;9520
2016-12-28;155.0;155.0;151.0;151.5;11341
2016-12-27;154.0;154.5;150.0;153.5;13369
2016-12-23;151.0;155.0;150.0;151.5;22861
2016-12-22;155.0;157.0;150.5;150.5;21791
2016-12-21;160.0;162.0;154.0;155.0;136019
2016-12-20;165.5;165.5;161.5;162.0;23566
2016-12-19;164.0;165.0;161.5;165.0;33689
2016-12-16;158.0;162.5;157.5;161.5;39971
2016-12-15;158.0;158.5;155.5;158.5;22952
2016-12-14;160.0;160.0;155.0;158.0;14611
2016-12-13;162.0;162.0;159.0;160.0;20466
2016-12-12;164.0;164.5;159.0;163.0;40924
2016-12-09;168.5;168.5;163.5;168.5;42978
2016-12-08;163.5;169.0;163.5;169.0;21008
2016-12-07;167.0;167.0;161.0;163.5;30251
2016-12-06;169.5;169.5;165.0;168.0;11817
2016-12-05;164.5;170.0;161.5;169.5;32618
2016-12-02;162.0;166.0;161.0;166.0;21777
2016-12-01;158.0;160.5;156.0;160.0;19219
2016-11-30;154.5;163.0;153.0;163.0;46629
2016-11-29;154.0;154.5;152.5;154.0;8762
2016-11-28;155.5;156.0;151.5;154.0;36078
2016-11-25;154.0;156.0;153.5;155.5;33647
2016-11-24;154.5;156.0;152.0;155.0;10412
2016-11-23;156.0;157.0;152.5;155.0;42317
2016-11-22;159.0;159.0;155.0;156.0;14617
2016-11-21;153.5;160.0;153.0;159.0;50861
2016-11-18;150.5;154.0;150.5;153.5;24842
2016-11-17;149.0;152.5;148.0;150.5;53209
2016-11-16;144.0;148.5;141.75;148.5;28380
2016-11-15;141.0;144.5;141.0;143.75;14737
2016-11-14;142.0;144.0;140.25;141.0;22233
2016-11-11;140.5;141.5;140.0;141.5;15849
2016-11-10;136.0;141.75;133.5;140.25;33663
2016-11-09;131.75;138.0;126.0;130.5;40626
2016-11-08;135.0;136.0;134.5;134.5;9534
2016-11-07;138.0;138.25;135.0;135.0;14819
2016-11-04;134.0;140.0;137.5;137.5;10462
2016-11-03;133.75;135.0;131.5;134.0;21880
2016-11-02;139.0;139.0;133.75;133.75;33093
2016-11-01;140.0;140.25;138.25;138.75;10216
2016-10-31;141.0;141.25;139.0;139.0;17060
2016-10-28;141.75;141.75;140.0;140.5;6322
2016-10-27;141.25;142.0;140.0;140.0;14128
2016-10-26;143.0;143.0;141.0;141.0;10041
2016-10-25;141.5;143.0;141.0;142.0;5366
2016-10-24;142.0;142.0;141.0;141.5;10936
2016-10-21;142.0;143.0;140.0;141.5;7782
2016-10-20;141.75;142.0;138.75;141.25;10156
2016-10-19;140.0;142.0;140.0;141.75;4341
2016-10-18;141.5;142.25;139.5;140.0;12535
2016-10-17;140.25;142.0;140.0;140.5;6925
2016-10-14;143.0;143.75;141.5;141.5;13295
2016-10-13;141.0;144.25;139.0;141.5;21289
2016-10-12;140.5;142.0;140.0;140.0;4346
2016-10-11;141.0;143.0;140.5;140.5;13564
2016-10-10;141.0;142.0;140.0;140.75;9335
2016-10-07;142.0;142.0;140.25;140.5;7862
2016-10-06;142.0;142.0;140.0;141.75;19153
2016-10-05;138.0;141.75;138.0;141.0;14827
2016-10-04;141.25;142.0;137.0;138.0;20487
2016-10-03;138.75;141.75;138.75;140.75;18878
2016-09-30;140.0;140.0;137.25;138.5;8570
2016-09-29;141.25;141.25;139.75;139.75;5920
2016-09-28;140.25;140.25;138.75;139.0;9218
2016-09-27;142.0;142.0;138.0;138.5;9881
2016-09-26;140.5;142.0;140.0;141.0;5560
2016-09-23;141.25;142.0;140.0;140.25;6013
2016-09-22;138.5;142.0;138.5;140.0;8991
2016-09-21;141.5;142.0;138.0;138.0;13156
2016-09-20;141.25;142.0;140.75;142.0;7302
2016-09-19;141.0;141.0;138.25;140.5;5657
2016-09-16;140.5;141.25;139.75;139.75;24115
2016-09-15;139.0;140.25;137.75;139.25;3506
2016-09-14;140.0;141.5;139.0;139.5;6366
2016-09-13;139.0;140.5;138.0;139.25;10594
2016-09-12;139.75;139.75;136.5;139.0;8789
2016-09-09;140.0;141.0;140.0;140.5;7380
2016-09-08;141.0;141.0;139.0;140.0;13632
2016-09-07;140.0;141.0;139.25;141.0;14810
2016-09-06;141.0;142.5;140.0;140.0;13737
2016-09-05;140.5;142.0;140.5;140.5;9632
2016-09-02;141.5;142.0;140.75;142.0;6681
2016-09-01;142.0;142.5;140.5;141.0;7713
2016-08-31;142.0;142.5;141.5;142.0;9812
2016-08-30;141.0;143.0;141.0;142.0;9881
2016-08-29;140.25;142.25;140.25;141.0;10071
2016-08-26;142.5;142.5;140.0;140.5;13044
2016-08-25;142.0;145.0;141.75;142.25;8785
2016-08-24;142.0;143.25;141.75;142.0;11986
2016-08-23;141.75;143.0;141.5;141.5;9318
2016-08-22;142.0;142.75;141.5;142.25;147537
2016-08-19;140.75;143.0;140.75;142.25;7040
2016-08-18;139.25;141.5;139.0;140.75;11185
2016-08-17;138.0;139.75;138.0;139.25;9798
2016-08-16;140.0;141.5;139.0;140.0;21848
2016-08-15;142.25;142.5;141.0;141.5;7858
2016-08-12;140.5;142.75;140.5;142.25;11780
2016-08-11;137.75;141.5;137.75;140.5;12625
2016-08-10;137.0;138.0;136.5;137.75;9507
2016-08-09;135.0;137.0;135.0;136.25;7774
2016-08-08;136.0;137.0;135.0;136.0;6299
2016-08-05;134.25;136.5;134.25;136.5;6978
2016-08-04;132.5;136.0;132.5;135.5;4875
2016-08-03;134.25;135.5;134.25;134.25;8997
2016-08-02;136.0;136.5;134.25;135.5;8169
2016-08-01;135.0;137.0;135.0;136.0;5683
2016-07-29;134.25;136.0;134.25;135.0;5531
2016-07-28;135.25;137.0;135.25;135.75;9982
2016-07-27;134.0;136.75;133.5;136.75;267319
2016-07-26;133.0;135.75;133.0;135.25;10826
2016-07-25;130.0;135.0;130.0;133.25;17069
2016-07-22;128.5;129.5;127.25;129.0;7865
2016-07-21;126.5;129.0;125.75;128.75;9134
2016-07-20;127.5;129.0;126.5;126.75;5906
2016-07-19;126.5;128.75;126.5;127.75;7442
2016-07-18;126.0;126.5;124.75;125.0;11474
2016-07-15;126.0;128.0;125.25;126.0;6791
2016-07-14;127.5;127.5;126.5;127.0;7375
2016-07-13;125.0;127.75;125.0;127.0;5101
2016-07-12;127.0;127.0;125.75;126.25;6602
2016-07-11;123.75;126.75;123.75;126.0;9722
2016-07-08;123.0;124.0;122.75;123.75;5573
2016-07-07;123.75;124.75;123.0;123.25;4308
2016-07-06;126.5;126.5;123.5;123.75;5382
2016-07-05;126.0;127.0;124.5;126.5;307003
2016-07-04;124.0;126.5;123.0;126.5;483399
2016-07-01;123.0;124.25;121.5;124.0;15985
2016-06-30;121.25;123.5;121.25;123.0;7053
2016-06-29;120.0;121.5;118.75;121.25;12815
2016-06-28;122.25;122.25;117.0;117.75;14001
2016-06-27;115.0;121.0;115.0;117.75;21463
2016-06-24;;122.75;122.75;122.75;0
2016-06-23;124.0;124.5;122.5;122.75;111199
2016-06-22;123.5;125.0;122.5;122.75;9656
2016-06-21;121.0;122.25;120.0;120.75;12593
2016-06-20;120.5;124.0;120.5;122.5;8338
2016-06-17;120.0;121.25;120.0;120.5;44650
2016-06-16;120.25;122.5;119.75;120.0;23336
2016-06-15;122.0;122.0;120.0;120.25;14281
2016-06-14;122.0;122.0;120.5;122.0;21982
2016-06-13;124.0;124.0;121.0;121.75;9396
2016-06-10;125.0;125.0;122.0;124.75;12834
2016-06-09;124.5;125.0;122.5;125.0;13203
2016-06-08;122.0;124.5;120.75;123.5;22509
2016-06-07;123.0;123.0;120.75;121.0;8279
2016-06-06;;123.0;123.0;123.0;0
2016-06-03;125.0;125.0;122.0;123.0;5551
2016-06-02;124.0;124.25;122.0;123.5;6917
2016-06-01;125.0;125.0;121.75;124.25;7017
2016-05-31;121.25;127.0;120.5;127.0;26364
2016-05-30;120.0;122.0;120.0;121.25;4680
2016-05-27;122.5;122.5;120.0;120.0;4575
2016-05-26;121.0;123.25;120.0;122.0;13897
2016-05-25;119.5;121.0;118.5;120.0;9890
2016-05-24;118.0;119.5;117.0;119.5;11023
2016-05-23;115.0;117.75;115.0;117.25;10953
2016-05-20;112.0;116.5;111.5;115.0;104097
2016-05-19;111.75;112.75;110.75;111.25;61259
2016-05-18;111.0;112.5;110.5;111.75;105574
2016-05-17;111.75;112.5;111.0;111.0;6997
2016-05-16;113.0;113.0;111.0;111.75;104966
2016-05-13;110.75;112.0;110.75;112.0;22879
2016-05-12;111.0;113.0;111.0;111.75;4924
2016-05-11;112.75;113.0;111.0;111.25;11434
2016-05-10;111.25;113.25;111.0;113.25;5285
2016-05-09;113.0;113.75;111.0;111.0;14193
2016-05-06;112.5;114.0;112.5;112.5;8102
2016-05-05;112.0;113.25;111.5;112.25;1395
2016-05-04;112.0;113.25;111.5;112.25;1395
2016-05-03;111.0;114.25;110.5;114.25;17936
2016-05-02;111.0;112.25;110.0;110.0;12661
2016-04-29;111.75;112.5;111.0;111.5;12188
2016-04-28;112.0;112.75;111.0;112.0;5725
2016-04-27;112.5;113.25;111.25;113.0;7952
2016-04-26;112.0;112.5;111.0;112.5;5241
2016-04-25;110.75;112.25;110.75;112.0;12283
2016-04-22;114.5;114.5;110.75;110.75;18233
2016-04-21;114.0;114.75;111.5;114.5;12896
2016-04-20;111.25;112.25;110.75;111.5;11848
2016-04-19;111.25;116.0;111.0;113.0;23907
2016-04-18;112.0;112.75;110.75;110.75;21081
2016-04-15;114.0;114.0;111.0;111.0;5810
2016-04-14;109.5;112.0;109.5;111.75;23403
2016-04-13;110.0;110.0;108.5;109.25;17041
2016-04-12;109.25;109.75;106.75;108.25;14114
2016-04-11;109.75;112.0;109.0;109.25;10710
2016-04-08;110.5;113.0;109.75;110.0;10466
2016-04-07;112.75;112.75;110.5;110.5;9747
2016-04-06;112.25;113.5;109.75;109.75;22104
2016-04-05;116.0;116.75;112.0;113.5;12708
2016-04-04;116.5;117.0;115.0;115.5;16177
2016-04-01;118.0;118.0;113.25;116.75;13961
2016-03-31;117.0;118.5;116.5;116.5;16286
2016-03-30;118.5;119.25;116.0;116.0;27742
2016-03-29;119.5;119.75;118.5;118.5;8810
2016-03-28;119.0;120.0;119.25;119.25;17669
2016-03-25;119.0;120.0;118.0;119.25;17669
2016-03-24;119.0;120.0;118.0;119.25;17669
2016-03-23;122.0;122.5;120.0;120.0;70519
2016-03-22;120.75;121.0;119.5;121.0;6070
2016-03-21;119.25;122.0;119.25;120.75;7976
2016-03-18;119.75;121.5;119.25;121.0;18967
2016-03-17;119.0;119.5;117.75;119.5;6569
2016-03-16;119.0;119.0;118.0;118.5;5905
2016-03-15;118.0;119.75;117.0;118.75;6627
2016-03-14;118.0;119.75;118.0;118.5;9712
2016-03-11;120.25;121.0;119.0;119.5;6917
2016-03-10;119.25;120.0;118.0;119.5;5142
2016-03-09;119.0;119.75;118.0;119.25;6530
2016-03-08;119.0;120.0;117.5;119.0;7209
2016-03-07;119.75;121.0;119.0;120.0;6872
2016-03-04;119.0;120.25;119.0;120.0;9003
2016-03-03;121.0;121.0;118.0;119.0;6138
2016-03-02;120.5;122.0;119.0;121.0;6968
2016-03-01;122.5;123.25;120.25;122.25;10874
2016-02-29;122.0;122.5;121.25;122.0;5980
2016-02-26;122.0;122.0;120.5;122.0;4551
2016-02-25;121.0;122.5;119.5;119.5;10710
2016-02-24;122.0;122.25;120.5;122.0;7787
2016-02-23;122.5;122.5;121.5;122.0;3827
2016-02-22;120.0;122.5;120.0;122.5;10191
2016-02-19;118.0;120.0;118.0;119.75;2176
2016-02-18;119.25;120.0;118.5;120.0;7364
2016-02-17;119.25;119.75;118.25;119.25;6234
2016-02-16;120.5;120.5;118.0;119.5;5251
2016-02-15;117.75;120.5;117.75;119.5;26731
2016-02-12;117.5;119.0;115.25;116.75;17742
2016-02-11;120.0;120.0;117.25;117.5;10553
2016-02-10;116.0;120.75;114.75;120.75;22897
2016-02-09;118.0;121.0;111.25;114.75;35670
2016-02-08;120.5;120.75;118.0;118.0;18710
2016-02-05;121.0;121.25;120.0;120.0;8001
2016-02-04;121.5;122.5;120.5;121.25;11846
2016-02-03;120.0;122.5;119.75;120.5;37851
2016-02-02;121.0;121.0;118.75;120.0;33272
2016-02-01;119.25;121.5;117.5;120.5;54639
2016-01-29;114.75;116.5;113.25;116.25;7791
2016-01-28;117.0;117.75;115.0;115.75;61492
2016-01-27;118.75;118.75;115.75;117.0;12234
2016-01-26;118.0;119.5;115.0;116.75;23317
2016-01-25;116.0;117.0;115.25;116.75;10554
2016-01-22;110.25;115.5;110.25;115.5;28161
2016-01-21;110.25;112.5;109.25;110.75;115495
2016-01-20;115.0;115.0;111.0;111.5;14791
2016-01-19;113.75;115.25;113.25;114.75;9119
2016-01-18;116.0;116.5;113.25;113.25;12071
2016-01-15;121.25;121.75;116.75;117.25;19432
2016-01-14;121.5;121.5;118.25;121.25;22625
2016-01-13;122.0;123.0;120.25;122.25;19978
2016-01-12;119.25;122.0;119.25;122.0;18505
2016-01-11;120.25;120.25;118.25;119.25;10523
2016-01-08;120.75;122.5;119.75;120.25;23238
2016-01-07;122.0;122.0;118.0;120.0;21875
2016-01-06;;122.5;122.5;122.5;0
2016-01-05;122.5;123.0;122.0;122.5;17461
2016-01-04;123.0;123.0;117.0;122.5;18331
2016-01-01;;124.0;124.0;124.0;0
2015-12-31;;124.0;124.0;124.0;0
2015-12-30;122.5;124.0;121.75;124.0;21876
2015-12-29;122.5;123.0;120.5;122.5;22182
2015-12-28;122.5;122.5;120.25;121.5;12699
2015-12-25;120.0;122.5;119.0;122.5;25489
2015-12-24;120.0;122.5;119.0;122.5;25489
2015-12-23;120.0;122.5;119.0;122.5;25489
2015-12-22;120.0;120.0;118.25;119.75;23512
2015-12-21;117.0;119.75;115.0;119.75;114695
2015-12-18;119.75;120.0;116.0;117.5;143998
2015-12-17;124.0;124.0;119.75;119.75;317602
2015-12-16;123.75;123.75;120.5;121.75;22146
2015-12-15;125.0;125.0;119.25;120.5;31556
2015-12-14;129.75;129.75;123.0;125.0;44634
2015-12-11;129.75;133.75;129.5;130.0;56164
2015-12-10;129.75;129.75;124.25;126.0;15978
2015-12-09;129.5;129.75;127.0;127.0;26751
2015-12-08;129.75;130.25;128.5;129.5;8459
2015-12-07;129.0;130.0;128.75;129.75;10638
2015-12-04;129.0;129.5;127.25;128.5;17061
2015-12-03;129.25;129.5;127.75;129.0;15221
2015-12-02;129.0;130.0;127.75;129.25;31844
2015-12-01;130.0;130.0;127.0;128.5;31251
2015-11-30;127.0;129.5;125.5;129.5;182345
2015-11-27;126.0;127.0;125.0;127.0;9321
2015-11-26;126.25;126.25;123.5;126.0;22691
2015-11-25;127.0;127.0;125.0;126.25;16695
2015-11-24;128.75;128.75;124.75;125.25;13287
2015-11-23;128.5;129.0;126.0;127.0;16756
2015-11-20;130.0;130.0;126.0;128.5;21741
2015-11-19;131.0;131.5;127.25;128.5;15987
2015-11-18;130.75;134.0;129.75;131.0;21714
2015-11-17;125.5;131.25;124.75;129.75;117866
2015-11-16;124.0;125.75;123.0;125.5;22728
2015-11-13;124.0;124.0;122.75;123.5;7566
2015-11-12;122.75;125.5;121.5;123.75;23371
2015-11-11;123.5;124.0;122.75;122.75;207845
2015-11-10;124.25;124.25;122.5;123.5;3844
2015-11-09;125.0;125.0;122.75;124.0;12714
2015-11-06;122.0;123.25;121.5;122.75;7341
2015-11-05;123.0;123.5;122.0;122.25;5553
2015-11-04;123.25;123.5;122.0;123.25;9868
2015-11-03;124.75;125.0;123.0;123.25;14145
2015-11-02;125.0;125.5;124.5;124.75;9871
2015-10-30;126.0;126.0;124.0;124.0;10884
2015-10-29;124.25;125.0;123.0;124.75;19671
2015-10-28;125.25;125.5;123.0;124.0;5134
2015-10-27;124.25;124.25;122.75;123.0;7941
2015-10-26;126.0;126.0;124.25;124.25;14337
2015-10-23;124.25;126.0;123.75;125.5;10118
2015-10-22;124.5;125.0;124.0;124.75;5453
2015-10-21;125.5;126.0;123.25;124.5;9283
2015-10-20;125.0;125.75;124.0;125.0;8246
2015-10-19;122.25;124.25;122.0;123.75;17448
2015-10-16;124.25;124.25;121.5;121.5;32084
2015-10-15;125.75;125.75;124.0;124.25;7979
2015-10-14;124.25;126.5;124.25;126.0;11571
2015-10-13;125.0;125.0;124.0;124.0;13660
2015-10-12;124.0;127.5;123.75;125.5;19383
2015-10-09;126.25;127.25;121.75;124.0;32147
2015-10-08;128.0;128.25;125.75;127.0;20690
2015-10-07;125.0;127.5;123.25;127.5;51631
2015-10-06;122.0;125.0;122.0;125.0;31627
2015-10-05;120.0;123.0;118.0;122.0;28295
2015-10-02;118.25;119.0;118.25;119.0;7632
2015-10-01;119.75;119.75;118.25;119.0;63228
2015-09-30;115.5;119.0;115.5;119.0;32177
2015-09-29;114.75;116.0;114.0;115.5;10246
2015-09-28;115.5;116.75;114.75;116.0;9326
2015-09-25;115.25;118.0;115.25;115.25;13237
2015-09-24;118.0;118.75;114.0;115.75;12541
2015-09-23;115.75;118.75;115.5;117.75;14068
2015-09-22;118.0;118.75;113.5;115.5;53630
2015-09-21;115.5;119.0;115.0;119.0;24950
2015-09-18;120.0;120.0;115.5;116.25;38896
2015-09-17;116.0;120.0;116.0;120.0;54894
2015-09-16;114.5;116.5;114.5;115.75;35767
2015-09-15;113.0;115.0;113.0;114.75;68744
2015-09-14;108.0;111.25;107.0;109.25;27487
2015-09-11;104.75;108.0;104.25;108.0;20677
2015-09-10;104.5;104.75;103.75;104.75;14404
2015-09-09;103.0;104.75;103.0;104.25;10150
2015-09-08;100.0;102.75;100.0;101.75;7547
2015-09-07;103.75;103.75;99.75;100.0;6281
2015-09-04;101.5;102.5;99.5;99.5;13754
2015-09-03;103.25;103.5;102.5;102.5;86986
2015-09-02;103.0;103.0;101.75;103.0;8159
2015-09-01;103.25;103.25;100.75;101.0;8797
2015-08-31;103.25;103.5;101.0;102.0;7204
2015-08-28;100.25;103.0;100.25;103.0;17430
2015-08-27;100.0;102.75;100.0;102.75;9790
2015-08-26;101.0;101.0;97.75;99.5;9562
2015-08-25;99.0;100.75;99.0;99.0;12037
2015-08-24;101.0;101.0;97.0;98.5;40847
2015-08-21;103.0;103.0;101.25;101.25;14572
2015-08-20;102.0;103.75;102.0;103.75;57495
2015-08-19;102.5;103.5;100.25;100.25;12584
2015-08-18;101.5;102.75;101.5;102.5;22287
2015-08-17;102.0;103.5;101.5;102.75;7940
2015-08-14;102.5;103.0;102.0;102.75;3354
2015-08-13;101.0;103.0;101.0;102.5;162217
2015-08-12;101.5;101.5;100.5;100.5;14901
2015-08-11;103.0;103.0;101.0;101.5;13580
2015-08-10;104.25;104.25;101.5;102.0;21504
2015-08-07;105.75;105.75;103.5;103.5;4352
2015-08-06;103.0;106.0;103.0;105.5;23738
2015-08-05;102.5;103.5;102.0;103.5;6454
2015-08-04;102.0;103.0;101.5;102.5;6185
2015-08-03;102.0;102.25;101.0;101.5;9689
2015-07-31;101.0;102.75;101.0;101.75;9683
2015-07-30;104.0;104.0;102.0;102.5;2896
2015-07-29;101.25;103.0;101.25;103.0;4264
2015-07-28;101.5;102.75;99.75;101.75;16410
2015-07-27;106.0;106.0;101.0;102.5;18567
2015-07-24;103.5;104.25;103.25;104.0;6881
2015-07-23;104.0;105.25;103.5;103.5;4557
2015-07-22;104.0;105.0;103.75;103.75;5047
2015-07-21;105.5;106.25;104.25;104.75;9349
2015-07-20;107.0;107.0;103.0;106.0;24524
2015-07-17;103.0;106.25;103.0;106.0;18970
2015-07-16;102.0;103.0;101.5;103.0;5953
2015-07-15;99.0;103.75;99.0;101.75;21055
2015-07-14;98.75;100.25;98.75;100.25;21968
2015-07-13;98.0;99.0;98.0;98.0;6480
2015-07-10;98.5;98.5;96.25;97.5;9223
2015-07-09;93.0;95.75;93.0;95.25;11879
2015-07-08;97.25;97.25;93.5;93.5;15474
2015-07-07;95.5;96.75;94.5;95.0;12786
2015-07-06;94.0;95.75;94.0;95.0;8176
2015-07-03;98.25;98.75;96.0;96.0;9356
2015-07-02;98.0;99.0;97.25;98.25;6382
2015-07-01;96.0;99.5;95.5;99.5;10419
2015-06-30;96.0;97.5;94.25;95.5;9820
2015-06-29;99.0;99.0;95.0;96.75;10418
2015-06-26;99.0;100.0;98.0;100.0;7994
2015-06-25;97.5;99.75;97.5;99.75;14585
2015-06-24;97.75;98.75;96.5;98.0;13597
2015-06-23;98.25;100.0;97.5;98.0;21620
2015-06-22;98.75;99.25;98.0;99.0;41553
2015-06-19;;97.0;97.0;97.0;0
2015-06-18;99.75;100.0;95.5;97.0;74110
2015-06-17;95.5;95.5;93.5;95.0;25863
2015-06-16;95.0;97.0;94.75;95.5;10395
2015-06-15;96.0;97.0;94.5;95.25;19637
2015-06-12;97.5;98.0;96.25;96.5;11564
2015-06-11;98.75;99.0;97.25;98.0;5421
2015-06-10;98.5;98.75;97.5;98.75;9390
2015-06-09;97.0;99.0;97.0;99.0;10433
2015-06-08;98.5;99.0;97.0;99.0;15684
2015-06-05;98.75;99.0;97.75;99.0;7331
2015-06-04;99.5;99.75;97.75;98.75;20837
2015-06-03;99.75;100.0;98.5;100.0;16149
2015-06-02;98.25;99.0;98.0;98.5;12667
2015-06-01;97.25;99.5;97.25;98.25;13855
2015-05-29;99.0;99.75;97.75;99.75;24706
2015-05-28;98.0;100.0;97.0;99.75;13239
2015-05-27;97.0;98.0;97.0;98.0;20604
2015-05-26;98.0;98.25;96.5;97.0;49263
2015-05-25;97.0;98.5;96.75;98.0;49589
2015-05-22;97.0;97.0;96.0;97.0;17647
2015-05-21;96.75;97.0;95.75;97.0;18616
2015-05-20;95.25;97.0;95.25;96.5;41950
2015-05-19;94.5;95.75;94.5;95.0;4783
2015-05-18;95.25;96.25;94.5;94.5;11429
2015-05-15;95.0;96.5;95.0;95.25;7792
2015-05-14;96.5;96.5;94.5;95.0;10370
2015-05-13;96.5;96.5;94.5;95.0;10370
2015-05-12;97.0;97.0;93.75;96.75;13470
2015-05-11;97.0;97.0;95.75;96.75;4249
2015-05-08;95.5;97.0;95.5;97.0;22576
2015-05-07;97.0;97.0;92.0;96.0;17660
2015-05-06;96.5;97.75;96.25;97.0;22948
2015-05-05;99.75;100.0;96.5;96.5;19114
2015-05-04;100.75;100.75;98.5;99.0;7984
2015-05-01;100.0;101.5;97.5;100.75;18108
2015-04-30;100.0;101.5;97.5;100.75;18108
2015-04-29;103.5;103.5;100.0;100.0;23263
2015-04-28;105.75;105.75;102.5;102.5;29547
2015-04-27;105.0;106.0;103.25;106.0;22216
2015-04-24;102.5;105.5;102.25;105.25;24370
2015-04-23;102.5;103.0;102.25;103.0;22458
2015-04-22;105.0;105.0;101.5;102.5;33508
2015-04-21;104.75;106.0;103.75;106.0;34191
2015-04-20;103.25;106.0;102.5;106.0;16109
2015-04-17;106.0;106.0;102.75;106.0;31142
2015-04-16;105.0;107.0;105.0;106.0;36925
2015-04-15;106.0;107.0;106.0;107.0;18553
2015-04-14;106.5;108.0;106.5;107.0;60855
2015-04-13;106.75;108.0;106.5;108.0;24226
2015-04-10;107.25;109.0;106.5;108.0;37676
2015-04-09;108.0;109.0;108.0;109.0;29434
2015-04-08;108.0;109.0;107.25;108.0;38841
2015-04-07;107.5;108.0;106.25;108.0;28213
2015-04-02;106.25;108.0;106.0;107.5;22642
2015-04-01;106.5;107.0;106.0;107.0;69136
2015-03-31;106.0;107.75;106.0;106.75;53865
2015-03-30;101.0;106.75;101.0;106.75;87689
2015-03-27;98.5;101.5;98.5;100.75;109661
2015-03-26;93.75;97.5;93.75;97.5;30849
2015-03-25;94.5;97.25;93.75;96.5;71523
2015-03-24;95.5;96.25;94.25;95.5;43502
2015-03-23;97.0;97.0;95.25;96.25;23269
2015-03-20;98.0;98.0;96.25;97.0;41678
2015-03-19;100.0;101.0;98.25;99.0;114068
2015-03-18;94.0;95.25;93.25;95.0;37317
2015-03-17;94.0;95.0;92.25;95.0;25043
2015-03-16;93.0;95.0;93.0;94.25;69803
2015-03-13;94.5;95.0;92.5;93.5;23805
2015-03-12;94.0;95.25;93.0;94.5;24700
2015-03-11;92.25;96.0;92.0;95.25;31544
2015-03-10;92.25;93.0;91.75;93.0;23984
2015-03-09;95.0;95.0;93.25;93.25;28666
2015-03-06;96.0;97.0;95.25;95.5;15338
2015-03-05;96.0;97.0;95.75;96.0;28837
2015-03-04;96.75;97.5;95.25;97.0;64129
2015-03-03;96.0;98.0;95.5;97.5;53695
2015-03-02;98.0;98.0;90.0;97.25;60613
2015-02-27;98.0;99.0;97.0;98.75;33017
2015-02-26;96.5;99.0;95.5;99.0;51306
2015-02-25;97.25;98.0;96.25;97.5;33757
2015-02-24;96.75;98.0;95.75;96.25;56464
2015-02-23;96.0;97.0;95.0;97.0;63221
2015-02-20;92.5;96.0;91.25;96.0;98449
2015-02-19;92.0;93.0;91.0;92.5;39316
2015-02-18;91.5;92.25;90.0;92.25;280305
2015-02-17;91.5;92.0;88.75;91.5;141948
2015-02-16;91.0;91.75;90.75;91.5;63301
2015-02-13;86.75;91.75;86.75;91.5;107577
2015-02-12;85.0;88.5;85.0;88.0;91420
2015-02-11;86.0;86.25;85.25;85.5;7873
2015-02-10;87.0;87.0;85.25;86.25;18720
2015-02-09;87.0;87.0;85.75;86.25;21444
2015-02-06;86.75;87.0;86.5;87.0;14195
2015-02-05;86.0;87.0;86.0;86.5;13715
2015-02-04;87.25;87.5;86.0;86.0;26105
2015-02-03;85.5;88.0;85.0;87.0;263700
2015-02-02;84.5;85.25;84.25;85.25;19043
2015-01-30;84.0;84.75;83.5;84.5;10734
2015-01-29;84.5;84.5;83.5;84.0;9130
2015-01-28;84.25;84.5;83.5;84.5;29558
2015-01-27;86.0;86.0;83.75;84.0;26484
2015-01-26;85.0;86.0;84.0;85.75;22185
2015-01-23;84.75;85.5;83.75;85.5;16877
2015-01-22;84.25;85.0;83.5;84.0;34837
2015-01-21;85.0;85.0;83.5;84.75;15581
2015-01-20;85.75;85.75;84.25;85.25;16550
2015-01-19;85.0;85.5;84.5;85.25;15492
2015-01-16;85.5;85.5;83.5;84.0;11540
2015-01-15;84.5;86.0;84.5;85.75;39533
2015-01-14;86.0;86.0;84.0;84.75;11209
2015-01-13;86.0;86.0;85.5;85.75;19732
2015-01-12;85.0;86.0;85.0;85.25;27497
2015-01-09;83.75;85.0;83.75;84.5;34314
2015-01-08;83.5;84.0;83.25;83.75;12908
2015-01-07;84.5;84.5;83.0;83.25;22810
2015-01-06;;85.5;85.5;85.5;0
2015-01-05;85.0;85.5;84.25;85.5;21453
2015-01-02;87.25;87.25;85.25;85.25;24235
2015-01-01;87.25;87.25;85.25;87.25;135116
2014-12-30;87.25;87.25;85.25;87.25;135116
2014-12-29;87.25;87.25;86.5;87.25;41171
2014-12-23;85.5;87.5;85.5;87.5;21522
2014-12-22;86.25;87.0;85.5;87.0;35477
2014-12-19;85.75;87.25;85.5;85.5;27660
2014-12-18;84.25;86.75;83.0;86.25;48225
2014-12-17;85.5;86.0;84.5;85.25;226678
2014-12-16;85.75;86.75;82.5;85.5;31800
2014-12-15;88.0;88.0;84.5;85.75;61065
2014-12-12;87.25;88.25;86.25;88.25;42865
2014-12-11;86.25;87.75;85.75;87.0;32260
2014-12-10;86.0;87.25;86.0;86.0;24594
2014-12-09;86.5;86.5;85.0;85.5;29886
2014-12-08;86.75;87.0;84.0;84.5;20319
2014-12-05;87.0;87.0;86.0;86.75;21437
2014-12-04;87.0;87.5;86.0;86.75;20461
2014-12-03;88.25;88.25;86.75;87.0;21749
2014-12-02;88.75;88.75;87.75;87.75;23431
2014-12-01;89.0;89.0;88.0;88.5;14308
2014-11-28;89.25;89.25;88.25;89.0;14685
2014-11-27;89.0;89.0;88.0;89.0;260395
2014-11-26;88.0;89.25;88.0;89.0;26912
2014-11-25;87.0;88.0;87.0;87.75;98613
2014-11-24;85.75;86.75;85.75;86.75;11182
2014-11-21;86.75;86.75;85.5;85.75;15587
2014-11-20;85.25;86.5;85.25;86.25;10632
2014-11-19;85.5;87.0;85.0;85.0;18566
2014-11-18;86.0;87.0;85.5;86.0;7033
2014-11-17;87.75;87.75;85.5;86.0;8654
2014-11-14;86.0;86.75;86.0;86.0;9811
2014-11-13;86.0;86.75;85.0;86.0;17687
2014-11-12;87.5;87.5;86.0;86.5;12077
2014-11-11;86.0;87.25;86.0;87.25;17416
2014-11-10;87.0;87.0;86.0;86.5;20383
2014-11-07;85.75;88.25;85.75;87.0;45715
2014-11-06;84.0;85.75;84.0;85.25;23664
2014-11-05;84.25;84.5;83.25;83.5;7466
2014-11-04;83.5;84.25;83.25;84.25;8047
2014-11-03;84.5;84.5;82.0;84.5;22915
2014-10-31;83.75;84.5;83.25;84.5;13553
2014-10-30;84.0;84.0;82.75;83.5;12821
2014-10-29;84.0;84.0;83.25;83.75;17209
2014-10-28;83.5;83.75;82.75;83.0;10772
2014-10-24;82.5;83.0;82.0;83.0;6835
2014-10-23;82.25;83.0;81.25;82.5;11757
2014-10-22;83.0;83.5;81.5;82.5;21971
2014-10-21;81.0;82.75;81.0;82.75;24190
2014-10-20;79.75;81.0;79.0;81.0;10439
2014-10-17;77.25;79.75;77.25;78.25;29548
2014-10-16;79.5;80.0;75.5;77.0;28050
2014-10-15;80.25;81.0;79.5;79.5;28984
2014-10-14;78.75;80.25;78.75;79.0;23535
2014-10-13;80.0;80.0;78.5;78.75;13252
2014-10-10;80.0;81.0;79.5;80.0;61221
2014-10-09;81.0;81.0;80.0;80.25;10243
2014-10-08;82.25;82.25;80.5;80.75;15227
2014-10-07;84.25;84.25;82.25;82.25;15090
2014-10-06;83.0;83.5;82.5;83.0;15346
2014-10-03;80.25;82.75;80.25;82.5;21386
2014-10-02;81.0;81.75;80.25;80.25;24259
2014-10-01;81.0;81.0;80.25;80.25;6922
2014-09-30;80.75;81.5;80.25;80.25;91127
2014-09-29;80.75;80.75;80.25;80.25;9965
2014-09-26;80.75;81.5;80.0;80.25;69913
2014-09-25;80.5;80.75;80.25;80.5;18085
2014-09-24;80.0;80.5;80.0;80.5;13203
2014-09-23;80.0;81.5;79.75;79.75;18714
2014-09-22;80.75;80.75;80.0;80.0;20471
2014-09-19;81.0;82.0;80.5;81.5;7192
2014-09-18;80.25;81.5;80.25;81.25;7435
2014-09-17;81.75;81.75;79.75;80.25;23696
2014-09-16;81.0;81.25;80.25;80.5;9344
2014-09-15;81.0;81.5;80.25;81.25;5211
2014-09-12;81.0;81.5;80.25;81.5;161377
2014-09-11;80.75;81.0;80.0;80.0;13550
2014-09-10;82.0;82.0;80.5;80.75;21329
2014-09-09;81.75;82.5;81.25;81.25;11410
2014-09-08;81.75;82.0;81.0;81.75;10812
2014-09-05;83.25;83.25;81.5;81.5;19637
2014-09-04;84.75;84.75;82.75;83.0;9005
2014-09-03;82.75;84.0;82.75;83.75;13004
2014-09-02;84.0;84.25;82.75;82.75;11080
2014-09-01;84.25;85.25;84.0;84.0;8143
2014-08-29;86.0;86.0;84.0;84.25;9740
2014-08-28;85.0;85.75;84.25;85.5;6421
2014-08-27;86.75;86.75;84.25;85.0;10516
2014-08-26;85.5;86.75;85.5;86.25;21951
2014-08-25;83.75;86.0;83.75;85.25;285342
2014-08-22;84.0;84.5;82.75;83.75;24414
2014-08-21;82.0;84.0;81.25;83.5;23583
2014-08-20;81.5;81.75;80.0;81.75;11608
2014-08-19;79.75;81.0;79.25;81.0;14855
2014-08-18;80.0;80.5;79.5;80.0;12259
2014-08-15;80.0;81.75;79.5;80.5;29026
2014-08-14;80.5;81.0;80.25;80.25;11043
2014-08-13;81.0;81.0;80.0;80.5;16279
2014-08-12;80.5;81.0;80.25;81.0;3994
2014-08-11;79.75;80.5;78.75;80.0;12549
2014-08-08;79.25;79.75;78.5;78.5;57996
2014-08-07;80.0;80.25;79.75;80.0;8850
2014-08-06;79.75;80.75;79.75;80.0;15002
2014-08-05;80.0;80.5;79.0;80.0;14420
2014-08-04;79.0;80.0;79.0;79.25;11299
2014-08-01;80.0;80.0;79.0;79.0;11578
2014-07-31;80.0;81.0;79.0;79.5;15643
2014-07-30;80.75;81.25;80.0;80.0;9633
2014-07-29;81.0;81.25;80.25;80.25;4396
2014-07-28;80.75;81.0;80.25;80.25;6718
2014-07-25;80.25;80.75;80.0;80.75;5265
2014-07-24;80.5;81.0;79.75;80.25;10861
2014-07-23;79.25;80.5;79.0;80.0;8190
2014-07-22;81.0;81.0;79.0;79.0;37505
2014-07-21;81.0;81.5;80.25;80.25;12444
2014-07-18;81.0;81.5;80.0;81.0;14274
2014-07-17;81.0;81.25;80.5;80.5;9080
2014-07-16;80.75;81.75;80.75;80.75;13702
2014-07-15;81.5;82.0;80.5;80.5;14080
2014-07-14;84.5;84.5;81.5;82.0;12498
2014-07-11;82.75;82.75;81.0;82.5;3417
2014-07-10;82.25;82.5;80.75;81.0;14868
2014-07-09;83.0;83.0;82.0;82.25;3469
2014-07-08;82.75;83.0;82.25;82.75;15203
2014-07-07;82.5;84.0;82.5;82.5;12108
2014-07-04;82.5;83.25;82.5;82.5;3335
2014-07-03;83.0;84.0;82.25;82.75;18326
2014-07-02;82.5;84.5;82.5;83.5;7845
2014-07-01;84.5;84.75;83.5;84.0;8551
2014-06-30;82.75;84.75;82.75;84.5;19985
2014-06-27;83.75;83.75;82.5;82.75;8861
2014-06-26;84.0;84.0;82.25;82.25;13337
2014-06-25;82.25;84.0;82.25;83.75;10136
2014-06-24;83.5;83.5;81.5;82.25;11618
2014-06-23;82.0;83.5;81.75;83.25;31169
2014-06-20;;81.75;81.75;81.75;0
2014-06-19;82.5;82.5;80.25;81.75;60835
2014-06-18;81.25;82.25;81.0;81.75;21883
2014-06-17;81.5;82.25;80.0;80.75;33646
2014-06-16;82.75;83.0;80.0;81.25;19866
2014-06-13;83.5;83.5;81.5;82.75;20681
2014-06-12;85.5;86.25;82.25;82.5;22074
2014-06-11;86.25;87.0;85.5;85.5;15175
2014-06-10;87.0;87.0;86.25;86.75;16569
2014-06-09;87.0;87.0;86.25;87.0;17084
2014-06-06;;87.0;87.0;87.0;0
2014-06-05;87.0;87.0;86.25;87.0;10472
2014-06-04;86.5;87.0;86.25;86.5;8134
2014-06-03;87.5;87.5;86.0;87.25;41486
2014-06-02;87.0;87.5;85.75;86.0;52717
2014-05-30;87.0;87.0;86.0;87.0;9492
2014-05-28;86.25;87.0;86.0;87.0;9066
2014-05-27;85.25;87.0;85.25;85.75;43173
2014-05-26;87.5;87.5;85.5;86.5;11356
2014-05-23;84.5;88.0;84.5;86.5;78182
2014-05-22;85.5;85.75;85.0;85.0;5787
2014-05-21;86.5;86.5;85.0;86.0;11132
2014-05-20;86.5;86.5;85.5;86.0;41488
2014-05-19;86.0;87.5;85.75;86.5;54034
2014-05-16;87.25;87.25;85.5;85.5;3576
2014-05-15;87.75;88.0;86.75;87.75;39841
2014-05-14;87.0;88.0;87.0;87.75;5751
2014-05-13;87.5;89.0;87.0;87.25;55922
2014-05-12;87.25;89.75;86.0;89.5;50628
2014-05-09;86.0;88.0;85.25;87.25;47275
2014-05-08;84.5;86.0;84.5;86.0;40743
2014-05-07;83.75;85.25;83.25;85.0;10610
2014-05-06;84.5;85.0;83.75;84.25;47643
2014-05-05;85.0;85.0;83.5;85.0;3881
2014-05-02;85.5;85.75;84.25;85.75;6978
2014-05-01;;85.75;85.75;85.75;0
2014-04-30;86.0;86.25;85.0;85.75;3144
2014-04-29;84.5;86.75;84.0;86.75;53578
2014-04-28;86.0;86.0;83.5;84.75;32549
2014-04-25;86.75;86.75;84.5;84.5;4676
2014-04-24;83.25;86.75;83.25;86.75;15367
2014-04-23;84.5;85.0;84.0;84.0;7588
2014-04-22;84.0;85.0;83.75;85.0;8007
2014-04-17;86.0;86.0;83.5;83.75;6052
2014-04-16;84.0;85.5;83.25;85.5;11504
2014-04-15;83.5;84.75;83.5;83.75;4665
2014-04-14;84.0;85.0;83.5;85.0;16040
2014-04-11;84.75;86.25;84.0;85.25;5513
2014-04-10;86.0;86.0;84.5;84.75;8631
2014-04-09;85.5;85.5;84.25;85.5;6856
2014-04-08;86.0;86.75;84.0;85.5;6996
2014-04-07;84.75;87.0;84.5;86.0;16799
2014-04-04;88.0;88.25;85.5;86.5;115515
2014-04-03;83.5;89.5;82.5;88.5;88131
2014-04-02;83.5;84.0;82.5;83.75;8529
2014-04-01;83.0;84.0;82.25;83.75;14081
2014-03-31;84.0;84.0;82.25;83.0;8729
2014-03-28;82.75;84.0;81.25;84.0;9938
2014-03-27;84.0;84.0;82.75;83.5;5023
2014-03-26;84.25;84.5;82.5;84.0;12584
2014-03-25;81.75;84.75;81.25;84.75;196158
2014-03-24;82.25;83.25;80.25;81.75;111095
2014-03-21;83.75;86.0;81.0;83.25;117162
2014-03-20;84.5;86.0;84.25;85.25;17447
2014-03-19;83.75;85.0;83.5;84.25;12487
2014-03-18;85.25;85.5;84.0;84.75;7000
2014-03-17;86.5;86.5;83.0;85.25;10870
2014-03-14;84.0;87.5;83.25;85.75;18039
2014-03-13;83.5;86.0;83.5;84.0;49776
2014-03-12;84.0;84.0;83.0;83.5;18688
2014-03-11;84.0;84.0;83.0;83.5;15294
2014-03-10;85.0;85.0;83.5;84.5;16781
2014-03-07;84.25;85.5;83.75;85.5;17118
2014-03-06;84.5;85.0;83.5;84.5;8957
2014-03-05;83.0;85.75;82.5;84.5;94218
2014-03-04;80.0;83.5;80.0;83.25;42757
2014-03-03;84.0;84.0;81.5;81.75;26080
2014-02-28;83.0;84.75;83.0;84.5;10865
2014-02-27;82.5;83.5;82.5;83.25;11928
2014-02-26;83.5;83.75;82.25;82.75;23463
2014-02-25;86.0;86.25;83.5;84.0;15043
2014-02-24;87.0;87.0;85.25;86.25;18731
2014-02-21;87.0;87.5;85.75;87.0;17809
2014-02-20;85.25;87.25;85.25;86.5;12554
2014-02-19;87.5;87.5;86.0;86.75;30547
2014-02-18;88.5;89.25;87.25;87.5;22621
2014-02-17;87.5;89.5;87.5;88.75;12001
2014-02-14;88.25;88.5;86.5;87.5;17244
2014-02-13;88.0;88.75;88.0;88.25;6852
2014-02-12;89.0;89.25;88.75;89.25;23467
2014-02-11;89.25;90.0;89.0;89.0;26050
2014-02-10;89.25;90.0;89.25;89.5;26313
2014-02-07;89.0;89.5;88.75;89.0;8771
2014-02-06;89.0;90.0;88.5;89.25;21101
2014-02-05;89.25;89.5;88.25;89.25;33636
2014-02-04;91.0;91.0;89.75;89.75;93242
2014-02-03;92.5;92.5;90.0;91.75;33258
2014-01-31;90.0;92.25;90.0;92.25;37639
2014-01-30;90.0;90.25;89.75;90.25;26104
2014-01-29;89.5;90.5;89.0;90.0;231823
2014-01-28;89.0;89.5;88.75;89.5;18590
2014-01-27;89.25;89.25;88.25;89.0;18465
2014-01-24;89.75;89.75;88.5;89.0;23736
2014-01-23;89.5;90.0;89.25;89.75;214843
2014-01-22;88.25;90.0;88.25;90.0;28816
2014-01-21;89.0;89.5;88.5;89.5;30299
2014-01-20;90.5;90.75;89.25;89.5;29951
2014-01-17;90.0;90.5;89.5;90.5;21309
2014-01-16;89.75;90.25;89.75;90.25;41597
2014-01-15;89.0;90.0;88.0;90.0;47152
2014-01-14;88.75;89.5;87.25;89.25;42427
2014-01-13;84.25;89.0;84.25;89.0;88787
2014-01-10;84.0;84.25;82.25;84.0;69801
2014-01-09;84.0;84.5;83.75;84.25;86289
2014-01-08;83.5;84.0;83.0;84.0;45649
2014-01-07;80.25;84.0;80.25;84.0;68336
2014-01-06;;80.5;80.5;80.5;0
2014-01-03;80.5;80.5;80.0;80.5;40460
2014-01-02;80.0;80.75;79.75;80.5;53773
2013-12-31;;79.25;79.25;79.25;0
2013-12-30;77.75;79.25;77.25;79.25;48726
2013-12-27;78.0;78.5;76.75;78.0;44883
2013-12-23;77.75;78.5;76.75;78.25;63438
2013-12-20;79.0;80.75;77.25;77.75;61311
2013-12-19;78.5;79.5;77.75;79.25;83712
2013-12-18;76.0;79.0;76.0;78.75;69760
2013-12-17;79.75;79.75;76.5;77.5;57964
2013-12-16;81.5;82.0;78.0;79.5;168460
2013-12-13;85.25;85.5;83.5;84.25;25100
2013-12-12;85.25;86.25;84.0;84.5;19247
2013-12-11;87.0;87.0;85.25;85.25;15085
2013-12-10;86.75;88.5;86.5;87.25;26158
2013-12-09;87.75;88.25;85.5;87.0;23949
2013-12-06;87.75;88.5;87.25;88.0;14732
2013-12-05;87.75;87.75;87.25;87.75;11267
2013-12-04;87.25;88.0;86.75;87.75;21074
2013-12-03;87.0;87.5;86.25;86.75;20092
2013-12-02;89.0;89.0;87.0;87.75;12741
2013-11-29;89.5;90.0;89.0;89.0;10904
2013-11-28;89.0;89.75;89.0;89.5;30010
2013-11-27;89.0;89.75;88.75;89.0;24364
2013-11-26;89.25;89.75;88.75;88.75;27328
2013-11-25;88.5;89.75;88.5;89.25;36052
2013-11-22;87.5;88.5;87.5;88.25;107225
2013-11-21;85.75;87.5;85.75;87.0;100295
2013-11-20;85.75;87.0;85.75;87.0;2159
2013-11-19;87.5;87.5;86.0;86.25;18992
2013-11-18;85.25;87.5;85.0;87.5;36408
2013-11-15;84.5;85.5;84.25;85.25;12809
2013-11-14;85.0;85.0;84.5;84.75;30928
2013-11-13;86.5;86.5;84.75;85.25;23872
2013-11-12;86.75;86.75;85.25;86.5;14323
2013-11-11;86.75;87.0;84.5;87.0;49610
2013-11-08;86.0;87.0;86.0;87.0;12247
2013-11-07;86.75;87.25;86.25;86.5;16191
2013-11-06;86.25;87.5;86.25;86.75;11383
2013-11-05;87.0;87.0;86.25;86.25;23024
2013-11-04;86.75;87.5;86.5;87.0;19221
2013-11-01;86.5;87.25;86.25;86.5;7078
2013-10-31;86.75;87.5;86.5;86.5;6658
2013-10-30;87.75;88.0;87.0;87.0;12468
2013-10-29;87.5;88.0;87.5;87.75;13352
2013-10-28;88.0;88.5;87.5;87.5;20158
2013-10-25;87.5;88.5;86.75;88.0;38948
2013-10-24;86.25;88.0;86.0;87.5;217264
2013-10-23;88.0;88.0;84.0;86.25;36374
2013-10-22;88.75;88.75;87.0;88.0;39363
2013-10-21;87.5;89.0;87.5;88.5;46779
2013-10-18;87.0;87.75;86.0;87.5;29552
2013-10-17;86.0;87.25;85.75;86.5;42509
2013-10-16;85.25;85.75;84.0;85.75;44509
2013-10-15;85.0;85.5;84.75;85.5;21416
2013-10-14;84.25;85.25;84.0;84.75;102476
2013-10-11;83.75;84.5;83.75;84.25;77320
2013-10-10;82.75;83.75;82.75;83.75;41814
2013-10-09;83.5;83.5;81.75;82.75;25109
2013-10-08;82.5;83.75;81.75;83.25;317960
2013-10-07;82.0;82.5;81.5;82.5;17263
2013-10-04;81.5;82.5;80.25;82.0;1312229
2013-10-03;81.5;82.5;80.75;81.75;70352
2013-10-02;82.25;82.5;81.5;82.0;61033
2013-10-01;82.25;82.75;81.0;82.75;32009
2013-09-30;81.25;82.5;80.75;82.5;54712
2013-09-27;80.5;81.0;80.5;80.75;12973
2013-09-26;82.0;82.0;80.5;80.75;23216
2013-09-25;82.75;82.75;81.25;82.0;19567
2013-09-24;83.0;83.0;81.75;82.5;58489
2013-09-23;82.5;83.0;81.5;83.0;36179
2013-09-20;82.75;83.0;82.5;82.75;8132
2013-09-19;82.75;83.25;82.0;83.0;174278
2013-09-18;82.25;82.75;81.5;82.25;20879
2013-09-17;82.0;82.5;80.5;82.5;51927
2013-09-16;83.25;83.5;81.25;82.0;30187
2013-09-13;83.75;84.0;82.5;83.0;23610
2013-09-12;84.25;84.75;83.25;83.25;19369
2013-09-11;84.5;84.5;83.5;84.0;17809
2013-09-10;84.0;84.75;83.25;84.5;23836
2013-09-09;84.75;84.75;82.0;83.25;43415
2013-09-06;84.0;84.75;83.5;84.5;24030
2013-09-05;83.25;84.25;83.25;84.25;30041
2013-09-04;83.25;84.0;83.0;83.0;57101
2013-09-03;83.0;83.25;82.25;83.25;51074
2013-09-02;82.0;82.75;81.5;82.75;60507
2013-08-30;81.25;81.25;80.0;81.0;47911
2013-08-29;80.25;80.75;80.0;80.5;28047
2013-08-28;80.5;80.5;79.75;80.25;40221
2013-08-27;80.5;80.5;79.5;80.5;42320
2013-08-26;81.0;81.25;79.75;80.5;47646
2013-08-23;80.5;80.5;80.0;80.0;9496
2013-08-22;78.25;81.0;78.25;80.25;82573
2013-08-21;77.5;78.0;77.25;77.75;17457
2013-08-20;77.75;77.75;77.0;77.25;19054
2013-08-19;76.75;78.0;76.75;78.0;32910
2013-08-16;76.5;77.0;76.0;76.75;8409
2013-08-15;76.75;77.0;76.25;76.75;11026
2013-08-14;76.5;77.0;76.25;77.0;16552
2013-08-13;76.5;77.0;76.5;76.5;19094
2013-08-12;77.0;77.25;76.25;76.75;37090
2013-08-09;76.25;77.25;76.25;77.0;32861
2013-08-08;76.25;77.0;76.25;76.25;11465
2013-08-07;76.75;77.0;76.0;76.0;15208
2013-08-06;77.0;77.0;76.75;76.75;7604
2013-08-05;76.5;77.25;76.0;77.0;16960
2013-08-02;76.75;77.0;76.25;76.25;9331
2013-08-01;76.75;77.25;76.0;76.75;18021
2013-07-31;76.25;77.0;76.0;77.0;18584
2013-07-30;76.25;76.5;75.5;76.25;8196
2013-07-29;76.5;76.5;76.0;76.0;4663
2013-07-26;76.5;76.5;75.25;76.25;54500
2013-07-25;76.5;76.5;76.0;76.5;9292
2013-07-24;77.0;77.0;76.25;76.75;3215
2013-07-23;77.0;77.0;76.25;76.75;12929
2013-07-22;78.0;78.0;76.25;76.25;14208
2013-07-19;77.75;78.0;77.0;78.0;5623
2013-07-18;77.0;77.75;76.5;77.75;8132
2013-07-17;77.75;77.75;76.5;76.5;11925
2013-07-16;77.25;78.0;77.0;77.25;15436
2013-07-15;76.5;76.75;76.25;76.75;8727
2013-07-12;76.5;76.5;75.5;76.5;17935
2013-07-11;75.5;76.5;75.5;76.5;6234
2013-07-10;76.0;76.0;75.5;75.5;8513
2013-07-09;76.75;76.75;75.5;75.75;11254
2013-07-08;76.5;77.0;76.0;76.75;5437
2013-07-05;77.25;77.25;76.0;76.75;5736
2013-07-04;75.0;77.0;75.0;77.0;15183
2013-07-03;74.75;76.25;74.75;74.75;8889
2013-07-02;76.0;76.25;74.75;74.75;14746
2013-07-01;75.0;76.0;74.5;76.0;11626
2013-06-28;73.5;75.75;73.5;75.5;16503
2013-06-27;75.0;75.25;74.0;74.25;11145
2013-06-26;73.5;75.0;73.5;74.5;19855
2013-06-25;73.0;75.0;73.0;74.25;16374
2013-06-24;75.0;75.25;72.5;74.75;33679
2013-06-21;;74.5;74.5;74.5;0
2013-06-20;75.0;76.25;73.5;74.5;399083
2013-06-19;75.0;76.25;74.5;75.0;31242
2013-06-18;76.0;76.5;75.5;75.75;21646
2013-06-17;76.0;77.0;75.5;76.25;27853
2013-06-14;75.25;76.0;75.25;76.0;20158
2013-06-13;76.75;76.75;75.0;75.75;17906
2013-06-12;76.25;77.0;76.0;76.25;23097
2013-06-11;76.75;77.0;76.0;76.25;53992
2013-06-10;76.25;77.0;76.25;77.0;13455
2013-06-07;77.5;77.5;75.75;77.0;20588
2013-06-06;;76.25;76.25;76.25;0
2013-06-05;76.5;77.0;76.25;76.25;20587
2013-06-04;77.25;77.5;76.0;77.25;24262
2013-06-03;77.25;77.25;75.5;77.25;50277
2013-05-31;78.0;78.0;75.25;77.25;181163
2013-05-30;77.5;78.25;77.0;78.0;17123
2013-05-29;78.0;78.5;77.25;78.0;8372
2013-05-28;78.0;78.75;77.25;78.5;31394
2013-05-27;77.0;77.75;77.0;77.5;9876
2013-05-24;77.0;78.5;76.0;77.0;84233
2013-05-23;77.5;77.5;75.75;75.75;29515
2013-05-22;78.0;79.0;77.5;77.5;22024
2013-05-21;77.5;78.75;77.5;78.0;26003
2013-05-20;77.75;79.25;77.0;77.5;37247
2013-05-17;75.5;78.0;75.5;77.75;36136
2013-05-16;75.75;76.0;75.5;75.5;19742
2013-05-15;75.5;76.25;75.25;75.75;106600
2013-05-14;76.0;76.0;75.5;75.5;14926
2013-05-13;75.0;76.0;74.5;75.5;16454
2013-05-10;75.75;76.25;75.0;75.0;26571
2013-05-09;;75.75;75.75;75.75;0
2013-05-08;76.5;76.5;75.75;75.75;14448
2013-05-07;76.0;76.5;75.5;76.0;20114
2013-05-06;75.75;76.5;75.75;75.75;12567
2013-05-03;75.5;78.25;75.5;76.0;26983
2013-05-02;76.0;76.0;74.75;74.75;31714
2013-05-01;;75.75;75.75;75.75;0
2013-04-30;75.5;76.5;75.0;75.75;16164
2013-04-29;76.0;76.0;75.25;75.5;14826
2013-04-26;77.25;77.25;75.0;75.25;29156
2013-04-25;77.0;77.25;76.0;77.0;23081
2013-04-24;75.0;78.0;74.75;76.0;65404
2013-04-23;75.25;75.5;75.0;75.0;16305
2013-04-22;74.0;75.0;74.0;75.0;17308
2013-04-19;75.0;76.0;73.25;73.5;95100
2013-04-18;75.0;75.75;74.25;75.0;14916
2013-04-17;75.0;75.75;72.75;74.75;19062
2013-04-16;75.0;75.5;74.75;75.0;48571
2013-04-15;76.75;76.75;74.75;75.25;33816
2013-04-12;77.0;77.25;76.25;76.5;35479
2013-04-11;76.0;77.0;75.75;76.5;33032
2013-04-10;75.5;77.0;75.5;76.5;76908
2013-04-09;75.5;76.25;75.25;76.0;169683
2013-04-08;75.25;76.5;75.0;75.5;31066
2013-04-05;76.5;76.75;75.25;76.25;29967
2013-04-04;78.5;78.5;75.0;76.0;28454
2013-04-03;77.5;78.5;77.5;78.5;24548
2013-04-02;78.25;79.25;77.5;78.75;23488
2013-04-01;;77.5;77.5;77.5;0
2013-03-29;81.25;77.5;77.5;77.5;43503
2013-03-28;81.25;81.25;78.0;78.25;43503
2013-03-27;81.25;81.25;78.0;78.25;43503
2013-03-26;81.75;82.0;78.0;81.75;54742
2013-03-25;82.0;82.75;80.75;81.75;31810
2013-03-22;81.75;83.0;81.0;83.0;35415
2013-03-21;83.25;83.25;81.75;83.0;17724
2013-03-20;82.0;83.25;82.0;83.25;23436
2013-03-19;83.25;83.75;81.5;83.5;21397
2013-03-18;83.5;83.75;82.0;83.0;17089
2013-03-15;84.5;84.5;83.5;83.75;67627
2013-03-14;83.5;84.0;82.0;84.0;18310
2013-03-13;83.5;83.5;83.0;83.5;16884
2013-03-12;83.0;84.25;83.0;84.25;10349
2013-03-11;84.0;84.0;83.25;84.0;20820
2013-03-08;86.25;86.25;83.5;84.5;24507
2013-03-07;86.5;87.0;85.0;86.0;14926
2013-03-06;87.0;87.0;85.5;86.5;9782
2013-03-05;87.0;87.0;85.75;87.0;12917
2013-03-04;88.0;88.0;86.0;86.75;10809
2013-03-01;86.0;87.25;86.0;87.25;7765
2013-02-28;85.5;87.5;85.5;87.5;24696
2013-02-27;85.75;87.0;85.75;86.5;6332
2013-02-26;87.0;87.0;85.75;86.5;10159
2013-02-25;87.5;87.5;86.25;87.5;13239
2013-02-22;87.5;87.5;85.75;86.75;4510
2013-02-21;88.0;88.0;85.25;86.0;30474
2013-02-20;86.25;89.0;86.0;89.0;35200
2013-02-19;85.5;87.5;85.5;86.25;23749
2013-02-18;87.0;87.0;84.75;85.5;23824
2013-02-15;87.5;87.5;85.25;85.25;40209
2013-02-14;87.0;88.25;86.5;86.5;25501
2013-02-13;86.25;88.0;86.25;88.0;26113
2013-02-12;86.25;87.25;86.0;87.25;22021
2013-02-11;84.0;86.5;82.75;86.5;36105
2013-02-08;81.75;84.75;81.75;84.75;24860
2013-02-07;83.5;84.0;82.75;83.25;73158
2013-02-06;82.0;83.5;82.0;83.5;17784
2013-02-05;82.0;83.25;81.5;81.5;13326
2013-02-04;83.0;83.75;81.5;81.5;11901
2013-02-01;83.0;83.0;82.0;82.75;10715
2013-01-31;82.25;83.75;82.25;83.0;7689
2013-01-30;84.5;84.5;80.0;82.5;25854
2013-01-29;85.75;85.75;83.5;83.75;7497
2013-01-28;86.0;86.25;85.0;85.25;13493
2013-01-25;87.25;87.25;84.75;85.75;15499
2013-01-24;87.25;87.25;84.75;84.75;14455
2013-01-23;86.25;87.0;85.5;86.0;19980
2013-01-22;85.0;86.75;85.0;86.75;29011
2013-01-21;84.0;84.75;83.75;84.75;20432
2013-01-18;83.5;84.5;82.75;83.25;19759
2013-01-17;82.5;83.5;82.5;83.5;254526
2013-01-16;83.75;83.75;83.25;83.25;9724
2013-01-15;84.0;84.25;83.25;83.75;27915
2013-01-14;85.75;85.75;84.0;84.0;11966
2013-01-11;85.0;85.0;84.0;85.0;48318
2013-01-10;85.5;85.5;83.75;85.0;16879
2013-01-09;84.75;85.0;83.5;85.0;13353
2013-01-08;85.25;85.5;84.25;85.25;19506
2013-01-07;86.0;86.25;84.5;85.5;15857
2013-01-04;85.0;86.0;84.5;86.0;5007
2013-01-03;84.75;86.0;84.5;86.0;21944
2013-01-02;86.5;87.0;84.75;85.75;23691
2013-01-01;;86.0;86.0;86.0;0
2012-12-31;;86.0;86.0;86.0;0
2012-12-28;85.5;86.5;85.25;86.0;30397
