Dates;Open;High;Low;Close;Volume
2017-12-27;132.0;132.75;132.0;132.5;5044
2017-12-22;131.75;132.5;131.5;132.5;2650
2017-12-21;132.5;132.5;131.5;132.0;4189
2017-12-20;131.5;132.5;131.5;132.5;28713
2017-12-19;131.25;132.25;131.25;132.25;4124
2017-12-18;131.5;132.25;131.25;131.25;9491
2017-12-15;132.5;132.75;131.0;131.0;317441
2017-12-14;132.5;134.25;132.0;132.75;5259
2017-12-13;133.75;134.25;133.0;134.25;5300
2017-12-12;133.0;134.5;132.75;134.25;5791
2017-12-11;135.5;135.5;132.5;133.25;4510
2017-12-08;131.25;136.5;131.25;135.5;3910
2017-12-07;131.75;133.0;130.25;131.25;9998
2017-12-06;137.0;137.0;133.25;133.5;57622
2017-12-05;136.0;136.75;135.5;135.5;3852
2017-12-04;135.0;137.0;135.0;135.5;4481
2017-12-01;136.0;136.25;135.5;135.5;3338
2017-11-30;136.0;137.0;135.5;136.0;14521
2017-11-29;136.0;137.0;135.5;136.25;3138
2017-11-28;135.5;136.25;135.5;135.75;6683
2017-11-27;135.5;137.25;135.5;135.5;3479
2017-11-24;136.25;136.5;135.5;135.5;2475
2017-11-23;135.75;137.75;135.5;137.5;2278
2017-11-22;137.25;138.5;135.5;136.5;16912
2017-11-21;141.0;142.5;137.0;137.25;3537
2017-11-20;137.0;140.75;135.5;140.75;8161
2017-11-17;137.5;137.5;136.5;137.0;2005
2017-11-16;137.25;137.5;135.25;137.5;3788
2017-11-15;139.0;139.25;135.0;137.25;10076
2017-11-14;139.0;139.75;139.0;139.0;5585
2017-11-13;139.0;141.5;139.0;139.0;19956
2017-11-10;139.0;140.0;139.0;140.0;6437
2017-11-09;141.0;141.0;139.0;139.0;4609
2017-11-08;138.0;142.75;138.0;141.0;10569
2017-11-07;143.0;143.5;137.0;139.5;11174
2017-11-06;145.0;149.0;143.0;143.0;5210
2017-11-03;143.5;145.0;143.0;145.0;3967
2017-11-02;148.0;148.25;142.25;144.25;11032
2017-11-01;150.5;152.0;147.5;148.25;12351
2017-10-31;141.75;150.0;140.5;150.0;30863
2017-10-30;142.25;142.25;139.0;140.75;13177
2017-10-27;144.75;144.75;140.75;142.5;14549
2017-10-26;153.5;155.5;141.25;144.0;57421
2017-10-25;153.0;153.5;151.0;153.5;14337
2017-10-24;156.0;156.0;154.0;156.0;8294
2017-10-23;160.0;160.0;156.0;156.0;7294
2017-10-20;156.0;160.0;156.0;159.5;36925
2017-10-19;154.0;154.5;152.0;154.5;18476
2017-10-18;153.5;154.5;153.0;154.0;9975
2017-10-17;153.0;153.0;151.5;151.5;1988
2017-10-13;153.0;155.0;152.5;152.5;2073
2017-10-12;154.0;155.5;152.0;152.5;16708
2017-10-11;153.5;154.0;151.0;151.0;10686
2017-10-10;150.5;154.5;150.5;153.5;19686
2017-10-09;151.5;152.0;149.5;150.0;8333
2017-10-06;152.5;153.5;151.5;153.0;25488
2017-10-05;146.75;152.5;146.75;151.5;26512
2017-10-04;144.0;146.25;144.0;146.0;6623
2017-10-03;146.0;147.0;145.5;145.5;9556
2017-10-02;145.0;146.0;144.0;146.0;20306
2017-09-29;146.25;146.25;143.0;145.0;6060
2017-09-28;146.25;148.75;144.0;146.25;10741
2017-09-27;142.0;145.75;142.0;145.75;10326
2017-09-26;138.5;142.0;138.5;142.0;10489
2017-09-25;139.5;140.75;138.75;140.5;6562
2017-09-22;134.25;138.5;134.25;138.25;7488
2017-09-21;135.0;136.0;134.75;136.0;14052
2017-09-20;137.0;137.5;135.75;136.5;4278
2017-09-19;138.0;138.0;135.25;136.75;16486
2017-09-18;138.0;138.0;135.25;137.25;7344
2017-09-15;138.0;138.25;136.5;138.0;6216
2017-09-14;139.25;140.25;136.0;137.75;16006
2017-09-13;136.0;136.0;132.5;134.25;3143
2017-09-12;136.0;136.0;133.0;134.5;6286
2017-09-11;131.0;135.0;131.0;134.25;6194
2017-09-08;132.25;132.25;131.25;131.75;12418
2017-09-07;134.0;135.25;132.0;132.25;11016
2017-09-06;132.0;132.5;132.0;132.5;5906
2017-09-04;133.5;133.5;132.0;132.25;3034
2017-09-01;132.5;134.0;130.75;132.0;3026
2017-08-31;129.5;130.5;128.5;130.5;6169
2017-08-30;126.0;128.0;126.0;127.5;7415
2017-08-29;126.0;127.75;125.0;126.5;6967
2017-08-28;131.5;131.5;123.25;129.25;7949
2017-08-25;133.75;133.75;131.5;132.25;5363
2017-08-24;137.5;137.5;132.0;133.0;6640
2017-08-23;138.0;138.25;136.5;136.75;15529
2017-08-22;134.0;142.75;133.5;137.0;30824
2017-08-21;133.0;134.5;133.0;134.25;5274
2017-08-18;133.5;134.0;133.0;133.5;5140
2017-08-17;134.5;134.5;130.5;133.5;7921
2017-08-16;133.25;135.0;133.25;134.5;764
2017-08-15;137.5;137.5;133.5;135.5;13196
2017-08-14;138.75;138.75;136.25;136.75;2992
2017-08-11;138.0;138.0;136.0;137.0;5049
2017-08-10;139.0;139.0;137.75;138.75;2149
2017-08-09;139.25;140.0;138.0;139.0;3657
2017-08-08;138.0;139.75;138.0;139.75;1890
2017-08-07;136.5;139.75;136.5;138.5;3726
2017-08-04;136.0;136.75;136.0;136.75;1542
2017-08-03;136.25;136.5;136.0;136.0;1679
2017-08-02;136.75;137.0;136.0;136.25;1785
2017-08-01;136.0;137.5;135.75;137.0;2395
2017-07-31;135.5;136.0;135.5;136.0;8526
2017-07-28;135.5;136.0;133.25;135.0;14414
2017-07-27;135.5;136.5;135.5;135.5;3387
2017-07-26;134.0;137.0;134.0;135.5;4967
2017-07-25;132.25;134.5;132.0;134.0;2926
2017-07-24;132.5;133.75;131.0;133.25;8677
2017-07-21;138.5;138.75;132.75;133.75;12606
2017-07-20;138.5;140.0;138.5;139.0;4416
2017-07-19;140.0;140.0;137.0;137.5;23599
2017-07-18;140.0;140.0;138.5;138.5;8219
2017-07-17;140.0;141.0;139.0;140.5;3586
2017-07-14;139.0;140.5;138.75;140.25;1930
2017-07-13;139.0;141.0;138.5;139.0;3101
2017-07-12;140.0;142.5;138.5;139.75;3111
2017-07-11;138.75;140.25;138.5;139.0;4112
2017-07-10;141.0;141.25;138.5;138.75;2024
2017-07-07;138.5;141.0;138.5;141.0;4349
2017-07-06;138.5;141.25;138.5;140.0;2624
2017-07-05;140.0;141.75;138.0;138.5;6110
2017-07-04;140.75;143.25;131.0;140.0;12361
2017-07-03;145.5;146.0;141.0;144.5;4619
2017-06-30;142.25;145.5;141.75;145.5;5575
2017-06-29;146.5;147.75;142.5;143.0;10609
2017-06-28;143.75;146.75;143.0;146.25;14615
2017-06-27;143.0;143.75;141.25;143.0;303588
2017-06-26;141.0;143.75;141.0;143.0;14111
2017-06-23;;141.0;141.0;141.0;0
2017-06-22;141.0;142.5;140.75;141.0;6046
2017-06-21;140.0;142.5;140.0;142.5;10745
2017-06-20;139.75;142.25;137.0;142.0;13761
2017-06-19;140.25;141.25;136.75;139.0;11049
2017-06-16;140.75;141.0;139.5;140.0;6478
2017-06-15;141.5;142.5;140.75;141.5;8547
2017-06-14;142.5;143.5;141.25;141.5;4304
2017-06-13;142.25;143.75;142.25;142.75;11038
2017-06-12;143.5;143.5;141.25;142.25;4263
2017-06-09;142.25;145.0;142.0;144.0;23779
2017-06-08;142.0;142.5;140.0;142.25;18067
2017-06-07;144.75;144.75;139.0;142.0;10751
2017-06-06;;142.75;142.75;142.75;0
2017-06-05;143.0;144.25;141.5;142.75;11947
2017-06-02;143.25;144.0;141.5;143.0;10065
2017-06-01;140.0;143.25;140.0;143.25;11248
2017-05-31;142.0;143.0;139.5;140.0;14291
2017-05-30;137.25;141.25;136.5;141.0;36212
2017-05-29;138.25;138.75;136.5;137.25;29375
2017-05-26;134.0;134.0;132.5;132.5;2325
2017-05-24;131.5;134.0;131.5;134.0;3418
2017-05-23;133.25;134.25;132.0;132.25;3464
2017-05-22;134.25;135.25;133.25;133.25;1989
2017-05-19;130.25;132.75;129.25;132.25;5808
2017-05-18;132.5;133.25;128.75;130.25;16403
2017-05-17;133.0;136.0;133.0;133.0;19512
2017-05-16;135.0;136.0;133.25;133.25;4959
2017-05-15;132.5;134.0;132.5;133.75;262456
2017-05-12;133.75;133.75;133.75;133.75;6012
2017-05-11;134.0;134.0;131.5;133.75;17087
2017-05-10;134.75;135.0;131.5;133.0;11429
2017-05-09;136.25;136.75;131.25;134.0;16328
2017-05-08;136.0;137.75;133.5;134.75;10925
2017-05-05;135.0;136.0;133.0;136.0;11602
2017-05-04;133.5;136.5;133.0;134.75;15386
2017-05-03;135.25;136.5;131.5;132.25;12226
2017-05-02;130.5;135.5;129.0;134.25;44032
2017-05-01;;130.5;130.5;130.5;0
2017-04-28;131.75;132.5;130.25;130.5;37696
2017-04-27;122.75;134.75;119.5;134.75;122325
2017-04-26;121.75;122.5;120.75;121.5;8405
2017-04-25;117.0;123.0;117.0;121.5;42847
2017-04-24;114.0;116.5;114.0;115.5;25514
2017-04-21;113.5;114.0;112.5;113.0;7218
2017-04-20;111.5;113.75;111.5;113.5;12446
2017-04-19;109.5;111.5;109.25;110.5;8666
2017-04-18;109.75;110.25;108.0;109.25;7150
2017-04-13;110.5;111.0;110.0;110.25;3520
2017-04-12;109.25;112.0;109.25;110.75;13639
2017-04-11;111.25;112.25;109.0;109.0;5448
2017-04-10;109.5;112.0;109.0;111.0;7950
2017-04-07;111.25;111.25;109.5;109.5;5878
2017-04-06;108.5;111.0;108.0;111.0;10200
2017-04-05;109.25;110.75;108.75;110.0;6350
2017-04-04;110.75;111.5;110.0;110.75;14223
2017-04-03;112.75;112.75;110.5;110.75;5368
2017-03-31;110.5;113.0;110.5;112.75;5634
2017-03-30;110.5;111.5;110.5;111.0;8110
2017-03-29;108.25;111.0;108.25;111.0;3318
2017-03-28;109.25;109.75;108.5;109.5;11955
2017-03-27;110.25;110.25;108.0;109.5;11268
2017-03-24;112.5;113.0;111.25;112.0;17259
2017-03-23;112.25;113.5;111.5;112.5;8159
2017-03-22;113.5;113.75;110.75;111.25;10265
2017-03-21;114.75;114.75;113.0;113.5;15527
2017-03-20;114.0;115.0;113.75;115.0;11702
2017-03-17;112.75;115.75;112.75;114.25;13341
2017-03-16;113.0;114.75;112.5;112.75;10993
2017-03-15;113.75;114.5;113.0;113.5;4301
2017-03-14;113.75;114.0;113.0;114.0;9932
2017-03-13;113.75;115.25;113.0;113.75;14055
2017-03-10;112.0;113.75;113.75;113.75;21269
2017-03-09;111.25;113.0;111.25;112.0;9103
2017-03-08;110.0;111.25;110.0;110.75;10645
2017-03-07;110.0;112.5;109.25;111.5;23913
2017-03-06;112.75;113.25;110.0;111.5;27781
2017-03-03;113.75;113.5;113.5;113.5;28368
2017-03-02;114.75;114.75;112.0;114.25;35622
2017-03-01;117.25;119.0;114.0;115.0;60578
2017-02-28;120.0;123.5;113.0;117.25;309361
2017-02-27;117.25;119.75;117.25;119.5;30871
2017-02-24;119.5;120.5;115.25;117.25;30425
2017-02-23;120.75;121.5;119.5;120.75;14453
2017-02-22;121.25;123.5;120.75;121.25;14017
2017-02-21;124.25;124.25;120.5;121.25;21654
2017-02-20;122.5;125.0;122.25;124.5;15573
2017-02-17;120.25;123.5;120.0;122.5;18479
2017-02-16;120.0;123.0;120.0;120.25;17143
2017-02-15;120.5;122.25;120.25;121.25;21060
2017-02-14;122.0;122.0;120.25;120.5;21288
2017-02-13;123.0;123.0;120.25;122.5;35402
2017-02-10;123.5;124.25;123.5;123.5;7195
2017-02-09;124.75;125.0;122.5;123.25;10388
2017-02-08;123.0;125.0;122.0;124.75;26055
2017-02-07;120.75;121.25;119.25;121.25;27720
2017-02-06;118.0;121.5;118.0;119.0;19824
2017-02-03;116.0;118.75;116.0;117.75;25591
2017-02-02;116.0;116.0;113.25;114.5;23260
2017-02-01;112.75;116.25;112.0;114.5;32403
2017-01-31;113.0;113.5;111.0;111.25;14945
2017-01-30;111.75;114.75;111.25;111.25;23362
2017-01-27;111.5;112.75;111.0;111.75;15843
2017-01-26;115.25;116.25;111.0;111.5;41040
2017-01-25;117.75;118.0;115.0;115.25;27173
2017-01-24;115.0;117.75;114.5;116.0;32938
2017-01-23;113.0;116.5;112.0;114.25;51357
2017-01-20;117.0;117.25;110.5;111.75;233065
2017-01-19;116.0;117.5;115.0;115.5;10771
2017-01-18;115.0;119.0;114.75;115.0;13063
2017-01-17;110.0;120.0;110.0;115.0;22101
2017-01-16;168.0;169.5;164.0;166.0;18300
2017-01-13;84.0;85.0;82.5;84.0;18482
2017-01-12;85.0;85.0;82.5;83.0;9206
2017-01-11;83.0;85.5;80.0;84.0;25726
2017-01-10;83.25;84.0;83.0;83.0;4990
2017-01-09;82.75;84.0;80.5;83.0;15886
2017-01-06;;84.0;84.0;84.0;0
2017-01-05;84.0;84.25;82.5;84.0;3690
2017-01-04;80.5;86.0;80.5;84.25;35956
2017-01-03;80.5;80.5;80.0;80.5;3976
2017-01-02;80.25;80.25;79.5;79.75;8924
2016-12-30;79.5;81.0;79.5;80.25;6426
2016-12-29;80.0;80.0;79.0;79.0;4806
2016-12-28;79.75;80.5;79.25;80.0;9436
2016-12-27;79.0;79.75;78.5;79.0;5538
2016-12-23;79.5;79.5;78.75;79.0;5694
2016-12-22;79.25;79.5;79.0;79.25;4314
2016-12-21;78.0;79.75;78.0;79.5;25758
2016-12-20;78.75;78.75;78.0;78.75;10098
2016-12-19;78.0;79.25;78.0;79.0;9422
2016-12-16;78.5;79.0;78.0;78.75;15650
2016-12-15;78.75;78.75;77.25;78.25;1492582
2016-12-14;79.0;79.0;78.0;79.0;14286
2016-12-13;78.75;79.0;78.25;78.75;1518
2016-12-12;79.0;79.0;78.0;78.25;15160
2016-12-09;78.5;79.25;78.0;79.0;7274
2016-12-08;79.5;79.5;78.5;79.25;6034
2016-12-07;79.5;79.5;78.5;79.25;9906
2016-12-06;79.25;79.5;78.5;79.5;10490
2016-12-05;78.75;79.25;78.0;78.5;14046
2016-12-02;78.0;79.25;78.0;78.0;12590
2016-12-01;79.0;79.25;78.0;78.25;19038
2016-11-30;78.75;79.0;78.0;78.5;6782
2016-11-29;78.75;78.75;78.0;78.25;7274
2016-11-28;78.5;78.75;78.0;78.75;4636
2016-11-25;79.0;79.0;77.75;78.0;8532
2016-11-24;78.5;79.0;78.0;78.75;8294
2016-11-23;77.75;78.75;76.5;77.5;25596
2016-11-22;79.0;79.0;76.5;77.75;31258
2016-11-21;78.25;78.5;77.5;77.75;16514
2016-11-18;78.25;78.75;76.5;77.5;30636
2016-11-17;78.75;78.75;77.5;77.75;11970
2016-11-16;80.0;80.0;77.25;78.75;20838
2016-11-15;77.5;79.5;77.5;78.0;36810
2016-11-14;78.0;81.5;78.0;79.75;45650
2016-11-11;75.0;80.0;75.0;77.25;3133816
2016-11-10;71.0;73.5;71.0;72.25;9354
2016-11-09;68.875;71.625;65.5;71.0;27816
2016-11-08;73.625;73.625;72.25;72.625;4154
2016-11-07;75.0;75.0;72.625;72.625;9748
2016-11-04;75.0;75.0;72.75;72.75;10190
2016-11-03;72.5;75.0;72.5;74.0;12824
2016-11-02;74.625;75.0;71.875;73.125;17172
2016-11-01;76.5;77.0;75.0;76.0;12138
2016-10-31;77.0;77.5;75.25;75.75;7802
2016-10-28;76.75;76.75;75.25;75.75;10482
2016-10-27;75.0;76.25;74.625;76.25;10606
2016-10-26;74.375;74.75;74.0;74.625;10440
2016-10-25;77.0;77.0;74.125;74.375;9642
2016-10-24;77.5;78.5;75.75;75.75;11388
2016-10-21;78.0;79.5;77.5;77.5;19500
2016-10-20;76.0;79.0;75.5;78.75;94438
2016-10-19;76.75;76.75;75.0;75.5;12832
2016-10-18;76.5;77.0;76.0;76.5;6970
2016-10-17;76.0;76.5;75.25;76.25;9544
2016-10-14;75.75;75.75;75.0;75.0;5104
2016-10-13;76.5;76.75;73.625;73.625;8530
2016-10-12;76.5;76.5;74.75;75.0;6046
2016-10-11;77.0;77.0;76.0;76.5;6298
2016-10-10;77.25;77.75;75.5;76.25;22796
2016-10-07;76.25;77.5;74.75;75.5;28978
2016-10-06;77.0;77.5;75.75;75.75;24628
2016-10-05;74.5;77.0;74.5;75.75;71290
2016-10-04;70.75;74.0;70.25;73.625;39506
2016-10-03;69.5;72.25;69.5;70.25;36910
2016-09-30;68.5;69.125;67.75;68.875;25348
2016-09-29;68.125;69.375;68.125;68.5;8830
2016-09-28;70.0;70.0;67.625;68.0;14560
2016-09-27;70.5;70.5;68.75;69.0;17700
2016-09-26;71.0;71.375;69.5;70.0;10732
2016-09-23;71.5;71.5;70.5;70.5;2354
2016-09-22;70.875;71.0;69.75;70.5;9090
2016-09-21;71.125;72.125;70.25;70.5;11368
2016-09-20;72.875;72.875;70.5;72.125;12968
2016-09-19;69.875;71.5;69.875;70.375;6358
2016-09-16;70.5;71.25;69.875;69.875;10126
2016-09-15;71.625;71.875;70.0;70.0;10400
2016-09-14;73.0;73.0;71.25;71.5;5148
2016-09-13;70.75;73.125;70.75;72.5;16942
2016-09-12;71.0;71.0;69.5;70.75;10728
2016-09-09;73.0;73.125;71.375;71.375;9036
2016-09-08;72.5;73.0;72.25;73.0;10388
2016-09-07;73.0;73.0;71.75;72.25;11690
2016-09-06;72.25;73.0;71.75;72.375;24730
2016-09-05;69.875;73.0;69.5;70.375;57378
2016-09-02;66.625;66.625;65.375;65.875;4744
2016-09-01;69.375;69.375;66.5;66.625;8184
2016-08-31;69.0;69.75;67.875;69.0;3760
2016-08-30;68.0;69.125;68.0;69.125;8158
2016-08-29;67.0;69.0;66.75;68.25;10236
2016-08-26;66.0;69.0;66.0;68.5;14048
2016-08-25;65.5;67.75;65.5;66.875;31150
2016-08-24;60.625;67.375;60.625;66.5;39684
2016-08-23;60.0;60.75;59.625;59.625;4992
2016-08-22;59.5;60.0;57.125;60.0;4514
2016-08-19;60.25;60.5;59.25;59.25;7350
2016-08-18;58.375;60.875;58.375;59.75;29268
2016-08-17;60.125;60.125;57.5;58.25;7388
2016-08-16;59.875;60.25;59.875;60.0;6040
2016-08-15;59.125;60.0;58.375;60.0;8778
2016-08-12;57.875;58.375;57.75;58.25;2672
2016-08-11;57.375;58.0;57.125;57.875;3814
2016-08-10;59.0;59.0;58.0;58.0;3472
2016-08-09;57.5;58.875;57.0;58.0;11968
2016-08-08;56.875;58.5;56.5;57.5;2930
2016-08-05;54.75;56.125;54.75;56.0;4218
2016-08-04;55.625;55.625;54.25;55.0;4446
2016-08-03;53.875;56.375;53.875;55.375;5498
2016-08-02;56.5;56.5;54.125;54.5;10254
2016-08-01;57.25;57.25;56.0;56.5;13036
2016-07-29;55.0;57.0;55.0;56.875;3468
2016-07-28;57.25;57.25;55.0;55.0;2688
2016-07-27;57.125;57.375;56.5;56.5;1760
2016-07-26;57.125;57.125;56.375;57.0;8460
2016-07-25;56.5;57.125;56.0;57.125;2938
2016-07-22;56.125;56.5;56.125;56.5;3102
2016-07-21;56.375;56.75;56.0;56.5;3176
2016-07-20;55.875;56.25;55.875;56.25;4232
2016-07-19;55.875;55.875;55.5;55.875;1230
2016-07-18;55.375;55.875;55.375;55.875;386
2016-07-15;55.875;55.875;54.875;55.5;4194
2016-07-14;54.75;55.875;54.75;55.875;3220
2016-07-13;54.875;55.0;53.875;54.5;5922
2016-07-12;54.5;55.125;54.375;55.0;8970
2016-07-11;54.5;54.75;54.375;54.375;904
2016-07-08;54.0;54.625;53.875;53.875;1806
2016-07-07;55.5;55.5;54.0;54.0;1264
2016-07-06;54.125;54.5;53.625;54.5;3930
2016-07-05;55.875;55.875;54.0;55.625;3576
2016-07-04;54.75;55.75;54.75;55.75;3918
2016-07-01;54.0;55.875;54.0;54.625;3422
2016-06-30;54.5;55.25;54.0;54.0;12376
2016-06-29;55.5;55.5;54.125;54.875;3442
2016-06-28;53.25;55.875;53.125;55.25;9746
2016-06-27;51.5;54.0;51.5;53.25;6544
2016-06-24;;54.375;54.375;54.375;0
2016-06-23;55.375;55.375;54.375;54.375;5184
2016-06-22;55.0;55.0;54.125;54.375;22438
2016-06-21;53.375;53.375;52.5;53.125;9816
2016-06-20;52.5;53.75;52.5;53.125;3532
2016-06-17;52.5;53.75;52.5;53.75;5516
2016-06-16;51.625;53.375;51.625;52.125;1242
2016-06-15;52.5;53.25;52.5;53.25;2964
2016-06-14;53.0;53.0;51.25;52.875;966
2016-06-13;53.5;53.875;53.0;53.125;1416
2016-06-10;53.75;54.125;53.5;53.5;6916
2016-06-09;54.625;54.625;53.5;53.75;3734
2016-06-08;53.625;54.25;53.625;54.25;4118
2016-06-07;54.375;54.5;53.75;54.25;1742
2016-06-06;;54.5;54.5;54.5;0
2016-06-03;54.25;54.5;54.25;54.5;11530
2016-06-02;54.5;54.75;54.0;54.25;3842
2016-06-01;54.375;54.5;53.75;54.5;2386
2016-05-31;54.0;54.625;54.0;54.5;11150
2016-05-30;54.5;54.875;53.625;54.875;4012
2016-05-27;54.625;55.0;53.875;55.0;6298
2016-05-26;54.625;55.0;54.5;54.5;1708
2016-05-25;54.125;54.875;54.125;54.375;1352
2016-05-24;55.0;55.0;54.125;54.125;2982
2016-05-23;54.375;55.0;54.375;55.0;1400
2016-05-20;54.375;55.0;54.375;54.375;4760
2016-05-19;54.125;55.75;54.125;55.75;1082
2016-05-18;54.875;55.5;54.25;54.25;9410
2016-05-17;55.875;55.875;54.5;54.5;1052
2016-05-16;54.0;55.75;54.0;55.75;11332
2016-05-13;54.625;55.0;54.625;54.875;150
2016-05-12;54.875;55.875;54.5;55.0;2190
2016-05-11;56.0;56.0;55.0;55.0;294
2016-05-10;56.0;57.0;56.0;56.0;3466
2016-05-09;56.625;56.625;55.875;56.0;7818
2016-05-06;55.0;55.875;55.0;55.5;1250
2016-05-05;54.0;55.5;53.875;55.5;1290
2016-05-04;54.0;55.5;53.875;55.5;1290
2016-05-03;54.125;55.5;54.125;54.75;924
2016-05-02;56.5;56.5;53.5;54.75;4704
2016-04-29;56.0;56.5;56.0;56.0;4602
2016-04-28;57.0;57.0;55.875;55.875;7272
2016-04-27;57.75;57.875;57.0;57.5;3368
2016-04-26;59.0;60.5;57.5;57.75;7370
2016-04-25;58.5;59.0;58.5;59.0;154
2016-04-22;59.0;59.0;57.625;58.5;2768
2016-04-21;58.375;59.5;56.5;57.75;16316
2016-04-20;58.5;58.75;57.75;58.75;1546
2016-04-19;57.625;58.875;57.625;58.375;230
2016-04-18;58.375;58.375;57.375;58.375;1096
2016-04-15;;57.625;57.625;57.625;0
2016-04-14;57.25;58.375;56.875;57.625;7894
2016-04-13;58.0;58.25;56.875;56.875;3454
2016-04-12;57.5;58.5;56.875;57.5;1674
2016-04-11;57.25;58.5;57.25;57.625;1330
2016-04-08;58.0;58.5;57.5;58.0;1122
2016-04-07;58.25;58.25;57.5;57.5;1390
2016-04-06;57.0;58.625;57.0;58.5;1350
2016-04-05;57.625;58.5;56.75;56.875;12044
2016-04-04;57.375;57.625;57.375;57.625;2880
2016-04-01;56.5;57.625;56.5;57.375;4476
2016-03-31;57.25;57.25;56.75;57.25;2354
2016-03-30;57.5;58.75;57.0;57.375;3604
2016-03-29;57.75;58.5;56.75;58.5;3328
2016-03-28;57.5;58.75;57.875;57.875;1792
2016-03-25;57.5;58.75;57.125;57.875;1792
2016-03-24;57.5;58.75;57.125;57.875;1792
2016-03-23;59.0;59.375;57.25;57.25;3122
2016-03-22;57.375;59.0;57.375;58.75;3156
2016-03-21;56.25;57.5;56.25;57.5;862
2016-03-18;55.875;55.875;55.875;55.875;286
2016-03-17;55.125;55.875;55.125;55.25;3672
2016-03-16;55.5;56.375;55.25;55.25;2810
2016-03-15;55.375;56.0;55.375;55.5;338
2016-03-14;55.75;56.0;55.75;55.75;2374
2016-03-11;55.0;55.5;55.0;55.25;3560
2016-03-10;56.0;56.0;55.0;55.75;1904
2016-03-09;55.0;56.0;54.875;56.0;4414
2016-03-08;55.375;55.5;54.875;55.125;3344
2016-03-07;55.0;56.25;54.875;55.875;1554
2016-03-04;55.0;56.0;54.625;55.0;7030
2016-03-03;54.5;55.0;54.25;54.5;5106
2016-03-02;54.5;55.0;53.625;54.5;6350
2016-03-01;54.375;54.875;54.25;54.25;2202
2016-02-29;54.0;54.0;52.625;53.75;5570
2016-02-26;55.0;55.0;54.0;54.5;6154
2016-02-25;54.5;54.5;53.875;53.875;5198
2016-02-24;52.75;54.375;52.625;54.375;9636
2016-02-23;54.75;54.75;53.375;53.75;6318
2016-02-22;54.0;55.0;53.5;53.75;5228
2016-02-19;52.875;54.0;51.125;54.0;12574
2016-02-18;54.0;54.0;53.25;53.5;4568
2016-02-17;55.25;55.5;51.25;53.5;26208
2016-02-16;54.5;55.5;54.125;55.25;4476
2016-02-15;51.0;54.5;51.0;54.5;1978
2016-02-12;51.875;53.125;51.375;52.875;1964
2016-02-11;52.375;52.5;51.875;52.125;2406
2016-02-10;52.0;53.0;52.0;52.5;6434
2016-02-09;53.25;53.25;51.5;52.5;15626
2016-02-08;53.75;53.875;53.125;53.125;934
2016-02-05;53.875;54.0;52.875;54.0;526
2016-02-04;53.875;54.375;53.0;54.125;13102
2016-02-03;54.5;55.625;53.875;53.875;13900
2016-02-02;55.875;55.875;54.125;54.125;11264
2016-02-01;54.625;55.5;54.625;54.625;7320
2016-01-29;56.25;56.25;54.75;54.75;416
2016-01-28;55.5;56.375;55.25;56.25;3698
2016-01-27;55.5;56.375;55.0;56.375;1074
2016-01-26;54.5;55.25;54.5;55.125;5426
2016-01-25;55.375;55.625;54.5;54.5;582
2016-01-22;53.25;55.5;53.25;55.5;13134
2016-01-21;53.0;53.5;52.125;53.0;14800
2016-01-20;54.0;54.5;52.5;53.375;12214
2016-01-19;54.25;56.0;54.25;54.5;2262
2016-01-18;54.5;55.5;54.0;55.5;4688
2016-01-15;55.5;56.5;53.75;54.375;7996
2016-01-14;55.0;56.25;55.0;55.5;6660
2016-01-13;56.125;56.625;55.5;55.625;5774
2016-01-12;56.625;57.125;56.125;56.25;6388
2016-01-11;56.0;57.25;56.0;56.125;8168
2016-01-08;57.0;58.0;56.125;57.5;5812
2016-01-07;56.25;57.375;56.25;56.75;9258
2016-01-06;;59.0;59.0;59.0;0
2016-01-05;59.125;60.125;58.5;59.0;2978
2016-01-04;59.0;60.375;58.5;59.125;5392
2016-01-01;;60.5;60.5;60.5;0
2015-12-31;;60.5;60.5;60.5;0
2015-12-30;60.25;61.125;60.25;60.5;3450
2015-12-29;60.625;61.125;60.25;60.75;6274
2015-12-28;62.25;62.25;60.75;61.125;11512
2015-12-25;60.75;62.125;60.625;61.0;6142
2015-12-24;60.75;62.125;60.625;61.0;6142
2015-12-23;60.75;62.125;60.625;61.0;6142
2015-12-22;61.125;61.75;61.0;61.125;1394
2015-12-21;61.5;62.375;61.5;61.5;1824
2015-12-18;61.625;62.125;61.625;61.625;200
2015-12-17;;61.625;61.625;61.625;0
2015-12-16;61.5;63.625;61.0;61.625;4402
2015-12-15;61.125;62.5;61.125;61.5;3368
2015-12-14;62.0;63.0;61.125;61.125;3684
2015-12-11;64.75;64.75;62.0;62.25;4366
2015-12-10;62.5;64.75;62.5;64.75;6228
2015-12-09;64.75;65.5;63.375;63.625;5126
2015-12-08;62.625;64.75;62.625;64.75;14464
2015-12-07;62.375;65.0;61.5;62.5;6372
2015-12-04;62.5;63.625;61.375;61.375;1344
2015-12-03;63.25;64.125;60.75;62.375;63814
2015-12-02;63.0;65.0;63.0;63.0;10892
2015-12-01;64.0;64.0;62.5;62.5;7178
2015-11-30;60.125;62.75;60.125;61.25;18846
2015-11-27;59.5;61.125;59.5;59.75;4286
2015-11-26;61.0;61.125;59.625;59.875;1552
2015-11-25;61.0;61.25;60.75;60.75;856
2015-11-24;61.5;61.625;59.125;61.0;8462
2015-11-23;61.625;61.625;61.125;61.625;1566
2015-11-20;62.5;62.5;61.125;61.125;3248
2015-11-19;62.75;63.25;62.75;62.875;4538
2015-11-18;60.0;63.5;60.0;62.75;15326
2015-11-17;59.375;60.0;59.375;59.375;1020
2015-11-16;59.0;59.5;58.625;58.625;8270
2015-11-13;59.625;59.875;59.0;59.25;1094
2015-11-12;59.125;60.125;59.125;59.625;3232
2015-11-11;59.625;59.625;59.0;59.0;2596
2015-11-10;59.5;59.75;59.5;59.75;642
2015-11-09;59.625;60.875;59.625;59.875;7184
2015-11-06;59.125;59.625;59.0;59.625;3504
2015-11-05;60.375;60.5;59.125;59.125;7904
2015-11-04;60.5;61.375;60.375;60.375;5012
2015-11-03;60.0;61.75;60.0;60.75;3716
2015-11-02;60.75;60.75;59.875;60.0;4386
2015-10-30;60.5;60.5;59.875;59.875;1546
2015-10-29;60.5;61.0;60.0;60.5;5152
2015-10-28;59.5;60.375;59.5;59.625;2314
2015-10-27;60.0;60.0;59.25;59.25;1218
2015-10-26;58.5;59.625;57.5;59.25;12418
2015-10-23;58.875;58.875;56.75;58.0;10194
2015-10-22;60.875;61.375;59.625;59.625;5466
2015-10-21;58.125;60.875;57.5;60.875;30522
2015-10-20;57.0;58.125;57.0;58.125;5612
2015-10-19;57.5;57.625;57.125;57.5;366
2015-10-16;57.75;58.125;57.5;57.5;738
2015-10-15;57.875;58.0;57.125;58.0;1658
2015-10-14;57.875;57.875;57.375;57.75;2672
2015-10-13;56.625;57.375;56.625;56.625;1962
2015-10-12;56.75;57.5;56.75;56.75;3798
2015-10-09;56.375;57.5;56.375;56.75;3068
2015-10-08;56.375;57.0;56.125;56.375;5676
2015-10-07;55.625;57.375;55.375;56.25;14078
2015-10-06;56.0;56.125;55.5;55.5;6788
2015-10-05;55.75;57.375;55.75;56.0;8014
2015-10-02;57.75;57.875;56.0;56.25;2260
2015-10-01;58.75;59.75;56.5;57.875;16032
2015-09-30;53.375;56.125;53.375;56.0;7686
2015-09-29;54.25;54.25;53.125;54.0;12212
2015-09-28;54.0;55.625;53.5;53.5;9784
2015-09-25;55.875;55.875;54.25;54.25;1828
2015-09-24;54.125;54.625;53.375;53.625;8950
2015-09-23;54.0;54.5;53.5;54.125;12004
2015-09-22;55.125;55.125;54.0;54.0;5760
2015-09-21;57.5;57.5;55.125;55.125;6540
2015-09-18;57.375;57.5;55.5;57.375;2914
2015-09-17;57.0;57.5;57.0;57.375;8998
2015-09-16;58.0;58.0;56.0;56.5;17992
2015-09-15;57.75;58.0;57.0;57.625;15844
2015-09-14;57.75;58.5;57.5;57.75;13366
2015-09-11;58.125;58.625;57.75;57.75;8408
2015-09-10;58.5;60.625;57.75;57.75;11484
2015-09-09;59.0;60.0;58.375;58.5;7272
2015-09-08;58.75;60.75;58.75;58.875;7404
2015-09-07;59.5;59.5;58.75;58.75;578
2015-09-04;57.875;59.25;57.375;57.375;2272
2015-09-03;58.25;59.75;57.875;57.875;1072358
2015-09-02;56.5;59.5;56.5;58.75;4366
2015-09-01;58.25;58.25;57.0;58.0;12114
2015-08-31;59.5;59.5;58.125;59.375;2884
2015-08-28;60.625;60.875;58.5;60.25;5800
2015-08-27;60.5;61.25;60.0;60.25;3070
2015-08-26;58.25;60.0;58.25;59.25;4730
2015-08-25;57.5;59.5;57.5;58.25;9078
2015-08-24;59.0;59.0;56.125;57.875;18358
2015-08-21;63.25;63.25;61.375;61.375;9056
2015-08-20;64.625;67.5;62.125;63.5;8888
2015-08-19;65.25;66.25;63.5;64.75;3976
2015-08-18;65.125;66.0;65.125;65.25;1980
2015-08-17;64.5;66.375;63.75;65.0;9208
2015-08-14;65.875;66.375;63.25;64.5;7564
2015-08-13;66.5;66.625;65.25;66.5;3858
2015-08-12;64.625;66.75;63.25;66.375;8748
2015-08-11;66.75;66.75;65.25;66.5;2972
2015-08-10;65.875;66.5;65.5;66.25;9340
2015-08-07;68.0;68.0;66.0;67.0;3234
2015-08-06;67.125;68.25;67.125;68.0;2764
2015-08-05;67.25;67.875;67.25;67.875;7272
2015-08-04;66.5;66.75;66.0;66.0;2820
2015-08-03;66.0;66.75;65.25;66.75;3930
2015-07-31;67.5;68.0;67.375;67.375;3372
2015-07-30;66.5;67.5;64.875;67.5;5516
2015-07-29;67.5;67.5;67.0;67.0;808
2015-07-28;67.75;67.75;66.0;66.5;638
2015-07-27;66.5;67.5;65.125;67.5;5174
2015-07-24;68.375;68.375;66.375;66.5;2166
2015-07-23;67.5;68.375;67.5;67.5;4624
2015-07-22;67.25;67.25;67.0;67.125;2832
2015-07-21;67.5;68.375;66.75;66.75;6370
2015-07-20;67.0;67.625;66.625;66.625;4168
2015-07-17;67.0;67.5;65.625;66.5;3366
2015-07-16;66.5;67.5;66.0;66.75;4190
2015-07-15;68.0;68.0;65.5;66.25;4194
2015-07-14;68.125;68.125;66.75;67.5;4252
2015-07-13;66.75;66.75;65.75;66.375;2408
2015-07-10;66.5;66.75;66.0;66.75;5402
2015-07-09;63.875;66.5;63.875;66.5;4860
2015-07-08;64.0;64.125;63.625;64.125;1126
2015-07-07;65.25;65.75;64.5;64.5;7002
2015-07-06;64.875;65.0;64.875;65.0;262
2015-07-03;65.0;65.75;65.0;65.75;816
2015-07-02;65.0;65.25;64.5;65.25;4780
2015-07-01;62.875;65.0;62.5;65.0;6574
2015-06-30;63.5;63.5;62.5;62.75;3130
2015-06-29;63.25;64.5;62.125;64.5;3544
2015-06-26;64.0;65.75;62.875;64.75;4566
2015-06-25;64.75;64.75;64.25;64.25;1732
2015-06-24;64.75;64.75;64.5;64.625;2378
2015-06-23;63.5;63.875;62.375;63.625;9588
2015-06-22;61.125;62.75;61.125;62.25;26060
2015-06-19;;60.875;60.875;60.875;0
2015-06-18;61.5;61.5;60.375;60.875;5354
2015-06-17;61.875;62.0;61.0;62.0;9900
2015-06-16;61.75;62.5;61.0;62.5;10560
2015-06-15;63.375;63.375;61.75;62.875;11206
2015-06-12;63.5;63.5;63.0;63.5;11080
2015-06-11;63.5;64.0;62.5;62.5;25354
2015-06-10;64.5;64.5;63.0;63.5;12818
2015-06-09;64.375;64.375;63.0;63.5;16360
2015-06-08;64.0;64.5;63.25;63.5;42622
2015-06-05;63.875;64.0;63.0;63.5;14240
2015-06-04;65.0;65.0;63.5;64.0;6822
2015-06-03;65.0;66.0;65.0;65.0;7026
2015-06-02;66.0;66.25;65.5;66.0;6120
2015-06-01;67.5;67.5;66.25;66.25;7882
2015-05-29;66.75;67.0;66.0;66.5;6274
2015-05-28;66.5;67.875;66.5;67.25;4284
2015-05-27;67.25;67.75;66.5;66.625;6290
2015-05-26;67.375;68.125;67.25;67.25;4328
2015-05-25;67.75;67.875;67.5;67.75;1694
2015-05-22;69.125;69.125;67.375;68.0;4686
2015-05-21;68.125;68.875;68.125;68.125;8020
2015-05-20;68.5;68.5;67.75;68.25;9226
2015-05-19;66.5;68.5;66.5;67.625;5172
2015-05-18;67.5;67.5;65.125;66.75;6316
2015-05-15;66.5;68.5;66.5;67.5;2662
2015-05-14;66.25;66.875;65.875;66.375;1108
2015-05-13;66.25;66.875;65.875;66.375;1108
2015-05-12;66.5;66.75;65.75;65.75;5150
2015-05-11;67.25;68.0;66.5;66.75;12038
2015-05-08;67.5;68.125;67.0;67.75;3884
2015-05-07;68.125;68.125;65.125;66.75;22596
2015-05-06;69.5;70.0;66.25;67.25;9134
2015-05-05;71.25;71.25;70.0;70.5;7396
2015-05-04;71.75;72.75;68.0;71.25;10024
2015-05-01;73.0;73.0;71.375;71.75;3960
2015-04-30;73.0;73.0;71.375;71.75;3960
2015-04-29;71.125;73.375;71.0;72.625;11620
2015-04-28;71.375;72.125;71.375;71.375;5402
2015-04-27;73.0;73.5;71.375;71.375;5574
2015-04-24;72.5;73.5;71.125;73.5;6906
2015-04-23;68.625;72.625;68.625;72.5;27108
2015-04-22;67.5;70.5;67.5;68.625;5450
2015-04-21;68.0;69.0;67.5;68.0;558
2015-04-20;69.125;69.125;68.5;68.5;504
2015-04-17;68.375;68.375;67.875;68.0;3784
2015-04-16;69.0;69.5;68.375;69.375;4986
2015-04-15;69.625;69.75;69.375;69.375;4982
2015-04-14;70.625;70.625;70.0;70.0;2870
2015-04-13;71.25;71.25;69.5;70.25;6086
2015-04-10;71.0;71.5;69.375;69.375;11224
2015-04-09;71.5;71.75;70.25;71.25;15968
2015-04-08;69.0;72.5;69.0;71.25;34256
2015-04-07;68.5;69.5;68.5;68.625;2448
2015-04-02;68.875;69.375;68.375;68.375;1026
2015-04-01;68.25;69.375;68.25;68.375;598
2015-03-31;67.875;68.875;67.75;68.875;8058
2015-03-30;67.5;69.5;67.375;67.375;15998
2015-03-27;69.5;69.5;67.625;67.625;24194
2015-03-26;69.25;69.75;68.0;69.75;19132
2015-03-25;67.625;71.5;67.5;69.5;36908
2015-03-24;64.0;64.25;63.5;64.25;2640
2015-03-23;64.125;64.75;63.125;64.0;3938
2015-03-20;65.0;65.0;64.25;64.25;534
2015-03-19;68.0;68.0;64.875;65.75;4836
2015-03-18;63.875;64.875;62.5;62.5;8104
2015-03-17;63.875;63.875;63.0;63.875;1546
2015-03-16;63.0;63.0;62.5;63.0;2148
2015-03-13;62.0;62.25;62.0;62.0;201416
2015-03-12;61.625;62.0;61.625;62.0;556
2015-03-11;63.0;63.0;62.5;62.5;500
2015-03-10;61.875;63.125;61.875;63.0;1800
2015-03-09;61.5;62.25;60.75;61.0;3414
2015-03-06;63.5;65.0;62.5;62.5;6072
2015-03-05;63.625;64.375;62.875;63.125;3276
2015-03-04;64.5;64.75;62.5;63.5;6884
2015-03-03;65.5;65.5;64.5;64.5;4772
2015-03-02;65.5;67.0;64.75;65.5;4194
2015-02-27;66.75;66.75;64.75;65.0;6270
2015-02-26;66.0;66.875;65.5;66.0;6216
2015-02-25;64.5;66.0;64.5;65.375;2674
2015-02-24;63.25;66.0;63.25;66.0;8212
2015-02-23;65.0;65.0;63.25;63.25;7654
2015-02-20;65.5;66.0;64.0;64.0;127716
2015-02-19;67.75;67.75;65.0;65.0;11394
2015-02-18;66.5;68.5;66.5;66.625;6432
2015-02-17;71.0;71.0;63.625;66.125;28158
2015-02-16;67.5;72.0;67.5;71.0;13638
2015-02-13;67.25;68.0;65.375;66.875;9076
2015-02-12;67.0;67.75;65.5;66.5;7884
2015-02-11;64.875;67.0;64.875;67.0;7710
2015-02-10;64.0;64.875;64.0;64.875;1762
2015-02-09;62.375;64.0;59.75;64.0;4426
2015-02-06;64.5;64.5;62.375;62.375;7770
2015-02-05;64.5;65.0;64.5;64.5;1976
2015-02-04;63.625;64.5;63.5;64.0;2112
2015-02-03;65.25;65.5;63.5;63.5;6398
2015-02-02;64.0;65.5;64.0;65.25;2650
2015-01-30;63.5;65.875;63.5;64.0;4198
2015-01-29;65.0;65.5;63.0;63.0;7158
2015-01-28;63.5;65.5;63.5;65.5;4268
2015-01-27;63.5;63.5;62.25;62.625;8284
2015-01-26;61.0;62.0;59.75;62.0;405970
2015-01-23;62.0;62.0;60.875;61.0;4266
2015-01-22;60.5;62.125;60.5;62.0;18676
2015-01-21;60.0;61.0;60.0;61.0;2612
2015-01-20;59.5;60.75;59.5;59.875;3402
2015-01-19;59.125;59.5;58.5;59.5;3876
2015-01-16;60.75;61.0;57.75;59.125;5642
2015-01-15;61.375;62.5;59.0;60.0;217164
2015-01-14;62.75;62.875;60.0;60.25;9232
2015-01-13;59.5;61.5;58.375;61.5;7484
2015-01-12;55.5;58.125;55.5;58.125;6860
2015-01-09;54.0;56.75;54.0;55.5;11704
2015-01-08;53.5;53.5;52.625;53.5;8742
2015-01-07;52.5;52.5;51.375;51.5;3634
2015-01-06;;53.0;53.0;53.0;0
2015-01-05;53.625;53.625;53.0;53.0;3002
2015-01-02;52.0;53.5;52.0;53.0;3486
2015-01-01;51.25;51.875;50.625;51.875;10508
2014-12-30;51.25;51.875;50.625;51.875;10508
2014-12-29;52.0;52.125;51.0;51.5;13116
2014-12-23;52.0;53.0;52.0;52.5;5914
2014-12-22;51.75;52.375;51.5;52.125;4232
2014-12-19;51.0;52.25;51.0;52.25;12256
2014-12-18;51.25;51.5;50.75;51.5;11350
2014-12-17;50.75;51.25;50.25;51.25;6138
2014-12-16;50.625;51.0;50.625;51.0;3470
2014-12-15;52.5;52.5;49.125;50.625;6554
2014-12-12;52.125;52.75;52.125;52.75;1136
2014-12-11;53.0;53.0;52.875;53.0;3118
2014-12-10;53.0;53.0;53.0;53.0;326
2014-12-09;53.75;53.75;52.25;53.0;12838
2014-12-08;52.125;53.875;52.125;53.25;21052
2014-12-05;53.5;53.5;51.25;52.0;6512
2014-12-04;53.5;54.0;53.125;53.25;6860
2014-12-03;54.5;54.5;54.0;54.0;3432
2014-12-02;54.5;54.875;54.25;54.5;3042
2014-12-01;53.375;54.125;53.375;54.0;860
2014-11-28;54.5;54.5;53.875;54.5;1670
2014-11-27;54.5;54.875;54.5;54.875;3494
2014-11-26;54.25;54.75;53.25;54.75;6658
2014-11-25;52.75;54.5;52.75;54.25;4038
2014-11-24;52.875;53.375;52.5;52.875;10780
2014-11-21;53.25;53.25;52.5;52.875;5638
2014-11-20;54.5;54.5;53.5;53.5;26
2014-11-19;55.0;55.0;54.0;54.0;3282
2014-11-18;54.875;55.375;54.375;54.75;5464
2014-11-17;53.75;54.0;53.0;54.0;1194
2014-11-14;54.0;55.25;53.75;55.0;60
2014-11-13;54.0;54.5;52.75;53.75;3660
2014-11-12;55.25;55.25;54.5;54.75;10440
2014-11-11;56.25;56.25;55.5;55.5;2000
2014-11-10;56.0;56.25;56.0;56.0;1364
2014-11-07;55.5;56.25;55.125;55.75;4284
2014-11-06;56.25;56.25;55.25;55.5;1850
2014-11-05;55.0;55.75;55.0;55.5;1604
2014-11-04;54.5;55.0;54.0;55.0;2698
2014-11-03;55.0;55.0;55.0;55.0;4842
2014-10-31;55.0;55.0;55.0;55.0;2614
2014-10-30;53.25;55.0;53.25;55.0;6852
2014-10-29;54.5;54.5;52.5;53.0;2054
2014-10-28;53.25;54.5;53.25;54.5;3020
2014-10-24;58.25;58.25;56.5;56.5;2858
2014-10-23;59.75;59.75;58.25;58.25;7368
2014-10-22;57.875;62.125;57.875;59.375;9056
2014-10-21;54.75;58.125;54.75;57.125;3038
2014-10-20;53.125;55.0;53.125;55.0;1058
2014-10-17;53.25;53.25;53.125;53.25;354
2014-10-16;53.125;53.125;53.0;53.0;1600
2014-10-15;53.25;53.625;53.25;53.5;4886
2014-10-14;53.625;53.625;53.625;53.625;40
2014-10-13;53.625;53.625;51.375;52.5;6018
2014-10-10;54.0;54.5;53.5;54.375;2988
2014-10-09;54.5;54.75;54.125;54.375;1962
2014-10-08;53.375;55.5;53.375;54.75;2622
2014-10-07;58.125;58.125;56.0;56.75;9900
2014-10-06;60.75;60.75;56.75;58.125;8370
2014-10-03;60.25;60.875;59.625;60.75;3496
2014-10-02;60.125;61.75;60.125;61.25;22612
2014-10-01;60.0;61.0;60.0;60.5;202042
2014-09-30;61.0;61.125;60.75;60.75;2930
2014-09-29;60.5;60.875;60.5;60.5;4070
2014-09-26;;61.0;61.0;61.0;0
2014-09-25;62.0;62.375;61.0;61.0;2524
2014-09-24;60.5;62.0;60.5;62.0;7526
2014-09-23;60.5;60.75;60.5;60.75;4564
2014-09-22;60.75;61.75;60.75;61.75;1758
2014-09-19;60.25;61.125;60.25;60.75;2028
2014-09-18;59.625;60.25;59.5;60.0;3168
2014-09-17;60.5;61.125;60.5;60.5;2954
2014-09-16;60.0;60.625;60.0;60.625;1808
2014-09-15;61.125;61.125;60.0;61.125;2734
2014-09-12;61.5;61.5;61.0;61.25;2454
2014-09-11;61.5;61.5;61.0;61.25;226
2014-09-10;61.0;61.0;60.875;61.0;4850
2014-09-09;61.375;61.75;60.75;61.0;4644
2014-09-08;61.25;61.375;60.875;61.375;3096
2014-09-05;61.25;61.875;61.25;61.5;15722
2014-09-04;61.5;62.375;61.5;62.125;4572
2014-09-03;61.25;61.625;61.0;61.625;10010
2014-09-02;62.0;62.625;61.75;62.0;2208
2014-09-01;63.0;63.0;61.125;63.0;64860
2014-08-29;62.0;62.875;61.875;62.875;8540
2014-08-28;63.5;63.5;62.5;62.5;15584
2014-08-27;62.25;63.0;62.25;62.625;8518
2014-08-26;62.875;62.875;62.125;62.625;12922
2014-08-25;62.25;62.875;62.0;62.875;412564
2014-08-22;62.5;65.0;61.125;62.875;29892
2014-08-21;69.125;69.125;59.25;62.75;103472
2014-08-20;69.75;71.0;69.0;69.0;4048
2014-08-19;65.0;69.75;65.0;69.0;4504
2014-08-18;68.75;72.0;68.75;70.75;5240
2014-08-15;68.5;70.0;68.5;70.0;6008
2014-08-14;68.0;68.5;67.5;68.5;5288
2014-08-13;66.0;67.125;65.375;67.0;402672
2014-08-12;66.25;67.25;65.5;66.25;7312
2014-08-11;64.125;67.25;64.125;67.25;7116
2014-08-08;65.625;65.75;62.625;65.0;13978
2014-08-07;66.875;67.5;66.875;67.0;1568
2014-08-06;67.0;67.0;65.0;65.5;10768
2014-08-05;66.0;67.5;65.5;67.0;12634
2014-08-04;68.375;68.375;64.0;66.375;24718
2014-08-01;70.0;70.0;67.0;68.375;11328
2014-07-31;70.5;70.5;70.0;70.0;6814
2014-07-30;71.75;71.75;70.5;70.5;5196
2014-07-29;70.5;72.125;70.25;70.625;8424
2014-07-28;71.0;72.0;70.0;71.5;7948
2014-07-25;70.5;71.0;70.5;70.625;3198
2014-07-24;71.0;71.125;70.5;70.625;4644
2014-07-23;71.0;71.875;71.0;71.75;1570
2014-07-22;72.0;72.0;71.0;71.375;11216
2014-07-21;72.75;72.75;71.875;71.875;3702
2014-07-18;73.0;73.125;71.5;71.5;4384
2014-07-17;73.0;74.125;73.0;73.75;1230
2014-07-16;75.0;75.25;73.0;73.0;5288
2014-07-15;76.5;76.5;74.75;74.75;8398
2014-07-14;75.75;76.25;74.625;74.75;10240
2014-07-11;76.0;76.0;75.5;76.0;1000
2014-07-10;76.5;76.75;75.5;76.5;5158
2014-07-09;77.75;77.75;75.5;76.5;4560
2014-07-08;76.5;78.0;76.0;76.5;2384
2014-07-07;76.5;77.75;75.0;76.5;19156
2014-07-04;77.0;77.0;75.0;75.0;326
2014-07-03;73.5;76.0;73.5;74.75;13730
2014-07-02;70.875;75.5;69.5;73.5;47660
2014-07-01;71.5;71.625;70.0;70.125;9714
2014-06-30;71.5;72.0;70.25;70.25;6604
2014-06-27;70.25;71.25;70.125;71.25;4298
2014-06-26;70.5;70.5;70.0;70.25;3606
2014-06-25;72.5;72.5;70.375;70.75;8120
2014-06-24;72.25;72.375;71.5;71.5;6134
2014-06-23;70.0;73.0;70.0;72.5;6110
2014-06-20;;71.75;71.75;71.75;0
2014-06-19;70.0;71.75;70.0;71.75;10180
2014-06-18;70.0;70.5;69.75;70.0;7634
2014-06-17;71.0;71.125;70.25;70.25;4962
2014-06-16;74.0;74.0;70.25;71.0;15724
2014-06-13;73.75;74.0;73.0;74.0;6204
2014-06-12;74.0;74.25;73.25;74.25;2988
2014-06-11;73.0;74.0;73.0;74.0;6392
2014-06-10;74.5;74.5;73.125;73.125;13698
2014-06-09;76.25;76.5;74.0;74.25;6164
2014-06-06;;75.5;75.5;75.5;0
2014-06-05;78.0;78.0;75.0;75.5;32386
2014-06-04;77.0;78.0;77.0;78.0;2566
2014-06-03;78.0;78.5;76.75;77.75;3692
2014-06-02;79.5;79.5;77.75;78.0;12466
2014-05-30;78.5;78.5;77.0;77.5;4092
2014-05-28;77.5;78.5;76.0;78.5;4210
2014-05-27;79.0;79.5;77.5;79.0;12032
2014-05-26;77.75;79.5;77.75;79.5;1968
2014-05-23;77.5;77.75;77.25;77.5;7682
2014-05-22;77.5;79.5;76.0;76.25;43052
2014-05-21;77.5;78.0;76.0;77.5;3922
2014-05-20;77.5;77.5;76.25;77.5;4512
2014-05-19;77.5;77.75;76.5;77.25;7694
2014-05-16;79.0;79.0;76.5;77.25;3422
2014-05-15;77.25;78.5;76.5;78.5;16298
2014-05-14;77.0;77.0;76.0;77.0;11586
2014-05-13;77.5;77.75;76.0;76.5;8802
2014-05-12;77.0;77.5;76.75;77.25;8986
2014-05-09;78.5;78.5;76.0;76.0;13890
2014-05-08;78.0;78.5;77.0;77.0;29610
2014-05-07;77.75;78.0;77.0;77.5;105660
2014-05-06;77.75;77.75;76.5;77.0;11458
2014-05-05;74.75;77.75;74.75;77.75;6034
2014-05-02;75.5;76.0;74.0;74.75;92940
2014-05-01;;75.25;75.25;75.25;0
2014-04-30;72.875;75.25;72.875;75.25;266880
2014-04-29;73.5;73.5;71.25;72.75;15448
2014-04-28;73.75;77.25;73.5;73.5;18696
2014-04-25;76.5;76.5;72.5;73.75;21412
2014-04-24;75.75;78.75;73.75;75.5;36190
2014-04-23;76.5;78.75;75.5;78.75;21152
2014-04-22;77.0;77.5;75.75;77.25;27644
2014-04-17;74.375;75.5;73.75;75.5;16222
2014-04-16;76.0;76.5;74.5;75.0;12954
2014-04-15;77.25;77.5;74.75;74.75;5250
2014-04-14;78.75;78.75;75.0;78.5;23422
2014-04-11;81.0;81.0;78.5;78.75;8510
2014-04-10;80.0;81.5;80.0;81.0;16550
2014-04-09;79.5;80.0;79.0;80.0;11794
2014-04-08;81.25;81.25;79.0;79.5;6206
2014-04-07;82.0;82.0;80.5;81.5;13860
2014-04-04;82.0;82.0;80.25;80.5;7906
2014-04-03;81.5;82.0;79.75;80.75;17106
2014-04-02;81.5;81.5;80.5;81.0;6482
2014-04-01;81.0;81.0;79.75;80.25;17706
2014-03-31;80.0;82.25;80.0;81.0;14666
2014-03-28;80.0;80.25;79.25;79.25;13332
2014-03-27;80.0;80.5;79.25;79.5;5848
2014-03-26;81.75;81.75;79.5;80.5;17730
2014-03-25;80.5;81.75;80.5;81.0;22920
2014-03-24;79.5;82.5;79.5;80.5;39482
2014-03-21;75.75;75.75;74.5;75.75;18890
2014-03-20;72.5;75.0;72.5;74.0;84812
2014-03-19;72.375;72.5;70.375;71.375;14964
2014-03-18;72.5;72.5;70.625;71.5;1920
2014-03-17;69.75;72.25;69.75;72.25;19202
2014-03-14;72.125;72.125;69.25;70.125;3722
2014-03-13;70.5;72.5;70.25;72.25;4374
2014-03-12;72.75;72.75;70.5;70.5;3272
2014-03-11;76.0;76.0;73.5;74.0;6656
2014-03-10;77.0;79.25;76.0;76.0;8358
2014-03-07;77.5;78.0;76.0;77.0;9460
2014-03-06;78.75;78.75;77.5;77.5;2878
2014-03-05;78.75;78.75;77.5;78.75;7120
2014-03-04;73.5;75.5;73.5;75.5;4686
2014-03-03;77.0;77.0;73.25;73.25;12888
2014-02-28;77.25;78.25;77.25;77.75;3158
2014-02-27;79.0;79.5;77.0;77.0;7102
2014-02-26;79.0;79.0;77.0;78.5;11028
2014-02-25;77.5;79.0;77.0;79.0;39952
2014-02-24;73.0;75.5;72.75;75.5;28282
2014-02-21;71.0;71.5;71.0;71.375;2818
2014-02-20;70.0;70.875;70.0;70.875;1020
2014-02-19;70.75;70.75;70.5;70.5;4194
2014-02-18;72.75;75.0;70.625;70.625;19978
2014-02-17;71.5;73.25;71.25;72.5;3744
2014-02-14;70.0;71.25;70.0;71.25;9480
2014-02-13;70.25;70.25;69.0;70.0;2558
2014-02-12;70.5;70.5;69.75;70.375;750
2014-02-11;68.875;70.0;68.875;69.75;8070
2014-02-10;67.625;68.875;67.375;68.875;3540
2014-02-07;66.5;67.5;66.5;66.5;5242
2014-02-06;67.0;67.0;66.125;66.125;3400
2014-02-05;65.5;66.875;65.5;66.125;6932
2014-02-04;65.0;66.5;62.875;66.375;6486
2014-02-03;66.75;66.75;63.5;65.0;13676
2014-01-31;66.625;67.0;66.5;66.5;2046
2014-01-30;67.875;67.875;66.5;66.5;2372
2014-01-29;68.0;68.0;67.875;67.875;1026
2014-01-28;68.0;68.0;67.25;67.875;4976
2014-01-27;68.75;68.75;66.5;67.25;7190
2014-01-24;68.5;69.0;68.5;68.75;14986
2014-01-23;68.0;68.5;68.0;68.25;14832
2014-01-22;66.875;68.0;66.875;68.0;5730
2014-01-21;67.5;67.5;66.0;66.625;10150
2014-01-20;66.375;68.0;66.375;67.5;3688
2014-01-17;67.625;67.75;66.25;66.625;5360
2014-01-16;66.5;67.5;66.5;66.5;6616
2014-01-15;66.5;66.75;66.25;66.25;8992
2014-01-14;67.0;67.25;66.25;66.25;5814
2014-01-13;65.0;68.75;64.875;67.5;52534
2014-01-10;63.0;63.25;62.625;62.625;4942
2014-01-09;62.625;64.375;62.625;63.0;5288
2014-01-08;62.0;64.125;62.0;62.5;3648
2014-01-07;62.125;62.375;61.75;61.75;9066
2014-01-06;;62.375;62.375;62.375;0
2014-01-03;62.375;62.375;62.375;62.375;1400
2014-01-02;62.5;63.75;62.125;62.125;3348
2013-12-31;;63.0;63.0;63.0;0
2013-12-30;62.5;63.375;62.25;63.0;4200
2013-12-27;64.5;64.5;62.5;63.0;3540
2013-12-23;61.5;64.375;61.375;64.375;9264
2013-12-20;60.25;61.5;60.25;61.5;2060
2013-12-19;60.375;61.5;60.375;61.5;5552
2013-12-18;60.25;60.375;60.25;60.375;2000
2013-12-17;60.25;61.75;60.25;60.375;2020
2013-12-16;60.5;61.0;60.5;60.75;3474
2013-12-13;60.625;61.625;60.125;61.5;3080
2013-12-12;62.0;62.125;60.125;60.375;14440
2013-12-11;62.0;62.25;62.0;62.0;3028
2013-12-10;61.875;62.0;61.875;62.0;2664
2013-12-09;62.0;62.375;62.0;62.375;3034
2013-12-06;62.125;62.125;61.875;61.875;4160
2013-12-05;61.0;62.375;60.875;62.375;3816
2013-12-04;62.5;62.5;61.5;61.625;1924
2013-12-03;62.75;62.875;62.0;62.625;92982
2013-12-02;62.75;63.5;62.75;62.875;1452
2013-11-29;62.75;63.25;62.75;63.25;9580
2013-11-28;62.75;62.75;62.625;62.75;4800
2013-11-27;63.5;63.5;63.5;63.5;140200
2013-11-26;63.5;63.5;63.5;63.5;1066
2013-11-25;63.375;63.5;63.375;63.5;1060
2013-11-22;62.875;63.5;62.875;63.375;2858
2013-11-21;62.625;63.5;62.5;63.5;6572
2013-11-20;64.0;64.0;63.125;63.625;2520
2013-11-19;63.0;64.5;63.0;64.5;894
2013-11-18;64.75;64.75;63.0;63.0;2294
2013-11-15;63.75;64.0;63.75;64.0;720
2013-11-14;64.5;64.75;63.5;64.75;3748
2013-11-13;65.375;65.75;64.5;64.5;4222
2013-11-12;65.75;65.75;64.75;64.75;2838
2013-11-11;65.5;65.75;64.875;65.75;4182
2013-11-08;65.5;65.5;64.625;65.0;4400
2013-11-07;65.0;65.875;65.0;65.875;2330
2013-11-06;64.625;65.5;64.0;64.5;2680
2013-11-05;64.5;64.5;64.0;64.5;6120
2013-11-04;63.5;64.5;63.5;64.375;10258
2013-11-01;63.375;63.375;63.125;63.125;214
2013-10-31;63.75;63.75;61.875;63.625;1614
2013-10-30;63.375;63.75;63.375;63.75;1416
2013-10-29;63.0;63.375;63.0;63.375;662
2013-10-28;63.25;64.375;62.875;63.5;5714
2013-10-25;66.0;66.0;63.25;64.625;5692
2013-10-24;65.75;66.0;64.625;66.0;5000
2013-10-23;63.5;67.5;63.5;66.0;14684
2013-10-22;63.5;63.5;63.0;63.5;2520
2013-10-21;63.625;64.75;63.5;63.625;2790
2013-10-18;63.5;64.75;63.5;64.75;776
2013-10-17;64.5;65.0;63.5;65.0;1486
2013-10-16;62.625;64.25;62.625;64.25;3018
2013-10-15;64.0;64.5;63.75;64.5;726
2013-10-14;64.25;64.25;63.0;63.75;1326
2013-10-11;;64.0;64.0;64.0;0
2013-10-10;62.0;64.5;62.0;64.0;194818
2013-10-09;63.0;63.5;62.0;63.5;3734
2013-10-08;63.0;63.5;63.0;63.5;5288
2013-10-07;62.5;63.625;62.5;63.625;6728
2013-10-04;63.5;63.5;61.0;62.375;5368
2013-10-03;62.5;63.75;62.5;63.75;676
2013-10-02;62.75;64.0;62.375;62.375;51200
2013-10-01;62.25;63.0;62.25;62.75;6412
2013-09-30;63.0;63.0;61.75;61.75;2076
2013-09-27;63.125;63.375;63.0;63.0;1600
2013-09-26;64.0;64.0;63.125;63.125;1032
2013-09-25;63.5;64.125;63.25;63.875;91066
2013-09-24;63.5;63.625;63.5;63.5;10694
2013-09-23;63.375;64.25;63.375;64.0;10114
2013-09-20;63.25;63.5;63.25;63.5;4668
2013-09-19;63.5;64.25;63.5;63.5;8644
2013-09-18;63.375;63.375;63.25;63.25;2628
2013-09-17;63.5;64.0;63.25;63.25;7686
2013-09-16;65.0;65.0;63.5;63.75;5140
2013-09-13;65.0;65.5;64.5;64.5;2046
2013-09-12;64.75;65.5;64.5;65.5;4944
2013-09-11;65.25;65.25;63.125;64.5;12378
2013-09-10;62.5;66.5;62.5;66.5;20158
2013-09-09;62.375;62.5;61.25;62.5;14234
2013-09-06;62.0;62.0;61.25;61.75;29268
2013-09-05;60.75;61.0;59.125;61.0;13870
2013-09-04;60.0;60.25;59.0;60.25;6210
2013-09-03;60.625;60.75;59.5;60.0;4574
2013-09-02;60.0;61.0;60.0;60.875;10260
2013-08-30;61.0;61.0;59.5;61.0;16990
2013-08-29;63.5;64.25;59.625;61.5;26340
2013-08-28;64.5;64.5;60.0;63.5;9238
2013-08-27;64.5;65.0;59.0;64.5;25088
2013-08-26;64.5;66.0;63.875;64.5;31320
2013-08-23;56.5;64.375;54.5;64.0;46258
2013-08-22;55.75;60.0;54.0;57.75;17416
2013-08-21;55.0;56.0;54.0;56.0;3196
2013-08-20;52.875;55.0;52.25;55.0;3290
2013-08-19;52.5;53.0;52.25;52.25;1520
2013-08-16;53.25;53.25;51.5;52.5;4284
2013-08-15;54.0;54.0;54.0;54.0;2
2013-08-14;53.5;54.5;53.5;54.125;2600
2013-08-13;53.25;54.5;52.5;54.5;7074
2013-08-12;52.75;53.375;52.625;53.375;520
2013-08-09;53.5;53.5;53.5;53.5;1894
2013-08-08;53.0;53.875;53.0;53.875;1494
2013-08-07;53.125;54.25;53.0;54.25;2364
2013-08-06;54.0;54.0;53.125;54.0;1580
2013-08-05;53.0;53.875;53.0;53.875;1500
2013-08-02;54.25;55.0;52.25;52.25;3820
2013-08-01;53.5;54.5;52.25;54.375;3870
2013-07-31;53.375;54.5;53.375;54.5;3014
2013-07-30;53.625;54.5;53.625;54.5;278
2013-07-29;54.625;54.75;54.625;54.625;2026
2013-07-26;54.5;55.0;54.5;54.75;1644
2013-07-25;;53.0;53.0;53.0;0
2013-07-24;53.0;53.0;52.5;53.0;856
2013-07-23;52.75;52.75;52.75;52.75;60
2013-07-22;53.0;53.0;52.5;52.5;1866
2013-07-19;52.5;52.5;52.5;52.5;72
2013-07-18;51.375;52.5;51.375;52.5;5766
2013-07-17;52.5;52.5;51.375;52.5;1142
2013-07-16;51.5;52.5;51.5;52.375;4606
2013-07-15;52.0;52.0;50.5;50.5;3200
2013-07-12;51.375;51.5;51.375;51.5;2610
2013-07-11;49.0;51.25;49.0;50.0;3018
2013-07-10;48.625;48.625;48.0;48.625;2060
2013-07-09;47.875;48.25;47.875;48.25;4444
2013-07-08;48.375;48.875;48.0;48.125;722
2013-07-05;48.5;48.5;48.5;48.5;350
2013-07-04;;48.875;48.875;48.875;0
2013-07-03;48.125;48.875;48.125;48.875;1190
2013-07-02;48.0;48.125;48.0;48.125;456
2013-07-01;48.125;48.625;48.0;48.625;304
2013-06-28;49.125;49.5;48.625;48.625;2346
2013-06-27;49.0;49.0;48.625;49.0;926
2013-06-26;48.875;50.5;48.875;49.0;5314
2013-06-25;50.25;50.25;49.0;49.0;2296
2013-06-24;50.125;51.875;47.75;51.875;4788
2013-06-21;;50.125;50.125;50.125;0
2013-06-20;51.25;51.25;50.125;50.125;1778
2013-06-19;;51.25;51.25;51.25;0
2013-06-18;51.125;52.0;51.125;51.25;2870
2013-06-17;52.875;52.875;51.0;51.75;4966
2013-06-14;51.125;51.75;51.0;51.375;10084
2013-06-13;52.0;53.125;51.5;51.75;1784
2013-06-12;52.0;52.125;52.0;52.125;2524
2013-06-11;53.25;53.625;52.0;52.25;1910
2013-06-10;54.0;54.75;54.0;54.5;1940
2013-06-07;54.0;54.0;53.75;53.75;600
2013-06-06;;53.625;53.625;53.625;0
2013-06-05;55.0;55.5;53.625;53.625;6800
2013-06-04;53.125;54.5;53.125;54.0;1148
2013-06-03;;54.875;54.875;54.875;0
2013-05-31;53.375;54.875;52.5;54.875;4360
2013-05-30;53.75;54.875;53.75;54.5;572
2013-05-29;55.0;55.0;53.25;53.25;1664
2013-05-28;54.375;54.5;54.0;54.0;4740
2013-05-27;52.5;54.0;52.5;54.0;6200
2013-05-24;54.125;54.125;54.125;54.125;780
2013-05-23;54.375;55.25;54.25;55.25;10660
2013-05-22;53.5;54.25;53.375;54.25;7074
2013-05-21;53.5;55.0;52.625;55.0;5880
2013-05-20;54.0;55.0;52.5;54.25;11840
2013-05-17;55.0;55.0;54.125;54.125;3600
2013-05-16;55.0;55.0;54.25;55.0;4312
2013-05-15;54.5;56.625;53.625;55.5;14228
2013-05-14;52.5;56.125;51.5;54.5;24270
2013-05-13;50.25;51.0;49.5;50.25;26984
2013-05-10;50.0;50.0;49.75;49.75;1776
2013-05-09;;50.0;50.0;50.0;0
2013-05-08;49.75;50.0;49.75;50.0;3810
2013-05-07;49.25;50.0;49.0;50.0;3374
2013-05-06;48.75;49.625;48.125;48.5;4216
2013-05-03;48.625;49.5;48.5;48.75;4208
2013-05-02;49.5;49.5;48.0;48.5;8914
2013-05-01;;49.0;49.0;49.0;0
2013-04-30;49.625;49.75;49.0;49.0;7682
2013-04-29;46.25;50.375;46.25;50.0;124030
2013-04-26;45.75;46.75;45.5;46.75;16956
2013-04-25;45.25;47.0;45.0;46.5;87906
2013-04-24;45.75;45.75;45.75;45.75;348
2013-04-23;45.0;45.0;45.0;45.0;78
2013-04-22;44.5;44.625;44.375;44.5;44858
2013-04-19;44.0;45.0;44.0;45.0;2270
2013-04-18;44.5;44.5;44.5;44.5;2400
2013-04-17;45.0;45.0;43.875;43.875;1080
2013-04-16;44.0;44.75;44.0;44.75;3638
2013-04-15;45.5;45.5;43.875;43.875;6456
2013-04-12;45.125;45.625;43.875;43.875;10956
2013-04-11;46.25;46.25;46.0;46.0;6200
2013-04-10;46.0;46.0;46.0;46.0;72
2013-04-09;;46.5;46.5;46.5;0
2013-04-08;;46.5;46.5;46.5;0
2013-04-05;;46.5;46.5;46.5;0
2013-04-04;47.0;47.25;46.5;46.5;674
2013-04-03;47.0;47.375;46.375;47.0;2874
2013-04-02;46.375;46.375;46.375;46.375;308
2013-04-01;;48.0;48.0;48.0;0
2013-03-29;45.125;48.0;48.0;48.0;3076
2013-03-28;45.125;48.0;45.125;48.0;3076
2013-03-27;45.125;48.0;45.125;48.0;3076
2013-03-26;47.25;47.375;46.25;46.5;1114
2013-03-25;46.375;47.5;46.375;47.25;1136
2013-03-22;44.875;46.5;44.875;46.5;2842
2013-03-21;45.0;45.0;43.625;44.875;840
2013-03-20;45.125;45.5;44.5;44.5;3070
2013-03-19;45.625;46.5;45.375;45.375;3632
2013-03-18;45.0;45.625;45.0;45.625;1404
2013-03-15;46.0;46.625;45.75;45.75;1152
2013-03-14;46.875;47.25;45.75;45.75;832
2013-03-13;45.625;47.25;45.625;47.25;2462
2013-03-12;47.25;47.25;47.125;47.125;1200
2013-03-11;47.125;47.125;47.125;47.125;400
2013-03-08;47.0;47.125;46.75;46.75;2572
2013-03-07;47.25;48.75;47.25;48.75;5854
2013-03-06;48.5;48.5;48.5;48.5;302
2013-03-05;48.75;48.75;47.625;47.625;18514
2013-03-04;48.0;48.25;48.0;48.25;21800
2013-03-01;48.75;48.75;48.375;48.375;800
2013-02-28;49.125;49.5;49.0;49.5;38636
2013-02-27;48.5;49.25;48.0;49.125;13136
2013-02-26;48.375;48.375;47.5;47.625;808
2013-02-25;46.75;46.75;46.75;46.75;140
2013-02-22;46.0;46.875;46.0;46.875;6150
2013-02-21;47.0;47.0;45.5;46.125;2120
2013-02-20;;48.5;48.5;48.5;0
2013-02-19;47.0;48.5;47.0;48.5;28700
2013-02-18;47.125;48.0;46.0;47.0;16922
2013-02-15;48.875;49.5;45.125;48.0;19186
2013-02-14;49.25;49.25;48.25;48.25;880
2013-02-13;48.0;48.5;48.0;48.0;18616
2013-02-12;48.25;48.25;48.25;48.25;80234
2013-02-11;48.125;48.125;48.125;48.125;700
2013-02-08;;48.25;48.25;48.25;0
2013-02-07;48.375;48.375;48.25;48.25;3770
2013-02-06;49.25;49.25;48.5;49.0;4138
2013-02-05;47.5;48.375;47.5;48.375;618
2013-02-04;48.0;48.0;48.0;48.0;144
2013-02-01;48.0;49.125;48.0;48.0;13498
2013-01-31;48.5;48.5;48.0;48.125;1186
2013-01-30;49.0;49.0;49.0;49.0;2514
2013-01-29;48.25;49.0;48.0;49.0;2282
2013-01-28;48.125;49.0;48.0;49.0;3156
2013-01-25;48.0;49.0;48.0;48.5;4262
2013-01-24;48.25;48.25;47.375;47.875;22752
2013-01-23;48.375;48.375;48.0;48.0;1126
2013-01-22;48.25;48.5;48.25;48.5;784
2013-01-21;47.0;49.375;47.0;48.25;5170
2013-01-18;46.5;46.875;46.5;46.875;3754
2013-01-17;46.5;46.5;46.125;46.125;2208
2013-01-16;45.625;46.0;45.625;46.0;1604
2013-01-15;46.5;46.5;46.5;46.5;2400
2013-01-14;46.75;46.75;46.5;46.5;3920
2013-01-11;;46.5;46.5;46.5;0
2013-01-10;46.5;46.5;46.0;46.5;738
2013-01-09;46.0;46.125;46.0;46.125;4634
2013-01-08;45.75;46.0;45.75;46.0;6888
2013-01-07;46.0;46.5;45.75;45.75;2564
2013-01-04;46.125;46.125;46.125;46.125;166
2013-01-03;45.75;46.25;45.5;45.75;1398
2013-01-02;45.5;45.75;45.5;45.5;5372
2013-01-01;;45.5;45.5;45.5;0
2012-12-31;;45.5;45.5;45.5;0
2012-12-28;44.0;45.5;44.0;45.5;209930
