Dates,Open,High,Low,Close,Volume
2017-09-08 00:00:00,177.2,179.7,177.2,179.1,36713
2017-09-07 00:00:00,176.6,180.5,176.2,178.9,63199
2017-09-06 00:00:00,176.8,178.4,175.0,177.8,58783
2017-09-04 00:00:00,175.5,175.5,171.9,172.5,153812
2017-09-01 00:00:00,174.0,177.6,173.5,176.0,53747
2017-08-31 00:00:00,169.7,174.2,169.7,173.4,55034
2017-08-30 00:00:00,169.0,173.1,169.0,172.2,52926
2017-08-29 00:00:00,168.3,170.5,167.8,169.0,45566
2017-08-28 00:00:00,170.7,173.4,170.1,171.1,30740
2017-08-25 00:00:00,173.1,173.6,170.7,170.8,42744
2017-08-24 00:00:00,170.1,173.1,170.1,172.1,37958
2017-08-23 00:00:00,171.3,174.0,170.0,170.0,58438
2017-08-22 00:00:00,168.7,171.6,168.7,171.3,104253
2017-08-21 00:00:00,170.4,170.8,168.1,168.3,29469
2017-08-18 00:00:00,171.5,171.5,169.3,170.4,38363
2017-08-17 00:00:00,170.0,172.5,170.0,171.8,29533
2017-08-16 00:00:00,171.0,173.1,170.7,171.5,37219
2017-08-15 00:00:00,172.3,173.3,170.1,170.9,31103
2017-08-14 00:00:00,170.0,173.4,170.0,173.3,34712
2017-08-11 00:00:00,173.7,173.7,170.3,170.9,26017
2017-08-10 00:00:00,174.5,174.5,171.7,173.6,43087
2017-08-09 00:00:00,176.5,176.5,174.3,174.5,27030
2017-08-08 00:00:00,175.8,177.5,175.4,176.5,29670
2017-08-07 00:00:00,178.0,178.4,174.4,175.8,44777
2017-08-04 00:00:00,176.7,178.7,176.0,177.7,26721
2017-08-03 00:00:00,177.1,179.0,176.2,177.1,45267
2017-08-02 00:00:00,179.0,179.6,177.2,177.5,27751
2017-08-01 00:00:00,176.9,179.1,176.9,178.8,31802
2017-07-31 00:00:00,175.3,177.5,173.6,176.9,65792
2017-07-28 00:00:00,179.5,179.5,175.7,176.0,26111
2017-07-27 00:00:00,176.3,179.6,176.3,178.7,34727
2017-07-26 00:00:00,177.5,178.6,175.3,176.5,54739
2017-07-25 00:00:00,176.8,179.0,176.6,177.4,33997
2017-07-24 00:00:00,178.9,180.2,176.0,176.8,29114
2017-07-21 00:00:00,181.5,181.5,178.0,178.9,46666
2017-07-20 00:00:00,180.5,181.5,179.7,180.1,31481
2017-07-19 00:00:00,178.8,180.3,177.2,179.5,44683
2017-07-18 00:00:00,179.7,179.9,177.6,178.4,81349
2017-07-17 00:00:00,179.6,181.6,179.2,179.7,58143
2017-07-14 00:00:00,178.9,180.7,177.6,179.6,106341
2017-07-13 00:00:00,177.2,178.2,171.6,178.2,131226
2017-07-12 00:00:00,174.0,176.0,173.1,176.0,57633
2017-07-11 00:00:00,174.7,175.9,173.7,173.7,77055
2017-07-10 00:00:00,174.7,175.0,172.5,174.4,28941
2017-07-07 00:00:00,170.0,173.3,169.1,172.7,37574
2017-07-06 00:00:00,173.9,175.0,170.5,172.1,34831
2017-07-05 00:00:00,174.0,174.2,171.6,173.9,29251
2017-07-04 00:00:00,176.0,176.0,172.0,172.8,54252
2017-07-03 00:00:00,174.1,175.8,173.4,175.0,57875
2017-06-30 00:00:00,173.0,175.1,171.1,174.1,102568
2017-06-29 00:00:00,175.2,176.0,172.2,173.0,62319
2017-06-28 00:00:00,178.5,178.5,174.4,175.2,62664
2017-06-27 00:00:00,180.5,180.5,177.0,178.2,58272
2017-06-26 00:00:00,180.0,182.4,179.1,180.7,116764
2017-06-23 00:00:00,,180.0,180.0,180.0,0
2017-06-22 00:00:00,180.3,180.9,178.4,180.0,41299
2017-06-21 00:00:00,180.2,181.2,178.7,180.3,48259
2017-06-20 00:00:00,183.0,183.0,180.1,180.1,71784
2017-06-19 00:00:00,183.0,183.5,180.0,182.2,51640
2017-06-16 00:00:00,178.7,182.6,178.7,182.6,390414
2017-06-15 00:00:00,183.9,183.9,176.6,178.2,93312
2017-06-14 00:00:00,180.6,183.4,180.5,182.2,59493
2017-06-13 00:00:00,180.3,181.9,179.6,180.6,39217
2017-06-12 00:00:00,185.0,185.0,178.5,181.2,60932
2017-06-09 00:00:00,184.3,185.2,181.7,184.3,71356
2017-06-08 00:00:00,183.6,185.5,181.6,183.4,101593
2017-06-07 00:00:00,183.5,184.9,180.8,181.2,56434
2017-06-06 00:00:00,,182.1,182.1,182.1,0
2017-06-05 00:00:00,183.5,183.9,181.3,182.1,32170
2017-06-02 00:00:00,179.0,183.2,179.0,182.0,72428
2017-06-01 00:00:00,180.6,181.8,179.2,179.5,104130
2017-05-31 00:00:00,181.6,181.9,179.9,180.9,67507
2017-05-30 00:00:00,180.1,181.1,178.6,180.5,76320
2017-05-29 00:00:00,180.0,182.0,179.0,180.1,34870
2017-05-26 00:00:00,182.0,182.0,179.0,179.8,78218
2017-05-24 00:00:00,179.0,181.9,178.4,181.3,47648
2017-05-23 00:00:00,178.3,178.3,175.8,177.6,48469
2017-05-22 00:00:00,178.3,178.3,175.0,177.2,50113
2017-05-19 00:00:00,177.0,178.3,174.8,177.2,270956
2017-05-18 00:00:00,178.3,178.5,172.9,177.1,171202
2017-05-17 00:00:00,182.5,182.5,176.6,178.4,99132
2017-05-16 00:00:00,182.0,184.1,181.6,182.0,52272
2017-05-15 00:00:00,184.0,185.3,181.4,182.0,146818
2017-05-12 00:00:00,185.0,184.1,184.1,184.1,68967
2017-05-11 00:00:00,187.0,187.0,184.0,184.7,49942
2017-05-10 00:00:00,187.6,187.6,184.8,186.0,60477
2017-05-09 00:00:00,181.1,188.2,181.1,187.7,190653
2017-05-08 00:00:00,186.5,186.6,181.6,182.3,64018
2017-05-05 00:00:00,185.0,185.0,182.4,183.9,73454
2017-05-04 00:00:00,185.0,186.3,184.0,185.0,124177
2017-05-03 00:00:00,186.8,186.8,178.7,184.0,180786
2017-05-02 00:00:00,186.4,188.7,186.0,186.8,97815
2017-05-01 00:00:00,,186.4,186.4,186.4,0
2017-04-28 00:00:00,184.0,186.5,184.0,186.4,68706
2017-04-27 00:00:00,183.0,185.1,181.3,183.6,102189
2017-04-26 00:00:00,184.0,184.0,180.2,183.0,149911
2017-04-25 00:00:00,192.0,193.0,185.8,185.8,134153
2017-04-24 00:00:00,190.5,191.5,188.5,190.0,80666
2017-04-21 00:00:00,191.0,192.9,190.3,191.1,23252
2017-04-20 00:00:00,193.1,194.0,190.4,191.4,42244
2017-04-19 00:00:00,189.6,193.8,189.6,193.1,41796
2017-04-18 00:00:00,190.2,191.0,188.1,189.6,50394
2017-04-13 00:00:00,188.7,190.2,187.2,189.9,17088
2017-04-12 00:00:00,190.0,190.4,187.9,189.4,52543
2017-04-11 00:00:00,189.0,191.7,186.6,187.6,256454
2017-04-10 00:00:00,187.0,189.0,186.1,188.6,57453
2017-04-07 00:00:00,186.0,188.0,183.5,187.0,55137
2017-04-06 00:00:00,187.3,188.6,185.0,185.9,209215
2017-04-05 00:00:00,186.9,188.5,185.0,187.3,55010
2017-04-04 00:00:00,184.3,187.7,184.3,186.5,60946
2017-04-03 00:00:00,185.0,189.0,183.8,186.7,82418
2017-03-31 00:00:00,186.7,186.7,183.6,185.2,54554
2017-03-30 00:00:00,187.0,187.0,184.0,186.2,52800
2017-03-29 00:00:00,188.0,188.8,185.0,186.0,47632
2017-03-28 00:00:00,181.0,188.0,181.0,187.5,100538
2017-03-27 00:00:00,182.0,182.0,179.8,181.0,24628
2017-03-24 00:00:00,180.4,183.4,180.4,182.7,89014
2017-03-23 00:00:00,179.7,181.1,179.3,181.1,92145
2017-03-22 00:00:00,181.4,181.4,177.2,179.6,57734
2017-03-21 00:00:00,183.6,184.4,180.6,181.4,29517
2017-03-20 00:00:00,184.0,184.5,182.4,183.5,31482
2017-03-17 00:00:00,183.0,185.1,182.5,184.1,37354
2017-03-16 00:00:00,182.0,182.8,180.1,182.5,31157
2017-03-15 00:00:00,181.0,182.5,180.3,181.9,23739
2017-03-14 00:00:00,182.4,182.4,180.0,180.8,61958
2017-03-13 00:00:00,183.0,183.8,181.3,182.4,41342
2017-03-10 00:00:00,185.0,182.2,182.2,182.2,32121
2017-03-09 00:00:00,183.7,183.8,181.0,182.5,37461
2017-03-08 00:00:00,185.0,185.0,181.6,183.7,51427
2017-03-07 00:00:00,181.5,185.6,180.5,183.3,70962
2017-03-06 00:00:00,183.0,183.3,179.3,181.5,58061
2017-03-03 00:00:00,186.7,181.8,181.8,181.8,48714
2017-03-02 00:00:00,183.5,185.5,183.3,184.9,49283
2017-03-01 00:00:00,182.5,184.5,181.0,183.8,92168
2017-02-28 00:00:00,181.0,182.5,180.8,181.9,50623
2017-02-27 00:00:00,181.7,182.0,180.1,180.9,45277
2017-02-24 00:00:00,184.7,185.0,179.5,181.0,48935
2017-02-23 00:00:00,183.0,184.8,182.6,183.8,50777
2017-02-22 00:00:00,182.5,183.0,181.2,182.2,113110
2017-02-21 00:00:00,183.8,183.8,181.0,182.4,67570
2017-02-20 00:00:00,184.9,184.9,182.6,183.3,125034
2017-02-17 00:00:00,190.4,190.4,183.6,183.9,65806
2017-02-16 00:00:00,185.0,188.0,183.3,186.6,166516
2017-02-15 00:00:00,182.7,190.0,182.7,183.9,170645
2017-02-14 00:00:00,177.5,181.7,177.5,181.3,46521
2017-02-13 00:00:00,181.0,181.6,177.5,178.6,52829
2017-02-10 00:00:00,178.5,179.8,176.5,178.5,35294
2017-02-09 00:00:00,177.5,178.9,177.0,178.5,31967
2017-02-08 00:00:00,180.3,181.6,176.6,177.5,59802
2017-02-07 00:00:00,175.9,180.9,174.9,180.0,72082
2017-02-06 00:00:00,175.0,177.0,174.0,175.1,89770
2017-02-03 00:00:00,172.0,177.5,171.1,175.0,113058
2017-02-02 00:00:00,174.5,175.0,172.9,173.5,47202
2017-02-01 00:00:00,174.9,175.0,172.7,173.8,57978
2017-01-31 00:00:00,174.0,174.9,172.9,174.6,129779
2017-01-30 00:00:00,172.2,174.8,171.6,173.8,61915
2017-01-27 00:00:00,169.8,172.8,169.8,172.2,50461
2017-01-26 00:00:00,170.2,171.9,170.1,171.3,63513
2017-01-25 00:00:00,164.3,174.5,164.3,171.0,198040
2017-01-24 00:00:00,162.8,164.2,162.6,164.1,55244
2017-01-23 00:00:00,162.5,163.3,162.0,162.8,39844
2017-01-20 00:00:00,161.0,163.5,161.0,163.0,107647
2017-01-19 00:00:00,164.0,164.0,162.4,163.3,113588
2017-01-18 00:00:00,160.3,164.3,158.8,163.8,274313
2017-01-17 00:00:00,161.0,161.9,160.0,160.3,53193
2017-01-16 00:00:00,161.0,163.5,160.6,161.7,39805
2017-01-13 00:00:00,162.3,163.7,161.6,161.9,70956
2017-01-12 00:00:00,162.7,162.7,161.5,162.0,70347
2017-01-11 00:00:00,161.1,164.3,161.1,162.0,160879
2017-01-10 00:00:00,161.5,164.0,160.4,161.1,53497
2017-01-09 00:00:00,163.5,164.6,161.1,162.8,50004
2017-01-06 00:00:00,,163.0,163.0,163.0,0
2017-01-05 00:00:00,166.0,166.0,163.0,163.0,28066
2017-01-04 00:00:00,169.0,169.0,165.0,166.0,48086
2017-01-03 00:00:00,167.1,168.9,165.6,167.5,72393
2017-01-02 00:00:00,167.0,168.9,167.0,167.1,26043
2016-12-30 00:00:00,168.0,168.0,165.0,167.0,14078
2016-12-29 00:00:00,167.0,168.5,166.0,167.0,9024
2016-12-28 00:00:00,169.0,169.5,167.0,168.5,22729
2016-12-27 00:00:00,168.0,170.5,167.0,169.0,28651
2016-12-23 00:00:00,165.0,169.0,165.0,168.0,17804
2016-12-22 00:00:00,166.0,168.0,165.0,166.5,66920
2016-12-21 00:00:00,168.0,168.5,166.0,167.0,18203
2016-12-20 00:00:00,170.0,171.5,168.0,168.0,94724
2016-12-19 00:00:00,169.5,172.0,169.5,171.0,78292
2016-12-16 00:00:00,174.0,175.0,169.0,171.0,80962
2016-12-15 00:00:00,170.5,173.5,168.5,172.5,94116
2016-12-14 00:00:00,170.0,171.5,168.0,171.5,112509
2016-12-13 00:00:00,163.0,170.0,163.0,169.0,58848
2016-12-12 00:00:00,164.0,167.5,162.5,163.0,137775
2016-12-09 00:00:00,164.5,166.0,161.0,163.5,92964
2016-12-08 00:00:00,159.0,164.0,159.0,161.5,72751
2016-12-07 00:00:00,161.0,161.0,157.5,159.5,166052
2016-12-06 00:00:00,159.0,160.5,157.0,158.5,45674
2016-12-05 00:00:00,157.0,161.0,157.0,159.0,52407
2016-12-02 00:00:00,156.0,157.5,155.0,157.0,68738
2016-12-01 00:00:00,161.0,161.0,156.0,157.5,155067
2016-11-30 00:00:00,159.0,161.0,158.5,161.0,76521
2016-11-29 00:00:00,161.0,161.0,157.5,159.0,169807
2016-11-28 00:00:00,162.0,162.0,160.0,161.0,51638
2016-11-25 00:00:00,163.5,163.5,160.0,161.0,82013
2016-11-24 00:00:00,165.5,167.5,162.5,163.5,53674
2016-11-23 00:00:00,168.5,171.0,165.0,165.0,41716
2016-11-22 00:00:00,165.0,170.0,165.0,168.5,64807
2016-11-21 00:00:00,165.0,166.5,164.5,165.0,84426
2016-11-18 00:00:00,164.0,166.0,163.0,164.5,66670
2016-11-17 00:00:00,163.5,166.0,162.0,164.5,82367
2016-11-16 00:00:00,165.0,167.0,164.0,165.0,42343
2016-11-15 00:00:00,165.0,168.0,163.5,165.0,67897
2016-11-14 00:00:00,163.0,168.5,163.0,165.0,69820
2016-11-11 00:00:00,165.0,166.5,162.5,164.0,51230
2016-11-10 00:00:00,163.5,169.5,163.0,163.5,86255
2016-11-09 00:00:00,161.0,167.0,160.0,164.0,79396
2016-11-08 00:00:00,166.5,167.0,162.5,167.0,64514
2016-11-07 00:00:00,161.0,166.0,160.5,165.0,83747
2016-11-04 00:00:00,160.5,162.0,160.5,160.5,32245
2016-11-03 00:00:00,160.0,163.5,160.0,160.5,47275
2016-11-02 00:00:00,162.0,163.0,159.0,161.5,67897
2016-11-01 00:00:00,166.0,166.5,162.0,162.5,48804
2016-10-31 00:00:00,165.0,168.0,163.5,165.5,51685
2016-10-28 00:00:00,164.0,168.5,162.0,164.5,65424
2016-10-27 00:00:00,165.0,168.0,162.5,164.0,49377
2016-10-26 00:00:00,168.0,168.5,163.0,165.0,191838
2016-10-25 00:00:00,169.5,170.0,167.0,167.5,42426
2016-10-24 00:00:00,169.5,172.0,169.0,169.5,82032
2016-10-21 00:00:00,170.0,170.5,166.5,169.5,70042
2016-10-20 00:00:00,168.5,171.0,168.0,169.0,52916
2016-10-19 00:00:00,168.0,172.0,166.0,172.0,112106
2016-10-18 00:00:00,165.0,168.0,164.5,166.5,136336
2016-10-17 00:00:00,173.5,173.5,164.0,164.5,134659
2016-10-14 00:00:00,177.0,177.0,175.5,176.0,55674
2016-10-13 00:00:00,174.5,176.0,173.5,176.0,46630
2016-10-12 00:00:00,174.5,175.5,173.5,174.5,23900
2016-10-11 00:00:00,176.0,176.0,173.5,174.5,34349
2016-10-10 00:00:00,172.5,174.5,172.0,174.5,60718
2016-10-07 00:00:00,171.5,172.0,169.5,171.5,32958
2016-10-06 00:00:00,172.0,172.0,169.0,171.5,37138
2016-10-05 00:00:00,170.0,173.0,169.0,172.5,94267
2016-10-04 00:00:00,168.0,171.5,167.5,170.0,115744
2016-10-03 00:00:00,167.0,170.0,166.5,167.0,212705
2016-09-30 00:00:00,165.0,167.0,165.0,167.0,54293
2016-09-29 00:00:00,168.5,170.0,165.5,168.5,42240
2016-09-28 00:00:00,168.0,168.0,164.5,168.0,83830
2016-09-27 00:00:00,168.5,168.5,166.0,167.5,39644
2016-09-26 00:00:00,170.5,170.5,166.5,167.5,283023
2016-09-23 00:00:00,170.0,170.5,168.0,170.5,22764
2016-09-22 00:00:00,170.0,171.0,168.5,170.5,60418
2016-09-21 00:00:00,170.5,170.5,169.0,170.0,33779
2016-09-20 00:00:00,173.0,173.0,167.5,169.0,64915
2016-09-19 00:00:00,170.0,174.5,170.0,173.0,84236
2016-09-16 00:00:00,167.0,170.5,165.5,170.5,139564
2016-09-15 00:00:00,170.0,170.0,165.5,167.5,25565
2016-09-14 00:00:00,166.0,170.0,166.0,170.0,156212
2016-09-13 00:00:00,168.0,171.0,167.5,167.5,68032
2016-09-12 00:00:00,169.0,170.0,166.0,168.5,87165
2016-09-09 00:00:00,173.5,175.0,169.5,170.5,79043
2016-09-08 00:00:00,173.0,176.5,173.0,173.5,93076
2016-09-07 00:00:00,172.0,175.0,172.0,173.5,725909
2016-09-06 00:00:00,172.5,173.0,170.5,172.0,137277
2016-09-05 00:00:00,169.5,174.5,169.5,172.0,157551
2016-09-02 00:00:00,167.0,169.0,166.5,169.0,33816
2016-09-01 00:00:00,169.5,173.5,166.5,166.5,103720
2016-08-31 00:00:00,168.0,170.0,165.5,166.5,118698
2016-08-30 00:00:00,166.5,170.0,166.5,168.0,186540
2016-08-29 00:00:00,165.0,168.5,164.5,166.5,32053
2016-08-26 00:00:00,163.0,166.5,161.5,165.0,646457
2016-08-25 00:00:00,169.0,172.0,161.5,162.5,56965
2016-08-24 00:00:00,165.0,167.5,163.0,167.5,446890
2016-08-23 00:00:00,164.5,164.5,162.5,164.0,48078
2016-08-22 00:00:00,161.5,163.0,159.5,162.5,45310
2016-08-19 00:00:00,155.0,161.0,154.0,160.0,313547
2016-08-18 00:00:00,151.5,155.0,151.5,155.0,28453
2016-08-17 00:00:00,153.0,153.5,151.0,151.0,19233
2016-08-16 00:00:00,154.5,154.5,152.0,153.0,45865
2016-08-15 00:00:00,154.5,155.0,152.5,153.5,21830
2016-08-12 00:00:00,156.0,156.5,153.0,154.0,24682
2016-08-11 00:00:00,156.0,156.5,155.0,156.5,11803
2016-08-10 00:00:00,155.0,156.5,153.5,154.5,14755
2016-08-09 00:00:00,153.5,156.5,152.5,155.0,25546
2016-08-08 00:00:00,151.5,154.5,151.0,153.0,32041
2016-08-05 00:00:00,153.0,153.0,151.0,152.0,27317
2016-08-04 00:00:00,150.5,153.0,148.75,153.0,54106
2016-08-03 00:00:00,152.0,152.0,148.5,150.5,33082
2016-08-02 00:00:00,149.5,152.5,146.5,152.0,48723
2016-08-01 00:00:00,156.0,157.0,147.5,148.5,221240
2016-07-29 00:00:00,154.0,156.0,152.5,155.5,23957
2016-07-28 00:00:00,152.0,155.0,152.0,155.0,26034
2016-07-27 00:00:00,153.5,153.5,150.5,151.5,64692
2016-07-26 00:00:00,152.5,153.5,151.0,152.0,26315
2016-07-25 00:00:00,154.0,154.0,153.0,153.0,16377
2016-07-22 00:00:00,155.0,155.5,152.5,153.0,27066
2016-07-21 00:00:00,154.0,157.0,153.5,156.0,26332
2016-07-20 00:00:00,157.5,158.5,156.5,158.0,81969
2016-07-19 00:00:00,154.0,158.0,154.0,157.5,23559
2016-07-18 00:00:00,151.0,156.5,150.0,156.0,34909
2016-07-15 00:00:00,152.5,152.5,150.0,151.5,73691
2016-07-14 00:00:00,145.0,152.5,144.25,152.5,113807
2016-07-13 00:00:00,142.25,144.75,140.5,141.25,71714
2016-07-12 00:00:00,145.0,145.0,141.75,142.5,31216
2016-07-11 00:00:00,141.25,143.75,139.75,143.5,30774
2016-07-08 00:00:00,140.5,140.5,139.0,140.5,22703
2016-07-07 00:00:00,137.0,141.25,137.0,140.5,31879
2016-07-06 00:00:00,134.5,139.0,134.25,136.75,87638
2016-07-05 00:00:00,142.5,142.5,138.0,140.25,71518
2016-07-04 00:00:00,140.0,142.25,138.0,141.75,42323
2016-07-01 00:00:00,141.25,144.75,140.5,143.0,256129
2016-06-30 00:00:00,131.25,141.0,131.25,140.25,112065
2016-06-29 00:00:00,140.0,140.0,129.75,133.0,267979
2016-06-28 00:00:00,130.25,134.5,130.0,130.5,139854
2016-06-27 00:00:00,133.75,135.25,128.25,130.25,107422
2016-06-24 00:00:00,,138.0,138.0,138.0,0
2016-06-23 00:00:00,137.0,139.0,136.5,138.0,24898
2016-06-22 00:00:00,138.25,140.5,138.0,138.5,49712
2016-06-21 00:00:00,135.0,139.25,135.0,139.0,52910
2016-06-20 00:00:00,134.5,138.25,134.5,138.25,16519
2016-06-17 00:00:00,130.25,135.25,130.25,134.5,143384
2016-06-16 00:00:00,132.5,134.0,129.25,131.5,56597
2016-06-15 00:00:00,132.0,136.75,131.5,131.75,52051
2016-06-14 00:00:00,138.0,138.25,134.0,134.0,30005
2016-06-13 00:00:00,141.75,142.0,137.75,137.75,31305
2016-06-10 00:00:00,142.75,142.75,141.25,141.75,36035
2016-06-09 00:00:00,142.0,144.25,140.5,142.75,41460
2016-06-08 00:00:00,143.0,143.5,142.0,143.0,29396
2016-06-07 00:00:00,141.5,143.0,141.5,143.0,40883
2016-06-06 00:00:00,,142.25,142.25,142.25,0
2016-06-03 00:00:00,141.25,142.75,140.0,142.25,22477
2016-06-02 00:00:00,139.5,142.0,138.75,141.0,16449
2016-06-01 00:00:00,141.0,142.25,137.5,140.5,70721
2016-05-31 00:00:00,141.0,144.75,138.5,141.0,211487
2016-05-30 00:00:00,143.0,144.5,142.25,143.5,41558
2016-05-27 00:00:00,143.5,143.5,141.25,143.0,42884
2016-05-26 00:00:00,142.5,143.25,140.25,143.25,20175
2016-05-25 00:00:00,144.0,144.5,141.25,142.5,22061
2016-05-24 00:00:00,140.0,143.0,140.0,142.25,32706
2016-05-23 00:00:00,144.0,144.0,142.25,142.75,154311
2016-05-20 00:00:00,142.0,144.0,142.0,142.25,12852
2016-05-19 00:00:00,142.0,143.75,142.0,142.25,24734
2016-05-18 00:00:00,142.0,144.25,142.0,142.25,15144
2016-05-17 00:00:00,142.0,144.75,142.0,143.5,26074
2016-05-16 00:00:00,144.0,144.0,140.25,142.75,17561
2016-05-13 00:00:00,142.25,144.0,141.0,143.75,28256
2016-05-12 00:00:00,142.0,142.75,140.75,142.0,26134
2016-05-11 00:00:00,140.25,142.75,139.25,142.75,322017
2016-05-10 00:00:00,141.75,143.25,138.5,140.25,23239
2016-05-09 00:00:00,141.0,141.75,140.0,141.0,69859
2016-05-06 00:00:00,139.5,142.5,139.5,141.0,50180
2016-05-05 00:00:00,138.75,140.25,136.5,140.25,331542
2016-05-04 00:00:00,138.75,140.25,136.5,140.25,331542
2016-05-03 00:00:00,141.25,141.25,136.5,138.0,33565
2016-05-02 00:00:00,139.0,142.25,137.0,141.25,26336
2016-04-29 00:00:00,141.0,141.0,135.25,137.5,39567
2016-04-28 00:00:00,139.0,140.0,136.5,139.75,56116
2016-04-27 00:00:00,142.5,143.5,139.0,141.0,61066
2016-04-26 00:00:00,138.75,142.5,137.5,142.5,29405
2016-04-25 00:00:00,139.5,139.5,137.0,137.75,19538
2016-04-22 00:00:00,140.0,142.0,138.75,139.25,28471
2016-04-21 00:00:00,137.5,140.5,137.5,140.5,24528
2016-04-20 00:00:00,142.75,144.0,138.0,140.0,46371
2016-04-19 00:00:00,143.0,144.0,142.0,142.75,30426
2016-04-18 00:00:00,144.5,145.25,143.25,143.25,43352
2016-04-15 00:00:00,144.5,146.25,143.25,145.5,20237
2016-04-14 00:00:00,146.5,148.25,144.5,144.5,39166
2016-04-13 00:00:00,148.0,149.0,146.25,146.75,36790
2016-04-12 00:00:00,149.5,149.75,146.5,147.75,49832
2016-04-11 00:00:00,148.0,151.0,148.0,150.0,33735
2016-04-08 00:00:00,146.5,148.75,146.5,148.0,34585
2016-04-07 00:00:00,149.25,150.5,146.0,147.5,66019
2016-04-06 00:00:00,150.0,153.0,148.25,152.0,11707
2016-04-05 00:00:00,151.0,151.0,148.0,151.0,116321
2016-04-04 00:00:00,150.0,150.5,147.0,150.0,17487
2016-04-01 00:00:00,148.25,150.0,148.0,150.0,28001
2016-03-31 00:00:00,149.5,151.0,148.0,149.0,26151
2016-03-30 00:00:00,151.5,153.0,149.0,151.5,48861
2016-03-29 00:00:00,147.75,151.5,147.75,151.5,27859
2016-03-28 00:00:00,147.0,148.25,147.5,147.5,6394
2016-03-25 00:00:00,147.0,148.25,146.75,147.5,6394
2016-03-24 00:00:00,147.0,148.25,146.75,147.5,6394
2016-03-23 00:00:00,143.25,149.0,143.25,147.0,23248
2016-03-22 00:00:00,144.0,146.0,143.0,145.75,44103
2016-03-21 00:00:00,141.0,143.75,141.0,143.5,9977
2016-03-18 00:00:00,143.0,145.0,140.5,141.0,45019
2016-03-17 00:00:00,141.5,143.0,139.25,142.25,37206
2016-03-16 00:00:00,142.0,142.75,141.25,142.25,21726
2016-03-15 00:00:00,139.0,143.5,138.0,142.0,36292
2016-03-14 00:00:00,142.0,143.5,139.5,139.75,28957
2016-03-11 00:00:00,140.5,142.5,140.5,141.75,19543
2016-03-10 00:00:00,137.0,144.0,137.0,140.5,55619
2016-03-09 00:00:00,140.0,140.0,137.5,139.25,135942
2016-03-08 00:00:00,140.75,140.75,139.0,140.0,16019
2016-03-07 00:00:00,142.75,143.75,139.0,139.75,27260
2016-03-04 00:00:00,141.25,145.0,141.25,143.0,46398
2016-03-03 00:00:00,143.25,143.25,141.0,141.25,9632
2016-03-02 00:00:00,143.25,144.25,140.75,142.25,18831
2016-03-01 00:00:00,141.0,143.75,138.5,143.25,53679
2016-02-29 00:00:00,137.0,140.5,137.0,139.25,34970
2016-02-26 00:00:00,138.0,140.5,137.0,139.0,54366
2016-02-25 00:00:00,139.25,139.5,137.5,138.0,53011
2016-02-24 00:00:00,137.0,140.0,135.75,136.0,40105
2016-02-23 00:00:00,139.75,139.75,137.0,137.5,23393
2016-02-22 00:00:00,138.5,140.25,137.0,139.75,35706
2016-02-19 00:00:00,141.0,141.0,136.5,139.0,38150
2016-02-18 00:00:00,137.5,140.75,135.75,140.5,55408
2016-02-17 00:00:00,134.0,138.0,134.0,137.0,28208
2016-02-16 00:00:00,133.0,135.75,133.0,134.0,127249
2016-02-15 00:00:00,134.0,136.75,131.75,133.0,40820
2016-02-12 00:00:00,130.0,134.75,128.5,134.75,76966
2016-02-11 00:00:00,134.5,134.5,126.5,128.0,67875
2016-02-10 00:00:00,133.0,135.0,131.75,134.75,102565
2016-02-09 00:00:00,127.0,131.5,124.25,131.0,303252
2016-02-08 00:00:00,134.0,134.5,127.0,128.0,82719
2016-02-05 00:00:00,135.5,137.25,133.75,134.0,31644
2016-02-04 00:00:00,135.0,136.5,132.0,135.5,36275
2016-02-03 00:00:00,134.0,137.0,131.5,134.75,21848
2016-02-02 00:00:00,139.0,139.0,134.25,135.0,24333
2016-02-01 00:00:00,135.0,137.25,134.75,135.75,32511
2016-01-29 00:00:00,137.0,137.0,133.75,134.75,84469
2016-01-28 00:00:00,136.25,137.25,133.0,136.0,53657
2016-01-27 00:00:00,139.25,141.25,135.5,136.25,47997
2016-01-26 00:00:00,130.0,135.0,130.0,135.0,24283
2016-01-25 00:00:00,133.0,135.5,132.5,134.0,29992
2016-01-22 00:00:00,132.75,135.25,130.0,134.5,37936
2016-01-21 00:00:00,128.75,131.5,126.25,128.25,42458
2016-01-20 00:00:00,130.0,132.75,128.75,129.25,51289
2016-01-19 00:00:00,129.0,133.25,129.0,133.0,80647
2016-01-18 00:00:00,130.0,131.5,123.5,129.0,58708
2016-01-15 00:00:00,134.0,136.25,130.5,132.0,378036
2016-01-14 00:00:00,139.0,139.0,134.0,134.0,83506
2016-01-13 00:00:00,138.5,139.75,135.0,136.5,105517
2016-01-12 00:00:00,137.0,139.25,137.0,138.25,505462
2016-01-11 00:00:00,138.5,138.5,136.75,137.5,52700
2016-01-08 00:00:00,137.0,139.5,135.75,138.5,241569
2016-01-07 00:00:00,135.25,139.5,133.0,137.0,45477
2016-01-06 00:00:00,,138.0,138.0,138.0,0
2016-01-05 00:00:00,140.5,141.5,137.25,138.0,12432
2016-01-04 00:00:00,142.75,142.75,139.75,140.75,30863
2016-01-01 00:00:00,,143.75,143.75,143.75,0
2015-12-31 00:00:00,,143.75,143.75,143.75,0
2015-12-30 00:00:00,147.5,147.75,143.5,143.75,15007
2015-12-29 00:00:00,140.5,148.5,140.5,147.25,28194
2015-12-28 00:00:00,142.25,145.5,139.75,143.5,24095
2015-12-25 00:00:00,138.0,142.5,137.75,142.5,38646
2015-12-24 00:00:00,138.0,142.5,137.75,142.5,38646
2015-12-23 00:00:00,138.0,142.5,137.75,142.5,38646
2015-12-22 00:00:00,138.0,138.0,134.0,138.0,145480
2015-12-21 00:00:00,136.0,137.5,133.5,134.0,36732
2015-12-18 00:00:00,135.0,137.0,134.0,136.0,56939
2015-12-17 00:00:00,137.0,137.75,136.0,137.0,109205
2015-12-16 00:00:00,131.75,135.75,131.75,135.25,27903
2015-12-15 00:00:00,129.5,133.75,129.5,133.25,51836
2015-12-14 00:00:00,135.0,135.0,128.75,129.5,58096
2015-12-11 00:00:00,133.0,134.75,131.75,131.75,44505
2015-12-10 00:00:00,132.25,133.75,132.0,133.0,28771
2015-12-09 00:00:00,132.0,136.5,132.0,132.25,107502
2015-12-08 00:00:00,136.25,137.0,133.0,136.0,46022
2015-12-07 00:00:00,132.0,136.75,132.0,136.75,61721
2015-12-04 00:00:00,132.25,132.25,131.0,131.5,47072
2015-12-03 00:00:00,137.0,137.25,131.5,132.5,123306
2015-12-02 00:00:00,136.5,138.5,135.5,137.25,45069
2015-12-01 00:00:00,134.75,137.5,134.5,136.5,135525
2015-11-30 00:00:00,128.25,135.0,128.25,134.75,47392
2015-11-27 00:00:00,129.0,130.0,128.25,129.5,68155
2015-11-26 00:00:00,133.0,133.0,128.75,129.0,56108
2015-11-25 00:00:00,130.25,131.0,129.5,130.25,60800
2015-11-24 00:00:00,133.0,133.0,130.0,130.25,59380
2015-11-23 00:00:00,133.0,136.0,133.0,134.25,53432
2015-11-20 00:00:00,135.75,136.75,134.25,134.5,69209
2015-11-19 00:00:00,134.0,137.5,134.0,136.0,65685
2015-11-18 00:00:00,134.0,135.75,132.75,133.75,33401
2015-11-17 00:00:00,130.0,135.0,130.0,134.75,49392
2015-11-16 00:00:00,131.0,132.25,127.5,131.0,85025
2015-11-13 00:00:00,127.0,131.75,127.0,130.25,33728
2015-11-12 00:00:00,132.5,133.5,129.75,131.0,51803
2015-11-11 00:00:00,133.0,134.0,131.75,132.25,65344
2015-11-10 00:00:00,131.0,132.5,129.25,130.25,93581
2015-11-09 00:00:00,129.75,133.0,129.75,131.75,65679
2015-11-06 00:00:00,130.0,131.0,129.5,130.5,118435
2015-11-05 00:00:00,128.0,130.0,127.25,129.75,45694
2015-11-04 00:00:00,128.0,130.0,126.75,130.0,115157
2015-11-03 00:00:00,124.25,127.5,124.0,127.5,252193
2015-11-02 00:00:00,124.0,127.0,124.0,124.75,81191
2015-10-30 00:00:00,125.25,127.5,124.75,126.5,38734
2015-10-29 00:00:00,125.5,126.75,125.25,126.75,38344
2015-10-28 00:00:00,125.25,125.75,124.0,125.25,54883
2015-10-27 00:00:00,126.75,127.5,124.5,125.0,33442
2015-10-26 00:00:00,123.5,127.75,123.5,127.75,111315
2015-10-23 00:00:00,123.0,124.75,119.25,123.75,138863
2015-10-22 00:00:00,122.0,124.25,121.25,123.0,60581
2015-10-21 00:00:00,123.5,124.0,121.75,121.75,59122
2015-10-20 00:00:00,118.75,124.25,118.75,123.5,131514
2015-10-19 00:00:00,117.5,119.0,117.5,118.5,14153
2015-10-16 00:00:00,118.25,120.0,117.5,117.5,56424
2015-10-15 00:00:00,118.5,118.5,116.5,118.25,82563
2015-10-14 00:00:00,117.5,118.5,116.5,118.25,119029
2015-10-13 00:00:00,118.75,119.0,116.5,117.5,107638
2015-10-12 00:00:00,119.0,121.0,117.5,118.5,36864
2015-10-09 00:00:00,120.0,121.0,119.0,119.75,28195
2015-10-08 00:00:00,120.0,120.0,118.25,120.0,26369
2015-10-07 00:00:00,120.5,121.0,119.25,119.25,133027
2015-10-06 00:00:00,120.0,120.5,118.75,120.5,77812
2015-10-05 00:00:00,116.25,121.0,116.0,120.25,48621
2015-10-02 00:00:00,114.75,116.75,114.5,116.5,122023
2015-10-01 00:00:00,114.0,117.0,113.75,114.5,46841
2015-09-30 00:00:00,114.25,116.5,113.75,115.75,92219
2015-09-29 00:00:00,113.25,114.25,112.75,113.0,50334
2015-09-28 00:00:00,112.5,114.25,112.5,114.25,90527
2015-09-25 00:00:00,118.5,118.5,113.5,114.25,251876
2015-09-24 00:00:00,114.5,115.5,111.25,112.0,114142
2015-09-23 00:00:00,115.5,116.25,113.75,116.25,99950
2015-09-22 00:00:00,115.75,117.75,113.75,116.5,70627
2015-09-21 00:00:00,115.0,117.75,115.0,117.75,84129
2015-09-18 00:00:00,116.5,117.75,116.25,117.5,94595
2015-09-17 00:00:00,117.0,118.25,117.0,118.0,45505
2015-09-16 00:00:00,118.0,119.5,117.0,117.0,71768
2015-09-15 00:00:00,116.5,118.0,114.5,117.25,82699
2015-09-14 00:00:00,119.0,122.0,116.5,116.75,567548
2015-09-11 00:00:00,119.5,120.75,119.0,120.5,117103
2015-09-10 00:00:00,117.0,120.0,117.0,119.5,75786
2015-09-09 00:00:00,118.5,120.0,118.25,119.0,101245
2015-09-08 00:00:00,116.25,118.75,115.75,117.25,149306
2015-09-07 00:00:00,114.75,116.5,114.0,116.0,54311
2015-09-04 00:00:00,114.0,115.5,113.5,114.75,58181
2015-09-03 00:00:00,113.5,116.5,113.5,116.25,53790
2015-09-02 00:00:00,113.5,115.25,111.25,114.25,65802
2015-09-01 00:00:00,115.25,115.25,113.0,114.0,2450470
2015-08-31 00:00:00,113.75,116.5,111.75,116.5,62463
2015-08-28 00:00:00,115.0,115.75,113.75,114.25,56865
2015-08-27 00:00:00,115.5,116.0,114.0,115.75,59053
2015-08-26 00:00:00,111.75,115.5,110.25,113.25,99509
2015-08-25 00:00:00,108.0,113.25,108.0,112.75,70183
2015-08-24 00:00:00,110.0,110.75,107.0,110.5,131797
2015-08-21 00:00:00,115.0,115.75,112.75,113.0,102289
2015-08-20 00:00:00,117.0,117.0,114.75,116.25,43233
2015-08-19 00:00:00,119.5,119.75,117.0,117.0,126019
2015-08-18 00:00:00,122.0,122.5,120.0,120.0,98596
2015-08-17 00:00:00,119.25,122.0,117.75,122.0,220635
2015-08-14 00:00:00,121.0,121.0,118.5,118.75,36275
2015-08-13 00:00:00,118.75,122.0,118.75,121.0,64012
2015-08-12 00:00:00,122.0,122.0,117.75,117.75,68055
2015-08-11 00:00:00,123.0,123.5,121.5,123.25,65076
2015-08-10 00:00:00,120.25,122.75,120.25,122.75,59397
2015-08-07 00:00:00,122.0,122.5,119.5,120.75,31183
2015-08-06 00:00:00,122.0,124.0,121.5,121.5,27175
2015-08-05 00:00:00,122.25,124.0,121.25,123.5,61238
2015-08-04 00:00:00,121.25,122.0,120.0,121.25,44335
2015-08-03 00:00:00,120.75,122.0,118.25,121.5,33172
2015-07-31 00:00:00,119.75,120.75,118.25,120.75,39384
2015-07-30 00:00:00,120.25,121.0,117.75,119.75,33355
2015-07-29 00:00:00,119.75,120.25,118.75,120.25,25554
2015-07-28 00:00:00,117.0,119.5,117.0,119.5,32555
2015-07-27 00:00:00,120.0,120.25,116.75,117.25,61805
2015-07-24 00:00:00,121.5,121.5,119.5,120.5,29585
2015-07-23 00:00:00,118.5,121.5,118.5,121.0,59592
2015-07-22 00:00:00,122.0,124.0,118.5,118.75,45485
2015-07-21 00:00:00,123.25,124.25,122.25,123.0,78886
2015-07-20 00:00:00,123.5,124.5,122.5,124.0,35050
2015-07-17 00:00:00,123.0,124.5,122.75,124.5,67270
2015-07-16 00:00:00,122.5,123.0,122.25,123.0,113365
2015-07-15 00:00:00,122.5,123.0,119.75,122.5,105712
2015-07-14 00:00:00,119.0,123.0,118.5,123.0,970978
2015-07-13 00:00:00,116.0,121.5,116.0,118.5,130360
2015-07-10 00:00:00,115.0,116.0,114.5,116.0,37987
2015-07-09 00:00:00,115.0,115.0,112.25,114.0,45756
2015-07-08 00:00:00,113.0,115.75,111.25,115.0,131274
2015-07-07 00:00:00,114.0,115.5,112.25,113.25,43971
2015-07-06 00:00:00,114.0,115.75,113.5,114.0,67022
2015-07-03 00:00:00,115.75,115.75,115.0,115.75,27883
2015-07-02 00:00:00,116.0,116.5,115.0,115.75,50965
2015-07-01 00:00:00,113.25,116.5,113.25,116.0,344125
2015-06-30 00:00:00,113.0,114.5,112.5,112.75,125234
2015-06-29 00:00:00,110.5,114.75,110.25,113.75,477464
2015-06-26 00:00:00,113.5,115.5,112.5,114.25,147448
2015-06-25 00:00:00,113.0,114.0,112.25,113.0,96525
2015-06-24 00:00:00,114.0,114.5,113.5,113.5,229822
2015-06-23 00:00:00,110.5,114.0,110.5,113.75,349073
2015-06-22 00:00:00,109.5,111.25,109.5,110.5,131883
2015-06-19 00:00:00,,110.0,110.0,110.0,0
2015-06-18 00:00:00,108.0,111.5,108.0,110.0,335174
2015-06-17 00:00:00,110.5,112.25,109.75,110.5,123631
2015-06-16 00:00:00,110.0,111.75,109.0,111.75,150074
2015-06-15 00:00:00,113.0,113.0,110.0,111.25,119416
2015-06-12 00:00:00,114.5,116.0,113.25,114.25,179476
2015-06-11 00:00:00,115.5,116.5,114.0,115.25,151247
2015-06-10 00:00:00,113.5,115.5,113.0,115.0,53735
2015-06-09 00:00:00,114.0,114.0,111.75,114.0,125743
2015-06-08 00:00:00,114.5,114.5,111.25,114.25,181537
2015-06-05 00:00:00,115.25,115.25,112.25,114.0,334879
2015-06-04 00:00:00,118.75,118.75,114.25,115.25,76045
2015-06-03 00:00:00,117.5,119.0,117.0,117.75,118974
2015-06-02 00:00:00,119.0,119.0,116.0,117.25,84991
2015-06-01 00:00:00,120.5,121.0,116.0,117.25,149602
2015-05-29 00:00:00,118.75,119.0,116.25,118.0,136750
2015-05-28 00:00:00,117.75,119.75,117.0,118.0,164414
2015-05-27 00:00:00,117.0,117.75,115.0,117.5,298879
2015-05-26 00:00:00,114.5,116.0,113.5,114.75,89145
2015-05-25 00:00:00,117.0,117.75,114.5,115.0,28859
2015-05-22 00:00:00,117.75,118.25,116.0,117.0,415100
2015-05-21 00:00:00,113.0,117.75,111.75,117.25,260732
2015-05-20 00:00:00,115.0,115.25,111.25,113.25,145050
2015-05-19 00:00:00,117.0,117.75,114.25,115.0,61434
2015-05-18 00:00:00,114.0,117.0,114.0,117.0,333755
2015-05-15 00:00:00,113.0,115.25,113.0,114.75,166291
2015-05-14 00:00:00,112.75,114.75,112.5,113.0,104422
2015-05-13 00:00:00,112.75,114.75,112.5,113.0,104422
2015-05-12 00:00:00,111.25,113.0,109.0,112.5,100211
2015-05-11 00:00:00,111.25,112.5,109.25,112.0,396621
2015-05-08 00:00:00,110.75,112.0,110.0,111.25,74982
2015-05-07 00:00:00,110.25,111.25,107.0,110.0,177468
2015-05-06 00:00:00,112.25,115.0,110.75,111.0,168395
2015-05-05 00:00:00,112.25,113.5,112.0,113.0,201837
2015-05-04 00:00:00,113.75,114.0,111.0,112.0,86419
2015-05-01 00:00:00,114.0,114.0,110.5,113.5,67584
2015-04-30 00:00:00,114.0,114.0,110.5,113.5,67584
2015-04-29 00:00:00,116.0,117.5,115.0,115.25,184104
2015-04-28 00:00:00,116.5,117.0,115.25,117.0,78486
2015-04-27 00:00:00,117.0,118.0,116.5,116.75,52265
2015-04-24 00:00:00,116.0,117.0,115.75,116.5,46056
2015-04-23 00:00:00,114.0,116.0,114.0,115.5,94393
2015-04-22 00:00:00,115.75,118.0,114.0,114.25,177938
2015-04-21 00:00:00,117.75,118.0,115.25,116.75,135430
2015-04-20 00:00:00,122.25,122.25,117.0,117.5,161727
2015-04-17 00:00:00,125.0,125.75,122.75,123.25,44018
2015-04-16 00:00:00,125.5,126.0,125.0,125.5,63828
2015-04-15 00:00:00,125.75,127.0,125.25,126.5,89571
2015-04-14 00:00:00,126.0,126.0,125.25,126.0,36752
2015-04-13 00:00:00,126.0,126.5,125.5,125.75,51927
2015-04-10 00:00:00,125.0,126.5,125.0,126.0,32116
2015-04-09 00:00:00,125.5,128.0,124.75,125.75,63450
2015-04-08 00:00:00,124.0,126.5,122.25,125.0,54573
2015-04-07 00:00:00,121.0,124.25,121.0,124.0,198899
2015-04-02 00:00:00,120.5,121.5,120.25,120.5,20316
2015-04-01 00:00:00,120.0,121.25,120.0,120.5,40877
2015-03-31 00:00:00,119.75,121.0,119.0,120.25,188653
2015-03-30 00:00:00,122.0,122.75,119.25,120.0,118086
2015-03-27 00:00:00,120.0,122.75,120.0,121.75,76716
2015-03-26 00:00:00,122.5,122.5,120.0,120.5,47658
2015-03-25 00:00:00,123.75,124.0,122.0,122.75,86802
2015-03-24 00:00:00,121.5,124.0,121.25,123.75,80838
2015-03-23 00:00:00,120.0,121.5,119.75,121.5,140783
2015-03-20 00:00:00,119.25,120.25,118.5,120.25,261168
2015-03-19 00:00:00,117.5,119.25,117.25,119.25,156597
2015-03-18 00:00:00,118.75,118.75,116.5,117.0,138056
2015-03-17 00:00:00,120.5,120.5,117.5,118.0,110350
2015-03-16 00:00:00,118.75,120.5,118.75,120.25,59885
2015-03-13 00:00:00,120.0,120.5,118.75,119.25,74634
2015-03-12 00:00:00,121.0,121.0,118.25,119.5,125060
2015-03-11 00:00:00,119.0,120.75,118.25,120.0,83233
2015-03-10 00:00:00,122.5,123.25,119.5,120.5,37475
2015-03-09 00:00:00,122.5,124.0,120.25,123.0,67243
2015-03-06 00:00:00,123.5,125.0,122.0,122.5,50230
2015-03-05 00:00:00,121.5,124.75,121.5,124.5,75182
2015-03-04 00:00:00,122.0,123.0,119.75,122.5,72223
2015-03-03 00:00:00,125.0,126.0,121.75,122.0,67380
2015-03-02 00:00:00,126.25,128.75,125.0,126.0,40557
2015-02-27 00:00:00,127.0,127.75,126.0,127.0,39869
2015-02-26 00:00:00,125.75,127.75,125.0,127.0,79298
2015-02-25 00:00:00,124.25,126.25,124.0,125.75,112425
2015-02-24 00:00:00,126.0,126.0,123.75,124.25,62844
2015-02-23 00:00:00,124.75,126.25,123.75,125.5,85382
2015-02-20 00:00:00,125.25,126.0,123.75,125.0,240393
2015-02-19 00:00:00,124.75,126.25,123.25,125.25,44540
2015-02-18 00:00:00,125.0,125.0,123.0,124.75,59946
2015-02-17 00:00:00,122.5,125.25,121.75,124.0,111321
2015-02-16 00:00:00,122.0,124.0,121.5,124.0,50471
2015-02-13 00:00:00,122.5,123.0,121.0,122.0,248002
2015-02-12 00:00:00,120.0,123.75,118.0,122.5,115478
2015-02-11 00:00:00,124.0,124.25,118.75,120.0,158124
2015-02-10 00:00:00,129.75,129.75,122.75,124.5,299239
2015-02-09 00:00:00,128.0,130.0,126.5,130.0,60243
2015-02-06 00:00:00,127.5,128.0,125.5,128.0,71384
2015-02-05 00:00:00,126.75,128.0,125.75,127.0,94869
2015-02-04 00:00:00,127.0,127.25,125.25,126.25,69176
2015-02-03 00:00:00,124.5,126.5,124.5,126.0,41010
2015-02-02 00:00:00,127.0,127.0,124.25,124.5,98503
2015-01-30 00:00:00,123.25,127.0,122.75,127.0,161883
2015-01-29 00:00:00,125.5,126.25,123.0,123.25,84172
2015-01-28 00:00:00,129.5,129.5,124.75,125.0,396374
2015-01-27 00:00:00,130.0,130.0,127.0,127.25,67333
2015-01-26 00:00:00,126.0,130.0,123.0,130.0,120305
2015-01-23 00:00:00,129.0,129.25,126.25,126.25,133992
2015-01-22 00:00:00,129.5,129.75,126.75,128.25,268208
2015-01-21 00:00:00,131.0,131.0,128.0,130.0,111212
2015-01-20 00:00:00,128.0,131.0,127.0,131.0,61877
2015-01-19 00:00:00,126.25,129.5,126.25,127.5,232125
2015-01-16 00:00:00,126.5,127.0,123.75,126.25,139165
2015-01-15 00:00:00,125.5,126.0,124.0,126.0,25126
2015-01-14 00:00:00,125.75,126.0,124.5,124.5,48651
2015-01-13 00:00:00,126.0,126.75,125.5,125.5,35516
2015-01-12 00:00:00,125.0,126.75,123.75,126.25,86654
2015-01-09 00:00:00,125.25,126.0,124.0,125.0,54316
2015-01-08 00:00:00,123.75,124.75,123.75,124.5,73257
2015-01-07 00:00:00,126.75,127.0,123.75,124.0,59225
2015-01-06 00:00:00,,127.25,127.25,127.25,0
2015-01-05 00:00:00,127.25,127.25,126.25,127.25,21517
2015-01-02 00:00:00,126.25,130.0,126.25,127.25,52632
2015-01-01 00:00:00,126.25,126.25,124.0,126.0,43088
2014-12-30 00:00:00,126.25,126.25,124.0,126.0,43088
2014-12-29 00:00:00,125.25,126.75,124.75,126.25,60913
2014-12-23 00:00:00,123.5,126.0,123.5,125.0,48787
2014-12-22 00:00:00,123.25,124.25,122.75,124.25,45551
2014-12-19 00:00:00,124.0,124.5,122.0,123.5,34663
2014-12-18 00:00:00,120.0,124.0,119.75,123.25,99671
2014-12-17 00:00:00,119.5,119.75,116.75,119.5,57161
2014-12-16 00:00:00,119.25,119.5,117.0,118.75,109143
2014-12-15 00:00:00,118.0,120.5,117.75,118.75,108568
2014-12-12 00:00:00,120.5,120.5,118.0,118.5,63039
2014-12-11 00:00:00,122.0,122.25,120.0,121.0,132173
2014-12-10 00:00:00,120.0,122.75,119.0,122.75,144410
2014-12-09 00:00:00,121.5,121.5,119.25,120.5,175531
2014-12-08 00:00:00,122.0,122.0,119.5,120.0,56393
2014-12-05 00:00:00,122.5,122.5,120.25,120.25,57040
2014-12-04 00:00:00,120.5,121.5,119.5,121.5,144722
2014-12-03 00:00:00,118.5,120.5,118.5,120.25,147778
2014-12-02 00:00:00,119.0,119.75,118.0,119.0,51705
2014-12-01 00:00:00,119.5,119.75,118.5,119.0,55945
2014-11-28 00:00:00,119.0,119.75,117.5,119.25,40283
2014-11-27 00:00:00,119.0,120.0,118.75,118.75,55424
2014-11-26 00:00:00,119.75,119.75,118.0,119.0,183563
2014-11-25 00:00:00,119.5,119.5,118.0,119.5,73816
2014-11-24 00:00:00,118.0,119.75,118.0,118.0,48875
2014-11-21 00:00:00,118.0,118.0,116.25,118.0,230871
2014-11-20 00:00:00,117.25,118.5,116.5,117.5,80659
2014-11-19 00:00:00,118.0,118.5,115.5,116.0,53964
2014-11-18 00:00:00,116.25,118.25,116.25,116.5,69149
2014-11-17 00:00:00,118.25,118.5,116.0,116.25,88108
2014-11-14 00:00:00,118.5,120.0,117.0,117.25,88300
2014-11-13 00:00:00,117.0,120.0,117.0,118.5,95881
2014-11-12 00:00:00,118.75,118.75,115.5,116.0,75384
2014-11-11 00:00:00,116.75,119.0,116.75,118.0,56775
2014-11-10 00:00:00,116.5,118.0,114.0,116.75,58046
2014-11-07 00:00:00,114.5,116.0,114.25,116.0,72972
2014-11-06 00:00:00,113.5,115.0,112.0,114.0,220382
2014-11-05 00:00:00,113.0,114.25,112.0,112.25,134658
2014-11-04 00:00:00,115.0,116.5,111.5,111.5,196788
2014-11-03 00:00:00,111.5,115.5,111.25,113.0,181591
2014-10-31 00:00:00,109.25,112.0,108.75,111.75,62438
2014-10-30 00:00:00,109.75,110.0,108.5,108.5,31222
2014-10-29 00:00:00,109.75,109.75,108.5,108.75,19261
2014-10-28 00:00:00,108.0,109.25,107.5,108.0,35160
2014-10-24 00:00:00,107.5,108.5,106.75,107.0,84665
2014-10-23 00:00:00,105.5,108.5,104.0,107.5,103065
2014-10-22 00:00:00,102.0,108.0,101.5,105.25,102753
2014-10-21 00:00:00,102.5,105.0,100.25,100.5,115662
2014-10-20 00:00:00,103.75,104.25,99.25,102.25,46595
2014-10-17 00:00:00,98.5,102.5,98.25,102.5,132848
2014-10-16 00:00:00,97.0,98.75,95.5,98.0,113661
2014-10-15 00:00:00,99.5,99.5,97.0,98.25,115028
2014-10-14 00:00:00,98.75,100.0,97.75,99.0,121836
2014-10-13 00:00:00,98.25,102.0,97.0,99.25,120060
2014-10-10 00:00:00,101.0,101.0,96.5,98.5,155088
2014-10-09 00:00:00,109.25,109.25,99.5,102.0,96897
2014-10-08 00:00:00,108.0,108.75,106.25,106.5,233376
2014-10-07 00:00:00,109.25,110.0,108.0,108.75,114817
2014-10-06 00:00:00,108.0,109.25,106.75,108.5,44188
2014-10-03 00:00:00,104.75,109.25,104.75,108.0,44944
2014-10-02 00:00:00,107.0,107.25,104.0,105.0,82373
2014-10-01 00:00:00,110.0,110.0,106.25,107.5,35271
2014-09-30 00:00:00,108.0,110.5,106.5,110.0,56191
2014-09-29 00:00:00,108.25,110.5,106.0,108.0,90854
2014-09-26 00:00:00,110.5,110.5,107.5,108.0,97739
2014-09-25 00:00:00,111.5,112.25,110.0,110.5,61347
2014-09-24 00:00:00,112.0,112.25,110.0,110.75,94370
2014-09-23 00:00:00,112.75,113.0,111.25,112.0,51572
2014-09-22 00:00:00,114.0,114.25,112.5,112.75,34895
2014-09-19 00:00:00,115.75,116.0,113.0,114.0,29005
2014-09-18 00:00:00,115.75,117.75,113.75,114.75,47046
2014-09-17 00:00:00,112.5,115.75,112.25,114.5,63454
2014-09-16 00:00:00,112.0,112.25,110.0,112.0,115647
2014-09-15 00:00:00,113.25,113.25,110.5,111.5,85010
2014-09-12 00:00:00,113.0,116.5,111.25,113.25,100565
2014-09-11 00:00:00,114.25,116.75,113.0,113.0,47957
2014-09-10 00:00:00,118.0,118.0,114.0,114.25,42366
2014-09-09 00:00:00,116.75,117.75,116.0,117.0,33062
2014-09-08 00:00:00,119.0,120.25,116.5,117.0,60165
2014-09-05 00:00:00,121.5,121.75,118.0,118.0,46590
2014-09-04 00:00:00,121.75,121.75,120.25,120.5,44519
2014-09-03 00:00:00,119.5,122.0,119.5,119.75,110775
2014-09-02 00:00:00,115.25,121.0,115.0,119.75,116837
2014-09-01 00:00:00,116.5,117.5,115.0,115.0,38290
2014-08-29 00:00:00,117.25,117.25,113.25,114.5,32051
2014-08-28 00:00:00,117.25,117.25,114.75,115.5,46771
2014-08-27 00:00:00,113.0,117.75,113.0,117.0,44834
2014-08-26 00:00:00,111.5,114.0,111.5,114.0,29465
2014-08-25 00:00:00,113.5,114.0,112.0,112.25,25466
2014-08-22 00:00:00,113.5,113.5,112.25,113.25,21688
2014-08-21 00:00:00,112.0,113.5,112.0,113.5,96608
2014-08-20 00:00:00,113.0,113.75,111.0,112.0,36896
2014-08-19 00:00:00,111.0,113.0,111.0,112.5,66914
2014-08-18 00:00:00,112.0,113.0,111.0,111.0,33455
2014-08-15 00:00:00,113.0,113.0,111.5,112.25,40325
2014-08-14 00:00:00,113.0,113.0,111.0,111.75,49041
2014-08-13 00:00:00,112.5,114.75,111.75,112.75,105904
2014-08-12 00:00:00,112.5,113.25,110.75,112.5,51937
2014-08-11 00:00:00,110.0,112.75,110.0,111.5,38171
2014-08-08 00:00:00,110.0,110.25,108.75,109.5,116586
2014-08-07 00:00:00,111.75,111.75,109.25,110.5,105873
2014-08-06 00:00:00,112.25,112.75,109.25,111.5,47785
2014-08-05 00:00:00,111.5,112.5,110.0,111.5,76587
2014-08-04 00:00:00,112.0,112.25,110.5,111.0,66637
2014-08-01 00:00:00,116.25,116.25,112.0,112.0,64035
2014-07-31 00:00:00,117.25,117.25,114.0,115.75,55888
2014-07-30 00:00:00,118.75,118.75,117.0,117.5,28279
2014-07-29 00:00:00,117.25,119.0,116.75,118.75,36510
2014-07-28 00:00:00,118.75,118.75,116.5,117.0,20440
2014-07-25 00:00:00,119.0,119.25,118.0,118.0,17423
2014-07-24 00:00:00,120.75,120.75,117.75,118.75,18715
2014-07-23 00:00:00,115.0,120.0,115.0,120.0,46880
2014-07-22 00:00:00,117.5,117.5,114.0,115.0,53502
2014-07-21 00:00:00,117.75,118.25,115.25,116.5,35587
2014-07-18 00:00:00,120.0,120.0,117.0,117.25,34144
2014-07-17 00:00:00,119.75,120.0,118.0,120.0,55695
2014-07-16 00:00:00,120.0,121.0,119.0,119.0,42464
2014-07-15 00:00:00,121.0,122.5,119.0,119.25,106283
2014-07-14 00:00:00,118.25,122.0,118.25,120.75,59577
2014-07-11 00:00:00,117.0,121.0,115.75,117.25,75179
2014-07-10 00:00:00,121.0,121.25,117.0,117.0,55107
2014-07-09 00:00:00,121.5,123.0,120.0,120.0,34624
2014-07-08 00:00:00,124.25,124.25,121.0,121.5,40298
2014-07-07 00:00:00,125.25,125.5,122.5,122.5,35125
2014-07-04 00:00:00,123.25,127.5,123.25,125.0,74223
2014-07-03 00:00:00,119.75,125.5,119.75,123.25,99266
2014-07-02 00:00:00,119.5,120.5,117.75,119.5,76031
2014-07-01 00:00:00,121.25,121.25,119.0,119.0,23087
2014-06-30 00:00:00,119.75,120.75,119.0,119.75,39683
2014-06-27 00:00:00,119.0,120.0,117.5,119.0,60974
2014-06-26 00:00:00,119.75,120.25,118.5,119.0,131290
2014-06-25 00:00:00,121.0,121.25,118.75,118.75,62538
2014-06-24 00:00:00,122.0,122.0,120.5,120.75,47534
2014-06-23 00:00:00,121.0,122.25,119.0,120.5,59251
2014-06-20 00:00:00,,119.0,119.0,119.0,0
2014-06-19 00:00:00,120.5,122.0,119.0,119.0,176371
2014-06-18 00:00:00,123.0,123.0,120.0,120.25,104036
2014-06-17 00:00:00,123.75,125.0,120.0,122.0,40461
2014-06-16 00:00:00,124.5,124.75,119.75,121.5,55038
2014-06-13 00:00:00,119.25,125.25,117.0,123.0,628328
2014-06-12 00:00:00,119.0,120.0,118.0,118.75,85414
2014-06-11 00:00:00,121.0,121.0,119.0,119.0,65278
2014-06-10 00:00:00,121.5,121.5,119.0,119.75,129430
2014-06-09 00:00:00,119.5,122.75,119.5,121.25,48636
2014-06-06 00:00:00,,119.5,119.5,119.5,0
2014-06-05 00:00:00,120.0,120.0,119.0,119.5,290056
2014-06-04 00:00:00,120.75,121.0,119.5,120.5,107942
2014-06-03 00:00:00,121.5,121.75,119.75,120.25,84270
2014-06-02 00:00:00,121.5,122.0,120.75,120.75,576382
2014-05-30 00:00:00,121.25,122.0,119.75,120.75,164994
2014-05-28 00:00:00,123.0,123.5,121.0,121.0,73086
2014-05-27 00:00:00,123.0,123.75,122.75,122.75,51536
2014-05-26 00:00:00,125.0,125.0,122.75,123.0,30472
2014-05-23 00:00:00,124.5,125.0,122.0,124.25,130708
2014-05-22 00:00:00,123.75,125.0,123.0,124.5,475144
2014-05-21 00:00:00,122.75,124.0,122.75,124.0,77740
2014-05-20 00:00:00,124.0,124.0,123.0,123.5,92030
2014-05-19 00:00:00,124.75,124.75,123.5,124.0,34570
2014-05-16 00:00:00,125.0,125.0,123.25,124.0,63058
2014-05-15 00:00:00,126.5,127.0,124.0,125.5,242232
2014-05-14 00:00:00,127.5,127.75,126.25,127.0,440540
2014-05-13 00:00:00,129.5,130.25,126.75,127.5,97038
2014-05-12 00:00:00,129.25,129.5,126.75,129.0,37578
2014-05-09 00:00:00,125.5,128.25,124.75,127.5,52984
2014-05-08 00:00:00,124.5,126.0,124.25,126.0,38960
2014-05-07 00:00:00,125.75,126.5,122.25,122.25,125672
2014-05-06 00:00:00,122.0,126.25,121.25,124.0,135900
2014-05-05 00:00:00,120.0,123.75,119.25,122.75,68028
2014-05-02 00:00:00,117.5,119.25,117.0,119.0,99856
2014-05-01 00:00:00,,117.5,117.5,117.5,0
2014-04-30 00:00:00,117.5,118.0,117.0,117.5,42254
2014-04-29 00:00:00,119.0,119.25,116.5,117.5,600476
2014-04-28 00:00:00,120.5,120.75,117.75,117.75,53792
2014-04-25 00:00:00,121.5,121.5,120.25,120.5,25064
2014-04-24 00:00:00,120.75,122.0,120.0,121.5,43870
2014-04-23 00:00:00,119.0,121.5,119.0,120.75,67338
2014-04-22 00:00:00,117.75,118.75,117.0,118.75,30146
2014-04-17 00:00:00,116.25,117.0,115.25,115.5,30748
2014-04-16 00:00:00,115.75,117.5,115.75,116.0,49064
2014-04-15 00:00:00,118.5,118.5,115.0,116.25,87754
2014-04-14 00:00:00,118.5,119.5,116.0,118.5,19208
2014-04-11 00:00:00,121.0,121.0,118.25,118.5,66306
2014-04-10 00:00:00,125.0,125.5,121.0,121.25,50434
2014-04-09 00:00:00,123.75,125.0,123.0,124.25,26142
2014-04-08 00:00:00,124.75,127.25,122.5,122.5,37120
2014-04-07 00:00:00,124.5,128.25,124.25,124.25,123048
2014-04-04 00:00:00,125.5,126.5,125.0,125.0,80136
2014-04-03 00:00:00,122.5,127.0,122.5,125.5,189316
2014-04-02 00:00:00,118.5,122.75,118.5,122.75,118920
2014-04-01 00:00:00,120.0,122.25,118.5,118.5,43278
2014-03-31 00:00:00,117.0,121.75,117.0,120.0,63794
2014-03-28 00:00:00,115.5,117.5,115.0,117.0,162366
2014-03-27 00:00:00,115.0,115.0,113.0,115.0,263850
2014-03-26 00:00:00,115.0,115.0,114.25,115.0,15634
2014-03-25 00:00:00,114.5,115.5,114.5,114.75,17578
2014-03-24 00:00:00,112.0,114.5,112.0,114.0,38456
2014-03-21 00:00:00,117.0,117.25,112.0,112.0,69606
2014-03-20 00:00:00,115.0,116.5,112.25,116.5,32926
2014-03-19 00:00:00,115.5,117.0,115.0,115.25,42114
2014-03-18 00:00:00,114.0,115.25,112.0,115.25,48470
2014-03-17 00:00:00,111.25,115.75,111.25,114.0,21152
2014-03-14 00:00:00,112.75,114.25,110.0,112.75,48194
2014-03-13 00:00:00,113.25,114.25,112.0,113.25,31612
2014-03-12 00:00:00,113.5,113.5,112.25,112.25,21620
2014-03-11 00:00:00,116.75,117.0,112.75,113.5,70834
2014-03-10 00:00:00,118.75,120.75,115.0,115.0,52812
2014-03-07 00:00:00,118.25,121.0,118.25,118.5,55926
2014-03-06 00:00:00,114.75,119.0,114.5,117.5,96450
2014-03-05 00:00:00,113.5,114.75,112.5,114.75,79346
2014-03-04 00:00:00,110.25,113.5,110.0,113.5,374142
2014-03-03 00:00:00,110.5,112.25,109.5,111.5,61552
2014-02-28 00:00:00,114.75,114.75,113.5,114.5,27018
2014-02-27 00:00:00,114.75,116.25,114.0,114.75,28154
2014-02-26 00:00:00,116.5,117.5,115.5,116.25,18162
2014-02-25 00:00:00,114.75,118.25,114.0,116.5,54480
2014-02-24 00:00:00,112.25,114.75,112.25,114.5,44592
2014-02-21 00:00:00,110.75,112.75,110.75,112.25,41770
2014-02-20 00:00:00,110.75,110.75,110.0,110.75,18652
2014-02-19 00:00:00,110.0,111.5,110.0,110.75,23596
2014-02-18 00:00:00,109.75,110.5,109.5,109.75,244886
2014-02-17 00:00:00,111.5,111.5,110.0,110.25,48988
2014-02-14 00:00:00,110.75,112.75,109.25,110.75,59210
2014-02-13 00:00:00,109.75,110.0,108.25,110.0,34686
2014-02-12 00:00:00,111.5,113.0,108.5,109.75,583670
2014-02-11 00:00:00,113.5,114.25,110.0,110.0,62452
2014-02-10 00:00:00,108.5,111.5,108.25,111.0,50142
2014-02-07 00:00:00,108.25,108.25,107.0,107.5,41034
2014-02-06 00:00:00,107.5,108.25,106.25,107.5,46222
2014-02-05 00:00:00,105.75,108.25,105.75,107.5,31870
2014-02-04 00:00:00,106.5,106.75,104.5,105.75,26640
2014-02-03 00:00:00,106.0,107.5,105.25,107.25,48490
2014-01-31 00:00:00,107.0,108.5,104.5,106.0,235350
2014-01-30 00:00:00,109.75,109.75,105.25,107.5,210728
2014-01-29 00:00:00,111.5,111.5,108.5,109.0,36416
2014-01-28 00:00:00,111.5,112.75,110.25,111.25,31622
2014-01-27 00:00:00,113.0,113.25,109.25,111.0,73900
2014-01-24 00:00:00,115.75,118.75,113.0,113.0,62612
2014-01-23 00:00:00,117.75,119.0,115.25,116.25,99388
2014-01-22 00:00:00,119.0,119.75,116.25,117.5,47570
2014-01-21 00:00:00,117.75,119.0,117.0,118.25,55528
2014-01-20 00:00:00,115.25,118.75,115.25,117.5,54620
2014-01-17 00:00:00,112.0,119.0,112.0,116.75,65828
2014-01-16 00:00:00,114.75,115.0,112.0,112.0,87232
2014-01-15 00:00:00,112.5,114.25,112.25,114.25,21608
2014-01-14 00:00:00,113.75,113.75,111.0,112.0,49716
2014-01-13 00:00:00,112.25,115.0,112.25,114.0,164722
2014-01-10 00:00:00,110.5,111.75,110.5,111.25,65572
2014-01-09 00:00:00,110.0,112.5,110.0,110.5,61208
2014-01-08 00:00:00,111.0,111.75,110.5,111.0,37846
2014-01-07 00:00:00,110.5,111.5,110.25,111.0,22890
2014-01-06 00:00:00,,111.5,111.5,111.5,0
2014-01-03 00:00:00,112.0,113.5,111.25,111.5,29890
2014-01-02 00:00:00,112.0,113.75,111.0,111.5,18772
2013-12-31 00:00:00,,112.5,112.5,112.5,0
2013-12-30 00:00:00,112.0,114.75,112.0,112.5,69468
2013-12-27 00:00:00,111.25,112.75,111.25,112.75,25072
2013-12-23 00:00:00,109.0,111.5,107.25,111.25,38442
2013-12-20 00:00:00,105.5,108.5,105.25,108.5,74238
2013-12-19 00:00:00,107.25,108.25,104.5,105.0,48652
2013-12-18 00:00:00,108.0,108.0,106.5,106.75,50542
2013-12-17 00:00:00,106.5,107.75,105.75,107.25,105552
2013-12-16 00:00:00,106.5,107.25,106.0,106.5,101792
2013-12-13 00:00:00,107.25,108.25,105.75,106.5,43260
2013-12-12 00:00:00,107.25,108.0,106.0,107.5,47922
2013-12-11 00:00:00,106.75,108.25,106.25,108.0,238798
2013-12-10 00:00:00,107.0,108.25,107.0,107.0,73232
2013-12-09 00:00:00,108.0,108.0,107.0,107.0,739300
2013-12-06 00:00:00,106.75,107.75,106.75,107.75,41762
2013-12-05 00:00:00,107.0,108.0,106.0,106.5,65252
2013-12-04 00:00:00,107.25,107.5,106.0,106.75,50730
2013-12-03 00:00:00,107.75,107.75,106.25,107.25,58784
2013-12-02 00:00:00,108.0,108.0,107.25,107.75,47062
2013-11-29 00:00:00,107.75,107.75,106.5,107.75,48018
2013-11-28 00:00:00,107.5,107.75,106.5,107.5,75302
2013-11-27 00:00:00,107.0,107.75,105.5,107.0,346124
2013-11-26 00:00:00,107.5,108.5,107.0,107.0,112760
2013-11-25 00:00:00,106.0,108.5,106.0,107.5,99948
2013-11-22 00:00:00,107.75,109.0,106.5,107.0,137118
2013-11-21 00:00:00,110.0,110.0,107.0,107.75,121782
2013-11-20 00:00:00,110.5,111.25,110.0,110.25,43336
2013-11-19 00:00:00,111.25,111.75,109.0,111.0,44620
2013-11-18 00:00:00,112.0,113.0,111.25,112.0,68456
2013-11-15 00:00:00,110.0,112.75,110.0,112.0,63340
2013-11-14 00:00:00,109.25,110.75,107.5,110.0,157688
2013-11-13 00:00:00,108.5,108.75,106.25,108.5,55702
2013-11-12 00:00:00,107.5,110.25,107.5,108.5,81392
2013-11-11 00:00:00,106.25,108.0,105.75,107.5,63644
2013-11-08 00:00:00,105.0,107.0,105.0,107.0,69398
2013-11-07 00:00:00,104.75,106.75,104.5,106.75,127758
2013-11-06 00:00:00,104.0,105.0,103.75,104.5,70398
2013-11-05 00:00:00,101.0,104.25,101.0,104.0,132660
2013-11-04 00:00:00,101.5,102.75,101.25,101.25,69902
2013-11-01 00:00:00,102.25,102.75,100.75,101.5,176138
2013-10-31 00:00:00,102.25,102.5,101.75,102.5,63090
2013-10-30 00:00:00,102.5,103.0,101.75,102.25,33008
2013-10-29 00:00:00,103.5,103.5,101.0,102.5,35396
2013-10-28 00:00:00,104.5,104.5,103.25,103.5,30270
2013-10-25 00:00:00,104.5,104.5,103.5,104.0,38466
2013-10-24 00:00:00,104.0,105.25,104.0,105.0,65476
2013-10-23 00:00:00,107.25,107.25,103.5,103.5,114810
2013-10-22 00:00:00,105.0,107.25,103.25,107.25,168446
2013-10-21 00:00:00,102.0,105.0,99.25,103.75,168862
2013-10-18 00:00:00,100.5,103.0,99.5,103.0,64476
2013-10-17 00:00:00,98.75,100.0,98.25,100.0,92482
2013-10-16 00:00:00,98.5,99.25,97.0,98.5,236230
2013-10-15 00:00:00,97.25,99.0,97.0,98.5,201036
2013-10-14 00:00:00,97.5,98.0,96.25,96.75,145298
2013-10-11 00:00:00,99.25,99.5,97.0,97.5,113026
2013-10-10 00:00:00,97.75,99.75,97.75,98.75,93428
2013-10-09 00:00:00,100.75,100.75,97.5,97.5,111316
2013-10-08 00:00:00,103.25,104.75,101.0,101.0,95152
2013-10-07 00:00:00,102.75,103.25,100.5,103.25,68454
2013-10-04 00:00:00,103.5,104.0,103.0,103.0,61204
2013-10-03 00:00:00,104.0,105.5,103.5,103.5,111678
2013-10-02 00:00:00,105.75,106.25,105.5,106.0,125598
2013-10-01 00:00:00,105.0,107.75,103.25,106.25,102838
2013-09-30 00:00:00,104.25,105.0,103.5,105.0,112082
2013-09-27 00:00:00,105.0,105.5,105.0,105.0,23340
2013-09-26 00:00:00,105.75,105.75,104.75,105.25,19636
2013-09-25 00:00:00,105.25,107.5,105.25,106.0,27662
2013-09-24 00:00:00,105.0,107.0,104.5,107.0,45658
2013-09-23 00:00:00,106.0,106.0,104.25,104.75,146762
2013-09-20 00:00:00,105.5,107.5,105.0,106.0,44114
2013-09-19 00:00:00,105.5,105.5,104.5,105.25,35392
2013-09-18 00:00:00,105.25,105.25,104.25,105.0,44938
2013-09-17 00:00:00,103.0,105.0,103.0,104.75,44802
2013-09-16 00:00:00,104.5,105.0,103.5,103.5,60944
2013-09-13 00:00:00,103.0,105.25,102.75,104.0,76776
2013-09-12 00:00:00,103.0,103.5,103.0,103.5,23408
2013-09-11 00:00:00,101.5,103.25,101.5,102.75,57652
2013-09-10 00:00:00,101.5,104.0,101.0,101.75,60528
2013-09-09 00:00:00,101.5,101.5,100.25,100.75,54518
2013-09-06 00:00:00,101.25,101.75,100.5,101.75,46770
2013-09-05 00:00:00,98.75,101.25,98.75,101.25,85610
2013-09-04 00:00:00,100.0,100.0,98.0,99.0,76834
2013-09-03 00:00:00,99.5,101.0,98.5,99.5,110908
2013-09-02 00:00:00,98.75,99.75,98.75,99.75,66724
2013-08-30 00:00:00,95.75,98.75,94.5,98.75,78530
2013-08-29 00:00:00,97.0,97.25,95.75,96.25,54140
2013-08-28 00:00:00,97.0,97.25,95.75,97.0,254980
2013-08-27 00:00:00,97.5,97.75,96.25,97.0,73444
2013-08-26 00:00:00,98.25,98.25,96.25,97.0,26984
2013-08-23 00:00:00,98.0,98.5,96.25,97.75,320640
2013-08-22 00:00:00,97.5,99.25,97.5,97.5,274838
2013-08-21 00:00:00,99.0,99.5,97.75,97.75,68036
2013-08-20 00:00:00,100.5,100.5,97.75,98.25,58280
2013-08-19 00:00:00,101.0,101.0,99.75,100.5,179436
2013-08-16 00:00:00,98.5,101.0,97.25,99.5,125898
2013-08-15 00:00:00,97.75,98.25,95.75,97.25,130730
2013-08-14 00:00:00,95.5,98.0,95.5,97.25,713118
2013-08-13 00:00:00,96.25,97.5,95.5,95.5,153920
2013-08-12 00:00:00,96.0,96.0,95.0,95.5,160968
2013-08-09 00:00:00,94.0,96.0,94.0,96.0,55718
2013-08-08 00:00:00,95.5,95.5,93.25,94.0,84218
2013-08-07 00:00:00,95.0,96.25,94.25,94.5,46448
2013-08-06 00:00:00,97.0,97.0,95.0,95.0,53832
2013-08-05 00:00:00,95.0,96.75,94.75,95.75,41954
2013-08-02 00:00:00,94.5,95.0,93.5,95.0,88062
2013-08-01 00:00:00,91.5,94.5,91.5,94.5,65236
2013-07-31 00:00:00,93.25,93.5,91.25,91.5,154500
2013-07-30 00:00:00,93.5,93.5,92.75,93.25,28412
2013-07-29 00:00:00,94.25,94.25,92.5,93.0,30380
2013-07-26 00:00:00,93.75,95.0,93.0,93.75,43958
2013-07-25 00:00:00,93.75,93.75,91.75,93.75,42166
2013-07-24 00:00:00,93.5,94.25,93.0,94.0,44788
2013-07-23 00:00:00,94.0,94.0,93.0,93.5,22524
2013-07-22 00:00:00,93.75,94.25,92.75,93.25,63362
2013-07-19 00:00:00,95.0,95.0,93.25,93.25,65200
2013-07-18 00:00:00,95.25,95.25,93.5,95.0,48746
2013-07-17 00:00:00,93.75,95.5,92.75,95.0,128862
2013-07-16 00:00:00,94.0,94.0,92.5,93.0,156752
2013-07-15 00:00:00,91.0,94.75,91.0,93.5,461882
2013-07-12 00:00:00,88.5,92.25,88.5,91.5,249984
2013-07-11 00:00:00,85.5,88.0,85.5,86.75,142702
2013-07-10 00:00:00,87.0,87.75,86.25,87.25,84206
2013-07-09 00:00:00,86.0,87.25,85.75,87.0,92268
2013-07-08 00:00:00,86.0,86.0,84.75,84.75,86172
2013-07-05 00:00:00,85.5,86.0,85.0,85.25,115032
2013-07-04 00:00:00,84.0,85.25,84.0,85.0,94896
2013-07-03 00:00:00,84.5,85.0,83.5,85.0,106106
2013-07-02 00:00:00,83.75,84.5,82.75,84.5,130510
2013-07-01 00:00:00,84.75,85.0,82.5,83.5,83306
2013-06-28 00:00:00,85.0,85.25,84.0,85.0,175630
2013-06-27 00:00:00,82.5,85.0,81.0,85.0,254166
2013-06-26 00:00:00,79.0,82.25,79.0,82.0,117002
2013-06-25 00:00:00,77.25,79.5,77.0,79.25,129716
2013-06-24 00:00:00,80.25,80.25,75.0,77.0,182232
2013-06-21 00:00:00,,80.5,80.5,80.5,0
2013-06-20 00:00:00,81.5,81.5,78.5,80.5,146916
2013-06-19 00:00:00,83.0,83.25,81.5,82.0,75776
2013-06-18 00:00:00,84.25,84.25,82.75,83.0,178144
2013-06-17 00:00:00,84.75,84.75,83.5,84.5,98286
2013-06-14 00:00:00,84.0,84.75,83.25,84.75,327932
2013-06-13 00:00:00,80.5,83.5,79.5,82.5,141136
2013-06-12 00:00:00,81.5,81.75,81.0,81.75,385146
2013-06-11 00:00:00,81.0,81.25,79.25,81.25,357062
2013-06-10 00:00:00,81.5,81.5,80.25,80.75,68354
2013-06-07 00:00:00,79.75,81.5,79.25,81.0,84040
2013-06-06 00:00:00,,79.25,79.25,79.25,0
2013-06-05 00:00:00,81.5,81.5,79.25,79.25,80456
2013-06-04 00:00:00,83.75,83.75,80.75,81.5,136490
2013-06-03 00:00:00,85.0,85.0,82.5,82.75,109596
2013-05-31 00:00:00,84.5,85.0,82.5,85.0,205148
2013-05-30 00:00:00,84.25,84.5,83.0,84.5,92016
2013-05-29 00:00:00,84.5,84.75,83.25,83.5,84122
2013-05-28 00:00:00,85.0,85.75,84.5,84.5,123678
2013-05-27 00:00:00,85.5,85.5,84.75,85.0,79246
2013-05-24 00:00:00,84.0,85.75,83.5,84.75,183158
2013-05-23 00:00:00,83.5,83.75,82.75,83.5,123916
2013-05-22 00:00:00,85.0,85.0,83.75,85.0,119360
2013-05-21 00:00:00,85.75,85.75,84.25,85.0,223922
2013-05-20 00:00:00,84.25,85.5,84.25,85.25,199288
2013-05-17 00:00:00,84.0,84.5,82.5,84.25,230024
2013-05-16 00:00:00,85.5,85.5,84.0,84.5,77882
2013-05-15 00:00:00,85.5,85.5,84.5,85.25,129276
2013-05-14 00:00:00,86.0,86.0,84.5,85.0,358068
2013-05-13 00:00:00,85.5,86.0,84.75,84.75,199244
2013-05-10 00:00:00,84.25,85.0,82.75,85.0,239382
2013-05-09 00:00:00,,84.0,84.0,84.0,0
2013-05-08 00:00:00,85.5,85.75,83.75,84.0,175040
2013-05-07 00:00:00,83.25,84.5,82.75,84.5,676144
2013-05-06 00:00:00,81.5,82.75,81.0,82.5,647868
2013-05-03 00:00:00,80.5,81.0,79.75,80.75,12974328
2013-05-02 00:00:00,87.5,88.25,86.0,86.0,80536
2013-05-01 00:00:00,,88.75,88.75,88.75,0
2013-04-30 00:00:00,87.5,89.0,86.5,88.75,43180
2013-04-29 00:00:00,87.75,88.0,85.25,86.75,83522
2013-04-26 00:00:00,82.75,90.75,82.75,88.5,160624
2013-04-25 00:00:00,85.5,86.0,84.5,85.0,64418
2013-04-24 00:00:00,87.25,87.5,85.0,85.0,67208
2013-04-23 00:00:00,85.25,86.75,85.0,86.75,83250
2013-04-22 00:00:00,84.75,85.75,84.5,84.75,59656
2013-04-19 00:00:00,85.5,87.0,85.25,85.5,64294
2013-04-18 00:00:00,85.75,88.25,85.75,86.75,76144
2013-04-17 00:00:00,89.0,89.75,85.0,86.0,129652
2013-04-16 00:00:00,92.75,93.0,89.25,89.75,87492
2013-04-15 00:00:00,95.0,95.0,92.75,93.25,19978
2013-04-12 00:00:00,96.0,96.5,92.5,95.0,29738
2013-04-11 00:00:00,93.75,97.0,93.75,95.75,23290
2013-04-10 00:00:00,94.0,95.5,93.0,94.75,50230
2013-04-09 00:00:00,92.75,93.5,92.5,92.5,97190
2013-04-08 00:00:00,94.0,95.5,92.5,92.5,44510
2013-04-05 00:00:00,96.25,97.25,93.75,93.75,39008
2013-04-04 00:00:00,98.0,98.0,94.5,94.5,45554
2013-04-03 00:00:00,96.0,98.25,96.0,96.5,26800
2013-04-02 00:00:00,96.0,99.25,96.0,96.25,37810
2013-04-01 00:00:00,,96.25,96.25,96.25,0
2013-03-29 00:00:00,95.25,96.25,96.25,96.25,59526
2013-03-28 00:00:00,95.25,96.5,94.5,96.5,59526
2013-03-27 00:00:00,95.25,96.5,94.5,96.5,59526
2013-03-26 00:00:00,93.5,95.0,93.5,94.5,54278
2013-03-25 00:00:00,93.0,95.0,93.0,94.0,61620
2013-03-22 00:00:00,90.5,92.75,90.5,92.75,45418
2013-03-21 00:00:00,92.5,92.5,90.0,92.0,53214
2013-03-20 00:00:00,91.5,92.0,91.0,92.0,33616
2013-03-19 00:00:00,92.0,92.0,90.25,90.75,46228
2013-03-18 00:00:00,89.25,92.5,88.5,92.0,31628
2013-03-15 00:00:00,91.25,91.75,90.75,90.75,87118
2013-03-14 00:00:00,89.0,90.75,89.0,90.75,32614
2013-03-13 00:00:00,89.75,90.75,88.5,89.25,44326
2013-03-12 00:00:00,91.25,91.5,89.75,89.75,64316
2013-03-11 00:00:00,92.5,92.5,90.75,91.25,61026
2013-03-08 00:00:00,93.75,93.75,91.75,92.25,28874
2013-03-07 00:00:00,92.0,94.0,91.0,93.75,64728
2013-03-06 00:00:00,91.75,92.0,90.0,90.0,187002
2013-03-05 00:00:00,96.0,96.75,91.0,91.25,209766
2013-03-04 00:00:00,93.0,95.75,92.5,95.75,115700
2013-03-01 00:00:00,92.0,93.5,92.0,93.25,48698
2013-02-28 00:00:00,91.5,92.75,91.0,92.75,129868
2013-02-27 00:00:00,89.5,92.5,89.5,91.5,95950
2013-02-26 00:00:00,87.5,90.5,87.0,89.5,53792
2013-02-25 00:00:00,89.0,90.0,88.25,88.25,102134
2013-02-22 00:00:00,88.5,89.25,88.5,89.0,51882
2013-02-21 00:00:00,90.0,90.0,87.75,88.5,48610
2013-02-20 00:00:00,88.25,93.0,88.25,90.25,119102
2013-02-19 00:00:00,87.0,88.25,86.75,88.0,41914
2013-02-18 00:00:00,86.5,86.75,86.0,86.75,144362
2013-02-15 00:00:00,86.5,86.5,85.25,86.5,43492
2013-02-14 00:00:00,87.25,88.0,84.75,85.5,87794
2013-02-13 00:00:00,84.0,87.25,84.0,87.25,64588
2013-02-12 00:00:00,82.5,84.5,81.75,84.5,73928
2013-02-11 00:00:00,84.0,84.0,81.25,81.5,49322
2013-02-08 00:00:00,82.25,84.25,81.5,83.0,111918
2013-02-07 00:00:00,79.75,82.25,79.75,82.25,104872
2013-02-06 00:00:00,79.25,81.25,78.5,79.75,144006
2013-02-05 00:00:00,77.5,79.0,76.75,78.5,92784
2013-02-04 00:00:00,78.0,78.0,76.75,77.5,162412
2013-02-01 00:00:00,77.0,77.5,76.75,77.0,37066
2013-01-31 00:00:00,77.75,77.75,76.75,77.0,124006
2013-01-30 00:00:00,77.5,77.5,76.75,77.0,38168
2013-01-29 00:00:00,78.25,78.25,76.25,77.0,158460
2013-01-28 00:00:00,78.0,78.75,77.75,78.5,87102
2013-01-25 00:00:00,77.75,78.5,76.75,78.5,114670
2013-01-24 00:00:00,77.75,78.25,76.5,77.5,58946
2013-01-23 00:00:00,76.75,78.0,76.5,77.0,25814
2013-01-22 00:00:00,76.5,78.0,76.5,76.75,51392
2013-01-21 00:00:00,76.25,78.0,76.25,77.25,181850
2013-01-18 00:00:00,75.25,76.75,75.25,76.25,35542
2013-01-17 00:00:00,75.25,76.0,75.0,76.0,17976
2013-01-16 00:00:00,76.0,76.25,75.5,75.5,41700
2013-01-15 00:00:00,76.0,76.25,74.875,76.0,103900
2013-01-14 00:00:00,74.75,75.75,74.625,75.0,39676
2013-01-11 00:00:00,74.0,75.5,73.625,74.875,84816
2013-01-10 00:00:00,74.75,75.0,73.875,74.25,53902
2013-01-09 00:00:00,75.0,75.75,74.75,75.0,58440
2013-01-08 00:00:00,75.5,76.0,75.0,75.25,42798
2013-01-07 00:00:00,75.75,76.5,75.25,75.25,234246
2013-01-04 00:00:00,77.0,77.25,75.25,75.75,79642
2013-01-03 00:00:00,78.25,78.5,77.25,77.25,161916
2013-01-02 00:00:00,78.25,79.25,77.5,77.5,28918
2013-01-01 00:00:00,,77.75,77.75,77.75,0
2012-12-31 00:00:00,,77.75,77.75,77.75,0
2012-12-28 00:00:00,76.0,77.75,76.0,77.75,57246
2012-12-27 00:00:00,73.25,76.0,73.25,75.25,37420
2012-12-26 00:00:00,,73.0,73.0,73.0,0
2012-12-25 00:00:00,,73.0,73.0,73.0,0
2012-12-24 00:00:00,,73.0,73.0,73.0,0
2012-12-21 00:00:00,74.875,74.875,73.0,73.0,71252
2012-12-20 00:00:00,77.0,77.5,75.0,75.25,63060
2012-12-19 00:00:00,79.25,79.25,77.25,77.5,68900
2012-12-18 00:00:00,77.5,79.5,76.5,79.25,132018
2012-12-17 00:00:00,76.5,78.0,76.5,77.25,63646
2012-12-14 00:00:00,78.75,78.75,77.25,77.5,51796
2012-12-13 00:00:00,79.25,79.25,77.5,77.75,117542
2012-12-12 00:00:00,79.5,79.75,78.5,78.5,141976
2012-12-11 00:00:00,81.0,81.25,79.25,79.25,281532
2012-12-10 00:00:00,77.75,81.5,77.75,81.25,89374
2012-12-07 00:00:00,78.5,79.25,78.25,79.25,61594
2012-12-06 00:00:00,77.5,79.0,77.25,78.5,166274
2012-12-05 00:00:00,78.75,79.0,77.5,77.5,56156
2012-12-04 00:00:00,78.0,79.0,78.0,78.5,44114
2012-12-03 00:00:00,75.25,79.0,75.25,79.0,74480
2012-11-30 00:00:00,73.5,77.0,73.5,76.75,173068
2012-11-29 00:00:00,73.25,73.5,73.125,73.5,200620
2012-11-28 00:00:00,72.125,73.625,72.125,73.25,204648
2012-11-27 00:00:00,74.0,74.5,72.375,72.375,69628
2012-11-26 00:00:00,75.0,75.0,73.75,73.75,88938
2012-11-23 00:00:00,75.75,76.0,74.75,75.0,103322
2012-11-22 00:00:00,75.5,76.25,75.0,76.25,140362
2012-11-21 00:00:00,77.5,78.0,75.0,75.25,140174
2012-11-20 00:00:00,75.0,79.25,74.625,77.75,251506
2012-11-19 00:00:00,73.0,75.5,72.25,75.0,54478
2012-11-16 00:00:00,73.5,73.5,72.0,72.0,69152
2012-11-15 00:00:00,74.25,74.25,73.5,73.5,110312
2012-11-14 00:00:00,74.125,74.25,73.75,74.0,99000
2012-11-13 00:00:00,74.25,75.5,72.625,74.125,75698
2012-11-12 00:00:00,73.75,74.625,73.625,74.0,124356
2012-11-09 00:00:00,72.5,74.25,72.5,73.75,261866
2012-11-08 00:00:00,74.0,74.375,72.875,73.625,75816
2012-11-07 00:00:00,74.75,75.0,73.625,73.75,84944
2012-11-06 00:00:00,75.75,76.25,73.5,74.25,203958
2012-11-05 00:00:00,76.0,76.0,74.625,75.25,165314
2012-11-02 00:00:00,75.75,75.75,75.0,75.5,98902
2012-11-01 00:00:00,74.0,75.0,74.0,75.0,103614
2012-10-31 00:00:00,73.5,74.0,71.625,73.625,108588
2012-10-30 00:00:00,75.0,75.0,73.125,73.625,67328
2012-10-29 00:00:00,74.0,74.125,73.5,74.125,140114
2012-10-26 00:00:00,72.125,74.0,71.625,74.0,148836
2012-10-25 00:00:00,69.0,72.25,68.75,72.25,81534
2012-10-24 00:00:00,68.125,70.75,67.5,68.75,131870
2012-10-23 00:00:00,71.0,71.5,67.75,68.125,384370
2012-10-22 00:00:00,72.5,73.0,71.0,71.0,87644
2012-10-19 00:00:00,75.0,76.5,71.875,71.875,149584
2012-10-18 00:00:00,76.0,77.75,73.25,74.5,262680
2012-10-17 00:00:00,71.75,73.625,71.75,73.625,33598
2012-10-16 00:00:00,70.75,72.25,70.625,71.375,48184
2012-10-15 00:00:00,70.5,71.875,70.5,71.375,32822
2012-10-12 00:00:00,70.75,70.875,69.5,70.875,36356
2012-10-11 00:00:00,70.875,71.375,70.25,70.25,33878
2012-10-10 00:00:00,70.0,71.25,70.0,70.5,42086
2012-10-09 00:00:00,72.375,72.375,70.5,70.625,47288
2012-10-08 00:00:00,71.875,73.625,71.625,72.875,54836
2012-10-05 00:00:00,70.5,73.0,69.5,72.875,57862
2012-10-04 00:00:00,70.125,71.625,69.75,70.5,70480
2012-10-03 00:00:00,72.375,72.375,70.375,70.625,176368
2012-10-02 00:00:00,74.5,75.0,73.25,73.25,181286
2012-10-01 00:00:00,73.5,75.75,73.5,75.0,65592
2012-09-28 00:00:00,73.0,73.5,72.375,73.5,47056
2012-09-27 00:00:00,73.5,74.0,72.625,73.0,44434
2012-09-26 00:00:00,73.375,73.75,73.0,73.5,53970
2012-09-25 00:00:00,73.75,73.75,73.25,73.75,41376
2012-09-24 00:00:00,73.5,73.875,73.25,73.75,56158
2012-09-21 00:00:00,73.375,73.875,73.375,73.625,103152
2012-09-20 00:00:00,73.5,73.5,72.5,73.0,27716
2012-09-19 00:00:00,72.25,73.5,71.625,73.5,64574
2012-09-18 00:00:00,72.5,72.5,71.875,72.375,20504
2012-09-17 00:00:00,72.5,73.25,71.625,72.625,51964
2012-09-14 00:00:00,71.75,73.25,71.75,72.375,69076
2012-09-13 00:00:00,70.25,71.875,70.25,71.5,35902
2012-09-12 00:00:00,70.0,71.5,70.0,71.375,50768
2012-09-11 00:00:00,68.5,71.375,68.375,70.25,81252
2012-09-10 00:00:00,67.375,68.75,67.0,68.75,73044
2012-09-07 00:00:00,65.625,67.375,65.625,66.625,57280
2012-09-06 00:00:00,63.0,66.125,63.0,66.0,43354
2012-09-05 00:00:00,63.625,63.625,62.75,63.0,26756
2012-09-04 00:00:00,64.5,64.625,63.0,63.5,189802
2012-09-03 00:00:00,64.625,64.875,63.75,64.25,47880
2012-08-31 00:00:00,64.125,65.25,63.75,64.625,78158
2012-08-30 00:00:00,63.25,64.375,63.25,63.625,89480
2012-08-29 00:00:00,64.125,64.125,63.0,63.875,60786
2012-08-28 00:00:00,65.0,65.375,63.125,63.125,81768
2012-08-27 00:00:00,66.625,66.625,65.0,65.0,15964
2012-08-24 00:00:00,65.75,66.125,65.125,65.625,28674
2012-08-23 00:00:00,67.75,68.0,66.625,67.25,18728
2012-08-22 00:00:00,67.875,68.0,67.25,68.0,20628
2012-08-21 00:00:00,67.5,68.375,67.375,68.375,111478
2012-08-20 00:00:00,68.25,68.25,66.75,67.5,19664
2012-08-17 00:00:00,66.0,67.875,66.0,67.875,7016
2012-08-16 00:00:00,67.0,68.25,66.75,67.625,84640
2012-08-15 00:00:00,67.25,68.125,67.25,67.25,38752
2012-08-14 00:00:00,66.25,67.25,66.25,66.875,23634
2012-08-13 00:00:00,65.875,68.25,65.875,67.25,45220
2012-08-10 00:00:00,68.375,68.375,66.5,67.5,42820
2012-08-09 00:00:00,67.75,68.5,67.75,68.375,46648
2012-08-08 00:00:00,68.0,68.625,67.0,68.25,48084
2012-08-07 00:00:00,66.5,68.125,66.5,68.125,67526
2012-08-06 00:00:00,64.625,66.5,64.625,66.5,9072
2012-08-03 00:00:00,66.0,66.25,65.5,65.625,31122
2012-08-02 00:00:00,64.125,65.875,64.125,64.25,68388
2012-08-01 00:00:00,65.875,65.875,63.625,64.5,15626
2012-07-31 00:00:00,64.0,65.875,63.625,65.0,21296
2012-07-30 00:00:00,63.125,64.125,63.125,64.0,17106
2012-07-27 00:00:00,63.5,64.375,63.5,63.625,73338
2012-07-26 00:00:00,64.5,64.5,62.5,63.375,37296
2012-07-25 00:00:00,67.0,67.0,64.0,64.0,50908
2012-07-24 00:00:00,65.375,66.125,64.75,66.125,21528
2012-07-23 00:00:00,66.375,67.375,65.875,65.875,64892
2012-07-20 00:00:00,67.0,67.375,66.375,66.375,29718
2012-07-19 00:00:00,66.625,67.25,66.5,66.875,6134
2012-07-18 00:00:00,65.5,67.25,65.25,66.375,40468
2012-07-17 00:00:00,67.25,67.375,66.5,66.5,24248
2012-07-16 00:00:00,67.5,67.5,66.75,66.75,29288
2012-07-13 00:00:00,68.25,68.25,66.5,67.5,49506
2012-07-12 00:00:00,66.875,67.125,66.625,66.875,22260
2012-07-11 00:00:00,66.5,66.75,66.0,66.375,154228
2012-07-10 00:00:00,65.25,67.0,65.25,66.125,18332
2012-07-09 00:00:00,66.0,66.5,65.125,66.0,62700
2012-07-06 00:00:00,67.0,67.0,66.375,66.375,12620
2012-07-05 00:00:00,67.5,67.5,66.875,67.0,36264
2012-07-04 00:00:00,67.625,67.75,67.0,67.75,15442
2012-07-03 00:00:00,67.25,68.625,66.5,68.625,36336
2012-07-02 00:00:00,66.875,67.5,66.125,66.625,23924
2012-06-29 00:00:00,66.5,67.125,66.125,66.875,84670
2012-06-28 00:00:00,67.0,67.0,65.25,66.0,28762
2012-06-27 00:00:00,67.125,67.5,65.5,67.5,151886
2012-06-26 00:00:00,67.375,67.375,64.75,65.0,33960
2012-06-25 00:00:00,69.25,69.25,66.5,66.5,159648
2012-06-22 00:00:00,,69.875,69.875,69.875,0
2012-06-21 00:00:00,67.0,70.375,67.0,69.875,58778
2012-06-20 00:00:00,68.0,68.0,67.375,68.0,67608
2012-06-19 00:00:00,67.125,68.0,67.125,67.25,220006
2012-06-18 00:00:00,66.5,68.0,65.25,67.75,70886
2012-06-15 00:00:00,63.875,66.375,63.125,66.375,53936
2012-06-14 00:00:00,64.5,64.5,63.5,63.75,241458
2012-06-13 00:00:00,66.0,66.0,64.875,65.375,68826
2012-06-12 00:00:00,67.375,67.375,66.0,66.125,30294
2012-06-11 00:00:00,66.5,68.125,66.375,67.75,50778
2012-06-08 00:00:00,66.125,67.125,65.25,67.125,21018
2012-06-07 00:00:00,65.5,68.5,64.625,66.625,93754
2012-06-06 00:00:00,,65.0,65.0,65.0,0
2012-06-05 00:00:00,63.875,65.125,63.625,65.0,23964
2012-06-04 00:00:00,66.0,66.0,63.625,64.375,55284
2012-06-01 00:00:00,67.75,67.75,64.625,66.25,40600
2012-05-31 00:00:00,69.0,69.0,65.25,67.875,567598
2012-05-30 00:00:00,70.0,71.375,69.0,69.25,66918
2012-05-29 00:00:00,68.25,70.5,67.875,70.25,98484
2012-05-28 00:00:00,67.5,68.25,65.5,67.5,62894
2012-05-25 00:00:00,66.5,69.0,66.375,67.0,89518
2012-05-24 00:00:00,67.0,67.0,66.25,66.875,14676
2012-05-23 00:00:00,67.25,67.25,66.375,67.0,59754
2012-05-22 00:00:00,67.5,68.75,65.75,67.25,77552
2012-05-21 00:00:00,67.0,67.25,65.625,67.125,254496
2012-05-18 00:00:00,65.0,66.5,64.25,66.375,89878
2012-05-17 00:00:00,,66.75,66.75,66.75,0
2012-05-16 00:00:00,66.125,66.75,63.75,66.75,50350
2012-05-15 00:00:00,64.0,67.5,64.0,66.125,97766
2012-05-14 00:00:00,64.0,64.0,62.375,64.0,88278
2012-05-11 00:00:00,64.0,64.0,62.25,64.0,72838
2012-05-10 00:00:00,63.875,65.375,60.625,63.25,125872
2012-05-09 00:00:00,64.0,64.0,61.0,61.875,124310
2012-05-08 00:00:00,65.5,65.5,60.375,61.5,146764
2012-05-07 00:00:00,62.5,65.5,61.5,65.5,87068
2012-05-04 00:00:00,65.0,65.0,62.5,62.5,117172
2012-05-03 00:00:00,67.625,67.625,64.0,64.25,155090
2012-05-02 00:00:00,68.625,68.625,65.5,66.875,119782
2012-05-01 00:00:00,,67.875,67.875,67.875,0
2012-04-30 00:00:00,67.0,68.875,66.0,67.875,49028
2012-04-27 00:00:00,64.875,66.625,64.25,66.125,165570
2012-04-26 00:00:00,66.0,66.5,64.0,64.75,77030
2012-04-25 00:00:00,65.375,66.75,64.375,66.125,200364
2012-04-24 00:00:00,67.375,68.0,64.625,65.25,98742
2012-04-23 00:00:00,69.0,69.0,66.625,67.25,45350
2012-04-20 00:00:00,68.75,69.25,68.125,69.25,20674
2012-04-19 00:00:00,67.5,68.875,67.5,68.5,17988
2012-04-18 00:00:00,69.5,69.625,67.375,67.875,57702
2012-04-17 00:00:00,69.0,69.5,68.5,69.5,105400
2012-04-16 00:00:00,68.25,69.125,68.0,68.25,106002
2012-04-13 00:00:00,68.375,69.125,68.125,69.125,17858
2012-04-12 00:00:00,68.0,68.875,67.5,67.5,49858
2012-04-11 00:00:00,68.625,68.75,67.75,68.125,139700
2012-04-10 00:00:00,69.0,69.0,68.0,68.375,31350
2012-04-09 00:00:00,,68.125,68.125,68.125,0
2012-04-06 00:00:00,,68.125,68.125,68.125,0
2012-04-05 00:00:00,69.125,69.25,68.125,68.125,20548
2012-04-04 00:00:00,68.375,69.75,68.375,69.0,67882
2012-04-03 00:00:00,69.5,69.875,69.125,69.5,61772
2012-04-02 00:00:00,68.875,69.5,68.625,69.5,25740
2012-03-30 00:00:00,67.75,68.875,67.0,68.625,137468
2012-03-29 00:00:00,67.625,68.25,66.75,67.0,83272
2012-03-28 00:00:00,68.5,69.25,65.75,68.25,72112
2012-03-27 00:00:00,67.0,68.875,66.875,68.875,71618
2012-03-26 00:00:00,62.375,67.5,62.25,67.375,118788
2012-03-23 00:00:00,62.125,63.125,61.5,62.5,227210
2012-03-22 00:00:00,62.625,64.0,62.125,62.5,100858
2012-03-21 00:00:00,63.0,63.125,62.0,62.0,71190
2012-03-20 00:00:00,64.0,64.375,62.625,63.5,100154
2012-03-19 00:00:00,64.0,64.375,63.625,64.375,52320
2012-03-16 00:00:00,64.0,64.625,63.5,64.0,51444
2012-03-15 00:00:00,63.5,63.5,63.25,63.5,45888
2012-03-14 00:00:00,65.0,65.125,63.5,63.75,277686
2012-03-13 00:00:00,64.0,65.75,63.25,64.25,82474
2012-03-12 00:00:00,61.375,64.0,61.375,62.75,64268
2012-03-09 00:00:00,62.75,63.5,61.375,62.0,88206
2012-03-08 00:00:00,60.0,62.875,60.0,62.25,93290
2012-03-07 00:00:00,60.125,60.25,58.625,59.625,117804
2012-03-06 00:00:00,63.25,63.5,59.875,60.5,98550
2012-03-05 00:00:00,64.0,64.5,61.875,63.0,80934
2012-03-02 00:00:00,63.875,64.5,63.375,64.0,40896
2012-03-01 00:00:00,63.875,64.5,63.5,63.875,86492
2012-02-29 00:00:00,64.875,65.0,63.625,64.625,52438
2012-02-28 00:00:00,65.125,65.5,64.375,64.875,22720
2012-02-27 00:00:00,65.5,65.625,65.375,65.5,16152
2012-02-24 00:00:00,64.75,66.375,64.75,66.0,28714
2012-02-23 00:00:00,65.0,65.5,64.5,64.5,26788
2012-02-22 00:00:00,66.0,66.0,64.5,65.0,50694
2012-02-21 00:00:00,65.75,66.125,65.75,66.0,219396
2012-02-20 00:00:00,64.75,66.75,64.5,66.75,96488
2012-02-17 00:00:00,65.0,66.0,64.5,65.625,109882
2012-02-16 00:00:00,65.0,65.25,64.125,65.125,26630
2012-02-15 00:00:00,65.375,65.75,65.0,65.5,112638
2012-02-14 00:00:00,64.75,66.125,64.0,65.375,318474
2012-02-13 00:00:00,63.125,66.0,60.5,63.125,201608
2012-02-10 00:00:00,60.5,63.0,60.0,63.0,46618
2012-02-09 00:00:00,62.0,62.5,60.0,60.75,255040
2012-02-08 00:00:00,61.5,62.0,60.5,62.0,20714
2012-02-07 00:00:00,62.5,62.5,61.25,61.5,18532
2012-02-06 00:00:00,63.375,63.375,62.5,62.75,10754
2012-02-03 00:00:00,64.125,64.125,63.125,63.375,17874
2012-02-02 00:00:00,63.375,65.875,63.375,64.125,64324
2012-02-01 00:00:00,61.0,63.875,60.5,63.375,41342
2012-01-31 00:00:00,58.875,60.875,58.875,60.5,43214
2012-01-30 00:00:00,58.75,58.875,58.125,58.875,17276
2012-01-27 00:00:00,58.25,59.625,58.125,58.375,43290
2012-01-26 00:00:00,58.125,59.25,57.5,58.0,162204
2012-01-25 00:00:00,60.5,60.5,57.625,58.0,18518
2012-01-24 00:00:00,60.625,60.625,58.125,60.375,30508
2012-01-23 00:00:00,59.75,60.875,59.5,60.375,15590
2012-01-20 00:00:00,59.5,61.125,57.625,59.5,69890
2012-01-19 00:00:00,56.875,59.875,56.75,59.875,25108
2012-01-18 00:00:00,57.0,57.125,56.25,56.75,10956
2012-01-17 00:00:00,55.375,57.0,55.25,57.0,145100
2012-01-16 00:00:00,54.625,55.0,54.5,54.875,49612
2012-01-13 00:00:00,55.375,56.875,54.875,54.875,30520
2012-01-12 00:00:00,55.125,55.875,55.125,55.25,146446
2012-01-11 00:00:00,55.5,55.875,55.25,55.375,15428
2012-01-10 00:00:00,55.5,55.5,55.0,55.375,65918
2012-01-09 00:00:00,55.25,55.625,54.875,55.5,23826
2012-01-06 00:00:00,,55.25,55.25,55.25,0
2012-01-05 00:00:00,55.375,55.5,55.0,55.25,2834
2012-01-04 00:00:00,55.0,55.5,55.0,55.375,27914
2012-01-03 00:00:00,56.0,56.0,54.875,55.25,29830
2012-01-02 00:00:00,54.125,56.0,54.125,56.0,10858
2011-12-30 00:00:00,54.75,55.5,54.0,55.5,21898
2011-12-29 00:00:00,54.5,55.0,54.25,54.75,11786
2011-12-28 00:00:00,56.0,56.0,54.5,54.875,28522
2011-12-27 00:00:00,55.5,56.375,54.5,56.0,26778
2011-12-26 00:00:00,,55.125,55.125,55.125,0
2011-12-23 00:00:00,55.25,55.25,54.25,55.125,9222
2011-12-22 00:00:00,54.875,56.5,54.875,55.625,52424
2011-12-21 00:00:00,54.5,55.75,54.375,55.125,17746
2011-12-20 00:00:00,53.5,55.0,53.25,55.0,58144
2011-12-19 00:00:00,52.25,53.0,52.125,53.0,25974
2011-12-16 00:00:00,52.875,54.25,52.0,52.375,30450
2011-12-15 00:00:00,52.5,53.75,52.5,52.75,17594
2011-12-14 00:00:00,51.875,52.5,51.75,52.5,17138
2011-12-13 00:00:00,52.0,52.5,50.625,52.5,41764
2011-12-12 00:00:00,51.5,52.5,51.25,51.5,13646
2011-12-09 00:00:00,53.0,54.125,50.875,51.875,24546
2011-12-08 00:00:00,53.5,54.25,53.0,53.0,25810
2011-12-07 00:00:00,54.625,55.0,53.875,54.375,33574
2011-12-06 00:00:00,54.0,54.75,54.0,54.75,244768
2011-12-05 00:00:00,53.0,54.875,53.0,54.125,136248
2011-12-02 00:00:00,53.375,54.125,53.0,53.75,101474
2011-12-01 00:00:00,54.625,55.5,53.25,53.25,806776
2011-11-30 00:00:00,50.625,55.875,50.125,55.875,368620
2011-11-29 00:00:00,50.5,51.625,50.25,51.625,166546
2011-11-28 00:00:00,48.0,50.25,48.0,50.25,159892
2011-11-25 00:00:00,47.25,48.0,46.75,47.875,24714
2011-11-24 00:00:00,48.25,48.25,47.0,47.0,8862
2011-11-23 00:00:00,48.875,48.875,47.0,47.125,12586
2011-11-22 00:00:00,47.5,48.25,46.5,48.25,77556
2011-11-21 00:00:00,48.0,48.0,46.75,47.875,37736
2011-11-18 00:00:00,48.125,48.125,47.25,48.125,21814
2011-11-17 00:00:00,49.125,49.25,47.125,48.0,40428
2011-11-16 00:00:00,50.0,50.25,49.5,49.75,39448
2011-11-15 00:00:00,51.5,51.5,50.125,50.125,64652
2011-11-14 00:00:00,52.25,52.25,50.875,51.5,23216
2011-11-11 00:00:00,49.75,52.125,49.75,52.125,147560
2011-11-10 00:00:00,48.625,51.0,47.75,51.0,49372
2011-11-09 00:00:00,48.5,48.625,45.75,48.625,84616
2011-11-08 00:00:00,49.125,49.5,48.125,48.125,37596
2011-11-07 00:00:00,50.0,50.0,48.375,48.875,49358
2011-11-04 00:00:00,50.0,50.25,49.875,50.0,30442
2011-11-03 00:00:00,49.875,50.375,49.25,50.0,77640
2011-11-02 00:00:00,51.75,51.75,49.625,50.0,88302
2011-11-01 00:00:00,54.0,54.25,49.125,50.0,256070
2011-10-31 00:00:00,52.5,55.0,52.5,55.0,36288
2011-10-28 00:00:00,53.0,54.0,52.5,53.125,106110
2011-10-27 00:00:00,51.0,52.875,51.0,52.875,71004
2011-10-26 00:00:00,50.25,50.875,50.0,50.5,67722
2011-10-25 00:00:00,50.375,51.125,49.0,51.0,91462
2011-10-24 00:00:00,46.5,50.875,45.875,50.5,340234
2011-10-21 00:00:00,45.5,46.125,45.375,46.125,91398
2011-10-20 00:00:00,46.5,46.5,44.75,45.5,333812
2011-10-19 00:00:00,47.0,47.0,46.25,46.25,151772
2011-10-18 00:00:00,46.5,47.5,46.0,47.25,112340
2011-10-17 00:00:00,48.0,50.5,46.0,46.25,96132
2011-10-14 00:00:00,47.875,49.0,47.875,48.25,35088
2011-10-13 00:00:00,48.75,49.25,47.625,47.875,82190
2011-10-12 00:00:00,49.0,49.25,48.5,49.0,32242
2011-10-11 00:00:00,48.875,49.25,48.5,48.5,30226
2011-10-10 00:00:00,48.625,49.625,48.375,48.875,31132
2011-10-07 00:00:00,49.125,50.125,48.625,48.625,61694
2011-10-06 00:00:00,50.75,50.75,49.25,50.125,46902
2011-10-05 00:00:00,49.875,51.0,48.25,50.75,57626
2011-10-04 00:00:00,48.875,49.0,47.375,48.375,66816
2011-10-03 00:00:00,48.5,50.5,47.875,50.5,104898
2011-09-30 00:00:00,47.75,50.0,46.75,50.0,80868
2011-09-29 00:00:00,46.375,48.25,45.375,47.75,106144
2011-09-28 00:00:00,,46.375,46.375,46.375,64594
2011-09-27 00:00:00,45.75,48.125,45.5,47.0,116014
2011-09-26 00:00:00,46.875,48.125,45.125,45.25,134980
2011-09-23 00:00:00,47.625,48.375,46.5,48.375,160170
2011-09-22 00:00:00,48.75,49.125,47.625,48.5,75552
