Dates,Open,High,Low,Close,Volume
2017-09-08 00:00:00,254.5,254.5,245.0,245.0,2629
2017-09-07 00:00:00,255.0,259.0,250.0,251.5,1777
2017-09-06 00:00:00,258.0,258.0,253.0,254.5,8321
2017-09-04 00:00:00,247.0,254.0,247.0,252.0,3538
2017-09-01 00:00:00,254.0,260.0,252.5,254.5,3905
2017-08-31 00:00:00,251.5,251.5,249.5,250.5,450
2017-08-30 00:00:00,252.0,253.0,248.0,249.0,3126
2017-08-29 00:00:00,250.5,252.0,248.0,252.0,15462
2017-08-28 00:00:00,243.0,247.5,243.0,245.5,1119
2017-08-25 00:00:00,240.0,244.0,240.0,242.5,1686
2017-08-24 00:00:00,241.0,242.5,238.0,238.0,943
2017-08-23 00:00:00,238.5,243.5,238.0,238.5,1147
2017-08-22 00:00:00,243.0,244.0,238.5,238.5,661
2017-08-21 00:00:00,245.0,245.0,244.5,244.5,62
2017-08-18 00:00:00,244.0,246.0,244.0,245.0,1087
2017-08-17 00:00:00,248.0,248.0,244.0,245.5,912
2017-08-16 00:00:00,250.0,250.0,247.0,248.0,219
2017-08-15 00:00:00,245.5,250.5,245.5,249.0,96775
2017-08-14 00:00:00,254.0,254.0,244.5,245.5,1130
2017-08-11 00:00:00,249.5,257.0,247.5,254.0,3925
2017-08-10 00:00:00,260.0,260.0,252.5,258.5,1410
2017-08-09 00:00:00,251.5,258.5,251.5,255.0,1987
2017-08-08 00:00:00,246.0,249.5,244.0,247.5,4768
2017-08-07 00:00:00,242.5,247.5,242.5,246.0,619
2017-08-04 00:00:00,242.5,242.5,240.5,242.0,442
2017-08-03 00:00:00,243.5,245.0,240.0,240.0,1396
2017-08-02 00:00:00,248.0,248.0,243.0,244.0,1719
2017-08-01 00:00:00,248.0,248.0,240.5,243.0,1508
2017-07-31 00:00:00,244.0,244.0,240.5,242.5,1181
2017-07-28 00:00:00,241.5,243.0,240.0,240.0,1486
2017-07-27 00:00:00,242.5,244.5,238.0,241.5,2044
2017-07-26 00:00:00,237.0,247.5,237.0,242.5,1572
2017-07-25 00:00:00,239.0,239.0,235.5,237.0,4681
2017-07-24 00:00:00,239.5,240.0,238.0,239.0,1808
2017-07-21 00:00:00,240.0,240.0,237.0,239.5,2165
2017-07-20 00:00:00,239.0,240.0,238.0,240.0,2629
2017-07-19 00:00:00,239.5,240.0,238.0,239.0,2231
2017-07-18 00:00:00,240.0,240.0,238.0,239.5,523
2017-07-17 00:00:00,240.0,240.0,236.5,240.0,2108
2017-07-14 00:00:00,238.5,240.0,235.5,240.0,2525
2017-07-13 00:00:00,234.5,238.5,234.5,235.5,2176
2017-07-12 00:00:00,234.0,234.5,233.0,234.5,919
2017-07-11 00:00:00,230.5,235.0,230.5,234.0,664
2017-07-10 00:00:00,235.0,235.0,230.5,233.0,3521
2017-07-07 00:00:00,236.5,236.5,234.0,235.5,628
2017-07-06 00:00:00,234.5,236.0,233.0,233.5,574
2017-07-05 00:00:00,234.0,234.5,233.0,234.5,841
2017-07-04 00:00:00,234.5,235.0,233.0,233.0,1470
2017-07-03 00:00:00,232.0,236.5,232.0,235.5,1316
2017-06-30 00:00:00,232.0,233.5,229.5,233.0,1463
2017-06-29 00:00:00,234.0,236.5,230.0,231.5,1097
2017-06-28 00:00:00,232.0,234.0,231.0,232.5,102585
2017-06-27 00:00:00,231.5,232.0,229.5,231.0,2228
2017-06-26 00:00:00,229.0,231.5,227.5,231.5,2832
2017-06-23 00:00:00,,229.0,229.0,229.0,0
2017-06-22 00:00:00,227.0,229.0,226.5,229.0,218
2017-06-21 00:00:00,228.0,230.0,225.5,226.5,7263
2017-06-20 00:00:00,231.0,231.5,225.5,227.0,2487
2017-06-19 00:00:00,230.0,233.0,225.5,227.0,32463
2017-06-16 00:00:00,229.5,230.0,227.5,230.0,36556
2017-06-15 00:00:00,231.0,233.0,228.5,232.0,7941
2017-06-14 00:00:00,230.0,232.0,226.5,230.5,4092
2017-06-13 00:00:00,229.0,230.5,228.0,230.0,86639
2017-06-12 00:00:00,229.5,232.0,229.0,230.0,738
2017-06-09 00:00:00,225.5,229.5,225.5,229.5,5816
2017-06-08 00:00:00,228.0,230.0,225.5,227.5,2444
2017-06-07 00:00:00,224.0,227.0,224.0,225.0,2022
2017-06-06 00:00:00,,224.0,224.0,224.0,0
2017-06-05 00:00:00,226.5,226.5,224.0,224.0,4025
2017-06-02 00:00:00,229.0,229.0,223.0,225.5,4686
2017-06-01 00:00:00,229.0,231.0,228.0,228.5,70764
2017-05-31 00:00:00,232.0,233.5,229.0,229.0,1507
2017-05-30 00:00:00,233.0,237.5,231.0,232.0,1496
2017-05-29 00:00:00,234.0,234.0,225.5,226.0,2802
2017-05-26 00:00:00,231.0,237.0,231.0,234.0,2235
2017-05-24 00:00:00,232.5,234.0,230.5,231.0,1091
2017-05-23 00:00:00,230.0,233.0,227.5,232.5,15769
2017-05-22 00:00:00,235.5,238.5,227.0,228.5,12392
2017-05-19 00:00:00,223.5,225.0,221.5,223.0,3615
2017-05-18 00:00:00,227.0,227.0,223.5,224.5,14735
2017-05-17 00:00:00,226.5,227.5,225.0,225.0,867
2017-05-16 00:00:00,232.0,232.5,226.0,228.5,904
2017-05-15 00:00:00,225.0,231.5,223.0,230.0,13196
2017-05-12 00:00:00,227.0,226.5,226.5,226.5,1328
2017-05-11 00:00:00,229.0,231.0,225.5,231.0,1320
2017-05-10 00:00:00,223.5,231.0,222.0,229.0,15120
2017-05-09 00:00:00,225.0,225.0,220.0,224.0,5641
2017-05-08 00:00:00,222.5,225.0,222.0,222.0,715
2017-05-05 00:00:00,222.5,223.0,221.0,222.5,1079
2017-05-04 00:00:00,223.0,225.5,221.0,222.5,791
2017-05-03 00:00:00,222.0,227.5,221.5,221.5,1458
2017-05-02 00:00:00,223.5,224.5,220.5,221.0,3859
2017-05-01 00:00:00,,223.5,223.5,223.5,0
2017-04-28 00:00:00,225.0,230.5,220.5,223.5,2423
2017-04-27 00:00:00,225.0,230.0,225.0,225.0,6595
2017-04-26 00:00:00,226.0,230.0,226.0,226.0,1720
2017-04-25 00:00:00,227.5,231.5,221.0,225.0,6903
2017-04-24 00:00:00,226.0,232.5,226.0,227.0,11912
2017-04-21 00:00:00,226.0,226.0,223.0,224.0,1588
2017-04-20 00:00:00,232.5,232.5,224.0,226.0,2319
2017-04-19 00:00:00,227.0,232.0,224.0,228.0,1992
2017-04-18 00:00:00,226.0,228.0,224.0,227.0,3515
2017-04-13 00:00:00,227.0,229.0,222.0,226.0,489
2017-04-12 00:00:00,232.5,232.5,227.0,227.0,1690
2017-04-11 00:00:00,229.5,229.5,225.0,226.0,79426
2017-04-10 00:00:00,232.5,232.5,229.0,229.5,1213
2017-04-07 00:00:00,230.5,231.0,221.5,230.0,3655
2017-04-06 00:00:00,230.0,232.0,228.0,230.5,956
2017-04-05 00:00:00,230.5,231.5,221.0,230.5,4596
2017-04-04 00:00:00,235.5,235.5,229.0,230.5,2245
2017-04-03 00:00:00,235.0,237.5,232.0,235.0,4365
2017-03-31 00:00:00,233.0,239.0,232.0,232.0,5647
2017-03-30 00:00:00,228.5,233.0,225.5,230.5,7910
2017-03-29 00:00:00,226.0,228.5,225.0,228.0,1084
2017-03-28 00:00:00,225.0,225.0,221.0,225.0,802174
2017-03-27 00:00:00,220.5,223.5,217.0,220.0,10521
2017-03-24 00:00:00,225.0,225.0,219.5,220.5,1412
2017-03-23 00:00:00,220.5,224.5,220.0,220.0,895
2017-03-22 00:00:00,218.5,218.5,217.5,218.0,1345
2017-03-21 00:00:00,220.0,220.0,218.0,218.0,497
2017-03-20 00:00:00,215.0,219.5,213.5,219.5,51923
2017-03-17 00:00:00,214.5,215.5,214.0,215.0,101932
2017-03-16 00:00:00,215.0,216.5,214.5,214.5,2651
2017-03-15 00:00:00,220.0,220.0,212.0,215.0,3031
2017-03-14 00:00:00,220.0,220.0,216.0,220.0,31965
2017-03-13 00:00:00,221.0,224.5,219.5,219.5,2407
2017-03-10 00:00:00,224.5,222.0,222.0,222.0,1993
2017-03-09 00:00:00,222.5,225.0,222.5,225.0,265
2017-03-08 00:00:00,224.5,225.0,222.5,225.0,304
2017-03-07 00:00:00,224.0,227.0,222.0,222.0,811
2017-03-06 00:00:00,228.0,230.0,223.5,223.5,1071
2017-03-03 00:00:00,230.0,229.0,229.0,229.0,1182
2017-03-02 00:00:00,230.0,230.0,226.5,228.0,1062
2017-03-01 00:00:00,228.5,230.0,225.0,229.5,2847
2017-02-28 00:00:00,221.5,228.5,221.0,228.5,1812
2017-02-27 00:00:00,226.5,226.5,221.5,221.5,3485
2017-02-24 00:00:00,226.5,230.0,226.5,226.5,1807
2017-02-23 00:00:00,224.5,228.0,222.5,226.5,365
2017-02-22 00:00:00,225.5,228.5,223.5,223.5,3110
2017-02-21 00:00:00,222.0,228.0,220.5,225.5,4957
2017-02-20 00:00:00,224.5,228.5,224.0,224.0,1471
2017-02-17 00:00:00,229.5,229.5,220.5,223.5,9133
2017-02-16 00:00:00,220.0,229.0,220.0,229.0,10367
2017-02-15 00:00:00,225.0,225.0,219.0,220.0,1072
2017-02-14 00:00:00,219.0,225.0,215.5,225.0,2509
2017-02-13 00:00:00,215.0,219.5,213.5,219.0,3944
2017-02-10 00:00:00,215.0,215.0,213.5,213.5,483
2017-02-09 00:00:00,213.0,215.5,213.0,215.0,1051
2017-02-08 00:00:00,215.0,215.5,212.0,213.5,796
2017-02-07 00:00:00,215.0,215.5,211.0,215.0,1578
2017-02-06 00:00:00,214.5,214.5,211.0,213.5,1692
2017-02-03 00:00:00,212.0,215.0,212.0,214.5,897
2017-02-02 00:00:00,213.0,216.5,212.5,213.0,1920
2017-02-01 00:00:00,213.0,217.0,213.0,213.0,1548
2017-01-31 00:00:00,218.0,219.0,212.0,212.0,11582
2017-01-30 00:00:00,215.0,218.5,215.0,215.0,2782
2017-01-27 00:00:00,217.5,218.0,215.0,215.0,1901
2017-01-26 00:00:00,217.5,218.0,215.0,215.0,5499
2017-01-25 00:00:00,215.5,218.0,215.0,217.5,2597
2017-01-24 00:00:00,215.0,219.0,215.0,215.0,2215
2017-01-23 00:00:00,213.0,215.0,213.0,215.0,147
2017-01-20 00:00:00,216.0,217.0,213.0,214.0,1594
2017-01-19 00:00:00,217.5,217.5,213.0,213.0,615
2017-01-18 00:00:00,216.0,219.0,214.0,214.0,690
2017-01-17 00:00:00,216.0,216.5,214.0,216.0,1668
2017-01-16 00:00:00,212.0,216.0,212.0,213.0,1535
2017-01-13 00:00:00,212.5,218.5,212.5,214.0,2159
2017-01-12 00:00:00,215.0,215.0,212.5,212.5,994
2017-01-11 00:00:00,215.5,215.5,212.0,213.5,5075
2017-01-10 00:00:00,218.5,219.0,214.5,216.5,1895
2017-01-09 00:00:00,220.0,220.0,212.0,212.0,2577
2017-01-06 00:00:00,,219.0,219.0,219.0,0
2017-01-05 00:00:00,220.0,222.0,219.0,219.0,1951
2017-01-04 00:00:00,221.0,221.0,217.0,219.0,2927
2017-01-03 00:00:00,220.0,221.0,217.0,220.5,2597
2017-01-02 00:00:00,216.0,221.0,216.0,219.5,2145
2016-12-30 00:00:00,217.0,218.0,213.5,216.0,1111
2016-12-29 00:00:00,212.0,218.0,212.0,217.0,1018
2016-12-28 00:00:00,215.0,218.5,212.0,212.0,2252
2016-12-27 00:00:00,209.5,215.0,209.0,215.0,1785
2016-12-23 00:00:00,211.0,212.0,210.0,210.0,1045
2016-12-22 00:00:00,211.5,211.5,208.0,208.0,513
2016-12-21 00:00:00,208.0,212.0,208.0,210.0,2091
2016-12-20 00:00:00,214.0,217.0,208.0,208.0,7246
2016-12-19 00:00:00,220.0,220.0,215.0,215.0,543
2016-12-16 00:00:00,218.0,220.0,216.0,219.5,2256
2016-12-15 00:00:00,213.0,218.5,209.0,218.0,5032
2016-12-14 00:00:00,211.0,214.0,211.0,214.0,2530
2016-12-13 00:00:00,213.5,214.5,211.0,214.0,3709
2016-12-12 00:00:00,208.0,213.5,207.5,213.5,7268
2016-12-09 00:00:00,209.0,209.5,206.0,208.0,2692
2016-12-08 00:00:00,214.0,216.5,205.0,207.0,8713
2016-12-07 00:00:00,217.0,219.5,214.0,214.0,4573
2016-12-06 00:00:00,222.5,224.0,216.5,223.0,5864
2016-12-05 00:00:00,221.5,222.0,216.0,222.0,2362
2016-12-02 00:00:00,217.5,224.0,216.5,222.0,5381
2016-12-01 00:00:00,220.0,220.5,214.0,219.0,348
2016-11-30 00:00:00,222.0,222.0,218.5,220.0,11376
2016-11-29 00:00:00,216.5,220.5,216.5,220.5,2064
2016-11-28 00:00:00,216.0,221.0,210.5,217.0,4251
2016-11-25 00:00:00,217.0,219.5,213.5,219.5,1759
2016-11-24 00:00:00,212.5,220.0,212.5,217.0,1468
2016-11-23 00:00:00,218.0,218.0,215.0,217.0,488
2016-11-22 00:00:00,213.0,219.5,213.0,218.0,6204
2016-11-21 00:00:00,207.5,217.0,207.0,216.5,5451
2016-11-18 00:00:00,201.0,210.0,200.5,206.5,2624
2016-11-17 00:00:00,191.5,202.0,191.5,198.0,3352
2016-11-16 00:00:00,193.0,195.5,191.0,191.5,4686
2016-11-15 00:00:00,195.0,196.0,192.0,193.0,5010
2016-11-14 00:00:00,196.0,198.5,190.0,194.5,11853
2016-11-11 00:00:00,205.5,205.5,195.5,195.5,10805
2016-11-10 00:00:00,202.5,208.5,202.5,204.0,12011
2016-11-09 00:00:00,200.0,203.0,195.0,202.5,10274
2016-11-08 00:00:00,206.5,212.0,202.5,207.0,3081
2016-11-07 00:00:00,205.0,208.0,195.0,206.5,9917
2016-11-04 00:00:00,202.5,211.5,203.0,203.0,1566
2016-11-03 00:00:00,205.0,206.0,200.0,202.5,2178
2016-11-02 00:00:00,207.5,207.5,205.0,205.0,3764
2016-11-01 00:00:00,210.5,210.5,206.0,206.0,4038
2016-10-31 00:00:00,212.0,217.0,210.5,211.5,4369
2016-10-28 00:00:00,214.0,215.0,212.5,212.5,1102
2016-10-27 00:00:00,216.0,219.0,214.0,214.0,5929
2016-10-26 00:00:00,221.0,221.5,216.0,218.0,25742
2016-10-25 00:00:00,220.5,221.0,216.5,221.0,154
2016-10-24 00:00:00,219.0,222.0,213.0,213.0,2653
2016-10-21 00:00:00,221.5,222.5,218.0,219.5,14187
2016-10-20 00:00:00,217.5,222.0,215.0,222.0,7753
2016-10-19 00:00:00,216.0,216.0,202.0,216.0,23572
2016-10-18 00:00:00,216.0,218.0,215.0,216.0,2074
2016-10-17 00:00:00,212.5,216.0,212.5,215.0,2637
2016-10-14 00:00:00,219.5,219.5,210.0,218.0,10175
2016-10-13 00:00:00,220.5,220.5,218.5,220.0,536
2016-10-12 00:00:00,221.5,221.5,218.0,220.5,9337
2016-10-11 00:00:00,221.5,223.0,221.0,222.5,1217
2016-10-10 00:00:00,223.0,223.5,220.0,221.5,1388
2016-10-07 00:00:00,221.0,224.0,220.5,222.5,3663
2016-10-06 00:00:00,219.5,222.0,218.0,221.0,4322
2016-10-05 00:00:00,219.0,220.0,217.5,219.0,773
2016-10-04 00:00:00,217.5,220.0,217.5,219.0,4585
2016-10-03 00:00:00,216.0,218.5,216.0,218.5,3230
2016-09-30 00:00:00,213.0,217.0,213.0,216.5,5877
2016-09-29 00:00:00,216.0,216.5,214.5,214.5,3773
2016-09-28 00:00:00,219.0,220.0,215.5,216.5,837
2016-09-27 00:00:00,221.5,221.5,216.0,218.0,1556
2016-09-26 00:00:00,220.0,225.0,217.5,225.0,721
2016-09-23 00:00:00,218.5,220.0,218.5,220.0,1475
2016-09-22 00:00:00,216.5,220.0,216.5,219.5,939
2016-09-21 00:00:00,212.5,217.0,212.5,215.0,29019
2016-09-20 00:00:00,215.0,215.0,212.5,213.0,2135
2016-09-19 00:00:00,215.0,222.0,214.0,216.5,1479
2016-09-16 00:00:00,216.5,216.5,215.0,215.0,220
2016-09-15 00:00:00,217.0,218.5,216.5,218.5,460
2016-09-14 00:00:00,218.0,221.0,215.5,218.5,2321
2016-09-13 00:00:00,218.0,225.5,217.0,220.5,7391
2016-09-12 00:00:00,220.5,226.5,218.0,226.5,2323
2016-09-09 00:00:00,229.5,229.5,217.5,228.5,3060
2016-09-08 00:00:00,224.0,230.0,223.5,228.0,4555
2016-09-07 00:00:00,222.5,225.0,220.0,224.0,119300
2016-09-06 00:00:00,221.0,223.5,220.0,223.0,107542
2016-09-05 00:00:00,218.5,223.0,218.5,223.0,11366
2016-09-02 00:00:00,215.0,219.5,215.0,219.0,3905
2016-09-01 00:00:00,219.5,219.5,214.5,218.5,2102
2016-08-31 00:00:00,216.0,219.0,215.5,218.0,6926
2016-08-30 00:00:00,217.0,218.5,212.5,216.0,5283
2016-08-29 00:00:00,216.0,216.0,211.5,216.0,3522
2016-08-26 00:00:00,216.0,216.0,212.5,216.0,4354
2016-08-25 00:00:00,213.0,216.0,211.0,214.0,4750
2016-08-24 00:00:00,210.5,215.0,209.5,215.0,17451
2016-08-23 00:00:00,211.0,212.5,209.0,210.5,3006
2016-08-22 00:00:00,212.5,212.5,208.0,211.0,2705
2016-08-19 00:00:00,212.5,215.0,212.5,214.0,3454
2016-08-18 00:00:00,207.5,211.5,205.5,210.5,3429
2016-08-17 00:00:00,212.0,213.5,208.0,208.5,1078
2016-08-16 00:00:00,212.5,214.0,212.0,212.0,925
2016-08-15 00:00:00,215.5,215.5,214.0,214.5,447
2016-08-12 00:00:00,212.5,214.0,212.5,212.5,376
2016-08-11 00:00:00,212.0,215.0,212.0,215.0,16626
2016-08-10 00:00:00,215.0,217.0,211.0,212.0,6238
2016-08-09 00:00:00,216.0,216.5,214.0,215.5,2765
2016-08-08 00:00:00,215.0,215.5,212.0,215.5,3524
2016-08-05 00:00:00,213.5,215.0,212.0,215.0,5970
2016-08-04 00:00:00,213.0,213.0,212.0,213.0,13073
2016-08-03 00:00:00,213.5,213.5,210.5,211.0,3990
2016-08-02 00:00:00,210.0,212.0,210.0,211.5,1827
2016-08-01 00:00:00,211.5,211.5,210.0,210.0,1001
2016-07-29 00:00:00,212.0,212.0,208.5,211.5,4636
2016-07-28 00:00:00,212.0,212.0,211.0,212.0,279
2016-07-27 00:00:00,218.0,218.0,211.0,211.5,1656
2016-07-26 00:00:00,213.5,214.5,211.0,212.0,1216
2016-07-25 00:00:00,215.0,215.0,212.5,215.0,2059
2016-07-22 00:00:00,214.0,215.0,211.0,215.0,912
2016-07-21 00:00:00,210.0,214.5,210.0,214.0,3978
2016-07-20 00:00:00,214.0,214.0,210.0,212.5,15129
2016-07-19 00:00:00,208.0,218.0,207.5,212.0,6649
2016-07-18 00:00:00,210.0,210.0,203.5,207.0,10856
2016-07-15 00:00:00,203.5,210.0,202.0,210.0,14457
2016-07-14 00:00:00,199.5,202.5,199.0,201.5,932
2016-07-13 00:00:00,199.5,204.0,196.0,196.0,4716
2016-07-12 00:00:00,191.0,200.0,187.0,199.5,4918
2016-07-11 00:00:00,191.0,192.5,190.5,190.5,1707
2016-07-08 00:00:00,194.0,194.5,190.5,192.5,2806
2016-07-07 00:00:00,194.5,195.5,191.5,194.0,1318
2016-07-06 00:00:00,192.0,195.5,190.5,194.0,5888
2016-07-05 00:00:00,191.0,194.0,191.0,192.5,924
2016-07-04 00:00:00,193.5,194.5,192.0,194.5,2188
2016-07-01 00:00:00,194.5,198.5,191.5,193.0,2938
2016-06-30 00:00:00,191.0,202.0,191.0,195.5,5153
2016-06-29 00:00:00,191.0,197.5,189.5,195.0,3478
2016-06-28 00:00:00,183.0,191.0,183.0,187.0,2047
2016-06-27 00:00:00,190.0,193.0,181.0,181.0,3098
2016-06-24 00:00:00,,194.0,194.0,194.0,0
2016-06-23 00:00:00,197.0,197.0,193.5,194.0,565
2016-06-22 00:00:00,194.0,196.0,194.0,194.0,2449
2016-06-21 00:00:00,193.0,196.5,193.0,194.0,507
2016-06-20 00:00:00,197.5,197.5,191.5,192.5,4679
2016-06-17 00:00:00,190.5,197.5,190.5,197.5,2459
2016-06-16 00:00:00,193.0,197.5,189.0,189.0,1181
2016-06-15 00:00:00,199.0,201.0,197.5,200.0,19035
2016-06-14 00:00:00,195.0,201.5,192.0,201.5,9354
2016-06-13 00:00:00,201.5,201.5,192.5,195.0,2256
2016-06-10 00:00:00,204.5,204.5,199.5,201.5,2426
2016-06-09 00:00:00,208.0,210.0,202.5,210.0,3897
2016-06-08 00:00:00,202.0,208.5,200.0,207.0,34393
2016-06-07 00:00:00,192.5,206.0,192.5,206.0,6494
2016-06-06 00:00:00,,204.0,204.0,204.0,0
2016-06-03 00:00:00,204.0,205.0,200.0,204.0,2105
2016-06-02 00:00:00,196.0,205.0,195.5,204.0,183848
2016-06-01 00:00:00,197.0,197.0,193.0,196.0,15304
2016-05-31 00:00:00,195.5,197.5,195.5,196.5,25994
2016-05-30 00:00:00,197.0,197.0,191.0,195.5,863
2016-05-27 00:00:00,199.0,199.0,194.5,195.0,30729
2016-05-26 00:00:00,198.5,200.0,197.0,199.0,1622
2016-05-25 00:00:00,197.5,199.5,197.0,199.0,1939
2016-05-24 00:00:00,197.0,197.5,191.0,197.5,11941
2016-05-23 00:00:00,192.5,197.0,192.5,197.0,2183
2016-05-20 00:00:00,193.0,194.0,189.0,191.0,2112
2016-05-19 00:00:00,193.0,194.0,190.5,192.5,988
2016-05-18 00:00:00,197.0,197.0,191.0,194.5,1883
2016-05-17 00:00:00,198.0,198.0,193.0,195.5,2418
2016-05-16 00:00:00,200.0,203.5,198.0,200.5,24773
2016-05-13 00:00:00,199.0,202.0,197.0,201.0,23728
2016-05-12 00:00:00,197.0,199.5,195.5,197.0,1748
2016-05-11 00:00:00,200.0,200.0,192.5,195.0,5256
2016-05-10 00:00:00,194.0,199.0,194.0,195.5,58857
2016-05-09 00:00:00,189.5,193.0,189.0,192.0,1229
2016-05-06 00:00:00,189.5,190.0,188.5,189.0,1158
2016-05-05 00:00:00,194.0,194.0,188.0,188.0,1183
2016-05-04 00:00:00,194.0,194.0,188.0,188.0,1183
2016-05-03 00:00:00,188.0,194.0,185.0,194.0,4967
2016-05-02 00:00:00,184.5,194.5,184.0,188.0,4964
2016-04-29 00:00:00,199.0,199.0,181.0,182.0,7239
2016-04-28 00:00:00,200.0,200.0,193.0,193.0,1447
2016-04-27 00:00:00,197.5,200.0,193.0,200.0,5392
2016-04-26 00:00:00,188.5,198.5,188.5,196.0,3221
2016-04-25 00:00:00,197.0,197.0,189.5,192.0,5649
2016-04-22 00:00:00,200.5,200.5,196.5,197.0,11272
2016-04-21 00:00:00,211.5,211.5,200.0,205.5,4791
2016-04-20 00:00:00,207.5,212.0,207.0,207.0,4865
2016-04-19 00:00:00,208.0,211.0,206.5,207.0,2547
2016-04-18 00:00:00,195.5,209.0,195.5,206.5,7348
2016-04-15 00:00:00,208.5,208.5,202.0,205.0,4074
2016-04-14 00:00:00,202.0,207.0,201.0,203.5,4919
2016-04-13 00:00:00,206.0,206.0,203.5,206.0,1737
2016-04-12 00:00:00,203.5,206.5,203.5,206.5,1621
2016-04-11 00:00:00,209.5,209.5,205.0,209.0,2347
2016-04-08 00:00:00,208.0,212.5,204.5,209.5,14051
2016-04-07 00:00:00,206.0,212.0,202.5,207.0,4223
2016-04-06 00:00:00,209.0,211.5,208.0,208.5,3199
2016-04-05 00:00:00,215.0,215.0,209.5,209.5,4141
2016-04-04 00:00:00,212.0,214.5,212.0,213.0,3923
2016-04-01 00:00:00,215.0,215.0,210.0,212.0,5314
2016-03-31 00:00:00,215.0,215.0,211.0,211.0,1911
2016-03-30 00:00:00,217.0,217.0,210.5,215.0,16052
2016-03-29 00:00:00,217.0,221.5,215.0,217.0,14300
2016-03-28 00:00:00,210.0,211.0,209.0,209.0,2182
2016-03-25 00:00:00,210.0,211.0,207.0,209.0,2182
2016-03-24 00:00:00,210.0,211.0,207.0,209.0,2182
2016-03-23 00:00:00,215.0,215.0,210.5,213.0,92867
2016-03-22 00:00:00,212.0,214.0,209.5,214.0,4553
2016-03-21 00:00:00,207.0,213.0,204.0,213.0,14439
2016-03-18 00:00:00,207.0,207.0,200.0,207.0,7669
2016-03-17 00:00:00,199.0,207.0,195.5,207.0,104623
2016-03-16 00:00:00,197.0,199.0,197.0,199.0,7333
2016-03-15 00:00:00,192.0,195.5,192.0,195.5,6891
2016-03-14 00:00:00,191.0,196.0,191.0,194.5,14907
2016-03-11 00:00:00,187.0,196.5,187.0,194.0,6034
2016-03-10 00:00:00,181.5,187.0,181.5,185.0,53876
2016-03-09 00:00:00,185.5,186.5,185.0,185.0,3579
2016-03-08 00:00:00,181.5,186.0,181.0,186.0,3908
2016-03-07 00:00:00,181.5,186.0,181.5,182.5,3601
2016-03-04 00:00:00,183.5,183.5,182.5,183.5,2605
2016-03-03 00:00:00,185.0,185.0,182.0,183.0,2757
2016-03-02 00:00:00,186.5,187.5,185.0,187.0,3031
2016-03-01 00:00:00,187.0,187.0,184.0,184.0,3782
2016-02-29 00:00:00,179.5,187.0,179.0,184.5,4378
2016-02-26 00:00:00,181.0,184.0,178.0,181.0,20194
2016-02-25 00:00:00,178.0,178.0,175.0,177.0,10755
2016-02-24 00:00:00,177.5,178.0,175.0,178.0,25778
2016-02-23 00:00:00,183.0,183.0,177.5,178.0,8708
2016-02-22 00:00:00,184.5,185.5,179.5,185.5,4635
2016-02-19 00:00:00,181.0,181.0,175.5,181.0,3091
2016-02-18 00:00:00,175.0,182.0,175.0,181.5,7079
2016-02-17 00:00:00,172.0,177.0,172.0,175.0,11510
2016-02-16 00:00:00,181.0,181.0,174.0,174.5,13333
2016-02-15 00:00:00,175.0,180.0,171.0,174.0,18344
2016-02-12 00:00:00,172.5,174.0,172.0,172.0,3588
2016-02-11 00:00:00,175.5,176.5,170.0,175.0,12838
2016-02-10 00:00:00,175.5,181.0,175.5,179.5,17696
2016-02-09 00:00:00,172.0,175.5,169.0,175.5,12983
2016-02-08 00:00:00,182.0,182.0,173.0,174.5,5719
2016-02-05 00:00:00,179.0,186.0,179.0,181.0,3043
2016-02-04 00:00:00,177.0,178.5,175.5,178.5,4660
2016-02-03 00:00:00,181.0,186.5,175.5,177.0,3595
2016-02-02 00:00:00,182.0,184.0,178.0,178.5,2208
2016-02-01 00:00:00,188.0,189.5,185.0,185.0,1817
2016-01-29 00:00:00,181.5,190.0,181.5,187.0,84337
2016-01-28 00:00:00,186.5,186.5,181.0,185.5,3553
2016-01-27 00:00:00,190.0,190.0,180.5,185.0,3672
2016-01-26 00:00:00,175.5,190.0,174.0,190.0,7747
2016-01-25 00:00:00,185.0,185.0,175.0,175.5,5288
2016-01-22 00:00:00,190.0,190.0,176.0,181.5,24862
2016-01-21 00:00:00,171.5,175.0,170.5,175.0,11653
2016-01-20 00:00:00,176.0,176.0,172.0,175.0,2813
2016-01-19 00:00:00,180.0,185.0,177.0,178.0,8012
2016-01-18 00:00:00,182.0,186.5,176.0,180.0,4533
2016-01-15 00:00:00,187.0,187.0,179.0,182.0,4980
2016-01-14 00:00:00,192.5,192.5,186.0,186.0,9006
2016-01-13 00:00:00,192.5,194.5,191.5,192.5,449
2016-01-12 00:00:00,187.5,192.5,187.5,190.5,92931
2016-01-11 00:00:00,192.0,192.0,188.0,189.0,4395
2016-01-08 00:00:00,196.0,196.0,190.5,194.5,8639
2016-01-07 00:00:00,199.0,200.0,191.0,196.0,6808
2016-01-06 00:00:00,,200.5,200.5,200.5,0
2016-01-05 00:00:00,201.0,202.0,200.0,200.5,1356
2016-01-04 00:00:00,203.0,203.5,197.0,203.5,4296
2016-01-01 00:00:00,,200.5,200.5,200.5,0
2015-12-31 00:00:00,,200.5,200.5,200.5,0
2015-12-30 00:00:00,201.5,201.5,200.0,200.5,2128
2015-12-29 00:00:00,206.0,206.0,199.0,199.0,10501
2015-12-28 00:00:00,209.0,209.0,203.5,206.0,5685
2015-12-25 00:00:00,196.5,209.0,196.0,203.5,8187
2015-12-24 00:00:00,196.5,209.0,196.0,203.5,8187
2015-12-23 00:00:00,196.5,209.0,196.0,203.5,8187
2015-12-22 00:00:00,194.5,197.0,193.5,195.5,13538
2015-12-21 00:00:00,197.0,197.0,192.0,194.5,27352
2015-12-18 00:00:00,204.0,204.0,193.0,200.0,6553
2015-12-17 00:00:00,212.0,212.0,204.0,204.0,6110
2015-12-16 00:00:00,207.0,208.0,206.0,206.0,4885
2015-12-15 00:00:00,201.0,209.0,201.0,206.0,1872
2015-12-14 00:00:00,207.5,207.5,201.0,201.0,5469
2015-12-11 00:00:00,206.0,212.0,203.0,207.5,4242
2015-12-10 00:00:00,210.0,210.0,205.5,209.5,3527
2015-12-09 00:00:00,211.0,211.0,204.5,210.0,3652
2015-12-08 00:00:00,212.5,213.0,209.0,209.5,13094
2015-12-07 00:00:00,208.0,220.0,208.0,213.0,7649
2015-12-04 00:00:00,205.0,208.0,205.0,207.0,5759
2015-12-03 00:00:00,207.5,208.0,203.0,207.0,5689
2015-12-02 00:00:00,203.5,209.0,202.0,207.0,45841
2015-12-01 00:00:00,200.0,202.0,197.5,202.0,17859
2015-11-30 00:00:00,201.0,202.5,197.5,201.0,10202
2015-11-27 00:00:00,200.0,201.0,197.5,201.0,62844
2015-11-26 00:00:00,200.0,200.5,197.0,200.0,3305
2015-11-25 00:00:00,194.5,200.0,194.5,198.0,4479
2015-11-24 00:00:00,200.0,200.0,194.0,194.0,7874
2015-11-23 00:00:00,199.0,204.5,198.5,199.5,2050
2015-11-20 00:00:00,198.5,200.0,196.0,199.5,16715
2015-11-19 00:00:00,199.0,199.0,198.0,198.5,7142
2015-11-18 00:00:00,196.5,199.0,195.0,198.5,7529
2015-11-17 00:00:00,193.0,196.5,193.0,196.5,7020
2015-11-16 00:00:00,193.0,198.5,191.0,193.0,17249
2015-11-13 00:00:00,196.5,196.5,193.5,193.5,3209
2015-11-12 00:00:00,198.0,201.5,195.0,196.5,37811
2015-11-11 00:00:00,191.0,197.5,191.0,197.5,13998
2015-11-10 00:00:00,188.0,194.0,188.0,194.0,3085
2015-11-09 00:00:00,192.0,192.0,189.5,191.5,142472
2015-11-06 00:00:00,194.0,194.0,189.5,192.0,2458
2015-11-05 00:00:00,193.0,193.5,192.0,193.5,3844
2015-11-04 00:00:00,194.0,194.0,192.0,193.0,5664
2015-11-03 00:00:00,191.5,194.0,191.5,194.0,5696
2015-11-02 00:00:00,189.0,193.0,188.0,189.5,6695
2015-10-30 00:00:00,192.0,192.0,190.0,190.0,1185
2015-10-29 00:00:00,192.5,192.5,190.0,191.0,4757
2015-10-28 00:00:00,185.0,193.0,185.0,191.0,11510
2015-10-27 00:00:00,192.5,195.0,182.0,188.0,14209
2015-10-26 00:00:00,194.0,194.5,190.0,192.5,11782
2015-10-23 00:00:00,184.5,193.0,180.0,189.5,8994
2015-10-22 00:00:00,180.0,184.0,171.0,184.0,16906
2015-10-21 00:00:00,179.0,179.0,176.5,179.0,4552
2015-10-20 00:00:00,178.0,179.0,177.0,179.0,1548
2015-10-19 00:00:00,178.0,178.5,176.5,178.0,1742
2015-10-16 00:00:00,176.5,179.0,176.5,178.0,41613
2015-10-15 00:00:00,173.5,176.5,170.5,176.5,5219
2015-10-14 00:00:00,173.5,185.0,171.5,176.5,3305
2015-10-13 00:00:00,169.0,170.5,168.0,170.5,688
2015-10-12 00:00:00,167.0,171.0,167.0,168.5,4977
2015-10-09 00:00:00,174.0,174.0,170.0,171.5,1485
2015-10-08 00:00:00,171.5,172.5,171.5,171.5,877
2015-10-07 00:00:00,172.0,174.5,171.5,171.5,4883
2015-10-06 00:00:00,173.0,173.5,171.0,172.0,3383
2015-10-05 00:00:00,170.0,172.0,170.0,170.0,2593
2015-10-02 00:00:00,173.5,175.0,166.5,170.0,5061
2015-10-01 00:00:00,170.5,171.5,170.5,171.5,1196
2015-09-30 00:00:00,168.0,177.0,168.0,170.0,82280
2015-09-29 00:00:00,167.0,170.5,166.5,167.5,3166
2015-09-28 00:00:00,173.0,173.0,165.5,167.0,6601
2015-09-25 00:00:00,177.0,180.0,173.0,174.0,7252
2015-09-24 00:00:00,178.5,180.0,175.5,175.5,7408
2015-09-23 00:00:00,178.0,180.0,177.5,178.5,52859
2015-09-22 00:00:00,180.0,180.0,176.0,178.0,3897
2015-09-21 00:00:00,177.0,180.0,177.0,179.0,2898
2015-09-18 00:00:00,179.0,183.0,175.5,177.0,27553
2015-09-17 00:00:00,176.5,176.5,173.5,176.0,5510
2015-09-16 00:00:00,174.0,176.0,172.0,173.0,9878
2015-09-15 00:00:00,169.0,170.0,164.5,164.5,6137
2015-09-14 00:00:00,174.0,174.0,168.5,168.5,2789
2015-09-11 00:00:00,173.0,173.0,168.5,171.0,3714
2015-09-10 00:00:00,173.0,174.0,171.0,174.0,2947
2015-09-09 00:00:00,171.5,175.0,171.5,175.0,2291
2015-09-08 00:00:00,173.5,173.5,169.0,171.0,19029
2015-09-07 00:00:00,172.0,174.0,172.0,173.5,1924
2015-09-04 00:00:00,176.0,176.0,172.0,172.0,2961
2015-09-03 00:00:00,170.5,176.0,170.5,176.0,1625
2015-09-02 00:00:00,171.5,179.0,160.0,173.5,4184
2015-09-01 00:00:00,169.5,177.0,169.0,173.5,4571
2015-08-31 00:00:00,177.0,179.5,172.5,177.5,8358
2015-08-28 00:00:00,181.0,181.0,176.5,177.5,13071
2015-08-27 00:00:00,175.5,178.5,175.0,177.0,21911
2015-08-26 00:00:00,174.0,174.5,170.5,171.0,5663
2015-08-25 00:00:00,169.0,177.5,168.5,173.5,5287
2015-08-24 00:00:00,173.5,178.0,160.0,168.5,13694
2015-08-21 00:00:00,187.5,187.5,177.0,178.5,40721
2015-08-20 00:00:00,187.0,188.0,184.5,184.5,3884
2015-08-19 00:00:00,189.0,192.0,185.0,185.5,12336
2015-08-18 00:00:00,188.0,188.5,185.5,188.0,14173
2015-08-17 00:00:00,188.0,188.0,187.0,188.0,10147
2015-08-14 00:00:00,182.5,186.5,182.5,186.5,8791
2015-08-13 00:00:00,183.5,186.5,180.0,186.5,4135
2015-08-12 00:00:00,185.5,185.5,182.0,182.0,2220
2015-08-11 00:00:00,188.5,188.5,186.0,186.5,1160
2015-08-10 00:00:00,188.5,188.5,185.0,188.0,5852
2015-08-07 00:00:00,188.5,188.5,186.0,188.5,2626
2015-08-06 00:00:00,188.0,188.0,185.5,187.0,985
2015-08-05 00:00:00,186.0,187.5,184.0,187.0,2420
2015-08-04 00:00:00,188.0,188.5,186.0,186.0,6411
2015-08-03 00:00:00,181.0,188.0,181.0,188.0,3838
2015-07-31 00:00:00,180.0,183.0,180.0,181.0,1279
2015-07-30 00:00:00,182.5,183.0,181.5,182.0,1562
2015-07-29 00:00:00,179.0,183.0,177.0,181.5,3818
2015-07-28 00:00:00,175.0,177.5,175.0,176.0,921
2015-07-27 00:00:00,180.0,180.0,172.0,175.0,5367
2015-07-24 00:00:00,182.0,183.0,179.0,180.0,2677
2015-07-23 00:00:00,183.0,183.0,179.5,180.5,3506
2015-07-22 00:00:00,182.0,183.0,181.0,181.5,2677
2015-07-21 00:00:00,181.5,183.0,181.0,182.0,6842
2015-07-20 00:00:00,179.5,181.0,178.0,179.0,12680
2015-07-17 00:00:00,178.0,178.0,173.0,176.5,8857
2015-07-16 00:00:00,177.5,177.5,172.0,173.0,3629
2015-07-15 00:00:00,177.0,177.0,169.5,169.5,3648
2015-07-14 00:00:00,169.0,173.5,169.0,172.5,3297
2015-07-13 00:00:00,170.0,176.0,169.0,169.0,7078
2015-07-10 00:00:00,176.0,176.0,166.5,169.5,2676
2015-07-09 00:00:00,168.0,170.0,166.5,166.5,3827
2015-07-08 00:00:00,168.0,169.0,165.0,168.0,2406
2015-07-07 00:00:00,167.5,169.0,167.0,168.0,5789
2015-07-06 00:00:00,169.0,169.0,167.0,167.5,2493
2015-07-03 00:00:00,169.0,170.0,168.5,170.0,716
2015-07-02 00:00:00,171.0,171.0,168.0,168.5,1402
2015-07-01 00:00:00,173.5,173.5,170.0,172.0,2620
2015-06-30 00:00:00,174.0,174.0,166.5,171.0,3393
2015-06-29 00:00:00,170.0,179.0,166.0,174.0,10362
2015-06-26 00:00:00,170.0,173.0,164.0,173.0,9815
2015-06-25 00:00:00,178.5,178.5,167.0,167.0,9745
2015-06-24 00:00:00,175.0,175.0,171.0,172.0,12442
2015-06-23 00:00:00,174.0,174.0,172.0,173.0,3925
2015-06-22 00:00:00,175.0,175.0,168.5,171.0,7415
2015-06-19 00:00:00,,174.0,174.0,174.0,0
2015-06-18 00:00:00,171.0,174.0,165.5,174.0,3398
2015-06-17 00:00:00,166.5,172.0,166.5,171.0,14387
2015-06-16 00:00:00,167.0,170.5,166.5,170.0,14405
2015-06-15 00:00:00,176.0,176.0,166.5,167.0,18216
2015-06-12 00:00:00,175.0,176.5,175.0,176.0,5344
2015-06-11 00:00:00,174.5,176.0,174.5,175.0,482
2015-06-10 00:00:00,173.5,174.5,173.0,173.0,139007
2015-06-09 00:00:00,174.0,174.0,172.0,174.0,1762
2015-06-08 00:00:00,171.0,174.5,171.0,174.0,549
2015-06-05 00:00:00,175.0,176.0,173.5,174.0,3704
2015-06-04 00:00:00,175.5,175.5,174.0,175.0,16345
2015-06-03 00:00:00,180.0,180.0,176.5,176.5,2469
2015-06-02 00:00:00,175.5,176.5,175.0,175.0,13579
2015-06-01 00:00:00,175.5,177.5,174.0,175.0,3454
2015-05-29 00:00:00,175.0,179.0,174.0,178.5,2038
2015-05-28 00:00:00,176.0,180.5,174.0,175.0,19624
2015-05-27 00:00:00,179.0,179.0,175.0,175.5,6697
2015-05-26 00:00:00,187.5,187.5,179.0,179.0,14389
2015-05-25 00:00:00,179.0,181.0,179.0,180.0,5056
2015-05-22 00:00:00,173.0,181.5,171.0,179.0,67723
2015-05-21 00:00:00,171.0,173.0,171.0,172.0,24859
2015-05-20 00:00:00,170.0,172.0,169.5,171.0,9355
2015-05-19 00:00:00,170.0,171.0,170.0,171.0,8698
2015-05-18 00:00:00,170.0,172.0,169.0,170.0,12283
2015-05-15 00:00:00,163.0,165.0,163.0,164.0,2344
2015-05-14 00:00:00,161.5,163.0,158.0,163.0,7298
2015-05-13 00:00:00,161.5,163.0,158.0,163.0,7298
2015-05-12 00:00:00,168.5,168.5,162.5,164.0,4724
2015-05-11 00:00:00,168.5,170.0,168.5,169.0,3027
2015-05-08 00:00:00,164.0,170.0,164.0,170.0,4221
2015-05-07 00:00:00,160.5,168.0,160.5,167.5,104751
2015-05-06 00:00:00,165.0,168.5,161.5,166.5,4718
2015-05-05 00:00:00,169.0,173.5,168.0,170.0,111622
2015-05-04 00:00:00,166.0,169.0,165.5,169.0,2515
2015-05-01 00:00:00,169.5,169.5,163.5,166.0,702
2015-04-30 00:00:00,169.5,169.5,163.5,166.0,702
2015-04-29 00:00:00,167.0,167.5,164.0,167.0,64079
2015-04-28 00:00:00,168.5,169.0,167.0,168.0,55407
2015-04-27 00:00:00,167.0,170.5,167.0,168.5,2400
2015-04-24 00:00:00,170.0,174.0,169.0,169.0,9107
2015-04-23 00:00:00,170.0,173.0,167.5,167.5,8378
2015-04-22 00:00:00,168.5,170.0,167.0,169.5,3279
2015-04-21 00:00:00,166.5,171.0,166.5,168.5,8659
2015-04-20 00:00:00,165.5,170.0,165.5,167.0,3464
2015-04-17 00:00:00,169.5,170.0,166.0,170.0,8622
2015-04-16 00:00:00,171.0,171.0,168.0,170.0,7691
2015-04-15 00:00:00,169.0,173.0,168.0,169.0,87034
2015-04-14 00:00:00,161.5,169.5,161.5,167.5,19045
2015-04-13 00:00:00,157.0,160.0,157.0,159.0,4182
2015-04-10 00:00:00,158.0,162.5,155.5,161.5,12732
2015-04-09 00:00:00,158.0,159.5,158.0,159.0,1605
2015-04-08 00:00:00,157.0,159.0,157.0,157.5,36514
2015-04-07 00:00:00,155.0,159.0,154.0,157.0,7919
2015-04-02 00:00:00,159.5,159.5,159.0,159.5,48
2015-04-01 00:00:00,155.5,159.0,155.5,156.5,8770
2015-03-31 00:00:00,157.5,157.5,155.0,156.0,7145
2015-03-30 00:00:00,155.0,158.0,153.0,154.0,5388
2015-03-27 00:00:00,154.0,155.0,151.0,153.0,4880
2015-03-26 00:00:00,151.5,155.5,150.5,155.0,175340
2015-03-25 00:00:00,155.0,155.0,151.5,152.0,1890
2015-03-24 00:00:00,150.0,151.0,150.0,150.0,3430
2015-03-23 00:00:00,152.5,153.0,150.0,150.0,13408
2015-03-20 00:00:00,155.0,155.0,149.5,153.0,9945
2015-03-19 00:00:00,150.5,156.0,149.0,150.0,12120
2015-03-18 00:00:00,142.75,150.0,142.75,148.5,65893
2015-03-17 00:00:00,142.0,145.0,138.5,144.25,12721
2015-03-16 00:00:00,138.75,142.0,138.75,142.0,3286
2015-03-13 00:00:00,140.0,140.0,138.0,138.75,136981
2015-03-12 00:00:00,140.0,140.0,138.5,140.0,3344
2015-03-11 00:00:00,139.0,139.75,138.5,139.75,7605
2015-03-10 00:00:00,139.5,139.5,139.0,139.5,1164
2015-03-09 00:00:00,138.75,139.5,137.25,139.25,6862
2015-03-06 00:00:00,139.5,139.5,137.0,139.0,1764776
2015-03-05 00:00:00,137.75,139.0,137.25,139.0,11502
2015-03-04 00:00:00,138.5,139.0,136.75,137.75,5391
2015-03-03 00:00:00,140.0,140.0,137.0,137.0,4531
2015-03-02 00:00:00,137.0,138.5,136.0,136.0,11002
2015-02-27 00:00:00,138.75,138.75,137.25,137.25,10194
2015-02-26 00:00:00,139.0,142.5,138.0,138.5,7251
2015-02-25 00:00:00,139.0,139.5,138.0,138.5,22131
2015-02-24 00:00:00,139.5,139.5,138.25,138.25,11218
2015-02-23 00:00:00,137.25,139.75,137.25,138.25,23270
2015-02-20 00:00:00,136.0,138.25,136.0,137.0,7220
2015-02-19 00:00:00,136.5,139.75,136.0,137.25,5879
2015-02-18 00:00:00,138.0,139.0,138.0,138.5,3429
2015-02-17 00:00:00,141.25,141.25,135.5,137.5,9211
2015-02-16 00:00:00,142.0,142.0,137.0,138.0,3507
2015-02-13 00:00:00,141.0,142.75,136.25,136.25,48301
2015-02-12 00:00:00,135.5,142.0,135.5,141.0,69816
2015-02-11 00:00:00,142.5,142.5,135.25,136.0,3908
2015-02-10 00:00:00,135.0,141.5,135.0,140.0,11211
2015-02-09 00:00:00,138.0,138.0,132.0,136.5,11051
2015-02-06 00:00:00,138.0,138.0,131.0,131.25,8168
2015-02-05 00:00:00,135.5,135.5,134.25,135.0,2125
2015-02-04 00:00:00,135.25,135.5,133.5,135.25,5155
2015-02-03 00:00:00,132.75,135.0,130.25,135.0,10427
2015-02-02 00:00:00,135.0,135.0,130.0,133.0,1530
2015-01-30 00:00:00,131.0,134.75,131.0,134.75,5146
2015-01-29 00:00:00,127.75,134.0,127.75,131.0,1853
2015-01-28 00:00:00,128.0,131.0,127.75,130.0,67909
2015-01-27 00:00:00,127.5,127.75,127.25,127.5,2916
2015-01-26 00:00:00,125.25,128.25,125.25,127.0,2896
2015-01-23 00:00:00,124.75,127.0,124.75,126.5,7239
2015-01-22 00:00:00,125.5,125.5,120.0,122.5,15754
2015-01-21 00:00:00,125.25,125.5,124.25,125.25,1017
2015-01-20 00:00:00,125.0,125.0,122.75,125.0,18092
2015-01-19 00:00:00,125.0,125.0,124.5,124.5,3093
2015-01-16 00:00:00,124.25,127.0,124.0,125.0,1310
2015-01-15 00:00:00,125.75,125.75,120.25,125.0,4263
2015-01-14 00:00:00,125.0,125.0,121.25,121.25,1446
2015-01-13 00:00:00,126.0,126.5,123.75,125.0,54522
2015-01-12 00:00:00,126.0,127.25,125.25,126.5,11014
2015-01-09 00:00:00,127.5,127.5,126.0,127.25,2669
2015-01-08 00:00:00,128.0,128.0,127.0,127.5,3324
2015-01-07 00:00:00,129.0,129.0,127.0,127.0,2545
2015-01-06 00:00:00,,129.0,129.0,129.0,0
2015-01-05 00:00:00,128.0,129.0,127.0,129.0,1095
2015-01-02 00:00:00,128.0,129.75,128.0,128.0,884
2015-01-01 00:00:00,127.0,127.5,127.0,127.5,27276
2014-12-30 00:00:00,127.0,127.5,127.0,127.5,27276
2014-12-29 00:00:00,127.0,129.75,127.0,128.0,3800
2014-12-23 00:00:00,128.25,130.0,127.0,129.75,1152
2014-12-22 00:00:00,129.25,129.25,124.25,126.5,1300
2014-12-19 00:00:00,126.0,129.25,125.0,129.25,4172
2014-12-18 00:00:00,126.75,128.25,125.0,128.25,1592
2014-12-17 00:00:00,126.5,126.75,126.5,126.75,1223
2014-12-16 00:00:00,128.0,128.0,124.75,127.5,2763
2014-12-15 00:00:00,131.5,131.5,124.5,128.75,8006
2014-12-12 00:00:00,125.0,125.75,124.5,125.5,2692
2014-12-11 00:00:00,129.0,129.0,125.5,127.0,4851
2014-12-10 00:00:00,129.0,130.0,128.75,129.25,94465
2014-12-09 00:00:00,128.5,128.75,128.0,128.75,544
2014-12-08 00:00:00,130.0,130.5,129.5,129.5,1857
2014-12-05 00:00:00,131.0,131.0,129.0,129.0,12200
2014-12-04 00:00:00,131.0,131.75,131.0,131.0,2222
2014-12-03 00:00:00,134.0,134.75,131.0,131.0,3368
2014-12-02 00:00:00,135.0,136.0,132.25,135.0,2532
2014-12-01 00:00:00,136.25,136.5,134.75,135.0,12186
2014-11-28 00:00:00,136.0,136.5,136.0,136.5,2301
2014-11-27 00:00:00,136.5,136.5,136.5,136.5,30000
2014-11-26 00:00:00,140.0,140.0,136.5,137.0,4414
2014-11-25 00:00:00,137.0,137.0,136.75,136.75,3321
2014-11-24 00:00:00,138.0,138.0,137.0,137.0,1517
2014-11-21 00:00:00,135.0,138.0,135.0,138.0,4486
2014-11-20 00:00:00,135.25,135.25,134.5,134.5,389
2014-11-19 00:00:00,134.75,135.0,134.75,135.0,352
2014-11-18 00:00:00,135.0,135.25,133.5,133.5,1595
2014-11-17 00:00:00,132.5,136.5,131.5,131.5,346
2014-11-14 00:00:00,137.25,137.25,137.0,137.0,1411
2014-11-13 00:00:00,133.25,137.25,133.25,136.0,7130
2014-11-12 00:00:00,132.0,133.0,131.5,131.5,4467
2014-11-11 00:00:00,130.0,132.0,130.0,131.75,2320
2014-11-10 00:00:00,130.0,132.75,129.0,129.5,7671
2014-11-07 00:00:00,131.25,131.25,127.75,127.75,2646
2014-11-06 00:00:00,131.75,132.25,131.25,131.25,6297
2014-11-05 00:00:00,137.25,137.25,130.0,131.0,2035
2014-11-04 00:00:00,133.0,133.0,130.5,131.5,3179
2014-11-03 00:00:00,133.25,135.0,133.25,133.25,562
2014-10-31 00:00:00,133.25,134.5,133.25,134.5,2220
2014-10-30 00:00:00,132.25,133.5,130.75,133.25,8426
2014-10-29 00:00:00,132.0,132.75,130.0,131.25,5773
2014-10-28 00:00:00,132.75,132.75,131.0,131.0,28103
2014-10-24 00:00:00,134.75,134.75,133.25,134.25,17964
2014-10-23 00:00:00,137.25,137.25,133.5,133.75,7637
2014-10-22 00:00:00,127.0,137.5,127.0,133.5,4211
2014-10-21 00:00:00,123.0,123.5,122.0,122.0,16394
2014-10-20 00:00:00,122.0,124.0,122.0,122.0,539
2014-10-17 00:00:00,121.0,126.0,121.0,121.0,2626
2014-10-16 00:00:00,124.25,124.5,119.25,119.75,5797
2014-10-15 00:00:00,126.75,127.0,124.75,124.75,6711
2014-10-14 00:00:00,126.0,129.0,126.0,126.0,17033
2014-10-13 00:00:00,125.0,126.0,118.75,124.0,13169
2014-10-10 00:00:00,129.75,130.75,127.0,127.0,1945
2014-10-09 00:00:00,140.0,140.0,126.0,129.75,9312
2014-10-08 00:00:00,131.5,131.5,129.0,129.0,3692
2014-10-07 00:00:00,139.75,139.75,131.75,131.75,1031
2014-10-06 00:00:00,138.0,138.0,131.0,132.5,1713
2014-10-03 00:00:00,140.0,140.0,138.0,138.0,222
2014-10-02 00:00:00,144.25,147.0,141.25,141.25,498
2014-10-01 00:00:00,144.25,144.25,144.25,144.25,100
2014-09-30 00:00:00,143.0,144.5,141.0,144.25,3376
2014-09-29 00:00:00,146.5,146.5,138.0,142.0,3054
2014-09-26 00:00:00,135.0,144.75,134.25,134.5,2290
2014-09-25 00:00:00,137.75,137.75,132.75,133.25,3168
2014-09-24 00:00:00,133.25,133.5,132.25,132.25,5747
2014-09-23 00:00:00,134.0,134.0,132.25,132.25,937
2014-09-22 00:00:00,136.75,137.25,132.0,132.0,646
2014-09-19 00:00:00,135.0,138.75,132.25,137.25,638
2014-09-18 00:00:00,133.0,133.0,131.0,131.0,4054
2014-09-17 00:00:00,131.0,131.0,131.0,131.0,337
2014-09-16 00:00:00,133.0,133.0,130.0,131.0,1266
2014-09-15 00:00:00,132.75,132.75,132.5,132.5,690
2014-09-12 00:00:00,132.5,133.0,131.5,132.75,7182
2014-09-11 00:00:00,135.0,135.0,132.75,133.5,4085
2014-09-10 00:00:00,133.0,133.5,133.0,133.5,590
2014-09-09 00:00:00,134.25,135.0,133.25,134.0,4869
2014-09-08 00:00:00,136.0,136.0,133.25,134.5,6915
2014-09-05 00:00:00,137.5,137.75,135.0,135.0,1690
2014-09-04 00:00:00,135.0,138.0,135.0,135.0,3864
2014-09-03 00:00:00,137.0,137.5,136.25,136.25,4604
2014-09-02 00:00:00,139.0,139.0,135.5,136.5,4908
2014-09-01 00:00:00,138.0,138.25,136.5,136.5,1183
2014-08-29 00:00:00,138.25,139.0,138.0,138.0,4932
2014-08-28 00:00:00,141.0,141.25,136.0,140.0,6916
2014-08-27 00:00:00,142.0,142.0,141.0,141.0,2546
2014-08-26 00:00:00,141.25,143.75,141.25,143.0,270
2014-08-25 00:00:00,140.0,143.5,140.0,143.5,2207
2014-08-22 00:00:00,143.0,143.5,140.25,143.5,2091
2014-08-21 00:00:00,143.0,145.0,143.0,144.25,1573
2014-08-20 00:00:00,146.0,146.25,143.5,145.0,2895
2014-08-19 00:00:00,155.0,155.0,146.0,146.0,4686
2014-08-18 00:00:00,150.0,151.5,146.25,148.25,7316
2014-08-15 00:00:00,148.5,148.5,140.5,140.5,1466
2014-08-14 00:00:00,148.0,149.75,148.0,149.75,325
2014-08-13 00:00:00,144.5,144.5,144.5,144.5,325
2014-08-12 00:00:00,140.0,144.5,140.0,144.5,1071
2014-08-11 00:00:00,144.75,145.25,142.5,145.25,1274
2014-08-08 00:00:00,140.0,144.0,139.0,142.0,1730
2014-08-07 00:00:00,140.5,144.5,140.0,141.75,1439
2014-08-06 00:00:00,143.0,143.25,140.5,140.5,181465
2014-08-05 00:00:00,143.0,148.5,143.0,148.5,785
2014-08-04 00:00:00,143.0,143.0,140.0,143.0,2139
2014-08-01 00:00:00,143.0,143.0,141.0,142.5,1243
2014-07-31 00:00:00,146.0,146.25,144.0,146.0,35128
2014-07-30 00:00:00,144.5,148.5,144.25,148.5,2761
2014-07-29 00:00:00,148.0,150.5,145.0,150.5,14938
2014-07-28 00:00:00,147.75,147.75,147.75,147.75,222
2014-07-25 00:00:00,147.0,147.0,147.0,147.0,50
2014-07-24 00:00:00,144.0,144.0,143.75,143.75,71
2014-07-23 00:00:00,144.0,147.0,144.0,144.25,611
2014-07-22 00:00:00,,149.0,149.0,149.0,0
2014-07-21 00:00:00,145.0,149.0,144.0,149.0,681
2014-07-18 00:00:00,150.5,151.0,146.0,146.0,3507
2014-07-17 00:00:00,,148.5,148.5,148.5,0
2014-07-16 00:00:00,146.25,148.5,146.0,148.5,2466
2014-07-15 00:00:00,149.0,149.0,145.75,148.75,4753
2014-07-14 00:00:00,148.0,149.0,147.0,148.5,8725
2014-07-11 00:00:00,147.5,148.0,147.0,148.0,2973
2014-07-10 00:00:00,148.0,150.0,147.5,148.5,4537
2014-07-09 00:00:00,,150.0,150.0,150.0,0
2014-07-08 00:00:00,148.5,152.0,148.5,150.0,124
2014-07-07 00:00:00,150.5,151.0,149.0,150.0,1351
2014-07-04 00:00:00,148.25,149.25,148.25,149.0,520
2014-07-03 00:00:00,150.0,152.5,148.5,150.0,8706
2014-07-02 00:00:00,151.0,152.0,148.0,150.5,5532
2014-07-01 00:00:00,152.0,152.0,151.5,151.5,1838
2014-06-30 00:00:00,148.0,155.0,148.0,152.0,40064
2014-06-27 00:00:00,150.0,152.0,150.0,152.0,691
2014-06-26 00:00:00,150.0,154.0,150.0,154.0,1655
2014-06-25 00:00:00,150.5,151.5,150.5,151.0,1030
2014-06-24 00:00:00,151.5,155.0,150.5,153.5,6035
2014-06-23 00:00:00,147.0,152.5,147.0,152.5,6184
2014-06-20 00:00:00,,147.0,147.0,147.0,0
2014-06-19 00:00:00,152.5,152.5,147.0,147.0,3965
2014-06-18 00:00:00,147.0,152.0,147.0,151.5,5575
2014-06-17 00:00:00,148.0,149.25,147.25,148.0,14330
2014-06-16 00:00:00,153.5,153.5,149.0,150.0,1930
2014-06-13 00:00:00,157.5,159.0,152.0,152.0,53301
2014-06-12 00:00:00,154.5,157.0,152.0,155.0,7394
2014-06-11 00:00:00,153.5,155.0,153.0,153.5,5553
2014-06-10 00:00:00,152.5,154.5,149.5,154.5,12433
2014-06-09 00:00:00,154.0,154.0,147.5,150.5,13069
2014-06-06 00:00:00,,154.0,154.0,154.0,0
2014-06-05 00:00:00,148.0,154.0,148.0,154.0,107114
2014-06-04 00:00:00,149.75,153.5,148.25,149.5,5758
2014-06-03 00:00:00,148.0,152.0,148.0,152.0,9214
2014-06-02 00:00:00,145.25,157.0,145.25,156.0,84240
2014-05-30 00:00:00,150.0,150.0,148.0,149.5,2758
2014-05-28 00:00:00,148.25,154.0,143.5,150.0,7083
2014-05-27 00:00:00,144.0,148.25,144.0,148.25,14585
2014-05-26 00:00:00,142.0,144.0,142.0,144.0,18327
2014-05-23 00:00:00,143.0,143.0,141.25,142.0,43260
2014-05-22 00:00:00,142.0,143.0,141.75,143.0,2002
2014-05-21 00:00:00,139.0,139.0,134.5,139.0,1915
2014-05-20 00:00:00,141.5,141.5,138.5,138.5,7495
2014-05-19 00:00:00,132.5,141.5,132.5,141.5,2966
2014-05-16 00:00:00,135.75,135.75,134.5,135.75,14235
2014-05-15 00:00:00,134.5,136.0,134.0,135.75,25179
2014-05-14 00:00:00,133.5,134.5,133.5,134.5,25183
2014-05-13 00:00:00,134.0,135.0,133.0,133.25,21884
2014-05-12 00:00:00,131.5,135.5,130.5,134.0,18024
2014-05-09 00:00:00,132.0,134.25,132.0,132.5,5039
2014-05-08 00:00:00,130.75,135.0,130.75,134.25,21108
2014-05-07 00:00:00,132.0,135.0,132.0,133.5,4452
2014-05-06 00:00:00,133.0,135.0,129.75,132.0,4975
2014-05-05 00:00:00,129.5,132.75,127.25,129.75,24884
2014-05-02 00:00:00,132.0,136.5,128.75,133.0,836
2014-05-01 00:00:00,,132.0,132.0,132.0,0
2014-04-30 00:00:00,132.0,132.0,132.0,132.0,472
2014-04-29 00:00:00,134.0,141.0,131.5,132.0,14771
2014-04-28 00:00:00,131.0,133.25,128.0,133.25,1570
2014-04-25 00:00:00,137.0,137.0,130.25,132.0,3324
2014-04-24 00:00:00,138.75,139.5,136.0,137.0,4979
2014-04-23 00:00:00,138.75,140.75,137.5,140.0,12794
2014-04-22 00:00:00,135.5,138.75,135.5,138.75,1905
2014-04-17 00:00:00,130.75,135.0,130.75,135.0,649
2014-04-16 00:00:00,133.75,135.0,131.0,134.75,18971
2014-04-15 00:00:00,133.25,134.0,133.25,133.75,833
2014-04-14 00:00:00,132.5,132.5,130.25,131.0,240
2014-04-11 00:00:00,130.25,134.0,130.25,132.5,1440
2014-04-10 00:00:00,135.0,135.0,130.25,131.0,4159
2014-04-09 00:00:00,129.5,135.0,129.5,135.0,1727
2014-04-08 00:00:00,130.0,130.0,129.5,129.5,288
2014-04-07 00:00:00,129.75,130.25,129.75,130.0,577
2014-04-04 00:00:00,130.75,132.25,129.0,129.25,7719
2014-04-03 00:00:00,130.0,133.5,128.25,129.0,4260
2014-04-02 00:00:00,133.0,133.0,130.0,132.75,4537
2014-04-01 00:00:00,133.5,134.5,133.0,133.0,1322
2014-03-31 00:00:00,129.0,134.0,128.75,130.0,15162
2014-03-28 00:00:00,125.5,127.75,124.0,125.5,962
2014-03-27 00:00:00,124.25,125.75,124.25,125.5,1947
2014-03-26 00:00:00,125.0,125.0,123.0,124.0,147
2014-03-25 00:00:00,124.0,125.25,123.75,125.25,196
2014-03-24 00:00:00,124.0,124.5,123.0,124.5,1458
2014-03-21 00:00:00,125.0,126.0,124.0,124.0,1329
2014-03-20 00:00:00,126.0,126.0,123.0,124.75,13213
2014-03-19 00:00:00,128.0,128.0,127.25,127.25,710
2014-03-18 00:00:00,127.75,127.75,126.0,127.5,18009
2014-03-17 00:00:00,126.25,127.5,126.25,127.5,767
2014-03-14 00:00:00,126.0,127.0,126.0,127.0,776
2014-03-13 00:00:00,130.0,130.0,128.75,130.0,689
2014-03-12 00:00:00,127.0,128.0,125.5,125.5,1555
2014-03-11 00:00:00,124.0,130.25,124.0,128.0,2046
2014-03-10 00:00:00,130.25,130.25,128.0,130.25,2541
2014-03-07 00:00:00,131.75,131.75,130.0,130.25,1538
2014-03-06 00:00:00,130.25,131.5,130.0,130.0,1580
2014-03-05 00:00:00,129.25,129.25,129.0,129.0,389
2014-03-04 00:00:00,125.0,128.0,125.0,128.0,126508
2014-03-03 00:00:00,130.0,130.5,121.5,121.5,1594
2014-02-28 00:00:00,129.75,129.75,129.25,129.25,1279
2014-02-27 00:00:00,130.0,130.5,129.75,129.75,1420
2014-02-26 00:00:00,129.25,130.0,129.25,129.75,740
2014-02-25 00:00:00,129.0,129.5,128.25,129.25,2031
2014-02-24 00:00:00,128.5,129.5,126.25,128.5,2307
2014-02-21 00:00:00,128.0,129.25,128.0,128.5,2743
2014-02-20 00:00:00,124.5,126.0,124.5,126.0,1737
2014-02-19 00:00:00,123.0,124.75,123.0,124.75,83905
2014-02-18 00:00:00,122.0,124.0,121.75,123.25,2209
2014-02-17 00:00:00,122.5,124.0,122.5,122.75,8925
2014-02-14 00:00:00,122.75,123.25,121.0,122.75,7911
2014-02-13 00:00:00,128.0,128.0,124.0,124.25,1378
2014-02-12 00:00:00,129.0,129.75,124.5,124.5,1542
2014-02-11 00:00:00,125.0,129.75,125.0,128.75,16640
2014-02-10 00:00:00,124.0,126.25,124.0,126.25,116
2014-02-07 00:00:00,124.75,127.75,124.0,124.0,1052
2014-02-06 00:00:00,128.0,128.25,126.0,126.0,1789
2014-02-05 00:00:00,127.75,127.75,127.25,127.25,15
2014-02-04 00:00:00,126.0,128.0,122.0,128.0,41992
2014-02-03 00:00:00,128.0,128.0,128.0,128.0,1
2014-01-31 00:00:00,128.5,128.5,124.5,125.5,251
2014-01-30 00:00:00,128.0,128.5,124.5,128.5,893
2014-01-29 00:00:00,128.5,128.5,128.0,128.0,203
2014-01-28 00:00:00,126.75,127.0,126.75,127.0,39
2014-01-27 00:00:00,129.0,129.0,124.25,129.0,1647
2014-01-24 00:00:00,128.0,130.0,128.0,130.0,3649
2014-01-23 00:00:00,132.0,132.0,128.0,128.0,2977
2014-01-22 00:00:00,132.0,132.0,132.0,132.0,1618
2014-01-21 00:00:00,133.75,135.0,133.75,135.0,25933
2014-01-20 00:00:00,131.25,136.0,131.25,136.0,155
2014-01-17 00:00:00,135.0,135.0,135.0,135.0,70
2014-01-16 00:00:00,134.0,135.0,133.25,135.0,759
2014-01-15 00:00:00,135.25,135.25,135.0,135.0,49
2014-01-14 00:00:00,134.0,135.75,129.0,135.0,2204
2014-01-13 00:00:00,134.75,135.0,134.0,134.0,312
2014-01-10 00:00:00,135.25,136.0,133.5,136.0,1090
2014-01-09 00:00:00,133.25,136.25,133.0,135.75,985
2014-01-08 00:00:00,136.0,139.0,132.75,136.5,6632
2014-01-07 00:00:00,140.0,140.0,139.0,139.0,239
2014-01-06 00:00:00,,140.0,140.0,140.0,0
2014-01-03 00:00:00,137.5,140.0,137.5,140.0,497
2014-01-02 00:00:00,138.0,138.0,138.0,138.0,100
2013-12-31 00:00:00,,140.0,140.0,140.0,0
2013-12-30 00:00:00,135.0,140.0,133.75,140.0,29339
2013-12-27 00:00:00,137.75,138.0,136.75,136.75,3771
2013-12-23 00:00:00,135.0,138.0,135.0,138.0,593
2013-12-20 00:00:00,138.0,138.0,133.0,133.0,6894
2013-12-19 00:00:00,131.25,138.0,131.25,138.0,4773
2013-12-18 00:00:00,131.5,138.0,131.5,138.0,5025
2013-12-17 00:00:00,136.25,136.25,131.5,133.5,2894
2013-12-16 00:00:00,138.75,138.75,129.25,135.0,23240
2013-12-13 00:00:00,,140.0,140.0,140.0,0
2013-12-12 00:00:00,140.0,140.0,138.75,140.0,1116
2013-12-11 00:00:00,140.5,141.5,138.0,141.25,5609
2013-12-10 00:00:00,143.0,143.0,140.25,141.5,2666
2013-12-09 00:00:00,141.5,143.0,138.0,138.0,102127
2013-12-06 00:00:00,143.0,144.0,142.75,144.0,305
2013-12-05 00:00:00,140.5,143.75,140.5,143.75,6819
2013-12-04 00:00:00,141.25,143.0,141.25,143.0,9860
2013-12-03 00:00:00,138.25,141.25,138.0,141.0,313
2013-12-02 00:00:00,143.0,145.25,142.0,142.5,1571
2013-11-29 00:00:00,140.0,142.0,140.0,142.0,220270
2013-11-28 00:00:00,141.0,141.0,140.0,140.5,6292
2013-11-27 00:00:00,139.5,141.0,139.25,141.0,71825
2013-11-26 00:00:00,137.0,140.0,137.0,139.5,7438
2013-11-25 00:00:00,140.0,140.75,138.5,138.5,2099
2013-11-22 00:00:00,141.25,141.25,139.5,140.75,17393
2013-11-21 00:00:00,139.5,139.75,138.0,139.5,9837
2013-11-20 00:00:00,141.0,141.5,137.0,141.5,1479
2013-11-19 00:00:00,139.75,140.0,139.0,140.0,4065
2013-11-18 00:00:00,136.25,142.75,136.0,141.5,590
2013-11-15 00:00:00,139.25,143.75,139.25,139.75,23477
2013-11-14 00:00:00,144.0,144.0,139.0,140.75,2059
2013-11-13 00:00:00,141.75,141.75,132.0,132.0,6893
2013-11-12 00:00:00,144.0,144.0,141.0,142.5,465
2013-11-11 00:00:00,142.75,143.5,141.25,143.0,4867
2013-11-08 00:00:00,141.0,142.75,138.0,142.75,11942
2013-11-07 00:00:00,137.25,141.75,137.25,141.0,52436
2013-11-06 00:00:00,143.0,143.0,135.5,142.0,55857
2013-11-05 00:00:00,139.0,141.0,137.0,141.0,19517
2013-11-04 00:00:00,132.75,139.0,132.75,139.0,16616
2013-11-01 00:00:00,132.75,136.0,132.75,136.0,699
2013-10-31 00:00:00,130.75,136.5,130.75,136.0,5178
2013-10-30 00:00:00,134.0,136.25,134.0,134.5,1514
2013-10-29 00:00:00,137.5,138.75,134.25,137.5,10238
2013-10-28 00:00:00,132.0,137.0,132.0,134.25,4428
2013-10-25 00:00:00,,140.0,140.0,140.0,0
2013-10-24 00:00:00,132.5,140.0,132.5,140.0,8152
2013-10-23 00:00:00,130.0,132.5,129.75,132.5,7607
2013-10-22 00:00:00,129.5,131.25,129.5,129.75,12431
2013-10-21 00:00:00,123.5,131.25,123.5,130.0,14451
2013-10-18 00:00:00,118.0,122.5,118.0,122.5,13841
2013-10-17 00:00:00,121.25,121.5,120.5,120.5,1713
2013-10-16 00:00:00,120.0,120.0,120.0,120.0,8834
2013-10-15 00:00:00,118.0,121.0,118.0,121.0,444
2013-10-14 00:00:00,,118.0,118.0,118.0,0
2013-10-11 00:00:00,122.5,123.0,118.0,118.0,1155
2013-10-10 00:00:00,118.0,122.0,118.0,122.0,18114
2013-10-09 00:00:00,118.0,119.75,118.0,118.0,9528
2013-10-08 00:00:00,115.5,120.0,115.5,120.0,52305
2013-10-07 00:00:00,,115.25,115.25,115.25,0
2013-10-04 00:00:00,116.5,122.0,115.0,115.25,27995
2013-10-03 00:00:00,,121.75,121.75,121.75,0
2013-10-02 00:00:00,120.25,122.5,118.0,121.75,33058
2013-10-01 00:00:00,119.0,120.5,119.0,120.5,5082
2013-09-30 00:00:00,119.0,119.5,119.0,119.5,1565
2013-09-27 00:00:00,120.0,121.5,118.75,121.0,3363
2013-09-26 00:00:00,118.25,122.0,118.25,122.0,3124
2013-09-25 00:00:00,121.0,121.25,119.25,120.75,9249
2013-09-24 00:00:00,121.0,121.0,119.0,119.0,1479
2013-09-23 00:00:00,119.5,119.5,119.5,119.5,322
2013-09-20 00:00:00,119.75,121.0,119.5,120.0,4600
2013-09-19 00:00:00,118.5,121.0,118.5,119.75,7170
2013-09-18 00:00:00,115.0,118.5,115.0,118.5,64027
2013-09-17 00:00:00,114.75,115.0,113.5,115.0,3029
2013-09-16 00:00:00,112.0,113.5,111.5,113.5,4546
2013-09-13 00:00:00,114.0,115.0,112.5,112.5,7472
2013-09-12 00:00:00,115.75,115.75,112.25,112.25,3260
2013-09-11 00:00:00,116.25,117.75,115.25,115.75,978
2013-09-10 00:00:00,116.75,117.0,115.5,115.5,308
2013-09-09 00:00:00,116.0,118.0,115.25,115.25,7587
2013-09-06 00:00:00,115.0,117.0,115.0,117.0,13035
2013-09-05 00:00:00,112.5,114.25,111.75,114.25,10369
2013-09-04 00:00:00,113.0,113.0,112.5,112.5,126
2013-09-03 00:00:00,112.0,113.0,112.0,113.0,1436
2013-09-02 00:00:00,113.0,115.0,111.0,115.0,1836
2013-08-30 00:00:00,113.0,113.0,110.25,110.25,3228
2013-08-29 00:00:00,111.75,112.5,111.5,111.5,2473
2013-08-28 00:00:00,110.5,110.5,110.5,110.5,26
2013-08-27 00:00:00,108.5,112.0,108.5,112.0,936042
2013-08-26 00:00:00,113.25,113.25,109.25,109.25,879
2013-08-23 00:00:00,113.0,113.0,110.0,112.0,4979
2013-08-22 00:00:00,115.0,116.25,113.0,113.0,3497
2013-08-21 00:00:00,113.0,115.25,113.0,114.75,243334
2013-08-20 00:00:00,115.0,115.0,113.25,114.0,4584
2013-08-19 00:00:00,114.0,114.0,112.5,113.5,3061
2013-08-16 00:00:00,112.0,113.25,110.5,113.0,3244
2013-08-15 00:00:00,111.0,111.5,110.75,111.0,6394
2013-08-14 00:00:00,108.5,111.0,108.0,111.0,12082
2013-08-13 00:00:00,107.5,108.5,107.0,108.5,13289
2013-08-12 00:00:00,109.5,109.5,107.0,108.75,2151
2013-08-09 00:00:00,107.25,110.0,107.25,108.0,3933
2013-08-08 00:00:00,107.0,108.5,106.5,108.25,1838
2013-08-07 00:00:00,106.75,107.0,106.0,106.0,2006
2013-08-06 00:00:00,107.25,107.75,105.75,105.75,2090
2013-08-05 00:00:00,107.25,108.75,107.0,107.0,3049
2013-08-02 00:00:00,106.0,107.0,105.75,106.25,579
2013-08-01 00:00:00,106.0,107.0,106.0,107.0,1372
2013-07-31 00:00:00,106.25,106.25,105.0,105.0,1342
2013-07-30 00:00:00,106.5,108.0,105.0,105.75,7082
2013-07-29 00:00:00,106.25,107.0,105.25,106.5,42615
2013-07-26 00:00:00,106.75,106.75,105.5,105.75,204
2013-07-25 00:00:00,106.0,107.0,106.0,107.0,1793
2013-07-24 00:00:00,106.0,106.25,106.0,106.25,17277
2013-07-23 00:00:00,105.5,106.25,105.0,106.25,1347
2013-07-22 00:00:00,105.5,106.25,105.5,106.25,1672
2013-07-19 00:00:00,106.5,106.5,105.5,106.5,715
2013-07-18 00:00:00,107.5,107.5,106.0,106.0,4362
2013-07-17 00:00:00,107.0,107.25,106.5,107.25,5729
2013-07-16 00:00:00,108.5,110.0,108.5,110.0,35860
2013-07-15 00:00:00,106.75,108.5,106.0,108.5,715
2013-07-12 00:00:00,106.5,108.5,106.5,108.5,8460
2013-07-11 00:00:00,,106.75,106.75,106.75,0
2013-07-10 00:00:00,106.0,106.75,106.0,106.75,578
2013-07-09 00:00:00,,107.0,107.0,107.0,0
2013-07-08 00:00:00,107.0,107.0,106.0,107.0,341
2013-07-05 00:00:00,105.25,107.0,104.0,107.0,1612
2013-07-04 00:00:00,103.0,105.0,103.0,105.0,504
2013-07-03 00:00:00,106.75,106.75,106.0,106.0,78
2013-07-02 00:00:00,106.5,106.5,106.5,106.5,90
2013-07-01 00:00:00,111.0,111.0,107.5,107.5,1197
2013-06-28 00:00:00,104.25,105.75,104.25,105.5,3260
2013-06-27 00:00:00,105.25,106.5,104.0,106.5,2551
2013-06-26 00:00:00,103.5,106.0,103.25,105.0,3180
2013-06-25 00:00:00,104.0,105.5,104.0,104.25,5680
2013-06-24 00:00:00,106.75,106.75,100.0,104.0,5849
2013-06-21 00:00:00,,106.25,106.25,106.25,0
2013-06-20 00:00:00,107.5,108.0,105.0,106.25,2732
2013-06-19 00:00:00,108.5,108.5,106.5,106.5,1213
2013-06-18 00:00:00,108.25,108.5,106.5,106.5,19350
2013-06-17 00:00:00,108.5,108.75,107.0,108.75,5761
2013-06-14 00:00:00,111.0,111.0,104.25,106.0,9932
2013-06-13 00:00:00,110.0,110.0,109.0,109.0,636
2013-06-12 00:00:00,112.0,112.5,110.5,110.5,19935
2013-06-11 00:00:00,110.75,112.5,110.0,112.5,3260
2013-06-10 00:00:00,109.0,112.0,109.0,110.5,1510
2013-06-07 00:00:00,115.0,115.0,110.75,112.0,6132
2013-06-06 00:00:00,,111.25,111.25,111.25,0
2013-06-05 00:00:00,111.5,111.5,111.25,111.25,360
2013-06-04 00:00:00,111.75,112.5,111.75,112.25,1039
2013-06-03 00:00:00,,111.75,111.75,111.75,0
2013-05-31 00:00:00,113.5,115.0,111.75,111.75,1167
2013-05-30 00:00:00,111.0,113.0,111.0,111.75,799
2013-05-29 00:00:00,110.5,111.0,109.5,109.5,614174
2013-05-28 00:00:00,113.25,114.0,109.25,110.0,1597
2013-05-27 00:00:00,115.0,115.0,111.0,112.0,11678
2013-05-24 00:00:00,111.75,114.5,111.75,112.0,1394
2013-05-23 00:00:00,114.0,114.0,110.25,110.25,5163
2013-05-22 00:00:00,113.0,115.0,111.5,114.0,1693
2013-05-21 00:00:00,114.0,114.0,114.0,114.0,1300
2013-05-20 00:00:00,114.0,114.0,114.0,114.0,200
2013-05-17 00:00:00,116.0,116.0,115.5,115.75,318172
2013-05-16 00:00:00,115.0,116.0,115.0,116.0,142158
2013-05-15 00:00:00,110.0,115.0,110.0,114.5,3850
2013-05-14 00:00:00,110.5,113.25,110.5,113.0,333
2013-05-13 00:00:00,111.0,111.0,109.5,110.0,9273
2013-05-10 00:00:00,112.0,112.75,111.0,111.0,1593
2013-05-09 00:00:00,,113.25,113.25,113.25,0
2013-05-08 00:00:00,111.0,113.25,111.0,113.25,1098
2013-05-07 00:00:00,112.0,113.5,110.0,110.0,2270
2013-05-06 00:00:00,110.0,110.75,110.0,110.0,1283
2013-05-03 00:00:00,113.25,113.5,109.5,110.25,3120
2013-05-02 00:00:00,115.0,115.0,111.5,112.25,1286
2013-05-01 00:00:00,,114.0,114.0,114.0,0
2013-04-30 00:00:00,111.5,114.25,111.5,114.0,3603
2013-04-29 00:00:00,110.0,110.5,107.0,110.5,975
2013-04-26 00:00:00,112.0,112.0,111.5,111.75,22514
2013-04-25 00:00:00,114.0,114.5,112.0,114.5,17207
2013-04-24 00:00:00,112.0,113.75,112.0,112.0,35137
2013-04-23 00:00:00,114.25,114.5,111.0,114.5,17714
2013-04-22 00:00:00,111.0,115.0,109.75,113.0,34224
2013-04-19 00:00:00,110.0,110.0,109.25,110.0,13049
2013-04-18 00:00:00,113.0,113.0,110.0,110.0,10143
2013-04-17 00:00:00,114.5,114.75,111.25,113.0,11572
2013-04-16 00:00:00,113.25,113.25,112.25,112.25,3323
2013-04-15 00:00:00,114.0,114.0,114.0,114.0,3047
2013-04-12 00:00:00,116.0,116.25,113.25,113.25,5178
2013-04-11 00:00:00,115.5,118.75,115.5,116.0,4374
2013-04-10 00:00:00,116.0,116.75,114.5,115.5,3146
2013-04-09 00:00:00,120.0,120.0,115.25,115.25,5975
2013-04-08 00:00:00,120.25,120.25,120.0,120.0,1712
2013-04-05 00:00:00,123.0,125.75,119.25,121.25,1661
2013-04-04 00:00:00,121.0,122.5,120.5,122.0,2098
2013-04-03 00:00:00,121.25,122.5,121.25,122.5,1164
2013-04-02 00:00:00,121.0,121.0,119.5,119.5,70
2013-04-01 00:00:00,,120.0,120.0,120.0,0
2013-03-29 00:00:00,118.5,120.0,120.0,120.0,39040
2013-03-28 00:00:00,118.5,118.5,117.25,117.25,39040
2013-03-27 00:00:00,118.5,118.5,117.25,117.25,39040
2013-03-26 00:00:00,119.25,119.75,119.0,119.25,949
2013-03-25 00:00:00,120.5,120.5,118.75,119.5,765
2013-03-22 00:00:00,120.5,122.5,120.0,121.0,624
2013-03-21 00:00:00,122.0,122.0,121.0,121.25,475
2013-03-20 00:00:00,122.0,124.0,122.0,122.0,345
2013-03-19 00:00:00,124.75,124.75,122.25,122.25,4379
2013-03-18 00:00:00,123.0,125.0,123.0,125.0,395
2013-03-15 00:00:00,120.5,125.75,120.5,125.0,4667
2013-03-14 00:00:00,120.75,120.75,119.0,120.75,1389
2013-03-13 00:00:00,119.0,121.0,119.0,120.75,3046
2013-03-12 00:00:00,122.0,125.5,119.5,119.5,2070
2013-03-11 00:00:00,123.5,123.5,122.0,122.0,200
2013-03-08 00:00:00,126.0,126.0,125.0,125.25,3628
2013-03-07 00:00:00,123.75,126.0,123.75,126.0,24382
2013-03-06 00:00:00,126.5,126.5,125.0,125.0,7243
2013-03-05 00:00:00,126.25,126.25,125.5,126.25,21427
2013-03-04 00:00:00,125.0,125.5,125.0,125.5,250
2013-03-01 00:00:00,124.25,124.75,124.25,124.75,1272
2013-02-28 00:00:00,124.25,125.0,124.25,125.0,39639
2013-02-27 00:00:00,126.5,126.5,123.5,124.25,6013
2013-02-26 00:00:00,121.75,126.75,121.75,126.5,6445
2013-02-25 00:00:00,125.0,125.0,123.0,124.5,560
2013-02-22 00:00:00,123.75,124.75,122.25,124.0,19776
2013-02-21 00:00:00,123.5,123.5,121.5,122.0,29008
2013-02-20 00:00:00,119.5,122.25,119.5,122.0,8336
2013-02-19 00:00:00,118.5,120.0,118.5,119.5,1202
2013-02-18 00:00:00,118.5,120.0,118.0,118.0,3674
2013-02-15 00:00:00,114.75,117.25,114.25,116.5,1411
2013-02-14 00:00:00,115.0,117.0,114.75,114.75,628
2013-02-13 00:00:00,117.25,117.25,115.0,115.0,2275
2013-02-12 00:00:00,115.25,117.25,115.25,117.25,629
2013-02-11 00:00:00,116.0,117.0,115.0,115.0,998
2013-02-08 00:00:00,117.75,117.75,112.0,115.25,3964
2013-02-07 00:00:00,117.0,117.75,115.0,117.75,2741
2013-02-06 00:00:00,116.75,117.75,116.0,117.25,1876
2013-02-05 00:00:00,115.0,116.75,115.0,116.75,420
2013-02-04 00:00:00,118.0,118.0,116.5,117.0,6498
2013-02-01 00:00:00,113.0,117.5,113.0,117.0,17345
2013-01-31 00:00:00,116.25,116.25,115.0,115.75,805
2013-01-30 00:00:00,116.0,116.0,116.0,116.0,20
2013-01-29 00:00:00,117.5,117.5,116.25,116.25,10826
2013-01-28 00:00:00,118.25,118.25,117.5,118.25,55090
2013-01-25 00:00:00,118.0,118.25,116.25,118.25,15062
2013-01-24 00:00:00,118.75,118.75,116.0,117.5,18755
2013-01-23 00:00:00,117.5,118.5,116.5,118.5,1441
2013-01-22 00:00:00,116.25,118.0,116.25,117.5,540
2013-01-21 00:00:00,117.0,117.25,116.75,117.0,22150
2013-01-18 00:00:00,115.25,116.0,115.0,115.0,38659
2013-01-17 00:00:00,115.0,117.0,115.0,116.5,8314
2013-01-16 00:00:00,119.0,120.0,117.0,117.0,13886
2013-01-15 00:00:00,114.0,119.0,113.75,119.0,19345
2013-01-14 00:00:00,112.75,113.0,112.5,112.5,4678
2013-01-11 00:00:00,112.75,112.75,112.75,112.75,722
2013-01-10 00:00:00,114.25,114.25,112.0,112.5,7340
2013-01-09 00:00:00,117.0,117.0,112.5,112.5,705
2013-01-08 00:00:00,113.0,115.75,112.75,113.25,17781
2013-01-07 00:00:00,113.25,113.25,113.0,113.0,1660
2013-01-04 00:00:00,110.0,113.5,110.0,113.0,13173
2013-01-03 00:00:00,111.0,111.0,109.75,110.0,5762
2013-01-02 00:00:00,110.5,111.0,108.25,111.0,4311
2013-01-01 00:00:00,,108.0,108.0,108.0,0
2012-12-31 00:00:00,,108.0,108.0,108.0,0
2012-12-28 00:00:00,107.0,110.0,107.0,108.0,4284
2012-12-27 00:00:00,104.25,106.25,104.0,105.5,1470
2012-12-26 00:00:00,,104.0,104.0,104.0,0
2012-12-25 00:00:00,,104.0,104.0,104.0,0
2012-12-24 00:00:00,,104.0,104.0,104.0,0
2012-12-21 00:00:00,104.0,104.0,103.25,104.0,7940
2012-12-20 00:00:00,104.5,105.0,104.0,104.0,2185
2012-12-19 00:00:00,106.75,106.75,105.5,106.0,1755
2012-12-18 00:00:00,105.5,105.75,104.0,105.75,1329
2012-12-17 00:00:00,103.5,106.5,103.0,106.0,24603
2012-12-14 00:00:00,103.0,103.0,103.0,103.0,293
2012-12-13 00:00:00,101.5,103.0,101.5,103.0,1141
2012-12-12 00:00:00,103.0,103.0,102.0,102.0,13596
2012-12-11 00:00:00,103.0,103.0,102.75,102.75,1500
2012-12-10 00:00:00,103.0,103.75,102.0,103.0,2837
2012-12-07 00:00:00,102.0,103.0,100.5,103.0,6832
2012-12-06 00:00:00,102.75,103.0,102.0,102.75,1579
2012-12-05 00:00:00,102.75,102.75,102.75,102.75,76
2012-12-04 00:00:00,101.25,103.5,100.5,103.5,602
2012-12-03 00:00:00,102.0,104.5,102.0,103.5,6074
2012-11-30 00:00:00,100.0,102.0,100.0,102.0,3258
2012-11-29 00:00:00,100.0,100.5,100.0,100.5,222
2012-11-28 00:00:00,100.0,100.0,100.0,100.0,730
2012-11-27 00:00:00,100.0,100.0,99.0,100.0,3650
2012-11-26 00:00:00,100.0,100.0,96.25,96.25,2283
2012-11-23 00:00:00,101.0,101.0,98.75,98.75,131935
2012-11-22 00:00:00,101.5,101.75,101.0,101.75,3416
2012-11-21 00:00:00,102.0,102.0,101.0,102.0,2372
2012-11-20 00:00:00,101.0,101.0,100.5,100.5,4750
2012-11-19 00:00:00,101.0,102.0,100.0,102.0,2244
2012-11-16 00:00:00,101.5,101.5,100.5,100.5,1179
2012-11-15 00:00:00,102.0,102.0,101.0,101.0,1271
2012-11-14 00:00:00,102.5,102.5,102.0,102.5,467
2012-11-13 00:00:00,102.5,104.0,102.25,103.0,1468
2012-11-12 00:00:00,103.0,103.5,102.5,103.5,956
2012-11-09 00:00:00,,103.0,103.0,103.0,0
2012-11-08 00:00:00,104.0,104.0,103.0,103.0,1004
2012-11-07 00:00:00,104.25,106.0,103.0,103.0,6249
2012-11-06 00:00:00,104.5,104.5,104.25,104.5,9471
2012-11-05 00:00:00,105.5,105.5,104.25,104.25,25268
2012-11-02 00:00:00,103.75,106.0,103.75,106.0,579
2012-11-01 00:00:00,105.0,105.0,103.5,104.5,118
2012-10-31 00:00:00,103.0,103.25,102.75,103.25,2891
2012-10-30 00:00:00,103.0,103.0,102.75,102.75,350
2012-10-29 00:00:00,102.75,103.75,102.75,103.75,1378
2012-10-26 00:00:00,103.5,103.5,102.75,102.75,1262
2012-10-25 00:00:00,103.5,103.5,103.5,103.5,300
2012-10-24 00:00:00,103.75,104.25,103.75,104.0,2132
2012-10-23 00:00:00,104.0,104.5,103.5,104.5,15158
2012-10-22 00:00:00,103.5,104.5,103.0,104.5,4207
2012-10-19 00:00:00,104.5,104.5,104.0,104.5,11512
2012-10-18 00:00:00,102.75,103.0,102.5,103.0,674
2012-10-17 00:00:00,104.0,104.5,102.0,104.5,2346
2012-10-16 00:00:00,104.0,104.5,104.0,104.5,1736
2012-10-15 00:00:00,103.5,104.75,102.5,104.75,3253
2012-10-12 00:00:00,103.5,104.0,103.5,104.0,117
2012-10-11 00:00:00,106.0,106.0,102.0,103.5,10073
2012-10-10 00:00:00,105.0,105.5,105.0,105.5,2578
2012-10-09 00:00:00,105.5,105.5,104.0,104.25,28154
2012-10-08 00:00:00,105.0,105.25,104.0,105.25,870
2012-10-05 00:00:00,104.0,105.5,103.5,105.5,3225
2012-10-04 00:00:00,105.0,105.0,105.0,105.0,6425
2012-10-03 00:00:00,104.0,104.5,102.5,103.5,3381
2012-10-02 00:00:00,105.0,106.0,103.5,104.0,6798
2012-10-01 00:00:00,107.0,108.0,107.0,108.0,2178
2012-09-28 00:00:00,108.0,108.0,108.0,108.0,6700
2012-09-27 00:00:00,108.0,109.0,106.0,108.5,3442
2012-09-26 00:00:00,110.5,110.5,108.5,108.5,3588
2012-09-25 00:00:00,111.0,111.0,109.75,110.0,9760
2012-09-24 00:00:00,109.5,110.0,109.5,109.5,1900
2012-09-21 00:00:00,109.0,109.5,109.0,109.5,476
2012-09-20 00:00:00,105.0,109.0,105.0,108.5,35925
2012-09-19 00:00:00,104.75,106.0,104.0,106.0,2900
2012-09-18 00:00:00,103.5,104.5,103.25,104.5,6459
2012-09-17 00:00:00,103.75,104.0,103.0,104.0,1660
2012-09-14 00:00:00,105.0,106.0,103.75,103.75,4720
2012-09-13 00:00:00,105.75,107.5,102.5,102.5,4027
2012-09-12 00:00:00,105.25,105.25,105.0,105.0,107
2012-09-11 00:00:00,106.25,106.25,104.0,106.0,2543
2012-09-10 00:00:00,105.0,107.0,103.5,107.0,62702
