Dates,Open,High,Low,Close,Volume
2017-09-08 00:00:00,97.75,99.5,97.25,98.75,47523
2017-09-07 00:00:00,96.5,98.75,96.5,98.25,31769
2017-09-06 00:00:00,98.25,98.25,96.0,96.5,61316
2017-09-04 00:00:00,96.0,96.0,94.0,94.5,36574
2017-09-01 00:00:00,96.5,97.5,95.75,96.5,52042
2017-08-31 00:00:00,96.0,96.25,95.25,96.25,59656
2017-08-30 00:00:00,94.75,96.5,94.75,95.5,51683
2017-08-29 00:00:00,96.0,96.5,93.75,94.25,70257
2017-08-28 00:00:00,97.25,97.25,96.0,96.5,28560
2017-08-25 00:00:00,96.5,98.75,96.5,97.5,76440
2017-08-24 00:00:00,97.25,98.25,96.25,96.25,47382
2017-08-23 00:00:00,96.75,97.5,96.25,96.75,85087
2017-08-22 00:00:00,95.5,97.0,95.5,96.0,37885
2017-08-21 00:00:00,95.0,96.5,94.75,95.0,60683
2017-08-18 00:00:00,95.75,96.0,94.0,95.5,51960
2017-08-17 00:00:00,96.5,97.25,95.0,95.75,50283
2017-08-16 00:00:00,96.5,97.75,96.5,96.75,23293
2017-08-15 00:00:00,98.0,98.0,96.0,96.5,37326
2017-08-14 00:00:00,95.0,97.75,95.0,97.75,55354
2017-08-11 00:00:00,96.5,96.5,94.25,94.75,52312
2017-08-10 00:00:00,98.5,98.5,96.5,97.0,57817
2017-08-09 00:00:00,99.75,99.75,98.25,98.5,40631
2017-08-08 00:00:00,100.5,101.5,100.0,100.0,39244
2017-08-07 00:00:00,101.5,101.5,99.0,100.75,33986
2017-08-04 00:00:00,100.0,101.75,99.0,101.5,59340
2017-08-03 00:00:00,100.75,100.75,99.0,100.0,25977
2017-08-02 00:00:00,100.0,101.75,99.75,100.75,47208
2017-08-01 00:00:00,99.0,100.0,98.5,100.0,41152
2017-07-31 00:00:00,98.0,99.25,97.5,99.25,37482
2017-07-28 00:00:00,99.25,100.25,98.0,98.0,36087
2017-07-27 00:00:00,98.75,100.25,97.5,99.5,50194
2017-07-26 00:00:00,100.75,101.25,98.25,98.75,82568
2017-07-25 00:00:00,101.0,101.75,99.75,100.5,46114
2017-07-24 00:00:00,102.0,103.0,99.75,101.0,48114
2017-07-21 00:00:00,102.75,103.25,100.25,102.0,64662
2017-07-20 00:00:00,104.25,104.5,101.5,103.25,33906
2017-07-19 00:00:00,104.75,105.25,102.75,104.0,52497
2017-07-18 00:00:00,107.75,107.75,103.0,104.0,98969
2017-07-17 00:00:00,103.5,107.75,103.5,107.75,150113
2017-07-14 00:00:00,100.5,104.75,100.5,103.5,191535
2017-07-13 00:00:00,93.75,98.0,93.75,98.0,64397
2017-07-12 00:00:00,92.25,95.0,92.25,93.75,34964
2017-07-11 00:00:00,93.25,94.0,92.0,92.25,40389
2017-07-10 00:00:00,94.5,95.0,93.25,93.25,19980
2017-07-07 00:00:00,94.0,95.0,93.5,94.25,26431
2017-07-06 00:00:00,96.0,96.75,94.25,94.25,29002
2017-07-05 00:00:00,96.5,97.5,95.75,95.75,51715
2017-07-04 00:00:00,99.0,99.0,96.25,96.5,39482
2017-07-03 00:00:00,98.0,99.0,95.5,99.0,59777
2017-06-30 00:00:00,95.5,98.0,95.0,98.0,55740
2017-06-29 00:00:00,98.5,98.75,95.5,95.5,38612
2017-06-28 00:00:00,100.0,100.0,98.0,98.5,58607
2017-06-27 00:00:00,101.0,101.75,100.0,100.0,42788
2017-06-26 00:00:00,100.5,103.0,100.0,101.0,44213
2017-06-23 00:00:00,,100.0,100.0,100.0,0
2017-06-22 00:00:00,100.25,100.75,99.75,100.0,54179
2017-06-21 00:00:00,101.0,101.0,100.0,100.0,52373
2017-06-20 00:00:00,101.0,102.0,100.5,101.0,34487
2017-06-19 00:00:00,100.5,102.0,100.5,101.0,29600
2017-06-16 00:00:00,100.0,101.75,98.75,100.75,42575
2017-06-15 00:00:00,102.75,102.75,99.75,99.75,49182
2017-06-14 00:00:00,103.0,104.75,101.75,102.75,35367
2017-06-13 00:00:00,101.5,102.5,101.0,102.0,44293
2017-06-12 00:00:00,101.5,102.25,100.25,102.25,58398
2017-06-09 00:00:00,103.0,103.25,100.25,101.5,117393
2017-06-08 00:00:00,106.0,106.0,103.0,103.0,86289
2017-06-07 00:00:00,108.0,108.0,105.75,106.0,84248
2017-06-06 00:00:00,,109.0,109.0,109.0,0
2017-06-05 00:00:00,108.0,109.0,106.75,109.0,28430
2017-06-02 00:00:00,109.25,110.0,107.5,107.75,28025
2017-06-01 00:00:00,106.0,109.25,105.0,109.25,51743
2017-05-31 00:00:00,106.5,106.75,105.0,106.0,65589
2017-05-30 00:00:00,104.5,106.75,104.0,106.25,37883
2017-05-29 00:00:00,104.75,105.75,104.0,104.5,28366
2017-05-26 00:00:00,104.5,106.0,104.0,104.75,35385
2017-05-24 00:00:00,104.0,105.5,104.0,105.0,29914
2017-05-23 00:00:00,104.5,105.5,104.25,104.75,37605
2017-05-22 00:00:00,106.25,107.0,104.5,105.0,31656
2017-05-19 00:00:00,106.25,108.5,106.0,106.0,52401
2017-05-18 00:00:00,109.0,109.0,104.75,106.25,91149
2017-05-17 00:00:00,111.5,111.75,109.75,109.75,53429
2017-05-16 00:00:00,110.75,112.0,110.25,112.0,90653
2017-05-15 00:00:00,108.75,110.75,108.5,110.75,39899
2017-05-12 00:00:00,109.75,108.75,108.75,108.75,250379
2017-05-11 00:00:00,108.0,110.0,107.75,110.0,48656
2017-05-10 00:00:00,109.5,110.0,108.25,109.0,36497
2017-05-09 00:00:00,108.5,109.75,108.5,109.5,43608
2017-05-08 00:00:00,109.0,109.25,107.5,108.25,41144
2017-05-05 00:00:00,108.0,109.25,107.25,109.25,32976
2017-05-04 00:00:00,107.75,108.25,106.25,107.5,50397
2017-05-03 00:00:00,112.0,112.0,108.5,108.75,246787
2017-05-02 00:00:00,110.0,112.0,109.5,111.5,43103
2017-05-01 00:00:00,,109.5,109.5,109.5,0
2017-04-28 00:00:00,108.0,109.75,107.75,109.5,54604
2017-04-27 00:00:00,107.0,108.0,106.0,108.0,77334
2017-04-26 00:00:00,107.5,108.0,107.0,107.75,34173
2017-04-25 00:00:00,107.0,108.0,107.0,107.25,77249
2017-04-24 00:00:00,105.5,107.0,104.25,107.0,68958
2017-04-21 00:00:00,105.25,106.0,104.0,105.25,81937
2017-04-20 00:00:00,103.0,105.75,102.25,105.25,96028
2017-04-19 00:00:00,102.0,102.5,101.5,102.0,26246
2017-04-18 00:00:00,101.5,102.25,101.5,102.0,39348
2017-04-13 00:00:00,102.5,102.5,101.5,101.75,18912
2017-04-12 00:00:00,102.0,102.75,102.0,102.5,56284
2017-04-11 00:00:00,102.5,103.0,102.0,102.5,61985
2017-04-10 00:00:00,100.0,102.75,99.75,102.75,52141
2017-04-07 00:00:00,100.25,100.5,99.75,100.0,79789
2017-04-06 00:00:00,100.0,100.5,99.25,100.5,46084
2017-04-05 00:00:00,99.5,100.75,99.25,100.25,125730
2017-04-04 00:00:00,98.0,99.5,98.0,99.25,80181
2017-04-03 00:00:00,98.0,98.5,96.25,98.5,71606
2017-03-31 00:00:00,95.0,98.0,95.0,98.0,44437
2017-03-30 00:00:00,94.0,96.25,94.0,96.25,55786
2017-03-29 00:00:00,93.5,94.75,93.25,94.0,31515
2017-03-28 00:00:00,93.0,93.25,92.25,93.25,35487
2017-03-27 00:00:00,93.5,93.75,92.25,93.5,65453
2017-03-24 00:00:00,95.0,95.5,92.5,93.75,83380
2017-03-23 00:00:00,93.5,95.5,93.25,95.0,42482
2017-03-22 00:00:00,94.25,94.75,92.5,93.5,68027
2017-03-21 00:00:00,97.0,97.75,93.5,95.0,115805
2017-03-20 00:00:00,98.0,98.5,97.0,97.0,63100
2017-03-17 00:00:00,96.5,100.25,96.0,98.5,183494
2017-03-16 00:00:00,93.25,96.5,93.0,96.5,123708
2017-03-15 00:00:00,93.5,94.25,93.0,93.25,38526
2017-03-14 00:00:00,95.5,95.5,93.75,93.75,58304
2017-03-13 00:00:00,94.0,95.25,93.5,94.5,58906
2017-03-10 00:00:00,95.0,93.75,93.75,93.75,87097
2017-03-09 00:00:00,93.5,94.75,92.25,94.75,84047
2017-03-08 00:00:00,92.0,94.5,91.75,93.5,115436
2017-03-07 00:00:00,91.5,92.75,90.75,92.0,128795
2017-03-06 00:00:00,95.5,96.25,91.5,92.0,209773
2017-03-03 00:00:00,95.25,95.5,95.5,95.5,100295
2017-03-02 00:00:00,99.0,99.0,95.25,95.5,111557
2017-03-01 00:00:00,97.75,99.25,97.75,99.0,78197
2017-02-28 00:00:00,98.5,98.5,97.0,98.0,95415
2017-02-27 00:00:00,102.0,102.0,98.25,98.5,169657
2017-02-24 00:00:00,105.75,105.75,101.0,102.0,231737
2017-02-23 00:00:00,108.5,109.25,101.75,106.75,79075
2017-02-22 00:00:00,110.5,112.0,108.5,109.25,49468
2017-02-21 00:00:00,111.0,111.75,110.0,110.0,45788
2017-02-20 00:00:00,110.75,113.0,110.75,110.75,76656
2017-02-17 00:00:00,110.75,111.0,108.75,110.75,132362
2017-02-16 00:00:00,109.25,112.25,108.5,109.75,56868
2017-02-15 00:00:00,106.75,110.25,106.75,109.0,52930
2017-02-14 00:00:00,108.0,108.75,106.75,106.75,57025
2017-02-13 00:00:00,106.25,108.25,106.25,108.0,66073
2017-02-10 00:00:00,105.25,106.75,105.0,106.25,84547
2017-02-09 00:00:00,102.5,104.5,102.0,104.0,90515
2017-02-08 00:00:00,100.75,102.5,100.75,102.0,40941
2017-02-07 00:00:00,100.0,102.0,100.0,100.75,32528
2017-02-06 00:00:00,98.5,101.0,98.5,100.25,23153
2017-02-03 00:00:00,100.0,100.25,99.0,99.5,20597
2017-02-02 00:00:00,100.0,100.75,99.0,99.25,26400
2017-02-01 00:00:00,100.0,100.25,98.75,100.0,31479
2017-01-31 00:00:00,101.25,101.25,98.75,98.75,32297
2017-01-30 00:00:00,102.5,103.25,99.5,99.75,88713
2017-01-27 00:00:00,102.0,102.5,101.25,102.0,26886
2017-01-26 00:00:00,102.0,102.5,101.25,101.5,34002
2017-01-25 00:00:00,100.0,102.25,100.0,101.75,37458
2017-01-24 00:00:00,99.25,100.0,97.75,100.0,60998
2017-01-23 00:00:00,99.75,99.75,97.25,97.5,41912
2017-01-20 00:00:00,101.0,101.0,99.75,99.75,50271
2017-01-19 00:00:00,102.75,103.0,100.5,101.25,44074
2017-01-18 00:00:00,101.0,102.75,100.5,102.75,42532
2017-01-17 00:00:00,101.0,101.0,99.5,101.0,53555
2017-01-16 00:00:00,100.0,100.25,99.25,100.0,55115
2017-01-13 00:00:00,99.5,101.25,99.5,100.25,67924
2017-01-12 00:00:00,102.0,102.0,99.25,99.5,53771
2017-01-11 00:00:00,101.0,103.75,100.75,102.0,33369
2017-01-10 00:00:00,102.0,103.0,101.0,101.0,31476
2017-01-09 00:00:00,104.5,104.75,101.75,101.75,46252
2017-01-06 00:00:00,,104.75,104.75,104.75,0
2017-01-05 00:00:00,102.75,104.75,102.25,104.75,37201
2017-01-04 00:00:00,105.0,105.25,102.5,102.5,68663
2017-01-03 00:00:00,105.25,106.5,104.25,104.5,52016
2017-01-02 00:00:00,103.5,105.5,103.5,105.0,36458
2016-12-30 00:00:00,103.0,104.5,103.0,103.5,46835
2016-12-29 00:00:00,103.0,103.5,101.75,103.5,67030
2016-12-28 00:00:00,101.25,103.5,101.25,102.0,69751
2016-12-27 00:00:00,100.5,102.25,100.0,102.0,47257
2016-12-23 00:00:00,100.5,100.75,99.5,100.5,25841
2016-12-22 00:00:00,100.0,100.5,98.5,100.0,58057
2016-12-21 00:00:00,99.5,102.0,99.0,99.75,137771
2016-12-20 00:00:00,97.5,99.5,97.0,99.5,67004
2016-12-19 00:00:00,97.75,97.75,96.5,97.5,45914
2016-12-16 00:00:00,98.5,99.5,97.25,97.75,96266
2016-12-15 00:00:00,97.5,99.0,97.5,99.0,88191
2016-12-14 00:00:00,96.75,98.5,96.25,97.5,55436
2016-12-13 00:00:00,98.0,98.5,96.5,96.75,58392
2016-12-12 00:00:00,98.25,98.5,96.25,98.0,46578
2016-12-09 00:00:00,96.5,98.75,95.0,98.75,78510
2016-12-08 00:00:00,99.0,99.0,95.0,96.5,137139
2016-12-07 00:00:00,98.0,99.0,97.75,99.0,55764
2016-12-06 00:00:00,96.25,98.0,96.25,98.0,79933
2016-12-05 00:00:00,95.5,96.25,94.75,96.25,63571
2016-12-02 00:00:00,96.5,96.5,94.75,96.0,66822
2016-12-01 00:00:00,97.0,97.25,95.75,96.5,36415
2016-11-30 00:00:00,98.5,99.0,96.75,96.75,128716
2016-11-29 00:00:00,98.75,99.0,97.0,98.5,62141
2016-11-28 00:00:00,99.0,99.0,96.25,99.0,90258
2016-11-25 00:00:00,99.0,99.0,97.5,99.0,63012
2016-11-24 00:00:00,96.25,99.0,95.0,99.0,102807
2016-11-23 00:00:00,97.25,97.25,96.0,96.0,40856
2016-11-22 00:00:00,98.5,98.75,97.0,97.25,37011
2016-11-21 00:00:00,99.75,100.0,97.75,98.5,105238
2016-11-18 00:00:00,98.0,99.5,97.75,99.5,82146
2016-11-17 00:00:00,98.0,98.0,96.75,97.75,42721
2016-11-16 00:00:00,95.75,98.0,95.0,97.75,87904
2016-11-15 00:00:00,95.25,95.25,92.75,94.75,97220
2016-11-14 00:00:00,95.25,97.0,94.25,94.75,55340
2016-11-11 00:00:00,99.75,100.5,94.0,95.25,172452
2016-11-10 00:00:00,96.0,100.0,96.0,97.75,82271
2016-11-09 00:00:00,93.75,97.0,91.25,95.75,104963
2016-11-08 00:00:00,95.75,98.25,95.75,98.25,90228
2016-11-07 00:00:00,93.5,95.75,93.5,95.5,53109
2016-11-04 00:00:00,95.5,95.5,93.75,93.75,38962
2016-11-03 00:00:00,95.5,95.5,93.5,95.5,94884
2016-11-02 00:00:00,95.0,95.5,93.0,95.5,84407
2016-11-01 00:00:00,98.5,98.5,95.25,95.5,86565
2016-10-31 00:00:00,100.0,100.0,98.5,99.0,44852
2016-10-28 00:00:00,100.0,100.25,98.5,100.0,52439
2016-10-27 00:00:00,101.0,101.0,98.75,100.25,56136
2016-10-26 00:00:00,100.25,100.75,99.5,100.75,59971
2016-10-25 00:00:00,100.25,101.25,99.25,100.5,141309
2016-10-24 00:00:00,100.25,101.0,98.75,100.0,93449
2016-10-21 00:00:00,102.75,103.0,99.5,100.0,170554
2016-10-20 00:00:00,104.0,104.0,102.0,102.5,79162
2016-10-19 00:00:00,104.0,105.0,102.0,105.0,50654
2016-10-18 00:00:00,103.5,104.25,103.0,104.0,48273
2016-10-17 00:00:00,104.0,104.5,101.75,103.5,77196
2016-10-14 00:00:00,100.75,104.5,100.75,104.0,91768
2016-10-13 00:00:00,104.0,104.5,101.25,102.0,169181
2016-10-12 00:00:00,106.0,106.25,104.25,104.5,109690
2016-10-11 00:00:00,105.25,106.75,105.25,106.25,55715
2016-10-10 00:00:00,106.0,106.5,105.0,106.5,47547
2016-10-07 00:00:00,106.0,108.75,105.0,106.0,125553
2016-10-06 00:00:00,108.5,109.25,106.0,106.5,89946
2016-10-05 00:00:00,104.5,108.5,104.0,108.5,112998
2016-10-04 00:00:00,103.75,105.75,102.75,104.75,166395
2016-10-03 00:00:00,101.0,104.5,101.0,102.25,230690
2016-09-30 00:00:00,100.5,100.75,98.75,100.75,108421
2016-09-29 00:00:00,100.5,103.0,100.5,100.75,210134
2016-09-28 00:00:00,97.0,101.0,97.0,100.5,142189
2016-09-27 00:00:00,98.25,98.75,95.5,96.5,105082
2016-09-26 00:00:00,97.5,98.25,95.5,97.75,157851
2016-09-23 00:00:00,99.0,99.5,96.25,97.0,167677
2016-09-22 00:00:00,100.75,102.25,98.5,98.75,115263
2016-09-21 00:00:00,100.0,101.5,98.5,100.25,194286
2016-09-20 00:00:00,97.0,99.5,96.75,99.5,147592
2016-09-19 00:00:00,96.0,96.75,95.25,96.75,144454
2016-09-16 00:00:00,92.25,95.75,91.5,95.0,257006
2016-09-15 00:00:00,88.75,92.25,88.5,92.0,133922
2016-09-14 00:00:00,88.0,89.75,88.0,88.75,217677
2016-09-13 00:00:00,87.75,89.0,87.0,87.5,259062
2016-09-12 00:00:00,86.0,87.25,84.75,87.25,357022
2016-09-09 00:00:00,88.5,88.5,86.25,87.0,58796
2016-09-08 00:00:00,88.5,88.75,88.0,88.5,67172
2016-09-07 00:00:00,88.0,88.75,87.5,88.5,75223
2016-09-06 00:00:00,87.75,87.75,86.75,87.5,111441
2016-09-05 00:00:00,88.0,88.0,87.0,87.75,43833
2016-09-02 00:00:00,88.0,88.0,86.5,88.0,124237
2016-09-01 00:00:00,88.25,88.75,87.5,87.75,97596
2016-08-31 00:00:00,88.5,88.5,87.5,88.0,166850
2016-08-30 00:00:00,87.5,89.25,87.5,88.0,165960
2016-08-29 00:00:00,88.0,88.0,86.75,87.25,64905
2016-08-26 00:00:00,88.25,88.5,86.25,88.0,133698
2016-08-25 00:00:00,89.25,89.25,87.5,88.0,99868
2016-08-24 00:00:00,87.75,89.25,87.5,89.25,209839
2016-08-23 00:00:00,88.5,88.5,87.0,87.75,72461
2016-08-22 00:00:00,88.75,88.75,87.5,88.25,66883
2016-08-19 00:00:00,89.0,89.0,87.5,87.75,105000
2016-08-18 00:00:00,89.0,90.75,88.25,88.5,156152
2016-08-17 00:00:00,89.0,89.5,87.25,87.75,68326
2016-08-16 00:00:00,92.5,92.5,88.75,89.25,82086
2016-08-15 00:00:00,92.5,92.5,90.5,91.5,43518
2016-08-12 00:00:00,92.25,92.75,91.5,91.5,52077
2016-08-11 00:00:00,93.0,93.25,92.25,92.25,46636
2016-08-10 00:00:00,93.0,93.25,91.5,93.25,64768
2016-08-09 00:00:00,93.25,93.25,92.0,93.0,111305
2016-08-08 00:00:00,91.25,94.0,91.25,93.25,49443
2016-08-05 00:00:00,89.0,91.25,89.0,91.25,64522
2016-08-04 00:00:00,88.5,90.25,88.5,88.5,57356
2016-08-03 00:00:00,88.25,88.5,87.25,88.5,40490
2016-08-02 00:00:00,89.75,90.0,87.0,88.25,73137
2016-08-01 00:00:00,88.5,91.0,88.5,89.75,84943
2016-07-29 00:00:00,87.0,88.5,87.0,87.75,30073
2016-07-28 00:00:00,88.25,88.5,87.0,87.0,24019
2016-07-27 00:00:00,87.75,88.25,87.25,87.75,47062
2016-07-26 00:00:00,87.5,87.75,86.75,87.75,35004
2016-07-25 00:00:00,86.0,88.0,86.0,87.5,44950
2016-07-22 00:00:00,86.0,86.25,84.5,86.0,35547
2016-07-21 00:00:00,88.0,88.0,84.25,85.5,68359
2016-07-20 00:00:00,85.25,87.75,85.25,87.0,79850
2016-07-19 00:00:00,84.75,85.0,83.0,85.0,67579
2016-07-18 00:00:00,83.75,84.5,82.75,84.0,194952
2016-07-15 00:00:00,82.5,84.25,81.0,84.0,116854
2016-07-14 00:00:00,81.5,84.5,81.5,82.0,116525
2016-07-13 00:00:00,78.75,82.25,78.75,81.25,203983
2016-07-12 00:00:00,76.25,78.0,75.75,77.5,62227
2016-07-11 00:00:00,74.75,75.75,74.75,75.0,39236
2016-07-08 00:00:00,73.0,74.5,72.5,74.5,70240
2016-07-07 00:00:00,73.25,74.75,72.25,72.5,42831
2016-07-06 00:00:00,72.0,73.25,71.25,73.25,34406
2016-07-05 00:00:00,74.5,74.5,72.5,72.5,67794
2016-07-04 00:00:00,74.75,75.25,73.5,74.5,37777
2016-07-01 00:00:00,72.0,75.25,72.0,74.5,108880
2016-06-30 00:00:00,68.75,72.0,68.5,71.5,127350
2016-06-29 00:00:00,68.0,68.75,67.0,68.5,226808
2016-06-28 00:00:00,67.75,69.75,67.0,67.0,81938
2016-06-27 00:00:00,65.0,69.5,64.5,66.25,197624
2016-06-24 00:00:00,,71.0,71.0,71.0,0
2016-06-23 00:00:00,69.25,71.0,68.5,71.0,186394
2016-06-22 00:00:00,69.0,69.5,68.0,68.5,64262
2016-06-21 00:00:00,69.5,69.75,68.5,69.0,25581
2016-06-20 00:00:00,68.5,70.0,68.5,69.75,60128
2016-06-17 00:00:00,67.75,68.5,67.25,67.75,69188
2016-06-16 00:00:00,69.75,69.75,67.0,67.25,72694
2016-06-15 00:00:00,73.25,73.25,68.75,69.75,91926
2016-06-14 00:00:00,73.0,73.0,68.5,72.0,135328
2016-06-13 00:00:00,73.0,73.5,70.25,73.25,87702
2016-06-10 00:00:00,78.5,78.5,73.5,74.0,179347
2016-06-09 00:00:00,78.0,79.0,75.25,78.5,88662
2016-06-08 00:00:00,79.0,79.0,76.75,78.0,53069
2016-06-07 00:00:00,79.0,79.0,78.25,79.0,33628
2016-06-06 00:00:00,,79.0,79.0,79.0,0
2016-06-03 00:00:00,79.0,79.5,77.25,79.0,52554
2016-06-02 00:00:00,78.5,80.0,78.0,79.25,87125
2016-06-01 00:00:00,78.75,79.0,77.0,79.0,115046
2016-05-31 00:00:00,77.0,79.0,76.25,79.0,143839
2016-05-30 00:00:00,76.5,76.75,76.0,76.75,43814
2016-05-27 00:00:00,75.5,76.75,75.25,76.5,73219
2016-05-26 00:00:00,75.5,76.75,75.5,75.5,42524
2016-05-25 00:00:00,78.0,78.0,75.5,75.75,92732
2016-05-24 00:00:00,76.0,76.75,74.75,76.25,118669
2016-05-23 00:00:00,74.0,76.5,73.5,75.75,101143
2016-05-20 00:00:00,74.0,74.25,72.75,73.75,57233
2016-05-19 00:00:00,72.5,73.75,72.25,72.25,43729
2016-05-18 00:00:00,73.5,73.5,72.5,73.5,36471
2016-05-17 00:00:00,73.0,73.75,73.0,73.0,37537
2016-05-16 00:00:00,73.0,73.25,72.25,73.0,48364
2016-05-13 00:00:00,73.75,73.75,72.0,73.5,45948
2016-05-12 00:00:00,74.75,74.75,72.25,72.75,44757
2016-05-11 00:00:00,73.5,74.0,72.75,73.5,56809
2016-05-10 00:00:00,72.75,74.0,72.25,73.5,45699
2016-05-09 00:00:00,72.0,75.0,72.0,74.0,75044
2016-05-06 00:00:00,72.25,73.25,71.5,73.25,76588
2016-05-05 00:00:00,72.0,72.0,70.75,71.5,19087
2016-05-04 00:00:00,72.0,72.0,70.75,71.5,19087
2016-05-03 00:00:00,72.5,72.5,70.25,71.25,52515
2016-05-02 00:00:00,70.0,72.25,69.5,71.75,43762
2016-04-29 00:00:00,69.75,70.0,68.5,70.0,118241
2016-04-28 00:00:00,73.0,73.0,69.0,70.25,75571
2016-04-27 00:00:00,71.5,73.5,71.5,73.25,66523
2016-04-26 00:00:00,71.0,71.5,69.25,71.25,113191
2016-04-25 00:00:00,73.5,74.0,70.25,70.5,151471
2016-04-22 00:00:00,74.75,74.75,72.75,73.5,46508
2016-04-21 00:00:00,74.75,74.75,73.25,73.75,48849
2016-04-20 00:00:00,73.75,75.0,73.5,74.75,84040
2016-04-19 00:00:00,73.0,74.0,72.75,73.75,55995
2016-04-18 00:00:00,72.5,72.75,71.75,72.5,44741
2016-04-15 00:00:00,73.0,73.5,72.0,72.5,63097
2016-04-14 00:00:00,72.5,73.5,72.0,73.0,65430
2016-04-13 00:00:00,71.5,73.0,71.5,72.25,34475
2016-04-12 00:00:00,73.0,73.0,71.0,71.25,31417
2016-04-11 00:00:00,73.5,73.5,72.5,72.75,17968
2016-04-08 00:00:00,71.75,74.0,71.75,73.5,42403
2016-04-07 00:00:00,72.75,73.0,71.0,72.0,30854
2016-04-06 00:00:00,72.0,75.0,71.5,72.75,36932
2016-04-05 00:00:00,74.5,75.0,71.0,71.75,60613
2016-04-04 00:00:00,73.25,74.5,71.5,73.0,67005
2016-04-01 00:00:00,69.5,72.75,69.0,71.75,66981
2016-03-31 00:00:00,69.5,69.5,68.5,69.5,47924
2016-03-30 00:00:00,68.5,69.5,68.25,69.5,71514
2016-03-29 00:00:00,68.5,69.5,68.5,68.5,58153
2016-03-28 00:00:00,69.0,70.0,68.5,68.5,21304
2016-03-25 00:00:00,69.0,70.0,68.0,68.5,21304
2016-03-24 00:00:00,69.0,70.0,68.0,68.5,21304
2016-03-23 00:00:00,69.25,69.25,68.0,69.0,21512
2016-03-22 00:00:00,67.0,68.5,66.25,68.5,57717
2016-03-21 00:00:00,65.0,67.25,65.0,67.0,181650
2016-03-18 00:00:00,65.75,66.0,65.25,65.25,148663
2016-03-17 00:00:00,66.75,66.75,65.25,65.75,41619
2016-03-16 00:00:00,66.5,66.5,65.75,66.5,50906
2016-03-15 00:00:00,66.0,66.5,65.5,66.5,51407
2016-03-14 00:00:00,66.0,66.5,64.0,66.0,62437
2016-03-11 00:00:00,64.75,66.0,64.75,66.0,69581
2016-03-10 00:00:00,65.75,66.25,64.75,64.75,37602
2016-03-09 00:00:00,66.0,66.5,65.25,65.75,37246
2016-03-08 00:00:00,66.75,66.75,65.25,66.0,16301
2016-03-07 00:00:00,66.75,66.75,65.5,66.25,53568
2016-03-04 00:00:00,66.0,67.0,65.5,66.25,54128
2016-03-03 00:00:00,66.0,67.0,65.25,65.75,50837
2016-03-02 00:00:00,66.0,67.0,65.5,66.0,56477
2016-03-01 00:00:00,64.5,66.75,64.0,66.0,80654
2016-02-29 00:00:00,64.5,65.0,63.0,64.5,86811
2016-02-26 00:00:00,65.0,65.0,63.75,64.5,54630
2016-02-25 00:00:00,64.0,65.0,63.5,64.0,92171
2016-02-24 00:00:00,64.0,64.75,62.5,64.0,54392
2016-02-23 00:00:00,64.5,65.0,63.5,63.5,276752
2016-02-22 00:00:00,61.75,63.75,61.75,63.5,76580
2016-02-19 00:00:00,63.0,63.0,61.5,61.5,69199
2016-02-18 00:00:00,62.75,63.0,61.5,63.0,96785
2016-02-17 00:00:00,61.5,62.5,61.25,62.25,36477
2016-02-16 00:00:00,61.75,62.0,59.0,61.5,40957
2016-02-15 00:00:00,60.75,62.5,60.75,61.75,26871
2016-02-12 00:00:00,59.0,61.0,59.0,59.75,30424
2016-02-11 00:00:00,62.0,62.0,59.0,60.5,56285
2016-02-10 00:00:00,57.25,61.25,56.75,61.0,73352
2016-02-09 00:00:00,57.75,59.0,55.5,57.5,65415
2016-02-08 00:00:00,61.25,61.75,58.5,59.0,32160
2016-02-05 00:00:00,59.5,62.75,59.5,61.75,45898
2016-02-04 00:00:00,62.0,62.0,59.5,60.5,55114
2016-02-03 00:00:00,63.0,63.0,61.25,62.0,25634
2016-02-02 00:00:00,63.5,63.5,62.5,63.25,44673
2016-02-01 00:00:00,64.0,64.75,62.5,63.75,23551
2016-01-29 00:00:00,62.5,64.75,62.5,63.75,49105
2016-01-28 00:00:00,64.0,64.0,62.25,63.25,40062
2016-01-27 00:00:00,62.75,64.25,62.25,63.75,66615
2016-01-26 00:00:00,61.5,62.75,60.75,62.75,34864
2016-01-25 00:00:00,63.75,63.75,61.0,62.0,68010
2016-01-22 00:00:00,61.75,64.5,61.75,64.25,126590
2016-01-21 00:00:00,60.0,61.5,60.0,61.5,71443
2016-01-20 00:00:00,60.25,61.5,59.0,60.25,127513
2016-01-19 00:00:00,59.5,61.25,59.5,60.75,43695
2016-01-18 00:00:00,59.0,60.25,57.25,59.25,96808
2016-01-15 00:00:00,63.0,63.0,57.5,59.75,97103
2016-01-14 00:00:00,61.0,62.5,59.25,62.5,84265
2016-01-13 00:00:00,63.5,64.75,62.25,62.25,30193
2016-01-12 00:00:00,64.25,65.0,63.25,63.5,54211
2016-01-11 00:00:00,65.0,65.0,62.75,64.0,86505
2016-01-08 00:00:00,65.25,67.5,64.5,65.0,67883
2016-01-07 00:00:00,65.5,66.0,60.25,65.5,146768
2016-01-06 00:00:00,,67.0,67.0,67.0,0
2016-01-05 00:00:00,67.5,68.25,66.25,67.0,41466
2016-01-04 00:00:00,68.75,68.75,65.0,67.25,61999
2016-01-01 00:00:00,,68.75,68.75,68.75,0
2015-12-31 00:00:00,,68.75,68.75,68.75,0
2015-12-30 00:00:00,70.25,70.5,68.75,68.75,115868
2015-12-29 00:00:00,69.25,70.5,68.5,69.5,81329
2015-12-28 00:00:00,69.25,70.0,68.25,69.25,55172
2015-12-25 00:00:00,68.25,70.0,68.25,69.25,35876
2015-12-24 00:00:00,68.25,70.0,68.25,69.25,35876
2015-12-23 00:00:00,68.25,70.0,68.25,69.25,35876
2015-12-22 00:00:00,68.75,69.0,67.75,68.75,34886
2015-12-21 00:00:00,67.5,70.5,67.5,68.5,60031
2015-12-18 00:00:00,68.5,68.5,67.25,67.75,47908
2015-12-17 00:00:00,68.0,70.0,68.0,68.5,62870
2015-12-16 00:00:00,68.0,68.5,67.25,68.0,88615
2015-12-15 00:00:00,65.75,67.75,65.25,67.5,117392
2015-12-14 00:00:00,63.75,66.0,63.5,65.0,84454
2015-12-11 00:00:00,66.5,67.0,62.75,63.75,107730
2015-12-10 00:00:00,66.75,67.25,65.0,66.25,83194
2015-12-09 00:00:00,66.0,66.75,63.5,66.75,161243
2015-12-08 00:00:00,67.0,67.0,63.75,65.5,86822
2015-12-07 00:00:00,67.0,67.75,66.25,67.0,103791
2015-12-04 00:00:00,65.25,66.25,65.0,66.0,72444
2015-12-03 00:00:00,67.0,69.0,65.0,66.5,112119
2015-12-02 00:00:00,65.75,68.0,65.0,67.0,81346
2015-12-01 00:00:00,63.75,66.0,63.75,65.25,58317
2015-11-30 00:00:00,62.75,63.5,62.0,62.5,99095
2015-11-27 00:00:00,62.0,63.5,61.0,62.5,60324
2015-11-26 00:00:00,61.75,62.5,61.25,62.0,37920
2015-11-25 00:00:00,62.0,62.5,61.5,62.0,86712
2015-11-24 00:00:00,62.0,62.25,61.0,61.25,56551
2015-11-23 00:00:00,61.0,62.0,60.5,62.0,107925
2015-11-20 00:00:00,60.75,61.25,60.0,61.0,109507
2015-11-19 00:00:00,61.5,61.75,60.5,60.5,77188
2015-11-18 00:00:00,58.75,61.75,58.5,61.25,90021
2015-11-17 00:00:00,59.0,59.5,57.75,58.75,115611
2015-11-16 00:00:00,58.25,58.5,56.5,58.5,27044
2015-11-13 00:00:00,58.0,58.75,56.75,58.75,44852
2015-11-12 00:00:00,59.75,59.75,57.25,58.25,63957
2015-11-11 00:00:00,56.5,60.0,55.5,59.25,181993
2015-11-10 00:00:00,57.0,57.0,56.0,57.0,54215
2015-11-09 00:00:00,55.0,57.0,55.0,57.0,111084
2015-11-06 00:00:00,54.0,55.0,53.75,55.0,71822
2015-11-05 00:00:00,54.5,54.75,53.5,53.75,91976
2015-11-04 00:00:00,54.5,55.25,54.5,54.5,53032
2015-11-03 00:00:00,55.25,55.25,54.0,54.5,47944
2015-11-02 00:00:00,55.25,56.0,54.0,55.0,108806
2015-10-30 00:00:00,53.0,55.25,52.5,55.25,71625
2015-10-29 00:00:00,52.75,53.25,49.0,52.75,81320
2015-10-28 00:00:00,52.25,53.25,52.0,52.5,63756
2015-10-27 00:00:00,52.5,52.75,51.75,52.75,18665
2015-10-26 00:00:00,51.5,52.5,50.5,52.5,34070
2015-10-23 00:00:00,50.5,52.75,50.25,51.5,57583
2015-10-22 00:00:00,50.25,50.5,48.8,50.0,37184
2015-10-21 00:00:00,48.1,50.5,48.1,49.8,152663
2015-10-20 00:00:00,47.2,47.9,46.6,47.2,68447
2015-10-19 00:00:00,46.6,47.4,46.6,47.0,74101
2015-10-16 00:00:00,47.0,47.8,46.5,46.6,35418
2015-10-15 00:00:00,47.2,47.6,46.7,47.0,71778
2015-10-14 00:00:00,47.5,48.0,47.0,47.5,16057
2015-10-13 00:00:00,47.3,48.0,47.0,47.9,20219
2015-10-12 00:00:00,48.4,48.8,47.4,47.5,25749
2015-10-09 00:00:00,47.0,48.6,47.0,48.3,115054
2015-10-08 00:00:00,47.3,47.4,46.5,47.0,21936
2015-10-07 00:00:00,45.4,47.4,45.4,47.2,56515
2015-10-06 00:00:00,46.9,46.9,45.7,46.5,27649
2015-10-05 00:00:00,44.8,46.0,44.6,45.9,27884
2015-10-02 00:00:00,44.5,45.3,44.0,44.3,16113
2015-10-01 00:00:00,44.5,44.9,43.8,44.5,40954
2015-09-30 00:00:00,43.1,45.0,43.1,43.7,68877
2015-09-29 00:00:00,43.9,44.7,42.1,43.1,106153
2015-09-28 00:00:00,46.0,46.0,44.0,44.2,70475
2015-09-25 00:00:00,45.6,47.5,45.6,46.1,19507
2015-09-24 00:00:00,46.2,46.8,45.2,45.2,31503
2015-09-23 00:00:00,46.1,47.3,45.5,47.2,48220
2015-09-22 00:00:00,46.7,47.4,46.2,46.2,35542
2015-09-21 00:00:00,46.6,47.3,46.4,46.9,55865
2015-09-18 00:00:00,48.0,48.0,46.3,46.7,81626
2015-09-17 00:00:00,48.0,48.1,46.9,47.7,24893
2015-09-16 00:00:00,47.9,48.3,46.7,47.7,34582
2015-09-15 00:00:00,46.3,47.4,46.1,47.3,48233
2015-09-14 00:00:00,47.0,48.0,46.3,46.3,47580
2015-09-11 00:00:00,47.7,48.2,47.3,47.8,15017
2015-09-10 00:00:00,47.5,48.4,46.9,48.1,44015
2015-09-09 00:00:00,47.8,48.6,47.1,47.5,43581
2015-09-08 00:00:00,46.9,48.3,46.9,47.8,29459
2015-09-07 00:00:00,48.3,48.6,46.5,47.3,63314
2015-09-04 00:00:00,48.2,48.4,46.7,48.3,64959
2015-09-03 00:00:00,47.1,48.5,47.1,48.2,64592
2015-09-02 00:00:00,48.3,48.5,46.6,47.2,53277
2015-09-01 00:00:00,50.0,50.0,47.8,48.0,63366
2015-08-31 00:00:00,49.2,50.75,47.0,50.75,58018
2015-08-28 00:00:00,49.8,49.8,48.5,49.2,37152
2015-08-27 00:00:00,50.0,50.25,48.5,49.8,88252
2015-08-26 00:00:00,47.5,49.3,45.3,49.0,107177
2015-08-25 00:00:00,45.5,47.9,45.4,47.4,156088
2015-08-24 00:00:00,44.5,46.3,43.9,45.2,159012
2015-08-21 00:00:00,47.0,48.7,44.2,47.0,126551
2015-08-20 00:00:00,50.25,50.25,48.0,48.7,72999
2015-08-19 00:00:00,52.0,52.0,50.25,50.5,61384
2015-08-18 00:00:00,54.0,54.5,51.25,51.25,224322
2015-08-17 00:00:00,52.0,52.5,51.75,51.75,59488
2015-08-14 00:00:00,54.0,54.75,52.25,52.75,65204
2015-08-13 00:00:00,53.0,54.75,53.0,54.5,78040
2015-08-12 00:00:00,53.75,53.75,51.75,52.5,35790
2015-08-11 00:00:00,53.25,54.0,53.0,54.0,34124
2015-08-10 00:00:00,53.75,54.25,52.75,53.75,30314
2015-08-07 00:00:00,55.75,55.75,53.25,53.75,33589
2015-08-06 00:00:00,55.25,55.75,54.75,55.25,29829
2015-08-05 00:00:00,54.25,55.25,54.25,55.25,43929
2015-08-04 00:00:00,53.5,54.5,53.5,54.0,57670
2015-08-03 00:00:00,53.5,53.5,53.0,53.5,26809
2015-07-31 00:00:00,52.25,53.25,52.25,53.25,43915
2015-07-30 00:00:00,53.25,53.25,52.25,52.25,37856
2015-07-29 00:00:00,53.0,53.5,52.0,53.0,29030
2015-07-28 00:00:00,54.25,54.5,52.75,52.75,64490
2015-07-27 00:00:00,55.5,55.5,53.75,54.25,74909
2015-07-24 00:00:00,55.25,56.25,55.25,55.5,36730
2015-07-23 00:00:00,56.0,56.25,55.25,55.25,57976
2015-07-22 00:00:00,55.25,55.75,55.0,55.75,22455
2015-07-21 00:00:00,54.5,55.75,54.5,55.75,53142
2015-07-20 00:00:00,55.5,56.0,54.25,54.5,77225
2015-07-17 00:00:00,53.0,55.75,52.75,55.5,190796
2015-07-16 00:00:00,54.5,54.75,52.25,52.5,189194
2015-07-15 00:00:00,55.0,55.0,53.25,53.5,127557
2015-07-14 00:00:00,56.0,56.75,53.0,55.0,201823
2015-07-13 00:00:00,54.75,56.25,54.5,56.0,137927
2015-07-10 00:00:00,54.0,55.0,54.0,54.5,146568
2015-07-09 00:00:00,52.75,54.0,52.5,53.75,161767
2015-07-08 00:00:00,52.75,53.0,50.75,52.5,130398
2015-07-07 00:00:00,52.75,54.0,51.5,51.5,174175
2015-07-06 00:00:00,53.5,53.5,52.75,52.75,126804
2015-07-03 00:00:00,54.25,54.75,53.5,53.5,134141
2015-07-02 00:00:00,54.5,54.5,53.25,54.25,124167
2015-07-01 00:00:00,50.75,54.5,50.75,54.5,171182
2015-06-30 00:00:00,50.75,51.5,50.0,50.75,127333
2015-06-29 00:00:00,50.25,51.5,48.2,50.75,153768
2015-06-26 00:00:00,50.25,52.0,50.25,52.0,171870
2015-06-25 00:00:00,49.0,51.25,49.0,51.25,149697
2015-06-24 00:00:00,50.25,50.5,48.8,49.4,119905
2015-06-23 00:00:00,49.5,50.5,49.5,50.25,156336
2015-06-22 00:00:00,48.6,49.5,48.6,49.3,83046
2015-06-19 00:00:00,,48.4,48.4,48.4,0
2015-06-18 00:00:00,49.0,49.0,47.4,48.4,115333
2015-06-17 00:00:00,47.9,49.0,47.7,49.0,91974
2015-06-16 00:00:00,47.6,48.3,46.4,47.9,103661
2015-06-15 00:00:00,49.8,49.8,47.6,47.9,107473
2015-06-12 00:00:00,49.4,50.25,49.4,49.8,102181
2015-06-11 00:00:00,49.5,50.25,49.5,49.9,60383
2015-06-10 00:00:00,48.7,50.0,48.3,49.9,125807
2015-06-09 00:00:00,48.7,48.9,47.9,48.9,118152
2015-06-08 00:00:00,48.6,49.9,48.3,49.4,132343
2015-06-05 00:00:00,49.0,49.2,48.2,48.9,94785
2015-06-04 00:00:00,50.25,50.75,49.2,49.3,155297
2015-06-03 00:00:00,49.9,51.0,49.8,51.0,644601
2015-06-02 00:00:00,50.0,50.5,49.5,49.7,68097
2015-06-01 00:00:00,49.5,50.25,49.4,50.25,97787
2015-05-29 00:00:00,50.5,50.5,49.4,49.8,76241
2015-05-28 00:00:00,51.0,51.0,50.25,50.5,33657
2015-05-27 00:00:00,49.8,51.0,49.8,50.75,101162
2015-05-26 00:00:00,51.0,51.25,49.6,49.6,84934
2015-05-25 00:00:00,50.75,52.0,50.5,50.75,136988
2015-05-22 00:00:00,49.0,49.9,48.5,49.9,68732
2015-05-21 00:00:00,48.4,48.9,47.8,48.9,100515
2015-05-20 00:00:00,47.7,48.0,47.5,47.9,54063
2015-05-19 00:00:00,47.7,48.0,47.5,47.6,98016
2015-05-18 00:00:00,47.7,48.1,47.3,47.5,121893
2015-05-15 00:00:00,48.2,48.7,47.5,47.6,104098
2015-05-14 00:00:00,47.6,48.5,47.6,48.2,25740
2015-05-13 00:00:00,47.6,48.5,47.6,48.2,25740
2015-05-12 00:00:00,49.1,49.3,47.5,47.5,42905
2015-05-11 00:00:00,48.7,49.6,48.7,49.1,43325
2015-05-08 00:00:00,47.7,49.4,47.7,48.7,61403
2015-05-07 00:00:00,47.0,48.2,45.0,48.2,123380
2015-05-06 00:00:00,48.6,49.7,46.6,47.4,154156
2015-05-05 00:00:00,50.0,50.25,48.6,48.6,70428
2015-05-04 00:00:00,51.5,52.0,49.8,50.75,174053
2015-05-01 00:00:00,49.7,51.0,49.0,51.0,85927
2015-04-30 00:00:00,49.7,51.0,49.0,51.0,85927
2015-04-29 00:00:00,51.5,52.25,49.7,49.7,71987
2015-04-28 00:00:00,51.75,53.0,51.0,51.25,150358
2015-04-27 00:00:00,50.25,51.0,50.0,50.5,75067
2015-04-24 00:00:00,49.6,50.5,49.0,50.25,89936
2015-04-23 00:00:00,49.1,50.25,49.1,49.5,96925
2015-04-22 00:00:00,48.1,49.2,48.1,49.1,57442
2015-04-21 00:00:00,47.3,48.0,47.2,47.7,60634
2015-04-20 00:00:00,47.1,47.7,47.1,47.1,52077
2015-04-17 00:00:00,48.5,48.7,47.2,47.2,61138
2015-04-16 00:00:00,49.8,49.9,48.9,49.1,26932
2015-04-15 00:00:00,49.4,49.9,49.3,49.8,45655
2015-04-14 00:00:00,48.9,49.7,48.9,49.4,62758
2015-04-13 00:00:00,49.5,49.5,49.0,49.0,60017
2015-04-10 00:00:00,49.2,49.4,49.1,49.1,57153
2015-04-09 00:00:00,49.6,50.25,49.3,49.4,62769
2015-04-08 00:00:00,50.0,50.0,49.2,49.6,63670
2015-04-07 00:00:00,49.5,50.25,49.2,50.0,93165
2015-04-02 00:00:00,48.9,49.5,48.8,49.2,33273
2015-04-01 00:00:00,49.6,49.7,48.8,48.8,74316
2015-03-31 00:00:00,49.2,49.8,48.6,49.6,56581
2015-03-30 00:00:00,48.5,49.1,48.0,49.1,70079
2015-03-27 00:00:00,48.9,49.2,47.9,48.5,51991
2015-03-26 00:00:00,49.3,49.3,47.4,48.9,58229
2015-03-25 00:00:00,50.0,50.25,49.4,49.4,42491
2015-03-24 00:00:00,49.4,50.25,49.3,50.0,90207
2015-03-23 00:00:00,50.25,50.25,49.1,49.6,62491
2015-03-20 00:00:00,48.1,50.5,47.6,50.5,319486
2015-03-19 00:00:00,48.1,48.4,47.8,48.0,86048
2015-03-18 00:00:00,47.5,48.2,47.0,48.1,89934
2015-03-17 00:00:00,48.4,48.4,46.5,47.5,58544
2015-03-16 00:00:00,47.7,48.6,47.7,48.3,41780
2015-03-13 00:00:00,48.0,48.4,47.8,48.4,61533
2015-03-12 00:00:00,46.7,48.0,46.1,48.0,118361
2015-03-11 00:00:00,45.6,47.1,45.5,47.1,55453
2015-03-10 00:00:00,46.7,46.7,45.9,46.1,62555
2015-03-09 00:00:00,47.0,47.0,45.4,46.7,98405
2015-03-06 00:00:00,48.7,48.7,46.8,47.3,77302
2015-03-05 00:00:00,48.5,48.9,47.4,48.7,122388
2015-03-04 00:00:00,49.8,49.8,46.2,48.3,346148
2015-03-03 00:00:00,51.75,51.75,49.7,50.5,235031
2015-03-02 00:00:00,51.5,52.0,51.0,52.0,157288
2015-02-27 00:00:00,49.9,52.0,49.6,51.75,228661
2015-02-26 00:00:00,48.5,49.9,48.5,49.9,162649
2015-02-25 00:00:00,47.9,49.1,47.9,49.0,170776
2015-02-24 00:00:00,47.6,47.9,46.8,47.7,86173
2015-02-23 00:00:00,48.7,49.0,45.0,47.6,146180
2015-02-20 00:00:00,49.6,49.9,47.8,49.1,236090
2015-02-19 00:00:00,48.0,49.3,47.8,48.7,163296
2015-02-18 00:00:00,47.8,49.0,47.3,48.5,259139
2015-02-17 00:00:00,48.7,48.7,46.5,47.8,172042
2015-02-16 00:00:00,46.0,49.2,45.7,48.7,122240
2015-02-13 00:00:00,45.3,46.1,44.3,46.0,284248
2015-02-12 00:00:00,45.1,46.4,45.1,45.4,66189
2015-02-11 00:00:00,44.0,45.3,44.0,45.2,192240
2015-02-10 00:00:00,41.3,44.0,41.3,43.7,356175
2015-02-09 00:00:00,41.6,41.9,41.3,41.6,70310
2015-02-06 00:00:00,40.7,41.6,40.7,41.6,155031
2015-02-05 00:00:00,40.3,40.7,40.2,40.7,134579
2015-02-04 00:00:00,39.4,40.3,39.4,40.2,746124
2015-02-03 00:00:00,38.5,38.7,38.3,38.4,53162
2015-02-02 00:00:00,38.8,38.8,38.5,38.8,33904
2015-01-30 00:00:00,38.0,39.0,38.0,38.8,99994
2015-01-29 00:00:00,38.0,38.2,37.6,38.1,41961
2015-01-28 00:00:00,38.0,39.0,37.9,38.3,29205
2015-01-27 00:00:00,38.8,38.8,38.0,38.4,67931
2015-01-26 00:00:00,38.8,39.2,38.7,38.9,30449
2015-01-23 00:00:00,38.4,39.2,38.4,38.8,33381
2015-01-22 00:00:00,38.8,39.0,38.2,38.4,48061
2015-01-21 00:00:00,38.0,38.8,38.0,38.8,63850
2015-01-20 00:00:00,38.3,38.7,38.0,38.3,69048
2015-01-19 00:00:00,38.9,38.9,38.1,38.3,23867
2015-01-16 00:00:00,39.1,39.1,38.2,38.6,46189
2015-01-15 00:00:00,39.6,39.6,38.0,39.2,102944
2015-01-14 00:00:00,39.5,39.5,38.0,38.5,131992
2015-01-13 00:00:00,39.5,40.1,39.3,39.5,412283
2015-01-12 00:00:00,39.7,40.0,39.5,39.7,128354
2015-01-09 00:00:00,39.4,39.8,39.2,39.6,134638
2015-01-08 00:00:00,37.7,39.4,37.7,39.4,157449
2015-01-07 00:00:00,37.8,37.8,36.8,37.4,164583
2015-01-06 00:00:00,,38.0,38.0,38.0,0
2015-01-05 00:00:00,37.7,38.0,37.3,38.0,46504
2015-01-02 00:00:00,36.4,37.3,36.3,37.3,132558
2015-01-01 00:00:00,36.6,36.8,35.9,35.9,176069
2014-12-30 00:00:00,36.6,36.8,35.9,35.9,176069
2014-12-29 00:00:00,36.0,36.5,36.0,36.4,119985
2014-12-23 00:00:00,35.6,35.9,35.6,35.9,204692
2014-12-22 00:00:00,35.0,35.9,35.0,35.5,126273
2014-12-19 00:00:00,35.3,35.5,35.1,35.1,103936
2014-12-18 00:00:00,34.5,35.4,34.4,35.2,117385
2014-12-17 00:00:00,33.8,34.3,33.3,34.3,75123
2014-12-16 00:00:00,34.5,34.7,33.1,34.1,271768
2014-12-15 00:00:00,35.2,35.2,34.5,34.8,82981
2014-12-12 00:00:00,35.3,35.4,34.9,35.2,90723
2014-12-11 00:00:00,35.0,35.5,34.8,35.5,79133
2014-12-10 00:00:00,35.0,35.3,34.0,35.0,119732
2014-12-09 00:00:00,34.5,34.9,34.2,34.7,116364
2014-12-08 00:00:00,34.3,34.6,33.6,34.6,121964
2014-12-05 00:00:00,34.3,34.9,34.3,34.3,79999
2014-12-04 00:00:00,35.0,35.0,34.1,34.3,111687
2014-12-03 00:00:00,34.5,35.0,34.5,34.8,239353
2014-12-02 00:00:00,34.2,35.0,34.1,35.0,75038
2014-12-01 00:00:00,34.4,34.5,33.6,34.2,90004
2014-11-28 00:00:00,34.4,34.6,34.3,34.5,72329
2014-11-27 00:00:00,34.0,34.7,34.0,34.4,72097
2014-11-26 00:00:00,34.4,34.6,34.2,34.2,73308
2014-11-25 00:00:00,34.4,34.5,34.1,34.4,83357
2014-11-24 00:00:00,33.6,34.4,33.6,34.4,104456
2014-11-21 00:00:00,33.4,33.7,33.3,33.7,80865
2014-11-20 00:00:00,33.3,33.5,33.0,33.4,94592
2014-11-19 00:00:00,33.0,33.2,32.8,33.2,105211
2014-11-18 00:00:00,33.1,33.1,32.5,33.1,99845
2014-11-17 00:00:00,33.0,33.1,32.5,33.0,88833
2014-11-14 00:00:00,33.3,33.6,32.9,33.1,35374
2014-11-13 00:00:00,33.0,33.8,33.0,33.3,112932
2014-11-12 00:00:00,32.6,32.9,32.3,32.6,50750
2014-11-11 00:00:00,32.3,32.5,32.2,32.2,42438
2014-11-10 00:00:00,32.0,32.5,31.8,32.3,36541
2014-11-07 00:00:00,32.9,33.0,32.0,32.2,78222
2014-11-06 00:00:00,31.6,32.9,31.6,32.9,166364
2014-11-05 00:00:00,31.6,31.6,31.4,31.6,44238
2014-11-04 00:00:00,30.9,31.6,30.9,31.6,113570
2014-11-03 00:00:00,30.9,30.9,30.5,30.7,42789
2014-10-31 00:00:00,30.8,31.0,30.7,30.9,23958
2014-10-30 00:00:00,30.3,30.7,30.2,30.7,57337
2014-10-29 00:00:00,29.8,30.2,29.8,30.2,42004
2014-10-28 00:00:00,30.2,30.3,29.8,29.8,65838
2014-10-24 00:00:00,30.0,30.0,29.7,29.9,20905
2014-10-23 00:00:00,29.7,30.1,29.2,30.0,40296
2014-10-22 00:00:00,29.7,29.8,29.4,29.7,36507
2014-10-21 00:00:00,28.7,29.4,28.6,29.4,97292
2014-10-20 00:00:00,28.5,28.7,28.0,28.5,25190
2014-10-17 00:00:00,27.4,28.4,27.4,28.4,36985
2014-10-16 00:00:00,27.9,28.4,26.4,27.4,132278
2014-10-15 00:00:00,28.6,29.0,27.6,27.9,23740
2014-10-14 00:00:00,28.8,28.8,28.0,28.7,42961
2014-10-13 00:00:00,28.9,29.3,27.9,28.5,161445
2014-10-10 00:00:00,29.7,30.2,28.6,29.1,3136962
2014-10-09 00:00:00,29.8,30.2,29.6,29.7,223952
2014-10-08 00:00:00,30.4,30.6,29.6,29.6,112023
2014-10-07 00:00:00,31.3,31.3,30.6,30.6,59005
2014-10-06 00:00:00,30.9,31.3,30.7,31.1,201433
2014-10-03 00:00:00,31.0,31.2,30.8,31.1,57461
2014-10-02 00:00:00,30.9,31.0,30.7,30.7,91509
2014-10-01 00:00:00,31.0,31.3,30.9,31.0,143197
2014-09-30 00:00:00,30.7,31.1,30.7,31.0,129736
2014-09-29 00:00:00,30.5,30.8,30.5,30.8,108268
2014-09-26 00:00:00,30.9,30.9,30.5,30.7,74039
2014-09-25 00:00:00,30.6,30.8,30.4,30.8,80199
2014-09-24 00:00:00,30.4,30.7,30.4,30.6,59881
2014-09-23 00:00:00,30.5,30.7,30.5,30.6,75280
2014-09-22 00:00:00,30.2,30.6,30.2,30.5,74057
2014-09-19 00:00:00,30.4,30.6,30.3,30.5,51564
2014-09-18 00:00:00,29.9,30.4,29.9,30.2,75279
2014-09-17 00:00:00,30.4,30.5,29.8,29.9,96099
2014-09-16 00:00:00,30.4,30.4,30.0,30.4,81784
2014-09-15 00:00:00,29.1,30.4,28.8,30.2,89807
2014-09-12 00:00:00,29.3,29.9,29.3,29.5,38623
2014-09-11 00:00:00,29.3,29.5,29.2,29.2,19820
2014-09-10 00:00:00,29.4,29.5,29.3,29.3,61281
2014-09-09 00:00:00,29.8,29.9,29.4,29.5,41826
2014-09-08 00:00:00,29.8,29.9,29.7,29.7,35166
2014-09-05 00:00:00,29.7,30.0,29.6,29.6,24994
2014-09-04 00:00:00,30.0,30.0,29.7,29.8,34307
2014-09-03 00:00:00,30.2,30.3,29.9,29.9,46050
2014-09-02 00:00:00,30.3,30.5,30.1,30.3,70070
2014-09-01 00:00:00,30.3,30.3,30.0,30.3,48208
2014-08-29 00:00:00,30.3,30.3,29.9,30.3,74840
2014-08-28 00:00:00,30.4,30.6,30.0,30.0,60640
2014-08-27 00:00:00,30.2,30.7,30.2,30.6,50729
2014-08-26 00:00:00,29.9,30.2,29.8,30.2,70050
2014-08-25 00:00:00,29.9,30.3,29.6,30.1,64501
2014-08-22 00:00:00,29.7,29.8,29.5,29.7,34308
2014-08-21 00:00:00,29.5,29.8,29.5,29.5,29675
2014-08-20 00:00:00,29.5,29.9,29.5,29.7,18687
2014-08-19 00:00:00,29.8,29.9,29.5,29.7,34784
2014-08-18 00:00:00,29.9,30.0,29.8,29.8,35595
2014-08-15 00:00:00,29.7,29.9,29.6,29.6,43891
2014-08-14 00:00:00,29.7,30.2,29.7,29.8,110058
2014-08-13 00:00:00,28.8,29.7,28.7,29.6,104581
2014-08-12 00:00:00,28.6,28.9,28.5,28.8,58921
2014-08-11 00:00:00,28.8,28.9,28.5,28.8,51212
2014-08-08 00:00:00,28.2,28.6,27.8,28.5,78351
2014-08-07 00:00:00,28.7,28.7,28.2,28.6,59020
2014-08-06 00:00:00,29.3,29.4,28.5,28.8,75515
2014-08-05 00:00:00,29.3,29.8,29.2,29.6,15771
2014-08-04 00:00:00,29.0,29.5,29.0,29.3,25403
2014-08-01 00:00:00,29.1,29.8,28.4,29.1,71865
2014-07-31 00:00:00,29.7,30.0,29.5,29.8,44726
2014-07-30 00:00:00,30.0,30.3,29.7,30.0,13433
2014-07-29 00:00:00,29.7,30.3,29.7,30.3,31851
2014-07-28 00:00:00,29.8,30.0,29.5,29.9,29172
2014-07-25 00:00:00,29.5,29.8,29.3,29.8,38423
2014-07-24 00:00:00,29.8,29.8,29.6,29.7,31745
2014-07-23 00:00:00,29.4,29.9,29.4,29.8,12020
2014-07-22 00:00:00,29.6,29.6,29.3,29.5,41758
2014-07-21 00:00:00,29.6,29.8,29.3,29.6,15639
2014-07-18 00:00:00,29.8,29.9,29.4,29.6,36801
2014-07-17 00:00:00,30.2,30.2,29.7,30.0,15381
2014-07-16 00:00:00,30.0,30.4,29.8,30.1,25331
2014-07-15 00:00:00,30.0,30.5,30.0,30.0,41229
2014-07-14 00:00:00,30.1,30.3,30.0,30.2,19105
2014-07-11 00:00:00,30.3,30.3,29.9,30.2,10854
2014-07-10 00:00:00,30.5,30.5,29.8,30.3,59585
2014-07-09 00:00:00,30.3,30.6,30.3,30.3,20431
2014-07-08 00:00:00,30.3,30.6,30.3,30.5,20339
2014-07-07 00:00:00,30.5,30.7,30.3,30.4,21888
2014-07-04 00:00:00,31.0,31.0,30.3,30.8,61678
2014-07-03 00:00:00,30.5,31.0,30.3,31.0,69998
2014-07-02 00:00:00,30.1,30.5,30.1,30.4,47314
2014-07-01 00:00:00,30.0,30.2,29.7,29.9,92428
2014-06-30 00:00:00,29.9,30.0,29.7,30.0,36135
2014-06-27 00:00:00,30.0,30.0,29.7,29.7,39354
2014-06-26 00:00:00,29.9,30.3,29.7,29.9,61737
2014-06-25 00:00:00,29.9,30.2,29.5,30.0,88325
2014-06-24 00:00:00,30.0,30.2,29.7,29.8,29702
2014-06-23 00:00:00,30.0,30.2,29.7,30.2,53680
2014-06-20 00:00:00,,29.7,29.7,29.7,0
2014-06-19 00:00:00,29.3,30.0,29.3,29.7,102778
2014-06-18 00:00:00,29.5,29.5,28.5,29.3,108877
2014-06-17 00:00:00,29.7,29.9,29.1,29.5,108426
2014-06-16 00:00:00,30.5,30.6,29.3,29.8,131343
2014-06-13 00:00:00,31.1,31.1,30.2,30.7,113840
2014-06-12 00:00:00,31.5,31.5,31.1,31.4,53501
2014-06-11 00:00:00,31.5,31.6,31.2,31.4,70379
2014-06-10 00:00:00,31.4,31.5,31.3,31.5,359839
2014-06-09 00:00:00,31.0,31.4,30.9,31.4,129195
2014-06-06 00:00:00,,31.1,31.1,31.1,0
2014-06-05 00:00:00,30.9,31.2,30.7,31.1,107213
2014-06-04 00:00:00,30.8,31.1,30.7,30.9,433927
2014-06-03 00:00:00,30.6,30.6,29.8,30.0,85180
2014-06-02 00:00:00,30.6,30.8,30.4,30.4,66666
2014-05-30 00:00:00,30.8,30.8,30.3,30.8,95371
2014-05-28 00:00:00,30.8,31.0,30.5,30.8,32084
2014-05-27 00:00:00,30.9,31.0,30.5,30.9,44523
2014-05-26 00:00:00,30.8,31.0,30.7,30.8,22217
2014-05-23 00:00:00,31.0,31.0,30.5,30.9,39912
2014-05-22 00:00:00,30.9,31.2,30.8,30.9,63200
2014-05-21 00:00:00,31.1,31.2,30.7,30.9,44068
2014-05-20 00:00:00,30.7,31.5,30.6,31.0,113024
2014-05-19 00:00:00,30.1,30.5,30.1,30.5,239638
2014-05-16 00:00:00,29.9,30.1,29.8,30.0,485850
2014-05-15 00:00:00,29.7,29.9,29.6,29.8,146447
2014-05-14 00:00:00,29.7,29.9,29.7,29.7,71929
2014-05-13 00:00:00,29.8,30.0,29.6,29.8,131454
2014-05-12 00:00:00,29.8,29.9,29.6,29.8,162337
2014-05-09 00:00:00,29.8,29.8,29.1,29.7,139064
2014-05-08 00:00:00,29.6,29.8,29.4,29.8,92749
2014-05-07 00:00:00,29.2,29.5,29.1,29.4,94466
2014-05-06 00:00:00,29.5,29.5,29.1,29.1,124323
2014-05-05 00:00:00,28.8,29.4,28.8,29.3,225793
2014-05-02 00:00:00,28.8,28.9,28.7,28.8,99492
2014-05-01 00:00:00,,28.7,28.7,28.7,0
2014-04-30 00:00:00,28.5,28.7,28.3,28.7,77551
2014-04-29 00:00:00,28.4,28.8,28.4,28.5,91686
2014-04-28 00:00:00,28.4,28.5,28.2,28.4,135539
2014-04-25 00:00:00,28.5,28.5,27.9,28.2,125782
2014-04-24 00:00:00,28.3,28.9,28.3,28.8,177113
2014-04-23 00:00:00,28.2,28.3,28.0,28.3,68437
2014-04-22 00:00:00,28.1,28.1,27.8,28.0,81984
2014-04-17 00:00:00,27.7,27.7,27.4,27.6,21076
2014-04-16 00:00:00,27.2,27.5,27.2,27.5,62125
2014-04-15 00:00:00,27.6,27.7,27.0,27.2,61458
2014-04-14 00:00:00,27.7,27.7,27.3,27.6,73855
2014-04-11 00:00:00,27.8,28.0,27.5,27.7,103604
2014-04-10 00:00:00,28.2,28.2,27.8,28.0,96054
2014-04-09 00:00:00,28.0,28.1,27.8,28.1,69057
2014-04-08 00:00:00,27.7,27.9,27.6,27.9,39221
2014-04-07 00:00:00,27.9,28.0,27.6,27.7,79817
2014-04-04 00:00:00,27.9,28.0,27.7,28.0,36554
2014-04-03 00:00:00,27.7,28.0,27.6,28.0,145749
2014-04-02 00:00:00,27.5,28.0,27.5,27.8,101409
2014-04-01 00:00:00,27.5,27.7,27.4,27.6,48757
2014-03-31 00:00:00,27.3,27.6,27.0,27.5,101160
2014-03-28 00:00:00,27.7,27.7,27.2,27.2,108563
2014-03-27 00:00:00,27.7,27.8,27.5,27.7,31303
2014-03-26 00:00:00,27.8,28.0,27.5,27.6,53421
2014-03-25 00:00:00,27.7,27.8,27.6,27.8,24113
2014-03-24 00:00:00,28.2,28.2,27.5,27.8,47157
2014-03-21 00:00:00,27.6,28.0,27.6,28.0,32488
2014-03-20 00:00:00,28.0,28.0,27.6,27.6,101991
2014-03-19 00:00:00,27.4,28.1,27.4,28.0,76448
2014-03-18 00:00:00,27.4,27.4,27.2,27.4,59199
2014-03-17 00:00:00,27.2,27.6,27.1,27.4,55595
2014-03-14 00:00:00,27.1,27.4,26.8,27.4,79175
2014-03-13 00:00:00,27.4,27.5,27.2,27.4,59949
2014-03-12 00:00:00,27.7,27.7,27.2,27.4,70179
2014-03-11 00:00:00,27.7,27.9,27.3,27.6,71414
2014-03-10 00:00:00,27.4,27.7,27.4,27.7,30265
2014-03-07 00:00:00,27.6,27.7,27.4,27.5,37435
2014-03-06 00:00:00,27.6,27.7,27.4,27.6,80098
2014-03-05 00:00:00,27.7,27.8,27.4,27.5,62312
2014-03-04 00:00:00,27.4,27.7,27.4,27.6,200341
2014-03-03 00:00:00,27.9,27.9,27.4,27.6,142362
2014-02-28 00:00:00,28.1,28.4,28.0,28.4,99383
2014-02-27 00:00:00,28.3,28.4,27.9,28.1,115803
2014-02-26 00:00:00,28.0,28.3,28.0,28.3,203429
2014-02-25 00:00:00,28.2,28.4,27.8,28.0,54874
2014-02-24 00:00:00,28.0,28.2,27.8,28.1,133971
2014-02-21 00:00:00,28.7,28.7,27.7,28.3,155413
2014-02-20 00:00:00,28.6,28.9,28.5,28.7,48208
2014-02-19 00:00:00,28.6,28.9,28.2,28.7,40698
2014-02-18 00:00:00,28.6,28.8,28.4,28.5,16650
2014-02-17 00:00:00,28.9,28.9,28.4,28.6,46630
2014-02-14 00:00:00,27.9,28.4,27.8,28.4,56524
2014-02-13 00:00:00,28.2,28.3,27.8,27.9,30422
2014-02-12 00:00:00,27.9,28.3,27.9,28.2,80964
2014-02-11 00:00:00,27.3,27.8,27.3,27.8,64316
2014-02-10 00:00:00,27.2,27.7,27.0,27.3,72900
2014-02-07 00:00:00,27.2,27.2,27.0,27.0,26642
2014-02-06 00:00:00,26.9,27.4,26.9,27.3,50284
2014-02-05 00:00:00,26.6,26.9,26.4,26.9,25825
2014-02-04 00:00:00,26.1,26.7,26.0,26.5,67314
2014-02-03 00:00:00,26.7,26.7,26.2,26.3,93390
2014-01-31 00:00:00,27.0,27.0,26.6,26.7,43399
2014-01-30 00:00:00,26.4,26.8,26.4,26.8,25778
2014-01-29 00:00:00,26.7,26.9,26.4,26.5,54667
2014-01-28 00:00:00,26.6,26.8,26.5,26.7,33812
2014-01-27 00:00:00,26.7,26.8,26.1,26.7,66294
2014-01-24 00:00:00,26.9,27.0,26.6,26.8,68042
2014-01-23 00:00:00,26.9,27.1,26.7,26.9,64824
2014-01-22 00:00:00,27.0,27.1,26.8,26.9,64200
2014-01-21 00:00:00,27.1,27.1,26.9,27.0,49793
2014-01-20 00:00:00,26.9,27.1,26.6,27.1,62975
2014-01-17 00:00:00,26.7,27.0,26.7,27.0,44815
2014-01-16 00:00:00,27.0,27.0,26.6,26.9,57388
2014-01-15 00:00:00,26.3,27.0,26.3,27.0,85649
2014-01-14 00:00:00,26.4,26.5,26.3,26.5,50541
2014-01-13 00:00:00,26.5,26.6,26.4,26.6,27297
2014-01-10 00:00:00,26.4,26.6,26.4,26.6,40658
2014-01-09 00:00:00,26.3,26.4,26.0,26.4,100578
2014-01-08 00:00:00,26.1,26.4,26.1,26.3,48566
2014-01-07 00:00:00,26.0,26.3,25.8,26.3,80954
2014-01-06 00:00:00,,26.1,26.1,26.1,0
2014-01-03 00:00:00,26.0,26.2,25.9,26.1,94992
2014-01-02 00:00:00,26.0,26.2,25.8,26.2,88543
2013-12-31 00:00:00,,26.0,26.0,26.0,0
2013-12-30 00:00:00,26.0,26.0,25.6,26.0,176257
2013-12-27 00:00:00,25.7,26.1,25.7,26.0,209288
2013-12-23 00:00:00,25.7,25.8,25.4,25.7,93316
2013-12-20 00:00:00,25.4,25.7,25.3,25.6,79006
2013-12-19 00:00:00,25.5,25.7,25.3,25.6,110193
2013-12-18 00:00:00,25.4,25.6,25.3,25.5,58939
2013-12-17 00:00:00,25.5,25.7,25.4,25.4,28964
2013-12-16 00:00:00,25.4,25.7,25.4,25.7,42166
2013-12-13 00:00:00,25.5,25.7,25.3,25.6,54191
2013-12-12 00:00:00,25.6,25.7,25.4,25.6,17235
2013-12-11 00:00:00,25.6,25.7,25.4,25.7,43435
2013-12-10 00:00:00,25.7,25.7,25.5,25.7,47629
2013-12-09 00:00:00,25.8,25.9,25.5,25.7,80176
2013-12-06 00:00:00,25.6,25.8,25.5,25.8,18155
2013-12-05 00:00:00,25.6,25.9,25.4,25.6,74672
2013-12-04 00:00:00,25.9,25.9,25.6,25.9,39366
2013-12-03 00:00:00,26.1,26.1,25.6,25.8,45690
2013-12-02 00:00:00,26.0,26.1,25.8,26.0,52447
2013-11-29 00:00:00,25.9,26.0,25.8,26.0,79502
2013-11-28 00:00:00,25.2,25.8,25.2,25.8,48590
2013-11-27 00:00:00,25.3,25.4,25.2,25.4,43951
2013-11-26 00:00:00,25.6,25.6,25.2,25.2,77045
2013-11-25 00:00:00,25.9,26.0,25.4,25.5,88288
2013-11-22 00:00:00,25.5,25.9,25.3,25.9,64476
2013-11-21 00:00:00,25.7,25.8,25.1,25.5,131001
2013-11-20 00:00:00,25.9,26.2,25.7,25.9,46917
2013-11-19 00:00:00,26.1,26.2,25.5,25.9,93686
2013-11-18 00:00:00,25.9,26.4,25.9,26.1,98539
2013-11-15 00:00:00,25.3,26.0,25.0,25.9,163191
2013-11-14 00:00:00,25.3,25.3,25.0,25.2,72373
2013-11-13 00:00:00,25.4,25.5,25.0,25.3,92963
2013-11-12 00:00:00,24.8,25.5,24.8,25.3,230633
2013-11-11 00:00:00,25.0,25.1,24.7,25.0,70793
2013-11-08 00:00:00,24.9,25.1,24.7,25.0,36076
2013-11-07 00:00:00,24.7,25.1,24.6,25.1,159723
2013-11-06 00:00:00,24.7,25.0,24.5,24.7,85375
2013-11-05 00:00:00,24.6,24.8,24.5,24.7,69588
2013-11-04 00:00:00,24.7,25.0,24.7,24.7,47880
2013-11-01 00:00:00,25.0,25.1,24.7,25.1,13710
2013-10-31 00:00:00,24.8,25.1,23.7,25.1,100233
2013-10-30 00:00:00,24.9,25.0,24.9,25.0,33861
2013-10-29 00:00:00,25.0,25.2,24.7,25.0,65440
2013-10-28 00:00:00,25.3,25.3,24.8,25.1,96621
2013-10-25 00:00:00,25.1,25.4,24.9,25.3,95595
2013-10-24 00:00:00,25.4,25.5,25.2,25.3,46525
2013-10-23 00:00:00,25.5,25.5,25.2,25.5,21440
2013-10-22 00:00:00,25.4,25.5,25.2,25.5,32315
2013-10-21 00:00:00,24.8,25.4,24.8,25.3,70122
2013-10-18 00:00:00,24.9,25.2,24.7,25.0,64654
2013-10-17 00:00:00,24.8,25.0,24.8,24.9,59497
2013-10-16 00:00:00,24.5,24.9,24.5,24.8,58448
2013-10-15 00:00:00,24.9,25.1,24.5,24.7,114158
2013-10-14 00:00:00,24.7,24.7,24.4,24.7,23076
2013-10-11 00:00:00,24.5,24.9,24.5,24.9,105838
2013-10-10 00:00:00,24.2,24.8,24.2,24.6,73862
2013-10-09 00:00:00,24.8,24.8,23.7,24.2,56586
2013-10-08 00:00:00,24.0,24.9,23.8,24.8,1906261
2013-10-07 00:00:00,24.3,24.3,23.8,24.1,51353
2013-10-04 00:00:00,24.4,24.4,24.1,24.3,29364
2013-10-03 00:00:00,24.5,24.8,24.1,24.4,92039
2013-10-02 00:00:00,25.0,25.0,24.1,24.7,28899
2013-10-01 00:00:00,24.5,25.0,24.2,25.0,205821
2013-09-30 00:00:00,24.5,24.6,24.3,24.6,66919
2013-09-27 00:00:00,24.3,24.7,24.3,24.6,133446
2013-09-26 00:00:00,24.1,24.4,24.0,24.4,81727
2013-09-25 00:00:00,24.3,24.5,24.1,24.1,55020
2013-09-24 00:00:00,24.6,24.8,24.4,24.5,56496
2013-09-23 00:00:00,24.9,25.0,24.5,24.7,62850
2013-09-20 00:00:00,25.0,25.0,24.7,24.9,57829
2013-09-19 00:00:00,25.5,25.5,24.7,25.0,106633
2013-09-18 00:00:00,25.0,25.4,24.9,25.4,112129
2013-09-17 00:00:00,25.0,25.1,24.6,25.0,162102
2013-09-16 00:00:00,24.7,25.0,24.7,25.0,132459
2013-09-13 00:00:00,24.5,24.6,24.3,24.5,77138
2013-09-12 00:00:00,24.4,24.5,24.2,24.4,89523
2013-09-11 00:00:00,24.1,24.4,24.0,24.4,59591
2013-09-10 00:00:00,24.1,24.4,24.1,24.2,104285
2013-09-09 00:00:00,24.2,24.2,24.0,24.1,73868
2013-09-06 00:00:00,24.1,24.2,24.0,24.2,65573
2013-09-05 00:00:00,24.3,24.4,24.0,24.2,81929
2013-09-04 00:00:00,24.1,24.3,24.0,24.2,60693
2013-09-03 00:00:00,24.1,24.2,23.8,24.1,94156
2013-09-02 00:00:00,23.9,24.2,23.9,24.0,112100
2013-08-30 00:00:00,23.8,23.9,23.6,23.7,81199
2013-08-29 00:00:00,23.7,24.0,23.7,23.7,59932
2013-08-28 00:00:00,23.6,23.8,23.6,23.6,47381
2013-08-27 00:00:00,24.0,24.0,23.7,23.8,29954
2013-08-26 00:00:00,24.0,24.1,23.9,24.0,66521
2013-08-23 00:00:00,24.0,24.1,23.9,24.0,40665
2013-08-22 00:00:00,24.0,24.1,24.0,24.1,57106
2013-08-21 00:00:00,24.0,24.2,23.9,23.9,547897
2013-08-20 00:00:00,24.0,24.0,23.7,23.9,78371
2013-08-19 00:00:00,24.0,24.0,23.7,24.0,90687
2013-08-16 00:00:00,23.6,24.0,23.6,23.8,83287
2013-08-15 00:00:00,24.0,24.2,23.6,23.8,78843
2013-08-14 00:00:00,24.0,24.3,23.9,24.1,166857
2013-08-13 00:00:00,23.8,24.3,23.6,23.9,179871
2013-08-12 00:00:00,23.5,23.8,23.4,23.8,105273
2013-08-09 00:00:00,23.5,23.5,23.1,23.4,32757
2013-08-08 00:00:00,23.5,23.6,23.1,23.3,98726
2013-08-07 00:00:00,23.3,23.5,23.1,23.5,45858
2013-08-06 00:00:00,23.7,23.7,23.4,23.5,59716
2013-08-05 00:00:00,23.5,23.7,23.4,23.7,35934
2013-08-02 00:00:00,23.7,23.7,23.4,23.7,33027
2013-08-01 00:00:00,23.5,23.7,23.4,23.7,25593
2013-07-31 00:00:00,23.5,23.6,23.1,23.5,44329
2013-07-30 00:00:00,23.3,23.6,23.3,23.5,41550
2013-07-29 00:00:00,23.5,23.7,23.3,23.4,35545
2013-07-26 00:00:00,23.5,23.7,23.5,23.7,22617
2013-07-25 00:00:00,23.5,23.7,23.4,23.5,19628
2013-07-24 00:00:00,23.4,23.8,23.2,23.7,129306
2013-07-23 00:00:00,22.9,23.5,22.9,23.2,36551
2013-07-22 00:00:00,23.0,23.3,23.0,23.0,30740
2013-07-19 00:00:00,23.2,23.4,23.1,23.2,3907
2013-07-18 00:00:00,23.4,23.5,23.2,23.4,18920
2013-07-17 00:00:00,23.3,23.4,23.0,23.3,20034
2013-07-16 00:00:00,23.3,23.7,23.3,23.3,77701
2013-07-15 00:00:00,23.5,23.7,22.4,23.5,61093
2013-07-12 00:00:00,23.7,23.9,23.5,23.5,150937
2013-07-11 00:00:00,23.6,23.9,23.6,23.9,150514
2013-07-10 00:00:00,23.7,23.7,23.4,23.5,55140
2013-07-09 00:00:00,23.3,23.7,23.3,23.6,39855
2013-07-08 00:00:00,23.3,23.6,23.3,23.4,97443
2013-07-05 00:00:00,23.3,23.4,23.2,23.3,125157
2013-07-04 00:00:00,23.0,23.5,22.9,23.3,172581
2013-07-03 00:00:00,22.9,23.2,22.8,22.9,89098
2013-07-02 00:00:00,22.8,23.4,22.8,23.2,133752
2013-07-01 00:00:00,23.0,23.1,22.6,23.0,166748
2013-06-28 00:00:00,22.6,22.9,22.5,22.9,74955
2013-06-27 00:00:00,22.5,22.9,22.3,22.9,78108
2013-06-26 00:00:00,22.6,22.7,22.3,22.5,143161
2013-06-25 00:00:00,22.2,22.6,22.2,22.6,1568448
2013-06-24 00:00:00,22.7,22.7,22.0,22.2,117517
2013-06-21 00:00:00,,22.4,22.4,22.4,0
2013-06-20 00:00:00,22.7,22.8,22.2,22.4,162906
2013-06-19 00:00:00,23.0,23.1,22.8,23.1,117655
2013-06-18 00:00:00,23.0,23.1,22.9,23.0,114859
2013-06-17 00:00:00,22.8,23.2,22.7,23.2,135103
2013-06-14 00:00:00,23.0,23.1,22.8,22.8,112863
2013-06-13 00:00:00,22.7,22.9,22.6,22.9,133383
2013-06-12 00:00:00,23.2,23.2,22.9,23.0,58494
2013-06-11 00:00:00,23.3,23.3,22.9,23.1,84989
2013-06-10 00:00:00,23.5,23.5,23.1,23.4,73124
2013-06-07 00:00:00,23.6,23.7,23.0,23.5,80185
2013-06-06 00:00:00,,23.5,23.5,23.5,0
2013-06-05 00:00:00,23.5,23.7,22.8,23.5,132558
2013-06-04 00:00:00,24.0,24.0,23.7,23.8,170924
2013-06-03 00:00:00,23.6,23.9,23.2,23.9,174440
2013-05-31 00:00:00,23.9,24.0,23.8,23.9,133712
2013-05-30 00:00:00,23.8,24.1,23.8,24.0,629229
2013-05-29 00:00:00,23.8,24.0,23.8,24.0,88892
2013-05-28 00:00:00,24.1,24.1,23.9,24.1,144035
2013-05-27 00:00:00,23.6,24.1,23.6,24.1,85027
2013-05-24 00:00:00,23.9,23.9,23.6,23.9,153143
2013-05-23 00:00:00,23.6,23.8,23.3,23.8,232908
2013-05-22 00:00:00,23.8,24.0,23.6,23.9,247924
2013-05-21 00:00:00,24.0,24.0,23.8,24.0,155251
2013-05-20 00:00:00,23.9,24.2,23.7,24.0,160462
2013-05-17 00:00:00,23.7,23.9,23.7,23.9,38795
2013-05-16 00:00:00,23.9,23.9,23.7,23.7,84323
2013-05-15 00:00:00,23.7,23.9,23.7,23.9,80970
2013-05-14 00:00:00,23.7,23.8,23.6,23.8,127231
2013-05-13 00:00:00,23.8,23.8,23.6,23.8,105492
2013-05-10 00:00:00,23.7,23.9,23.5,23.8,197858
2013-05-09 00:00:00,,23.6,23.6,23.6,0
2013-05-08 00:00:00,23.2,23.9,23.2,23.6,244285
2013-05-07 00:00:00,22.8,23.7,22.8,23.6,235200
2013-05-06 00:00:00,22.4,22.8,22.4,22.8,252429
2013-05-03 00:00:00,22.5,22.7,22.3,22.5,206661
2013-05-02 00:00:00,22.6,22.8,22.4,22.7,360673
2013-05-01 00:00:00,,22.7,22.7,22.7,0
2013-04-30 00:00:00,22.9,22.9,22.2,22.7,52209
2013-04-29 00:00:00,22.4,23.0,22.1,22.4,250316
2013-04-26 00:00:00,22.3,22.5,22.2,22.4,266786
2013-04-25 00:00:00,22.4,22.5,22.0,22.2,257448
2013-04-24 00:00:00,22.3,22.4,21.7,22.0,1123645
2013-04-23 00:00:00,21.4,21.9,21.3,21.7,1101001
2013-04-22 00:00:00,21.8,22.3,21.6,21.8,172578
2013-04-19 00:00:00,21.6,22.1,21.5,21.7,99479
2013-04-18 00:00:00,21.6,21.9,21.6,21.7,134468
2013-04-17 00:00:00,22.1,22.2,21.6,21.8,130474
2013-04-16 00:00:00,22.1,22.3,21.7,22.0,408006
2013-04-15 00:00:00,22.7,22.7,22.2,22.3,73299
2013-04-12 00:00:00,23.0,23.4,22.5,22.6,80275
2013-04-11 00:00:00,22.9,23.5,22.9,23.0,217660
2013-04-10 00:00:00,22.2,22.9,22.2,22.8,268180
2013-04-09 00:00:00,22.1,22.6,22.1,22.2,184819
2013-04-08 00:00:00,22.5,22.5,22.2,22.3,43419
2013-04-05 00:00:00,22.6,22.6,22.2,22.4,168303
2013-04-04 00:00:00,23.0,23.0,22.6,22.6,121627
2013-04-03 00:00:00,23.0,23.0,22.7,22.8,83682
2013-04-02 00:00:00,23.2,23.2,22.8,22.9,56844
2013-04-01 00:00:00,,23.2,23.2,23.2,0
2013-03-29 00:00:00,23.2,23.2,23.2,23.2,131009
2013-03-28 00:00:00,23.2,23.3,23.0,23.2,131009
2013-03-27 00:00:00,23.2,23.3,23.0,23.2,131009
2013-03-26 00:00:00,23.1,23.2,22.9,23.2,131385
2013-03-25 00:00:00,23.1,23.3,23.0,23.1,77353
2013-03-22 00:00:00,23.0,23.0,22.9,23.0,66112
2013-03-21 00:00:00,23.2,23.4,22.8,23.1,113547
2013-03-20 00:00:00,22.9,23.4,22.9,23.2,242800
2013-03-19 00:00:00,23.2,23.2,22.8,22.9,189337
2013-03-18 00:00:00,23.5,23.6,23.1,23.2,321114
2013-03-15 00:00:00,23.8,24.0,23.6,23.6,129653
2013-03-14 00:00:00,23.6,24.1,23.6,24.1,263627
2013-03-13 00:00:00,23.7,23.9,23.6,23.8,69191
2013-03-12 00:00:00,24.0,24.2,23.8,23.9,66547
2013-03-11 00:00:00,24.1,24.2,23.9,24.0,54265
2013-03-08 00:00:00,24.2,24.4,24.2,24.3,91593
2013-03-07 00:00:00,24.4,24.4,24.1,24.4,28187
2013-03-06 00:00:00,24.5,24.6,24.2,24.4,143979
2013-03-05 00:00:00,24.2,24.5,24.2,24.4,49976
2013-03-04 00:00:00,24.4,24.4,24.1,24.3,42284
2013-03-01 00:00:00,24.6,24.9,24.0,24.5,80857
2013-02-28 00:00:00,24.5,24.8,24.2,24.6,127666
2013-02-27 00:00:00,24.3,24.4,23.9,24.4,60189
2013-02-26 00:00:00,23.9,24.3,23.8,24.3,54051
2013-02-25 00:00:00,24.4,24.5,24.0,24.3,89148
2013-02-22 00:00:00,25.3,25.3,23.7,24.5,424652
2013-02-21 00:00:00,24.2,25.5,24.2,25.5,81121
2013-02-20 00:00:00,24.7,24.9,24.6,24.9,42853
2013-02-19 00:00:00,24.1,24.7,24.0,24.7,109983
2013-02-18 00:00:00,24.0,24.1,23.9,24.1,56256
2013-02-15 00:00:00,23.9,23.9,23.6,23.9,131577
2013-02-14 00:00:00,24.0,24.0,23.7,23.9,29563
2013-02-13 00:00:00,24.0,24.0,23.6,24.0,28229
2013-02-12 00:00:00,23.9,23.9,23.6,23.8,116987
2013-02-11 00:00:00,23.8,24.0,23.8,24.0,21582
2013-02-08 00:00:00,23.8,24.1,23.8,24.0,51018
2013-02-07 00:00:00,23.7,24.0,23.7,24.0,130076
2013-02-06 00:00:00,23.7,23.8,23.5,23.8,135095
2013-02-05 00:00:00,23.5,23.8,23.4,23.6,57465
2013-02-04 00:00:00,23.9,23.9,23.5,23.7,66149
2013-02-01 00:00:00,23.5,23.9,23.2,23.9,55248
2013-01-31 00:00:00,23.5,23.5,23.2,23.5,39880
2013-01-30 00:00:00,23.9,23.9,22.9,23.5,85164
2013-01-29 00:00:00,23.4,23.9,23.3,23.7,23551
2013-01-28 00:00:00,23.9,23.9,23.5,23.9,73422
2013-01-25 00:00:00,23.6,23.7,23.1,23.7,155345
2013-01-24 00:00:00,23.4,23.5,23.3,23.5,32881
2013-01-23 00:00:00,23.7,23.8,23.4,23.6,32203
2013-01-22 00:00:00,23.7,23.7,23.4,23.7,38786
2013-01-21 00:00:00,23.4,23.6,23.3,23.6,55998
2013-01-18 00:00:00,23.6,23.7,23.5,23.7,47323
2013-01-17 00:00:00,23.4,23.7,22.8,23.6,93406
2013-01-16 00:00:00,23.7,23.8,23.5,23.7,65497
2013-01-15 00:00:00,23.8,23.8,23.6,23.8,97735
2013-01-14 00:00:00,23.6,23.8,23.5,23.7,177275
2013-01-11 00:00:00,23.1,23.5,23.1,23.5,91702
2013-01-10 00:00:00,23.3,23.4,23.2,23.4,79222
2013-01-09 00:00:00,23.0,23.3,22.6,23.2,186093
2013-01-08 00:00:00,22.5,23.0,22.5,23.0,63479
2013-01-07 00:00:00,22.7,22.7,22.3,22.7,30917
2013-01-04 00:00:00,22.6,22.8,22.4,22.7,93395
2013-01-03 00:00:00,22.1,22.6,22.1,22.5,26712
2013-01-02 00:00:00,22.8,22.8,22.4,22.5,40430
2013-01-01 00:00:00,,22.0,22.0,22.0,0
2012-12-31 00:00:00,,22.0,22.0,22.0,0
2012-12-28 00:00:00,21.8,22.1,21.3,22.0,261856
2012-12-27 00:00:00,21.6,22.1,21.1,21.9,191868
2012-12-26 00:00:00,,21.9,21.9,21.9,0
2012-12-25 00:00:00,,21.9,21.9,21.9,0
2012-12-24 00:00:00,,21.9,21.9,21.9,0
2012-12-21 00:00:00,22.3,22.3,21.6,21.9,96307
2012-12-20 00:00:00,22.1,22.1,21.8,22.1,97271
2012-12-19 00:00:00,21.8,22.3,21.6,22.3,244705
2012-12-18 00:00:00,21.8,22.0,21.7,21.8,42697
2012-12-17 00:00:00,21.6,21.9,21.4,21.9,58130
2012-12-14 00:00:00,21.2,21.7,21.2,21.6,83063
2012-12-13 00:00:00,21.7,21.9,21.1,21.1,166236
2012-12-12 00:00:00,21.5,22.0,21.5,21.8,269754
2012-12-11 00:00:00,21.3,21.6,21.3,21.6,176089
2012-12-10 00:00:00,21.3,21.7,21.3,21.4,61732
2012-12-07 00:00:00,21.7,21.7,21.4,21.5,50917
2012-12-06 00:00:00,21.6,21.7,21.5,21.7,45229
2012-12-05 00:00:00,21.8,21.8,21.5,21.5,28334
2012-12-04 00:00:00,21.8,21.8,21.6,21.6,30094
2012-12-03 00:00:00,21.6,21.8,21.4,21.6,76333
2012-11-30 00:00:00,21.7,21.7,21.5,21.7,57662
2012-11-29 00:00:00,21.1,21.8,21.1,21.7,61519
2012-11-28 00:00:00,21.2,21.7,21.0,21.7,27904
2012-11-27 00:00:00,21.7,21.8,21.0,21.4,73668
2012-11-26 00:00:00,21.4,22.0,21.4,21.8,22166
2012-11-23 00:00:00,21.8,22.0,21.2,22.0,56594
2012-11-22 00:00:00,22.0,22.0,21.5,22.0,71711
2012-11-21 00:00:00,22.0,22.0,21.6,22.0,1050404
2012-11-20 00:00:00,21.8,22.0,21.6,22.0,38503
2012-11-19 00:00:00,20.9,22.0,20.9,21.6,132493
2012-11-16 00:00:00,21.1,21.4,20.3,20.9,74924
2012-11-15 00:00:00,22.2,22.2,21.4,21.5,54679
2012-11-14 00:00:00,22.5,22.8,21.7,22.0,69704
2012-11-13 00:00:00,22.9,22.9,22.4,22.8,40202
2012-11-12 00:00:00,22.9,22.9,22.7,22.9,11410
2012-11-09 00:00:00,22.7,22.9,22.7,22.9,12897
2012-11-08 00:00:00,22.6,23.0,22.6,23.0,10167
2012-11-07 00:00:00,23.2,23.4,22.8,23.0,36987
2012-11-06 00:00:00,23.0,23.2,22.4,23.2,51672
2012-11-05 00:00:00,22.5,23.0,22.3,23.0,30460
2012-11-02 00:00:00,22.8,22.8,22.5,22.7,8924
2012-11-01 00:00:00,22.9,22.9,22.6,22.8,40055
2012-10-31 00:00:00,22.5,22.9,22.4,22.9,58871
2012-10-30 00:00:00,22.2,22.6,22.1,22.5,104452
2012-10-29 00:00:00,22.4,22.5,22.1,22.4,26008
2012-10-26 00:00:00,22.6,22.6,22.2,22.4,47201
2012-10-25 00:00:00,22.2,22.8,22.2,22.8,26192
2012-10-24 00:00:00,22.8,22.8,22.3,22.6,48809
2012-10-23 00:00:00,23.2,23.2,22.2,22.8,74082
2012-10-22 00:00:00,22.8,23.2,22.8,23.0,30012
2012-10-19 00:00:00,23.0,23.0,22.6,22.8,50284
2012-10-18 00:00:00,23.1,23.2,23.0,23.2,27869
2012-10-17 00:00:00,23.0,23.4,22.9,23.2,25741
2012-10-16 00:00:00,23.3,23.4,23.0,23.2,77499
2012-10-15 00:00:00,23.1,23.6,23.1,23.3,44620
2012-10-12 00:00:00,23.4,23.5,23.3,23.4,51461
2012-10-11 00:00:00,23.4,23.5,23.2,23.3,20907
2012-10-10 00:00:00,23.5,23.5,23.2,23.4,49099
2012-10-09 00:00:00,23.6,23.7,23.3,23.6,104233
2012-10-08 00:00:00,23.6,23.8,23.4,23.6,267432
2012-10-05 00:00:00,23.2,23.2,23.1,23.2,29256
2012-10-04 00:00:00,23.0,23.3,23.0,23.2,31859
2012-10-03 00:00:00,23.0,23.3,22.9,23.0,59159
2012-10-02 00:00:00,23.3,23.6,23.0,23.3,38713
2012-10-01 00:00:00,23.6,23.6,22.9,23.4,80891
2012-09-28 00:00:00,23.7,23.7,23.1,23.6,88682
2012-09-27 00:00:00,23.2,23.8,23.2,23.8,207474
2012-09-26 00:00:00,23.0,23.4,22.8,23.1,161835
2012-09-25 00:00:00,23.2,23.3,22.9,23.0,28912
2012-09-24 00:00:00,22.8,23.0,22.7,23.0,39950
2012-09-21 00:00:00,22.8,23.3,22.6,22.6,42158
2012-09-20 00:00:00,23.1,23.1,22.8,23.0,12997
2012-09-19 00:00:00,22.9,23.1,22.9,23.0,75087
2012-09-18 00:00:00,23.0,23.0,22.7,22.8,43831
2012-09-17 00:00:00,23.0,23.2,22.9,23.2,41099
2012-09-14 00:00:00,23.0,23.3,22.8,23.2,122889
2012-09-13 00:00:00,23.0,23.3,22.8,23.0,64988
2012-09-12 00:00:00,22.8,23.2,22.8,23.2,108499
2012-09-11 00:00:00,22.5,23.1,22.5,23.0,88471
2012-09-10 00:00:00,23.2,23.3,22.6,22.7,198808
2012-09-07 00:00:00,23.3,23.8,23.2,23.2,168387
2012-09-06 00:00:00,23.4,23.8,23.2,23.5,76103
2012-09-05 00:00:00,23.4,23.4,23.0,23.4,67757
2012-09-04 00:00:00,23.7,23.7,23.3,23.5,25706
2012-09-03 00:00:00,24.0,24.0,23.5,23.7,97089
2012-08-31 00:00:00,23.5,24.2,23.5,23.8,85215
2012-08-30 00:00:00,23.6,23.7,23.3,23.5,71985
2012-08-29 00:00:00,23.9,24.0,23.6,23.8,49307
2012-08-28 00:00:00,24.4,24.4,23.8,23.9,81181
2012-08-27 00:00:00,24.1,24.4,24.1,24.4,259853
2012-08-24 00:00:00,24.0,24.1,23.8,24.1,78957
2012-08-23 00:00:00,24.2,24.4,23.9,24.0,79730
2012-08-22 00:00:00,24.0,24.1,23.8,23.9,254907
2012-08-21 00:00:00,23.7,24.2,23.6,24.1,252623
2012-08-20 00:00:00,23.2,23.6,23.2,23.4,149763
2012-08-17 00:00:00,23.6,23.7,22.9,22.9,313154
2012-08-16 00:00:00,22.4,23.4,22.4,23.4,428818
2012-08-15 00:00:00,22.4,22.4,21.8,22.1,282465
2012-08-14 00:00:00,22.6,22.7,22.2,22.4,138828
2012-08-13 00:00:00,22.3,22.8,22.3,22.5,161082
2012-08-10 00:00:00,22.2,22.4,22.1,22.4,128200
2012-08-09 00:00:00,22.1,22.5,22.0,22.2,62004
2012-08-08 00:00:00,22.4,22.4,22.0,22.3,42949
2012-08-07 00:00:00,22.5,22.6,22.1,22.4,74022
2012-08-06 00:00:00,22.0,22.5,22.0,22.4,140029
2012-08-03 00:00:00,22.2,22.2,21.8,22.0,66061
2012-08-02 00:00:00,22.0,22.3,21.9,22.1,92348
2012-08-01 00:00:00,22.3,22.4,22.0,22.3,59505
2012-07-31 00:00:00,22.5,22.5,22.2,22.3,97364
2012-07-30 00:00:00,22.4,22.8,22.4,22.5,115737
2012-07-27 00:00:00,22.2,22.4,21.9,22.4,165649
2012-07-26 00:00:00,22.0,22.3,21.9,22.1,56559
2012-07-25 00:00:00,22.0,22.2,21.9,22.0,43324
2012-07-24 00:00:00,22.4,22.4,21.9,22.0,98451
2012-07-23 00:00:00,22.6,22.6,22.2,22.4,58503
2012-07-20 00:00:00,22.9,23.2,22.6,22.7,134210
2012-07-19 00:00:00,23.2,23.4,22.9,23.1,599884
2012-07-18 00:00:00,23.9,24.0,23.1,23.5,94189
2012-07-17 00:00:00,23.9,24.0,23.7,23.9,116428
2012-07-16 00:00:00,24.0,24.0,23.8,23.9,20614
2012-07-13 00:00:00,24.1,24.1,23.5,24.0,51203
2012-07-12 00:00:00,24.0,24.0,23.8,23.9,52653
2012-07-11 00:00:00,24.1,24.2,23.8,24.0,65835
2012-07-10 00:00:00,23.6,24.3,23.6,24.1,95982
2012-07-09 00:00:00,23.5,23.9,23.5,23.9,67043
2012-07-06 00:00:00,23.9,23.9,23.7,23.9,43629
2012-07-05 00:00:00,23.7,24.0,23.5,23.9,87323
2012-07-04 00:00:00,23.9,23.9,23.5,23.9,105905
2012-07-03 00:00:00,23.4,24.0,23.0,24.0,165594
2012-07-02 00:00:00,23.1,23.6,23.0,23.1,142755
2012-06-29 00:00:00,22.6,23.2,22.6,23.1,99739
2012-06-28 00:00:00,22.1,22.7,22.1,22.7,218966
2012-06-27 00:00:00,22.1,22.4,22.0,22.0,54043
2012-06-26 00:00:00,22.4,22.5,22.0,22.1,62775
2012-06-25 00:00:00,22.3,22.4,22.0,22.1,90012
2012-06-22 00:00:00,,22.3,22.3,22.3,0
2012-06-21 00:00:00,22.4,22.7,22.0,22.3,128319
2012-06-20 00:00:00,21.7,22.7,21.7,22.5,221291
2012-06-19 00:00:00,21.3,21.9,21.3,21.7,209547
2012-06-18 00:00:00,21.8,22.4,21.4,21.5,132822
2012-06-15 00:00:00,21.5,21.8,21.3,21.6,322291
2012-06-14 00:00:00,21.6,21.8,21.4,21.6,64571
2012-06-13 00:00:00,21.7,21.9,21.5,21.6,69533
2012-06-12 00:00:00,21.7,21.8,21.3,21.7,94220
2012-06-11 00:00:00,22.2,22.5,22.0,22.0,94961
2012-06-08 00:00:00,22.0,22.1,21.9,22.1,462633
2012-06-07 00:00:00,22.0,22.1,21.8,22.1,211247
2012-06-06 00:00:00,,21.5,21.5,21.5,0
2012-06-05 00:00:00,21.8,22.0,21.3,21.5,110968
2012-06-04 00:00:00,21.2,21.5,20.5,21.5,132495
2012-06-01 00:00:00,22.0,22.0,21.2,21.3,308273
2012-05-31 00:00:00,22.0,22.0,21.6,21.8,135939
2012-05-30 00:00:00,22.0,22.0,21.7,21.8,90793
2012-05-29 00:00:00,22.0,22.1,21.8,21.9,73292
2012-05-28 00:00:00,21.8,22.2,21.7,21.9,102232
2012-05-25 00:00:00,21.9,22.0,21.8,21.8,20967
2012-05-24 00:00:00,22.0,22.1,21.6,22.0,579463
2012-05-23 00:00:00,21.5,22.2,21.5,21.7,70513
2012-05-22 00:00:00,22.1,22.4,22.1,22.3,64420
2012-05-21 00:00:00,21.9,22.2,21.7,22.1,696061
2012-05-18 00:00:00,22.2,22.2,21.4,21.6,110206
2012-05-17 00:00:00,,22.2,22.2,22.2,0
2012-05-16 00:00:00,22.3,22.3,22.1,22.2,89251
2012-05-15 00:00:00,22.7,22.7,22.3,22.4,38634
2012-05-14 00:00:00,21.9,22.5,21.9,22.5,107819
2012-05-11 00:00:00,22.6,22.7,22.2,22.4,149207
2012-05-10 00:00:00,22.4,22.6,22.4,22.6,156890
2012-05-09 00:00:00,22.2,22.5,22.2,22.2,195219
2012-05-08 00:00:00,22.1,22.4,22.0,22.2,226468
2012-05-07 00:00:00,21.8,22.3,21.3,22.1,151556
2012-05-04 00:00:00,22.3,22.3,22.0,22.2,199608
2012-05-03 00:00:00,21.7,22.6,21.5,22.4,476200
2012-05-02 00:00:00,20.8,21.7,20.8,21.7,1080366
2012-05-01 00:00:00,,18.6,18.6,18.6,0
2012-04-30 00:00:00,18.4,18.6,18.1,18.6,48722
2012-04-27 00:00:00,18.1,18.4,18.1,18.4,84144
2012-04-26 00:00:00,18.1,18.6,18.1,18.5,55400
2012-04-25 00:00:00,18.1,18.5,17.9,18.5,56091
2012-04-24 00:00:00,17.9,18.0,17.7,17.9,37098
2012-04-23 00:00:00,17.9,17.9,17.4,17.8,76509
2012-04-20 00:00:00,17.8,18.1,17.8,18.0,31927
2012-04-19 00:00:00,18.4,18.6,17.9,18.1,49805
2012-04-18 00:00:00,18.0,18.2,17.7,18.0,90025
2012-04-17 00:00:00,17.5,18.1,17.4,18.0,496656
2012-04-16 00:00:00,17.5,17.6,17.0,17.5,539186
2012-04-13 00:00:00,17.5,17.9,17.4,17.5,101413
2012-04-12 00:00:00,17.4,17.6,17.3,17.6,98571
2012-04-11 00:00:00,17.2,17.6,17.1,17.4,52610
2012-04-10 00:00:00,17.5,17.6,17.0,17.4,74857
2012-04-09 00:00:00,,17.6,17.6,17.6,0
2012-04-06 00:00:00,,17.6,17.6,17.6,0
2012-04-05 00:00:00,17.8,17.8,17.6,17.6,14199
2012-04-04 00:00:00,17.5,17.7,17.3,17.5,136729
2012-04-03 00:00:00,17.4,17.8,17.3,17.6,93046
2012-04-02 00:00:00,17.5,17.9,17.4,17.4,132986
2012-03-30 00:00:00,17.7,18.0,17.3,17.5,268550
2012-03-29 00:00:00,18.0,18.0,17.5,17.5,77670
2012-03-28 00:00:00,17.8,18.3,17.8,18.0,47098
2012-03-27 00:00:00,18.2,18.5,18.1,18.1,88158
2012-03-26 00:00:00,17.7,18.1,17.7,18.1,72173
2012-03-23 00:00:00,17.3,17.7,17.3,17.7,93865
2012-03-22 00:00:00,18.0,18.0,17.5,17.6,77420
2012-03-21 00:00:00,17.9,18.3,17.6,18.1,68825
2012-03-20 00:00:00,18.6,18.6,17.8,17.8,196682
2012-03-19 00:00:00,19.0,19.1,18.6,18.7,48359
2012-03-16 00:00:00,18.6,19.0,18.4,19.0,107979
2012-03-15 00:00:00,18.8,18.8,18.5,18.8,78334
2012-03-14 00:00:00,19.0,19.4,18.8,18.8,127247
2012-03-13 00:00:00,18.9,19.1,18.9,18.9,55321
2012-03-12 00:00:00,18.9,19.0,18.7,18.9,19241
2012-03-09 00:00:00,19.0,19.2,18.8,19.0,79191
2012-03-08 00:00:00,19.0,19.3,19.0,19.0,104687
2012-03-07 00:00:00,18.7,19.1,18.3,18.9,65599
2012-03-06 00:00:00,19.5,19.5,18.7,18.7,163895
2012-03-05 00:00:00,19.9,19.9,19.5,19.5,269691
2012-03-02 00:00:00,19.9,20.2,19.9,19.9,117439
2012-03-01 00:00:00,19.6,20.0,19.6,19.9,67671
2012-02-29 00:00:00,19.7,19.8,19.5,19.6,50478
2012-02-28 00:00:00,19.2,19.6,19.1,19.5,141330
2012-02-27 00:00:00,19.5,19.5,19.1,19.2,65124
2012-02-24 00:00:00,19.2,19.9,19.1,19.5,238759
2012-02-23 00:00:00,20.2,20.4,18.9,19.2,289927
2012-02-22 00:00:00,20.5,20.7,20.0,20.7,92463
2012-02-21 00:00:00,20.2,20.4,20.1,20.4,92534
2012-02-20 00:00:00,20.3,20.6,20.0,20.1,107660
2012-02-17 00:00:00,19.7,20.3,19.7,20.3,176397
2012-02-16 00:00:00,19.1,19.6,18.9,19.6,68392
2012-02-15 00:00:00,19.3,19.3,19.1,19.2,52420
2012-02-14 00:00:00,19.6,19.6,19.0,19.2,34162
2012-02-13 00:00:00,19.5,19.8,19.2,19.6,62344
2012-02-10 00:00:00,19.9,20.0,19.1,19.6,158985
2012-02-09 00:00:00,20.1,20.4,19.4,19.9,133562
2012-02-08 00:00:00,20.0,20.5,19.9,20.1,83220
2012-02-07 00:00:00,20.3,20.3,19.2,20.0,122400
2012-02-06 00:00:00,20.5,20.6,18.5,20.4,66326
2012-02-03 00:00:00,21.0,21.0,20.2,20.6,106784
2012-02-02 00:00:00,21.0,21.0,20.5,20.6,99882
2012-02-01 00:00:00,20.2,20.9,20.2,20.7,94906
2012-01-31 00:00:00,20.5,20.5,20.0,20.3,119049
2012-01-30 00:00:00,20.5,20.7,20.2,20.5,187883
2012-01-27 00:00:00,21.0,21.1,20.4,20.7,260339
2012-01-26 00:00:00,20.0,20.6,20.0,20.6,439542
2012-01-25 00:00:00,19.4,19.9,19.3,19.9,256444
2012-01-24 00:00:00,19.2,19.6,19.1,19.4,354853
2012-01-23 00:00:00,18.7,19.3,18.5,19.1,237202
2012-01-20 00:00:00,18.7,19.0,18.5,18.8,230018
2012-01-19 00:00:00,18.6,18.7,18.4,18.7,185987
2012-01-18 00:00:00,18.4,18.5,18.2,18.4,132440
2012-01-17 00:00:00,18.1,18.5,18.1,18.5,144421
2012-01-16 00:00:00,18.2,18.3,18.0,18.0,54540
2012-01-13 00:00:00,17.9,18.4,17.9,18.2,161772
2012-01-12 00:00:00,17.8,17.9,17.7,17.8,140786
2012-01-11 00:00:00,17.4,17.7,17.3,17.6,118315
2012-01-10 00:00:00,17.3,17.5,17.1,17.4,86327
2012-01-09 00:00:00,17.2,17.4,17.0,17.0,119804
2012-01-06 00:00:00,,17.0,17.0,17.0,0
2012-01-05 00:00:00,17.0,17.3,16.8,17.0,72613
2012-01-04 00:00:00,17.2,17.3,16.9,17.0,48671
2012-01-03 00:00:00,17.2,17.2,16.9,17.2,116675
2012-01-02 00:00:00,16.1,17.4,16.1,16.7,181001
2011-12-30 00:00:00,15.9,16.3,15.8,16.0,122163
2011-12-29 00:00:00,15.7,16.4,15.5,15.9,199573
2011-12-28 00:00:00,15.9,15.9,15.5,15.7,181116
2011-12-27 00:00:00,16.0,16.3,15.8,15.8,106703
2011-12-26 00:00:00,,16.2,16.2,16.2,0
2011-12-23 00:00:00,15.5,16.2,15.4,16.2,196698
2011-12-22 00:00:00,15.4,15.8,15.4,15.4,156104
2011-12-21 00:00:00,15.7,15.8,15.5,15.5,160408
2011-12-20 00:00:00,15.3,15.8,15.3,15.7,121136
2011-12-19 00:00:00,15.3,15.7,15.3,15.5,250357
2011-12-16 00:00:00,15.9,15.9,15.4,15.4,83079
2011-12-15 00:00:00,15.5,15.9,15.5,15.6,82712
2011-12-14 00:00:00,15.0,15.8,15.0,15.5,166405
2011-12-13 00:00:00,15.5,15.6,15.1,15.2,256788
2011-12-12 00:00:00,16.0,16.0,15.4,15.5,64021
2011-12-09 00:00:00,15.6,15.9,15.5,15.9,76564
2011-12-08 00:00:00,16.0,16.0,15.6,15.6,151576
2011-12-07 00:00:00,16.0,16.4,15.8,16.0,67566
2011-12-06 00:00:00,16.4,16.5,15.9,16.2,181949
2011-12-05 00:00:00,15.9,16.7,15.6,16.4,320375
2011-12-02 00:00:00,15.5,15.9,15.5,15.8,92843
2011-12-01 00:00:00,15.4,15.8,15.0,15.5,112378
2011-11-30 00:00:00,15.1,15.9,14.6,15.4,456072
2011-11-29 00:00:00,15.5,15.5,14.5,15.1,257291
2011-11-28 00:00:00,15.5,16.0,15.2,15.5,154097
2011-11-25 00:00:00,15.7,15.7,15.3,15.4,158049
2011-11-24 00:00:00,16.1,16.1,15.5,15.5,28779
2011-11-23 00:00:00,16.0,16.2,15.5,15.9,82443
2011-11-22 00:00:00,16.8,17.0,15.9,15.9,136171
2011-11-21 00:00:00,17.2,17.3,16.6,16.8,94150
2011-11-18 00:00:00,17.1,17.9,17.0,17.2,66459
2011-11-17 00:00:00,17.7,17.7,17.1,17.4,60016
2011-11-16 00:00:00,17.5,18.0,17.5,17.8,70062
2011-11-15 00:00:00,18.5,18.5,17.3,17.8,92391
2011-11-14 00:00:00,17.7,18.8,17.7,17.9,67289
2011-11-11 00:00:00,17.9,18.4,17.5,18.0,127091
2011-11-10 00:00:00,16.3,18.0,16.3,17.5,64082
2011-11-09 00:00:00,18.7,19.0,17.9,18.0,124470
2011-11-08 00:00:00,18.7,19.0,18.5,18.7,142489
2011-11-07 00:00:00,19.2,19.5,18.5,18.6,126695
2011-11-04 00:00:00,19.4,19.5,19.0,19.0,63148
2011-11-03 00:00:00,18.9,19.2,18.6,18.8,31961
2011-11-02 00:00:00,19.6,19.6,18.4,19.0,66748
2011-11-01 00:00:00,18.9,19.0,18.1,18.2,99940
2011-10-31 00:00:00,18.8,19.8,18.7,19.3,85585
2011-10-28 00:00:00,19.0,19.3,18.6,19.0,102207
2011-10-27 00:00:00,18.7,19.7,18.7,18.8,158711
2011-10-26 00:00:00,18.5,19.1,18.5,18.6,80487
2011-10-25 00:00:00,19.0,19.2,18.6,18.7,44641
2011-10-24 00:00:00,18.7,19.3,18.7,19.0,52741
2011-10-21 00:00:00,19.9,19.9,18.8,18.9,56436
2011-10-20 00:00:00,20.8,20.8,19.6,19.6,25471
2011-10-19 00:00:00,20.2,20.3,20.0,20.3,32728
2011-10-18 00:00:00,19.5,20.0,19.5,20.0,20918
2011-10-17 00:00:00,20.0,20.5,19.2,19.9,87574
2011-10-14 00:00:00,19.5,20.2,19.5,20.0,56289
2011-10-13 00:00:00,20.3,20.3,18.9,19.5,57633
2011-10-12 00:00:00,18.9,19.8,18.9,19.7,77089
2011-10-11 00:00:00,18.5,19.1,18.4,19.1,35219
2011-10-10 00:00:00,18.3,18.5,18.0,18.5,81474
2011-10-07 00:00:00,18.8,18.8,18.3,18.5,37679
2011-10-06 00:00:00,18.2,18.9,18.2,18.8,69340
2011-10-05 00:00:00,19.3,19.4,18.4,18.8,41654
2011-10-04 00:00:00,18.9,19.3,17.7,19.3,94471
2011-10-03 00:00:00,18.8,18.8,18.3,18.8,1628040
2011-09-30 00:00:00,19.0,19.2,18.2,19.0,38454
2011-09-29 00:00:00,18.9,19.5,18.1,19.2,62466
2011-09-28 00:00:00,,,,19.0,0
2011-09-27 00:00:00,18.5,19.0,18.5,19.0,22653
2011-09-26 00:00:00,18.5,19.1,18.1,18.2,66513
2011-09-23 00:00:00,18.3,19.5,16.9,18.7,140729
2011-09-22 00:00:00,18.9,18.9,18.2,18.6,52290
