Dates,Open,High,Low,Close,Volume
2017-09-08 00:00:00,27.6,27.8,27.5,27.6,28205
2017-09-07 00:00:00,27.9,28.0,27.2,27.9,25182
2017-09-06 00:00:00,27.5,28.0,27.4,27.7,19349
2017-09-04 00:00:00,28.0,28.0,27.5,27.5,19267
2017-09-01 00:00:00,28.3,28.5,27.8,28.0,36960
2017-08-31 00:00:00,28.0,28.9,27.7,28.8,14726
2017-08-30 00:00:00,28.3,28.5,28.3,28.5,4110
2017-08-29 00:00:00,29.0,29.0,28.2,28.6,26948
2017-08-28 00:00:00,28.8,29.0,28.4,29.0,9297
2017-08-25 00:00:00,28.5,28.9,28.5,28.6,10751
2017-08-24 00:00:00,28.8,28.8,28.4,28.8,3504
2017-08-23 00:00:00,28.9,29.4,28.8,28.8,37895
2017-08-22 00:00:00,29.6,29.6,28.9,29.3,13357
2017-08-21 00:00:00,28.4,29.3,28.1,29.3,22765
2017-08-18 00:00:00,28.6,29.1,28.5,29.1,27901
2017-08-17 00:00:00,30.0,30.0,28.6,29.4,25156
2017-08-16 00:00:00,30.4,30.4,28.6,30.3,20566
2017-08-15 00:00:00,30.2,30.4,30.0,30.4,14766
2017-08-14 00:00:00,29.6,30.0,28.6,30.0,21052
2017-08-11 00:00:00,29.0,30.9,29.0,30.4,29923
2017-08-10 00:00:00,29.1,29.8,29.1,29.8,24391
2017-08-09 00:00:00,29.7,29.8,28.7,29.7,21764
2017-08-08 00:00:00,29.0,29.7,28.7,29.7,30764
2017-08-07 00:00:00,29.0,30.2,28.2,28.7,58554
2017-08-04 00:00:00,29.2,29.7,28.8,29.3,74692
2017-08-03 00:00:00,30.9,30.9,28.4,30.2,63724
2017-08-02 00:00:00,31.0,31.5,26.0,31.0,125268
2017-08-01 00:00:00,30.3,31.5,30.3,31.0,80943
2017-07-31 00:00:00,31.0,31.0,30.5,30.9,41509
2017-07-28 00:00:00,31.0,31.5,30.6,31.4,43906
2017-07-27 00:00:00,30.4,30.7,30.1,30.7,24382
2017-07-26 00:00:00,30.0,30.0,29.5,30.0,26362
2017-07-25 00:00:00,29.4,30.0,29.4,30.0,32992
2017-07-24 00:00:00,30.0,30.1,29.4,30.0,45919
2017-07-21 00:00:00,29.5,30.2,29.5,30.2,32319
2017-07-20 00:00:00,29.7,30.5,29.6,30.4,15602
2017-07-19 00:00:00,30.2,30.5,29.0,30.5,51787
2017-07-18 00:00:00,30.7,30.7,30.4,30.7,13563
2017-07-17 00:00:00,31.0,31.2,30.6,31.1,60765
2017-07-14 00:00:00,31.3,31.3,30.8,31.3,20621
2017-07-13 00:00:00,31.0,31.5,30.4,31.3,31485
2017-07-12 00:00:00,31.8,31.8,30.0,31.5,40127
2017-07-11 00:00:00,31.3,31.8,31.3,31.8,17046
2017-07-10 00:00:00,32.0,32.0,31.8,31.8,29212
2017-07-07 00:00:00,31.9,32.0,31.8,32.0,30084
2017-07-06 00:00:00,31.8,32.0,31.4,31.9,36687
2017-07-05 00:00:00,31.8,31.9,31.0,31.8,19672
2017-07-04 00:00:00,32.0,32.0,30.9,31.5,16664
2017-07-03 00:00:00,31.5,32.2,31.2,32.0,11585
2017-06-30 00:00:00,30.3,32.5,30.0,31.5,30753
2017-06-29 00:00:00,31.2,31.5,30.0,30.3,19167
2017-06-28 00:00:00,30.7,31.9,29.6,31.5,73385
2017-06-27 00:00:00,31.8,32.0,30.7,30.7,71600
2017-06-26 00:00:00,31.9,32.0,30.5,31.5,67286
2017-06-23 00:00:00,,32.0,32.0,32.0,0
2017-06-22 00:00:00,31.9,32.5,31.7,32.0,46169
2017-06-21 00:00:00,32.0,32.2,31.5,32.0,63540
2017-06-20 00:00:00,31.5,32.8,31.1,32.0,55585
2017-06-19 00:00:00,32.5,32.5,31.3,32.0,68896
2017-06-16 00:00:00,31.0,32.4,30.1,32.4,87483
2017-06-15 00:00:00,30.7,31.5,30.5,31.0,157143
2017-06-14 00:00:00,30.7,30.7,30.0,30.5,34168
2017-06-13 00:00:00,30.9,30.9,30.0,30.7,54616
2017-06-12 00:00:00,31.0,31.0,30.6,31.0,71116
2017-06-09 00:00:00,30.1,31.0,30.0,31.0,67657
2017-06-08 00:00:00,30.4,30.4,29.7,30.0,25258
2017-06-07 00:00:00,30.2,30.5,29.8,30.4,87811
2017-06-06 00:00:00,,30.9,30.9,30.9,0
2017-06-05 00:00:00,30.4,30.9,30.0,30.9,61416
2017-06-02 00:00:00,29.7,30.6,29.7,30.6,34902
2017-06-01 00:00:00,30.0,30.0,29.7,30.0,77732
2017-05-31 00:00:00,30.4,30.4,30.0,30.4,56191
2017-05-30 00:00:00,30.2,30.5,30.0,30.5,52736
2017-05-29 00:00:00,30.2,30.4,30.2,30.4,36556
2017-05-26 00:00:00,30.7,30.7,29.7,30.0,26597
2017-05-24 00:00:00,30.5,30.9,29.6,30.9,113838
2017-05-23 00:00:00,30.3,30.6,29.5,30.5,120364
2017-05-22 00:00:00,30.1,30.5,29.5,30.5,47463
2017-05-19 00:00:00,29.7,30.1,29.6,30.1,47841
2017-05-18 00:00:00,29.3,29.8,29.0,29.7,131818
2017-05-17 00:00:00,29.3,30.0,29.0,29.4,46757
2017-05-16 00:00:00,28.4,29.0,28.4,29.0,528785
2017-05-15 00:00:00,29.8,29.8,28.6,28.9,27266
2017-05-12 00:00:00,29.5,29.1,29.1,29.1,644138
2017-05-11 00:00:00,29.6,29.8,28.4,29.5,56388
2017-05-10 00:00:00,29.9,30.0,29.3,29.6,39014
2017-05-09 00:00:00,29.0,30.4,28.9,30.0,33785
2017-05-08 00:00:00,29.9,30.2,29.2,29.5,101944
2017-05-05 00:00:00,28.7,30.2,28.5,29.9,132574
2017-05-04 00:00:00,28.0,30.0,28.0,28.5,689101
2017-05-03 00:00:00,27.1,28.0,26.5,28.0,474369
2017-05-02 00:00:00,26.4,27.2,26.4,27.0,71088
2017-05-01 00:00:00,,26.8,26.8,26.8,0
2017-04-28 00:00:00,26.0,27.0,25.8,26.8,14571
2017-04-27 00:00:00,25.7,26.8,25.7,26.8,28279
2017-04-26 00:00:00,26.7,26.7,26.2,26.6,7776
2017-04-25 00:00:00,27.0,27.1,26.2,26.5,17896
2017-04-24 00:00:00,26.4,27.2,26.4,27.0,138806
2017-04-21 00:00:00,26.8,27.3,26.2,26.8,23246
2017-04-20 00:00:00,27.8,27.8,27.3,27.5,34027
2017-04-19 00:00:00,27.9,27.9,27.3,27.9,41369
2017-04-18 00:00:00,27.4,27.9,27.3,27.9,20827
2017-04-13 00:00:00,27.9,27.9,27.1,27.5,1901
2017-04-12 00:00:00,27.9,28.0,27.0,28.0,25991
2017-04-11 00:00:00,27.5,28.0,27.5,28.0,24131
2017-04-10 00:00:00,27.5,28.0,27.4,27.8,65282
2017-04-07 00:00:00,27.5,28.0,26.6,28.0,65316
2017-04-06 00:00:00,26.8,27.5,26.4,27.5,74042
2017-04-05 00:00:00,25.6,26.6,25.0,26.6,116754
2017-04-04 00:00:00,24.7,25.5,24.2,25.5,39121
2017-04-03 00:00:00,23.6,24.7,23.2,24.7,72565
2017-03-31 00:00:00,23.3,23.6,23.0,23.6,229772
2017-03-30 00:00:00,23.4,23.6,23.4,23.6,109531
2017-03-29 00:00:00,23.9,23.9,23.6,23.6,1039
2017-03-28 00:00:00,23.5,23.5,23.0,23.5,24157
2017-03-27 00:00:00,23.8,23.8,23.5,23.6,9568
2017-03-24 00:00:00,23.4,23.8,22.6,23.8,20452
2017-03-23 00:00:00,23.5,24.3,23.5,24.2,17202
2017-03-22 00:00:00,23.8,24.2,23.2,24.1,17076
2017-03-21 00:00:00,24.4,24.4,23.3,24.0,26878
2017-03-20 00:00:00,25.0,25.0,24.1,24.6,23241
2017-03-17 00:00:00,25.0,25.4,24.7,25.0,5549
2017-03-16 00:00:00,25.1,25.2,24.9,25.0,20319
2017-03-15 00:00:00,24.9,26.1,24.9,25.2,44825
2017-03-14 00:00:00,25.1,25.1,24.7,25.1,10253
2017-03-13 00:00:00,24.5,25.3,24.5,25.0,2123996
2017-03-10 00:00:00,25.1,24.5,24.5,24.5,14999
2017-03-09 00:00:00,25.2,25.2,24.6,25.1,108979
2017-03-08 00:00:00,25.5,25.6,24.9,25.2,23030
2017-03-07 00:00:00,25.7,25.9,24.9,25.4,42211
2017-03-06 00:00:00,25.5,26.0,25.3,25.7,169071
2017-03-03 00:00:00,24.3,24.8,24.8,24.8,60446
2017-03-02 00:00:00,23.8,24.5,23.7,24.3,68982
2017-03-01 00:00:00,23.0,23.0,22.3,22.7,86696
2017-02-28 00:00:00,22.7,23.0,22.7,23.0,15685
2017-02-27 00:00:00,22.5,22.7,22.3,22.7,8518
2017-02-24 00:00:00,23.0,23.1,22.4,22.5,29016
2017-02-23 00:00:00,22.8,23.0,22.5,23.0,39350
2017-02-22 00:00:00,23.5,23.7,21.8,22.8,156777
2017-02-21 00:00:00,23.1,23.5,22.7,23.5,111702
2017-02-20 00:00:00,22.7,23.4,22.7,23.0,5563
2017-02-17 00:00:00,23.5,23.5,23.0,23.0,1955
2017-02-16 00:00:00,23.4,23.5,22.8,23.5,25410
2017-02-15 00:00:00,23.1,23.4,23.1,23.4,5712
2017-02-14 00:00:00,22.4,23.4,22.4,23.3,22819
2017-02-13 00:00:00,22.5,22.5,22.2,22.5,22979
2017-02-10 00:00:00,22.0,22.3,22.0,22.1,31748
2017-02-09 00:00:00,21.9,22.2,21.5,22.0,18263
2017-02-08 00:00:00,21.4,21.9,21.3,21.8,15756
2017-02-07 00:00:00,20.9,21.4,20.9,21.4,11292
2017-02-06 00:00:00,20.9,21.2,20.9,21.2,11499
2017-02-03 00:00:00,21.3,21.4,20.9,20.9,27673
2017-02-02 00:00:00,21.4,21.4,20.9,21.3,9576
2017-02-01 00:00:00,21.3,21.5,21.1,21.3,14572
2017-01-31 00:00:00,21.0,21.3,20.9,21.2,8689
2017-01-30 00:00:00,20.9,21.5,20.9,21.0,23951
2017-01-27 00:00:00,21.2,21.3,20.9,20.9,7590
2017-01-26 00:00:00,21.2,21.3,21.0,21.3,6686
2017-01-25 00:00:00,20.9,21.3,20.9,21.0,2643
2017-01-24 00:00:00,21.2,21.4,20.9,20.9,6269
2017-01-23 00:00:00,20.9,21.2,20.9,21.2,11895
2017-01-20 00:00:00,21.0,21.1,20.9,21.1,12438
2017-01-19 00:00:00,20.9,21.2,20.9,21.1,12419
2017-01-18 00:00:00,21.1,21.1,20.9,20.9,6048
2017-01-17 00:00:00,20.9,21.1,20.9,20.9,3073
2017-01-16 00:00:00,20.9,21.3,20.8,20.8,15223
2017-01-13 00:00:00,21.3,21.3,21.1,21.3,4502
2017-01-12 00:00:00,21.2,21.3,20.9,21.1,14063
2017-01-11 00:00:00,21.5,21.5,21.1,21.2,7126
2017-01-10 00:00:00,21.5,21.5,21.1,21.1,8037
2017-01-09 00:00:00,21.5,22.0,21.1,21.1,49315
2017-01-06 00:00:00,,21.6,21.6,21.6,0
2017-01-05 00:00:00,22.0,22.0,21.5,21.6,8659
2017-01-04 00:00:00,22.1,22.1,21.9,22.0,16459
2017-01-03 00:00:00,22.3,22.8,21.9,21.9,39581
2017-01-02 00:00:00,22.0,22.2,21.6,22.2,24998
2016-12-30 00:00:00,22.5,22.5,21.2,21.5,15787
2016-12-29 00:00:00,21.4,22.1,21.3,22.0,30579
2016-12-28 00:00:00,21.2,21.5,20.9,21.3,6382
2016-12-27 00:00:00,21.5,21.5,20.8,21.5,10101
2016-12-23 00:00:00,21.4,21.5,21.0,21.2,59916
2016-12-22 00:00:00,21.1,21.5,20.9,21.3,17708
2016-12-21 00:00:00,21.2,21.4,21.0,21.0,36216
2016-12-20 00:00:00,21.2,21.4,21.1,21.2,12042
2016-12-19 00:00:00,22.4,22.4,21.0,21.2,51506
2016-12-16 00:00:00,22.3,22.3,22.0,22.0,3220
2016-12-15 00:00:00,21.5,22.1,21.5,21.7,17339
2016-12-14 00:00:00,21.8,22.1,21.8,22.0,14893
2016-12-13 00:00:00,21.7,22.5,21.7,22.5,6201
2016-12-12 00:00:00,22.2,22.3,21.7,21.7,36353
2016-12-09 00:00:00,22.6,22.6,22.4,22.4,4883
2016-12-08 00:00:00,23.2,23.2,22.7,22.8,3445
2016-12-07 00:00:00,23.4,23.4,23.4,23.4,841
2016-12-06 00:00:00,23.1,23.3,23.1,23.3,2879
2016-12-05 00:00:00,22.9,23.7,22.7,23.7,21612
2016-12-02 00:00:00,23.6,23.9,23.3,23.3,12569
2016-12-01 00:00:00,24.1,24.5,23.6,23.6,54605
2016-11-30 00:00:00,23.6,24.3,23.4,23.4,5326
2016-11-29 00:00:00,23.3,23.6,23.3,23.6,1539
2016-11-28 00:00:00,24.1,24.5,22.9,22.9,10854
2016-11-25 00:00:00,24.1,24.1,23.5,24.1,10638
2016-11-24 00:00:00,22.7,23.8,22.7,23.8,9426
2016-11-23 00:00:00,22.8,23.5,22.8,23.4,5130
2016-11-22 00:00:00,23.0,23.1,23.0,23.1,1675
2016-11-21 00:00:00,22.1,23.0,22.1,23.0,8633
2016-11-18 00:00:00,22.6,22.6,22.0,22.0,1898
2016-11-17 00:00:00,22.4,23.3,22.0,22.6,11524
2016-11-16 00:00:00,21.8,22.4,21.7,22.4,6297
2016-11-15 00:00:00,22.2,22.2,21.9,22.1,7346
2016-11-14 00:00:00,22.8,22.9,22.5,22.6,14634
2016-11-11 00:00:00,22.4,22.9,22.4,22.6,6723
2016-11-10 00:00:00,21.6,22.4,21.6,22.1,122
2016-11-09 00:00:00,22.2,22.2,21.6,21.6,4847
2016-11-08 00:00:00,22.9,23.0,22.4,22.4,5716
2016-11-07 00:00:00,23.9,23.9,22.5,23.0,17136
2016-11-04 00:00:00,23.0,23.9,23.9,23.9,12829
2016-11-03 00:00:00,24.4,24.4,20.5,23.0,66583
2016-11-02 00:00:00,23.4,23.9,23.2,23.8,22094
2016-11-01 00:00:00,24.5,24.5,23.3,23.3,19896
2016-10-31 00:00:00,24.1,24.5,24.1,24.4,6511
2016-10-28 00:00:00,24.2,24.5,24.1,24.1,3793
2016-10-27 00:00:00,24.2,24.4,24.1,24.1,2176
2016-10-26 00:00:00,24.4,24.4,24.2,24.2,2363
2016-10-25 00:00:00,24.6,24.6,24.5,24.5,3200
2016-10-24 00:00:00,24.4,24.6,24.4,24.6,12052
2016-10-21 00:00:00,24.1,24.7,24.1,24.6,69
2016-10-20 00:00:00,24.1,24.8,24.1,24.8,14121
2016-10-19 00:00:00,24.3,24.4,24.1,24.2,3797
2016-10-18 00:00:00,25.0,25.0,24.5,24.5,1701
2016-10-17 00:00:00,24.6,24.9,24.4,24.4,6641
2016-10-14 00:00:00,24.3,24.6,24.3,24.3,5842
2016-10-13 00:00:00,24.5,24.7,24.5,24.7,2478
2016-10-12 00:00:00,25.0,25.0,24.7,24.7,14893
2016-10-11 00:00:00,24.9,25.2,24.9,25.0,9114
2016-10-10 00:00:00,25.5,25.7,25.0,25.1,8055
2016-10-07 00:00:00,25.7,25.7,25.2,25.3,10157
2016-10-06 00:00:00,25.5,26.5,25.0,25.7,28626
2016-10-05 00:00:00,25.0,25.5,24.9,25.5,21100
2016-10-04 00:00:00,24.9,25.2,24.9,25.2,11903
2016-10-03 00:00:00,25.1,25.1,24.9,24.9,6679
2016-09-30 00:00:00,25.2,25.4,24.8,25.0,9229
2016-09-29 00:00:00,25.4,25.4,25.1,25.2,11177
2016-09-28 00:00:00,25.0,25.3,24.9,25.2,37329
2016-09-27 00:00:00,24.7,25.0,23.9,25.0,9663
2016-09-26 00:00:00,24.0,24.7,24.0,24.4,62500
2016-09-23 00:00:00,23.7,24.0,23.6,24.0,12793
2016-09-22 00:00:00,24.3,24.4,23.7,24.0,31635
2016-09-21 00:00:00,24.8,25.1,23.6,23.8,43407
2016-09-20 00:00:00,24.4,24.5,24.4,24.5,3895
2016-09-19 00:00:00,24.0,24.1,24.0,24.1,4618
2016-09-16 00:00:00,24.0,24.3,24.0,24.3,1268
2016-09-15 00:00:00,24.9,24.9,24.1,24.8,15460
2016-09-14 00:00:00,24.5,24.7,24.4,24.4,3681
2016-09-13 00:00:00,25.0,25.0,24.9,25.0,9964
2016-09-12 00:00:00,24.6,25.0,24.3,25.0,10309
2016-09-09 00:00:00,24.5,25.0,24.2,24.9,6774
2016-09-08 00:00:00,25.0,25.1,24.5,25.0,13888
2016-09-07 00:00:00,24.9,25.7,24.8,25.0,19228
2016-09-06 00:00:00,24.8,26.0,24.8,25.0,18124
2016-09-05 00:00:00,25.0,25.7,25.0,25.0,20963
2016-09-02 00:00:00,25.0,25.0,24.4,24.6,15493
2016-09-01 00:00:00,25.1,25.8,24.5,24.5,32727
2016-08-31 00:00:00,26.0,26.2,25.2,25.5,21300
2016-08-30 00:00:00,26.0,26.8,25.5,26.3,25406
2016-08-29 00:00:00,26.0,26.6,25.2,25.2,21110
2016-08-26 00:00:00,25.2,26.0,24.8,26.0,25866
2016-08-25 00:00:00,24.5,25.3,24.4,25.3,43004
2016-08-24 00:00:00,24.2,24.5,23.9,24.5,59705
2016-08-23 00:00:00,23.6,24.1,23.6,24.1,6909
2016-08-22 00:00:00,23.7,24.2,23.5,24.2,7979
2016-08-19 00:00:00,24.1,24.1,23.7,23.7,7067
2016-08-18 00:00:00,23.9,24.2,23.6,24.0,20301
2016-08-17 00:00:00,23.3,23.8,23.3,23.6,9314
2016-08-16 00:00:00,23.8,23.8,23.3,23.3,18851
2016-08-15 00:00:00,24.0,24.0,23.8,23.9,7975
2016-08-12 00:00:00,23.0,23.9,23.0,23.8,12427
2016-08-11 00:00:00,24.2,24.2,23.0,23.2,17267
2016-08-10 00:00:00,23.5,24.2,23.5,23.9,33368
2016-08-09 00:00:00,23.1,23.8,23.1,23.4,9493
2016-08-08 00:00:00,22.8,23.2,22.8,23.0,8009
2016-08-05 00:00:00,23.3,23.3,22.5,22.5,17191
2016-08-04 00:00:00,24.2,25.7,23.1,23.4,46651
2016-08-03 00:00:00,23.0,24.0,23.0,23.4,3846
2016-08-02 00:00:00,24.6,24.6,23.2,23.8,9625
2016-08-01 00:00:00,24.3,24.6,24.2,24.5,6738
2016-07-29 00:00:00,23.6,24.0,23.6,24.0,1556
2016-07-28 00:00:00,23.9,24.3,23.5,23.6,18476
2016-07-27 00:00:00,24.0,24.1,23.7,23.7,7608
2016-07-26 00:00:00,24.0,24.4,23.2,23.9,9164
2016-07-25 00:00:00,24.4,24.8,23.5,23.9,46539
2016-07-22 00:00:00,22.6,23.6,22.6,23.6,6203
2016-07-21 00:00:00,21.9,22.4,21.9,22.4,3693
2016-07-20 00:00:00,22.3,22.5,22.3,22.5,2864
2016-07-19 00:00:00,21.7,22.5,21.7,22.5,1873
2016-07-18 00:00:00,22.1,22.1,21.9,21.9,4402
2016-07-15 00:00:00,21.8,22.1,21.6,21.9,7734
2016-07-14 00:00:00,22.4,22.6,22.2,22.2,3864
2016-07-13 00:00:00,21.4,22.4,21.4,22.4,2754
2016-07-12 00:00:00,22.1,22.1,21.4,21.5,3905
2016-07-11 00:00:00,21.5,22.1,21.5,22.1,5295
2016-07-08 00:00:00,21.5,21.5,21.5,21.5,325
2016-07-07 00:00:00,21.5,21.6,21.0,21.2,1786
2016-07-06 00:00:00,21.7,21.7,21.1,21.3,1504
2016-07-05 00:00:00,22.0,22.0,21.2,21.2,9264
2016-07-04 00:00:00,22.0,22.1,20.0,20.6,10822
2016-07-01 00:00:00,22.5,23.1,22.1,22.1,7301
2016-06-30 00:00:00,22.4,22.8,22.2,22.3,11432
2016-06-29 00:00:00,22.3,22.9,22.0,22.9,17843
2016-06-28 00:00:00,22.1,22.6,22.0,22.0,29291
2016-06-27 00:00:00,21.6,22.1,21.0,21.1,14358
2016-06-24 00:00:00,,22.6,22.6,22.6,0
2016-06-23 00:00:00,22.5,22.6,22.0,22.6,6269
2016-06-22 00:00:00,22.4,22.7,22.4,22.7,2200
2016-06-21 00:00:00,22.1,22.4,21.9,22.4,1521
2016-06-20 00:00:00,21.5,22.4,21.5,22.2,5392
2016-06-17 00:00:00,21.5,21.6,21.3,21.5,5821
2016-06-16 00:00:00,21.6,21.6,21.0,21.3,162484
2016-06-15 00:00:00,21.2,22.1,21.2,21.7,10225
2016-06-14 00:00:00,21.9,23.2,21.2,21.2,41987
2016-06-13 00:00:00,21.9,22.4,21.7,22.0,7743
2016-06-10 00:00:00,22.7,22.8,22.4,22.5,11595
2016-06-09 00:00:00,23.0,23.0,22.7,23.0,2019
2016-06-08 00:00:00,23.3,23.3,23.2,23.2,9263
2016-06-07 00:00:00,23.4,23.4,22.5,22.6,12291
2016-06-06 00:00:00,,22.7,22.7,22.7,0
2016-06-03 00:00:00,23.0,23.4,22.7,22.7,9729
2016-06-02 00:00:00,24.0,24.0,23.3,23.3,6820
2016-06-01 00:00:00,22.8,24.3,22.8,23.6,9718
2016-05-31 00:00:00,22.9,23.0,22.9,22.9,6564
2016-05-30 00:00:00,23.2,23.4,23.1,23.1,2201
2016-05-27 00:00:00,23.7,23.7,22.9,23.1,4328
2016-05-26 00:00:00,23.9,23.9,23.5,23.6,9466
2016-05-25 00:00:00,24.8,24.8,23.6,23.9,5520
2016-05-24 00:00:00,24.0,24.7,23.8,24.7,14643
2016-05-23 00:00:00,23.6,24.0,23.5,24.0,9380
2016-05-20 00:00:00,23.0,23.3,22.7,23.2,3747
2016-05-19 00:00:00,22.0,23.2,22.0,23.0,21772
2016-05-18 00:00:00,21.8,21.9,21.2,21.6,15358
2016-05-17 00:00:00,20.5,21.8,20.2,20.8,2901832
2016-05-16 00:00:00,20.5,20.7,20.5,20.6,3015
2016-05-13 00:00:00,20.1,20.5,20.1,20.5,1714
2016-05-12 00:00:00,20.3,20.4,20.0,20.1,11280
2016-05-11 00:00:00,20.3,20.6,20.3,20.3,2598
2016-05-10 00:00:00,21.5,21.5,20.3,20.7,27270
2016-05-09 00:00:00,21.2,21.5,21.2,21.5,16235
2016-05-06 00:00:00,21.4,21.5,21.2,21.4,4345
2016-05-05 00:00:00,21.5,21.8,21.4,21.4,3272
2016-05-04 00:00:00,21.5,21.8,21.4,21.4,3272
2016-05-03 00:00:00,21.6,21.9,21.6,21.8,6865
2016-05-02 00:00:00,22.4,22.4,21.9,22.0,16728
2016-04-29 00:00:00,23.3,23.3,22.2,22.9,57221
2016-04-28 00:00:00,23.3,23.7,23.0,23.2,19360
2016-04-27 00:00:00,23.2,23.6,23.2,23.2,13605
2016-04-26 00:00:00,23.3,23.6,23.2,23.6,2910
2016-04-25 00:00:00,23.7,23.7,23.2,23.3,4954
2016-04-22 00:00:00,23.7,23.7,23.6,23.7,1456
2016-04-21 00:00:00,23.8,24.7,23.7,23.7,13124
2016-04-20 00:00:00,23.9,24.1,23.8,23.8,4589
2016-04-19 00:00:00,23.6,24.3,23.6,23.8,3399
2016-04-18 00:00:00,23.5,23.5,23.5,23.5,1105
2016-04-15 00:00:00,23.5,23.6,23.3,23.6,5834
2016-04-14 00:00:00,24.0,24.0,23.7,23.7,4547
2016-04-13 00:00:00,24.0,24.1,23.8,24.0,10919
2016-04-12 00:00:00,24.2,24.2,23.8,24.0,11920
2016-04-11 00:00:00,24.6,24.6,24.0,24.2,5109
2016-04-08 00:00:00,24.4,24.6,24.4,24.6,700
2016-04-07 00:00:00,24.2,24.6,24.2,24.5,2404
2016-04-06 00:00:00,24.3,24.7,24.1,24.7,4435
2016-04-05 00:00:00,,24.1,24.1,24.1,0
2016-04-04 00:00:00,24.0,24.5,24.0,24.1,8400
2016-04-01 00:00:00,24.3,24.4,24.0,24.0,15602
2016-03-31 00:00:00,24.0,24.6,24.0,24.5,8646
2016-03-30 00:00:00,24.1,24.1,24.0,24.1,30789
2016-03-29 00:00:00,24.1,25.0,24.1,24.3,9483
2016-03-28 00:00:00,24.0,24.9,24.1,24.1,7092
2016-03-25 00:00:00,24.0,24.9,24.0,24.1,7092
2016-03-24 00:00:00,24.0,24.9,24.0,24.1,7092
2016-03-23 00:00:00,25.1,25.1,24.4,24.4,3473
2016-03-22 00:00:00,24.5,24.5,24.5,24.5,2049
2016-03-21 00:00:00,25.0,25.0,24.7,24.7,2155
2016-03-18 00:00:00,25.0,25.0,25.0,25.0,1000
2016-03-17 00:00:00,25.0,25.5,25.0,25.5,2000
2016-03-16 00:00:00,24.9,25.6,24.9,25.6,380
2016-03-15 00:00:00,25.4,25.6,25.0,25.6,2740
2016-03-14 00:00:00,25.1,25.2,24.8,24.8,7488
2016-03-11 00:00:00,24.2,25.4,24.1,24.6,9128
2016-03-10 00:00:00,25.0,25.0,24.6,24.9,14779
2016-03-09 00:00:00,25.6,25.7,25.0,25.0,14663
2016-03-08 00:00:00,25.6,26.0,25.6,26.0,2432
2016-03-07 00:00:00,26.3,26.3,25.7,26.0,7779
2016-03-04 00:00:00,26.5,26.5,26.2,26.5,3143
2016-03-03 00:00:00,26.4,26.8,26.1,26.6,27331
2016-03-02 00:00:00,26.4,26.6,26.4,26.4,9743
2016-03-01 00:00:00,25.7,26.4,25.6,26.4,12155
2016-02-29 00:00:00,26.0,26.0,25.4,25.5,377090
2016-02-26 00:00:00,27.2,27.4,26.9,26.9,13839
2016-02-25 00:00:00,27.3,27.3,25.7,27.2,47890
2016-02-24 00:00:00,26.5,27.4,26.5,27.4,3230
2016-02-23 00:00:00,26.0,26.1,26.0,26.0,11139
2016-02-22 00:00:00,25.6,26.5,25.6,26.0,7140
2016-02-19 00:00:00,26.0,26.0,25.3,25.6,4798
2016-02-18 00:00:00,25.2,26.0,25.2,25.5,4687
2016-02-17 00:00:00,24.9,25.9,24.9,25.2,5898
2016-02-16 00:00:00,26.0,26.0,25.0,25.2,8221
2016-02-15 00:00:00,25.2,26.7,25.2,25.4,4722
2016-02-12 00:00:00,24.9,25.2,24.9,25.1,2775
2016-02-11 00:00:00,25.0,25.0,24.5,24.9,3700
2016-02-10 00:00:00,25.0,25.0,24.6,24.6,4648
2016-02-09 00:00:00,24.9,24.9,24.6,24.8,5172
2016-02-08 00:00:00,25.0,25.0,24.4,24.8,5964
2016-02-05 00:00:00,26.1,26.1,25.4,25.6,7246
2016-02-04 00:00:00,27.0,27.0,26.1,26.1,4192
2016-02-03 00:00:00,26.4,27.0,26.2,27.0,5395
2016-02-02 00:00:00,26.5,27.0,26.4,26.4,7581
2016-02-01 00:00:00,27.1,27.1,26.8,26.8,11736
2016-01-29 00:00:00,27.1,27.4,26.7,27.1,48938
2016-01-28 00:00:00,27.0,27.3,26.8,27.0,9747
2016-01-27 00:00:00,26.8,27.0,26.7,27.0,8766
2016-01-26 00:00:00,26.5,27.0,26.5,26.7,7490
2016-01-25 00:00:00,27.0,27.0,26.5,26.9,4479
2016-01-22 00:00:00,27.0,27.4,25.6,26.5,32027
2016-01-21 00:00:00,25.9,27.6,25.0,27.0,50493
2016-01-20 00:00:00,23.4,25.4,23.0,24.5,32880
2016-01-19 00:00:00,22.7,23.5,22.6,23.2,3029
2016-01-18 00:00:00,22.7,23.3,22.6,22.6,2348
2016-01-15 00:00:00,23.5,23.5,22.6,23.4,1020329
2016-01-14 00:00:00,24.9,24.9,23.5,23.6,20818
2016-01-13 00:00:00,24.7,24.9,24.7,24.9,11344
2016-01-12 00:00:00,24.5,24.7,24.3,24.7,4426
2016-01-11 00:00:00,24.4,25.2,24.4,24.8,323
2016-01-08 00:00:00,24.2,25.0,24.2,24.4,9194
2016-01-07 00:00:00,24.5,24.8,24.2,24.3,5458
2016-01-06 00:00:00,,24.8,24.8,24.8,0
2016-01-05 00:00:00,24.6,25.4,24.6,24.8,13130
2016-01-04 00:00:00,24.9,25.1,24.5,24.5,7025
2016-01-01 00:00:00,,24.9,24.9,24.9,0
2015-12-31 00:00:00,,24.9,24.9,24.9,0
2015-12-30 00:00:00,24.8,25.1,24.7,24.9,13340
2015-12-29 00:00:00,25.0,25.5,24.9,25.0,18629
2015-12-28 00:00:00,25.7,25.7,25.3,25.5,6847
2015-12-25 00:00:00,25.5,25.6,25.5,25.6,2029
2015-12-24 00:00:00,25.5,25.6,25.5,25.6,2029
2015-12-23 00:00:00,25.5,25.6,25.5,25.6,2029
2015-12-22 00:00:00,25.0,25.2,24.9,25.0,10092
2015-12-21 00:00:00,24.7,25.0,24.7,24.8,2022
2015-12-18 00:00:00,24.8,24.9,24.6,24.6,2556
2015-12-17 00:00:00,25.0,25.5,24.6,24.7,15489
2015-12-16 00:00:00,24.8,25.7,24.6,25.1,18878
2015-12-15 00:00:00,24.9,25.1,24.6,24.6,12644
2015-12-14 00:00:00,25.0,25.4,24.7,24.7,752
2015-12-11 00:00:00,25.1,25.2,24.7,24.7,1018627
2015-12-10 00:00:00,25.0,25.1,24.8,24.8,12062
2015-12-09 00:00:00,25.1,25.3,25.0,25.0,3830
2015-12-08 00:00:00,25.3,25.5,25.1,25.1,24336
2015-12-07 00:00:00,26.0,26.0,25.3,25.3,39612
2015-12-04 00:00:00,,25.6,25.6,25.6,0
2015-12-03 00:00:00,26.0,26.0,25.6,25.6,2000
2015-12-02 00:00:00,25.5,26.0,25.5,26.0,5586
2015-12-01 00:00:00,25.6,25.9,25.5,25.9,6363
2015-11-30 00:00:00,25.3,25.5,25.3,25.5,4017
2015-11-27 00:00:00,25.5,25.5,25.3,25.3,3897
2015-11-26 00:00:00,25.4,25.5,25.3,25.3,2760
2015-11-25 00:00:00,25.2,25.9,24.8,25.9,11670
2015-11-24 00:00:00,25.4,25.8,24.7,24.7,32811
2015-11-23 00:00:00,25.9,25.9,25.1,25.9,2308
2015-11-20 00:00:00,26.1,26.1,26.0,26.0,17618
2015-11-19 00:00:00,26.5,26.7,26.1,26.1,4700
2015-11-18 00:00:00,26.9,26.9,26.9,26.9,1601
2015-11-17 00:00:00,27.1,27.5,26.1,26.7,9313
2015-11-16 00:00:00,27.6,27.6,26.6,26.7,7940
2015-11-13 00:00:00,25.8,27.6,25.8,26.3,6697
2015-11-12 00:00:00,26.0,26.4,25.8,25.8,2816
2015-11-11 00:00:00,26.3,26.5,25.7,26.0,5581
2015-11-10 00:00:00,25.8,26.7,25.8,26.4,7907
2015-11-09 00:00:00,27.0,27.0,25.8,26.7,18691
2015-11-06 00:00:00,27.0,27.0,26.5,27.0,16458
2015-11-05 00:00:00,27.2,27.2,24.0,27.0,28334
2015-11-04 00:00:00,27.0,27.7,27.0,27.0,28436
2015-11-03 00:00:00,26.9,27.2,26.9,27.2,17924
2015-11-02 00:00:00,26.5,26.8,26.5,26.7,3807
2015-10-30 00:00:00,26.1,26.7,26.1,26.5,6360
2015-10-29 00:00:00,26.2,26.2,26.0,26.1,9286
2015-10-28 00:00:00,25.7,26.1,25.7,26.0,1321
2015-10-27 00:00:00,25.2,26.0,25.2,25.9,339778
2015-10-26 00:00:00,25.6,26.2,25.5,25.5,19674
2015-10-23 00:00:00,25.0,25.6,25.0,25.0,9069
2015-10-22 00:00:00,24.5,25.4,24.5,24.7,16825
2015-10-21 00:00:00,25.0,25.0,24.4,24.5,23391
2015-10-20 00:00:00,25.0,25.4,24.5,24.6,22479
2015-10-19 00:00:00,26.0,26.0,24.5,25.2,59977
2015-10-16 00:00:00,27.5,27.5,26.3,26.7,18353
2015-10-15 00:00:00,26.9,27.8,26.8,27.8,29627
2015-10-14 00:00:00,27.0,27.0,26.6,26.7,10400
2015-10-13 00:00:00,27.1,27.9,27.0,27.0,28789
2015-10-12 00:00:00,26.4,27.0,26.4,26.7,5728
2015-10-09 00:00:00,27.4,27.4,27.0,27.0,21605
2015-10-08 00:00:00,27.2,27.2,27.2,27.2,300
2015-10-07 00:00:00,28.0,28.0,27.5,27.5,2561
2015-10-06 00:00:00,27.2,28.0,27.1,28.0,13400
2015-10-05 00:00:00,28.0,28.0,27.9,28.0,23001
2015-10-02 00:00:00,27.9,28.0,27.5,28.0,50378
2015-10-01 00:00:00,27.6,27.7,27.0,27.7,1896
2015-09-30 00:00:00,28.0,28.0,26.3,26.7,15083
2015-09-29 00:00:00,27.5,28.0,27.4,28.0,37337
2015-09-28 00:00:00,26.7,26.9,26.4,26.5,22235
2015-09-25 00:00:00,26.8,27.4,26.5,26.5,5527
2015-09-24 00:00:00,27.5,27.5,26.8,26.8,19458
2015-09-23 00:00:00,26.6,27.5,26.6,27.5,22400
2015-09-22 00:00:00,27.2,27.2,26.8,26.8,15828
2015-09-21 00:00:00,27.3,27.5,27.3,27.3,5125
2015-09-18 00:00:00,27.1,27.5,27.0,27.0,11200
2015-09-17 00:00:00,,27.1,27.1,27.1,0
2015-09-16 00:00:00,27.1,27.1,27.1,27.1,300
2015-09-15 00:00:00,26.6,26.7,26.6,26.7,1600
2015-09-14 00:00:00,27.0,27.5,27.0,27.5,9376
2015-09-11 00:00:00,27.0,27.1,27.0,27.0,2500
2015-09-10 00:00:00,27.5,27.5,27.4,27.4,9115
2015-09-09 00:00:00,27.0,27.1,27.0,27.0,1835
2015-09-08 00:00:00,26.2,27.3,26.2,27.3,6200
2015-09-07 00:00:00,26.2,26.2,25.8,25.8,1721
2015-09-04 00:00:00,26.9,26.9,26.2,26.2,2001
2015-09-03 00:00:00,26.5,26.9,26.4,26.9,3176
2015-09-02 00:00:00,26.4,27.0,26.4,26.4,9586
2015-09-01 00:00:00,26.6,27.0,26.4,26.5,4081
2015-08-31 00:00:00,26.7,26.7,26.6,26.6,1836
2015-08-28 00:00:00,27.4,27.4,26.3,26.9,7887
2015-08-27 00:00:00,26.9,27.2,26.5,27.0,8200
2015-08-26 00:00:00,26.3,26.3,25.6,26.3,8005
2015-08-25 00:00:00,25.9,26.2,25.9,26.1,5719
2015-08-24 00:00:00,26.7,26.7,25.7,25.7,27453
2015-08-21 00:00:00,27.0,27.0,27.0,27.0,8758
2015-08-20 00:00:00,27.0,27.6,27.0,27.6,360
2015-08-19 00:00:00,27.1,27.1,27.0,27.0,2992
2015-08-18 00:00:00,28.0,28.0,27.0,27.0,19687
2015-08-17 00:00:00,28.0,28.0,28.0,28.0,290
2015-08-14 00:00:00,27.7,27.7,27.7,27.7,290
2015-08-13 00:00:00,28.2,28.2,27.6,27.8,5289
2015-08-12 00:00:00,28.4,28.5,27.6,28.5,17331
2015-08-11 00:00:00,27.7,29.4,27.7,28.9,18773
2015-08-10 00:00:00,27.3,28.0,27.3,27.8,1703
2015-08-07 00:00:00,27.5,27.6,27.4,27.4,12501
2015-08-06 00:00:00,27.7,28.5,27.6,27.6,7602
2015-08-05 00:00:00,28.0,29.0,27.6,27.6,24691
2015-08-04 00:00:00,27.5,28.0,27.3,27.9,3300
2015-08-03 00:00:00,27.7,27.8,27.3,27.5,12524
2015-07-31 00:00:00,27.9,28.0,27.9,27.9,4602
2015-07-30 00:00:00,27.9,27.9,27.8,27.8,770
2015-07-29 00:00:00,27.8,28.3,27.2,28.2,4968
2015-07-28 00:00:00,28.8,28.8,28.5,28.5,480
2015-07-27 00:00:00,27.8,28.4,27.8,28.3,6435
2015-07-24 00:00:00,,28.0,28.0,28.0,0
2015-07-23 00:00:00,28.0,28.0,28.0,28.0,800
2015-07-22 00:00:00,28.2,28.2,28.0,28.0,4399
2015-07-21 00:00:00,27.5,28.2,27.5,28.2,18614
2015-07-20 00:00:00,26.9,27.5,26.9,27.5,2800
2015-07-17 00:00:00,27.2,27.4,27.2,27.4,560
2015-07-16 00:00:00,27.5,27.6,27.1,27.6,1968
2015-07-15 00:00:00,27.6,27.6,27.6,27.6,532
2015-07-14 00:00:00,27.4,27.5,26.5,27.0,8435
2015-07-13 00:00:00,27.0,27.2,26.5,26.8,21775
2015-07-10 00:00:00,26.4,26.6,26.4,26.5,214
2015-07-09 00:00:00,26.4,26.5,26.4,26.4,17148
2015-07-08 00:00:00,27.1,27.3,26.5,26.5,4220
2015-07-07 00:00:00,27.4,27.4,26.4,26.4,2519
2015-07-06 00:00:00,26.8,27.3,26.8,27.3,2433
2015-07-03 00:00:00,27.1,27.1,27.1,27.1,200
2015-07-02 00:00:00,27.8,27.8,27.0,27.1,2020
2015-07-01 00:00:00,27.8,28.3,26.9,26.9,7341
2015-06-30 00:00:00,27.7,29.7,27.7,28.3,15743
2015-06-29 00:00:00,26.5,27.0,26.5,27.0,10749
2015-06-26 00:00:00,27.5,27.5,27.5,27.5,420
2015-06-25 00:00:00,27.2,27.5,27.0,27.5,7200
2015-06-24 00:00:00,28.0,28.0,27.7,27.7,371
2015-06-23 00:00:00,27.3,27.3,27.3,27.3,1187
2015-06-22 00:00:00,27.7,28.2,27.7,27.9,6585
2015-06-19 00:00:00,,26.5,26.5,26.5,0
2015-06-18 00:00:00,27.1,27.1,26.5,26.5,2127
2015-06-17 00:00:00,,27.0,27.0,27.0,0
2015-06-16 00:00:00,27.0,27.0,27.0,27.0,4710
2015-06-15 00:00:00,27.0,27.2,26.6,26.6,2304
2015-06-12 00:00:00,27.1,27.5,27.0,27.5,6457
2015-06-11 00:00:00,27.3,27.3,27.3,27.3,38
2015-06-10 00:00:00,27.3,27.5,27.3,27.4,3759
2015-06-09 00:00:00,27.2,27.8,27.2,27.8,3360
2015-06-08 00:00:00,27.2,27.9,27.0,27.9,12010
2015-06-05 00:00:00,27.8,27.8,27.8,27.8,1035
2015-06-04 00:00:00,27.2,28.4,27.1,28.4,11540
2015-06-03 00:00:00,28.3,28.3,28.0,28.0,2270
2015-06-02 00:00:00,27.7,28.5,27.7,28.4,13936
2015-06-01 00:00:00,27.5,27.5,27.5,27.5,2500
2015-05-29 00:00:00,27.5,27.5,27.0,27.3,6932
2015-05-28 00:00:00,27.0,27.5,27.0,27.5,11730
2015-05-27 00:00:00,27.7,28.4,27.7,28.0,4171
2015-05-26 00:00:00,28.4,28.4,27.7,27.7,175546
2015-05-25 00:00:00,,27.9,27.9,27.9,0
2015-05-22 00:00:00,28.0,28.5,27.5,27.9,13953
2015-05-21 00:00:00,27.0,27.7,26.9,27.7,2261
2015-05-20 00:00:00,27.4,27.9,26.8,27.0,34235
2015-05-19 00:00:00,27.9,27.9,27.7,27.9,7742
2015-05-18 00:00:00,27.8,28.0,27.7,27.9,6202
2015-05-15 00:00:00,27.3,27.3,26.9,26.9,9383
2015-05-14 00:00:00,26.5,27.0,26.5,27.0,4636
2015-05-13 00:00:00,26.5,27.0,26.5,27.0,4636
2015-05-12 00:00:00,26.7,26.8,26.4,26.8,7775
2015-05-11 00:00:00,26.1,27.0,26.1,27.0,1870
2015-05-08 00:00:00,26.2,26.9,26.1,26.6,10623
2015-05-07 00:00:00,27.3,27.3,26.0,26.9,22359
2015-05-06 00:00:00,27.0,28.2,26.6,27.3,23699
2015-05-05 00:00:00,27.9,28.0,27.9,28.0,11000
2015-05-04 00:00:00,27.7,27.7,27.1,27.5,13226
2015-05-01 00:00:00,27.9,28.1,27.6,27.6,3394
2015-04-30 00:00:00,27.9,28.1,27.6,27.6,3394
2015-04-29 00:00:00,28.5,28.5,27.7,27.7,15041
2015-04-28 00:00:00,28.8,28.8,28.0,28.2,13037
2015-04-27 00:00:00,28.8,28.8,28.0,28.3,10966
2015-04-24 00:00:00,29.0,29.0,27.9,27.9,9625
2015-04-23 00:00:00,28.9,29.0,28.9,29.0,400
2015-04-22 00:00:00,28.6,28.9,27.7,28.9,21268
2015-04-21 00:00:00,28.3,28.6,28.0,28.1,8903
2015-04-20 00:00:00,27.5,28.3,27.5,28.1,4630
2015-04-17 00:00:00,28.0,28.0,27.8,27.8,2700
2015-04-16 00:00:00,28.5,28.5,28.0,28.0,3280
2015-04-15 00:00:00,27.7,28.5,27.7,28.5,9757
2015-04-14 00:00:00,27.8,28.1,27.8,28.1,1730
2015-04-13 00:00:00,28.5,28.5,27.5,28.3,12021
2015-04-10 00:00:00,28.3,28.5,28.0,28.4,9455
2015-04-09 00:00:00,28.3,28.9,28.0,28.4,6644
2015-04-08 00:00:00,29.0,29.0,28.2,28.2,5596
2015-04-07 00:00:00,28.4,28.8,28.0,28.7,16270
2015-04-02 00:00:00,29.0,29.0,28.4,28.8,3190
2015-04-01 00:00:00,28.5,29.1,28.5,28.7,81616
2015-03-31 00:00:00,28.5,29.1,28.5,28.6,7447
2015-03-30 00:00:00,28.4,29.5,28.4,28.6,14160
2015-03-27 00:00:00,28.8,28.8,27.8,27.9,11411
2015-03-26 00:00:00,28.0,28.7,28.0,28.3,2771
2015-03-25 00:00:00,27.5,29.4,27.5,28.2,11301
2015-03-24 00:00:00,28.0,28.0,27.5,27.8,14185
2015-03-23 00:00:00,28.2,28.2,28.0,28.0,1950
2015-03-20 00:00:00,28.2,28.3,27.7,27.8,8693
2015-03-19 00:00:00,28.0,29.0,27.6,28.2,32726
2015-03-18 00:00:00,27.9,28.0,27.2,27.5,23334
2015-03-17 00:00:00,28.7,28.8,27.7,27.7,23092
2015-03-16 00:00:00,27.7,28.9,27.7,28.1,13066
2015-03-13 00:00:00,28.0,28.9,27.9,28.0,210152
2015-03-12 00:00:00,28.6,28.7,27.1,27.5,26146
2015-03-11 00:00:00,28.5,29.4,28.5,28.5,26493
2015-03-10 00:00:00,29.9,30.1,28.7,29.3,12938
2015-03-09 00:00:00,30.4,30.6,29.3,29.8,19169
2015-03-06 00:00:00,31.4,31.4,30.2,30.4,2025579
2015-03-05 00:00:00,31.0,32.6,30.6,31.4,22803
2015-03-04 00:00:00,31.5,31.5,30.0,30.5,24715
2015-03-03 00:00:00,34.0,34.0,31.5,31.5,835154
2015-03-02 00:00:00,32.0,33.5,32.0,33.5,40605
2015-02-27 00:00:00,30.0,32.5,30.0,31.5,64644
2015-02-26 00:00:00,29.5,32.0,28.5,30.0,82690
2015-02-25 00:00:00,27.0,30.5,27.0,30.0,34464
2015-02-24 00:00:00,28.8,32.5,28.8,30.5,75865
2015-02-23 00:00:00,28.3,29.5,27.6,27.6,29101
2015-02-20 00:00:00,28.5,28.7,24.5,28.1,32884
2015-02-19 00:00:00,29.5,29.5,28.3,28.6,16993
2015-02-18 00:00:00,29.0,29.3,29.0,29.0,11486
2015-02-17 00:00:00,29.3,29.7,29.1,29.6,21420
2015-02-16 00:00:00,28.1,30.3,28.1,29.3,31516
2015-02-13 00:00:00,31.4,31.5,29.4,30.0,35873
2015-02-12 00:00:00,29.5,31.1,29.5,30.2,19979
2015-02-11 00:00:00,29.7,31.0,28.8,30.1,18489
2015-02-10 00:00:00,28.3,29.7,28.3,29.0,19725
2015-02-09 00:00:00,27.5,28.3,27.5,28.3,17873
2015-02-06 00:00:00,27.4,27.5,27.0,27.5,4314
2015-02-05 00:00:00,26.7,27.4,26.7,27.4,19545
2015-02-04 00:00:00,27.2,27.2,26.9,26.9,13225
2015-02-03 00:00:00,27.1,27.5,27.0,27.0,5455
2015-02-02 00:00:00,27.5,28.4,27.0,27.0,4907
2015-01-30 00:00:00,27.2,27.8,27.2,27.8,2932
2015-01-29 00:00:00,27.5,27.5,27.5,27.5,100
2015-01-28 00:00:00,27.0,27.5,27.0,27.5,8637
2015-01-27 00:00:00,26.8,27.2,26.8,27.2,5793
2015-01-26 00:00:00,26.8,27.3,26.8,27.3,10643
2015-01-23 00:00:00,27.0,27.4,26.9,27.4,13529
2015-01-22 00:00:00,27.4,27.4,26.7,26.7,2702
2015-01-21 00:00:00,27.2,27.5,27.0,27.4,6842
2015-01-20 00:00:00,26.9,27.2,26.9,27.2,7562
2015-01-19 00:00:00,26.7,27.2,26.5,26.8,2396
2015-01-16 00:00:00,27.7,27.7,27.2,27.2,2020
2015-01-15 00:00:00,26.3,27.5,26.3,27.5,15247
2015-01-14 00:00:00,,26.0,26.0,26.0,0
2015-01-13 00:00:00,26.4,26.8,26.0,26.0,2702
2015-01-12 00:00:00,26.0,26.9,26.0,26.4,20361
2015-01-09 00:00:00,27.5,27.5,27.1,27.1,2922
2015-01-08 00:00:00,27.4,28.5,27.1,27.5,27504
2015-01-07 00:00:00,26.5,26.5,25.7,25.8,1804
2015-01-06 00:00:00,,26.7,26.7,26.7,0
2015-01-05 00:00:00,25.4,26.7,25.4,26.7,1638
2015-01-02 00:00:00,26.0,26.0,25.0,25.3,4041
2015-01-01 00:00:00,26.0,26.0,26.0,26.0,1210
2014-12-30 00:00:00,26.0,26.0,26.0,26.0,1210
2014-12-29 00:00:00,25.5,26.1,25.4,26.0,7631
2014-12-23 00:00:00,24.8,26.1,24.8,26.1,9430
2014-12-22 00:00:00,24.5,25.4,24.5,25.4,18388
2014-12-19 00:00:00,25.3,25.3,24.0,24.0,8941
2014-12-18 00:00:00,24.5,25.3,24.5,25.3,4924
2014-12-17 00:00:00,24.3,24.3,23.3,23.8,53432
2014-12-16 00:00:00,24.0,24.3,23.5,24.3,355237
2014-12-15 00:00:00,23.8,24.3,23.8,24.3,12035
2014-12-12 00:00:00,23.1,24.1,23.1,24.1,2392
2014-12-11 00:00:00,24.0,24.0,23.3,23.5,3494
2014-12-10 00:00:00,24.4,24.4,23.2,23.6,38380
2014-12-09 00:00:00,25.3,25.5,24.7,24.7,2019
2014-12-08 00:00:00,25.3,26.0,25.3,25.3,3454
2014-12-05 00:00:00,25.4,25.9,25.4,25.8,5101
2014-12-04 00:00:00,25.3,26.2,25.3,25.3,5352
2014-12-03 00:00:00,25.6,26.2,25.6,25.6,2428
2014-12-02 00:00:00,25.3,26.3,25.3,25.7,2305
2014-12-01 00:00:00,27.0,27.0,25.2,25.7,5123
2014-11-28 00:00:00,27.4,27.5,26.5,26.5,5624
2014-11-27 00:00:00,27.3,28.2,27.2,27.2,574340
2014-11-26 00:00:00,27.8,28.0,27.3,28.0,30900
2014-11-25 00:00:00,28.0,28.3,27.5,27.8,49830
2014-11-24 00:00:00,29.0,29.0,28.1,28.1,35701
2014-11-21 00:00:00,29.1,29.1,28.5,29.0,5043
2014-11-20 00:00:00,28.7,28.7,28.3,28.6,10048
2014-11-19 00:00:00,28.0,28.7,27.5,28.3,17910
2014-11-18 00:00:00,28.3,28.3,28.3,28.3,1800
2014-11-17 00:00:00,28.0,28.7,28.0,28.7,18684
2014-11-14 00:00:00,28.3,28.3,28.0,28.0,6200
2014-11-13 00:00:00,28.8,28.8,28.0,28.7,28934
2014-11-12 00:00:00,28.3,29.1,27.9,29.1,8806
2014-11-11 00:00:00,29.1,29.1,27.8,28.3,17502
2014-11-10 00:00:00,29.1,29.9,28.9,29.0,136129
2014-11-07 00:00:00,29.0,29.9,29.0,29.5,93297
2014-11-06 00:00:00,26.9,29.0,26.8,28.5,60519
2014-11-05 00:00:00,26.7,27.0,26.4,26.4,5570
2014-11-04 00:00:00,25.1,26.0,25.1,26.0,10234
2014-11-03 00:00:00,24.5,25.8,24.5,25.8,9748
2014-10-31 00:00:00,24.3,24.3,24.0,24.0,740
2014-10-30 00:00:00,25.0,25.0,23.4,23.4,4179
2014-10-29 00:00:00,24.1,24.6,24.1,24.2,1128
2014-10-28 00:00:00,24.7,24.7,24.5,24.5,950
2014-10-24 00:00:00,24.1,24.5,24.1,24.1,10285
2014-10-23 00:00:00,24.1,24.4,23.8,24.4,7240
2014-10-22 00:00:00,23.7,23.7,23.3,23.4,10605
2014-10-21 00:00:00,24.0,24.3,23.7,23.7,4803
2014-10-20 00:00:00,24.5,24.5,24.0,24.3,329404
2014-10-17 00:00:00,24.0,25.5,23.7,23.8,8720
2014-10-16 00:00:00,22.5,23.4,22.5,23.1,54228
2014-10-15 00:00:00,22.3,22.8,22.2,22.5,11855
2014-10-14 00:00:00,22.0,22.5,22.0,22.5,4549
2014-10-13 00:00:00,22.0,22.3,22.0,22.3,9730
2014-10-10 00:00:00,21.9,21.9,21.7,21.7,50810
2014-10-09 00:00:00,21.6,22.0,21.2,21.9,25067
2014-10-08 00:00:00,22.0,22.2,21.0,21.7,26293
2014-10-07 00:00:00,22.6,22.6,21.2,22.0,4922
2014-10-06 00:00:00,22.9,23.5,22.9,23.4,3251
2014-10-03 00:00:00,22.3,23.5,22.3,22.9,12372
2014-10-02 00:00:00,23.0,24.0,22.1,22.1,23851
2014-10-01 00:00:00,25.5,26.1,24.0,24.0,19864
2014-09-30 00:00:00,26.0,26.4,26.0,26.0,1657
2014-09-29 00:00:00,26.3,26.3,26.2,26.2,2651
2014-09-26 00:00:00,26.6,27.3,26.6,26.7,3646
2014-09-25 00:00:00,27.3,27.3,27.0,27.2,5609
2014-09-24 00:00:00,27.0,27.2,27.0,27.2,14700
2014-09-23 00:00:00,27.0,27.0,26.7,27.0,14703
2014-09-22 00:00:00,26.2,27.4,26.2,27.0,21322
2014-09-19 00:00:00,26.5,27.3,26.5,26.8,4195
2014-09-18 00:00:00,26.5,27.4,26.5,27.0,33256
2014-09-17 00:00:00,26.2,27.2,26.2,27.0,35155
2014-09-16 00:00:00,27.8,27.8,26.9,27.4,27776
2014-09-15 00:00:00,27.5,27.7,26.5,27.1,19474
2014-09-12 00:00:00,26.0,27.3,26.0,27.3,1020697
2014-09-11 00:00:00,22.5,22.5,21.8,22.0,22655
2014-09-10 00:00:00,22.6,22.9,22.5,22.9,17612
2014-09-09 00:00:00,24.0,24.0,22.6,23.5,31398
2014-09-08 00:00:00,25.0,25.0,24.0,24.5,8893
2014-09-05 00:00:00,25.5,25.6,25.0,25.0,9073
2014-09-04 00:00:00,25.0,25.5,25.0,25.5,13832
2014-09-03 00:00:00,24.7,25.0,23.9,25.0,192108
2014-09-02 00:00:00,24.9,25.0,24.3,24.9,13337
2014-09-01 00:00:00,25.5,25.5,24.9,24.9,8410
2014-08-29 00:00:00,25.7,26.7,24.3,25.3,45573
2014-08-28 00:00:00,26.0,26.0,25.5,25.8,7885
2014-08-27 00:00:00,25.0,25.8,25.0,25.8,10819
2014-08-26 00:00:00,24.0,25.8,23.6,25.0,68156
2014-08-25 00:00:00,24.5,24.5,24.1,24.5,8358
2014-08-22 00:00:00,24.0,24.5,24.0,24.5,9984
2014-08-21 00:00:00,23.2,24.5,23.2,24.0,106725
2014-08-20 00:00:00,24.5,24.5,22.5,23.3,87286
2014-08-19 00:00:00,24.0,24.5,22.8,24.4,71703
2014-08-18 00:00:00,24.9,24.9,24.0,24.0,27001
2014-08-15 00:00:00,25.0,25.3,24.5,24.5,16902
2014-08-14 00:00:00,24.7,25.0,24.5,25.0,59951
2014-08-13 00:00:00,24.7,25.4,24.5,24.5,149500
2014-08-12 00:00:00,24.1,25.0,24.0,24.7,58454
2014-08-11 00:00:00,25.0,25.0,22.8,24.6,199413
2014-08-08 00:00:00,27.4,28.2,25.6,25.9,276307
2014-08-07 00:00:00,32.0,32.0,26.0,27.4,580924
2014-08-06 00:00:00,36.0,37.9,34.4,37.9,73939
2014-08-05 00:00:00,36.0,36.8,36.0,36.3,14165
2014-08-04 00:00:00,35.6,36.0,35.4,36.0,11623
2014-08-01 00:00:00,36.5,36.5,35.3,35.6,11749
2014-07-31 00:00:00,36.5,36.5,35.8,36.4,11563
2014-07-30 00:00:00,36.5,36.5,35.3,36.3,7632
2014-07-29 00:00:00,35.3,36.4,35.3,35.6,14213
2014-07-28 00:00:00,35.8,35.8,35.1,35.3,21986
2014-07-25 00:00:00,36.3,36.7,35.4,35.9,30913
2014-07-24 00:00:00,37.0,37.1,36.3,36.3,27241
2014-07-23 00:00:00,36.5,37.0,36.5,37.0,19779
2014-07-22 00:00:00,37.2,37.4,36.1,36.1,28134
2014-07-21 00:00:00,37.0,37.3,36.8,37.0,29352
2014-07-18 00:00:00,36.4,36.9,36.1,36.7,28935
2014-07-17 00:00:00,37.1,37.1,36.5,37.0,13101
2014-07-16 00:00:00,36.5,37.0,36.0,37.0,17978
2014-07-15 00:00:00,37.0,37.4,36.5,36.6,22431
2014-07-14 00:00:00,36.0,37.3,35.7,37.0,30464
2014-07-11 00:00:00,35.9,36.5,35.7,35.7,8345
2014-07-10 00:00:00,36.5,36.9,35.5,35.9,26195
2014-07-09 00:00:00,37.5,37.7,36.6,36.6,24006
2014-07-08 00:00:00,38.1,38.1,36.3,37.0,86261
2014-07-07 00:00:00,39.0,39.0,37.0,37.9,232326
2014-07-04 00:00:00,34.9,39.0,34.0,39.0,238476
2014-07-03 00:00:00,34.4,34.9,34.4,34.9,55289
2014-07-02 00:00:00,33.9,34.2,33.7,34.2,39937
2014-07-01 00:00:00,33.7,33.9,33.7,33.8,26393
2014-06-30 00:00:00,33.6,33.9,33.6,33.7,40870
2014-06-27 00:00:00,33.0,33.9,32.9,33.6,36365
2014-06-26 00:00:00,32.7,33.0,32.4,33.0,18665
2014-06-25 00:00:00,32.3,32.7,32.0,32.5,12650
2014-06-24 00:00:00,31.9,32.7,31.9,32.0,79667
2014-06-23 00:00:00,32.8,33.0,32.3,32.3,56370
2014-06-20 00:00:00,,32.8,32.8,32.8,0
2014-06-19 00:00:00,33.0,33.0,32.7,32.8,37388
2014-06-18 00:00:00,33.2,33.3,32.7,32.7,18237
2014-06-17 00:00:00,32.3,33.7,32.2,32.9,70605
2014-06-16 00:00:00,31.5,31.8,31.1,31.3,158790
2014-06-13 00:00:00,31.7,32.1,31.7,31.9,26691
2014-06-12 00:00:00,32.3,32.4,31.5,31.5,31249
2014-06-11 00:00:00,33.0,33.2,32.9,33.0,20530
2014-06-10 00:00:00,33.0,33.1,32.1,32.1,14165
2014-06-09 00:00:00,32.7,33.1,32.0,33.0,22842
2014-06-06 00:00:00,,32.5,32.5,32.5,0
2014-06-05 00:00:00,32.7,32.7,31.5,32.5,11267
2014-06-04 00:00:00,32.5,32.7,32.0,32.3,20351
2014-06-03 00:00:00,33.3,33.3,32.6,33.0,126001
2014-06-02 00:00:00,33.8,33.9,33.0,33.2,13607
2014-05-30 00:00:00,33.9,33.9,32.8,33.8,49880
2014-05-28 00:00:00,32.7,34.4,32.7,33.9,1793783
2014-05-27 00:00:00,31.2,31.6,30.4,31.4,232084
2014-05-26 00:00:00,30.7,30.7,30.2,30.5,8776
2014-05-23 00:00:00,31.0,31.4,30.6,30.7,4954
2014-05-22 00:00:00,30.9,31.4,30.8,31.4,7401
2014-05-21 00:00:00,31.0,31.5,31.0,31.5,23452
2014-05-20 00:00:00,31.2,31.7,30.8,31.3,25792
2014-05-19 00:00:00,29.6,31.7,29.6,31.2,112981
2014-05-16 00:00:00,29.7,29.7,28.5,29.4,29138
2014-05-15 00:00:00,30.0,30.2,29.7,29.8,20543
2014-05-14 00:00:00,29.8,30.4,29.7,30.2,49805
2014-05-13 00:00:00,30.0,30.2,29.6,30.2,115516
2014-05-12 00:00:00,30.5,30.5,29.8,30.3,13476
2014-05-09 00:00:00,29.8,30.4,29.8,30.4,10395
2014-05-08 00:00:00,29.9,29.9,29.3,29.8,7599
2014-05-07 00:00:00,30.0,30.0,29.0,29.9,67248
2014-05-06 00:00:00,30.9,31.7,30.0,30.5,9984
2014-05-05 00:00:00,30.4,30.8,30.4,30.6,3553
2014-05-02 00:00:00,30.0,30.8,30.0,30.6,2666
2014-05-01 00:00:00,,30.7,30.7,30.7,0
2014-04-30 00:00:00,29.7,30.7,29.7,30.7,11383
2014-04-29 00:00:00,29.5,29.8,29.1,29.8,7671
2014-04-28 00:00:00,30.6,30.6,29.5,30.0,25612
2014-04-25 00:00:00,32.1,32.1,31.7,31.7,2900
2014-04-24 00:00:00,31.2,32.5,31.2,32.1,13021
2014-04-23 00:00:00,32.0,32.2,31.0,32.2,33430
2014-04-22 00:00:00,30.8,31.7,30.4,31.6,12361
2014-04-17 00:00:00,30.5,30.8,30.4,30.7,6564
2014-04-16 00:00:00,29.5,30.5,29.4,30.5,7398
2014-04-15 00:00:00,29.6,30.2,29.2,30.2,7322
2014-04-14 00:00:00,29.1,29.6,29.0,29.6,8554
2014-04-11 00:00:00,29.4,29.8,29.2,29.8,7857
2014-04-10 00:00:00,30.8,30.8,30.0,30.4,2017
2014-04-09 00:00:00,30.3,30.8,30.0,30.0,8283
2014-04-08 00:00:00,30.0,30.0,29.6,30.0,5744
2014-04-07 00:00:00,30.1,30.5,29.7,30.5,2699
2014-04-04 00:00:00,30.4,31.0,30.1,30.1,7849
2014-04-03 00:00:00,29.3,30.4,29.3,29.5,7685
2014-04-02 00:00:00,29.2,29.6,29.2,29.2,13760
2014-04-01 00:00:00,29.0,29.4,29.0,29.1,14092
2014-03-31 00:00:00,29.0,29.0,28.0,29.0,17378
2014-03-28 00:00:00,28.8,28.9,28.3,28.3,301919
2014-03-27 00:00:00,28.6,28.9,28.3,28.3,6294
2014-03-26 00:00:00,28.9,28.9,28.6,28.6,1981
2014-03-25 00:00:00,29.0,29.0,28.4,28.8,3731
2014-03-24 00:00:00,28.2,29.6,27.8,28.8,9264
2014-03-21 00:00:00,29.0,29.1,28.6,28.9,9630
2014-03-20 00:00:00,,29.7,29.7,29.7,0
2014-03-19 00:00:00,29.6,29.7,29.5,29.7,3603
2014-03-18 00:00:00,29.4,30.0,29.1,29.7,30859
2014-03-17 00:00:00,29.0,29.7,28.3,29.1,269357
2014-03-14 00:00:00,29.2,29.3,29.2,29.3,831
2014-03-13 00:00:00,29.2,29.7,29.2,29.3,7162
2014-03-12 00:00:00,30.0,30.0,29.5,29.6,2842
2014-03-11 00:00:00,30.1,30.1,29.3,29.9,9683
2014-03-10 00:00:00,30.7,30.7,30.0,30.1,5448
2014-03-07 00:00:00,29.5,29.8,29.4,29.5,5577
2014-03-06 00:00:00,29.1,30.0,29.1,29.3,25698
2014-03-05 00:00:00,30.0,30.0,29.1,30.0,31920
2014-03-04 00:00:00,28.7,30.0,28.6,30.0,42717
2014-03-03 00:00:00,31.4,31.4,28.4,29.0,58019
2014-02-28 00:00:00,31.5,31.7,31.4,31.4,19042
2014-02-27 00:00:00,32.6,32.6,30.8,31.6,25007
2014-02-26 00:00:00,33.5,35.6,32.5,32.6,37018
2014-02-25 00:00:00,33.5,33.6,32.7,33.4,23596
2014-02-24 00:00:00,33.0,34.0,32.7,33.4,10084
2014-02-21 00:00:00,32.1,32.5,32.1,32.5,5515
2014-02-20 00:00:00,31.6,32.3,31.5,32.3,3246
2014-02-19 00:00:00,32.0,32.3,32.0,32.3,1165
2014-02-18 00:00:00,32.0,32.3,32.0,32.3,4423
2014-02-17 00:00:00,32.0,32.7,32.0,32.5,2928
2014-02-14 00:00:00,31.5,32.2,30.9,32.0,46168
2014-02-13 00:00:00,31.0,31.7,31.0,31.5,6213
2014-02-12 00:00:00,32.0,32.3,31.5,31.5,33085
2014-02-11 00:00:00,31.0,31.5,30.8,31.5,18870
2014-02-10 00:00:00,31.1,31.1,31.0,31.0,6247
2014-02-07 00:00:00,31.4,31.5,31.1,31.1,8806
2014-02-06 00:00:00,31.5,31.5,30.5,31.4,18705
2014-02-05 00:00:00,29.6,30.3,29.6,30.3,24933
2014-02-04 00:00:00,30.6,30.7,30.0,30.0,28080
2014-02-03 00:00:00,31.5,31.5,30.8,31.0,43545
2014-01-31 00:00:00,30.7,31.5,30.4,31.5,42063
2014-01-30 00:00:00,30.0,30.7,29.6,30.5,29540
2014-01-29 00:00:00,30.4,30.5,29.7,29.7,22079
2014-01-28 00:00:00,30.2,30.2,29.6,30.0,18298
2014-01-27 00:00:00,29.1,30.2,29.1,30.0,17001
2014-01-24 00:00:00,30.5,30.6,29.6,29.6,61618
2014-01-23 00:00:00,30.5,30.5,30.1,30.5,18774
2014-01-22 00:00:00,30.5,30.8,30.4,30.5,34304
2014-01-21 00:00:00,30.6,30.7,30.5,30.5,8885
2014-01-20 00:00:00,30.8,31.0,30.5,30.6,37607
2014-01-17 00:00:00,30.8,31.3,30.6,30.8,45715
2014-01-16 00:00:00,32.4,32.5,30.6,30.8,19902
2014-01-15 00:00:00,32.6,32.6,32.1,32.6,29215
2014-01-14 00:00:00,33.2,33.3,32.3,32.6,21111
2014-01-13 00:00:00,33.5,33.8,33.1,33.1,6886
2014-01-10 00:00:00,33.4,33.4,32.8,33.1,2833
2014-01-09 00:00:00,32.7,33.8,32.7,33.4,10172
2014-01-08 00:00:00,32.0,33.5,31.8,33.0,22311
2014-01-07 00:00:00,32.0,32.5,31.7,31.8,14285
2014-01-06 00:00:00,,32.2,32.2,32.2,0
2014-01-03 00:00:00,32.0,32.2,31.7,32.2,2174
2014-01-02 00:00:00,31.4,31.9,31.4,31.8,6172
2013-12-31 00:00:00,,31.4,31.4,31.4,0
2013-12-30 00:00:00,31.3,31.5,31.0,31.4,7142
2013-12-27 00:00:00,31.5,31.5,31.1,31.2,5100
2013-12-23 00:00:00,30.9,31.5,30.7,31.4,5109
2013-12-20 00:00:00,30.5,31.4,30.5,30.7,20885
2013-12-19 00:00:00,30.8,31.0,30.5,30.7,4202
2013-12-18 00:00:00,31.0,31.0,30.5,30.5,4999
2013-12-17 00:00:00,30.5,30.9,30.5,30.7,10801
2013-12-16 00:00:00,30.6,30.6,30.5,30.5,29563
2013-12-13 00:00:00,31.4,31.5,30.6,30.6,14195
2013-12-12 00:00:00,31.0,31.4,30.6,31.4,16512
2013-12-11 00:00:00,30.5,31.5,30.5,31.0,4801
2013-12-10 00:00:00,32.1,32.3,30.0,30.7,55234
2013-12-09 00:00:00,31.7,32.0,31.2,31.2,24596
2013-12-06 00:00:00,31.2,31.7,31.0,31.6,28188
2013-12-05 00:00:00,31.3,31.3,31.0,31.1,12435
2013-12-04 00:00:00,31.0,31.2,31.0,31.0,10900
2013-12-03 00:00:00,31.0,31.1,30.5,31.0,21487
2013-12-02 00:00:00,31.0,31.0,30.5,30.5,19719
2013-11-29 00:00:00,30.9,31.0,30.5,30.7,42150
2013-11-28 00:00:00,31.5,31.5,30.5,31.1,33749
2013-11-27 00:00:00,30.5,31.1,30.2,31.1,62718
2013-11-26 00:00:00,30.0,30.4,29.6,30.0,32457
2013-11-25 00:00:00,30.0,30.2,30.0,30.1,23959
2013-11-22 00:00:00,30.7,30.8,30.0,30.0,49669
2013-11-21 00:00:00,31.5,31.5,29.8,30.5,27142
2013-11-20 00:00:00,30.4,31.2,30.0,30.7,137930
2013-11-19 00:00:00,30.0,30.4,30.0,30.1,9702
2013-11-18 00:00:00,30.0,30.2,29.6,30.0,59208
2013-11-15 00:00:00,30.1,30.1,29.1,29.5,45385
2013-11-14 00:00:00,30.5,31.0,30.1,30.2,18660
2013-11-13 00:00:00,30.4,30.5,30.0,30.5,61166
2013-11-12 00:00:00,31.0,31.2,30.3,30.5,180512
2013-11-11 00:00:00,32.0,32.0,30.1,31.0,76334
2013-11-08 00:00:00,33.4,33.4,31.7,31.9,148868
2013-11-07 00:00:00,36.0,36.0,34.0,34.5,142438
2013-11-06 00:00:00,35.8,36.2,35.4,36.0,114215
2013-11-05 00:00:00,35.0,36.4,34.4,35.4,102635
2013-11-04 00:00:00,33.5,34.5,33.5,34.5,114205
2013-11-01 00:00:00,33.5,33.5,33.0,33.0,1488
2013-10-31 00:00:00,33.5,33.8,33.0,33.3,29159
2013-10-30 00:00:00,33.5,33.8,32.9,33.4,18890
2013-10-29 00:00:00,32.5,33.8,32.2,33.8,56126
2013-10-28 00:00:00,33.2,33.6,33.2,33.4,20697
2013-10-25 00:00:00,33.6,33.6,33.0,33.5,8615
2013-10-24 00:00:00,33.2,34.0,33.2,33.7,45895
2013-10-23 00:00:00,33.3,33.5,33.2,33.2,7331
2013-10-22 00:00:00,33.2,33.5,33.2,33.4,11866
2013-10-21 00:00:00,34.3,34.3,33.4,33.4,34597
2013-10-18 00:00:00,34.6,35.0,34.0,34.4,19082
2013-10-17 00:00:00,35.0,35.0,34.0,34.9,78109
2013-10-16 00:00:00,34.0,35.0,33.2,35.0,14330
2013-10-15 00:00:00,34.9,35.0,34.0,34.2,30314
2013-10-14 00:00:00,34.0,34.9,33.5,34.9,53692
2013-10-11 00:00:00,33.5,34.0,33.0,33.8,54230
2013-10-10 00:00:00,32.0,33.4,32.0,32.5,40881
2013-10-09 00:00:00,32.5,32.8,31.4,32.8,58459
2013-10-08 00:00:00,32.8,33.2,32.3,33.0,31605
2013-10-07 00:00:00,32.8,32.9,32.4,32.6,46703
2013-10-04 00:00:00,33.0,33.1,32.4,32.8,64107
2013-10-03 00:00:00,33.5,33.9,32.3,33.1,249672
2013-10-02 00:00:00,32.6,33.0,31.9,32.5,54315
2013-10-01 00:00:00,31.0,33.5,31.0,32.5,118046
2013-09-30 00:00:00,31.5,31.6,30.7,31.3,23792
2013-09-27 00:00:00,31.0,31.8,30.9,31.1,59071
2013-09-26 00:00:00,31.0,31.5,30.8,31.0,328452
2013-09-25 00:00:00,31.0,31.0,30.8,31.0,10727
2013-09-24 00:00:00,31.2,31.5,30.2,31.0,447794
2013-09-23 00:00:00,32.5,33.2,31.3,31.3,58080
2013-09-20 00:00:00,32.3,33.0,32.3,33.0,54847
2013-09-19 00:00:00,32.0,33.0,31.8,33.0,141558
2013-09-18 00:00:00,32.0,32.5,31.0,31.7,87300
2013-09-17 00:00:00,30.6,32.3,29.9,32.0,170988
2013-09-16 00:00:00,30.0,30.2,29.5,29.9,35335
2013-09-13 00:00:00,29.5,31.0,29.5,30.0,101541
2013-09-12 00:00:00,30.0,30.2,28.9,29.5,79764
2013-09-11 00:00:00,28.9,30.0,28.9,29.7,133111
2013-09-10 00:00:00,28.1,29.0,27.5,29.0,35691
2013-09-09 00:00:00,27.8,28.2,27.5,28.1,22953
2013-09-06 00:00:00,27.6,28.0,27.5,27.9,17685
2013-09-05 00:00:00,28.2,28.2,27.8,27.8,10552
2013-09-04 00:00:00,28.0,28.2,27.7,27.7,31886
2013-09-03 00:00:00,28.3,28.5,27.8,27.8,54238
2013-09-02 00:00:00,28.6,28.7,28.1,28.3,49524
2013-08-30 00:00:00,27.4,29.0,27.4,28.2,262969
2013-08-29 00:00:00,27.5,28.0,27.0,27.0,149475
2013-08-28 00:00:00,28.1,28.4,27.6,28.0,44369
2013-08-27 00:00:00,28.4,28.4,28.0,28.1,11600
2013-08-26 00:00:00,28.3,29.4,28.1,28.5,16280
2013-08-23 00:00:00,28.1,29.2,28.0,28.5,39521
2013-08-22 00:00:00,27.5,28.8,27.5,28.7,27383
2013-08-21 00:00:00,27.5,27.8,27.5,27.8,3075
2013-08-20 00:00:00,27.5,27.7,27.4,27.7,14013
2013-08-19 00:00:00,28.0,28.0,27.6,27.7,77735
2013-08-16 00:00:00,27.6,28.1,27.6,28.1,9670
2013-08-15 00:00:00,27.9,28.0,27.5,27.8,26537
2013-08-14 00:00:00,28.2,28.5,27.2,27.5,51415
2013-08-13 00:00:00,29.8,29.9,28.1,28.5,61910
2013-08-12 00:00:00,27.3,30.2,27.2,30.0,184911
2013-08-09 00:00:00,27.1,27.6,26.1,27.6,78199
2013-08-08 00:00:00,22.2,27.2,22.1,27.2,281808
2013-08-07 00:00:00,22.6,23.1,22.5,22.9,31600
2013-08-06 00:00:00,23.3,23.9,22.8,22.8,16970
2013-08-05 00:00:00,22.6,23.9,22.6,23.6,57716
2013-08-02 00:00:00,21.7,23.3,21.7,23.0,101213
2013-08-01 00:00:00,23.3,23.5,23.2,23.3,13079
2013-07-31 00:00:00,23.2,24.5,22.5,23.2,14326
2013-07-30 00:00:00,24.2,25.0,23.6,23.6,27130
2013-07-29 00:00:00,25.1,25.2,24.5,24.5,4095
2013-07-26 00:00:00,25.2,25.2,25.1,25.1,1000
2013-07-25 00:00:00,25.7,25.7,25.2,25.2,3350
2013-07-24 00:00:00,25.0,25.1,25.0,25.1,3045
2013-07-23 00:00:00,25.2,25.8,25.2,25.2,3604
2013-07-22 00:00:00,26.0,26.0,25.2,25.4,11845
2013-07-19 00:00:00,25.9,25.9,25.4,25.4,1881
2013-07-18 00:00:00,25.5,25.5,25.4,25.4,1934
2013-07-17 00:00:00,25.5,26.1,25.5,25.5,4826
2013-07-16 00:00:00,26.0,26.0,26.0,26.0,10900
2013-07-15 00:00:00,25.5,26.0,25.5,25.5,7937
2013-07-12 00:00:00,25.2,26.5,25.0,26.2,4600
2013-07-11 00:00:00,24.1,25.5,24.1,25.4,31426
2013-07-10 00:00:00,24.0,25.0,24.0,24.2,6175
2013-07-09 00:00:00,24.5,24.5,23.8,24.0,7600
2013-07-08 00:00:00,24.3,25.0,23.7,24.0,35338
2013-07-05 00:00:00,25.8,25.8,24.8,25.3,17080
2013-07-04 00:00:00,25.4,25.4,25.4,25.4,300
2013-07-03 00:00:00,26.0,26.0,25.0,25.8,3850
2013-07-02 00:00:00,26.5,26.5,26.5,26.5,501
2013-07-01 00:00:00,26.9,28.9,26.6,26.6,3500
2013-06-28 00:00:00,26.0,26.9,26.0,26.9,2200
2013-06-27 00:00:00,26.1,26.9,25.2,26.8,29577
2013-06-26 00:00:00,26.1,26.1,26.0,26.0,1072
2013-06-25 00:00:00,26.2,26.4,26.0,26.0,10149
2013-06-24 00:00:00,25.5,26.0,24.8,26.0,10544
2013-06-21 00:00:00,,25.8,25.8,25.8,0
2013-06-20 00:00:00,25.8,25.8,25.1,25.8,69420
2013-06-19 00:00:00,,26.5,26.5,26.5,0
2013-06-18 00:00:00,26.0,26.5,26.0,26.5,10385
2013-06-17 00:00:00,26.1,26.1,26.1,26.1,12727
2013-06-14 00:00:00,25.8,26.2,25.8,26.2,1298
2013-06-13 00:00:00,25.0,25.8,25.0,25.8,27730
2013-06-12 00:00:00,25.3,25.5,25.0,25.5,14077
2013-06-11 00:00:00,25.5,26.0,24.5,25.8,54500
2013-06-10 00:00:00,26.0,26.4,26.0,26.0,17341
2013-06-07 00:00:00,26.0,26.0,25.8,25.8,5744
2013-06-06 00:00:00,,26.0,26.0,26.0,0
2013-06-05 00:00:00,26.1,26.1,26.0,26.0,10569
2013-06-04 00:00:00,26.0,26.4,26.0,26.1,1036
2013-06-03 00:00:00,26.4,26.6,26.1,26.4,9068
2013-05-31 00:00:00,26.5,27.4,26.1,27.4,4658
2013-05-30 00:00:00,27.2,27.2,26.8,26.8,9730
2013-05-29 00:00:00,27.5,28.0,27.2,27.2,1600
2013-05-28 00:00:00,28.0,28.0,28.0,28.0,230
2013-05-27 00:00:00,28.0,28.0,27.5,27.5,15415
2013-05-24 00:00:00,28.2,28.5,28.2,28.5,542
2013-05-23 00:00:00,28.1,28.9,28.1,28.9,30724
2013-05-22 00:00:00,27.0,28.5,27.0,28.5,11810
2013-05-21 00:00:00,28.7,28.9,28.3,28.9,22030
2013-05-20 00:00:00,28.8,29.0,28.8,29.0,41706
2013-05-17 00:00:00,28.0,29.0,28.0,29.0,13337
2013-05-16 00:00:00,28.0,28.5,27.4,28.0,14992
2013-05-15 00:00:00,27.8,27.8,27.5,27.8,6100
2013-05-14 00:00:00,28.6,28.6,27.8,27.8,15950
2013-05-13 00:00:00,26.7,28.2,26.7,28.2,22169
2013-05-10 00:00:00,27.0,27.1,26.0,27.0,32119
2013-05-09 00:00:00,,27.0,27.0,27.0,0
2013-05-08 00:00:00,27.0,27.0,26.6,27.0,6990
2013-05-07 00:00:00,27.5,27.5,26.0,26.5,20166
2013-05-06 00:00:00,29.0,29.1,27.2,28.0,67752
2013-05-03 00:00:00,28.5,28.9,28.5,28.9,1300
2013-05-02 00:00:00,28.5,28.9,28.1,28.9,23249
2013-05-01 00:00:00,,28.9,28.9,28.9,0
2013-04-30 00:00:00,28.8,28.9,28.4,28.9,14502
2013-04-29 00:00:00,28.1,28.8,28.1,28.8,3608
2013-04-26 00:00:00,28.3,28.9,28.3,28.4,7425
2013-04-25 00:00:00,28.0,28.0,28.0,28.0,750
2013-04-24 00:00:00,,28.2,28.2,28.2,0
2013-04-23 00:00:00,28.7,28.7,28.0,28.2,20925
2013-04-22 00:00:00,28.7,28.7,28.2,28.2,8951
2013-04-19 00:00:00,28.3,28.3,28.3,28.3,50
2013-04-18 00:00:00,28.2,28.2,27.9,27.9,1800
2013-04-17 00:00:00,28.6,28.6,27.5,27.5,1040
2013-04-16 00:00:00,28.0,28.7,28.0,28.7,11300
2013-04-15 00:00:00,28.4,28.6,28.0,28.0,7770
2013-04-12 00:00:00,29.3,29.3,28.7,29.0,7530
2013-04-11 00:00:00,28.6,29.5,28.6,29.3,3435
2013-04-10 00:00:00,29.9,29.9,28.4,28.6,5521
2013-04-09 00:00:00,29.4,29.9,29.4,29.9,11439
2013-04-08 00:00:00,29.2,29.8,29.0,29.4,18093
2013-04-05 00:00:00,29.3,29.6,29.3,29.6,1640
2013-04-04 00:00:00,29.4,29.9,29.2,29.8,4923
2013-04-03 00:00:00,29.8,29.8,29.8,29.8,1776
2013-04-02 00:00:00,29.1,29.6,29.1,29.6,3255
2013-04-01 00:00:00,,29.5,29.5,29.5,0
2013-03-29 00:00:00,29.5,29.5,29.5,29.5,19967
2013-03-28 00:00:00,29.5,30.0,29.3,30.0,19967
2013-03-27 00:00:00,29.5,30.0,29.3,30.0,19967
2013-03-26 00:00:00,29.1,29.9,28.1,29.9,38189
2013-03-25 00:00:00,30.0,30.0,29.4,29.4,11633
2013-03-22 00:00:00,29.0,30.0,29.0,30.0,186453
2013-03-21 00:00:00,29.8,30.0,29.0,29.0,25465
2013-03-20 00:00:00,29.2,29.7,29.0,29.7,81656
2013-03-19 00:00:00,29.8,29.8,28.8,28.9,3408
2013-03-18 00:00:00,29.0,29.8,28.7,29.8,8675
2013-03-15 00:00:00,29.2,29.4,29.2,29.4,15167
2013-03-14 00:00:00,28.7,28.8,28.1,28.8,26683
2013-03-13 00:00:00,27.7,28.6,27.7,28.4,21495
2013-03-12 00:00:00,28.0,28.4,27.7,27.8,9695
2013-03-11 00:00:00,28.7,28.7,28.0,28.2,73066
2013-03-08 00:00:00,28.3,28.3,28.1,28.1,5850
2013-03-07 00:00:00,28.0,28.8,27.8,28.8,19371
2013-03-06 00:00:00,30.0,30.1,28.3,28.3,2445631
2013-03-05 00:00:00,30.1,30.1,29.0,29.0,36916
2013-03-04 00:00:00,29.5,29.6,28.0,29.6,33413
2013-03-01 00:00:00,30.0,30.0,29.0,29.0,13864
2013-02-28 00:00:00,29.3,30.8,29.3,30.0,76610
2013-02-27 00:00:00,28.8,29.4,28.5,28.5,120617
2013-02-26 00:00:00,27.0,29.0,26.5,29.0,98562
2013-02-25 00:00:00,27.5,27.5,27.2,27.3,6585
2013-02-22 00:00:00,28.0,28.0,27.6,28.0,26007
2013-02-21 00:00:00,28.0,28.0,27.5,28.0,10000
2013-02-20 00:00:00,27.3,28.0,27.1,28.0,22043
2013-02-19 00:00:00,27.4,28.0,27.4,27.6,46628
2013-02-18 00:00:00,28.0,28.0,27.0,28.0,22901
2013-02-15 00:00:00,27.9,28.1,25.7,28.1,11100
2013-02-14 00:00:00,27.6,28.0,27.0,28.0,72515
2013-02-13 00:00:00,26.0,27.5,25.6,27.5,20420
2013-02-12 00:00:00,27.1,27.1,25.8,26.6,8100
2013-02-11 00:00:00,27.2,27.2,26.9,26.9,1950
2013-02-08 00:00:00,27.5,27.5,27.2,27.5,18305
2013-02-07 00:00:00,27.6,28.0,27.0,28.0,8700
2013-02-06 00:00:00,27.8,28.0,27.5,27.5,5100
2013-02-05 00:00:00,27.1,28.0,27.1,28.0,2965
2013-02-04 00:00:00,28.0,28.0,27.5,28.0,1920
2013-02-01 00:00:00,28.0,28.1,27.5,28.1,37863
2013-01-31 00:00:00,27.0,28.0,26.8,28.0,4900
2013-01-30 00:00:00,27.4,27.4,26.5,27.3,8697
2013-01-29 00:00:00,28.6,28.6,26.8,27.4,26961
2013-01-28 00:00:00,27.5,28.6,27.5,28.6,270794
2013-01-25 00:00:00,27.0,27.8,27.0,27.8,119523
2013-01-24 00:00:00,27.3,27.6,27.0,27.2,6727
2013-01-23 00:00:00,28.5,28.5,26.9,27.8,59557
2013-01-22 00:00:00,26.0,27.7,26.0,27.7,37212
2013-01-21 00:00:00,26.0,26.2,25.8,26.1,16686
2013-01-18 00:00:00,25.9,26.9,25.7,26.0,29841
2013-01-17 00:00:00,23.6,25.7,23.6,25.7,38829
2013-01-16 00:00:00,24.0,24.0,23.5,23.5,1400
2013-01-15 00:00:00,24.5,25.0,24.0,24.5,3700
2013-01-14 00:00:00,26.2,26.3,24.5,24.5,18916
2013-01-11 00:00:00,25.4,27.0,25.4,26.0,33126
2013-01-10 00:00:00,25.7,26.0,25.2,26.0,126265
2013-01-09 00:00:00,25.9,25.9,25.0,25.7,9885
2013-01-08 00:00:00,25.0,26.4,24.5,26.4,63350
2013-01-07 00:00:00,24.0,24.6,24.0,24.6,32030
2013-01-04 00:00:00,24.0,24.5,24.0,24.5,95239
2013-01-03 00:00:00,23.5,23.5,23.0,23.5,9747
2013-01-02 00:00:00,24.0,24.1,23.0,24.1,204800
2013-01-01 00:00:00,,24.0,24.0,24.0,0
2012-12-31 00:00:00,,24.0,24.0,24.0,0
2012-12-28 00:00:00,23.0,24.0,22.6,24.0,76193
2012-12-27 00:00:00,23.1,23.5,23.1,23.4,106228
2012-12-26 00:00:00,,23.2,23.2,23.2,0
2012-12-25 00:00:00,,23.2,23.2,23.2,0
2012-12-24 00:00:00,,23.2,23.2,23.2,0
2012-12-21 00:00:00,23.1,23.2,22.8,23.2,5638
2012-12-20 00:00:00,23.5,23.5,22.7,22.7,18300
2012-12-19 00:00:00,22.6,23.0,22.5,23.0,379968
2012-12-18 00:00:00,22.1,22.4,22.1,22.4,81010
2012-12-17 00:00:00,22.4,22.9,22.0,22.2,31881
2012-12-14 00:00:00,21.0,22.2,20.8,22.1,15230
2012-12-13 00:00:00,20.0,21.0,20.0,20.5,13450
2012-12-12 00:00:00,18.5,20.3,18.5,20.3,92745
2012-12-11 00:00:00,18.3,18.6,18.3,18.6,11535
2012-12-10 00:00:00,18.3,18.5,18.2,18.3,14848
2012-12-07 00:00:00,18.5,18.5,18.5,18.5,2236
2012-12-06 00:00:00,18.8,18.8,18.0,18.7,27220
2012-12-05 00:00:00,18.4,18.4,18.1,18.1,2357
2012-12-04 00:00:00,,18.4,18.4,18.4,0
2012-12-03 00:00:00,18.9,18.9,18.3,18.4,3740
2012-11-30 00:00:00,18.3,19.3,18.3,19.3,23615
2012-11-29 00:00:00,18.0,18.3,18.0,18.3,6685
2012-11-28 00:00:00,17.8,18.2,17.7,18.0,1400
2012-11-27 00:00:00,18.2,18.5,18.0,18.1,20580
2012-11-26 00:00:00,18.0,18.2,17.9,18.2,7120
2012-11-23 00:00:00,18.0,18.2,17.7,18.2,25500
2012-11-22 00:00:00,18.1,18.1,17.6,18.0,13050
2012-11-21 00:00:00,18.0,18.6,18.0,18.6,9669
2012-11-20 00:00:00,18.2,18.6,18.2,18.5,18664
2012-11-19 00:00:00,17.1,17.8,17.1,17.8,5466
2012-11-16 00:00:00,18.0,18.0,17.4,17.5,3541
2012-11-15 00:00:00,,18.0,18.0,18.0,0
2012-11-14 00:00:00,17.9,18.0,17.9,18.0,2524
2012-11-13 00:00:00,18.6,18.9,17.9,18.2,4670
2012-11-12 00:00:00,19.3,19.3,18.6,18.6,9485
2012-11-09 00:00:00,19.5,19.7,19.3,19.3,6000
2012-11-08 00:00:00,,19.4,19.4,19.4,0
2012-11-07 00:00:00,20.0,20.0,19.4,19.4,547257
2012-11-06 00:00:00,19.0,19.8,19.0,19.8,22220
2012-11-05 00:00:00,18.5,19.2,18.5,19.2,10905
2012-11-02 00:00:00,18.1,18.3,18.1,18.3,1489
2012-11-01 00:00:00,18.3,18.3,18.0,18.3,7000
2012-10-31 00:00:00,18.0,18.7,17.9,18.7,13860
2012-10-30 00:00:00,17.9,18.2,17.9,18.2,3535
2012-10-29 00:00:00,17.7,17.9,17.7,17.9,19146
2012-10-26 00:00:00,18.2,18.2,18.1,18.1,120500
2012-10-25 00:00:00,17.7,18.2,17.7,18.2,1800
2012-10-24 00:00:00,,17.6,17.6,17.6,0
2012-10-23 00:00:00,17.6,17.6,17.6,17.6,50
2012-10-22 00:00:00,17.7,17.7,17.6,17.6,3700
2012-10-19 00:00:00,18.0,18.0,18.0,18.0,30000
2012-10-18 00:00:00,17.8,17.8,17.6,17.6,3625
2012-10-17 00:00:00,17.6,18.4,17.6,18.4,38650
2012-10-16 00:00:00,17.6,18.0,17.6,17.8,5874
2012-10-15 00:00:00,18.0,18.0,17.8,18.0,3927
2012-10-12 00:00:00,18.0,18.4,17.8,18.4,44734
2012-10-11 00:00:00,17.7,18.0,17.6,18.0,22335
2012-10-10 00:00:00,17.7,18.3,17.7,18.2,32771
2012-10-09 00:00:00,17.7,18.0,17.7,18.0,3163
2012-10-08 00:00:00,18.1,18.1,18.1,18.1,3895
2012-10-05 00:00:00,18.4,18.4,17.8,18.0,9292
2012-10-04 00:00:00,19.0,19.0,18.4,18.4,7516
2012-10-03 00:00:00,18.6,18.9,18.6,18.7,3100
2012-10-02 00:00:00,19.0,19.0,18.5,18.8,6850
2012-10-01 00:00:00,18.3,18.3,18.3,18.3,900
2012-09-28 00:00:00,18.9,18.9,18.3,18.9,133147
2012-09-27 00:00:00,18.6,18.6,18.3,18.3,28789
2012-09-26 00:00:00,19.3,19.3,19.3,19.3,6
2012-09-25 00:00:00,18.5,19.0,18.5,19.0,21732
2012-09-24 00:00:00,19.0,19.0,17.8,18.5,7859
2012-09-21 00:00:00,19.0,19.0,19.0,19.0,1010
2012-09-20 00:00:00,18.3,18.7,18.3,18.6,3080
2012-09-19 00:00:00,18.6,18.8,18.4,18.8,7207
2012-09-18 00:00:00,18.7,18.7,18.6,18.6,6843
2012-09-17 00:00:00,19.1,19.1,18.7,19.0,11750
2012-09-14 00:00:00,18.7,19.3,18.7,19.3,7779
2012-09-13 00:00:00,18.7,18.7,18.7,18.7,200
2012-09-12 00:00:00,18.7,18.7,18.7,18.7,471
2012-09-11 00:00:00,18.5,18.8,18.5,18.8,25164
2012-09-10 00:00:00,18.7,18.7,18.7,18.7,1252
2012-09-07 00:00:00,19.0,19.3,18.7,19.3,6319
2012-09-06 00:00:00,19.0,19.2,19.0,19.2,1993
2012-09-05 00:00:00,19.3,19.3,19.3,19.3,950
2012-09-04 00:00:00,19.5,19.5,19.2,19.3,1715
2012-09-03 00:00:00,19.2,19.5,19.2,19.5,617
2012-08-31 00:00:00,19.7,19.8,19.7,19.8,430
2012-08-30 00:00:00,19.8,19.8,19.2,19.7,5300
2012-08-29 00:00:00,19.6,20.0,19.6,19.9,5850
2012-08-28 00:00:00,19.8,19.8,19.6,19.6,3915
2012-08-27 00:00:00,20.0,20.0,20.0,20.0,5805
2012-08-24 00:00:00,20.5,20.5,20.0,20.0,3531
2012-08-23 00:00:00,20.8,20.8,19.6,20.1,15305
2012-08-22 00:00:00,20.0,20.0,20.0,20.0,1400
2012-08-21 00:00:00,19.5,20.0,19.1,20.0,8500
2012-08-20 00:00:00,20.6,20.6,19.5,19.8,4072
2012-08-17 00:00:00,20.0,20.6,19.6,20.6,5600
2012-08-16 00:00:00,20.6,20.6,19.7,19.7,21949
2012-08-15 00:00:00,19.8,20.4,19.8,20.4,6901
2012-08-14 00:00:00,20.2,20.2,19.9,19.9,2345
2012-08-13 00:00:00,20.1,20.1,20.0,20.1,3600
2012-08-10 00:00:00,19.0,20.1,19.0,19.8,4940
2012-08-09 00:00:00,19.6,20.2,19.0,19.0,14520
2012-08-08 00:00:00,19.2,19.6,19.2,19.6,2310
2012-08-07 00:00:00,20.0,20.2,19.6,19.6,2368
2012-08-06 00:00:00,20.2,20.2,20.0,20.0,1276
2012-08-03 00:00:00,19.8,20.2,19.2,20.2,5358
2012-08-02 00:00:00,20.2,20.2,19.5,19.5,6687
2012-08-01 00:00:00,18.0,20.0,17.9,20.0,2900
2012-07-31 00:00:00,20.8,20.8,20.0,20.7,1500
2012-07-30 00:00:00,20.4,20.5,19.9,20.5,9012
2012-07-27 00:00:00,16.5,20.2,16.5,20.2,24838
2012-07-26 00:00:00,16.0,16.4,15.7,16.0,10500
2012-07-25 00:00:00,16.3,16.5,15.8,15.8,10205
2012-07-24 00:00:00,16.0,16.7,15.9,16.7,21768
2012-07-23 00:00:00,16.9,16.9,16.2,16.2,9996
2012-07-20 00:00:00,17.5,17.5,16.8,16.8,11138
2012-07-19 00:00:00,18.3,18.3,17.3,17.3,9940
2012-07-18 00:00:00,18.4,18.8,18.4,18.4,2499
2012-07-17 00:00:00,20.0,20.0,18.2,18.2,21804
2012-07-16 00:00:00,21.5,21.5,19.8,20.2,8370
2012-07-13 00:00:00,21.5,21.5,21.5,21.5,3000
2012-07-12 00:00:00,21.3,21.3,21.3,21.3,2600
2012-07-11 00:00:00,21.4,21.5,21.0,21.5,3700
2012-07-10 00:00:00,21.2,21.4,21.0,21.4,8695
2012-07-09 00:00:00,22.0,22.0,21.6,21.6,1811
2012-07-06 00:00:00,21.9,22.0,21.9,22.0,106000
2012-07-05 00:00:00,22.0,22.0,22.0,22.0,1006
2012-07-04 00:00:00,21.9,22.0,21.1,22.0,69159
2012-07-03 00:00:00,21.6,21.9,21.6,21.9,3530
2012-07-02 00:00:00,22.0,22.0,22.0,22.0,5457
2012-06-29 00:00:00,22.0,22.0,21.8,21.9,39716
2012-06-28 00:00:00,21.9,22.0,21.9,22.0,23714
2012-06-27 00:00:00,21.9,22.0,21.9,22.0,25555
2012-06-26 00:00:00,22.0,22.0,22.0,22.0,8497
2012-06-25 00:00:00,21.8,22.0,21.8,22.0,38213
2012-06-22 00:00:00,,21.7,21.7,21.7,0
2012-06-21 00:00:00,21.7,21.9,21.7,21.7,6777
2012-06-20 00:00:00,21.0,21.8,21.0,21.2,11992
2012-06-19 00:00:00,21.0,21.0,21.0,21.0,200
2012-06-18 00:00:00,,21.5,21.5,21.5,0
2012-06-15 00:00:00,21.1,22.0,21.0,21.5,6640
2012-06-14 00:00:00,21.8,21.8,21.2,21.5,63975
2012-06-13 00:00:00,21.0,21.8,21.0,21.0,104623
2012-06-12 00:00:00,21.6,21.8,21.1,21.1,2083
2012-06-11 00:00:00,21.3,21.5,20.7,21.5,4159
2012-06-08 00:00:00,21.0,21.8,21.0,21.8,12075
2012-06-07 00:00:00,21.9,21.9,21.4,21.6,43332
2012-06-06 00:00:00,,21.0,21.0,21.0,0
2012-06-05 00:00:00,21.2,22.0,21.0,21.0,32175
2012-06-04 00:00:00,22.0,22.0,21.3,21.9,1365
2012-06-01 00:00:00,22.0,22.0,21.3,21.3,809622
2012-05-31 00:00:00,22.0,22.0,21.5,21.5,398109
2012-05-30 00:00:00,21.3,21.8,21.3,21.8,4031
2012-05-29 00:00:00,20.3,21.3,20.3,20.5,3810
2012-05-28 00:00:00,21.0,21.0,20.3,20.3,2150
2012-05-25 00:00:00,21.8,21.8,21.0,21.0,48104
2012-05-24 00:00:00,21.9,22.0,21.4,21.4,3205
2012-05-23 00:00:00,21.3,21.9,21.3,21.3,7520
2012-05-22 00:00:00,21.9,21.9,21.8,21.8,35855
2012-05-21 00:00:00,21.8,22.0,21.8,22.0,6215
2012-05-18 00:00:00,21.7,22.0,21.5,22.0,26860
2012-05-17 00:00:00,,22.0,22.0,22.0,0
2012-05-16 00:00:00,21.8,22.0,21.5,22.0,30200
2012-05-15 00:00:00,22.0,22.0,21.7,21.7,6974
2012-05-14 00:00:00,22.4,22.5,21.8,22.2,2495
2012-05-11 00:00:00,22.6,22.6,22.4,22.4,4248
2012-05-10 00:00:00,22.5,22.5,22.5,22.5,250
2012-05-09 00:00:00,22.0,22.0,22.0,22.0,3450
2012-05-08 00:00:00,22.5,22.5,21.8,22.0,4688
2012-05-07 00:00:00,21.8,23.0,21.6,22.5,13120
2012-05-04 00:00:00,23.3,23.3,21.1,21.3,22101
2012-05-03 00:00:00,23.3,23.3,23.0,23.0,3470
2012-05-02 00:00:00,24.0,24.0,23.6,23.6,7767
2012-05-01 00:00:00,,24.0,24.0,24.0,0
2012-04-30 00:00:00,23.6,24.0,23.6,24.0,2068
2012-04-27 00:00:00,23.9,24.0,23.6,23.6,63695
2012-04-26 00:00:00,23.5,23.5,23.2,23.2,4778
2012-04-25 00:00:00,23.2,23.5,23.2,23.5,1235
2012-04-24 00:00:00,22.4,23.2,22.4,23.2,4680
2012-04-23 00:00:00,23.6,23.6,22.6,23.2,5382
2012-04-20 00:00:00,23.0,23.3,22.5,23.3,11522
2012-04-19 00:00:00,23.4,23.4,23.2,23.4,6400
2012-04-18 00:00:00,23.5,23.5,23.1,23.2,14242
2012-04-17 00:00:00,23.4,24.0,22.4,23.1,41421
2012-04-16 00:00:00,22.8,23.6,22.3,23.1,63455
2012-04-13 00:00:00,22.2,22.2,22.2,22.2,593
2012-04-12 00:00:00,21.6,22.4,21.6,22.4,16370
2012-04-11 00:00:00,21.8,22.0,21.7,21.7,5465
2012-04-10 00:00:00,22.5,22.5,21.1,22.0,5445
2012-04-09 00:00:00,,22.3,22.3,22.3,0
2012-04-06 00:00:00,,22.3,22.3,22.3,0
2012-04-05 00:00:00,22.3,22.3,22.0,22.3,5075
2012-04-04 00:00:00,22.3,22.4,22.2,22.2,3392
2012-04-03 00:00:00,22.6,22.6,22.4,22.4,87932
2012-04-02 00:00:00,22.1,22.6,21.3,22.6,30905
2012-03-30 00:00:00,22.6,22.6,22.4,22.4,10443
2012-03-29 00:00:00,22.5,22.6,22.4,22.6,10968
2012-03-28 00:00:00,22.5,22.5,22.5,22.5,260
2012-03-27 00:00:00,22.5,22.5,22.3,22.5,3450
2012-03-26 00:00:00,22.5,22.5,22.5,22.5,3500
2012-03-23 00:00:00,22.3,22.3,21.6,21.6,643
2012-03-22 00:00:00,22.5,22.5,21.6,22.0,8738
2012-03-21 00:00:00,22.2,22.5,22.1,22.1,3690
2012-03-20 00:00:00,22.4,22.4,21.5,22.2,8803
2012-03-19 00:00:00,23.4,23.4,21.8,22.3,18684
2012-03-16 00:00:00,22.5,22.8,22.0,22.7,10738
2012-03-15 00:00:00,22.3,22.9,20.5,22.8,21850
2012-03-14 00:00:00,22.1,23.6,22.0,22.9,24351
2012-03-13 00:00:00,23.9,24.0,22.4,24.0,87879
2012-03-12 00:00:00,23.2,24.0,23.0,24.0,49065
2012-03-09 00:00:00,20.5,22.6,20.3,22.0,173900
2012-03-08 00:00:00,20.9,20.9,20.0,20.0,8210
2012-03-07 00:00:00,20.6,21.5,20.6,21.3,9085
2012-03-06 00:00:00,20.3,20.6,20.3,20.6,2140
2012-03-05 00:00:00,19.4,21.1,19.4,20.5,107846
2012-03-02 00:00:00,18.9,19.4,18.9,19.1,225337
2012-03-01 00:00:00,18.0,19.2,17.7,18.7,18666
2012-02-29 00:00:00,18.5,18.5,17.0,18.0,49651
2012-02-28 00:00:00,19.0,19.0,18.4,18.4,27380
2012-02-27 00:00:00,18.8,19.5,18.7,19.5,9508
2012-02-24 00:00:00,18.5,18.8,18.5,18.8,24431
2012-02-23 00:00:00,17.0,18.5,16.8,18.5,38200
2012-02-22 00:00:00,16.4,17.0,16.4,17.0,64025
2012-02-21 00:00:00,16.5,16.5,16.3,16.4,6510
2012-02-20 00:00:00,16.2,16.5,16.0,16.5,42280
2012-02-17 00:00:00,15.7,16.1,15.7,16.1,4650
2012-02-16 00:00:00,16.5,16.5,16.0,16.0,6100
2012-02-15 00:00:00,16.5,16.7,16.5,16.7,9880
2012-02-14 00:00:00,16.4,16.5,16.2,16.5,24615
2012-02-13 00:00:00,16.0,16.4,15.7,16.4,10060
2012-02-10 00:00:00,15.9,16.5,15.9,16.5,80098
2012-02-09 00:00:00,15.4,15.5,15.4,15.5,3000
2012-02-08 00:00:00,15.5,15.9,15.5,15.5,16230
2012-02-07 00:00:00,15.5,15.5,15.5,15.5,1000
2012-02-06 00:00:00,15.5,15.8,15.5,15.8,6200
2012-02-03 00:00:00,15.8,15.8,15.8,15.8,8014
2012-02-02 00:00:00,15.9,15.9,15.7,15.7,4650
2012-02-01 00:00:00,15.6,15.9,15.6,15.8,4500
2012-01-31 00:00:00,15.8,16.1,15.8,16.1,26000
2012-01-30 00:00:00,16.0,16.1,15.9,16.1,22087
2012-01-27 00:00:00,15.6,16.1,15.6,16.1,35924
2012-01-26 00:00:00,15.5,15.5,15.0,15.2,40010
2012-01-25 00:00:00,15.5,15.5,15.5,15.5,1000
2012-01-24 00:00:00,15.7,15.7,15.5,15.7,4150
2012-01-23 00:00:00,16.0,16.0,16.0,16.0,3500
2012-01-20 00:00:00,15.5,16.4,15.5,16.0,12215
2012-01-19 00:00:00,14.8,16.8,14.8,16.6,1025998
2012-01-18 00:00:00,14.6,14.9,14.5,14.5,23686
2012-01-17 00:00:00,14.7,15.0,14.65,15.0,114650
2012-01-16 00:00:00,14.3,14.7,14.3,14.7,723293
2012-01-13 00:00:00,14.35,14.35,14.1,14.3,14470
2012-01-12 00:00:00,13.9,14.2,13.9,14.2,17220
2012-01-11 00:00:00,13.9,13.9,13.8,13.9,6406
2012-01-10 00:00:00,13.85,14.0,13.75,14.0,14331
2012-01-09 00:00:00,14.0,14.0,13.6,13.85,12207
2012-01-06 00:00:00,,14.0,14.0,14.0,0
2012-01-05 00:00:00,13.9,14.0,13.8,14.0,3562
2012-01-04 00:00:00,14.0,14.05,13.95,13.95,4322
2012-01-03 00:00:00,14.0,14.05,14.0,14.0,3555
2012-01-02 00:00:00,13.9,13.95,13.9,13.95,1720
2011-12-30 00:00:00,14.0,14.0,13.75,13.75,1250
2011-12-29 00:00:00,13.6,14.0,13.6,13.7,8962
2011-12-28 00:00:00,14.0,14.0,13.9,14.0,10800
2011-12-27 00:00:00,14.4,14.4,14.1,14.1,3350
2011-12-26 00:00:00,,14.0,14.0,14.0,0
2011-12-23 00:00:00,14.0,14.0,14.0,14.0,171000
2011-12-22 00:00:00,13.7,14.0,13.6,13.6,9550
2011-12-21 00:00:00,13.6,13.6,13.6,13.6,100
2011-12-20 00:00:00,13.5,13.95,13.05,13.95,18500
2011-12-19 00:00:00,,13.9,13.9,13.9,0
2011-12-16 00:00:00,13.9,13.9,13.9,13.9,600
2011-12-15 00:00:00,13.9,14.0,13.9,14.0,12900
2011-12-14 00:00:00,13.05,14.0,13.05,14.0,4300
2011-12-13 00:00:00,13.0,13.0,13.0,13.0,1400
2011-12-12 00:00:00,,13.55,13.55,13.55,0
2011-12-09 00:00:00,,13.55,13.55,13.55,0
2011-12-08 00:00:00,,13.55,13.55,13.55,0
2011-12-07 00:00:00,13.55,13.55,13.5,13.55,11703
2011-12-06 00:00:00,13.8,13.8,13.5,13.5,2090
2011-12-05 00:00:00,13.0,13.9,13.0,13.5,1326
2011-12-02 00:00:00,14.0,14.0,14.0,14.0,30
2011-12-01 00:00:00,14.0,14.0,14.0,14.0,400006
2011-11-30 00:00:00,13.5,14.0,13.0,14.0,24423
2011-11-29 00:00:00,14.0,14.0,14.0,14.0,23300
2011-11-28 00:00:00,14.0,14.0,13.2,14.0,24230
2011-11-25 00:00:00,14.0,14.0,13.5,14.0,25435
2011-11-24 00:00:00,14.0,14.0,14.0,14.0,74430
2011-11-23 00:00:00,14.0,14.0,13.15,13.5,10960
2011-11-22 00:00:00,14.3,14.3,13.75,14.3,1345227
2011-11-21 00:00:00,14.65,14.7,14.2,14.5,46690
2011-11-18 00:00:00,14.5,14.5,14.5,14.5,500
2011-11-17 00:00:00,13.25,13.25,13.25,13.25,1000
2011-11-16 00:00:00,14.0,14.0,13.25,13.25,3050
2011-11-15 00:00:00,13.45,13.45,13.45,13.45,2000
2011-11-14 00:00:00,,13.25,13.25,13.25,0
2011-11-11 00:00:00,13.25,13.25,13.25,13.25,470
2011-11-10 00:00:00,12.75,13.0,12.75,13.0,16664
2011-11-09 00:00:00,12.75,12.75,12.75,12.75,1
2011-11-08 00:00:00,12.75,12.75,12.75,12.75,400
2011-11-07 00:00:00,13.0,13.0,13.0,13.0,1725
2011-11-04 00:00:00,13.5,13.5,13.5,13.5,1000
2011-11-03 00:00:00,13.0,13.0,13.0,13.0,1200
2011-11-02 00:00:00,13.25,13.5,13.1,13.5,9000
2011-11-01 00:00:00,13.5,13.5,13.25,13.25,4050
2011-10-31 00:00:00,13.45,14.9,13.45,13.5,20544
2011-10-28 00:00:00,,12.5,12.5,12.5,0
2011-10-27 00:00:00,12.5,12.5,12.5,12.5,2000
2011-10-26 00:00:00,13.0,13.0,13.0,13.0,2000
2011-10-25 00:00:00,13.05,13.05,13.0,13.05,4300
