Dates,Open,High,Low,Close,Volume
2017-09-08 00:00:00,128.5,128.5,125.0,125.75,37388
2017-09-07 00:00:00,126.75,129.75,124.75,128.5,27020
2017-09-06 00:00:00,124.0,127.25,122.75,126.5,32495
2017-09-04 00:00:00,125.0,126.75,124.0,125.0,16394
2017-09-01 00:00:00,122.0,126.0,122.0,124.75,17309
2017-08-31 00:00:00,121.0,124.75,121.0,122.75,15646
2017-08-30 00:00:00,120.25,126.25,119.5,122.25,28876
2017-08-29 00:00:00,121.25,121.5,119.5,121.0,26525
2017-08-28 00:00:00,121.25,122.0,120.0,120.75,16469
2017-08-25 00:00:00,120.0,123.25,120.0,121.5,19615
2017-08-24 00:00:00,125.0,125.0,120.0,120.0,30280
2017-08-23 00:00:00,124.5,125.0,124.0,124.75,19534
2017-08-22 00:00:00,122.25,124.5,122.0,124.25,30797
2017-08-21 00:00:00,120.0,120.75,119.5,120.75,19085
2017-08-18 00:00:00,121.0,121.0,119.0,120.25,19581
2017-08-17 00:00:00,119.25,122.25,117.5,122.0,20378
2017-08-16 00:00:00,120.75,122.0,118.75,119.5,37731
2017-08-15 00:00:00,119.0,120.25,118.75,120.25,350625
2017-08-14 00:00:00,120.5,122.5,117.75,119.0,24863
2017-08-11 00:00:00,120.0,121.75,118.75,120.0,30088
2017-08-10 00:00:00,126.5,126.5,123.0,123.0,81940
2017-08-09 00:00:00,130.0,130.0,126.25,126.5,18582
2017-08-08 00:00:00,129.75,130.0,127.5,130.0,16562
2017-08-07 00:00:00,127.0,129.75,125.5,129.25,15878
2017-08-04 00:00:00,126.5,127.5,126.25,126.25,15163
2017-08-03 00:00:00,127.75,128.0,126.0,127.75,19412
2017-08-02 00:00:00,128.0,128.5,126.75,127.75,21854
2017-08-01 00:00:00,125.75,129.5,125.75,128.0,23297
2017-07-31 00:00:00,126.5,128.5,126.25,126.5,17382
2017-07-28 00:00:00,132.0,132.0,126.5,126.5,18851
2017-07-27 00:00:00,131.0,133.5,129.25,132.75,18405
2017-07-26 00:00:00,130.5,132.0,128.5,131.0,7307
2017-07-25 00:00:00,130.75,132.0,130.25,131.25,8859
2017-07-24 00:00:00,130.75,133.0,130.75,131.0,20162
2017-07-21 00:00:00,134.25,134.25,129.0,130.5,37282
2017-07-20 00:00:00,133.5,134.75,132.25,133.25,17759
2017-07-19 00:00:00,132.0,134.25,130.75,134.25,15779
2017-07-18 00:00:00,134.25,134.25,132.5,133.5,13165
2017-07-17 00:00:00,131.75,132.5,130.5,131.0,27402
2017-07-14 00:00:00,132.0,134.25,131.5,132.75,17848
2017-07-13 00:00:00,134.75,134.75,131.25,131.25,23884
2017-07-12 00:00:00,136.5,136.75,134.75,134.75,13909
2017-07-11 00:00:00,136.25,137.0,135.75,136.0,13920
2017-07-10 00:00:00,136.5,137.25,135.75,136.0,7153
2017-07-07 00:00:00,136.25,136.75,136.0,136.25,22577
2017-07-06 00:00:00,138.25,138.25,136.25,136.5,16366
2017-07-05 00:00:00,137.25,138.25,136.75,138.0,12136
2017-07-04 00:00:00,137.25,139.25,136.5,137.5,10275
2017-07-03 00:00:00,138.25,138.5,137.0,137.75,12711
2017-06-30 00:00:00,138.0,140.0,137.5,138.0,23760
2017-06-29 00:00:00,141.0,141.75,138.0,138.0,33150
2017-06-28 00:00:00,141.0,143.0,140.5,141.0,17198
2017-06-27 00:00:00,143.0,143.25,141.0,142.0,36085
2017-06-26 00:00:00,142.0,144.25,142.0,143.75,17065
2017-06-23 00:00:00,,142.5,142.5,142.5,0
2017-06-22 00:00:00,142.5,143.5,141.25,142.5,27412
2017-06-21 00:00:00,144.5,144.5,142.25,143.0,13437
2017-06-20 00:00:00,141.75,146.0,141.5,145.0,47023
2017-06-19 00:00:00,139.0,142.75,139.0,141.75,25980
2017-06-16 00:00:00,139.5,140.5,138.0,140.5,83038
2017-06-15 00:00:00,139.0,139.5,137.0,138.5,52753
2017-06-14 00:00:00,139.0,139.5,137.25,138.25,34688
2017-06-13 00:00:00,137.0,140.0,137.0,139.0,32274
2017-06-12 00:00:00,140.0,140.0,135.75,136.5,50902
2017-06-09 00:00:00,139.5,141.0,138.5,140.0,97983
2017-06-08 00:00:00,141.25,142.0,137.75,139.0,63496
2017-06-07 00:00:00,143.75,144.75,140.5,141.0,75626
2017-06-06 00:00:00,,141.0,141.0,141.0,0
2017-06-05 00:00:00,146.0,146.5,141.0,141.0,59356
2017-06-02 00:00:00,141.0,146.75,140.5,146.0,94720
2017-06-01 00:00:00,138.25,141.0,138.0,140.0,201961
2017-05-31 00:00:00,139.75,140.25,135.25,137.5,442449
2017-05-30 00:00:00,145.0,145.0,139.5,140.0,199819
2017-05-29 00:00:00,140.5,143.0,139.25,143.0,34327
2017-05-26 00:00:00,141.5,142.0,139.25,140.5,62515
2017-05-24 00:00:00,139.5,141.25,139.5,141.25,25314
2017-05-23 00:00:00,137.5,139.5,137.0,138.75,61085
2017-05-22 00:00:00,139.0,139.5,138.0,138.5,39648
2017-05-19 00:00:00,140.5,142.25,138.25,139.0,44480
2017-05-18 00:00:00,142.0,142.0,137.25,141.75,55431
2017-05-17 00:00:00,143.0,146.25,141.5,143.25,64109
2017-05-16 00:00:00,149.0,150.0,142.75,144.25,67623
2017-05-15 00:00:00,151.0,152.5,150.0,152.0,34407
2017-05-12 00:00:00,152.0,151.5,151.5,151.5,14351
2017-05-11 00:00:00,151.5,152.5,149.0,152.0,41039
2017-05-10 00:00:00,154.0,154.0,147.25,151.5,32086
2017-05-09 00:00:00,144.75,147.75,144.5,147.75,83776
2017-05-08 00:00:00,147.0,147.0,143.0,144.75,32664
2017-05-05 00:00:00,151.5,152.0,144.5,147.0,41849
2017-05-04 00:00:00,148.0,152.5,148.0,151.0,56673
2017-05-03 00:00:00,150.5,154.0,147.75,148.0,69763
2017-05-02 00:00:00,146.5,150.0,146.5,148.0,38468
2017-05-01 00:00:00,,146.0,146.0,146.0,0
2017-04-28 00:00:00,147.0,150.0,146.0,146.0,29550
2017-04-27 00:00:00,149.0,150.0,146.0,149.0,42905
2017-04-26 00:00:00,149.0,155.0,148.25,149.75,25080
2017-04-25 00:00:00,142.0,152.0,141.25,150.0,62489
2017-04-24 00:00:00,139.75,142.0,139.5,141.5,102088
2017-04-21 00:00:00,140.0,141.25,139.75,139.75,11991
2017-04-20 00:00:00,141.0,141.0,138.5,139.0,30028
2017-04-19 00:00:00,142.0,143.75,139.0,139.0,22685
2017-04-18 00:00:00,141.0,142.0,138.0,141.0,34911
2017-04-13 00:00:00,138.25,141.0,138.25,141.0,4177
2017-04-12 00:00:00,138.5,141.5,138.5,140.0,14420
2017-04-11 00:00:00,139.0,142.75,139.0,141.0,16166
2017-04-10 00:00:00,140.25,142.0,138.0,142.0,6446
2017-04-07 00:00:00,138.5,141.0,138.0,140.25,19771
2017-04-06 00:00:00,138.5,140.5,137.25,138.5,139944
2017-04-05 00:00:00,140.25,140.25,139.0,140.0,25712
2017-04-04 00:00:00,139.0,142.5,138.5,140.25,17106
2017-04-03 00:00:00,137.5,141.0,137.5,139.0,15958
2017-03-31 00:00:00,138.25,140.0,137.5,137.5,11368
2017-03-30 00:00:00,142.5,142.5,141.0,141.0,7704
2017-03-29 00:00:00,143.0,143.0,140.75,141.75,231203
2017-03-28 00:00:00,140.0,145.0,140.0,141.75,41100
2017-03-27 00:00:00,139.5,139.5,135.0,139.25,28809
2017-03-24 00:00:00,135.0,141.25,133.5,136.75,27948
2017-03-23 00:00:00,132.0,134.75,132.0,134.75,6057
2017-03-22 00:00:00,132.5,132.75,127.75,132.0,17624
2017-03-21 00:00:00,131.5,135.5,131.5,132.0,255490
2017-03-20 00:00:00,130.0,132.0,130.0,131.5,24498
2017-03-17 00:00:00,132.25,137.5,130.0,130.5,22230
2017-03-16 00:00:00,134.0,135.25,133.25,135.0,281398
2017-03-15 00:00:00,134.0,134.5,132.0,134.25,13764
2017-03-14 00:00:00,132.0,133.5,130.25,133.25,24754
2017-03-13 00:00:00,130.0,132.75,130.0,132.0,16229
2017-03-10 00:00:00,135.0,130.75,130.75,130.75,8853
2017-03-09 00:00:00,136.0,136.0,131.0,133.75,10739
2017-03-08 00:00:00,129.5,135.5,129.5,134.75,30584
2017-03-07 00:00:00,127.0,132.75,126.0,132.0,19891
2017-03-06 00:00:00,130.25,131.75,128.25,130.75,17334
2017-03-03 00:00:00,125.25,131.0,131.0,131.0,11492
2017-03-02 00:00:00,127.0,129.75,126.0,129.75,7793
2017-03-01 00:00:00,123.5,130.0,123.25,129.75,16731
2017-02-28 00:00:00,125.25,128.75,124.25,128.0,61946
2017-02-27 00:00:00,128.0,128.0,122.25,125.0,28376
2017-02-24 00:00:00,131.0,131.0,127.0,130.5,20686
2017-02-23 00:00:00,132.75,132.75,130.0,130.75,7267
2017-02-22 00:00:00,132.75,132.75,129.5,132.25,45377
2017-02-21 00:00:00,131.0,133.75,129.0,131.75,8169
2017-02-20 00:00:00,130.0,132.0,129.75,132.0,11600
2017-02-17 00:00:00,137.0,137.0,126.0,126.0,273508
2017-02-16 00:00:00,131.25,140.75,130.75,137.0,37433
2017-02-15 00:00:00,123.0,134.0,123.0,130.75,29828
2017-02-14 00:00:00,122.75,123.25,122.25,123.25,24987
2017-02-13 00:00:00,120.5,123.0,120.5,123.0,7390
2017-02-10 00:00:00,123.5,123.5,121.25,121.75,12117
2017-02-09 00:00:00,124.0,124.0,122.25,122.5,102455
2017-02-08 00:00:00,124.75,125.0,122.25,123.0,7167
2017-02-07 00:00:00,123.75,123.75,121.75,123.5,15150
2017-02-06 00:00:00,119.25,124.25,119.25,121.75,14969
2017-02-03 00:00:00,122.0,124.5,119.75,120.0,13651
2017-02-02 00:00:00,121.25,122.5,120.0,122.25,22399
2017-02-01 00:00:00,117.25,121.25,117.0,121.25,49118
2017-01-31 00:00:00,118.5,120.0,117.25,117.25,13390
2017-01-30 00:00:00,121.0,121.0,118.5,118.5,5147
2017-01-27 00:00:00,121.75,122.75,120.5,121.0,11944
2017-01-26 00:00:00,119.75,122.0,118.75,121.75,36107
2017-01-25 00:00:00,117.0,120.0,117.0,120.0,48436
2017-01-24 00:00:00,113.0,118.0,112.75,117.0,105763
2017-01-23 00:00:00,118.0,118.0,114.0,114.0,5024
2017-01-20 00:00:00,113.0,117.0,112.75,116.0,16086
2017-01-19 00:00:00,113.0,113.5,112.75,113.0,10809
2017-01-18 00:00:00,113.0,115.5,112.75,114.0,9339
2017-01-17 00:00:00,112.5,115.75,112.5,115.75,11270
2017-01-16 00:00:00,113.75,115.0,113.5,115.0,8326
2017-01-13 00:00:00,110.0,114.5,110.0,114.5,13835
2017-01-12 00:00:00,112.5,113.25,112.0,113.0,3605
2017-01-11 00:00:00,112.25,113.75,111.25,112.5,21170
2017-01-10 00:00:00,112.0,115.25,112.0,114.75,7232
2017-01-09 00:00:00,114.75,115.5,113.0,113.0,23684
2017-01-06 00:00:00,,116.0,116.0,116.0,0
2017-01-05 00:00:00,118.0,118.0,115.75,116.0,6169
2017-01-04 00:00:00,114.75,118.0,114.75,118.0,61424
2017-01-03 00:00:00,113.5,114.75,112.0,114.75,7389
2017-01-02 00:00:00,111.0,114.5,111.0,113.5,35646
2016-12-30 00:00:00,113.25,114.5,112.5,113.75,10586
2016-12-29 00:00:00,112.5,114.5,112.5,113.25,14653
2016-12-28 00:00:00,113.75,114.25,112.5,112.5,15239
2016-12-27 00:00:00,114.25,114.25,112.25,113.0,8540
2016-12-23 00:00:00,112.25,114.0,112.25,113.75,9980
2016-12-22 00:00:00,109.0,112.25,108.0,112.25,66967
2016-12-21 00:00:00,110.0,111.25,107.75,108.5,25856
2016-12-20 00:00:00,111.5,112.0,109.25,109.25,30257
2016-12-19 00:00:00,113.75,113.75,110.5,110.75,35667
2016-12-16 00:00:00,110.75,115.5,110.75,113.5,87076
2016-12-15 00:00:00,115.75,118.0,115.0,116.5,18096
2016-12-14 00:00:00,118.75,118.75,115.5,116.75,13402
2016-12-13 00:00:00,118.0,118.5,115.5,118.5,15240
2016-12-12 00:00:00,118.25,118.5,114.0,118.5,9202
2016-12-09 00:00:00,112.0,119.5,111.5,116.5,39114
2016-12-08 00:00:00,110.25,113.0,109.0,112.75,172645
2016-12-07 00:00:00,110.25,111.75,110.25,111.75,13861
2016-12-06 00:00:00,113.0,113.0,108.0,111.75,28217
2016-12-05 00:00:00,110.75,113.25,110.5,112.5,14021
2016-12-02 00:00:00,110.25,114.0,110.25,113.0,15337
2016-12-01 00:00:00,112.25,114.5,112.0,114.25,20721
2016-11-30 00:00:00,111.0,115.75,111.0,115.75,35344
2016-11-29 00:00:00,109.5,111.75,109.5,111.0,7057
2016-11-28 00:00:00,113.0,113.5,111.0,111.5,9861
2016-11-25 00:00:00,111.25,113.0,111.0,113.0,3725
2016-11-24 00:00:00,112.0,112.25,110.5,111.5,13629
2016-11-23 00:00:00,112.25,112.5,108.25,111.75,15153
2016-11-22 00:00:00,111.5,112.5,109.5,112.25,9344
2016-11-21 00:00:00,111.75,112.5,110.5,111.0,17020
2016-11-18 00:00:00,111.5,113.0,110.75,111.75,13849
2016-11-17 00:00:00,110.25,111.5,110.25,111.5,10251
2016-11-16 00:00:00,109.0,111.75,109.0,109.75,61702
2016-11-15 00:00:00,108.25,110.25,108.25,110.0,5896
2016-11-14 00:00:00,108.25,110.0,107.25,108.0,327434
2016-11-11 00:00:00,109.5,112.0,106.75,108.25,21890
2016-11-10 00:00:00,109.25,112.0,108.5,109.5,21027
2016-11-09 00:00:00,100.0,110.0,100.0,109.25,27736
2016-11-08 00:00:00,111.25,111.25,107.25,108.5,23306
2016-11-07 00:00:00,108.5,111.0,107.5,110.0,20413
2016-11-04 00:00:00,110.0,110.0,108.5,108.5,129083
2016-11-03 00:00:00,104.25,110.0,104.25,109.25,26681
2016-11-02 00:00:00,106.5,106.5,103.5,105.0,21582
2016-11-01 00:00:00,107.25,107.25,99.25,106.75,44782
2016-10-31 00:00:00,106.25,109.0,106.25,107.5,11271
2016-10-28 00:00:00,109.0,109.25,107.0,109.0,11218
2016-10-27 00:00:00,107.0,109.75,107.0,109.75,14447
2016-10-26 00:00:00,107.25,109.0,106.25,107.75,13313
2016-10-25 00:00:00,110.5,110.5,102.25,107.75,10462
2016-10-24 00:00:00,111.75,113.0,110.5,110.75,9186
2016-10-21 00:00:00,112.25,113.75,112.25,112.25,7636
2016-10-20 00:00:00,113.25,114.0,112.25,112.25,11114
2016-10-19 00:00:00,115.25,115.25,113.25,113.25,6344
2016-10-18 00:00:00,113.5,115.25,112.5,114.25,11507
2016-10-17 00:00:00,116.5,116.5,114.25,114.25,94627
2016-10-14 00:00:00,112.25,117.5,112.25,116.5,18719
2016-10-13 00:00:00,114.5,114.5,112.25,112.25,8042
2016-10-12 00:00:00,114.25,115.75,114.25,114.25,201639
2016-10-11 00:00:00,115.0,115.75,114.25,114.25,9943
2016-10-10 00:00:00,117.75,118.0,115.25,115.25,12767
2016-10-07 00:00:00,119.5,120.5,116.0,116.5,27162
2016-10-06 00:00:00,120.0,120.25,117.0,119.0,24393
2016-10-05 00:00:00,116.25,120.75,115.25,120.0,37534
2016-10-04 00:00:00,117.75,117.75,116.25,116.25,66149
2016-10-03 00:00:00,115.5,117.25,114.25,116.0,15734
2016-09-30 00:00:00,112.0,115.75,112.0,115.5,22095
2016-09-29 00:00:00,114.0,114.5,112.75,113.75,24667
2016-09-28 00:00:00,110.5,114.0,110.5,114.0,128120
2016-09-27 00:00:00,111.75,114.5,110.5,110.5,45244
2016-09-26 00:00:00,110.0,114.5,108.0,112.75,49295
2016-09-23 00:00:00,104.5,106.0,104.25,104.5,15858
2016-09-22 00:00:00,109.0,109.0,102.0,106.0,95243
2016-09-21 00:00:00,107.5,109.0,107.5,107.5,6495
2016-09-20 00:00:00,109.25,111.0,105.0,107.0,8518
2016-09-19 00:00:00,109.0,111.25,109.0,110.0,9461
2016-09-16 00:00:00,110.75,112.0,109.5,111.75,16174
2016-09-15 00:00:00,111.0,112.5,110.75,110.75,2450
2016-09-14 00:00:00,108.75,113.5,108.75,111.0,19936
2016-09-13 00:00:00,109.25,111.0,109.0,109.0,6407
2016-09-12 00:00:00,111.0,111.0,109.25,109.5,111752
2016-09-09 00:00:00,113.25,113.5,110.5,111.5,11814
2016-09-08 00:00:00,112.5,113.5,112.0,112.0,15648
2016-09-07 00:00:00,111.25,114.0,111.0,113.25,78821
2016-09-06 00:00:00,108.25,111.5,108.25,111.5,80156
2016-09-05 00:00:00,110.25,111.5,109.25,109.5,29035
2016-09-02 00:00:00,112.0,112.5,109.75,110.25,18999
2016-09-01 00:00:00,115.0,116.5,111.5,112.0,22535
2016-08-31 00:00:00,110.5,115.25,110.5,115.25,51864
2016-08-30 00:00:00,111.0,113.0,110.25,110.5,16488
2016-08-29 00:00:00,108.25,112.25,108.25,111.0,13219
2016-08-26 00:00:00,106.5,111.0,105.75,110.5,20378
2016-08-25 00:00:00,108.0,110.0,107.5,107.5,15989
2016-08-24 00:00:00,106.0,109.75,106.0,108.5,13180
2016-08-23 00:00:00,108.75,109.25,106.5,108.0,15717
2016-08-22 00:00:00,106.25,110.0,105.75,109.0,16103
2016-08-19 00:00:00,105.0,107.25,104.0,106.25,10125
2016-08-18 00:00:00,101.0,105.0,101.0,104.75,20760
2016-08-17 00:00:00,105.0,105.25,100.25,101.0,17817
2016-08-16 00:00:00,106.25,107.0,104.0,104.0,15513
2016-08-15 00:00:00,106.0,107.5,106.0,107.5,8789
2016-08-12 00:00:00,106.0,108.0,105.75,106.5,21096
2016-08-11 00:00:00,104.5,107.0,103.75,106.75,19915
2016-08-10 00:00:00,104.25,106.0,104.25,105.25,15513
2016-08-09 00:00:00,105.0,106.0,104.0,106.0,19257
2016-08-08 00:00:00,104.5,105.0,103.5,105.0,9701
2016-08-05 00:00:00,104.5,106.0,104.5,104.75,10234
2016-08-04 00:00:00,105.0,105.25,104.25,104.25,10726
2016-08-03 00:00:00,103.75,105.75,101.75,105.0,19035
2016-08-02 00:00:00,103.0,105.75,103.0,105.5,19978
2016-08-01 00:00:00,105.25,106.0,104.0,106.0,9168
2016-07-29 00:00:00,106.5,106.5,103.25,104.5,14779
2016-07-28 00:00:00,105.0,106.5,105.0,106.5,7934
2016-07-27 00:00:00,104.75,107.0,104.0,107.0,20938
2016-07-26 00:00:00,104.25,104.75,103.5,104.5,6788
2016-07-25 00:00:00,104.0,105.0,103.5,104.0,32322
2016-07-22 00:00:00,104.0,105.0,102.0,104.0,35241
2016-07-21 00:00:00,106.75,107.25,105.5,107.0,15867
2016-07-20 00:00:00,104.0,109.5,104.0,107.5,105056
2016-07-19 00:00:00,102.75,104.5,102.5,104.0,23686
2016-07-18 00:00:00,102.5,103.0,101.5,102.25,19949
2016-07-15 00:00:00,102.25,102.25,100.75,101.25,13795
2016-07-14 00:00:00,98.25,102.0,97.25,101.25,31140
2016-07-13 00:00:00,100.0,100.0,96.75,97.5,10656
2016-07-12 00:00:00,95.5,97.75,95.5,97.25,23475
2016-07-11 00:00:00,94.25,96.75,94.25,95.75,18526
2016-07-08 00:00:00,92.5,94.5,92.5,93.5,16301
2016-07-07 00:00:00,91.5,94.75,91.5,92.5,11889
2016-07-06 00:00:00,94.5,94.5,90.75,91.5,52787
2016-07-05 00:00:00,95.75,97.5,94.75,94.75,12322
2016-07-04 00:00:00,96.0,98.25,96.0,96.25,30219
2016-07-01 00:00:00,98.75,98.75,95.5,96.5,38957
2016-06-30 00:00:00,95.25,97.5,95.25,96.5,37393
2016-06-29 00:00:00,96.0,97.75,94.75,96.0,37758
2016-06-28 00:00:00,96.0,98.0,94.75,95.75,30378
2016-06-27 00:00:00,96.5,100.0,96.0,96.0,36336
2016-06-24 00:00:00,,103.75,103.75,103.75,0
2016-06-23 00:00:00,104.75,104.75,103.25,103.75,3067
2016-06-22 00:00:00,102.25,105.25,102.25,103.75,94084
2016-06-21 00:00:00,101.25,105.0,101.25,104.5,21794
2016-06-20 00:00:00,99.5,105.0,99.5,105.0,55477
2016-06-17 00:00:00,96.25,101.25,96.25,100.75,59526
2016-06-16 00:00:00,98.75,99.25,97.25,97.25,44200
2016-06-15 00:00:00,96.75,100.0,96.75,98.75,34713
2016-06-14 00:00:00,95.0,100.5,95.0,96.75,66482
2016-06-13 00:00:00,100.0,101.0,96.75,99.25,32074
2016-06-10 00:00:00,102.0,102.25,100.0,101.5,25852
2016-06-09 00:00:00,104.0,104.75,101.5,102.0,31514
2016-06-08 00:00:00,105.0,105.25,104.0,105.0,28755
2016-06-07 00:00:00,104.0,105.25,103.75,105.0,53492
2016-06-06 00:00:00,,104.5,104.5,104.5,0
2016-06-03 00:00:00,104.5,105.5,103.5,104.5,28500
2016-06-02 00:00:00,102.5,106.5,102.5,104.5,286739
2016-06-01 00:00:00,107.0,107.0,102.75,104.5,35793
2016-05-31 00:00:00,105.0,106.0,104.0,106.0,46954
2016-05-30 00:00:00,102.75,104.25,101.5,104.25,33169
2016-05-27 00:00:00,101.0,103.75,100.75,103.0,39982
2016-05-26 00:00:00,101.5,101.5,100.5,100.75,35650
2016-05-25 00:00:00,103.75,104.5,101.25,101.5,43662
2016-05-24 00:00:00,99.25,104.0,99.25,103.5,27766
2016-05-23 00:00:00,101.0,102.0,98.5,101.25,26695
2016-05-20 00:00:00,96.5,101.0,96.5,101.0,22156
2016-05-19 00:00:00,100.0,100.0,97.75,98.5,85587
2016-05-18 00:00:00,98.75,99.5,98.25,99.0,40074
2016-05-17 00:00:00,99.0,99.25,98.25,98.5,115255
2016-05-16 00:00:00,97.0,99.5,97.0,99.0,30196
2016-05-13 00:00:00,92.75,97.0,92.75,96.5,41335
2016-05-12 00:00:00,94.75,94.75,93.0,93.0,21568
2016-05-11 00:00:00,98.0,98.0,93.5,93.75,30153
2016-05-10 00:00:00,93.75,96.0,93.0,96.0,34732
2016-05-09 00:00:00,93.0,93.25,91.25,92.5,30416
2016-05-06 00:00:00,92.5,93.0,91.25,92.75,45517
2016-05-05 00:00:00,92.25,94.0,91.75,92.0,25266
2016-05-04 00:00:00,92.25,94.0,91.75,92.0,25266
2016-05-03 00:00:00,93.0,93.75,90.25,91.25,564826
2016-05-02 00:00:00,91.0,93.75,91.0,93.75,11206
2016-04-29 00:00:00,91.0,91.5,90.75,91.0,23527
2016-04-28 00:00:00,90.0,92.0,89.75,91.5,74382
2016-04-27 00:00:00,92.5,92.5,90.0,90.0,76002
2016-04-26 00:00:00,90.75,91.75,88.5,90.25,69187
2016-04-25 00:00:00,91.0,91.25,90.0,90.0,21448
2016-04-22 00:00:00,91.25,93.5,91.0,91.0,15591
2016-04-21 00:00:00,93.75,95.0,93.25,95.0,32809
2016-04-20 00:00:00,93.25,94.5,92.75,93.75,28005
2016-04-19 00:00:00,93.0,94.0,92.25,94.0,28291
2016-04-18 00:00:00,90.5,94.0,90.5,92.5,23202
2016-04-15 00:00:00,91.5,93.25,90.75,92.0,37175
2016-04-14 00:00:00,94.0,94.0,91.0,91.5,19616
2016-04-13 00:00:00,91.75,92.0,91.0,91.25,14971
2016-04-12 00:00:00,91.0,91.25,89.5,90.25,26497
2016-04-11 00:00:00,91.25,92.0,91.0,91.5,3996
2016-04-08 00:00:00,91.25,91.5,90.0,91.5,224471
2016-04-07 00:00:00,89.25,90.25,89.0,90.0,27751
2016-04-06 00:00:00,92.5,92.75,89.5,91.5,25733
2016-04-05 00:00:00,94.0,94.0,89.5,92.25,29530
2016-04-04 00:00:00,91.5,93.25,89.75,92.25,54698
2016-04-01 00:00:00,92.0,92.0,89.5,90.0,48374
2016-03-31 00:00:00,95.0,95.0,92.0,92.0,13075
2016-03-30 00:00:00,95.0,95.0,92.75,94.25,23580
2016-03-29 00:00:00,94.5,94.5,92.5,92.75,6242
2016-03-28 00:00:00,94.75,94.75,93.0,93.0,5174
2016-03-25 00:00:00,94.75,94.75,93.0,93.0,5174
2016-03-24 00:00:00,94.75,94.75,93.0,93.0,5174
2016-03-23 00:00:00,95.0,95.25,93.25,93.25,12704
2016-03-22 00:00:00,97.0,97.0,94.25,95.0,14798
2016-03-21 00:00:00,94.0,98.5,94.0,97.0,7740
2016-03-18 00:00:00,94.0,96.75,93.75,96.5,34132
2016-03-17 00:00:00,96.5,96.75,92.75,95.75,12134
2016-03-16 00:00:00,95.5,96.0,93.0,96.0,4993
2016-03-15 00:00:00,94.5,96.25,92.25,95.5,10164
2016-03-14 00:00:00,94.75,97.5,93.5,94.5,23945
2016-03-11 00:00:00,94.5,97.5,94.5,96.75,5091
2016-03-10 00:00:00,94.75,97.25,94.0,94.25,14610
2016-03-09 00:00:00,95.25,96.25,94.25,94.75,12178
2016-03-08 00:00:00,97.75,99.0,95.5,97.0,11247
2016-03-07 00:00:00,98.5,100.0,97.25,98.5,14880
2016-03-04 00:00:00,93.25,98.5,93.25,98.0,20311
2016-03-03 00:00:00,90.0,94.0,90.0,93.25,10676
2016-03-02 00:00:00,92.75,93.0,91.0,92.0,17931
2016-03-01 00:00:00,90.75,94.0,90.5,92.25,9121
2016-02-29 00:00:00,89.25,92.0,89.25,91.0,6905
2016-02-26 00:00:00,90.5,92.0,89.5,90.75,18280
2016-02-25 00:00:00,90.0,90.5,88.75,90.5,21570
2016-02-24 00:00:00,89.75,90.75,88.5,90.0,42895
2016-02-23 00:00:00,89.5,91.5,88.75,90.0,30634
2016-02-22 00:00:00,87.5,91.75,87.0,89.5,15436
2016-02-19 00:00:00,87.0,89.25,86.5,87.0,12139
2016-02-18 00:00:00,88.0,90.0,86.0,89.5,13573
2016-02-17 00:00:00,86.75,88.0,85.0,87.25,27420
2016-02-16 00:00:00,87.0,87.5,83.0,84.25,15002
2016-02-15 00:00:00,89.75,89.75,85.25,87.0,16513
2016-02-12 00:00:00,83.0,84.5,81.5,84.0,32153
2016-02-11 00:00:00,86.0,86.0,81.5,82.25,18140
2016-02-10 00:00:00,84.75,87.25,81.25,86.0,30513
2016-02-09 00:00:00,85.0,86.25,80.25,85.25,37771
2016-02-08 00:00:00,86.0,88.5,85.5,85.5,56163
2016-02-05 00:00:00,88.0,89.0,87.25,88.25,5334
2016-02-04 00:00:00,87.5,89.75,86.0,87.75,11690
2016-02-03 00:00:00,89.5,89.5,87.5,87.5,32251
2016-02-02 00:00:00,87.25,90.5,86.0,88.75,47559
2016-02-01 00:00:00,87.5,89.0,87.0,88.0,20689
2016-01-29 00:00:00,92.0,92.0,87.0,87.25,70377
2016-01-28 00:00:00,91.0,91.0,87.5,88.75,14167
2016-01-27 00:00:00,92.0,92.25,89.0,90.25,18186
2016-01-26 00:00:00,91.0,92.0,87.5,91.5,26022
2016-01-25 00:00:00,95.0,95.0,89.75,89.75,15602
2016-01-22 00:00:00,90.0,93.75,90.0,92.5,19531
2016-01-21 00:00:00,89.0,91.75,87.5,89.5,23847
2016-01-20 00:00:00,86.0,91.0,86.0,89.0,21732
2016-01-19 00:00:00,91.0,93.75,91.0,93.0,16981
2016-01-18 00:00:00,96.0,99.25,90.5,91.0,22309
2016-01-15 00:00:00,94.0,100.5,93.5,95.5,28221
2016-01-14 00:00:00,101.75,101.75,94.75,96.75,30238
2016-01-13 00:00:00,100.75,103.25,95.75,98.75,11715
2016-01-12 00:00:00,99.0,101.75,98.5,100.75,39087
2016-01-11 00:00:00,101.75,102.0,98.5,99.0,218743
2016-01-08 00:00:00,104.0,105.75,100.5,102.0,24350
2016-01-07 00:00:00,100.0,104.5,93.25,103.75,33867
2016-01-06 00:00:00,,101.5,101.5,101.5,0
2016-01-05 00:00:00,106.75,107.0,101.5,101.5,16021
2016-01-04 00:00:00,105.0,107.0,101.0,106.75,30171
2016-01-01 00:00:00,,107.0,107.0,107.0,0
2015-12-31 00:00:00,,107.0,107.0,107.0,0
2015-12-30 00:00:00,105.5,107.0,104.25,107.0,42944
2015-12-29 00:00:00,104.25,105.5,104.25,105.5,38883
2015-12-28 00:00:00,104.25,106.5,104.0,104.5,25349
2015-12-25 00:00:00,103.75,106.25,103.75,104.25,92736
2015-12-24 00:00:00,103.75,106.25,103.75,104.25,92736
2015-12-23 00:00:00,103.75,106.25,103.75,104.25,92736
2015-12-22 00:00:00,105.75,106.5,102.0,105.0,24845
2015-12-21 00:00:00,104.25,106.25,103.5,105.0,13973
2015-12-18 00:00:00,107.0,107.0,101.5,102.75,15499
2015-12-17 00:00:00,103.0,106.0,103.0,106.0,37116
2015-12-16 00:00:00,105.0,105.75,100.75,102.5,43633
2015-12-15 00:00:00,98.75,104.25,98.75,101.5,78161
2015-12-14 00:00:00,101.25,102.25,95.25,99.75,66187
2015-12-11 00:00:00,104.0,104.0,100.25,101.25,46191
2015-12-10 00:00:00,102.5,104.75,102.0,104.75,17561
2015-12-09 00:00:00,106.75,107.5,100.75,102.25,55297
2015-12-08 00:00:00,107.25,108.25,105.0,106.75,73204
2015-12-07 00:00:00,106.75,107.75,104.75,107.0,35898
2015-12-04 00:00:00,112.0,112.0,104.0,106.5,39318
2015-12-03 00:00:00,107.0,109.75,104.5,109.25,77734
2015-12-02 00:00:00,106.75,110.0,105.5,106.75,53317
2015-12-01 00:00:00,105.0,108.25,103.5,106.75,43834
2015-11-30 00:00:00,98.25,104.0,98.25,104.0,44371
2015-11-27 00:00:00,99.0,101.75,99.0,101.5,4457
2015-11-26 00:00:00,102.5,102.5,101.0,101.0,10806
2015-11-25 00:00:00,100.0,103.0,99.25,102.5,65408
2015-11-24 00:00:00,101.75,101.75,98.5,100.0,43178
2015-11-23 00:00:00,101.75,102.5,100.0,100.25,28802
2015-11-20 00:00:00,102.0,102.0,99.5,101.75,41168
2015-11-19 00:00:00,98.25,102.0,98.25,101.25,38935
2015-11-18 00:00:00,99.25,103.0,99.0,101.0,65611
2015-11-17 00:00:00,103.0,104.5,102.5,103.75,39704
2015-11-16 00:00:00,102.0,104.0,100.25,102.5,32320
2015-11-13 00:00:00,101.25,104.25,101.25,102.25,27570
2015-11-12 00:00:00,105.0,105.0,102.25,103.25,34206
2015-11-11 00:00:00,106.0,108.0,104.25,104.25,258524
2015-11-10 00:00:00,102.75,106.5,102.75,106.25,44876
2015-11-09 00:00:00,103.25,104.5,102.0,103.0,93731
2015-11-06 00:00:00,103.75,105.0,102.25,103.5,40364
2015-11-05 00:00:00,105.0,106.25,103.75,104.25,29628
2015-11-04 00:00:00,100.75,105.75,100.5,105.0,45223
2015-11-03 00:00:00,95.5,100.75,95.5,100.5,28768
2015-11-02 00:00:00,99.5,100.75,98.5,99.5,28995
2015-10-30 00:00:00,97.25,99.0,97.25,98.75,21547
2015-10-29 00:00:00,97.25,99.75,97.25,97.25,64828
2015-10-28 00:00:00,99.5,99.5,97.5,98.5,36561
2015-10-27 00:00:00,103.75,103.75,99.5,100.0,51931
2015-10-26 00:00:00,91.75,101.5,91.75,101.0,105477
2015-10-23 00:00:00,91.25,92.5,89.0,90.0,50111
2015-10-22 00:00:00,87.75,90.5,86.25,90.25,49746
2015-10-21 00:00:00,87.25,88.0,86.5,88.0,48026
2015-10-20 00:00:00,86.75,88.5,85.75,87.0,29647
2015-10-19 00:00:00,83.75,87.0,83.75,87.0,75745
2015-10-16 00:00:00,86.25,88.0,83.5,84.25,57975
2015-10-15 00:00:00,87.0,87.0,85.0,86.25,70311
2015-10-14 00:00:00,93.0,93.0,86.0,86.75,208464
2015-10-13 00:00:00,93.75,94.0,92.0,93.0,57084
2015-10-12 00:00:00,97.0,97.0,93.75,95.25,58975
2015-10-09 00:00:00,96.0,97.75,94.75,96.5,32507
2015-10-08 00:00:00,92.25,95.5,92.25,95.0,28698
2015-10-07 00:00:00,96.5,98.0,94.5,95.25,103080
2015-10-06 00:00:00,93.0,96.5,92.25,94.0,222161
2015-10-05 00:00:00,93.0,94.0,90.0,92.0,126187
2015-10-02 00:00:00,96.5,97.0,90.5,91.5,226988
2015-10-01 00:00:00,96.75,98.75,96.0,96.25,51933
2015-09-30 00:00:00,97.5,98.75,95.75,97.25,145257
2015-09-29 00:00:00,94.5,97.75,93.0,96.5,131357
2015-09-28 00:00:00,96.0,97.25,95.5,95.5,378164
2015-09-25 00:00:00,97.75,99.25,95.5,97.5,83624
2015-09-24 00:00:00,96.5,98.0,93.5,95.75,1280212
2015-09-23 00:00:00,97.5,98.75,93.0,97.0,56828
2015-09-22 00:00:00,96.5,97.0,94.0,96.75,1008409
2015-09-21 00:00:00,96.0,97.5,95.0,96.5,35518
2015-09-18 00:00:00,95.0,96.75,93.0,96.5,40547
2015-09-17 00:00:00,98.25,98.25,96.25,97.25,36342
2015-09-16 00:00:00,95.5,98.0,95.5,97.75,19341
2015-09-15 00:00:00,96.25,98.25,93.5,95.5,37060
2015-09-14 00:00:00,98.5,99.0,96.0,97.75,24046
2015-09-11 00:00:00,97.5,99.75,97.0,98.5,39036
2015-09-10 00:00:00,96.0,98.75,95.25,98.0,29300
2015-09-09 00:00:00,98.0,100.75,98.0,99.0,45644
2015-09-08 00:00:00,96.5,97.75,94.0,97.5,35577
2015-09-07 00:00:00,94.5,95.75,94.0,94.0,27436
2015-09-04 00:00:00,96.75,96.75,93.5,94.5,52775
2015-09-03 00:00:00,93.0,96.75,92.5,96.25,44039
2015-09-02 00:00:00,95.25,95.5,91.0,92.0,129150
2015-09-01 00:00:00,100.5,100.5,95.0,95.0,46814
2015-08-31 00:00:00,96.0,101.0,95.0,100.5,65049
2015-08-28 00:00:00,96.0,98.25,94.0,97.75,47137
2015-08-27 00:00:00,96.5,96.75,92.5,96.0,61368
2015-08-26 00:00:00,93.5,93.5,87.0,92.5,29316
2015-08-25 00:00:00,89.0,94.0,88.75,92.25,57622
2015-08-24 00:00:00,86.75,89.75,84.25,89.0,305544
2015-08-21 00:00:00,94.25,96.0,91.0,91.25,357923
2015-08-20 00:00:00,97.25,98.5,91.0,95.5,356734
2015-08-19 00:00:00,98.75,99.0,97.5,98.0,46236
2015-08-18 00:00:00,98.25,100.0,97.75,98.0,43757
2015-08-17 00:00:00,100.5,100.5,98.5,100.5,25201
2015-08-14 00:00:00,99.5,100.5,98.75,100.5,37125
2015-08-13 00:00:00,100.0,102.0,99.0,100.0,50924
2015-08-12 00:00:00,99.75,100.0,97.0,98.5,43999
2015-08-11 00:00:00,101.0,102.25,99.75,101.0,29933
2015-08-10 00:00:00,100.75,102.0,100.5,101.0,17803
2015-08-07 00:00:00,100.75,102.25,100.0,100.0,24573
2015-08-06 00:00:00,101.0,102.75,100.5,101.75,32596
2015-08-05 00:00:00,99.5,102.25,99.5,101.0,30002
2015-08-04 00:00:00,101.25,101.25,99.25,100.0,40175
2015-08-03 00:00:00,99.25,101.5,98.5,100.0,37441
2015-07-31 00:00:00,96.0,99.5,94.75,99.25,46466
2015-07-30 00:00:00,96.75,97.25,95.25,95.5,126058
2015-07-29 00:00:00,96.75,96.75,95.5,95.75,280786
2015-07-28 00:00:00,97.0,97.25,95.25,96.25,34733
2015-07-27 00:00:00,98.0,98.0,93.5,96.0,75711
2015-07-24 00:00:00,98.5,98.5,94.25,96.75,186512
2015-07-23 00:00:00,102.5,103.75,102.25,103.25,23009
2015-07-22 00:00:00,102.5,102.5,101.0,102.0,18474
2015-07-21 00:00:00,103.75,103.75,101.5,102.25,55202
2015-07-20 00:00:00,104.75,104.75,102.25,102.5,29851
2015-07-17 00:00:00,105.75,105.75,100.5,101.25,200364
2015-07-16 00:00:00,99.5,103.25,99.0,101.25,22758
2015-07-15 00:00:00,102.0,102.5,98.5,98.5,44412
2015-07-14 00:00:00,104.5,104.5,101.75,101.75,30231
2015-07-13 00:00:00,101.75,105.25,101.75,105.0,39019
2015-07-10 00:00:00,102.0,102.75,101.25,101.25,24303
2015-07-09 00:00:00,98.5,101.25,96.5,100.5,26007
2015-07-08 00:00:00,97.0,99.0,97.0,98.5,22618
2015-07-07 00:00:00,95.75,98.5,95.75,98.5,160305
2015-07-06 00:00:00,96.75,97.5,95.5,95.5,35484
2015-07-03 00:00:00,99.0,100.0,98.5,98.5,15211
2015-07-02 00:00:00,102.5,102.5,99.5,100.0,16238
2015-07-01 00:00:00,98.0,104.0,98.0,101.25,60482
2015-06-30 00:00:00,98.0,99.5,97.25,98.25,26936
2015-06-29 00:00:00,98.75,101.75,97.0,99.0,31217
2015-06-26 00:00:00,103.0,105.5,100.0,102.5,74725
2015-06-25 00:00:00,106.0,107.0,102.75,103.0,38676
2015-06-24 00:00:00,110.5,110.5,105.75,105.75,30010
2015-06-23 00:00:00,111.0,111.25,110.0,110.5,52110
2015-06-22 00:00:00,104.0,109.75,104.0,109.75,58909
2015-06-19 00:00:00,,104.0,104.0,104.0,0
2015-06-18 00:00:00,105.75,107.25,103.75,104.0,87838
2015-06-17 00:00:00,105.5,108.5,104.75,106.25,281667
2015-06-16 00:00:00,103.75,105.0,100.0,104.25,82296
2015-06-15 00:00:00,109.5,109.5,103.75,103.75,282704
2015-06-12 00:00:00,111.0,111.0,108.5,110.25,25371
2015-06-11 00:00:00,110.25,111.75,109.0,111.0,79930
2015-06-10 00:00:00,107.25,110.0,106.25,109.0,47850
2015-06-09 00:00:00,107.0,109.5,105.75,109.0,63929
2015-06-08 00:00:00,111.0,111.0,107.5,109.0,49018
2015-06-05 00:00:00,111.0,112.5,110.75,111.5,30247
2015-06-04 00:00:00,112.25,115.0,111.75,113.75,50151
2015-06-03 00:00:00,113.75,114.75,111.5,114.75,55401
2015-06-02 00:00:00,114.0,115.25,112.25,113.75,37367
2015-06-01 00:00:00,114.0,115.25,112.0,114.75,39404
2015-05-29 00:00:00,114.0,115.0,112.5,114.25,32750
2015-05-28 00:00:00,116.0,116.0,114.0,114.0,25347
2015-05-27 00:00:00,115.5,116.0,115.0,116.0,21025
2015-05-26 00:00:00,115.5,117.0,115.5,115.5,29048
2015-05-25 00:00:00,116.75,117.5,115.75,117.25,30383
2015-05-22 00:00:00,119.5,120.25,118.0,118.0,44689
2015-05-21 00:00:00,118.0,120.0,116.75,119.5,99886
2015-05-20 00:00:00,120.0,120.0,117.0,118.0,50054
2015-05-19 00:00:00,116.75,120.0,116.75,120.0,76752
2015-05-18 00:00:00,118.75,118.75,115.75,117.25,35525
2015-05-15 00:00:00,112.75,118.25,112.5,118.25,60348
2015-05-14 00:00:00,111.75,113.5,111.25,113.25,44486
2015-05-13 00:00:00,111.75,113.5,111.25,113.25,44486
2015-05-12 00:00:00,114.75,114.75,110.25,112.5,42170
2015-05-11 00:00:00,111.0,115.0,111.0,115.0,32240
2015-05-08 00:00:00,110.5,112.0,110.5,111.0,81241
2015-05-07 00:00:00,112.25,112.25,106.5,110.0,270954
2015-05-06 00:00:00,112.0,113.5,110.75,113.0,88912
2015-05-05 00:00:00,115.25,115.25,112.0,114.5,166540
2015-05-04 00:00:00,117.0,117.0,112.75,115.75,44345
2015-05-01 00:00:00,117.25,119.0,115.0,118.0,38610
2015-04-30 00:00:00,117.25,119.0,115.0,118.0,38610
2015-04-29 00:00:00,122.75,123.0,115.25,117.25,367003
2015-04-28 00:00:00,126.75,126.75,120.0,122.75,73356
2015-04-27 00:00:00,122.5,125.5,122.5,125.5,61974
2015-04-24 00:00:00,123.75,124.0,120.5,122.25,77928
2015-04-23 00:00:00,123.5,125.0,122.5,123.25,54232
2015-04-22 00:00:00,119.75,123.5,118.25,123.5,97538
2015-04-21 00:00:00,116.75,119.0,116.5,119.0,64368
2015-04-20 00:00:00,117.0,119.0,115.75,116.75,244441
2015-04-17 00:00:00,117.5,118.0,114.75,115.5,119324
2015-04-16 00:00:00,117.75,119.5,117.0,117.75,69352
2015-04-15 00:00:00,117.25,118.0,115.75,117.75,37066
2015-04-14 00:00:00,116.0,117.0,115.5,117.0,33374
2015-04-13 00:00:00,115.75,116.25,115.0,116.0,35920
2015-04-10 00:00:00,115.5,117.5,115.25,116.0,58130
2015-04-09 00:00:00,115.75,117.0,115.25,116.25,46055
2015-04-08 00:00:00,114.75,114.75,112.5,114.25,56337
2015-04-07 00:00:00,114.0,114.0,112.5,113.0,56942
2015-04-02 00:00:00,115.0,115.25,112.5,113.75,33728
2015-04-01 00:00:00,115.25,116.5,114.0,116.5,25289
2015-03-31 00:00:00,116.5,117.25,113.5,115.25,40695
2015-03-30 00:00:00,117.25,117.5,115.0,116.5,59826
2015-03-27 00:00:00,117.5,117.5,111.5,117.25,43307
2015-03-26 00:00:00,117.0,119.75,115.5,119.0,72537
2015-03-25 00:00:00,120.0,120.0,117.25,117.5,44799
2015-03-24 00:00:00,117.25,119.5,116.0,119.25,47640
2015-03-23 00:00:00,119.0,119.0,116.25,117.25,43470
2015-03-20 00:00:00,115.75,119.0,115.5,119.0,48342
2015-03-19 00:00:00,118.25,119.0,115.0,116.0,61887
2015-03-18 00:00:00,116.25,118.5,114.5,117.75,87707
2015-03-17 00:00:00,118.0,119.0,115.25,115.75,143998
2015-03-16 00:00:00,113.25,117.25,113.25,117.25,94714
2015-03-13 00:00:00,112.75,114.25,111.25,112.25,75227
2015-03-12 00:00:00,110.0,112.75,109.75,111.75,62347
2015-03-11 00:00:00,102.0,108.75,101.25,108.25,209045
2015-03-10 00:00:00,107.75,107.75,102.5,103.25,46542
2015-03-09 00:00:00,106.5,108.0,105.25,106.5,35412
2015-03-06 00:00:00,109.25,109.75,107.0,108.0,202868
2015-03-05 00:00:00,108.5,110.5,108.5,110.0,25946
2015-03-04 00:00:00,110.0,110.0,102.25,109.25,59797
2015-03-03 00:00:00,114.5,114.5,109.5,110.5,29351
2015-03-02 00:00:00,115.25,117.75,114.0,114.5,28702
2015-02-27 00:00:00,116.5,118.0,115.75,116.0,60328
2015-02-26 00:00:00,114.0,116.5,114.0,116.5,23475
2015-02-25 00:00:00,113.75,115.25,113.0,114.75,45081
2015-02-24 00:00:00,113.25,116.0,111.5,114.0,31243
2015-02-23 00:00:00,112.0,114.0,112.0,114.0,27042
2015-02-20 00:00:00,112.25,112.75,111.0,112.5,19284
2015-02-19 00:00:00,113.25,113.5,112.25,112.25,35212
2015-02-18 00:00:00,109.0,113.75,109.0,113.25,48289
2015-02-17 00:00:00,111.0,111.0,107.25,110.0,47583
2015-02-16 00:00:00,109.25,111.0,109.0,110.75,49053
2015-02-13 00:00:00,111.0,111.25,109.0,110.5,56945
2015-02-12 00:00:00,110.0,111.0,109.5,110.0,119353
2015-02-11 00:00:00,110.0,110.75,109.25,109.75,47267
2015-02-10 00:00:00,110.75,111.5,108.5,109.0,59202
2015-02-09 00:00:00,109.25,111.5,108.5,111.25,59425
2015-02-06 00:00:00,107.0,110.5,107.0,109.25,88848
2015-02-05 00:00:00,108.0,108.0,104.5,108.0,152264
2015-02-04 00:00:00,106.5,109.0,105.5,107.25,932357
2015-02-03 00:00:00,107.75,107.75,106.0,106.0,50150
2015-02-02 00:00:00,108.0,108.0,105.5,107.0,65595
2015-01-30 00:00:00,102.5,106.5,102.5,106.0,170219
2015-01-29 00:00:00,98.75,103.5,98.75,102.0,100592
2015-01-28 00:00:00,98.75,100.25,98.75,100.0,205134
2015-01-27 00:00:00,101.0,101.25,98.5,98.75,91986
2015-01-26 00:00:00,100.25,101.25,100.0,101.0,136975
2015-01-23 00:00:00,100.75,103.75,100.75,101.0,233254
2015-01-22 00:00:00,100.0,100.75,99.0,99.5,135791
2015-01-21 00:00:00,100.5,100.75,98.0,99.0,39217
2015-01-20 00:00:00,99.25,102.5,99.0,100.25,125961
2015-01-19 00:00:00,99.0,100.0,98.0,99.5,34355
2015-01-16 00:00:00,97.0,99.75,95.75,99.0,67254
2015-01-15 00:00:00,97.0,97.0,94.5,97.0,69325
2015-01-14 00:00:00,96.5,97.5,94.5,96.5,66933
2015-01-13 00:00:00,92.5,95.0,92.0,95.0,72688
2015-01-12 00:00:00,92.0,92.25,90.5,91.0,285314
2015-01-09 00:00:00,92.25,92.25,90.5,91.5,21700
2015-01-08 00:00:00,89.5,92.0,89.5,92.0,24179
2015-01-07 00:00:00,92.0,92.25,88.5,89.0,39872
2015-01-06 00:00:00,,93.0,93.0,93.0,0
2015-01-05 00:00:00,93.0,93.0,92.25,93.0,13679
2015-01-02 00:00:00,92.0,93.25,92.0,93.0,41196
2015-01-01 00:00:00,92.25,93.25,92.25,93.0,48525
2014-12-30 00:00:00,92.25,93.25,92.25,93.0,48525
2014-12-29 00:00:00,93.0,93.0,91.75,92.25,46725
2014-12-23 00:00:00,92.75,93.5,92.75,93.0,49085
2014-12-22 00:00:00,91.25,93.75,90.25,93.0,82966
2014-12-19 00:00:00,94.25,95.0,91.5,91.5,64672
2014-12-18 00:00:00,94.25,95.5,93.0,94.0,76632
2014-12-17 00:00:00,94.0,94.0,91.25,93.25,54919
2014-12-16 00:00:00,94.0,94.0,91.25,94.0,55533
2014-12-15 00:00:00,93.75,95.0,92.0,92.5,35847
2014-12-12 00:00:00,93.0,95.0,92.5,94.0,127253
2014-12-11 00:00:00,94.0,94.75,92.75,93.0,25947
2014-12-10 00:00:00,94.0,95.5,94.0,94.25,20336
2014-12-09 00:00:00,95.75,95.75,93.75,95.0,40400
2014-12-08 00:00:00,95.5,97.0,95.5,96.0,71794
2014-12-05 00:00:00,95.5,97.25,95.5,97.0,40154
2014-12-04 00:00:00,95.0,96.5,93.0,94.75,45099
2014-12-03 00:00:00,96.0,96.5,94.75,95.0,45344
2014-12-02 00:00:00,96.25,97.25,95.0,97.0,29788
2014-12-01 00:00:00,96.75,97.0,95.0,96.5,31420
2014-11-28 00:00:00,97.0,97.25,96.75,97.0,17531
2014-11-27 00:00:00,97.5,98.0,96.5,98.0,18052
2014-11-26 00:00:00,99.0,99.0,97.25,98.0,51019
2014-11-25 00:00:00,98.0,99.75,97.5,99.0,66661
2014-11-24 00:00:00,96.0,98.0,95.0,98.0,33553
2014-11-21 00:00:00,96.5,97.0,95.25,95.75,46514
2014-11-20 00:00:00,97.0,97.0,95.25,96.5,55790
2014-11-19 00:00:00,95.5,98.0,95.25,97.0,37323
2014-11-18 00:00:00,96.0,97.75,95.5,96.75,25426
2014-11-17 00:00:00,96.25,96.5,94.5,96.25,26867
2014-11-14 00:00:00,94.0,97.0,93.75,96.5,32960
2014-11-13 00:00:00,94.0,94.0,92.25,93.25,86659
2014-11-12 00:00:00,96.0,96.0,92.25,93.0,51834
2014-11-11 00:00:00,96.25,96.25,95.0,95.5,27323
2014-11-10 00:00:00,95.0,96.5,94.75,96.0,36504
2014-11-07 00:00:00,98.25,98.25,95.75,95.75,31527
2014-11-06 00:00:00,95.0,98.0,94.0,98.0,45379
2014-11-05 00:00:00,92.75,96.0,92.0,95.75,84190
2014-11-04 00:00:00,91.5,93.0,90.75,92.0,45963
2014-11-03 00:00:00,90.25,93.5,89.75,93.0,52218
2014-10-31 00:00:00,88.75,90.25,88.75,90.25,15780
2014-10-30 00:00:00,88.25,89.0,87.5,88.0,52107
2014-10-29 00:00:00,84.75,88.5,84.75,87.5,60476
2014-10-28 00:00:00,85.0,86.5,84.5,84.5,35458
2014-10-24 00:00:00,85.25,86.0,81.5,82.25,103293
2014-10-23 00:00:00,86.75,86.75,84.5,84.5,88758
2014-10-22 00:00:00,89.0,91.0,85.0,85.25,67035
2014-10-21 00:00:00,81.0,88.25,81.0,88.0,55938
2014-10-20 00:00:00,85.0,85.0,81.0,82.5,71277
2014-10-17 00:00:00,78.75,84.25,78.25,84.25,61564
2014-10-16 00:00:00,79.0,81.75,74.5,78.25,263932
2014-10-15 00:00:00,81.75,81.75,78.0,78.75,94741
2014-10-14 00:00:00,76.0,82.0,76.0,82.0,107303
2014-10-13 00:00:00,77.25,78.75,75.25,76.5,88545
2014-10-10 00:00:00,79.75,80.75,78.25,78.25,164100
2014-10-09 00:00:00,81.25,83.25,81.25,82.5,121574
2014-10-08 00:00:00,81.0,81.0,79.0,80.75,57549
2014-10-07 00:00:00,84.5,84.5,81.5,81.5,93005
2014-10-06 00:00:00,85.0,86.0,84.25,84.5,59236
2014-10-03 00:00:00,81.5,85.0,81.5,84.25,36068
2014-10-02 00:00:00,84.25,84.75,81.5,81.5,37013
2014-10-01 00:00:00,85.0,86.0,81.75,84.5,200776
2014-09-30 00:00:00,88.0,88.5,85.0,85.25,101157
2014-09-29 00:00:00,88.5,91.0,87.75,88.0,19791
2014-09-26 00:00:00,90.25,90.5,86.25,88.25,153682
2014-09-25 00:00:00,92.5,93.25,90.25,90.25,31813
2014-09-24 00:00:00,95.75,95.75,92.5,92.5,192277
2014-09-23 00:00:00,97.25,98.0,95.5,95.75,53121
2014-09-22 00:00:00,97.75,98.75,97.0,97.25,35282
2014-09-19 00:00:00,95.75,98.25,95.0,97.75,54677
2014-09-18 00:00:00,95.25,96.75,94.5,95.75,45479
2014-09-17 00:00:00,93.25,94.5,93.0,94.0,53428
2014-09-16 00:00:00,94.5,94.75,93.25,93.25,38489
2014-09-15 00:00:00,95.75,98.0,93.0,95.0,60463
2014-09-12 00:00:00,96.75,97.0,96.0,97.0,42750
2014-09-11 00:00:00,99.25,99.25,94.0,96.5,60363
2014-09-10 00:00:00,96.5,98.0,96.0,98.0,257143
2014-09-09 00:00:00,91.25,95.5,91.0,95.5,267182
2014-09-08 00:00:00,92.75,93.0,91.5,92.0,40848
2014-09-05 00:00:00,92.0,92.5,91.5,92.5,34951
2014-09-04 00:00:00,92.25,92.5,91.75,92.0,112657
2014-09-03 00:00:00,91.0,92.75,91.0,92.0,124588
2014-09-02 00:00:00,90.5,90.5,88.5,89.5,94517
2014-09-01 00:00:00,88.75,90.5,88.5,90.25,19655
2014-08-29 00:00:00,88.5,90.25,88.25,89.75,17956
2014-08-28 00:00:00,90.25,90.25,87.5,89.0,222225
2014-08-27 00:00:00,91.75,91.75,88.75,88.75,60894
2014-08-26 00:00:00,90.75,91.5,90.5,91.25,19188
2014-08-25 00:00:00,90.25,91.5,89.25,90.25,18498
2014-08-22 00:00:00,91.0,91.75,88.75,89.25,26219
2014-08-21 00:00:00,88.75,91.0,88.75,90.75,20826
2014-08-20 00:00:00,91.25,91.75,89.0,89.5,115650
2014-08-19 00:00:00,89.75,91.25,88.25,91.25,25032
2014-08-18 00:00:00,87.5,89.0,87.25,88.25,11233
2014-08-15 00:00:00,88.0,88.5,85.75,86.75,20361
2014-08-14 00:00:00,88.75,89.5,87.0,88.0,28099
2014-08-13 00:00:00,88.25,89.0,87.25,88.25,35369
2014-08-12 00:00:00,85.75,90.0,85.75,89.25,39224
2014-08-11 00:00:00,87.25,88.0,84.5,86.5,115070
2014-08-08 00:00:00,89.75,90.0,87.0,87.0,104883
2014-08-07 00:00:00,91.75,92.0,90.5,91.0,38350
2014-08-06 00:00:00,91.0,92.25,90.25,91.0,28398
2014-08-05 00:00:00,90.5,92.75,90.5,92.25,30821
2014-08-04 00:00:00,93.5,93.5,91.0,91.0,67362
2014-08-01 00:00:00,91.0,93.75,90.0,93.5,50438
2014-07-31 00:00:00,93.0,93.0,90.75,91.25,39068
2014-07-30 00:00:00,94.0,94.0,91.75,93.25,30841
2014-07-29 00:00:00,93.0,94.25,93.0,93.5,30731
2014-07-28 00:00:00,95.0,95.25,93.0,93.0,34406
2014-07-25 00:00:00,90.75,94.0,89.75,93.75,45323
2014-07-24 00:00:00,91.25,91.25,87.5,89.25,84156
2014-07-23 00:00:00,94.0,94.0,91.5,92.5,55739
2014-07-22 00:00:00,94.0,94.75,93.5,94.25,35533
2014-07-21 00:00:00,94.25,94.5,93.25,94.0,20295
2014-07-18 00:00:00,94.0,95.5,92.5,94.25,51769
2014-07-17 00:00:00,91.0,92.75,90.75,91.75,21663
2014-07-16 00:00:00,91.25,93.0,90.75,91.0,10428
2014-07-15 00:00:00,92.0,92.25,91.25,91.75,14207
2014-07-14 00:00:00,93.0,93.0,91.75,92.75,113066
2014-07-11 00:00:00,92.0,93.0,91.25,93.0,11202
2014-07-10 00:00:00,95.0,95.0,88.5,93.0,130725
2014-07-09 00:00:00,96.25,96.25,94.25,94.5,7680
2014-07-08 00:00:00,96.5,96.5,94.5,96.5,16470
2014-07-07 00:00:00,96.75,97.75,96.75,97.0,10216
2014-07-04 00:00:00,95.5,96.75,95.5,96.75,10328
2014-07-03 00:00:00,94.5,96.0,93.25,95.5,64757
2014-07-02 00:00:00,94.0,95.0,94.0,95.0,8456
2014-07-01 00:00:00,94.5,94.75,92.5,94.25,16006
2014-06-30 00:00:00,93.75,94.25,93.25,94.25,19883
2014-06-27 00:00:00,94.0,96.0,93.5,93.75,25422
2014-06-26 00:00:00,93.75,95.0,93.75,94.25,15415
2014-06-25 00:00:00,93.25,95.0,93.25,95.0,75137
2014-06-24 00:00:00,93.75,97.25,93.5,94.25,14929
2014-06-23 00:00:00,91.0,95.25,91.0,95.25,28729
2014-06-20 00:00:00,,94.0,94.0,94.0,0
2014-06-19 00:00:00,94.5,95.75,92.25,94.0,183181
2014-06-18 00:00:00,90.0,94.0,90.0,94.0,74585
2014-06-17 00:00:00,93.0,93.0,89.75,90.5,58995
2014-06-16 00:00:00,92.75,93.25,91.5,92.0,79961
2014-06-13 00:00:00,93.75,94.75,92.25,92.75,85913
2014-06-12 00:00:00,95.25,96.75,93.0,93.25,82609
2014-06-11 00:00:00,97.75,98.0,94.25,95.25,85410
2014-06-10 00:00:00,99.0,99.0,97.0,98.75,57583
2014-06-09 00:00:00,99.25,100.75,96.5,99.0,52271
2014-06-06 00:00:00,,99.25,99.25,99.25,0
2014-06-05 00:00:00,99.5,99.75,99.0,99.25,45102
2014-06-04 00:00:00,99.5,100.75,98.0,100.0,62639
2014-06-03 00:00:00,100.75,100.75,98.0,99.25,47562
2014-06-02 00:00:00,99.0,100.0,98.0,99.5,109698
2014-05-30 00:00:00,98.75,100.0,98.75,99.25,118248
2014-05-28 00:00:00,99.5,99.5,95.75,99.0,64283
2014-05-27 00:00:00,101.0,101.0,98.25,99.25,1186863
2014-05-26 00:00:00,98.5,101.5,98.0,101.0,53916
2014-05-23 00:00:00,97.0,99.0,96.5,97.75,64117
2014-05-22 00:00:00,94.25,97.0,94.25,96.5,54101
2014-05-21 00:00:00,94.5,96.25,94.0,94.0,35776
2014-05-20 00:00:00,94.5,96.5,94.5,95.25,35428
2014-05-19 00:00:00,94.25,95.0,92.5,94.75,29486
2014-05-16 00:00:00,94.25,97.25,93.0,94.0,131417
2014-05-15 00:00:00,96.75,97.5,94.5,96.5,51369
2014-05-14 00:00:00,96.75,97.0,95.75,96.5,338555
2014-05-13 00:00:00,98.0,98.5,96.0,96.75,51023
2014-05-12 00:00:00,93.75,97.5,93.75,97.25,63976
2014-05-09 00:00:00,92.75,94.75,92.0,93.75,56811
2014-05-08 00:00:00,94.75,95.5,92.5,93.5,69037
2014-05-07 00:00:00,90.25,94.75,90.25,94.0,87931
2014-05-06 00:00:00,93.0,94.0,90.75,93.0,25215
2014-05-05 00:00:00,94.0,94.5,92.0,93.0,29005
2014-05-02 00:00:00,91.75,95.0,90.25,93.75,85991
2014-05-01 00:00:00,,92.0,92.0,92.0,0
2014-04-30 00:00:00,95.0,96.5,91.0,92.0,69741
2014-04-29 00:00:00,93.75,95.25,92.75,94.25,41100
2014-04-28 00:00:00,94.5,97.5,92.0,92.75,28516
2014-04-25 00:00:00,94.75,94.75,92.75,94.25,28561
2014-04-24 00:00:00,96.5,98.0,94.0,95.0,28456
2014-04-23 00:00:00,98.5,98.5,94.75,95.5,27514
2014-04-22 00:00:00,93.0,98.5,91.75,98.5,51606
2014-04-17 00:00:00,90.5,93.0,90.5,91.25,12954
2014-04-16 00:00:00,89.75,90.75,89.25,90.75,58353
2014-04-15 00:00:00,90.75,95.0,88.75,89.25,181418
2014-04-14 00:00:00,92.75,92.75,89.5,90.25,65587
2014-04-11 00:00:00,92.0,92.5,90.75,92.5,57883
2014-04-10 00:00:00,94.75,96.25,93.25,93.25,63723
2014-04-09 00:00:00,94.0,95.25,92.75,93.0,27739
2014-04-08 00:00:00,97.5,98.5,92.75,93.25,105931
2014-04-07 00:00:00,96.25,99.25,94.5,97.25,49008
2014-04-04 00:00:00,92.75,97.75,91.75,97.5,79615
2014-04-03 00:00:00,92.75,93.75,91.25,92.5,44494
2014-04-02 00:00:00,94.75,96.0,92.0,93.5,43258
2014-04-01 00:00:00,90.0,94.75,89.5,94.75,77648
2014-03-31 00:00:00,88.25,90.5,88.25,90.0,66619
2014-03-28 00:00:00,87.75,89.25,87.75,88.5,17350
2014-03-27 00:00:00,88.0,88.5,87.5,88.0,13242
2014-03-26 00:00:00,89.75,89.75,88.0,88.75,19791
2014-03-25 00:00:00,88.5,90.0,88.5,89.75,24954
2014-03-24 00:00:00,89.0,89.0,87.5,88.75,25204
2014-03-21 00:00:00,89.75,90.0,88.25,89.0,32680
2014-03-20 00:00:00,89.25,90.0,88.5,89.25,52682
2014-03-19 00:00:00,90.25,90.75,88.75,89.5,27902
2014-03-18 00:00:00,88.75,91.0,88.25,90.5,50413
2014-03-17 00:00:00,87.75,89.0,87.75,89.0,128905
2014-03-14 00:00:00,86.25,87.25,84.5,87.0,28226
2014-03-13 00:00:00,87.75,88.0,86.0,86.75,261893
2014-03-12 00:00:00,89.0,89.0,86.75,87.25,44530
2014-03-11 00:00:00,88.0,89.5,87.25,89.0,34943
2014-03-10 00:00:00,87.75,88.75,86.75,87.5,39184
2014-03-07 00:00:00,85.25,88.5,85.25,87.5,92260
2014-03-06 00:00:00,85.75,86.0,84.5,84.75,29455
2014-03-05 00:00:00,84.25,85.5,83.5,84.5,58658
2014-03-04 00:00:00,85.0,86.5,84.5,84.5,69702
2014-03-03 00:00:00,85.5,86.5,83.25,84.25,69664
2014-02-28 00:00:00,87.5,89.0,86.0,88.75,44764
2014-02-27 00:00:00,86.0,87.0,84.5,87.0,28398
2014-02-26 00:00:00,84.75,86.75,84.75,86.5,22778
2014-02-25 00:00:00,86.75,86.75,85.0,86.75,250021
2014-02-24 00:00:00,86.0,87.75,85.0,86.0,40275
2014-02-21 00:00:00,85.5,87.0,85.5,86.75,42266
2014-02-20 00:00:00,86.5,87.0,85.25,86.5,52689
2014-02-19 00:00:00,86.0,87.0,85.5,87.0,42288
2014-02-18 00:00:00,86.0,87.0,85.25,86.0,39147
2014-02-17 00:00:00,87.0,89.5,86.0,86.75,62749
2014-02-14 00:00:00,80.0,89.25,80.0,87.5,144055
2014-02-13 00:00:00,74.0,81.25,74.0,79.75,600485
2014-02-12 00:00:00,74.0,75.0,73.5,74.5,116488
2014-02-11 00:00:00,73.0,74.5,73.0,73.5,337278
2014-02-10 00:00:00,72.0,74.0,71.0,73.0,238408
2014-02-07 00:00:00,71.75,72.25,71.25,72.0,11861
2014-02-06 00:00:00,70.5,71.75,69.75,71.75,23089
2014-02-05 00:00:00,67.0,70.0,65.0,70.0,53843
2014-02-04 00:00:00,67.5,68.0,64.75,67.5,43338
2014-02-03 00:00:00,68.5,69.5,67.75,67.75,43365
2014-01-31 00:00:00,71.0,71.0,68.25,69.25,47271
2014-01-30 00:00:00,71.5,71.5,66.5,71.0,89270
2014-01-29 00:00:00,71.5,71.75,70.25,71.0,39790
2014-01-28 00:00:00,68.0,71.0,68.0,70.5,32053
2014-01-27 00:00:00,68.75,68.75,66.0,67.75,82595
2014-01-24 00:00:00,71.25,72.0,68.0,69.0,48139
2014-01-23 00:00:00,74.0,74.0,71.0,71.5,29148
2014-01-22 00:00:00,72.25,74.5,72.25,74.0,39491
2014-01-21 00:00:00,73.5,74.5,72.0,72.0,36389
2014-01-20 00:00:00,73.75,75.0,73.5,73.5,30123
2014-01-17 00:00:00,75.0,77.0,74.25,74.75,35443
2014-01-16 00:00:00,74.75,75.75,74.25,74.75,356212
2014-01-15 00:00:00,73.75,76.0,72.5,75.5,52161
2014-01-14 00:00:00,71.5,73.5,71.5,72.5,28249
2014-01-13 00:00:00,73.5,74.5,72.5,72.5,72847
2014-01-10 00:00:00,72.75,74.0,71.5,73.5,44332
2014-01-09 00:00:00,73.5,74.25,72.75,72.75,50922
2014-01-08 00:00:00,72.0,74.75,71.75,73.0,69590
2014-01-07 00:00:00,72.0,72.5,71.5,72.0,10830
2014-01-06 00:00:00,,72.0,72.0,72.0,0
2014-01-03 00:00:00,72.25,72.5,71.75,72.0,9584
2014-01-02 00:00:00,73.0,73.5,71.75,72.75,44210
2013-12-31 00:00:00,,72.75,72.75,72.75,0
2013-12-30 00:00:00,69.75,73.0,69.75,72.75,26957
2013-12-27 00:00:00,70.75,71.5,69.75,71.5,59513
2013-12-23 00:00:00,70.0,71.0,69.75,70.5,16995
2013-12-20 00:00:00,70.25,71.25,68.0,69.75,75498
2013-12-19 00:00:00,67.25,70.0,67.25,69.75,25386
2013-12-18 00:00:00,68.0,69.0,66.75,68.75,28888
2013-12-17 00:00:00,66.5,68.25,65.75,67.5,53299
2013-12-16 00:00:00,66.25,67.5,66.25,66.75,42732
2013-12-13 00:00:00,66.75,67.0,65.5,66.5,23022
2013-12-12 00:00:00,66.5,67.0,66.0,66.5,18710
2013-12-11 00:00:00,66.25,67.5,66.25,67.0,12801
2013-12-10 00:00:00,67.5,68.5,66.0,66.25,345389
2013-12-09 00:00:00,66.25,68.0,66.25,67.75,31803
2013-12-06 00:00:00,66.0,67.0,65.5,66.25,17701
2013-12-05 00:00:00,66.0,66.25,64.0,66.0,1436582
2013-12-04 00:00:00,66.5,66.5,65.25,65.75,12862
2013-12-03 00:00:00,67.25,67.25,66.0,66.5,125913
2013-12-02 00:00:00,69.0,69.25,67.5,67.5,21727
2013-11-29 00:00:00,69.25,70.0,68.5,69.0,16975
2013-11-28 00:00:00,70.0,70.75,69.25,69.25,15804
2013-11-27 00:00:00,69.5,70.5,69.25,70.5,85024
2013-11-26 00:00:00,69.0,71.0,68.75,70.5,35989
2013-11-25 00:00:00,70.0,70.75,68.75,69.0,25388
2013-11-22 00:00:00,69.75,70.5,69.25,69.25,74009
2013-11-21 00:00:00,69.75,70.0,68.5,69.5,57947
2013-11-20 00:00:00,69.5,70.75,69.0,69.75,19108
2013-11-19 00:00:00,70.5,72.0,69.0,69.25,24377
2013-11-18 00:00:00,68.5,70.5,68.5,69.25,9155
2013-11-15 00:00:00,69.25,69.25,67.5,69.0,29649
2013-11-14 00:00:00,69.75,69.75,67.0,68.25,29011
2013-11-13 00:00:00,68.5,70.5,68.0,69.25,32359
2013-11-12 00:00:00,71.5,71.5,68.0,68.5,22149
2013-11-11 00:00:00,71.25,72.75,70.75,71.25,18072
2013-11-08 00:00:00,71.25,72.5,70.25,71.5,26653
2013-11-07 00:00:00,69.25,72.75,67.5,72.0,94831
2013-11-06 00:00:00,66.25,69.5,65.75,69.0,104240
2013-11-05 00:00:00,65.25,66.0,64.75,66.0,13169
2013-11-04 00:00:00,65.0,66.0,65.0,65.5,28018
2013-11-01 00:00:00,66.5,67.25,65.0,65.0,22354
2013-10-31 00:00:00,68.25,68.25,66.5,66.75,51744
2013-10-30 00:00:00,69.75,69.75,68.25,68.75,134834
2013-10-29 00:00:00,69.75,69.75,67.5,68.75,106214
2013-10-28 00:00:00,70.5,70.5,69.25,70.0,33631
2013-10-25 00:00:00,68.0,70.25,68.0,70.25,31656
2013-10-24 00:00:00,70.0,71.0,67.5,68.0,70901
2013-10-23 00:00:00,69.5,71.5,67.25,69.75,89609
2013-10-22 00:00:00,70.75,71.0,69.75,69.75,15200
2013-10-21 00:00:00,71.25,71.25,70.0,70.75,14071
2013-10-18 00:00:00,70.5,71.5,69.75,71.0,27153
2013-10-17 00:00:00,71.0,71.5,69.5,70.5,22447
2013-10-16 00:00:00,71.75,72.0,70.25,70.75,41148
2013-10-15 00:00:00,72.0,73.75,70.75,72.5,59403
2013-10-14 00:00:00,72.0,72.0,70.0,71.0,36227
2013-10-11 00:00:00,73.75,74.5,71.5,72.5,36335
2013-10-10 00:00:00,69.75,74.5,69.75,73.25,226604
2013-10-09 00:00:00,72.0,72.5,68.0,69.25,102199
2013-10-08 00:00:00,72.25,73.5,71.25,72.25,50100
2013-10-07 00:00:00,73.5,73.5,71.25,72.5,27572
2013-10-04 00:00:00,74.25,75.75,72.5,73.75,25309
2013-10-03 00:00:00,74.25,75.25,73.5,74.25,25592
2013-10-02 00:00:00,73.5,74.5,72.0,74.25,222739
2013-10-01 00:00:00,71.75,74.5,70.75,73.75,64997
2013-09-30 00:00:00,73.25,73.25,70.25,71.75,78841
2013-09-27 00:00:00,74.75,74.75,73.75,74.25,11557
2013-09-26 00:00:00,75.5,76.5,73.25,75.0,90596
2013-09-25 00:00:00,74.0,76.5,73.0,76.0,285448
2013-09-24 00:00:00,76.0,77.25,73.0,74.25,81733
2013-09-23 00:00:00,77.0,77.75,75.75,76.25,26807
2013-09-20 00:00:00,77.25,77.25,76.0,77.0,29121
2013-09-19 00:00:00,76.75,77.5,76.5,77.0,119268
2013-09-18 00:00:00,77.0,77.0,76.0,76.5,43266
2013-09-17 00:00:00,76.75,77.0,76.25,76.75,10287
2013-09-16 00:00:00,76.5,77.0,75.25,76.75,40081
2013-09-13 00:00:00,76.5,76.75,75.25,76.5,28731
2013-09-12 00:00:00,76.0,76.75,75.5,76.75,23495
2013-09-11 00:00:00,74.75,76.0,74.75,76.0,29195
2013-09-10 00:00:00,74.75,75.0,73.75,75.0,171617
2013-09-09 00:00:00,74.25,74.5,73.75,74.25,436753
2013-09-06 00:00:00,74.75,74.75,70.25,74.0,76230
2013-09-05 00:00:00,75.75,75.75,74.75,75.0,1035594
2013-09-04 00:00:00,75.75,76.0,74.5,76.0,66737
2013-09-03 00:00:00,73.5,75.75,72.25,75.75,68443
2013-09-02 00:00:00,72.75,74.75,72.75,74.5,33759
2013-08-30 00:00:00,71.5,72.75,71.25,72.75,28215
2013-08-29 00:00:00,70.0,71.0,70.0,70.75,41928
2013-08-28 00:00:00,70.5,70.5,69.0,70.0,43666
2013-08-27 00:00:00,72.0,72.25,70.75,71.0,41674
2013-08-26 00:00:00,74.5,74.5,72.0,72.75,21444
2013-08-23 00:00:00,73.5,74.0,72.75,73.5,22700
2013-08-22 00:00:00,74.75,74.75,72.0,73.25,25799
2013-08-21 00:00:00,73.0,73.75,71.75,73.0,40684
2013-08-20 00:00:00,74.0,74.0,71.75,73.0,19169
2013-08-19 00:00:00,73.0,74.5,72.0,72.75,85703
2013-08-16 00:00:00,72.25,73.0,72.25,73.0,21918
2013-08-15 00:00:00,72.75,73.5,72.25,73.0,31337
2013-08-14 00:00:00,74.0,74.0,72.75,73.5,75862
2013-08-13 00:00:00,73.5,74.75,72.25,74.25,54509
2013-08-12 00:00:00,73.0,73.5,71.75,73.25,37742
2013-08-09 00:00:00,73.75,73.75,72.5,72.5,55387
2013-08-08 00:00:00,73.25,74.0,72.5,73.0,96979
2013-08-07 00:00:00,73.5,74.0,72.25,73.25,53376
2013-08-06 00:00:00,74.75,75.5,73.0,73.0,65046
2013-08-05 00:00:00,76.0,76.25,74.0,74.75,39477
2013-08-02 00:00:00,77.0,77.5,75.5,76.25,39040
2013-08-01 00:00:00,77.0,79.0,77.0,77.0,84294
2013-07-31 00:00:00,74.5,79.5,74.5,77.0,188404
2013-07-30 00:00:00,73.5,75.5,73.0,75.0,157312
2013-07-29 00:00:00,75.0,75.5,73.5,73.5,31534
2013-07-26 00:00:00,74.25,74.75,74.0,74.75,112868
2013-07-25 00:00:00,73.5,74.75,72.25,74.75,72429
2013-07-24 00:00:00,75.0,75.0,72.25,72.75,47823
2013-07-23 00:00:00,74.25,75.75,73.25,74.25,36325
2013-07-22 00:00:00,73.75,74.5,73.5,74.0,141459
2013-07-19 00:00:00,71.5,74.0,71.5,73.25,55620
2013-07-18 00:00:00,70.5,71.75,70.5,71.0,41157
2013-07-17 00:00:00,69.75,71.0,68.5,70.25,24588
2013-07-16 00:00:00,69.5,70.0,69.5,70.0,6535
2013-07-15 00:00:00,68.25,69.75,68.0,69.5,12332
2013-07-12 00:00:00,68.75,69.25,68.5,68.5,8983
2013-07-11 00:00:00,69.5,69.5,68.5,69.25,21336
2013-07-10 00:00:00,67.75,69.0,67.75,68.75,36823
2013-07-09 00:00:00,67.75,68.75,67.5,67.5,16540
2013-07-08 00:00:00,68.0,69.5,67.75,67.75,14411
2013-07-05 00:00:00,66.75,68.75,66.75,68.0,15350
2013-07-04 00:00:00,64.5,68.0,64.5,66.75,24099
2013-07-03 00:00:00,66.0,66.75,64.75,64.75,36060
2013-07-02 00:00:00,66.5,66.5,65.0,66.25,29848
2013-07-01 00:00:00,66.25,67.0,65.25,65.75,33096
2013-06-28 00:00:00,68.0,68.5,65.0,66.5,46618
2013-06-27 00:00:00,69.0,69.0,66.75,67.5,18535
2013-06-26 00:00:00,70.0,70.25,67.0,67.75,114731
2013-06-25 00:00:00,68.0,69.75,68.0,69.75,19013
2013-06-24 00:00:00,70.5,70.5,66.75,68.0,37064
2013-06-21 00:00:00,,70.5,70.5,70.5,0
2013-06-20 00:00:00,71.0,71.5,69.0,70.5,103542
2013-06-19 00:00:00,70.75,72.5,70.75,71.0,27232
2013-06-18 00:00:00,71.0,72.0,71.0,71.5,24649
2013-06-17 00:00:00,71.5,72.75,70.0,71.0,85018
2013-06-14 00:00:00,69.0,72.0,68.75,71.75,48802
2013-06-13 00:00:00,66.5,68.75,66.5,68.75,13993
2013-06-12 00:00:00,67.5,68.25,67.5,67.75,25375
2013-06-11 00:00:00,67.75,68.0,67.0,68.0,10136
2013-06-10 00:00:00,69.0,69.0,67.0,67.75,16768
2013-06-07 00:00:00,68.0,68.25,66.5,68.25,21120
2013-06-06 00:00:00,,68.0,68.0,68.0,0
2013-06-05 00:00:00,69.5,69.5,68.0,68.0,4142
2013-06-04 00:00:00,69.5,70.25,69.25,69.25,16987
2013-06-03 00:00:00,69.0,70.0,68.25,69.75,19714
2013-05-31 00:00:00,68.0,70.0,68.0,69.75,69873
2013-05-30 00:00:00,67.0,69.0,67.0,69.0,52410
2013-05-29 00:00:00,69.0,69.25,67.5,67.5,33747
2013-05-28 00:00:00,70.25,70.75,68.0,69.75,40701
2013-05-27 00:00:00,68.5,69.5,68.0,69.0,68033
2013-05-24 00:00:00,71.0,71.25,68.5,68.5,34631
2013-05-23 00:00:00,72.0,72.0,70.25,70.25,379581
2013-05-22 00:00:00,72.5,73.0,71.75,73.0,24228
2013-05-21 00:00:00,70.75,72.5,70.75,71.75,68604
2013-05-20 00:00:00,70.25,71.75,70.0,71.75,97504
2013-05-17 00:00:00,70.0,71.0,70.0,70.25,18319
2013-05-16 00:00:00,69.0,71.0,69.0,71.0,62369
2013-05-15 00:00:00,68.5,69.5,68.5,69.5,15687
2013-05-14 00:00:00,67.5,69.25,67.5,68.25,51025
2013-05-13 00:00:00,69.25,69.25,68.5,68.5,40820
2013-05-10 00:00:00,68.5,69.0,68.5,68.5,31071
2013-05-09 00:00:00,,68.5,68.5,68.5,0
2013-05-08 00:00:00,67.25,69.5,67.25,68.5,186816
2013-05-07 00:00:00,67.5,68.25,66.5,67.0,46299
2013-05-06 00:00:00,69.5,70.5,67.5,67.5,34844
2013-05-03 00:00:00,66.5,69.0,66.5,69.0,41052
2013-05-02 00:00:00,66.5,66.5,65.5,66.5,31035
2013-05-01 00:00:00,,66.0,66.0,66.0,0
2013-04-30 00:00:00,66.0,67.75,66.0,66.0,33744
2013-04-29 00:00:00,65.75,66.5,65.75,66.0,26954
2013-04-26 00:00:00,65.5,69.0,64.25,65.75,282301
2013-04-25 00:00:00,63.5,66.25,63.5,65.25,81907
2013-04-24 00:00:00,63.5,65.5,63.5,64.0,158500
2013-04-23 00:00:00,63.5,65.75,63.5,64.0,33953
2013-04-22 00:00:00,63.0,64.75,63.0,63.75,35141
2013-04-19 00:00:00,62.75,64.25,62.0,62.75,46029
2013-04-18 00:00:00,65.25,65.25,61.75,61.75,52161
2013-04-17 00:00:00,66.25,66.75,63.75,65.0,37800
2013-04-16 00:00:00,67.25,67.25,65.75,66.0,51466
2013-04-15 00:00:00,68.0,68.25,65.75,66.5,17401
2013-04-12 00:00:00,68.5,68.75,68.0,68.0,13658
2013-04-11 00:00:00,69.5,69.75,68.5,68.5,17289
2013-04-10 00:00:00,70.5,70.5,69.0,69.5,44536
2013-04-09 00:00:00,69.5,70.5,69.25,69.5,575995
2013-04-08 00:00:00,68.5,70.5,68.5,68.75,81725
2013-04-05 00:00:00,69.5,70.0,68.75,69.5,39900
2013-04-04 00:00:00,70.0,70.0,69.5,69.5,16606
2013-04-03 00:00:00,69.0,70.5,69.0,70.25,49917
2013-04-02 00:00:00,70.0,70.0,67.75,69.25,33246
2013-04-01 00:00:00,,69.5,69.5,69.5,0
2013-03-29 00:00:00,70.0,69.5,69.5,69.5,76309
2013-03-28 00:00:00,70.0,70.5,69.25,70.25,76309
2013-03-27 00:00:00,70.0,70.5,69.25,70.25,76309
2013-03-26 00:00:00,69.25,69.75,69.0,69.25,23760
2013-03-25 00:00:00,70.0,70.75,68.0,70.0,23868
2013-03-22 00:00:00,68.0,69.75,66.75,69.5,240089
2013-03-21 00:00:00,68.5,69.25,67.5,68.0,24856
2013-03-20 00:00:00,70.25,70.5,69.25,69.25,22360
2013-03-19 00:00:00,70.5,70.75,69.25,70.25,83964
2013-03-18 00:00:00,70.0,70.75,68.5,70.75,87102
2013-03-15 00:00:00,72.25,72.25,70.75,71.5,43774
2013-03-14 00:00:00,73.25,74.25,72.0,72.25,80070
2013-03-13 00:00:00,70.5,73.25,69.5,73.25,267454
2013-03-12 00:00:00,70.75,72.0,69.75,70.5,95154
2013-03-11 00:00:00,68.5,71.0,68.5,71.0,131687
2013-03-08 00:00:00,68.75,69.0,67.5,68.0,153922
2013-03-07 00:00:00,67.5,69.25,66.5,69.0,216091
2013-03-06 00:00:00,67.25,68.0,67.0,67.5,118807
2013-03-05 00:00:00,64.25,67.0,64.25,67.0,88468
2013-03-04 00:00:00,63.75,64.25,61.5,64.25,132176
2013-03-01 00:00:00,66.0,66.25,63.5,63.75,96596
2013-02-28 00:00:00,65.0,67.75,63.0,67.75,172924
2013-02-27 00:00:00,65.5,66.25,64.25,65.25,71509
2013-02-26 00:00:00,66.5,67.0,64.75,65.5,94827
2013-02-25 00:00:00,68.0,68.0,66.25,66.75,71540
2013-02-22 00:00:00,65.0,67.5,65.0,66.75,138939
2013-02-21 00:00:00,66.75,66.75,64.25,64.75,102389
2013-02-20 00:00:00,66.25,68.75,66.25,67.0,1586624
2013-02-19 00:00:00,62.0,65.0,62.0,65.0,430137
2013-02-18 00:00:00,61.0,61.0,58.75,59.5,75230
2013-02-15 00:00:00,60.0,62.0,59.75,61.0,46749
2013-02-14 00:00:00,61.75,62.0,59.5,60.0,60010
2013-02-13 00:00:00,60.75,62.0,60.25,61.75,31497
2013-02-12 00:00:00,59.0,61.0,58.5,60.75,84591
2013-02-11 00:00:00,57.25,58.75,57.25,58.25,87092
2013-02-08 00:00:00,57.0,57.75,57.0,57.5,143058
2013-02-07 00:00:00,57.0,57.75,57.0,57.25,47289
2013-02-06 00:00:00,56.25,57.75,56.25,57.5,63731
2013-02-05 00:00:00,56.25,57.0,56.0,56.75,15339
2013-02-04 00:00:00,57.0,57.75,56.5,56.5,49327
2013-02-01 00:00:00,57.0,57.5,56.25,57.5,87616
2013-01-31 00:00:00,56.75,57.75,56.25,57.0,36974
2013-01-30 00:00:00,57.5,57.75,57.0,57.75,59017
2013-01-29 00:00:00,55.75,57.75,55.5,57.75,58234
2013-01-28 00:00:00,56.5,57.0,55.75,56.75,76877
2013-01-25 00:00:00,57.25,57.25,55.75,57.0,92359
2013-01-24 00:00:00,57.0,57.5,56.5,57.5,188684
2013-01-23 00:00:00,55.75,56.5,55.5,56.5,51381
2013-01-22 00:00:00,55.0,55.75,55.0,55.75,18038
2013-01-21 00:00:00,56.0,56.25,54.75,56.25,37543
2013-01-18 00:00:00,55.75,56.0,55.0,56.0,31650
2013-01-17 00:00:00,54.75,55.5,54.75,55.5,32018
2013-01-16 00:00:00,55.5,55.5,55.0,55.25,115630
2013-01-15 00:00:00,54.0,55.25,53.5,55.25,259317
2013-01-14 00:00:00,54.0,54.75,53.0,54.0,48801
2013-01-11 00:00:00,54.75,54.75,53.75,53.75,39361
2013-01-10 00:00:00,55.5,55.75,54.0,54.75,69791
2013-01-09 00:00:00,56.5,56.5,55.75,55.75,17810
2013-01-08 00:00:00,56.5,56.5,55.75,55.75,38735
2013-01-07 00:00:00,57.0,57.0,56.0,56.5,48245
2013-01-04 00:00:00,57.0,57.5,56.25,57.0,326568
2013-01-03 00:00:00,56.0,57.25,56.0,57.0,48670
2013-01-02 00:00:00,56.0,56.75,55.5,56.0,227745
2013-01-01 00:00:00,,56.0,56.0,56.0,0
2012-12-31 00:00:00,,56.0,56.0,56.0,0
2012-12-28 00:00:00,54.5,56.0,53.25,56.0,51623
2012-12-27 00:00:00,55.0,56.5,54.0,54.25,61758
2012-12-26 00:00:00,,55.75,55.75,55.75,0
2012-12-25 00:00:00,,55.75,55.75,55.75,0
2012-12-24 00:00:00,,55.75,55.75,55.75,0
2012-12-21 00:00:00,54.0,56.0,53.25,55.75,51244
2012-12-20 00:00:00,53.75,54.5,53.25,54.0,37865
2012-12-19 00:00:00,53.5,54.0,53.25,54.0,11093
2012-12-18 00:00:00,55.0,55.0,53.25,53.25,54951
2012-12-17 00:00:00,52.25,55.0,52.25,55.0,200207
2012-12-14 00:00:00,55.25,55.25,54.0,55.0,44156
2012-12-13 00:00:00,55.5,55.5,54.25,55.0,45166
2012-12-12 00:00:00,55.0,56.0,54.75,55.5,37425
2012-12-11 00:00:00,55.25,55.25,54.75,55.0,49532
2012-12-10 00:00:00,55.0,56.0,54.5,55.25,220978
2012-12-07 00:00:00,56.0,56.25,55.0,56.0,170453
2012-12-06 00:00:00,56.0,56.25,54.75,56.25,108531
2012-12-05 00:00:00,55.75,56.25,55.0,56.0,36579
2012-12-04 00:00:00,55.0,55.75,54.75,55.75,57879
2012-12-03 00:00:00,54.0,55.25,54.0,55.25,49610
2012-11-30 00:00:00,53.0,55.75,53.0,54.75,76375
2012-11-29 00:00:00,52.0,53.5,52.0,53.5,165081
2012-11-28 00:00:00,52.5,52.75,51.75,52.75,5411
2012-11-27 00:00:00,53.0,53.25,52.0,53.0,40067
2012-11-26 00:00:00,53.0,53.0,51.5,52.5,60598
2012-11-23 00:00:00,51.5,52.5,51.5,52.5,38446
2012-11-22 00:00:00,50.75,51.75,50.75,51.75,32002
2012-11-21 00:00:00,50.5,51.75,50.5,51.25,27206
2012-11-20 00:00:00,52.0,52.75,51.5,52.0,17468
2012-11-19 00:00:00,50.75,52.0,50.75,51.75,44493
2012-11-16 00:00:00,50.5,51.75,50.25,50.5,42086
2012-11-15 00:00:00,50.0,51.5,50.0,51.5,103713
2012-11-14 00:00:00,51.0,51.5,50.5,51.0,29273
2012-11-13 00:00:00,50.75,52.0,50.75,51.25,81582
2012-11-12 00:00:00,50.75,52.25,50.75,51.25,76454
2012-11-09 00:00:00,51.0,52.25,51.0,51.25,232559
2012-11-08 00:00:00,51.0,52.25,51.0,52.25,25816
2012-11-07 00:00:00,53.0,53.0,51.25,51.75,27424
2012-11-06 00:00:00,50.25,53.0,50.0,53.0,276292
2012-11-05 00:00:00,50.0,51.0,50.0,51.0,135761
2012-11-02 00:00:00,51.0,51.5,50.5,51.0,20409
2012-11-01 00:00:00,49.5,51.0,49.5,51.0,211632
2012-10-31 00:00:00,50.25,50.25,49.7,50.0,313650
2012-10-30 00:00:00,50.5,50.75,50.25,50.25,128853
2012-10-29 00:00:00,49.6,50.25,49.5,50.25,37583
2012-10-26 00:00:00,48.1,50.5,48.1,50.5,41248
2012-10-25 00:00:00,47.7,49.2,47.5,49.2,47361
2012-10-24 00:00:00,47.8,48.9,46.7,47.9,61787
2012-10-23 00:00:00,49.6,49.7,47.0,48.2,169240
2012-10-22 00:00:00,48.6,50.25,48.6,49.4,68384
2012-10-19 00:00:00,48.8,49.0,47.8,48.6,56093
2012-10-18 00:00:00,44.0,50.0,43.7,48.8,530073
2012-10-17 00:00:00,44.5,45.6,42.9,44.5,127288
2012-10-16 00:00:00,44.9,46.0,44.5,44.9,181484
2012-10-15 00:00:00,44.7,45.5,43.5,45.3,80998
2012-10-12 00:00:00,45.0,45.8,42.4,44.9,136026
2012-10-11 00:00:00,44.5,45.5,43.8,45.0,66343
2012-10-10 00:00:00,47.1,47.1,45.0,45.0,96237
2012-10-09 00:00:00,48.6,48.6,47.0,47.2,30165
2012-10-08 00:00:00,49.5,49.5,48.6,49.0,9966
2012-10-05 00:00:00,48.6,49.5,48.6,49.5,15226
2012-10-04 00:00:00,48.5,49.5,48.0,49.5,23739
2012-10-03 00:00:00,49.5,49.5,48.2,48.5,45066
2012-10-02 00:00:00,49.5,50.5,48.8,49.9,45366
2012-10-01 00:00:00,49.3,49.5,47.8,49.5,25206
2012-09-28 00:00:00,49.3,49.3,47.5,49.2,27073
2012-09-27 00:00:00,48.1,49.4,48.1,49.1,25183
2012-09-26 00:00:00,50.0,50.0,48.1,48.2,58526
2012-09-25 00:00:00,49.0,50.5,49.0,50.0,31524
2012-09-24 00:00:00,50.0,50.75,48.6,49.1,34140
2012-09-21 00:00:00,51.5,51.5,50.5,50.5,65495
2012-09-20 00:00:00,51.25,51.5,51.0,51.0,29303
2012-09-19 00:00:00,50.75,52.0,50.75,51.25,31406
2012-09-18 00:00:00,53.0,53.0,50.75,51.25,75257
2012-09-17 00:00:00,54.0,54.75,53.25,53.75,258231
2012-09-14 00:00:00,52.25,54.75,52.25,54.25,93707
2012-09-13 00:00:00,51.25,52.5,51.25,52.25,20510
2012-09-12 00:00:00,49.4,51.5,49.4,51.5,43373
2012-09-11 00:00:00,50.0,50.5,49.4,50.0,12494
2012-09-10 00:00:00,50.75,51.25,50.5,50.5,15028
2012-09-07 00:00:00,48.9,52.5,48.7,50.75,114035
2012-09-06 00:00:00,48.0,48.7,47.9,48.3,24664
2012-09-05 00:00:00,47.6,48.5,46.4,48.2,56898
2012-09-04 00:00:00,48.0,48.7,47.5,47.9,26974
2012-09-03 00:00:00,47.9,49.5,47.9,48.5,21753
2012-08-31 00:00:00,47.9,48.4,47.9,47.9,30610
2012-08-30 00:00:00,47.5,48.7,46.9,47.9,85281
2012-08-29 00:00:00,48.8,48.8,45.0,47.5,120517
2012-08-28 00:00:00,49.9,50.25,47.3,47.3,54815
2012-08-27 00:00:00,50.5,50.75,49.1,49.9,20458
2012-08-24 00:00:00,50.5,51.25,49.6,50.5,40534
2012-08-23 00:00:00,54.0,54.0,50.5,50.5,183581
2012-08-22 00:00:00,53.75,53.75,52.25,52.5,20098
2012-08-21 00:00:00,52.5,53.75,52.0,53.75,29252
2012-08-20 00:00:00,53.75,53.75,51.75,52.5,42340
2012-08-17 00:00:00,53.0,53.5,52.0,52.0,41210
2012-08-16 00:00:00,52.75,53.75,52.5,53.0,51651
2012-08-15 00:00:00,52.25,53.0,52.0,52.5,59176
2012-08-14 00:00:00,51.0,52.75,51.0,52.25,73683
2012-08-13 00:00:00,50.0,51.25,50.0,51.0,20164
2012-08-10 00:00:00,50.75,51.5,50.25,50.25,14763
2012-08-09 00:00:00,50.0,51.5,50.0,50.75,25305
2012-08-08 00:00:00,50.0,51.0,49.7,50.5,10181
2012-08-07 00:00:00,50.5,51.0,50.0,50.0,57712
2012-08-06 00:00:00,49.5,51.75,49.5,51.0,50404
2012-08-03 00:00:00,50.0,50.75,49.3,49.5,65510
2012-08-02 00:00:00,48.9,50.0,48.8,49.5,29314
2012-08-01 00:00:00,49.0,50.0,48.9,49.6,28410
2012-07-31 00:00:00,49.4,49.9,49.0,49.0,44296
2012-07-30 00:00:00,48.3,51.0,48.3,49.4,68821
2012-07-27 00:00:00,48.0,48.7,47.0,48.3,49425
2012-07-26 00:00:00,47.5,48.0,47.0,47.2,39476
2012-07-25 00:00:00,48.7,48.7,47.0,47.2,73509
2012-07-24 00:00:00,45.1,48.7,45.1,48.7,26179
2012-07-23 00:00:00,46.0,47.0,45.1,47.0,25397
2012-07-20 00:00:00,46.2,47.2,45.9,45.9,59249
2012-07-19 00:00:00,48.4,48.4,45.2,46.2,339398
2012-07-18 00:00:00,49.7,49.9,48.5,48.5,26625
2012-07-17 00:00:00,49.8,50.25,49.3,49.9,13059
2012-07-16 00:00:00,49.8,50.25,49.2,49.8,32363
2012-07-13 00:00:00,49.6,50.0,49.2,49.6,153761
2012-07-12 00:00:00,50.0,50.5,50.0,50.0,33750
2012-07-11 00:00:00,52.25,52.25,49.0,49.7,92828
2012-07-10 00:00:00,51.5,52.0,50.25,50.5,16866
2012-07-09 00:00:00,50.5,51.5,50.5,50.5,14991
2012-07-06 00:00:00,50.5,51.5,50.0,51.0,15165
2012-07-05 00:00:00,51.75,53.0,49.8,50.5,71887
2012-07-04 00:00:00,52.0,53.0,51.5,51.75,32774
2012-07-03 00:00:00,49.1,52.0,49.1,52.0,41028
2012-07-02 00:00:00,48.5,52.5,48.5,50.75,29578
2012-06-29 00:00:00,50.0,52.25,50.0,51.5,38593
2012-06-28 00:00:00,50.0,51.0,48.8,49.5,297298
2012-06-27 00:00:00,50.5,50.5,48.5,50.0,227433
2012-06-26 00:00:00,52.0,52.0,49.7,50.0,37171
2012-06-25 00:00:00,53.0,53.5,51.75,52.0,91226
2012-06-22 00:00:00,,53.75,53.75,53.75,0
2012-06-21 00:00:00,53.5,54.5,53.0,53.75,24170
2012-06-20 00:00:00,53.0,54.75,53.0,54.75,49383
2012-06-19 00:00:00,51.0,53.75,51.0,53.5,31261
2012-06-18 00:00:00,53.0,53.25,50.75,52.0,52620
2012-06-15 00:00:00,52.75,53.25,51.25,51.75,58539
2012-06-14 00:00:00,52.25,53.5,52.0,52.5,32208
2012-06-13 00:00:00,54.75,54.75,52.0,52.75,123708
2012-06-12 00:00:00,54.25,54.75,53.75,54.0,50573
2012-06-11 00:00:00,55.5,56.5,54.0,54.5,52967
2012-06-08 00:00:00,54.5,55.0,53.75,55.0,42821
2012-06-07 00:00:00,54.0,55.25,54.0,54.5,36821
2012-06-06 00:00:00,,52.75,52.75,52.75,0
2012-06-05 00:00:00,53.5,54.0,52.25,52.75,35832
2012-06-04 00:00:00,53.0,53.25,50.5,53.25,214457
2012-06-01 00:00:00,55.75,55.75,53.0,53.0,76377
2012-05-31 00:00:00,55.5,56.0,53.5,55.5,221251
2012-05-30 00:00:00,55.5,56.5,54.75,55.0,62688
2012-05-29 00:00:00,57.5,57.5,55.0,55.5,126220
2012-05-28 00:00:00,57.5,59.0,56.5,56.75,65843
2012-05-25 00:00:00,58.0,58.0,55.75,57.0,22657
2012-05-24 00:00:00,57.0,58.0,55.75,58.0,96561
2012-05-23 00:00:00,58.0,58.0,55.25,57.0,139087
2012-05-22 00:00:00,56.0,58.75,55.5,57.5,133256
2012-05-21 00:00:00,54.0,56.5,52.75,56.25,89722
2012-05-18 00:00:00,53.0,55.0,51.75,54.25,184604
2012-05-17 00:00:00,,55.25,55.25,55.25,0
2012-05-16 00:00:00,55.5,56.0,53.75,55.25,51429
2012-05-15 00:00:00,57.0,57.25,55.5,56.0,52059
2012-05-14 00:00:00,58.5,58.5,55.25,57.25,72812
2012-05-11 00:00:00,56.5,59.25,56.5,58.75,138230
2012-05-10 00:00:00,55.5,58.75,55.0,58.0,147124
2012-05-09 00:00:00,56.75,57.75,55.0,56.0,196250
2012-05-08 00:00:00,58.0,58.0,57.0,57.5,65352
2012-05-07 00:00:00,59.5,59.5,56.5,58.0,158625
2012-05-04 00:00:00,61.25,61.25,59.75,60.5,58306
2012-05-03 00:00:00,61.5,61.5,60.0,61.25,58464
2012-05-02 00:00:00,61.0,61.5,60.0,61.25,54860
2012-05-01 00:00:00,,60.5,60.5,60.5,0
2012-04-30 00:00:00,62.5,63.5,60.5,60.5,81243
2012-04-27 00:00:00,63.5,63.5,60.75,62.5,273104
2012-04-26 00:00:00,58.0,64.25,58.0,64.25,484862
2012-04-25 00:00:00,56.0,57.75,55.75,57.0,164063
2012-04-24 00:00:00,55.0,55.75,54.75,55.75,192572
2012-04-23 00:00:00,56.5,57.0,55.0,55.5,94103
2012-04-20 00:00:00,55.75,58.0,53.25,58.0,70506
2012-04-19 00:00:00,56.0,56.0,54.25,55.75,61405
2012-04-18 00:00:00,56.0,56.0,54.0,55.75,44239
2012-04-17 00:00:00,55.5,56.0,55.25,56.0,739911
2012-04-16 00:00:00,56.5,56.5,55.0,55.25,38333
2012-04-13 00:00:00,56.75,57.0,54.75,56.5,15190
2012-04-12 00:00:00,53.5,56.75,53.0,56.75,81574
2012-04-11 00:00:00,53.0,54.0,52.0,53.5,52058
2012-04-10 00:00:00,53.25,55.25,52.75,53.5,74871
2012-04-09 00:00:00,,53.75,53.75,53.75,0
2012-04-06 00:00:00,,53.75,53.75,53.75,0
2012-04-05 00:00:00,53.25,55.5,53.0,53.75,27313
2012-04-04 00:00:00,54.75,55.25,53.5,54.25,64592
2012-04-03 00:00:00,55.25,55.75,54.0,54.75,93315
2012-04-02 00:00:00,54.0,56.25,54.0,56.0,127792
2012-03-30 00:00:00,53.5,54.25,53.0,53.5,96375
2012-03-29 00:00:00,54.25,54.75,52.75,54.25,91993
2012-03-28 00:00:00,55.75,56.0,54.0,54.75,64006
2012-03-27 00:00:00,56.25,57.0,54.5,56.25,65526
2012-03-26 00:00:00,55.5,56.25,53.5,56.25,65065
2012-03-23 00:00:00,54.75,55.75,54.5,55.25,36725
2012-03-22 00:00:00,56.5,56.5,54.0,55.25,309231
2012-03-21 00:00:00,56.25,57.0,55.25,56.5,58437
2012-03-20 00:00:00,57.0,57.0,55.5,57.0,39622
2012-03-19 00:00:00,57.0,58.0,56.5,57.25,256944
2012-03-16 00:00:00,59.25,59.25,57.5,57.5,95973
2012-03-15 00:00:00,58.25,59.0,57.0,58.25,98810
2012-03-14 00:00:00,57.5,58.5,56.5,58.25,191709
2012-03-13 00:00:00,57.5,57.75,56.5,57.5,62195
2012-03-12 00:00:00,56.5,57.25,56.5,57.25,51762
2012-03-09 00:00:00,57.75,58.0,55.5,57.25,112182
2012-03-08 00:00:00,56.75,57.75,55.25,57.5,206565
2012-03-07 00:00:00,54.75,57.5,54.25,57.5,89332
2012-03-06 00:00:00,56.5,56.5,53.25,55.0,231617
2012-03-05 00:00:00,59.0,59.0,56.0,56.5,205643
2012-03-02 00:00:00,57.25,59.0,57.0,59.0,77991
2012-03-01 00:00:00,58.25,58.25,57.5,58.0,372841
2012-02-29 00:00:00,59.0,60.0,58.5,58.5,189607
2012-02-28 00:00:00,55.5,60.5,55.5,58.5,556260
2012-02-27 00:00:00,56.0,56.0,53.75,55.5,424812
2012-02-24 00:00:00,55.0,56.0,54.5,56.0,580933
2012-02-23 00:00:00,54.5,56.5,54.25,55.0,308675
2012-02-22 00:00:00,56.0,56.0,52.5,54.5,123729
2012-02-21 00:00:00,55.25,55.25,52.75,54.5,139368
2012-02-20 00:00:00,52.0,56.0,52.0,55.0,259727
2012-02-17 00:00:00,49.2,54.5,49.2,51.75,181465
2012-02-16 00:00:00,48.7,49.5,48.0,49.1,84920
2012-02-15 00:00:00,47.3,49.5,47.1,49.0,64832
2012-02-14 00:00:00,47.5,47.7,47.2,47.4,34434
2012-02-13 00:00:00,47.4,47.6,47.0,47.6,30810
2012-02-10 00:00:00,47.5,48.2,47.0,47.8,41111
2012-02-09 00:00:00,47.1,48.4,47.0,47.9,76599
2012-02-08 00:00:00,47.6,48.0,46.8,47.1,67681
2012-02-07 00:00:00,47.6,48.1,47.0,47.8,65491
2012-02-06 00:00:00,47.3,48.2,47.1,48.2,70242
2012-02-03 00:00:00,46.9,47.8,46.6,47.8,85394
2012-02-02 00:00:00,46.4,47.3,46.1,46.8,79430
2012-02-01 00:00:00,46.0,46.9,45.8,46.6,64449
2012-01-31 00:00:00,46.5,47.4,46.0,46.0,72213
2012-01-30 00:00:00,47.5,47.5,46.2,46.5,74066
2012-01-27 00:00:00,47.8,47.9,47.0,47.5,83582
2012-01-26 00:00:00,48.1,48.1,47.1,47.9,99830
2012-01-25 00:00:00,46.9,47.4,46.2,46.8,105468
2012-01-24 00:00:00,48.0,48.0,45.9,46.8,79088
2012-01-23 00:00:00,47.0,48.7,46.5,47.9,127291
2012-01-20 00:00:00,46.6,47.1,45.9,46.6,72799
2012-01-19 00:00:00,46.0,46.8,45.7,46.5,364209
2012-01-18 00:00:00,46.9,46.9,45.6,46.4,161470
2012-01-17 00:00:00,47.9,48.0,46.4,46.5,206314
2012-01-16 00:00:00,45.8,47.9,45.5,47.9,168654
2012-01-13 00:00:00,46.1,46.7,46.0,46.4,379706
2012-01-12 00:00:00,45.0,46.2,45.0,45.3,213105
2012-01-11 00:00:00,44.1,45.6,43.5,44.4,212793
2012-01-10 00:00:00,42.1,44.1,42.0,43.1,134493
2012-01-09 00:00:00,41.8,42.0,41.2,42.0,49251
2012-01-06 00:00:00,,41.8,41.8,41.8,0
2012-01-05 00:00:00,40.9,41.8,40.9,41.8,66795
2012-01-04 00:00:00,41.5,41.5,40.3,40.7,27482
2012-01-03 00:00:00,41.8,41.8,41.0,41.3,45674
2012-01-02 00:00:00,40.5,41.7,40.2,41.2,32692
2011-12-30 00:00:00,39.6,40.9,39.6,39.9,46110
2011-12-29 00:00:00,39.9,41.0,39.6,39.6,63837
2011-12-28 00:00:00,39.5,40.5,39.5,39.9,48237
2011-12-27 00:00:00,39.9,39.9,39.0,39.2,42435
2011-12-26 00:00:00,,39.7,39.7,39.7,0
2011-12-23 00:00:00,39.6,39.9,39.6,39.7,28952
2011-12-22 00:00:00,38.9,39.7,38.9,39.6,50015
2011-12-21 00:00:00,39.2,39.4,38.8,39.4,126179
2011-12-20 00:00:00,39.0,39.5,38.5,39.4,48332
2011-12-19 00:00:00,37.9,39.7,37.9,39.0,43063
2011-12-16 00:00:00,38.6,39.8,38.6,39.1,24076
2011-12-15 00:00:00,38.1,39.5,38.1,39.0,34727
2011-12-14 00:00:00,39.6,39.9,38.5,38.5,40011
2011-12-13 00:00:00,38.0,39.7,37.9,39.7,29852
2011-12-12 00:00:00,38.9,38.9,38.0,38.0,29010
2011-12-09 00:00:00,38.2,38.9,38.0,38.1,33148
2011-12-08 00:00:00,39.9,40.8,38.2,38.2,122889
2011-12-07 00:00:00,39.1,40.4,39.1,39.8,211708
2011-12-06 00:00:00,38.2,38.2,37.5,38.0,113117
2011-12-05 00:00:00,38.5,38.5,37.5,38.2,62492
2011-12-02 00:00:00,37.7,37.9,37.0,37.4,30559
2011-12-01 00:00:00,38.0,38.2,36.9,37.7,127061
2011-11-30 00:00:00,36.1,38.6,36.1,38.0,108956
2011-11-29 00:00:00,36.8,37.8,36.5,37.1,45161
2011-11-28 00:00:00,35.5,36.8,35.5,36.4,78480
2011-11-25 00:00:00,34.0,35.3,34.0,35.2,36160
2011-11-24 00:00:00,33.4,35.3,33.4,34.9,43961
2011-11-23 00:00:00,35.0,35.1,32.5,34.2,278568
2011-11-22 00:00:00,34.5,35.0,34.1,35.0,248811
2011-11-21 00:00:00,35.2,36.4,34.9,34.9,342050
2011-11-18 00:00:00,36.4,36.6,35.6,36.2,118606
2011-11-17 00:00:00,37.5,37.5,36.5,36.8,123005
2011-11-16 00:00:00,36.5,37.9,35.5,37.5,63301
2011-11-15 00:00:00,37.0,37.5,36.7,36.7,32314
2011-11-14 00:00:00,37.7,39.0,37.0,37.2,42398
2011-11-11 00:00:00,38.1,38.4,37.5,38.3,31748
2011-11-10 00:00:00,38.5,38.8,37.5,37.8,60986
2011-11-09 00:00:00,39.9,39.9,38.5,39.1,166687
2011-11-08 00:00:00,39.0,39.7,38.5,39.5,51177
2011-11-07 00:00:00,38.2,38.9,37.6,37.9,49115
2011-11-04 00:00:00,39.2,39.2,38.1,38.6,44634
2011-11-03 00:00:00,38.7,39.0,38.1,38.2,30769
2011-11-02 00:00:00,40.0,40.0,37.6,38.7,86185
2011-11-01 00:00:00,39.5,39.5,37.8,39.1,134642
2011-10-31 00:00:00,40.7,40.7,40.0,40.0,104195
2011-10-28 00:00:00,40.5,41.9,40.5,40.9,224111
2011-10-27 00:00:00,37.9,40.8,37.9,40.3,163767
2011-10-26 00:00:00,36.8,37.3,36.2,36.8,35459
2011-10-25 00:00:00,36.1,37.3,36.1,36.5,108902
2011-10-24 00:00:00,37.0,37.7,36.0,37.0,112374
2011-10-21 00:00:00,35.6,36.3,35.5,35.9,82438
2011-10-20 00:00:00,36.2,36.3,34.5,35.6,134920
2011-10-19 00:00:00,34.0,35.9,33.3,35.9,318889
2011-10-18 00:00:00,30.0,31.8,29.8,31.6,65913
2011-10-17 00:00:00,29.0,30.1,28.9,30.0,110133
2011-10-14 00:00:00,27.5,29.4,27.5,29.0,65957
2011-10-13 00:00:00,27.1,28.2,27.1,27.3,38170
2011-10-12 00:00:00,27.2,27.8,25.7,27.4,243243
2011-10-11 00:00:00,28.0,29.3,26.8,26.8,193064
2011-10-10 00:00:00,28.1,29.0,27.4,28.5,117943
2011-10-07 00:00:00,29.5,29.5,28.3,28.3,190539
2011-10-06 00:00:00,29.0,29.6,28.4,28.4,40556
2011-10-05 00:00:00,28.0,29.3,27.2,29.1,111781
2011-10-04 00:00:00,28.1,28.9,26.0,27.9,138762
2011-10-03 00:00:00,29.0,29.9,28.1,28.1,128162
2011-09-30 00:00:00,28.3,30.0,27.9,30.0,56878
2011-09-29 00:00:00,27.7,28.5,27.5,28.3,63393
2011-09-28 00:00:00,28.0,28.0,26.8,27.3,549399
2011-09-27 00:00:00,28.6,29.4,28.0,28.0,221663
2011-09-26 00:00:00,29.3,30.0,28.5,28.8,132089
2011-09-23 00:00:00,30.6,31.2,26.9,31.2,62376
2011-09-22 00:00:00,31.0,31.2,29.5,30.2,77933
