Dates,Open,High,Low,Close,Volume
2017-09-08 00:00:00,146.0,146.5,141.0,141.5,1886
2017-09-07 00:00:00,144.25,146.0,144.25,146.0,1065
2017-09-06 00:00:00,144.25,144.25,143.0,143.0,96
2017-09-04 00:00:00,137.5,141.25,137.5,141.25,3009
2017-09-01 00:00:00,145.0,145.0,142.5,142.5,3766
2017-08-31 00:00:00,142.0,143.0,142.0,143.0,2792
2017-08-30 00:00:00,142.0,144.5,142.0,142.25,1178
2017-08-29 00:00:00,143.0,144.5,142.0,142.0,6485
2017-08-28 00:00:00,142.0,145.0,142.0,143.0,2071
2017-08-25 00:00:00,143.75,143.75,142.0,142.0,3376
2017-08-24 00:00:00,142.0,144.25,142.0,143.75,5300
2017-08-23 00:00:00,142.0,144.5,142.0,142.25,2609
2017-08-22 00:00:00,142.0,144.25,142.0,143.0,2785
2017-08-21 00:00:00,142.25,143.75,142.0,142.0,2299
2017-08-18 00:00:00,144.0,144.0,142.0,142.5,2753
2017-08-17 00:00:00,142.75,143.75,142.0,143.25,3952
2017-08-16 00:00:00,144.5,144.5,142.75,142.75,1797
2017-08-15 00:00:00,140.0,143.75,140.0,143.0,5690
2017-08-14 00:00:00,140.0,143.0,140.0,141.75,2751
2017-08-11 00:00:00,140.0,142.0,140.0,140.0,3006
2017-08-10 00:00:00,139.0,140.75,137.5,140.0,2340
2017-08-09 00:00:00,142.5,142.5,139.0,139.0,1972
2017-08-08 00:00:00,142.0,142.5,139.0,142.5,1303
2017-08-07 00:00:00,142.5,142.5,137.75,139.5,2876
2017-08-04 00:00:00,141.25,144.75,141.25,142.75,11667
2017-08-03 00:00:00,139.0,142.0,138.75,140.75,8092
2017-08-02 00:00:00,135.0,140.5,134.5,140.0,5667
2017-08-01 00:00:00,132.25,135.0,132.0,135.0,2101
2017-07-31 00:00:00,132.0,133.5,132.0,132.25,888
2017-07-28 00:00:00,130.5,132.5,130.5,131.0,6192
2017-07-27 00:00:00,130.0,132.5,129.0,130.25,5516
2017-07-26 00:00:00,129.0,130.5,128.0,128.5,3153
2017-07-25 00:00:00,128.5,130.75,128.0,129.0,3227
2017-07-24 00:00:00,132.75,132.75,128.75,129.25,4172
2017-07-21 00:00:00,132.0,133.75,130.5,132.0,6875
2017-07-20 00:00:00,137.0,138.0,131.5,132.5,16760
2017-07-19 00:00:00,134.0,137.5,134.0,137.5,560
2017-07-18 00:00:00,137.0,137.25,134.25,135.0,2140
2017-07-17 00:00:00,136.5,138.25,136.0,138.0,1452
2017-07-14 00:00:00,136.25,138.5,134.5,136.5,3852
2017-07-13 00:00:00,142.25,142.25,135.0,136.5,6868
2017-07-12 00:00:00,141.25,141.25,140.0,140.0,279
2017-07-11 00:00:00,139.5,141.5,139.0,139.0,2904
2017-07-10 00:00:00,140.0,140.0,138.5,138.5,808
2017-07-07 00:00:00,139.0,140.0,138.0,138.75,3898
2017-07-06 00:00:00,143.0,143.5,136.5,137.5,3369
2017-07-05 00:00:00,142.25,143.75,140.25,141.25,5940
2017-07-04 00:00:00,142.0,142.75,139.75,141.5,8809
2017-07-03 00:00:00,143.75,143.75,141.75,142.5,1426
2017-06-30 00:00:00,143.25,143.25,141.25,142.0,1602
2017-06-29 00:00:00,140.75,143.75,140.75,142.25,4867
2017-06-28 00:00:00,144.75,144.75,139.25,140.75,4294
2017-06-27 00:00:00,146.0,146.5,144.5,144.5,604
2017-06-26 00:00:00,144.0,146.5,140.75,146.0,2976
2017-06-23 00:00:00,,142.75,142.75,142.75,0
2017-06-22 00:00:00,144.0,144.0,141.0,142.75,536
2017-06-21 00:00:00,145.0,145.0,140.0,142.0,5263
2017-06-20 00:00:00,142.75,143.5,142.0,142.25,3861
2017-06-19 00:00:00,148.0,148.0,142.75,142.75,2104
2017-06-16 00:00:00,144.0,148.0,143.25,148.0,9854
2017-06-15 00:00:00,146.5,148.75,144.0,146.0,10766
2017-06-14 00:00:00,145.25,146.5,142.25,146.5,8321
2017-06-13 00:00:00,144.75,145.75,140.25,145.0,40603
2017-06-12 00:00:00,147.0,147.0,144.0,144.5,2945
2017-06-09 00:00:00,145.5,147.0,144.0,147.0,3156
2017-06-08 00:00:00,146.25,148.5,143.5,145.5,2740
2017-06-07 00:00:00,145.5,146.75,144.25,145.75,3218
2017-06-06 00:00:00,,145.5,145.5,145.5,0
2017-06-05 00:00:00,141.5,147.0,141.5,145.5,1843
2017-06-02 00:00:00,143.0,144.0,142.75,143.5,3632
2017-06-01 00:00:00,142.0,142.75,141.5,142.75,8433
2017-05-31 00:00:00,144.75,144.75,141.25,141.75,10722
2017-05-30 00:00:00,141.0,142.25,141.0,142.25,18608
2017-05-29 00:00:00,139.75,142.0,138.25,140.75,4306
2017-05-26 00:00:00,142.5,142.75,139.25,139.75,7576
2017-05-24 00:00:00,140.25,142.5,139.5,142.5,4254
2017-05-23 00:00:00,142.0,143.25,140.25,140.25,806
2017-05-22 00:00:00,139.25,143.0,139.25,142.0,3445
2017-05-19 00:00:00,142.0,145.0,141.0,141.0,2545
2017-05-18 00:00:00,143.5,143.75,142.25,143.25,133708
2017-05-17 00:00:00,146.75,146.75,143.75,143.75,6393
2017-05-16 00:00:00,144.25,146.75,144.0,146.75,536
2017-05-15 00:00:00,145.0,146.75,144.25,145.0,3473
2017-05-12 00:00:00,142.0,144.25,144.25,144.25,2062
2017-05-11 00:00:00,142.25,147.25,140.25,144.5,26056
2017-05-10 00:00:00,140.5,142.25,138.75,140.25,5966
2017-05-09 00:00:00,137.75,141.75,134.5,140.5,16677
2017-05-08 00:00:00,144.75,144.75,129.0,129.0,7086
2017-05-05 00:00:00,146.0,146.0,143.5,144.75,5673
2017-05-04 00:00:00,144.0,146.25,144.0,144.75,4496
2017-05-03 00:00:00,145.25,145.75,143.5,144.0,4694
2017-05-02 00:00:00,140.0,143.5,136.0,142.5,13154
2017-05-01 00:00:00,,141.0,141.0,141.0,0
2017-04-28 00:00:00,136.0,141.0,136.0,141.0,14565
2017-04-27 00:00:00,136.25,136.25,133.5,134.5,1301
2017-04-26 00:00:00,142.0,142.0,133.5,134.0,6663
2017-04-25 00:00:00,138.75,139.75,136.75,137.5,7462
2017-04-24 00:00:00,138.0,140.0,136.25,138.75,7693
2017-04-21 00:00:00,133.0,137.75,133.0,135.5,5715
2017-04-20 00:00:00,130.5,133.0,130.5,132.0,5540
2017-04-19 00:00:00,131.0,132.5,130.25,130.25,1093
2017-04-18 00:00:00,131.25,132.75,130.75,130.75,1836
2017-04-13 00:00:00,129.5,131.75,129.5,131.75,805
2017-04-12 00:00:00,130.75,132.75,128.75,130.0,3617
2017-04-11 00:00:00,132.75,132.75,130.25,130.25,284
2017-04-10 00:00:00,130.25,131.75,130.0,131.75,1760
2017-04-07 00:00:00,133.5,133.5,129.25,131.0,5964
2017-04-06 00:00:00,131.5,131.5,128.5,128.5,231
2017-04-05 00:00:00,129.75,130.5,129.25,129.25,2081
2017-04-04 00:00:00,130.5,131.75,128.75,128.75,1644
2017-04-03 00:00:00,130.0,131.25,130.0,130.0,1810
2017-03-31 00:00:00,131.75,132.75,129.75,129.75,3183
2017-03-30 00:00:00,130.0,133.25,130.0,131.75,6218
2017-03-29 00:00:00,126.25,129.25,124.5,129.25,15201
2017-03-28 00:00:00,125.75,127.25,124.25,126.25,2644
2017-03-27 00:00:00,125.0,126.25,124.5,125.25,5482
2017-03-24 00:00:00,126.25,126.25,125.5,125.75,1362
2017-03-23 00:00:00,125.25,128.5,124.25,127.25,4138
2017-03-22 00:00:00,127.5,128.5,125.75,125.75,2353
2017-03-21 00:00:00,130.75,131.5,126.75,126.75,3157
2017-03-20 00:00:00,129.5,132.75,129.0,130.75,11399
2017-03-17 00:00:00,131.75,132.5,129.5,129.5,3417
2017-03-16 00:00:00,134.5,134.5,131.5,131.5,740
2017-03-15 00:00:00,135.0,135.0,131.25,131.25,3522
2017-03-14 00:00:00,131.5,134.0,131.5,132.0,912
2017-03-13 00:00:00,131.25,134.0,131.25,131.5,9595
2017-03-10 00:00:00,131.75,131.25,131.25,131.25,3523
2017-03-09 00:00:00,133.0,133.25,130.25,131.5,2041
2017-03-08 00:00:00,134.75,136.75,129.0,129.75,4669
2017-03-07 00:00:00,135.0,136.25,134.5,134.75,224
2017-03-06 00:00:00,136.25,137.5,135.0,135.0,1954
2017-03-03 00:00:00,136.0,136.25,136.25,136.25,5052
2017-03-02 00:00:00,139.5,139.5,136.0,136.25,3926
2017-03-01 00:00:00,141.75,141.75,139.5,140.0,744
2017-02-28 00:00:00,139.75,141.5,137.25,139.5,7991
2017-02-27 00:00:00,134.75,138.75,134.75,138.75,8979
2017-02-24 00:00:00,138.0,138.0,134.75,134.75,1432
2017-02-23 00:00:00,135.0,136.5,134.5,136.0,3592
2017-02-22 00:00:00,135.25,137.25,134.0,134.25,6221
2017-02-21 00:00:00,136.5,137.0,135.25,136.25,2987
2017-02-20 00:00:00,138.5,138.5,136.25,136.5,1558
2017-02-17 00:00:00,136.0,140.25,134.0,138.5,8395
2017-02-16 00:00:00,134.0,138.0,134.0,136.25,5353
2017-02-15 00:00:00,138.75,138.75,135.75,136.5,728
2017-02-14 00:00:00,135.5,138.75,135.5,137.5,824
2017-02-13 00:00:00,136.0,138.75,133.5,133.5,2000
2017-02-10 00:00:00,137.0,137.25,133.25,134.0,2177
2017-02-09 00:00:00,135.0,136.0,134.25,134.5,1251
2017-02-08 00:00:00,138.0,138.0,133.75,135.0,8774
2017-02-07 00:00:00,131.25,135.75,131.25,133.0,3864
2017-02-06 00:00:00,129.25,133.0,128.5,131.25,7218
2017-02-03 00:00:00,130.75,130.75,127.5,129.25,1744
2017-02-02 00:00:00,126.5,130.5,126.0,128.5,3463
2017-02-01 00:00:00,124.0,127.75,123.75,126.5,12807
2017-01-31 00:00:00,126.75,126.75,124.0,124.0,2656
2017-01-30 00:00:00,126.75,128.0,123.25,123.25,2613
2017-01-27 00:00:00,128.0,128.0,126.0,126.75,2513
2017-01-26 00:00:00,127.0,128.75,126.5,126.5,11841
2017-01-25 00:00:00,126.25,129.0,126.25,127.0,6145
2017-01-24 00:00:00,129.5,130.0,125.25,125.25,3948
2017-01-23 00:00:00,128.5,130.25,128.5,128.5,2886
2017-01-20 00:00:00,128.5,129.25,127.0,128.5,12990
2017-01-19 00:00:00,129.0,130.0,127.5,128.5,16922
2017-01-18 00:00:00,128.0,130.25,128.0,128.75,81071
2017-01-17 00:00:00,130.0,130.25,128.0,128.0,4030
2017-01-16 00:00:00,130.75,130.75,127.25,130.0,9395
2017-01-13 00:00:00,131.5,131.5,129.25,130.0,2202
2017-01-12 00:00:00,130.25,131.75,128.75,129.25,1189
2017-01-11 00:00:00,130.5,132.5,130.0,130.5,3724
2017-01-10 00:00:00,132.5,133.5,130.25,130.5,2643
2017-01-09 00:00:00,133.75,135.25,131.75,131.75,51286
2017-01-06 00:00:00,,133.75,133.75,133.75,0
2017-01-05 00:00:00,135.75,137.25,133.75,133.75,787
2017-01-04 00:00:00,139.75,139.75,135.0,135.0,9469
2017-01-03 00:00:00,138.0,138.0,137.0,137.0,1909
2017-01-02 00:00:00,137.75,137.75,135.0,136.5,3282
2016-12-30 00:00:00,129.75,138.75,129.75,136.0,2639
2016-12-29 00:00:00,134.0,136.25,133.5,134.75,1401
2016-12-28 00:00:00,137.25,138.75,134.0,134.0,2450
2016-12-27 00:00:00,133.0,139.5,132.25,137.5,2499
2016-12-23 00:00:00,133.0,135.5,132.75,133.25,1506
2016-12-22 00:00:00,134.5,134.75,133.0,133.0,1088
2016-12-21 00:00:00,142.0,142.0,132.5,134.25,6876
2016-12-20 00:00:00,135.5,141.75,135.0,138.25,9067
2016-12-19 00:00:00,140.5,140.5,136.0,136.5,2969
2016-12-16 00:00:00,140.5,140.5,137.25,137.25,5596
2016-12-15 00:00:00,139.5,140.75,138.0,138.25,12139
2016-12-14 00:00:00,140.25,141.5,139.25,139.5,6184
2016-12-13 00:00:00,140.75,140.75,138.0,138.0,6475
2016-12-12 00:00:00,141.75,142.0,134.0,142.0,13353
2016-12-09 00:00:00,136.5,141.75,135.0,141.75,25214
2016-12-08 00:00:00,128.25,136.75,127.0,136.25,39280
2016-12-07 00:00:00,136.25,138.5,127.5,127.5,11608
2016-12-06 00:00:00,139.0,139.0,135.5,135.5,14830
2016-12-05 00:00:00,140.75,140.75,137.25,137.25,3677
2016-12-02 00:00:00,135.5,141.75,135.5,140.75,6253
2016-12-01 00:00:00,144.5,144.5,134.75,134.75,144942
2016-11-30 00:00:00,144.75,144.75,140.0,141.75,11791
2016-11-29 00:00:00,138.25,140.0,138.0,139.0,10551
2016-11-28 00:00:00,139.0,141.0,138.0,138.25,123251
2016-11-25 00:00:00,139.5,139.5,138.0,139.0,1673
2016-11-24 00:00:00,139.0,139.0,137.5,138.0,3044
2016-11-23 00:00:00,135.25,137.0,134.0,136.5,202540
2016-11-22 00:00:00,136.75,136.75,134.25,135.25,3865
2016-11-21 00:00:00,137.0,137.0,134.0,134.0,15458
2016-11-18 00:00:00,131.0,135.75,130.5,134.0,148590
2016-11-17 00:00:00,130.5,131.0,126.75,131.0,36036
2016-11-16 00:00:00,126.25,130.5,124.0,130.5,33139
2016-11-15 00:00:00,119.5,125.75,119.25,125.5,25127
2016-11-14 00:00:00,123.25,124.5,119.5,120.0,165862
2016-11-11 00:00:00,121.0,124.25,120.25,122.75,34113
2016-11-10 00:00:00,127.5,128.75,120.0,120.0,66264
2016-11-09 00:00:00,126.0,129.5,120.75,127.25,7443
2016-11-08 00:00:00,132.0,133.25,127.25,133.25,3843
2016-11-07 00:00:00,136.25,136.25,131.5,131.5,3213
2016-11-04 00:00:00,139.5,139.5,137.5,137.5,476
2016-11-03 00:00:00,142.75,142.75,137.0,137.75,1526
2016-11-02 00:00:00,142.0,142.75,136.0,142.75,8792
2016-11-01 00:00:00,143.0,143.25,142.0,143.0,1251
2016-10-31 00:00:00,145.5,145.75,142.25,144.75,2945
2016-10-28 00:00:00,145.75,146.0,144.75,145.0,1047
2016-10-27 00:00:00,148.25,148.5,145.75,145.75,7706
2016-10-26 00:00:00,149.25,151.0,147.5,147.5,14840
2016-10-25 00:00:00,152.0,152.0,148.0,148.0,667
2016-10-24 00:00:00,152.0,153.5,146.0,149.25,7194
2016-10-21 00:00:00,150.0,152.0,149.0,151.5,2861
2016-10-20 00:00:00,148.25,149.25,146.5,148.75,2239
2016-10-19 00:00:00,151.5,151.5,146.0,147.5,100575
2016-10-18 00:00:00,146.0,147.5,140.75,146.75,7510
2016-10-17 00:00:00,148.5,148.5,146.0,146.0,129515
2016-10-14 00:00:00,149.0,154.5,147.5,149.0,11094
2016-10-13 00:00:00,146.5,151.0,146.25,149.25,4393
2016-10-12 00:00:00,150.0,151.5,146.0,146.5,3483
2016-10-11 00:00:00,150.5,153.0,150.0,152.5,4795
2016-10-10 00:00:00,150.5,157.5,150.5,156.0,20643
2016-10-07 00:00:00,154.0,156.0,150.0,150.0,5071
2016-10-06 00:00:00,163.0,165.5,154.0,154.0,8446
2016-10-05 00:00:00,166.5,167.0,162.0,164.5,4007
2016-10-04 00:00:00,171.0,171.0,166.0,166.5,1082
2016-10-03 00:00:00,167.0,171.0,165.0,171.0,3576
2016-09-30 00:00:00,164.5,168.5,164.5,166.5,1733
2016-09-29 00:00:00,168.5,168.5,165.5,168.0,1091
2016-09-28 00:00:00,167.0,168.5,163.0,168.5,3030
2016-09-27 00:00:00,165.0,166.5,165.0,166.5,689
2016-09-26 00:00:00,166.5,166.5,163.0,164.5,2105
2016-09-23 00:00:00,164.0,166.5,163.5,166.0,5525
2016-09-22 00:00:00,158.5,165.0,158.5,164.0,4788
2016-09-21 00:00:00,156.0,157.5,155.5,156.5,2699
2016-09-20 00:00:00,151.5,153.5,151.0,153.5,1274
2016-09-19 00:00:00,145.0,152.5,145.0,150.5,3414
2016-09-16 00:00:00,151.5,151.5,144.75,144.75,36825
2016-09-15 00:00:00,154.0,155.5,151.0,151.5,3684
2016-09-14 00:00:00,158.5,158.5,153.5,153.5,2897
2016-09-13 00:00:00,156.5,160.0,156.5,157.0,106195
2016-09-12 00:00:00,161.0,161.0,156.5,156.5,4814
2016-09-09 00:00:00,164.0,166.0,159.0,163.0,8559
2016-09-08 00:00:00,165.0,165.0,164.0,164.0,2392
2016-09-07 00:00:00,168.0,170.0,165.0,165.0,5764
2016-09-06 00:00:00,168.5,171.0,167.5,167.5,2979
2016-09-05 00:00:00,170.0,174.0,168.5,168.5,5863
2016-09-02 00:00:00,170.0,176.0,170.0,174.0,5002
2016-09-01 00:00:00,172.0,175.0,163.5,171.0,6850
2016-08-31 00:00:00,179.0,179.0,170.0,172.5,9051
2016-08-30 00:00:00,170.0,180.0,170.0,177.0,15638
2016-08-29 00:00:00,165.0,177.5,163.0,177.5,10509
2016-08-26 00:00:00,160.0,168.0,160.0,165.0,8314
2016-08-25 00:00:00,157.0,160.0,155.0,160.0,32836
2016-08-24 00:00:00,154.5,157.0,154.0,156.0,5439
2016-08-23 00:00:00,149.75,153.5,149.75,153.5,5686
2016-08-22 00:00:00,150.5,152.5,149.25,150.0,7073
2016-08-19 00:00:00,152.0,152.0,149.5,150.5,5283
2016-08-18 00:00:00,150.0,152.0,149.75,150.5,7387
2016-08-17 00:00:00,152.0,152.0,149.0,150.0,1875
2016-08-16 00:00:00,149.5,150.0,149.5,150.0,54802
2016-08-15 00:00:00,147.0,149.75,147.0,149.5,696
2016-08-12 00:00:00,146.0,148.75,146.0,146.75,1097
2016-08-11 00:00:00,148.25,148.25,145.75,145.75,3960
2016-08-10 00:00:00,148.5,149.0,148.5,148.5,2066
2016-08-09 00:00:00,143.0,147.75,143.0,147.5,2057
2016-08-08 00:00:00,142.75,144.5,141.0,142.0,15685
2016-08-05 00:00:00,140.0,142.75,139.0,142.75,9301
2016-08-04 00:00:00,140.0,140.0,139.5,140.0,400
2016-08-03 00:00:00,139.0,139.0,138.5,138.5,1045
2016-08-02 00:00:00,138.5,139.75,138.0,139.0,3795
2016-08-01 00:00:00,140.0,140.5,138.0,138.25,906
2016-07-29 00:00:00,140.0,140.5,137.25,139.0,1439
2016-07-28 00:00:00,140.5,140.5,138.0,140.0,1496
2016-07-27 00:00:00,140.5,140.5,139.0,140.0,1159
2016-07-26 00:00:00,140.5,140.5,139.0,139.5,287
2016-07-25 00:00:00,139.0,140.0,138.5,139.0,2022
2016-07-22 00:00:00,139.25,139.25,136.75,139.0,1228
2016-07-21 00:00:00,140.75,140.75,137.5,139.0,140
2016-07-20 00:00:00,140.75,140.75,137.0,138.5,4012
2016-07-19 00:00:00,141.0,141.25,140.0,140.0,1362
2016-07-18 00:00:00,143.75,143.75,141.0,141.0,400
2016-07-15 00:00:00,143.0,144.0,142.0,143.0,1224
2016-07-14 00:00:00,141.0,142.75,141.0,142.5,2175
2016-07-13 00:00:00,139.5,140.75,139.5,139.75,1089
2016-07-12 00:00:00,137.75,139.0,136.5,139.0,2951
2016-07-11 00:00:00,135.0,136.0,135.0,136.0,836
2016-07-08 00:00:00,135.0,135.0,133.0,134.75,1354
2016-07-07 00:00:00,133.0,135.0,133.0,133.5,1572
2016-07-06 00:00:00,133.25,134.5,133.0,134.5,558
2016-07-05 00:00:00,134.0,135.0,133.0,134.5,1953
2016-07-04 00:00:00,131.75,133.5,131.75,133.0,2037
2016-07-01 00:00:00,132.5,132.5,130.0,130.25,749
2016-06-30 00:00:00,129.5,131.75,129.5,129.5,196
2016-06-29 00:00:00,126.25,128.75,126.25,128.75,11893
2016-06-28 00:00:00,133.0,133.0,126.0,126.25,1973
2016-06-27 00:00:00,129.0,132.75,125.0,129.75,5665
2016-06-24 00:00:00,,136.75,136.75,136.75,0
2016-06-23 00:00:00,134.25,136.75,134.0,136.75,1287
2016-06-22 00:00:00,126.0,134.0,125.5,133.0,10111
2016-06-21 00:00:00,124.5,125.5,124.5,125.5,7925
2016-06-20 00:00:00,120.0,126.0,118.0,125.0,4655
2016-06-17 00:00:00,122.5,123.0,121.75,121.75,3124
2016-06-16 00:00:00,124.75,125.0,121.5,122.5,3366
2016-06-15 00:00:00,129.0,129.0,124.75,124.75,2951
2016-06-14 00:00:00,131.0,131.0,129.0,129.0,506
2016-06-13 00:00:00,136.0,136.0,130.25,131.0,1774
2016-06-10 00:00:00,137.25,137.25,133.75,134.0,2503
2016-06-09 00:00:00,137.75,137.75,137.0,137.0,184
2016-06-08 00:00:00,137.5,137.75,137.0,137.75,25353
2016-06-07 00:00:00,140.0,140.0,138.0,138.0,3096
2016-06-06 00:00:00,,136.75,136.75,136.75,0
2016-06-03 00:00:00,138.0,138.0,136.75,136.75,690
2016-06-02 00:00:00,138.75,138.75,136.75,137.75,372
2016-06-01 00:00:00,140.0,140.0,133.0,138.75,2240
2016-05-31 00:00:00,139.75,139.75,138.0,138.25,423
2016-05-30 00:00:00,138.0,140.5,137.0,137.0,1072
2016-05-27 00:00:00,136.75,137.0,135.0,135.0,5434
2016-05-26 00:00:00,135.0,135.0,134.0,134.5,2316
2016-05-25 00:00:00,137.0,137.0,134.75,135.0,460
2016-05-24 00:00:00,135.0,137.0,135.0,137.0,143
2016-05-23 00:00:00,135.0,137.0,134.75,134.75,1163
2016-05-20 00:00:00,135.75,138.25,134.5,134.5,1213
2016-05-19 00:00:00,140.0,140.0,135.25,135.25,383
2016-05-18 00:00:00,138.75,138.75,135.25,135.25,479
2016-05-17 00:00:00,137.0,138.75,134.75,137.0,2807
2016-05-16 00:00:00,137.5,137.5,134.25,134.25,10966
2016-05-13 00:00:00,143.5,143.5,134.5,134.5,3419
2016-05-12 00:00:00,132.25,135.0,131.75,132.25,2486
2016-05-11 00:00:00,138.25,138.25,132.0,132.0,3085
2016-05-10 00:00:00,145.0,145.0,132.5,132.5,2725
2016-05-09 00:00:00,142.5,143.25,139.5,139.5,1775
2016-05-06 00:00:00,140.0,140.5,139.0,140.5,2944
2016-05-05 00:00:00,139.0,142.5,139.0,142.5,5
2016-05-04 00:00:00,139.0,142.5,139.0,142.5,5
2016-05-03 00:00:00,140.25,141.25,139.0,139.25,285
2016-05-02 00:00:00,141.25,141.25,139.0,139.0,420
2016-04-29 00:00:00,141.25,141.25,138.5,138.5,3089
2016-04-28 00:00:00,142.75,144.75,141.0,143.5,4108
2016-04-27 00:00:00,142.5,145.0,142.0,144.5,4546
2016-04-26 00:00:00,142.0,142.0,139.25,141.5,1448
2016-04-25 00:00:00,141.0,144.0,141.0,142.25,20727
2016-04-22 00:00:00,139.0,141.0,139.0,140.75,1073
2016-04-21 00:00:00,132.25,138.75,132.25,138.75,2363
2016-04-20 00:00:00,138.0,138.75,138.0,138.25,1747
2016-04-19 00:00:00,139.75,141.0,139.5,139.5,5224
2016-04-18 00:00:00,134.75,139.75,134.75,139.75,3571
2016-04-15 00:00:00,130.25,138.0,130.25,138.0,5075
2016-04-14 00:00:00,131.0,132.5,130.25,131.75,10197
2016-04-13 00:00:00,130.0,131.25,129.0,129.25,3038
2016-04-12 00:00:00,134.0,134.0,128.0,128.5,6941
2016-04-11 00:00:00,134.0,135.0,134.0,135.0,125
2016-04-08 00:00:00,137.0,138.0,136.5,136.5,29858
2016-04-07 00:00:00,137.5,138.0,137.0,137.0,2495
2016-04-06 00:00:00,134.0,139.0,133.75,135.25,3207
2016-04-05 00:00:00,132.0,134.75,131.0,134.0,1224
2016-04-04 00:00:00,132.25,132.25,131.0,132.0,30
2016-04-01 00:00:00,131.0,131.0,131.0,131.0,525
2016-03-31 00:00:00,131.5,131.75,131.25,131.75,675
2016-03-30 00:00:00,131.5,132.5,128.5,132.5,2334
2016-03-29 00:00:00,128.25,128.25,128.25,128.25,533
2016-03-28 00:00:00,128.25,129.75,129.75,129.75,1131
2016-03-25 00:00:00,128.25,129.75,128.0,129.75,1131
2016-03-24 00:00:00,128.25,129.75,128.0,129.75,1131
2016-03-23 00:00:00,128.25,131.5,128.0,131.5,622
2016-03-22 00:00:00,135.0,135.0,128.0,128.0,1397
2016-03-21 00:00:00,127.75,133.25,127.75,133.25,3463
2016-03-18 00:00:00,128.0,129.0,126.0,129.0,1515
2016-03-17 00:00:00,125.75,127.5,125.75,126.0,2044
2016-03-16 00:00:00,129.0,129.0,126.0,126.5,443
2016-03-15 00:00:00,129.25,131.0,125.0,125.5,3022
2016-03-14 00:00:00,133.5,134.25,121.25,128.5,5870
2016-03-11 00:00:00,134.0,136.0,134.0,134.0,1101
2016-03-10 00:00:00,136.0,136.0,134.0,134.0,758
2016-03-09 00:00:00,134.5,135.5,134.0,134.0,4519
2016-03-08 00:00:00,,133.0,133.0,133.0,0
2016-03-07 00:00:00,134.0,134.0,133.0,133.0,106
2016-03-04 00:00:00,134.75,134.75,133.0,133.5,952
2016-03-03 00:00:00,137.75,138.25,136.0,136.0,525
2016-03-02 00:00:00,137.75,137.75,135.75,137.25,883
2016-03-01 00:00:00,137.75,137.75,133.5,133.5,4254
2016-02-29 00:00:00,137.25,141.5,132.0,137.75,12013
2016-02-26 00:00:00,132.0,133.75,131.75,133.75,2007
2016-02-25 00:00:00,137.0,138.75,127.0,127.0,6977
2016-02-24 00:00:00,131.0,132.25,131.0,132.0,2563
2016-02-23 00:00:00,129.0,131.0,127.5,131.0,107603
2016-02-22 00:00:00,126.0,127.75,126.0,127.75,1489
2016-02-19 00:00:00,126.5,126.5,124.0,124.0,484
2016-02-18 00:00:00,126.75,126.75,126.5,126.5,1838
2016-02-17 00:00:00,127.0,127.0,124.75,124.75,946
2016-02-16 00:00:00,122.75,125.0,122.75,125.0,2737
2016-02-15 00:00:00,126.75,126.75,116.5,125.0,43388
2016-02-12 00:00:00,124.5,126.75,124.25,126.75,108046
2016-02-11 00:00:00,125.0,125.0,120.5,124.25,2488
2016-02-10 00:00:00,121.5,124.5,120.0,124.0,3476
2016-02-09 00:00:00,120.25,122.5,119.25,122.5,1500
2016-02-08 00:00:00,124.5,124.5,117.0,119.0,6051
2016-02-05 00:00:00,123.25,123.75,121.25,121.5,547
2016-02-04 00:00:00,120.25,120.25,120.0,120.0,987
2016-02-03 00:00:00,117.25,122.0,117.25,118.5,5345
2016-02-02 00:00:00,120.25,120.5,115.5,117.25,20574
2016-02-01 00:00:00,127.0,127.0,120.0,120.0,20557
2016-01-29 00:00:00,126.75,126.75,120.5,120.5,3446
2016-01-28 00:00:00,125.5,126.0,124.5,125.5,362
2016-01-27 00:00:00,125.5,126.0,124.5,124.5,1329
2016-01-26 00:00:00,126.25,126.5,124.5,124.5,1972
2016-01-25 00:00:00,125.75,127.0,125.75,125.75,1684
2016-01-22 00:00:00,123.75,127.0,123.75,125.5,6084
2016-01-21 00:00:00,124.0,124.0,120.0,123.5,4914
2016-01-20 00:00:00,124.5,124.5,124.0,124.5,1641
2016-01-19 00:00:00,126.5,126.5,124.0,125.0,2681
2016-01-18 00:00:00,129.0,129.25,127.0,127.5,2896
2016-01-15 00:00:00,133.75,134.75,128.75,129.0,2398
2016-01-14 00:00:00,143.0,143.25,124.25,134.25,4625
2016-01-13 00:00:00,148.25,148.25,145.25,145.25,2056
2016-01-12 00:00:00,150.0,150.0,148.0,150.0,2359
2016-01-11 00:00:00,151.0,151.0,148.5,150.0,3621
2016-01-08 00:00:00,152.0,154.0,149.0,149.0,2252
2016-01-07 00:00:00,155.0,155.0,148.25,149.75,3255
2016-01-06 00:00:00,,155.0,155.0,155.0,0
2016-01-05 00:00:00,153.0,166.5,153.0,155.0,3894
2016-01-04 00:00:00,151.5,152.5,148.0,152.5,11975
2016-01-01 00:00:00,,152.0,152.0,152.0,0
2015-12-31 00:00:00,,152.0,152.0,152.0,0
2015-12-30 00:00:00,150.0,152.0,148.0,152.0,2075
2015-12-29 00:00:00,150.0,150.0,140.5,149.5,8012
2015-12-28 00:00:00,139.5,146.75,138.75,146.75,28057
2015-12-25 00:00:00,137.75,137.75,136.0,137.75,1034
2015-12-24 00:00:00,137.75,137.75,136.0,137.75,1034
2015-12-23 00:00:00,137.75,137.75,136.0,137.75,1034
2015-12-22 00:00:00,135.0,135.5,135.0,135.5,24576
2015-12-21 00:00:00,133.0,134.25,133.0,134.25,4254
2015-12-18 00:00:00,132.0,133.0,131.0,133.0,1415
2015-12-17 00:00:00,130.25,132.5,130.0,130.0,4244
2015-12-16 00:00:00,130.75,130.75,130.0,130.0,909
2015-12-15 00:00:00,131.25,133.0,130.0,130.0,1204
2015-12-14 00:00:00,126.5,133.0,126.5,130.25,442
2015-12-11 00:00:00,132.0,134.25,132.0,133.5,2527
2015-12-10 00:00:00,131.0,131.0,130.0,130.0,100607
2015-12-09 00:00:00,129.25,130.0,129.25,130.0,782
2015-12-08 00:00:00,130.0,130.0,128.5,128.5,2630
2015-12-07 00:00:00,132.0,132.0,129.75,131.0,1813
2015-12-04 00:00:00,130.75,131.75,130.0,131.75,11280
2015-12-03 00:00:00,130.0,131.75,130.0,131.0,2069
2015-12-02 00:00:00,129.25,131.5,129.25,130.5,22195
2015-12-01 00:00:00,128.0,130.5,128.0,129.5,2572
2015-11-30 00:00:00,127.0,128.75,125.5,126.75,3099
2015-11-27 00:00:00,125.25,129.0,125.25,125.5,2645
2015-11-26 00:00:00,121.75,125.25,121.75,123.75,2353
2015-11-25 00:00:00,123.75,123.75,120.5,122.75,2599
2015-11-24 00:00:00,125.5,126.25,122.0,122.0,2700
2015-11-23 00:00:00,126.0,126.75,126.0,126.75,497
2015-11-20 00:00:00,121.75,126.75,121.75,126.75,1960
2015-11-19 00:00:00,127.0,127.0,127.0,127.0,100
2015-11-18 00:00:00,,127.0,127.0,127.0,0
2015-11-17 00:00:00,126.0,127.0,126.0,127.0,350
2015-11-16 00:00:00,115.0,130.0,115.0,126.0,2012
2015-11-13 00:00:00,125.0,125.75,123.75,125.75,1714
2015-11-12 00:00:00,129.75,129.75,127.0,127.0,314
2015-11-11 00:00:00,127.0,130.0,127.0,129.75,977
2015-11-10 00:00:00,131.0,131.0,126.75,126.75,55623
2015-11-09 00:00:00,128.0,129.5,127.25,129.5,7458
2015-11-06 00:00:00,128.75,129.5,125.25,128.0,3806
2015-11-05 00:00:00,132.75,133.25,130.75,130.75,1182
2015-11-04 00:00:00,135.0,135.0,131.0,132.5,1204
2015-11-03 00:00:00,130.0,135.0,130.0,135.0,52524
2015-11-02 00:00:00,129.0,131.25,128.0,131.25,21163
2015-10-30 00:00:00,127.25,129.0,127.25,129.0,517
2015-10-29 00:00:00,126.25,128.0,126.25,127.75,1858
2015-10-28 00:00:00,126.0,126.0,124.5,125.5,4165
2015-10-27 00:00:00,125.25,126.0,125.25,126.0,961
2015-10-26 00:00:00,123.5,126.5,123.5,125.5,3910
2015-10-23 00:00:00,125.75,125.75,123.75,123.75,17821
2015-10-22 00:00:00,125.0,126.0,125.0,126.0,7147
2015-10-21 00:00:00,123.25,124.5,122.75,123.0,3608
2015-10-20 00:00:00,120.0,123.0,120.0,120.5,3088
2015-10-19 00:00:00,122.0,122.0,120.5,120.5,481
2015-10-16 00:00:00,119.25,122.0,119.25,122.0,1291
2015-10-15 00:00:00,121.0,121.0,121.0,121.0,289
2015-10-14 00:00:00,119.5,121.5,118.0,121.0,6883
2015-10-13 00:00:00,116.25,119.5,116.0,119.5,1819
2015-10-12 00:00:00,117.5,117.5,116.0,116.0,234
2015-10-09 00:00:00,117.0,118.0,115.5,117.5,1800
2015-10-08 00:00:00,115.25,117.0,115.0,116.0,23688
2015-10-07 00:00:00,117.0,117.0,117.0,117.0,108
2015-10-06 00:00:00,115.0,116.75,115.0,116.75,5391
2015-10-05 00:00:00,111.5,115.0,111.5,115.0,4127
2015-10-02 00:00:00,113.25,113.25,113.25,113.25,50100
2015-10-01 00:00:00,,113.25,113.25,113.25,0
2015-09-30 00:00:00,112.75,114.75,111.5,113.25,7259
2015-09-29 00:00:00,116.5,116.5,112.75,113.25,5677
2015-09-28 00:00:00,113.0,118.0,113.0,117.0,1399
2015-09-25 00:00:00,116.25,116.75,113.0,113.0,591
2015-09-24 00:00:00,117.25,119.25,112.25,112.25,5165
2015-09-23 00:00:00,118.5,118.5,117.25,117.25,301
2015-09-22 00:00:00,119.0,120.0,119.0,120.0,1414
2015-09-21 00:00:00,120.0,120.0,118.0,119.0,1223
2015-09-18 00:00:00,118.0,119.75,118.0,119.75,9391
2015-09-17 00:00:00,119.5,119.5,117.0,117.0,240
2015-09-16 00:00:00,117.0,119.75,117.0,119.75,303
2015-09-15 00:00:00,117.75,119.5,117.0,119.5,2069
2015-09-14 00:00:00,119.25,120.5,118.0,120.0,2039
2015-09-11 00:00:00,120.25,121.0,116.5,116.5,390
2015-09-10 00:00:00,120.0,122.0,119.25,122.0,468
2015-09-09 00:00:00,120.0,122.0,120.0,122.0,904
2015-09-08 00:00:00,119.75,122.0,119.75,120.5,1229
2015-09-07 00:00:00,121.0,121.0,119.5,119.5,57
2015-09-04 00:00:00,119.0,120.25,119.0,120.25,677
2015-09-03 00:00:00,120.25,122.0,120.0,120.0,1088
2015-09-02 00:00:00,122.0,122.0,122.0,122.0,20
2015-09-01 00:00:00,120.25,122.0,120.0,122.0,1198
2015-08-31 00:00:00,123.0,123.5,122.0,123.5,2659
2015-08-28 00:00:00,119.5,123.5,119.5,122.75,1751
2015-08-27 00:00:00,119.0,120.5,119.0,120.0,1615
2015-08-26 00:00:00,120.0,122.0,119.5,120.0,12838
2015-08-25 00:00:00,112.0,115.5,112.0,115.5,2152
2015-08-24 00:00:00,118.0,118.0,113.5,114.25,5197
2015-08-21 00:00:00,120.5,123.25,120.0,120.0,3693
2015-08-20 00:00:00,123.0,123.0,121.25,121.5,17
2015-08-19 00:00:00,123.0,123.5,121.5,123.5,861
2015-08-18 00:00:00,123.5,123.5,120.75,123.0,1107
2015-08-17 00:00:00,118.5,124.0,118.5,124.0,4434
2015-08-14 00:00:00,118.0,120.0,118.0,118.0,1228
2015-08-13 00:00:00,117.75,118.5,117.75,118.0,692
2015-08-12 00:00:00,115.0,117.75,115.0,117.75,2953
2015-08-11 00:00:00,113.75,117.0,113.75,117.0,2880
2015-08-10 00:00:00,113.75,115.0,113.25,115.0,4211
2015-08-07 00:00:00,117.0,117.0,113.5,113.5,3428
2015-08-06 00:00:00,114.5,117.5,114.5,117.0,1283
2015-08-05 00:00:00,113.25,117.5,113.25,115.75,2660
2015-08-04 00:00:00,115.25,115.5,112.5,113.25,1016
2015-08-03 00:00:00,116.0,116.0,113.0,115.25,522
2015-07-31 00:00:00,114.0,115.5,114.0,115.5,21
2015-07-30 00:00:00,115.0,115.5,115.0,115.5,181
2015-07-29 00:00:00,114.5,114.5,113.0,113.75,345
2015-07-28 00:00:00,118.75,118.75,113.5,115.5,2056
2015-07-27 00:00:00,113.0,113.5,111.0,112.5,4526
2015-07-24 00:00:00,115.0,115.0,113.0,113.25,826
2015-07-23 00:00:00,118.75,118.75,114.5,115.0,6924
2015-07-22 00:00:00,117.25,118.75,116.75,118.5,385
2015-07-21 00:00:00,117.5,119.25,117.5,119.25,814
2015-07-20 00:00:00,121.5,121.5,119.5,119.5,1185
2015-07-17 00:00:00,124.0,124.0,121.5,121.5,237
2015-07-16 00:00:00,120.5,122.5,120.5,122.5,1120
2015-07-15 00:00:00,118.5,121.0,118.5,121.0,226
2015-07-14 00:00:00,119.5,120.5,119.5,119.5,340
2015-07-13 00:00:00,123.5,124.0,120.75,120.75,2367
2015-07-10 00:00:00,124.0,124.0,119.5,119.5,1496
2015-07-09 00:00:00,117.25,121.0,117.0,121.0,1256
2015-07-08 00:00:00,124.0,124.0,119.0,119.0,2030
2015-07-07 00:00:00,114.25,122.25,114.25,119.0,2624
2015-07-06 00:00:00,112.5,114.75,112.5,114.5,1658
2015-07-03 00:00:00,113.0,114.25,111.5,114.25,20140
2015-07-02 00:00:00,110.0,114.25,110.0,114.25,1032
2015-07-01 00:00:00,110.25,111.5,110.0,110.0,1112
2015-06-30 00:00:00,110.25,111.5,110.0,110.5,2179
2015-06-29 00:00:00,109.5,111.0,108.0,110.0,2576
2015-06-26 00:00:00,110.5,110.75,109.5,109.5,852
2015-06-25 00:00:00,111.75,113.0,111.0,111.0,1092
2015-06-24 00:00:00,114.0,114.25,112.5,114.25,305
2015-06-23 00:00:00,111.0,113.25,111.0,111.25,211
2015-06-22 00:00:00,111.75,113.5,111.75,113.5,1190
2015-06-19 00:00:00,,111.5,111.5,111.5,0
2015-06-18 00:00:00,111.25,112.0,111.0,111.5,3004
2015-06-17 00:00:00,112.0,112.0,111.0,111.0,61571
2015-06-16 00:00:00,111.5,113.25,111.0,113.25,9973
2015-06-15 00:00:00,110.75,112.75,110.5,111.75,5408
2015-06-12 00:00:00,114.5,115.0,114.5,114.5,74072
2015-06-11 00:00:00,114.0,115.25,114.0,115.25,9324
2015-06-10 00:00:00,110.0,113.75,110.0,113.75,5999
2015-06-09 00:00:00,113.5,114.0,111.75,113.0,56854
2015-06-08 00:00:00,113.25,115.0,113.25,113.5,8569
2015-06-05 00:00:00,118.25,119.75,115.25,115.75,1372
2015-06-04 00:00:00,118.75,120.5,118.0,118.0,29732
2015-06-03 00:00:00,118.5,118.5,118.5,118.5,315
2015-06-02 00:00:00,120.25,120.25,118.5,118.5,22233
2015-06-01 00:00:00,118.75,118.75,118.5,118.5,115
2015-05-29 00:00:00,118.0,118.75,118.0,118.25,1327
2015-05-28 00:00:00,121.0,121.0,118.5,118.5,926
2015-05-27 00:00:00,118.5,119.0,118.5,119.0,4069
2015-05-26 00:00:00,119.0,121.5,119.0,119.0,6475
2015-05-25 00:00:00,117.5,121.0,117.5,120.0,6746
2015-05-22 00:00:00,121.0,122.0,117.5,117.5,7291
2015-05-21 00:00:00,120.5,122.75,120.0,121.5,572869
2015-05-20 00:00:00,123.5,123.5,121.75,122.0,2136
2015-05-19 00:00:00,124.0,124.0,120.5,123.25,2131
2015-05-18 00:00:00,121.5,122.0,121.5,122.0,1064
2015-05-15 00:00:00,118.0,122.0,118.0,122.0,1844
2015-05-14 00:00:00,119.5,119.5,118.0,118.0,1415
2015-05-13 00:00:00,119.5,119.5,118.0,118.0,1415
2015-05-12 00:00:00,115.5,118.0,115.5,118.0,9784
2015-05-11 00:00:00,117.25,118.0,116.75,117.25,11330
2015-05-08 00:00:00,114.0,117.25,114.0,116.25,3824
2015-05-07 00:00:00,114.75,115.75,113.75,115.0,78122
2015-05-06 00:00:00,112.75,114.5,112.75,113.5,8435
2015-05-05 00:00:00,117.5,117.5,112.75,112.75,6398
2015-05-04 00:00:00,117.5,117.75,117.25,117.25,1818
2015-05-01 00:00:00,118.0,119.5,117.25,119.0,4539
2015-04-30 00:00:00,118.0,119.5,117.25,119.0,4539
2015-04-29 00:00:00,116.25,117.75,114.25,117.25,21366
2015-04-28 00:00:00,119.0,119.25,116.75,116.75,2190
2015-04-27 00:00:00,123.5,123.5,117.75,119.0,10525
2015-04-24 00:00:00,119.0,122.25,119.0,121.75,14129
2015-04-23 00:00:00,117.25,119.0,116.5,117.75,7083
2015-04-22 00:00:00,119.5,119.5,116.5,116.5,2005
2015-04-21 00:00:00,118.5,120.25,117.5,119.5,16130
2015-04-20 00:00:00,118.25,119.5,118.25,118.5,5399
2015-04-17 00:00:00,119.25,121.25,118.25,118.25,15141
2015-04-16 00:00:00,123.0,123.0,120.5,121.0,5772
2015-04-15 00:00:00,122.0,122.0,120.75,121.0,4593
2015-04-14 00:00:00,125.5,125.5,122.25,122.75,3614
2015-04-13 00:00:00,121.0,126.0,120.5,125.5,4900
2015-04-10 00:00:00,117.75,122.75,117.75,121.0,11015
2015-04-09 00:00:00,123.0,124.5,122.0,122.0,9594
2015-04-08 00:00:00,125.75,126.0,116.25,125.0,18410
2015-04-07 00:00:00,124.0,125.75,123.0,124.5,4062
2015-04-02 00:00:00,126.0,126.0,123.5,123.5,479
2015-04-01 00:00:00,128.5,128.5,121.25,124.5,4910
2015-03-31 00:00:00,116.5,122.0,116.5,122.0,4661
2015-03-30 00:00:00,115.0,118.5,115.0,117.25,5091
2015-03-27 00:00:00,119.0,119.0,115.5,117.25,5767
2015-03-26 00:00:00,118.5,119.0,117.25,119.0,5777
2015-03-25 00:00:00,123.5,123.5,120.75,120.75,5885
2015-03-24 00:00:00,123.5,123.5,123.0,123.0,3201
2015-03-23 00:00:00,125.5,125.5,123.5,124.0,2169
2015-03-20 00:00:00,124.75,125.75,123.25,124.0,9595
2015-03-19 00:00:00,123.75,123.75,122.5,122.75,4181
2015-03-18 00:00:00,120.75,123.75,120.5,122.5,6557
2015-03-17 00:00:00,122.0,122.5,120.75,120.75,1934
2015-03-16 00:00:00,120.25,122.25,120.0,122.25,1198
2015-03-13 00:00:00,121.75,122.25,121.25,122.25,10568
2015-03-12 00:00:00,122.25,124.0,121.25,121.75,2678
2015-03-11 00:00:00,121.25,124.5,121.0,124.5,14016
2015-03-10 00:00:00,125.75,127.0,121.0,122.25,9752
2015-03-09 00:00:00,135.0,135.0,125.75,125.75,11244
2015-03-06 00:00:00,134.0,134.0,128.25,130.0,72579
2015-03-05 00:00:00,131.0,136.0,131.0,135.0,6207
2015-03-04 00:00:00,135.25,135.25,127.0,132.0,12992
2015-03-03 00:00:00,137.5,140.25,135.25,135.25,310096
2015-03-02 00:00:00,136.5,137.5,135.5,136.0,12930
2015-02-27 00:00:00,139.25,139.25,136.0,138.75,11186
2015-02-26 00:00:00,139.75,140.0,137.0,139.25,301854
2015-02-25 00:00:00,145.0,145.0,140.0,141.0,369794
2015-02-24 00:00:00,146.0,146.0,141.0,145.0,19811
2015-02-23 00:00:00,137.0,140.0,137.0,138.5,66266
2015-02-20 00:00:00,135.0,136.5,133.0,136.0,20527
2015-02-19 00:00:00,134.5,134.5,131.25,131.25,5637
2015-02-18 00:00:00,130.5,134.0,130.5,134.0,10784
2015-02-17 00:00:00,131.0,131.0,130.25,130.25,3484
2015-02-16 00:00:00,135.0,135.0,130.75,131.0,177585
2015-02-13 00:00:00,133.0,135.0,131.5,135.0,38786
2015-02-12 00:00:00,130.5,132.75,126.25,132.75,22609
2015-02-11 00:00:00,132.0,133.0,132.0,132.25,15197
2015-02-10 00:00:00,127.5,132.0,127.5,132.0,4121
2015-02-09 00:00:00,131.25,131.25,126.5,128.25,51712
2015-02-06 00:00:00,133.0,133.0,132.25,133.0,863
2015-02-05 00:00:00,128.0,133.0,125.75,133.0,38704
2015-02-04 00:00:00,123.5,128.5,123.5,128.5,5891
2015-02-03 00:00:00,123.0,124.25,122.5,124.0,102644
2015-02-02 00:00:00,125.0,125.0,119.75,122.5,111605
2015-01-30 00:00:00,127.25,127.25,125.75,125.75,5910
2015-01-29 00:00:00,125.0,125.75,123.75,125.5,1404
2015-01-28 00:00:00,121.0,124.0,120.75,124.0,3183
2015-01-27 00:00:00,126.5,126.5,116.25,120.75,10267
2015-01-26 00:00:00,127.0,128.0,126.5,126.5,7984
2015-01-23 00:00:00,127.0,127.0,124.0,127.0,8460
2015-01-22 00:00:00,128.75,129.0,124.5,127.75,24329
2015-01-21 00:00:00,122.0,124.5,121.25,124.0,9634
2015-01-20 00:00:00,117.5,120.25,116.5,120.0,11069
2015-01-19 00:00:00,116.0,118.0,116.0,116.0,18373
2015-01-16 00:00:00,114.25,114.25,112.5,114.0,3917
2015-01-15 00:00:00,112.5,114.5,112.0,114.25,3964
2015-01-14 00:00:00,112.5,112.5,110.5,111.25,70040
2015-01-13 00:00:00,110.5,112.0,108.0,112.0,3131
2015-01-12 00:00:00,109.5,110.5,107.5,110.0,14425
2015-01-09 00:00:00,109.0,110.0,109.0,110.0,2180
2015-01-08 00:00:00,107.75,110.0,106.0,110.0,2964
2015-01-07 00:00:00,108.0,108.0,106.75,106.75,2589
2015-01-06 00:00:00,,108.0,108.0,108.0,0
2015-01-05 00:00:00,108.5,108.5,108.0,108.0,2028
2015-01-02 00:00:00,108.75,108.75,106.0,108.5,10218
2015-01-01 00:00:00,105.75,108.75,105.75,108.75,5125
2014-12-30 00:00:00,105.75,108.75,105.75,108.75,5125
2014-12-29 00:00:00,105.0,106.0,104.0,105.75,3078
2014-12-23 00:00:00,103.5,105.0,103.25,105.0,8157
2014-12-22 00:00:00,105.0,105.0,103.0,103.0,24972
2014-12-19 00:00:00,102.5,102.5,101.0,102.5,57547
2014-12-18 00:00:00,102.25,102.5,101.0,102.5,1635
2014-12-17 00:00:00,100.5,101.5,100.5,101.25,2398
2014-12-16 00:00:00,100.25,102.5,100.25,101.25,202964
2014-12-15 00:00:00,99.5,101.0,99.5,101.0,7926
2014-12-12 00:00:00,100.0,100.75,99.5,99.5,3619
2014-12-11 00:00:00,100.0,100.5,99.5,100.5,8311
2014-12-10 00:00:00,100.0,100.0,98.5,100.0,13820
2014-12-09 00:00:00,97.5,100.0,97.5,100.0,9548
2014-12-08 00:00:00,96.0,97.5,96.0,97.5,10852
2014-12-05 00:00:00,95.0,95.5,95.0,95.0,802
2014-12-04 00:00:00,94.75,95.25,94.75,95.25,4944
2014-12-03 00:00:00,92.75,94.25,92.75,94.25,22586
2014-12-02 00:00:00,93.5,93.5,91.0,91.5,9567
2014-12-01 00:00:00,92.5,93.0,92.5,93.0,1150
2014-11-28 00:00:00,92.75,93.0,92.25,93.0,5195
2014-11-27 00:00:00,91.5,93.25,91.5,93.0,6585
2014-11-26 00:00:00,91.25,91.5,91.25,91.5,3925
2014-11-25 00:00:00,90.0,91.5,90.0,91.5,4761
2014-11-24 00:00:00,90.5,90.5,90.0,90.0,300251
2014-11-21 00:00:00,90.0,90.0,89.0,90.0,1957
2014-11-20 00:00:00,88.5,90.25,88.5,90.0,2058
2014-11-19 00:00:00,88.25,88.75,88.25,88.5,520
2014-11-18 00:00:00,87.5,90.25,87.5,90.25,2005
2014-11-17 00:00:00,88.25,88.75,87.5,88.5,2586
2014-11-14 00:00:00,89.5,89.75,88.5,89.75,1010
2014-11-13 00:00:00,87.5,89.75,87.5,89.5,2139
2014-11-12 00:00:00,88.25,88.5,87.75,87.75,2800
2014-11-11 00:00:00,90.75,90.75,89.0,89.5,4381
2014-11-10 00:00:00,91.75,92.25,91.75,91.75,838
2014-11-07 00:00:00,90.75,90.75,90.75,90.75,400
2014-11-06 00:00:00,,91.75,91.75,91.75,0
2014-11-05 00:00:00,92.0,92.0,90.75,91.75,259
2014-11-04 00:00:00,90.5,93.25,90.5,92.0,6326
2014-11-03 00:00:00,89.0,90.25,89.0,90.0,1705
2014-10-31 00:00:00,87.25,89.0,87.25,89.0,66
2014-10-30 00:00:00,86.0,87.25,85.75,87.25,3271
2014-10-29 00:00:00,86.0,86.25,85.0,86.25,2337
2014-10-28 00:00:00,88.25,88.25,86.5,86.5,10090
2014-10-24 00:00:00,88.5,88.5,88.5,88.5,800
2014-10-23 00:00:00,90.75,91.0,89.5,89.5,1344
2014-10-22 00:00:00,87.5,90.0,87.5,90.0,24865
2014-10-21 00:00:00,84.25,87.0,84.25,87.0,1786
2014-10-20 00:00:00,83.75,84.25,83.75,84.25,2686
2014-10-17 00:00:00,81.25,84.25,81.25,84.25,1765
2014-10-16 00:00:00,80.5,80.5,80.5,80.5,3903
2014-10-15 00:00:00,80.75,81.0,80.25,80.75,1084
2014-10-14 00:00:00,82.0,82.0,81.5,81.5,3299
2014-10-13 00:00:00,80.25,82.0,80.25,82.0,4406
2014-10-10 00:00:00,83.5,83.5,83.5,83.5,100000
2014-10-09 00:00:00,83.5,83.5,83.5,83.5,45230
2014-10-08 00:00:00,82.25,83.25,82.25,83.25,2136
2014-10-07 00:00:00,82.25,83.25,82.0,82.25,8636
2014-10-06 00:00:00,86.0,86.0,84.0,84.0,2198
2014-10-03 00:00:00,86.0,87.0,85.25,86.0,1195
2014-10-02 00:00:00,86.5,86.5,86.5,86.5,280
2014-10-01 00:00:00,,87.0,87.0,87.0,0
2014-09-30 00:00:00,87.5,87.5,86.25,87.0,384
2014-09-29 00:00:00,87.75,87.75,87.75,87.75,100
2014-09-26 00:00:00,,87.75,87.75,87.75,0
2014-09-25 00:00:00,87.75,87.75,87.75,87.75,10577
2014-09-24 00:00:00,87.5,88.5,87.5,88.5,573
2014-09-23 00:00:00,87.25,89.75,87.25,88.5,94827
2014-09-22 00:00:00,82.75,86.25,82.75,86.25,4395
2014-09-19 00:00:00,84.25,85.0,84.25,84.5,7135
2014-09-18 00:00:00,84.0,84.0,83.25,83.5,1610
2014-09-17 00:00:00,85.0,85.0,84.0,84.0,2000
2014-09-16 00:00:00,86.0,86.0,85.0,85.0,309
2014-09-15 00:00:00,86.0,86.0,84.75,85.0,2034
2014-09-12 00:00:00,86.5,87.25,85.25,86.0,103581
2014-09-11 00:00:00,87.5,87.5,87.5,87.5,64
2014-09-10 00:00:00,89.5,89.5,87.0,87.5,8384
2014-09-09 00:00:00,90.25,90.5,89.5,90.5,10967
2014-09-08 00:00:00,91.0,91.0,89.5,90.0,2737
2014-09-05 00:00:00,91.25,91.5,90.0,91.5,900
2014-09-04 00:00:00,90.5,90.5,90.5,90.5,48
2014-09-03 00:00:00,91.25,92.25,90.0,91.0,6425
2014-09-02 00:00:00,92.75,92.75,92.0,92.25,2366
2014-09-01 00:00:00,94.25,94.25,92.0,92.75,275
2014-08-29 00:00:00,93.25,93.75,91.5,93.75,1637
2014-08-28 00:00:00,94.0,94.0,94.0,94.0,100
2014-08-27 00:00:00,94.25,94.25,94.25,94.25,100
2014-08-26 00:00:00,93.75,93.75,92.5,93.0,1917
2014-08-25 00:00:00,94.75,95.0,94.75,95.0,800
2014-08-22 00:00:00,94.75,94.75,94.75,94.75,100
2014-08-21 00:00:00,95.75,95.75,94.0,94.0,1254
2014-08-20 00:00:00,95.0,95.0,95.0,95.0,72
2014-08-19 00:00:00,93.5,94.75,93.5,94.75,313
2014-08-18 00:00:00,94.5,94.5,93.5,93.75,614
2014-08-15 00:00:00,94.0,94.75,93.0,94.75,690
2014-08-14 00:00:00,,94.0,94.0,94.0,0
2014-08-13 00:00:00,94.0,94.0,94.0,94.0,500
2014-08-12 00:00:00,94.25,94.25,94.25,94.25,65
2014-08-11 00:00:00,93.75,95.0,93.25,95.0,2748
2014-08-08 00:00:00,,94.25,94.25,94.25,0
2014-08-07 00:00:00,94.75,94.75,94.25,94.25,990
2014-08-06 00:00:00,96.0,96.0,96.0,96.0,2655
2014-08-05 00:00:00,97.75,97.75,97.5,97.5,754
2014-08-04 00:00:00,97.75,98.0,97.75,98.0,2187
2014-08-01 00:00:00,97.5,97.5,96.25,97.5,6922
2014-07-31 00:00:00,98.5,98.5,98.0,98.0,3100
2014-07-30 00:00:00,98.5,98.75,98.5,98.75,313
2014-07-29 00:00:00,99.0,99.0,99.0,99.0,200
2014-07-28 00:00:00,98.5,98.5,98.25,98.25,140
2014-07-25 00:00:00,97.75,99.0,97.75,98.75,1233
2014-07-24 00:00:00,96.25,97.0,96.0,97.0,1500
2014-07-23 00:00:00,97.0,97.0,96.75,97.0,2663
2014-07-22 00:00:00,95.0,97.25,95.0,97.25,1906
2014-07-21 00:00:00,95.25,95.25,94.5,94.5,1555
2014-07-18 00:00:00,96.5,99.0,95.0,95.0,6769
2014-07-17 00:00:00,96.5,96.5,96.5,96.5,500
2014-07-16 00:00:00,98.0,98.0,95.0,96.0,12188
2014-07-15 00:00:00,101.0,101.0,95.75,95.75,5038
2014-07-14 00:00:00,99.5,100.75,99.0,100.5,2833
2014-07-11 00:00:00,100.25,100.25,99.5,99.5,581
2014-07-10 00:00:00,,101.5,101.5,101.5,0
2014-07-09 00:00:00,103.25,103.25,101.5,101.5,3308
2014-07-08 00:00:00,99.25,104.5,99.25,102.75,8615
2014-07-07 00:00:00,97.5,98.0,97.5,98.0,1315
2014-07-04 00:00:00,97.25,97.5,97.0,97.0,722
2014-07-03 00:00:00,95.25,97.25,95.0,97.25,3760
2014-07-02 00:00:00,96.0,96.0,95.0,95.0,2030
2014-07-01 00:00:00,96.0,96.0,96.0,96.0,720
2014-06-30 00:00:00,97.5,97.5,95.0,95.0,6908
2014-06-27 00:00:00,,98.5,98.5,98.5,0
2014-06-26 00:00:00,98.5,98.5,98.5,98.5,235
2014-06-25 00:00:00,100.0,100.25,99.0,99.25,10150
2014-06-24 00:00:00,99.75,99.75,99.0,99.0,327
2014-06-23 00:00:00,100.0,100.0,100.0,100.0,20
2014-06-20 00:00:00,,99.75,99.75,99.75,0
2014-06-19 00:00:00,101.0,101.0,99.75,99.75,403
2014-06-18 00:00:00,98.5,100.0,97.25,100.0,9017
2014-06-17 00:00:00,93.75,98.75,93.75,98.75,3853
2014-06-16 00:00:00,99.75,99.75,93.0,93.0,3150
2014-06-13 00:00:00,103.0,103.0,99.25,99.75,1189
2014-06-12 00:00:00,100.5,101.0,99.25,99.25,1096
2014-06-11 00:00:00,100.5,100.5,100.0,100.5,2910
2014-06-10 00:00:00,99.75,100.0,98.0,100.0,121151
2014-06-09 00:00:00,101.0,101.0,101.0,101.0,200
2014-06-06 00:00:00,,101.5,101.5,101.5,0
2014-06-05 00:00:00,100.5,102.25,100.25,101.5,1482
2014-06-04 00:00:00,102.25,102.25,102.25,102.25,120
2014-06-03 00:00:00,101.0,102.75,99.0,102.0,8674
2014-06-02 00:00:00,100.5,102.25,100.25,102.25,8325
2014-05-30 00:00:00,102.0,102.0,100.25,100.25,732
2014-05-28 00:00:00,99.25,102.0,99.0,102.0,4229
2014-05-27 00:00:00,99.5,99.5,96.0,99.0,7638
2014-05-26 00:00:00,100.0,100.0,98.75,99.0,2270
2014-05-23 00:00:00,98.5,100.5,98.25,100.5,7331
2014-05-22 00:00:00,98.75,100.0,98.25,98.25,2229
2014-05-21 00:00:00,100.0,100.0,100.0,100.0,1800
2014-05-20 00:00:00,99.25,100.0,98.0,100.0,3358
2014-05-19 00:00:00,99.0,99.5,98.25,99.25,3690
2014-05-16 00:00:00,96.5,98.25,96.5,98.25,790
2014-05-15 00:00:00,101.5,101.5,98.75,98.75,1450
2014-05-14 00:00:00,99.5,100.0,98.5,100.0,11181
2014-05-13 00:00:00,98.5,99.75,98.5,99.75,1425
2014-05-12 00:00:00,100.0,100.0,98.5,100.0,4057
2014-05-09 00:00:00,97.75,100.0,97.25,99.75,5293
2014-05-08 00:00:00,95.25,96.5,93.0,96.5,2812
2014-05-07 00:00:00,93.0,94.0,92.75,94.0,4162
2014-05-06 00:00:00,89.25,92.0,89.25,92.0,4107
2014-05-05 00:00:00,87.5,91.25,87.5,89.5,1472
2014-05-02 00:00:00,90.75,90.75,90.75,90.75,25
2014-05-01 00:00:00,,90.5,90.5,90.5,0
2014-04-30 00:00:00,90.5,90.5,90.5,90.5,95
2014-04-29 00:00:00,90.5,90.75,89.5,89.75,3622
2014-04-28 00:00:00,90.5,90.5,90.5,90.5,98
2014-04-25 00:00:00,88.25,90.0,88.25,90.0,7927
2014-04-24 00:00:00,90.0,90.75,88.25,90.75,11190
2014-04-23 00:00:00,89.0,89.0,88.75,88.75,6480
2014-04-22 00:00:00,90.75,90.75,88.0,88.0,17474
2014-04-17 00:00:00,89.0,90.25,88.0,88.0,2100
2014-04-16 00:00:00,90.0,90.25,89.0,89.0,3220
2014-04-15 00:00:00,89.0,90.0,88.75,90.0,1314
2014-04-14 00:00:00,90.0,90.25,89.0,90.0,91117
2014-04-11 00:00:00,92.0,92.0,88.25,89.0,11320
2014-04-10 00:00:00,92.5,92.5,92.25,92.5,365
2014-04-09 00:00:00,92.0,92.5,91.5,92.5,1980
2014-04-08 00:00:00,93.0,93.0,91.5,91.5,1814
2014-04-07 00:00:00,92.5,94.25,92.5,93.0,265
2014-04-04 00:00:00,94.25,94.5,93.25,94.25,2820
2014-04-03 00:00:00,94.0,94.0,93.5,93.5,673
2014-04-02 00:00:00,91.75,94.75,91.75,93.5,9811
2014-04-01 00:00:00,92.75,92.75,91.75,92.5,491
2014-03-31 00:00:00,90.5,91.0,90.5,91.0,3870
2014-03-28 00:00:00,92.5,92.5,90.25,91.5,2730
2014-03-27 00:00:00,91.5,91.5,91.25,91.25,100
2014-03-26 00:00:00,92.75,92.75,90.25,92.75,886
2014-03-25 00:00:00,92.25,92.25,92.25,92.25,10
2014-03-24 00:00:00,92.5,92.5,90.75,92.0,3489
2014-03-21 00:00:00,92.0,92.75,92.0,92.0,874
2014-03-20 00:00:00,95.0,95.0,91.25,92.25,2509
2014-03-19 00:00:00,94.0,95.0,94.0,94.75,6400
2014-03-18 00:00:00,89.5,91.25,89.0,91.25,2347
2014-03-17 00:00:00,89.25,89.25,88.0,89.25,1020
2014-03-14 00:00:00,86.25,90.0,86.0,89.25,12705
2014-03-13 00:00:00,94.0,94.0,89.25,90.0,7062
2014-03-12 00:00:00,96.0,96.0,95.0,95.0,2530
2014-03-11 00:00:00,98.0,98.0,97.75,98.0,2350
2014-03-10 00:00:00,98.75,99.25,98.0,98.0,3100
2014-03-07 00:00:00,98.25,98.5,98.25,98.5,550
2014-03-06 00:00:00,98.5,99.0,98.5,98.5,1250
2014-03-05 00:00:00,98.25,99.0,97.75,97.75,680
2014-03-04 00:00:00,97.0,100.0,95.0,99.25,8353
2014-03-03 00:00:00,101.0,101.0,97.75,98.25,4205
2014-02-28 00:00:00,97.0,101.0,96.5,99.0,102849
2014-02-27 00:00:00,93.0,96.0,93.0,95.0,37302
2014-02-26 00:00:00,88.5,93.0,88.5,92.0,25200
2014-02-25 00:00:00,89.0,89.75,88.0,88.0,5412
2014-02-24 00:00:00,88.0,89.25,88.0,88.5,2906
2014-02-21 00:00:00,88.0,89.0,87.0,88.0,6178
2014-02-20 00:00:00,84.0,88.0,84.0,88.0,8319
2014-02-19 00:00:00,82.0,83.25,82.0,83.25,2197
2014-02-18 00:00:00,82.0,83.0,80.5,82.25,4490
2014-02-17 00:00:00,,79.5,79.5,79.5,0
2014-02-14 00:00:00,78.75,80.0,78.75,79.5,12753
2014-02-13 00:00:00,78.5,78.75,78.5,78.75,1185
2014-02-12 00:00:00,77.5,77.5,77.5,77.5,1829
2014-02-11 00:00:00,80.0,80.0,79.75,79.75,745
2014-02-10 00:00:00,79.0,80.0,79.0,80.0,130
2014-02-07 00:00:00,77.5,77.5,77.5,77.5,1500
2014-02-06 00:00:00,76.75,77.5,76.75,77.5,1891
2014-02-05 00:00:00,78.5,78.5,77.75,77.75,650
2014-02-04 00:00:00,78.0,78.75,78.0,78.75,1500
2014-02-03 00:00:00,79.75,79.75,79.0,79.0,5000
2014-01-31 00:00:00,78.0,79.25,78.0,79.25,3040
2014-01-30 00:00:00,77.0,77.25,77.0,77.25,75
2014-01-29 00:00:00,78.0,78.0,78.0,78.0,100
2014-01-28 00:00:00,77.0,78.0,77.0,78.0,473
2014-01-27 00:00:00,78.0,78.0,77.0,77.0,1705
2014-01-24 00:00:00,80.0,80.0,79.0,79.0,1632
2014-01-23 00:00:00,80.0,81.0,80.0,80.0,1403
2014-01-22 00:00:00,80.0,81.0,79.25,79.25,2777
2014-01-21 00:00:00,79.5,79.5,79.0,79.25,4378
2014-01-20 00:00:00,81.0,81.0,79.75,79.75,1957
2014-01-17 00:00:00,79.0,80.0,78.0,80.0,10833
2014-01-16 00:00:00,76.75,78.5,76.5,78.5,2857
2014-01-15 00:00:00,76.5,78.0,76.5,76.75,3863
2014-01-14 00:00:00,76.5,76.5,74.75,75.0,1556
2014-01-13 00:00:00,76.5,76.5,76.5,76.5,444
2014-01-10 00:00:00,75.75,77.0,75.75,76.25,1579
2014-01-09 00:00:00,,75.0,75.0,75.0,0
2014-01-08 00:00:00,75.0,75.5,74.5,75.0,2209
2014-01-07 00:00:00,75.5,76.0,75.0,75.0,836
2014-01-06 00:00:00,,75.5,75.5,75.5,0
2014-01-03 00:00:00,75.25,75.5,75.25,75.5,1051
2014-01-02 00:00:00,76.0,78.0,76.0,76.5,2234
2013-12-31 00:00:00,,73.25,73.25,73.25,0
2013-12-30 00:00:00,75.0,76.0,73.25,73.25,3053
2013-12-27 00:00:00,73.0,76.5,73.0,75.0,8821
2013-12-23 00:00:00,,76.0,76.0,76.0,0
2013-12-20 00:00:00,77.0,77.5,76.0,76.0,8254
2013-12-19 00:00:00,76.5,77.0,73.25,77.0,8254
2013-12-18 00:00:00,74.0,76.0,74.0,76.0,4667
2013-12-17 00:00:00,73.0,73.5,73.0,73.0,2119
2013-12-16 00:00:00,73.25,74.0,73.25,73.5,1711
2013-12-13 00:00:00,74.25,74.25,74.25,74.25,178
2013-12-12 00:00:00,74.5,74.5,74.0,74.0,1760
2013-12-11 00:00:00,75.25,75.25,74.5,74.5,2517
2013-12-10 00:00:00,76.0,77.0,75.0,76.0,6435
2013-12-09 00:00:00,78.0,78.0,76.25,76.25,529
2013-12-06 00:00:00,76.25,78.0,76.25,78.0,99
2013-12-05 00:00:00,77.0,77.5,77.0,77.0,3187
2013-12-04 00:00:00,76.0,76.5,76.0,76.5,5057
2013-12-03 00:00:00,75.75,76.0,75.75,75.75,1940
2013-12-02 00:00:00,75.0,75.75,75.0,75.75,1339
2013-11-29 00:00:00,73.0,75.0,73.0,75.0,8026
2013-11-28 00:00:00,73.0,73.25,73.0,73.25,350
2013-11-27 00:00:00,74.5,74.5,73.25,74.0,1400
2013-11-26 00:00:00,73.25,74.75,72.75,74.75,3136
2013-11-25 00:00:00,74.0,75.0,73.75,73.75,3600
2013-11-22 00:00:00,74.0,74.25,74.0,74.0,1167
2013-11-21 00:00:00,75.0,75.0,74.5,74.5,39153
2013-11-20 00:00:00,75.5,75.5,75.5,75.5,4894
2013-11-19 00:00:00,75.5,75.5,75.25,75.5,5545
2013-11-18 00:00:00,74.5,75.25,74.0,75.25,4205
2013-11-15 00:00:00,73.25,74.5,73.25,74.5,10506
2013-11-14 00:00:00,73.0,74.0,73.0,74.0,2400
2013-11-13 00:00:00,73.0,73.25,72.75,73.0,2410
2013-11-12 00:00:00,73.75,73.75,72.25,73.0,3585
2013-11-11 00:00:00,74.75,74.75,73.75,74.75,1295
2013-11-08 00:00:00,74.5,74.75,73.5,74.75,678
2013-11-07 00:00:00,73.5,74.0,70.0,74.0,7164
2013-11-06 00:00:00,72.75,74.25,72.75,74.25,2118
2013-11-05 00:00:00,75.0,75.25,72.5,72.5,1989
2013-11-04 00:00:00,75.0,75.0,74.0,74.0,1987
2013-11-01 00:00:00,75.0,75.0,75.0,75.0,480
2013-10-31 00:00:00,,75.5,75.5,75.5,0
2013-10-30 00:00:00,76.0,76.0,75.5,75.5,360
2013-10-29 00:00:00,75.0,76.0,75.0,76.0,874
2013-10-28 00:00:00,75.75,76.0,74.75,74.75,2743
2013-10-25 00:00:00,76.5,76.5,75.25,75.75,107410
2013-10-24 00:00:00,76.0,76.5,75.0,75.25,6887
2013-10-23 00:00:00,74.25,75.5,74.25,75.5,6077
2013-10-22 00:00:00,74.0,74.75,73.5,74.75,1295
2013-10-21 00:00:00,73.75,74.0,73.0,73.25,2300
2013-10-18 00:00:00,72.75,73.75,72.0,73.75,2303
2013-10-17 00:00:00,,73.0,73.0,73.0,0
2013-10-16 00:00:00,,73.0,73.0,73.0,0
2013-10-15 00:00:00,73.0,73.0,73.0,73.0,250
2013-10-14 00:00:00,73.0,73.25,72.0,73.25,8341
2013-10-11 00:00:00,73.0,73.25,72.75,73.0,1831
2013-10-10 00:00:00,72.75,73.75,72.75,73.75,531
2013-10-09 00:00:00,71.25,72.75,71.25,72.75,2816
2013-10-08 00:00:00,75.0,75.0,74.0,74.5,1279
2013-10-07 00:00:00,73.0,75.0,73.0,75.0,5083
2013-10-04 00:00:00,74.0,74.5,74.0,74.0,4304
2013-10-03 00:00:00,75.0,75.0,70.0,74.0,10620
2013-10-02 00:00:00,73.0,74.0,73.0,74.0,528
2013-10-01 00:00:00,73.5,74.0,73.0,74.0,2141
2013-09-30 00:00:00,73.5,73.5,73.25,73.5,2069
2013-09-27 00:00:00,72.0,74.0,72.0,74.0,2746
2013-09-26 00:00:00,73.0,73.0,71.75,72.0,7291
2013-09-25 00:00:00,72.0,72.5,71.25,72.5,3255
2013-09-24 00:00:00,72.25,72.25,71.0,72.0,25529
2013-09-23 00:00:00,73.5,73.5,73.25,73.25,400305
2013-09-20 00:00:00,73.5,73.5,73.0,73.25,2626
2013-09-19 00:00:00,73.0,73.25,72.25,73.25,5544
2013-09-18 00:00:00,71.5,74.25,71.5,74.25,7235
2013-09-17 00:00:00,72.5,72.75,71.5,72.0,9564
2013-09-16 00:00:00,74.0,74.0,73.5,73.5,7343
2013-09-13 00:00:00,74.0,74.0,74.0,74.0,4044
2013-09-12 00:00:00,75.0,75.0,72.0,74.0,9654
2013-09-11 00:00:00,75.0,76.0,75.0,75.0,130986
2013-09-10 00:00:00,74.5,75.0,74.0,75.0,5314
2013-09-09 00:00:00,76.0,76.0,74.75,74.75,3602
2013-09-06 00:00:00,77.0,77.0,75.75,75.75,3023
2013-09-05 00:00:00,78.5,78.5,76.5,76.5,3507
2013-09-04 00:00:00,77.0,78.5,77.0,77.0,4069
2013-09-03 00:00:00,75.5,77.0,75.5,77.0,4783
2013-09-02 00:00:00,75.0,75.0,75.0,75.0,41
2013-08-30 00:00:00,75.5,75.5,75.0,75.0,1355
2013-08-29 00:00:00,75.0,75.0,75.0,75.0,521
2013-08-28 00:00:00,75.5,75.5,75.0,75.0,1111
2013-08-27 00:00:00,75.5,76.0,75.25,75.25,1531
2013-08-26 00:00:00,75.5,75.5,75.25,75.25,279
2013-08-23 00:00:00,76.5,76.75,75.5,75.5,2359
2013-08-22 00:00:00,76.0,76.0,75.0,76.0,2980
2013-08-21 00:00:00,78.0,78.0,75.75,75.75,10156
2013-08-20 00:00:00,75.0,78.0,75.0,78.0,12353
2013-08-19 00:00:00,76.0,76.5,75.5,75.5,5552
2013-08-16 00:00:00,75.75,76.0,75.0,75.5,1468
2013-08-15 00:00:00,77.0,77.0,75.5,75.5,4250
2013-08-14 00:00:00,76.25,77.5,76.25,77.5,16984
2013-08-13 00:00:00,76.5,78.75,75.25,75.25,8277
2013-08-12 00:00:00,77.0,77.0,76.75,77.0,2350
2013-08-09 00:00:00,76.5,78.0,75.75,78.0,6304
2013-08-08 00:00:00,76.75,77.0,76.5,77.0,1000
2013-08-07 00:00:00,77.25,77.25,77.0,77.0,501
2013-08-06 00:00:00,76.5,77.5,76.5,77.25,2635
2013-08-05 00:00:00,78.0,78.0,77.0,77.0,2181
2013-08-02 00:00:00,78.0,78.0,78.0,78.0,344
2013-08-01 00:00:00,78.5,78.5,77.75,78.5,8065
2013-07-31 00:00:00,77.75,78.5,77.75,78.5,632
2013-07-30 00:00:00,78.25,78.75,77.0,77.75,3865
2013-07-29 00:00:00,76.5,77.5,76.5,77.5,1734
2013-07-26 00:00:00,77.0,77.25,76.0,77.25,2084
2013-07-25 00:00:00,77.25,77.25,77.25,77.25,465
2013-07-24 00:00:00,77.0,78.0,76.75,78.0,3189
2013-07-23 00:00:00,77.5,78.0,77.0,78.0,1710
2013-07-22 00:00:00,77.75,78.0,77.75,77.75,2380
2013-07-19 00:00:00,78.5,78.75,78.0,78.5,2580
2013-07-18 00:00:00,79.0,79.0,78.0,78.5,705
2013-07-17 00:00:00,79.0,79.0,78.5,78.5,1070
2013-07-16 00:00:00,79.25,79.25,79.0,79.0,2025
2013-07-15 00:00:00,79.0,80.0,79.0,79.5,1566
2013-07-12 00:00:00,77.5,78.0,77.0,78.0,3804
2013-07-11 00:00:00,77.0,78.0,77.0,77.25,935
2013-07-10 00:00:00,77.0,77.75,77.0,77.0,29400
2013-07-09 00:00:00,77.0,77.75,77.0,77.0,1181
2013-07-08 00:00:00,79.25,79.25,77.0,77.0,3965
2013-07-05 00:00:00,80.0,80.0,80.0,80.0,4411
2013-07-04 00:00:00,78.0,79.0,78.0,79.0,6079
2013-07-03 00:00:00,76.5,78.0,76.25,78.0,1377
2013-07-02 00:00:00,77.75,78.0,76.5,76.5,677
2013-07-01 00:00:00,75.25,77.5,75.0,77.0,2376
2013-06-28 00:00:00,78.5,79.0,75.0,75.0,5904
2013-06-27 00:00:00,76.25,78.5,76.25,78.5,2908
2013-06-26 00:00:00,79.0,79.0,76.0,76.0,2703
2013-06-25 00:00:00,76.0,78.25,76.0,78.25,3243
2013-06-24 00:00:00,78.5,79.0,75.0,75.0,7142
2013-06-21 00:00:00,,79.0,79.0,79.0,0
2013-06-20 00:00:00,78.0,79.0,78.0,79.0,3489
2013-06-19 00:00:00,79.5,79.5,79.0,79.0,3985
2013-06-18 00:00:00,80.25,80.25,77.0,79.0,11792
2013-06-17 00:00:00,80.0,80.25,78.75,79.75,5078
2013-06-14 00:00:00,80.5,80.5,79.0,79.5,17870
2013-06-13 00:00:00,79.5,80.5,79.0,79.0,7763
2013-06-12 00:00:00,81.0,81.0,79.5,80.0,6475
2013-06-11 00:00:00,80.0,80.0,77.5,77.5,14175
2013-06-10 00:00:00,77.5,79.0,77.0,78.0,12113
2013-06-07 00:00:00,78.0,78.0,77.0,77.5,1605
2013-06-06 00:00:00,,78.5,78.5,78.5,0
2013-06-05 00:00:00,78.0,78.5,78.0,78.5,2563
2013-06-04 00:00:00,78.0,78.5,78.0,78.0,321
2013-06-03 00:00:00,77.25,78.0,77.25,77.25,1700
2013-05-31 00:00:00,79.0,79.0,78.0,78.0,2193
2013-05-30 00:00:00,81.0,81.0,79.0,79.0,7957
2013-05-29 00:00:00,79.0,80.0,78.0,80.0,13294
2013-05-28 00:00:00,78.0,78.0,76.75,78.0,323985
2013-05-27 00:00:00,78.75,78.75,77.0,77.5,8108
2013-05-24 00:00:00,78.5,78.75,77.5,78.75,2330
2013-05-23 00:00:00,78.0,78.0,77.5,77.5,4642
2013-05-22 00:00:00,78.0,78.0,78.0,78.0,2963
2013-05-21 00:00:00,78.0,79.0,77.0,78.0,23798
2013-05-20 00:00:00,79.5,80.25,79.0,79.25,29430
2013-05-17 00:00:00,78.0,79.5,77.0,79.0,19800
2013-05-16 00:00:00,75.25,76.75,75.0,75.0,1275
2013-05-15 00:00:00,75.0,76.0,75.0,76.0,2019
2013-05-14 00:00:00,76.0,76.25,74.5,74.75,7598
2013-05-13 00:00:00,72.5,76.0,72.25,76.0,7349
2013-05-10 00:00:00,72.5,72.5,72.0,72.5,1418
2013-05-09 00:00:00,,72.75,72.75,72.75,0
2013-05-08 00:00:00,72.25,73.25,72.25,72.75,3437
2013-05-07 00:00:00,70.0,72.75,70.0,72.75,3532
2013-05-06 00:00:00,69.5,70.5,69.5,70.5,533
2013-05-03 00:00:00,69.5,69.5,69.25,69.5,3711
2013-05-02 00:00:00,70.0,70.0,69.25,69.25,2000
2013-05-01 00:00:00,,70.5,70.5,70.5,0
2013-04-30 00:00:00,70.25,70.5,70.0,70.5,2226
2013-04-29 00:00:00,69.0,70.5,69.0,70.5,1723
2013-04-26 00:00:00,71.0,71.0,68.5,68.5,6022
2013-04-25 00:00:00,68.5,71.5,68.5,71.5,3767
2013-04-24 00:00:00,69.0,69.0,68.25,68.25,8050
2013-04-23 00:00:00,67.25,68.25,67.25,68.25,1982
2013-04-22 00:00:00,65.25,67.0,65.25,67.0,2004
2013-04-19 00:00:00,66.0,66.0,65.0,65.0,12184
2013-04-18 00:00:00,67.5,67.5,66.0,66.5,3160
2013-04-17 00:00:00,68.75,68.75,68.0,68.25,1819
2013-04-16 00:00:00,68.75,69.75,68.75,69.75,1979
2013-04-15 00:00:00,69.0,69.25,69.0,69.25,3300
2013-04-12 00:00:00,68.0,68.0,68.0,68.0,305
2013-04-11 00:00:00,68.5,68.5,67.75,67.75,2254
2013-04-10 00:00:00,67.75,69.0,67.75,68.5,2628
2013-04-09 00:00:00,67.5,67.5,66.75,66.75,4868
2013-04-08 00:00:00,67.0,67.0,67.0,67.0,1147
2013-04-05 00:00:00,68.0,68.25,68.0,68.0,2553
2013-04-04 00:00:00,69.0,69.0,68.0,68.0,1295
2013-04-03 00:00:00,69.0,69.0,68.5,68.5,2700
2013-04-02 00:00:00,70.0,70.0,69.0,69.5,10190
2013-04-01 00:00:00,,70.0,70.0,70.0,0
2013-03-29 00:00:00,70.75,70.0,70.0,70.0,2626
2013-03-28 00:00:00,70.75,71.25,70.25,70.25,2626
2013-03-27 00:00:00,70.75,71.25,70.25,70.25,2626
2013-03-26 00:00:00,69.75,70.75,69.75,70.75,217
2013-03-25 00:00:00,72.5,72.5,70.0,70.5,4452
2013-03-22 00:00:00,69.0,70.25,69.0,70.0,4036
2013-03-21 00:00:00,69.0,69.0,67.75,68.0,3212
2013-03-20 00:00:00,71.0,71.0,70.0,70.0,1750
2013-03-19 00:00:00,70.0,71.0,69.0,71.0,2819
2013-03-18 00:00:00,70.25,70.5,70.0,70.0,4975
2013-03-15 00:00:00,70.5,71.0,69.25,70.25,25770
2013-03-14 00:00:00,72.0,72.0,69.0,70.25,12685
2013-03-13 00:00:00,74.0,74.25,72.75,72.75,5905
2013-03-12 00:00:00,75.0,75.0,74.5,74.5,2333
2013-03-11 00:00:00,75.0,75.0,74.75,74.75,210
2013-03-08 00:00:00,74.75,74.75,73.5,74.75,2789
2013-03-07 00:00:00,77.0,77.25,74.75,74.75,10809
2013-03-06 00:00:00,69.5,80.0,69.5,75.0,68977
2013-03-05 00:00:00,69.5,70.75,68.5,69.75,7932
2013-03-04 00:00:00,70.0,70.75,69.75,70.75,7505
2013-03-01 00:00:00,72.0,72.0,70.0,70.75,17676
2013-02-28 00:00:00,73.25,80.25,71.0,72.0,91762
2013-02-27 00:00:00,69.25,73.0,69.25,73.0,22213
2013-02-26 00:00:00,68.0,70.0,67.5,70.0,2825
2013-02-25 00:00:00,68.5,69.0,68.25,69.0,6416
2013-02-22 00:00:00,67.0,70.0,67.0,68.5,10363
2013-02-21 00:00:00,73.25,73.25,69.0,71.0,14517
2013-02-20 00:00:00,74.0,75.0,72.75,73.25,36206
2013-02-19 00:00:00,70.0,74.75,70.0,74.0,17138
2013-02-18 00:00:00,67.25,69.75,67.25,69.75,3630
2013-02-15 00:00:00,65.0,67.5,65.0,66.5,14322
2013-02-14 00:00:00,66.25,66.25,65.0,65.0,1526
2013-02-13 00:00:00,64.0,64.75,64.0,64.75,4274
2013-02-12 00:00:00,65.5,69.75,65.0,65.0,11241
2013-02-11 00:00:00,65.0,67.25,65.0,65.0,8735
2013-02-08 00:00:00,62.0,63.75,62.0,63.75,6277
2013-02-07 00:00:00,61.0,62.75,61.0,62.0,3700
2013-02-06 00:00:00,59.5,60.0,59.0,60.0,5187
2013-02-05 00:00:00,59.0,59.25,59.0,59.25,121
2013-02-04 00:00:00,59.25,59.25,58.5,58.5,6210
2013-02-01 00:00:00,58.0,58.25,58.0,58.25,1606
2013-01-31 00:00:00,58.0,58.0,58.0,58.0,130
2013-01-30 00:00:00,59.0,59.0,57.0,58.0,4830
2013-01-29 00:00:00,58.5,59.0,58.5,59.0,1591
2013-01-28 00:00:00,58.0,58.5,58.0,58.5,1110
2013-01-25 00:00:00,58.5,58.5,58.25,58.25,1872
2013-01-24 00:00:00,,59.0,59.0,59.0,0
2013-01-23 00:00:00,,59.0,59.0,59.0,0
2013-01-22 00:00:00,58.5,59.0,58.5,59.0,6000
2013-01-21 00:00:00,58.75,58.75,57.5,58.0,2944
2013-01-18 00:00:00,58.5,58.75,58.5,58.75,20539
2013-01-17 00:00:00,58.5,58.5,58.5,58.5,417
2013-01-16 00:00:00,58.0,58.5,58.0,58.5,1155
2013-01-15 00:00:00,,58.0,58.0,58.0,0
2013-01-14 00:00:00,58.5,58.5,58.0,58.0,101
2013-01-11 00:00:00,58.0,58.5,58.0,58.5,2569
2013-01-10 00:00:00,57.5,57.5,57.5,57.5,500
2013-01-09 00:00:00,57.0,57.5,56.75,57.5,3795
2013-01-08 00:00:00,57.25,57.25,57.0,57.0,1200
2013-01-07 00:00:00,58.25,58.25,58.0,58.0,750
2013-01-04 00:00:00,57.5,57.5,57.5,57.5,78
2013-01-03 00:00:00,57.75,57.75,57.75,57.75,536
2013-01-02 00:00:00,58.0,58.0,57.0,57.0,659
2013-01-01 00:00:00,,57.0,57.0,57.0,0
2012-12-31 00:00:00,,57.0,57.0,57.0,0
2012-12-28 00:00:00,57.25,58.0,57.0,57.0,4250
2012-12-27 00:00:00,57.0,58.0,57.0,58.0,3000
2012-12-26 00:00:00,,57.0,57.0,57.0,0
2012-12-25 00:00:00,,57.0,57.0,57.0,0
2012-12-24 00:00:00,,57.0,57.0,57.0,0
2012-12-21 00:00:00,56.5,57.0,56.5,57.0,23910
2012-12-20 00:00:00,55.75,56.5,55.75,56.5,839
2012-12-19 00:00:00,55.75,56.0,55.75,56.0,900
2012-12-18 00:00:00,54.5,56.0,54.5,55.75,12135
2012-12-17 00:00:00,54.5,54.5,54.5,54.5,2085
2012-12-14 00:00:00,54.0,54.5,54.0,54.5,4883
2012-12-13 00:00:00,54.5,54.5,54.0,54.0,2100
2012-12-12 00:00:00,54.25,54.75,54.0,54.75,5203
2012-12-11 00:00:00,55.25,55.25,54.0,54.5,9537
2012-12-10 00:00:00,54.75,55.0,54.0,55.0,2455
2012-12-07 00:00:00,54.25,54.5,54.0,54.5,5980
2012-12-06 00:00:00,54.0,54.25,54.0,54.25,5050
2012-12-05 00:00:00,,54.0,54.0,54.0,0
2012-12-04 00:00:00,53.5,54.0,53.5,54.0,1415
2012-12-03 00:00:00,54.5,54.5,53.75,53.75,40417
2012-11-30 00:00:00,54.25,54.5,54.25,54.5,400
2012-11-29 00:00:00,54.0,54.0,53.5,53.5,1652
2012-11-28 00:00:00,53.5,53.5,53.5,53.5,640
2012-11-27 00:00:00,,53.5,53.5,53.5,0
2012-11-26 00:00:00,54.0,54.0,53.5,53.5,200
2012-11-23 00:00:00,54.0,54.0,54.0,54.0,75250
2012-11-22 00:00:00,54.25,54.5,53.75,53.75,2747
2012-11-21 00:00:00,53.75,54.5,53.75,54.5,800
2012-11-20 00:00:00,53.5,54.5,53.5,54.5,3176
2012-11-19 00:00:00,54.0,54.75,53.25,53.25,5800
2012-11-16 00:00:00,54.0,54.0,54.0,54.0,3806
2012-11-15 00:00:00,54.75,54.75,54.5,54.5,140
2012-11-14 00:00:00,54.75,54.75,54.75,54.75,1571
2012-11-13 00:00:00,,54.0,54.0,54.0,0
2012-11-12 00:00:00,55.0,55.0,54.0,54.0,8532
2012-11-09 00:00:00,55.0,55.0,55.0,55.0,10
2012-11-08 00:00:00,,54.75,54.75,54.75,0
2012-11-07 00:00:00,56.5,56.5,54.75,54.75,5890
2012-11-06 00:00:00,55.25,56.5,55.25,56.5,3960
2012-11-05 00:00:00,54.5,55.25,54.5,55.25,3475
2012-11-02 00:00:00,52.5,54.0,52.5,54.0,750
2012-11-01 00:00:00,54.0,54.0,53.25,53.25,1394
2012-10-31 00:00:00,52.75,53.75,52.5,53.75,5050
2012-10-30 00:00:00,52.5,53.0,52.5,53.0,2600
2012-10-29 00:00:00,53.5,53.5,53.125,53.125,1460
2012-10-26 00:00:00,53.0,53.5,53.0,53.5,1922
2012-10-25 00:00:00,54.0,54.5,53.0,53.5,2641
2012-10-24 00:00:00,53.75,53.75,53.0,53.75,7378
2012-10-23 00:00:00,55.0,55.0,52.25,53.25,19684
2012-10-22 00:00:00,57.0,57.0,54.5,54.5,3850
2012-10-19 00:00:00,56.0,56.0,56.0,56.0,900
2012-10-18 00:00:00,,56.75,56.75,56.75,0
2012-10-17 00:00:00,57.0,57.0,56.75,56.75,200
2012-10-16 00:00:00,56.5,57.25,56.5,57.25,2350
2012-10-15 00:00:00,57.0,57.0,55.75,55.75,12989
2012-10-12 00:00:00,56.5,57.0,56.5,57.0,11207
2012-10-11 00:00:00,55.25,56.0,55.25,56.0,2998
2012-10-10 00:00:00,55.0,55.0,54.75,54.75,1080
2012-10-09 00:00:00,56.0,56.5,55.5,56.5,75400
2012-10-08 00:00:00,,55.5,55.5,55.5,0
2012-10-05 00:00:00,55.5,55.5,55.5,55.5,1900
2012-10-04 00:00:00,,55.25,55.25,55.25,0
2012-10-03 00:00:00,54.5,55.25,54.5,55.25,5061
2012-10-02 00:00:00,55.25,55.25,54.0,54.0,13883
2012-10-01 00:00:00,56.25,56.25,56.0,56.0,600
2012-09-28 00:00:00,57.0,57.0,57.0,57.0,200
2012-09-27 00:00:00,56.0,56.0,55.5,55.5,1862
2012-09-26 00:00:00,55.25,56.0,55.25,55.75,6125
2012-09-25 00:00:00,55.25,55.25,54.5,54.5,128
2012-09-24 00:00:00,56.0,56.0,55.0,55.75,3516
2012-09-21 00:00:00,55.75,56.0,55.75,56.0,1109
2012-09-20 00:00:00,55.25,56.0,55.25,56.0,9305
2012-09-19 00:00:00,55.0,55.0,54.5,54.5,2000
2012-09-18 00:00:00,55.0,55.0,55.0,55.0,743
2012-09-17 00:00:00,,55.25,55.25,55.25,0
2012-09-14 00:00:00,56.0,56.25,55.0,55.25,5327
2012-09-13 00:00:00,57.0,57.0,56.75,56.75,1450
2012-09-12 00:00:00,55.0,56.5,54.75,56.25,79331
2012-09-11 00:00:00,54.0,54.0,54.0,54.0,1240
2012-09-10 00:00:00,53.0,53.5,52.75,53.25,1267
2012-09-07 00:00:00,,53.25,53.25,53.25,0
2012-09-06 00:00:00,52.25,53.25,52.25,53.25,3900
2012-09-05 00:00:00,52.25,52.5,52.0,52.25,23017
2012-09-04 00:00:00,52.5,52.5,52.5,52.5,100100
2012-09-03 00:00:00,51.5,52.5,51.5,52.5,4200
2012-08-31 00:00:00,51.75,52.0,51.0,51.75,7696
2012-08-30 00:00:00,51.25,51.75,51.0,51.0,8414
2012-08-29 00:00:00,53.75,53.75,51.25,51.25,7767
2012-08-28 00:00:00,52.75,53.5,52.75,53.0,1230
2012-08-27 00:00:00,52.5,52.5,52.0,52.5,2034
2012-08-24 00:00:00,54.75,54.75,53.0,53.0,18513
2012-08-23 00:00:00,55.0,55.0,53.5,55.0,3349
2012-08-22 00:00:00,,55.0,55.0,55.0,0
2012-08-21 00:00:00,53.0,55.0,53.0,55.0,6964
2012-08-20 00:00:00,55.75,55.75,54.0,54.5,10499
2012-08-17 00:00:00,,56.5,56.5,56.5,0
2012-08-16 00:00:00,56.5,56.5,56.5,56.5,54
2012-08-15 00:00:00,57.25,57.25,56.5,56.5,2679
2012-08-14 00:00:00,58.0,58.0,58.0,58.0,68
2012-08-13 00:00:00,58.0,58.0,58.0,58.0,21543
2012-08-10 00:00:00,,58.0,58.0,58.0,0
2012-08-09 00:00:00,58.0,58.25,57.625,58.0,28957
2012-08-08 00:00:00,58.25,59.0,57.5,57.5,5310
2012-08-07 00:00:00,58.0,58.0,58.0,58.0,1000
2012-08-06 00:00:00,57.5,57.5,57.5,57.5,3146
2012-08-03 00:00:00,57.5,57.75,57.5,57.75,1668
2012-08-02 00:00:00,57.75,57.75,57.75,57.75,300
2012-08-01 00:00:00,58.0,58.0,57.75,57.75,2000
2012-07-31 00:00:00,,58.75,58.75,58.75,0
2012-07-30 00:00:00,58.75,58.75,58.75,58.75,882
2012-07-27 00:00:00,58.5,58.5,57.25,57.25,1543
2012-07-26 00:00:00,58.25,58.75,57.75,57.75,9922
2012-07-25 00:00:00,58.0,58.75,58.0,58.25,4187
2012-07-24 00:00:00,58.0,58.25,58.0,58.0,1081
2012-07-23 00:00:00,58.0,58.25,58.0,58.0,2611
2012-07-20 00:00:00,58.0,58.25,57.25,58.0,14846
2012-07-19 00:00:00,57.0,58.5,57.0,58.0,6996
2012-07-18 00:00:00,58.25,58.25,58.0,58.25,13000
2012-07-17 00:00:00,58.0,58.25,57.5,58.25,19882
2012-07-16 00:00:00,56.75,57.0,56.75,57.0,103143
2012-07-13 00:00:00,55.0,56.0,55.0,56.0,3912
2012-07-12 00:00:00,55.25,55.25,55.0,55.25,3000
2012-07-11 00:00:00,54.5,55.5,54.5,55.5,2250
2012-07-10 00:00:00,53.75,54.0,53.75,54.0,9094
2012-07-09 00:00:00,52.5,53.0,52.5,53.0,3089
2012-07-06 00:00:00,52.0,52.75,52.0,52.5,2672
2012-07-05 00:00:00,52.0,52.0,51.75,51.75,800
2012-07-04 00:00:00,51.5,51.5,51.5,51.5,500
2012-07-03 00:00:00,50.0,51.0,50.0,51.0,2909
2012-07-02 00:00:00,50.0,50.0,48.7,50.0,9898
2012-06-29 00:00:00,50.25,50.25,50.0,50.0,3038
2012-06-28 00:00:00,50.5,51.0,50.5,51.0,54498
2012-06-27 00:00:00,51.5,51.5,50.25,50.25,325
2012-06-26 00:00:00,,51.5,51.5,51.5,0
2012-06-25 00:00:00,51.5,51.5,51.25,51.5,1700
2012-06-22 00:00:00,,51.5,51.5,51.5,0
2012-06-21 00:00:00,51.5,53.0,51.5,51.5,3555
2012-06-20 00:00:00,52.75,52.75,52.25,52.25,626
2012-06-19 00:00:00,53.5,53.5,52.5,52.5,2000
2012-06-18 00:00:00,52.75,53.5,52.75,53.5,1013
2012-06-15 00:00:00,52.75,52.75,52.0,52.0,3252
2012-06-14 00:00:00,52.75,52.75,52.0,52.0,149
2012-06-13 00:00:00,52.0,52.0,52.0,52.0,101000
2012-06-12 00:00:00,51.25,51.5,51.25,51.5,2000
2012-06-11 00:00:00,51.5,51.5,51.25,51.25,4190
2012-06-08 00:00:00,52.0,52.0,51.5,51.5,1485
2012-06-07 00:00:00,52.5,53.0,51.25,52.5,55920
2012-06-06 00:00:00,,53.0,53.0,53.0,0
2012-06-05 00:00:00,49.0,53.0,49.0,53.0,13228
2012-06-04 00:00:00,49.0,49.2,48.9,49.2,2412
2012-06-01 00:00:00,49.8,49.8,48.5,49.1,2937
2012-05-31 00:00:00,49.5,50.5,49.5,50.5,2865
2012-05-30 00:00:00,49.5,49.5,49.5,49.5,500
2012-05-29 00:00:00,49.5,50.375,49.0,50.0,108159
2012-05-28 00:00:00,49.5,51.0,49.5,50.0,7624
2012-05-25 00:00:00,49.1,49.5,48.5,49.5,9306
2012-05-24 00:00:00,49.2,49.5,49.0,49.0,4900
2012-05-23 00:00:00,51.5,51.5,47.6,50.0,12907
2012-05-22 00:00:00,52.5,52.5,51.75,52.5,2168
2012-05-21 00:00:00,53.75,54.0,53.0,53.0,5617
2012-05-18 00:00:00,54.0,54.0,53.5,53.5,10813
2012-05-17 00:00:00,,54.0,54.0,54.0,0
2012-05-16 00:00:00,54.25,54.25,54.0,54.0,524
2012-05-15 00:00:00,53.5,55.0,53.5,53.5,16668
2012-05-14 00:00:00,54.0,54.25,52.75,54.25,10264
2012-05-11 00:00:00,54.5,54.5,54.0,54.0,7445
2012-05-10 00:00:00,54.5,54.5,53.75,54.0,3058
2012-05-09 00:00:00,54.0,54.0,53.5,53.5,2590
2012-05-08 00:00:00,54.0,54.0,53.75,54.0,1056
2012-05-07 00:00:00,52.25,53.5,52.25,53.0,22670
2012-05-04 00:00:00,53.5,53.5,53.5,53.5,5
2012-05-03 00:00:00,52.5,53.25,52.5,53.25,880
2012-05-02 00:00:00,53.0,53.0,53.0,53.0,100
2012-05-01 00:00:00,,52.5,52.5,52.5,0
2012-04-30 00:00:00,,52.5,52.5,52.5,0
2012-04-27 00:00:00,53.75,54.5,52.0,52.5,6485
2012-04-26 00:00:00,53.75,54.5,53.75,54.5,1769
2012-04-25 00:00:00,53.0,53.5,53.0,53.5,2113
2012-04-24 00:00:00,52.0,52.25,51.5,52.25,2703
2012-04-23 00:00:00,50.5,51.25,50.0,51.25,12951
2012-04-20 00:00:00,51.5,51.5,51.0,51.25,4702
2012-04-19 00:00:00,51.5,52.5,51.5,52.5,755
2012-04-18 00:00:00,51.5,51.5,51.5,51.5,300
2012-04-17 00:00:00,52.0,52.0,51.5,51.5,2500
2012-04-16 00:00:00,,52.5,52.5,52.5,0
2012-04-13 00:00:00,53.25,53.25,52.5,52.5,45500
2012-04-12 00:00:00,,53.0,53.0,53.0,0
2012-04-11 00:00:00,53.0,53.0,53.0,53.0,100
2012-04-10 00:00:00,53.0,53.0,53.0,53.0,400
2012-04-09 00:00:00,,52.5,52.5,52.5,0
2012-04-06 00:00:00,,52.5,52.5,52.5,0
2012-04-05 00:00:00,,52.5,52.5,52.5,0
2012-04-04 00:00:00,53.25,53.25,52.5,52.5,1006
2012-04-03 00:00:00,52.0,53.0,52.0,53.0,85689
2012-04-02 00:00:00,52.0,52.0,52.0,52.0,4207
2012-03-30 00:00:00,53.0,53.0,52.0,52.0,3200
2012-03-29 00:00:00,52.5,52.5,52.0,52.0,1170
2012-03-28 00:00:00,52.75,53.0,52.5,52.5,2539
2012-03-27 00:00:00,54.0,54.0,53.0,53.0,1096
2012-03-26 00:00:00,54.0,55.0,53.0,54.5,3590
2012-03-23 00:00:00,54.25,54.75,54.25,54.75,342
2012-03-22 00:00:00,53.5,54.25,53.25,54.25,21504
2012-03-21 00:00:00,54.0,54.5,53.25,54.0,5063
2012-03-20 00:00:00,55.0,55.0,54.0,55.0,2178
2012-03-19 00:00:00,55.0,55.0,54.5,55.0,4268
2012-03-16 00:00:00,55.0,55.5,53.5,55.0,67220
2012-03-15 00:00:00,54.0,55.0,54.0,54.5,30837
2012-03-14 00:00:00,54.5,54.5,54.0,54.5,53000
2012-03-13 00:00:00,55.0,55.0,55.0,55.0,1650
2012-03-12 00:00:00,55.0,55.0,53.75,55.0,23236
2012-03-09 00:00:00,55.0,55.0,52.0,54.75,2351638
2012-03-08 00:00:00,53.5,54.0,53.5,54.0,3700
2012-03-07 00:00:00,51.5,53.0,51.5,53.0,1900
2012-03-06 00:00:00,54.0,54.0,52.0,53.0,12500
2012-03-05 00:00:00,54.0,55.0,54.0,55.0,1305
2012-03-02 00:00:00,55.0,55.0,53.75,54.0,5858
2012-03-01 00:00:00,54.5,55.0,54.25,55.0,6139
2012-02-29 00:00:00,52.25,53.5,52.25,53.5,6509
2012-02-28 00:00:00,52.0,52.0,51.75,52.0,12245
2012-02-27 00:00:00,52.25,52.25,51.75,51.75,7139
2012-02-24 00:00:00,52.25,52.75,51.75,52.25,8052
2012-02-23 00:00:00,54.0,54.0,52.25,52.25,5230
2012-02-22 00:00:00,53.0,54.5,53.0,54.0,17610
2012-02-21 00:00:00,50.5,52.25,50.5,51.75,5222
2012-02-20 00:00:00,50.0,51.0,50.0,51.0,5261
2012-02-17 00:00:00,50.25,51.0,49.8,49.8,22875
2012-02-16 00:00:00,51.5,51.5,51.5,51.5,700
2012-02-15 00:00:00,51.5,51.5,50.5,51.0,2800
2012-02-14 00:00:00,52.0,52.25,50.5,51.5,9000
2012-02-13 00:00:00,51.0,52.0,51.0,52.0,2315
2012-02-10 00:00:00,50.5,50.5,50.5,50.5,400
2012-02-09 00:00:00,51.0,52.0,50.5,50.5,3138
2012-02-08 00:00:00,48.9,50.25,48.9,50.0,8516
2012-02-07 00:00:00,49.0,49.3,48.5,49.3,5746
2012-02-06 00:00:00,49.1,49.1,48.5,49.0,11115
2012-02-03 00:00:00,50.5,50.5,48.6,50.0,18235
2012-02-02 00:00:00,49.5,52.0,49.5,49.5,24483
2012-02-01 00:00:00,47.8,49.5,47.8,49.2,6360
2012-01-31 00:00:00,45.5,47.8,45.5,47.7,11552
2012-01-30 00:00:00,48.0,48.0,45.4,45.4,14293
2012-01-27 00:00:00,47.1,47.6,43.7,46.2,20180
2012-01-26 00:00:00,45.6,46.5,45.6,46.5,75955
2012-01-25 00:00:00,43.8,45.1,43.8,45.1,4305
2012-01-24 00:00:00,44.8,44.8,43.8,44.0,9711
2012-01-23 00:00:00,44.0,44.9,43.7,44.8,6435
2012-01-20 00:00:00,42.5,43.8,42.5,43.5,9750
2012-01-19 00:00:00,41.6,43.1,41.4,43.1,30480
2012-01-18 00:00:00,41.4,41.4,41.4,41.4,230
2012-01-17 00:00:00,40.3,41.6,40.3,41.4,8510
2012-01-16 00:00:00,40.3,40.9,39.6,40.9,107833
2012-01-13 00:00:00,40.0,40.0,39.8,39.8,1425
2012-01-12 00:00:00,41.0,41.0,39.7,39.7,6225
2012-01-11 00:00:00,41.3,41.3,40.2,41.0,3780
2012-01-10 00:00:00,41.0,41.3,40.6,40.6,1035
2012-01-09 00:00:00,41.5,41.5,40.5,40.5,9355
2012-01-06 00:00:00,,41.5,41.5,41.5,0
2012-01-05 00:00:00,41.5,41.5,41.5,41.5,1975
2012-01-04 00:00:00,40.5,41.5,40.5,41.5,111613
2012-01-03 00:00:00,40.5,40.5,40.5,40.5,5850
2012-01-02 00:00:00,40.5,40.5,40.5,40.5,10200
2011-12-30 00:00:00,39.4,40.2,39.4,40.0,6703
2011-12-29 00:00:00,40.0,40.0,39.4,39.4,922
2011-12-28 00:00:00,40.0,40.0,40.0,40.0,2360
2011-12-27 00:00:00,39.9,40.0,39.8,40.0,6920
2011-12-26 00:00:00,,39.8,39.8,39.8,0
2011-12-23 00:00:00,40.0,40.0,39.2,39.8,1701
2011-12-22 00:00:00,38.2,40.0,38.2,40.0,40840
2011-12-21 00:00:00,38.0,38.0,38.0,38.0,2026
2011-12-20 00:00:00,38.0,38.0,37.8,37.8,1410
2011-12-19 00:00:00,37.2,38.3,37.2,38.3,7548
2011-12-16 00:00:00,39.5,39.8,39.1,39.8,282
2011-12-15 00:00:00,39.5,39.5,39.5,39.5,100
2011-12-14 00:00:00,39.3,39.3,38.7,38.7,2333
2011-12-13 00:00:00,39.4,39.4,39.0,39.0,2841
2011-12-12 00:00:00,39.5,39.5,39.3,39.3,313
2011-12-09 00:00:00,39.0,39.0,38.4,38.5,4578
2011-12-08 00:00:00,39.0,39.1,38.5,38.6,4986
2011-12-07 00:00:00,39.5,39.5,39.0,39.0,5776
2011-12-06 00:00:00,40.0,40.0,39.1,39.5,3138
2011-12-05 00:00:00,39.0,40.0,39.0,40.0,5447
2011-12-02 00:00:00,39.6,39.9,39.0,39.0,24940
2011-12-01 00:00:00,39.1,40.1,39.1,40.1,3886
2011-11-30 00:00:00,39.2,39.2,38.8,39.2,1890
2011-11-29 00:00:00,38.8,39.2,38.8,39.2,2440
2011-11-28 00:00:00,38.8,38.8,38.8,38.8,210
2011-11-25 00:00:00,38.3,38.5,38.2,38.5,3090
2011-11-24 00:00:00,38.2,38.2,38.2,38.2,2100
2011-11-23 00:00:00,37.7,37.8,37.7,37.8,5800
2011-11-22 00:00:00,38.8,38.9,38.8,38.9,1200
2011-11-21 00:00:00,38.7,39.0,38.7,39.0,1200
2011-11-18 00:00:00,39.4,40.0,38.5,38.5,6310
2011-11-17 00:00:00,39.5,39.6,38.9,39.1,6080
2011-11-16 00:00:00,39.5,39.5,39.3,39.3,4749
2011-11-15 00:00:00,40.0,40.0,40.0,40.0,100
2011-11-14 00:00:00,40.0,40.0,40.0,40.0,1726
2011-11-11 00:00:00,39.5,40.0,39.5,40.0,3110
2011-11-10 00:00:00,39.6,40.2,39.3,40.2,3230
2011-11-09 00:00:00,40.5,40.5,40.5,40.5,500
2011-11-08 00:00:00,40.2,40.2,40.0,40.0,1918
2011-11-07 00:00:00,40.5,40.5,40.2,40.2,1284
2011-11-04 00:00:00,41.0,41.0,41.0,41.0,100
2011-11-03 00:00:00,41.0,41.0,41.0,41.0,400
2011-11-02 00:00:00,40.6,40.7,40.5,40.5,2735
2011-11-01 00:00:00,40.2,40.3,40.2,40.3,332
2011-10-31 00:00:00,41.0,41.0,40.4,40.4,2325
2011-10-28 00:00:00,40.2,41.0,40.2,41.0,1340
2011-10-27 00:00:00,41.0,41.0,40.7,40.7,117
2011-10-26 00:00:00,40.4,40.9,40.1,40.4,2220
2011-10-25 00:00:00,40.5,41.0,40.5,41.0,1373
2011-10-24 00:00:00,,40.5,40.5,40.5,1
2011-10-21 00:00:00,,40.5,40.5,40.5,0
2011-10-20 00:00:00,41.0,41.0,40.5,40.5,481
2011-10-19 00:00:00,41.0,41.0,41.0,41.0,100
2011-10-18 00:00:00,40.3,40.3,40.3,40.3,113
2011-10-17 00:00:00,40.8,41.2,40.8,41.0,933
2011-10-14 00:00:00,40.5,40.8,40.5,40.8,300
2011-10-13 00:00:00,40.5,40.5,40.5,40.5,1383
2011-10-12 00:00:00,41.1,41.1,40.8,40.8,250
2011-10-11 00:00:00,40.5,40.5,40.5,40.5,500
2011-10-10 00:00:00,40.0,40.1,39.8,39.8,1043
2011-10-07 00:00:00,40.1,40.1,40.1,40.1,500
2011-10-06 00:00:00,39.2,39.5,39.2,39.5,2220
2011-10-05 00:00:00,38.1,38.7,38.1,38.7,1112
2011-10-04 00:00:00,39.5,39.5,38.1,38.1,3443
2011-10-03 00:00:00,39.5,39.5,39.5,39.5,200
2011-09-30 00:00:00,39.3,39.3,38.6,39.3,3941
2011-09-29 00:00:00,39.0,39.0,38.8,38.8,2077
2011-09-28 00:00:00,39.7,39.7,39.0,39.0,6480
2011-09-27 00:00:00,39.4,39.6,39.4,39.6,2120
2011-09-26 00:00:00,39.1,39.6,38.7,38.7,2285
2011-09-23 00:00:00,40.0,40.0,39.0,39.1,12139
2011-09-22 00:00:00,40.0,40.0,39.1,39.1,3456
