Dates,Open,High,Low,Close,Volume
2017-09-08 00:00:00,111.25,112.0,111.0,111.25,992
2017-09-07 00:00:00,111.0,111.0,110.0,110.75,557
2017-09-06 00:00:00,111.75,111.75,111.75,111.75,268
2017-09-04 00:00:00,112.0,112.0,110.5,111.0,324
2017-09-01 00:00:00,111.0,112.0,111.0,112.0,321
2017-08-31 00:00:00,111.75,111.75,111.0,111.0,176
2017-08-30 00:00:00,111.0,111.0,111.0,111.0,121850
2017-08-29 00:00:00,112.0,112.0,111.0,112.0,402
2017-08-28 00:00:00,111.0,112.5,111.0,112.5,206
2017-08-25 00:00:00,111.0,112.5,111.0,111.5,1190
2017-08-24 00:00:00,110.75,112.75,110.75,112.75,759
2017-08-23 00:00:00,111.25,112.75,111.0,112.75,2471
2017-08-22 00:00:00,113.0,113.0,113.0,113.0,945
2017-08-21 00:00:00,112.0,112.0,111.5,112.0,2945
2017-08-18 00:00:00,111.25,112.5,111.25,112.0,51217
2017-08-17 00:00:00,112.5,112.5,111.25,111.25,450
2017-08-16 00:00:00,112.75,112.75,112.75,112.75,175
2017-08-15 00:00:00,111.25,113.0,111.0,112.75,2515
2017-08-14 00:00:00,111.75,112.75,110.25,111.0,1051
2017-08-11 00:00:00,111.5,112.0,110.0,111.75,2949
2017-08-10 00:00:00,111.25,112.0,109.0,111.75,7012
2017-08-09 00:00:00,110.25,110.25,110.25,110.25,4
2017-08-08 00:00:00,112.5,112.5,110.0,110.0,63034
2017-08-07 00:00:00,110.25,112.0,110.25,111.75,95
2017-08-04 00:00:00,112.0,112.0,112.0,112.0,213
2017-08-03 00:00:00,111.75,112.0,110.25,110.75,955
2017-08-02 00:00:00,111.75,111.75,110.25,111.75,1065
2017-08-01 00:00:00,110.25,111.75,110.25,111.75,1235
2017-07-31 00:00:00,109.0,111.75,109.0,110.0,780
2017-07-28 00:00:00,110.75,110.75,107.5,109.75,61017
2017-07-27 00:00:00,110.5,111.75,110.5,111.75,481
2017-07-26 00:00:00,111.0,112.75,111.0,111.75,430
2017-07-25 00:00:00,108.25,111.25,108.25,111.0,1805
2017-07-24 00:00:00,111.5,111.5,108.25,111.0,3220
2017-07-21 00:00:00,110.25,111.75,110.25,111.75,684
2017-07-20 00:00:00,111.25,111.25,109.75,110.25,12455
2017-07-19 00:00:00,112.0,112.0,112.0,112.0,5
2017-07-18 00:00:00,113.75,113.75,111.5,111.5,537
2017-07-17 00:00:00,110.75,113.25,110.75,113.25,5435
2017-07-14 00:00:00,110.75,112.75,110.75,112.5,662
2017-07-13 00:00:00,111.25,112.5,111.25,112.5,2655
2017-07-12 00:00:00,111.25,111.5,111.25,111.25,460
2017-07-11 00:00:00,111.25,111.25,111.0,111.25,2090
2017-07-10 00:00:00,111.25,111.5,110.0,111.5,4721
2017-07-07 00:00:00,111.0,111.0,111.0,111.0,615
2017-07-06 00:00:00,111.0,111.5,111.0,111.5,218
2017-07-05 00:00:00,111.0,112.75,111.0,112.75,1014
2017-07-04 00:00:00,113.0,113.0,111.0,111.0,410
2017-07-03 00:00:00,111.0,113.0,111.0,111.0,1612
2017-06-30 00:00:00,112.5,112.5,112.5,112.5,104
2017-06-29 00:00:00,111.5,111.5,111.5,111.5,71
2017-06-28 00:00:00,112.75,112.75,111.0,111.0,30783
2017-06-27 00:00:00,112.5,113.5,112.5,113.5,1865
2017-06-26 00:00:00,111.0,112.75,111.0,111.5,187
2017-06-23 00:00:00,,111.0,111.0,111.0,0
2017-06-22 00:00:00,112.0,112.0,110.5,111.0,1385
2017-06-21 00:00:00,112.0,113.0,111.0,113.0,2421
2017-06-20 00:00:00,112.75,113.0,111.5,112.25,1058
2017-06-19 00:00:00,110.5,113.75,110.5,112.75,21345
2017-06-16 00:00:00,113.75,113.75,110.5,110.5,9337
2017-06-15 00:00:00,111.0,113.75,109.75,113.75,17635
2017-06-14 00:00:00,113.5,113.5,112.0,112.0,9
2017-06-13 00:00:00,112.0,113.0,111.0,112.75,4874
2017-06-12 00:00:00,111.75,111.75,110.75,111.5,1180
2017-06-09 00:00:00,109.25,112.25,109.0,112.25,3699
2017-06-08 00:00:00,113.0,113.25,106.0,108.5,13780
2017-06-07 00:00:00,112.0,113.0,112.0,113.0,2164
2017-06-06 00:00:00,,112.25,112.25,112.25,0
2017-06-05 00:00:00,113.0,113.0,112.0,112.25,192
2017-06-02 00:00:00,112.75,113.0,112.75,112.75,1004
2017-06-01 00:00:00,112.0,112.0,111.25,112.0,2168
2017-05-31 00:00:00,111.75,112.5,111.5,112.0,2005
2017-05-30 00:00:00,112.0,112.5,111.0,111.75,2854
2017-05-29 00:00:00,112.75,113.0,109.75,111.75,11397
2017-05-26 00:00:00,111.25,113.0,111.25,112.75,1570
2017-05-24 00:00:00,113.0,113.0,112.0,113.0,424
2017-05-23 00:00:00,112.75,113.5,112.0,113.5,1966
2017-05-22 00:00:00,113.5,113.5,112.25,113.0,1034
2017-05-19 00:00:00,113.0,113.0,112.0,113.0,338
2017-05-18 00:00:00,113.25,113.25,112.0,113.0,5041
2017-05-17 00:00:00,113.0,113.75,112.0,113.75,2469
2017-05-16 00:00:00,112.75,113.0,111.0,113.0,5016
2017-05-15 00:00:00,112.0,112.75,112.0,112.75,1595
2017-05-12 00:00:00,111.0,112.0,112.0,112.0,31397
2017-05-11 00:00:00,112.25,113.25,111.25,111.75,7506
2017-05-10 00:00:00,112.0,112.5,110.5,112.5,10723
2017-05-09 00:00:00,110.0,112.25,110.0,112.0,6029
2017-05-08 00:00:00,112.25,112.5,109.75,109.75,4465
2017-05-05 00:00:00,112.5,112.5,111.25,111.25,91192
2017-05-04 00:00:00,113.0,113.0,108.5,111.25,148907
2017-05-03 00:00:00,112.0,114.0,111.0,113.75,6145
2017-05-02 00:00:00,113.75,114.0,110.5,113.75,1087
2017-05-01 00:00:00,,113.75,113.75,113.75,0
2017-04-28 00:00:00,114.0,114.0,110.25,113.75,1734
2017-04-27 00:00:00,113.0,114.5,112.5,114.5,13118
2017-04-26 00:00:00,112.5,113.0,112.5,113.0,240
2017-04-25 00:00:00,112.0,113.75,108.5,112.5,36098
2017-04-24 00:00:00,113.5,113.5,112.0,112.0,2837
2017-04-21 00:00:00,112.0,112.0,112.0,112.0,2020
2017-04-20 00:00:00,111.75,113.0,111.75,112.0,2744
2017-04-19 00:00:00,112.25,113.25,112.0,113.0,1952
2017-04-18 00:00:00,113.0,113.0,112.75,113.0,3014
2017-04-13 00:00:00,110.5,113.0,110.5,113.0,1950
2017-04-12 00:00:00,111.75,112.5,111.75,112.5,603
2017-04-11 00:00:00,111.75,112.0,110.25,112.0,18185
2017-04-10 00:00:00,108.5,111.0,108.5,110.75,1807
2017-04-07 00:00:00,110.0,111.75,110.0,110.25,1303
2017-04-06 00:00:00,112.75,113.0,109.25,113.0,443
2017-04-05 00:00:00,110.0,112.75,109.25,112.75,480
2017-04-04 00:00:00,110.0,111.0,110.0,110.0,3222
2017-04-03 00:00:00,110.0,111.0,109.25,110.0,2072
2017-03-31 00:00:00,108.25,111.75,108.25,111.75,237
2017-03-30 00:00:00,112.0,112.0,108.0,108.25,2050
2017-03-29 00:00:00,109.5,109.5,108.0,109.5,9391
2017-03-28 00:00:00,109.25,110.0,108.75,110.0,5094
2017-03-27 00:00:00,109.25,109.75,107.0,109.75,7243
2017-03-24 00:00:00,110.5,110.5,104.75,107.0,23131
2017-03-23 00:00:00,110.5,117.75,110.0,110.25,1618
2017-03-22 00:00:00,110.0,110.0,105.25,109.75,1394
2017-03-21 00:00:00,111.5,112.75,111.5,111.5,554
2017-03-20 00:00:00,110.0,112.5,110.0,111.5,836
2017-03-17 00:00:00,112.75,114.5,109.5,110.0,2283
2017-03-16 00:00:00,110.25,113.25,109.5,112.75,1047
2017-03-15 00:00:00,109.0,111.75,109.0,110.5,116
2017-03-14 00:00:00,111.5,111.5,109.5,109.5,1409
2017-03-13 00:00:00,111.25,112.0,109.25,109.25,1206
2017-03-10 00:00:00,111.25,111.0,111.0,111.0,810
2017-03-09 00:00:00,114.75,114.75,111.0,112.75,178
2017-03-08 00:00:00,115.25,115.25,114.75,114.75,42
2017-03-07 00:00:00,110.75,111.0,109.5,111.0,850
2017-03-06 00:00:00,108.0,112.0,108.0,110.75,4416
2017-03-03 00:00:00,111.75,112.5,112.5,112.5,1368
2017-03-02 00:00:00,112.5,114.25,111.75,111.75,1706
2017-03-01 00:00:00,111.25,112.5,111.25,111.75,791
2017-02-28 00:00:00,114.0,115.0,111.25,112.0,3940
2017-02-27 00:00:00,115.25,115.25,113.0,113.0,980
2017-02-24 00:00:00,114.0,115.25,113.75,115.25,2615
2017-02-23 00:00:00,112.5,115.5,112.5,114.25,54334
2017-02-22 00:00:00,113.0,114.0,112.75,113.0,3212
2017-02-21 00:00:00,113.25,113.5,112.75,113.0,1987
2017-02-20 00:00:00,113.25,116.0,113.0,113.0,6003
2017-02-17 00:00:00,111.0,114.0,111.0,113.0,12960
2017-02-16 00:00:00,109.5,111.5,109.5,111.0,3578
2017-02-15 00:00:00,110.5,111.0,110.0,111.0,6629
2017-02-14 00:00:00,110.25,111.5,110.25,110.25,3429
2017-02-13 00:00:00,111.25,111.5,110.0,110.0,920
2017-02-10 00:00:00,112.5,112.5,110.25,111.25,4447
2017-02-09 00:00:00,112.75,112.75,109.0,112.0,4079
2017-02-08 00:00:00,109.0,113.0,109.0,113.0,124551
2017-02-07 00:00:00,109.75,109.75,109.0,109.5,12534
2017-02-06 00:00:00,110.0,110.0,109.0,109.75,854
2017-02-03 00:00:00,111.0,111.0,109.75,110.0,54125
2017-02-02 00:00:00,110.0,111.0,110.0,111.0,5528
2017-02-01 00:00:00,109.5,111.0,109.5,110.5,3322
2017-01-31 00:00:00,111.0,111.0,110.0,111.0,1007
2017-01-30 00:00:00,110.0,111.0,110.0,111.0,528
2017-01-27 00:00:00,110.75,111.0,109.75,110.0,9915
2017-01-26 00:00:00,110.0,110.75,110.0,110.5,247
2017-01-25 00:00:00,109.0,110.0,109.0,110.0,963
2017-01-24 00:00:00,110.0,110.0,110.0,110.0,23
2017-01-23 00:00:00,110.0,110.75,109.5,110.75,124
2017-01-20 00:00:00,110.75,110.75,110.0,110.0,710
2017-01-19 00:00:00,110.75,111.0,109.25,110.0,8535
2017-01-18 00:00:00,111.0,111.0,109.75,109.75,401
2017-01-17 00:00:00,109.25,110.75,109.25,110.0,4014
2017-01-16 00:00:00,113.0,113.0,111.0,111.0,1243
2017-01-13 00:00:00,110.0,111.0,110.0,111.0,2117
2017-01-12 00:00:00,109.75,110.0,109.0,110.0,15986
2017-01-11 00:00:00,109.25,110.0,109.25,110.0,2816
2017-01-10 00:00:00,109.0,111.5,109.0,110.0,12799
2017-01-09 00:00:00,111.0,112.0,111.0,111.25,2794
2017-01-06 00:00:00,,111.0,111.0,111.0,0
2017-01-05 00:00:00,111.0,111.0,111.0,111.0,3086
2017-01-04 00:00:00,112.0,112.0,111.0,111.0,2506
2017-01-03 00:00:00,112.0,112.0,111.0,112.0,8530
2017-01-02 00:00:00,113.75,113.75,111.0,112.0,11933
2016-12-30 00:00:00,113.0,114.0,111.5,113.75,1405
2016-12-29 00:00:00,112.0,115.0,112.0,113.0,1813
2016-12-28 00:00:00,111.5,112.75,110.25,112.0,2555
2016-12-27 00:00:00,111.0,114.0,110.5,111.0,6575
2016-12-23 00:00:00,110.0,111.0,109.5,110.0,377
2016-12-22 00:00:00,112.0,112.0,110.0,110.0,484
2016-12-21 00:00:00,112.0,112.0,111.0,112.0,111
2016-12-20 00:00:00,112.0,112.25,112.0,112.0,1085
2016-12-19 00:00:00,111.0,112.5,111.0,112.5,1650
2016-12-16 00:00:00,114.0,115.0,112.5,112.5,1769
2016-12-15 00:00:00,114.5,114.5,110.5,114.0,180
2016-12-14 00:00:00,114.0,114.5,111.25,114.0,719
2016-12-13 00:00:00,108.75,114.0,108.75,114.0,1178
2016-12-12 00:00:00,110.0,110.25,109.0,109.5,10815
2016-12-09 00:00:00,112.75,112.75,107.5,110.25,8803
2016-12-08 00:00:00,112.0,115.25,112.0,112.75,1757
2016-12-07 00:00:00,112.0,115.75,112.0,114.5,3253
2016-12-06 00:00:00,114.25,115.0,111.0,112.0,7020
2016-12-05 00:00:00,118.0,118.0,114.25,116.25,356
2016-12-02 00:00:00,114.0,117.75,114.0,117.75,7292
2016-12-01 00:00:00,113.0,116.75,113.0,113.0,1403
2016-11-30 00:00:00,114.0,116.25,113.0,113.0,4559
2016-11-29 00:00:00,115.0,115.0,113.0,113.5,2648
2016-11-28 00:00:00,112.0,115.0,112.0,115.0,1955
2016-11-25 00:00:00,111.5,118.75,111.25,111.5,956
2016-11-24 00:00:00,113.25,114.5,111.5,111.5,348
2016-11-23 00:00:00,113.0,114.75,111.25,114.75,1444
2016-11-22 00:00:00,110.0,111.5,110.0,111.0,396
2016-11-21 00:00:00,112.0,112.0,110.0,110.0,527
2016-11-18 00:00:00,108.5,114.0,108.5,112.0,959
2016-11-17 00:00:00,110.0,114.0,107.75,109.25,9013
2016-11-16 00:00:00,110.25,112.75,110.0,110.0,3430
2016-11-15 00:00:00,110.5,111.5,110.25,110.5,1549
2016-11-14 00:00:00,112.0,113.75,112.0,112.0,1503
2016-11-11 00:00:00,112.0,112.25,111.25,111.25,2203
2016-11-10 00:00:00,110.0,111.75,110.0,111.0,1899
2016-11-09 00:00:00,110.0,113.25,107.0,111.0,2058
2016-11-08 00:00:00,114.0,114.0,108.75,110.5,14904
2016-11-07 00:00:00,113.0,113.5,111.25,112.0,4274
2016-11-04 00:00:00,113.5,113.5,113.0,113.0,295
2016-11-03 00:00:00,113.75,113.75,113.75,113.75,5
2016-11-02 00:00:00,113.75,113.75,113.0,113.0,2912
2016-11-01 00:00:00,113.5,114.75,113.5,113.75,1318
2016-10-31 00:00:00,113.0,114.0,112.0,113.0,5328
2016-10-28 00:00:00,116.75,116.75,114.0,114.0,1809
2016-10-27 00:00:00,114.75,117.0,114.0,117.0,2906
2016-10-26 00:00:00,116.75,117.0,114.75,114.75,1384
2016-10-25 00:00:00,119.0,119.0,113.0,116.75,1804
2016-10-24 00:00:00,115.0,117.25,114.25,117.25,1881
2016-10-21 00:00:00,115.25,115.25,112.0,113.25,1453
2016-10-20 00:00:00,113.5,114.0,111.75,112.75,2870
2016-10-19 00:00:00,116.75,117.0,113.0,113.25,1066
2016-10-18 00:00:00,114.25,114.25,113.0,114.25,5354
2016-10-17 00:00:00,116.0,116.0,111.75,113.25,6241
2016-10-14 00:00:00,113.5,116.5,113.5,116.0,6128
2016-10-13 00:00:00,116.0,116.0,113.25,116.0,1599
2016-10-12 00:00:00,115.75,116.0,115.75,116.0,1450
2016-10-11 00:00:00,119.5,120.0,115.75,115.75,10143
2016-10-10 00:00:00,115.0,118.25,113.0,118.25,883
2016-10-07 00:00:00,113.5,116.0,113.5,115.0,6002
2016-10-06 00:00:00,117.0,117.25,113.0,113.0,10795
2016-10-05 00:00:00,118.5,120.75,117.0,117.0,6161
2016-10-04 00:00:00,120.75,120.75,119.5,119.5,10412
2016-10-03 00:00:00,119.75,120.75,118.75,119.5,3198
2016-09-30 00:00:00,118.75,118.75,117.0,118.75,1252
2016-09-29 00:00:00,117.75,118.75,117.75,118.75,415
2016-09-28 00:00:00,116.75,119.75,116.75,118.25,1103
2016-09-27 00:00:00,119.0,120.75,119.0,120.5,7220
2016-09-26 00:00:00,117.5,118.75,117.5,118.75,1008
2016-09-23 00:00:00,119.75,119.75,117.75,117.75,682
2016-09-22 00:00:00,121.0,121.0,119.5,119.5,371
2016-09-21 00:00:00,120.25,121.0,120.0,121.0,22991
2016-09-20 00:00:00,118.25,120.25,118.25,120.25,288
2016-09-19 00:00:00,117.75,118.5,116.5,118.5,4109
2016-09-16 00:00:00,118.0,118.5,118.0,118.0,481
2016-09-15 00:00:00,119.5,119.5,118.5,118.5,3394
2016-09-14 00:00:00,118.5,119.75,118.5,119.75,508
2016-09-13 00:00:00,118.0,120.75,112.0,120.75,15245
2016-09-12 00:00:00,121.0,121.0,114.0,118.5,8640
2016-09-09 00:00:00,120.5,121.0,120.5,121.0,2665
2016-09-08 00:00:00,121.75,121.75,119.0,120.0,477
2016-09-07 00:00:00,121.0,122.5,119.0,121.0,2978
2016-09-06 00:00:00,123.0,123.0,120.5,120.75,13742
2016-09-05 00:00:00,124.75,124.75,119.5,121.0,18239
2016-09-02 00:00:00,122.75,124.75,121.75,122.75,5748
2016-09-01 00:00:00,122.75,122.75,120.5,121.0,2663
2016-08-31 00:00:00,123.5,123.5,123.0,123.0,3444
2016-08-30 00:00:00,120.75,124.75,120.75,123.5,12190
2016-08-29 00:00:00,120.75,120.75,120.0,120.0,3746
2016-08-26 00:00:00,121.0,121.0,119.5,121.0,8170
2016-08-25 00:00:00,121.0,121.0,118.25,120.25,33596
2016-08-24 00:00:00,118.0,121.0,118.0,119.75,4175
2016-08-23 00:00:00,121.0,121.0,118.5,118.5,4833
2016-08-22 00:00:00,118.0,121.0,117.25,121.0,4041
2016-08-19 00:00:00,121.0,121.0,117.25,120.25,3867
2016-08-18 00:00:00,120.5,121.0,120.0,120.25,11136
2016-08-17 00:00:00,120.0,120.25,117.75,120.25,32096
2016-08-16 00:00:00,117.0,117.75,116.75,117.0,5678
2016-08-15 00:00:00,119.25,119.5,115.5,117.0,52278
2016-08-12 00:00:00,115.25,117.25,115.25,116.75,3116
2016-08-11 00:00:00,115.5,118.0,115.0,115.25,2968
2016-08-10 00:00:00,116.5,116.5,114.75,115.5,216
2016-08-09 00:00:00,116.5,116.5,116.0,116.5,1686
2016-08-08 00:00:00,112.75,116.5,110.0,116.5,28066
2016-08-05 00:00:00,114.0,116.25,114.0,114.0,1850
2016-08-04 00:00:00,116.75,118.0,114.0,114.0,12659
2016-08-03 00:00:00,113.0,116.0,112.75,115.5,5256
2016-08-02 00:00:00,114.0,118.25,113.0,113.25,5303
2016-08-01 00:00:00,110.0,117.75,110.0,114.0,4632
2016-07-29 00:00:00,109.75,110.0,109.75,110.0,3035
2016-07-28 00:00:00,109.25,110.0,109.25,109.25,5130
2016-07-27 00:00:00,109.0,109.75,102.5,108.0,1809
2016-07-26 00:00:00,109.75,110.0,109.0,109.5,558
2016-07-25 00:00:00,110.0,110.0,109.0,109.0,1071
2016-07-22 00:00:00,109.0,110.0,109.0,110.0,13952
2016-07-21 00:00:00,109.0,110.0,108.5,109.0,3977
2016-07-20 00:00:00,110.0,110.0,108.75,110.0,1603
2016-07-19 00:00:00,109.75,110.0,108.75,110.0,11701
2016-07-18 00:00:00,108.5,111.0,108.5,110.0,239
2016-07-15 00:00:00,110.0,110.0,108.5,109.75,145
2016-07-14 00:00:00,108.75,109.5,108.0,109.5,1317
2016-07-13 00:00:00,107.75,108.75,107.0,108.75,1235
2016-07-12 00:00:00,107.25,107.75,106.5,107.75,475
2016-07-11 00:00:00,106.0,113.0,105.75,108.75,995
2016-07-08 00:00:00,108.75,108.75,105.75,106.0,20182
2016-07-07 00:00:00,113.5,113.5,107.25,109.0,49
2016-07-06 00:00:00,109.75,109.75,106.25,106.25,34848
2016-07-05 00:00:00,110.25,110.25,107.0,109.75,6468
2016-07-04 00:00:00,108.25,110.5,107.25,109.0,914
2016-07-01 00:00:00,108.0,110.0,107.75,108.5,823
2016-06-30 00:00:00,107.5,107.5,107.5,107.5,23
2016-06-29 00:00:00,108.0,108.0,105.75,105.75,12062
2016-06-28 00:00:00,108.0,108.0,101.0,105.75,609
2016-06-27 00:00:00,103.0,106.0,101.5,106.0,1204
2016-06-24 00:00:00,,107.0,107.0,107.0,0
2016-06-23 00:00:00,108.0,108.0,105.75,107.0,825
2016-06-22 00:00:00,107.25,107.25,105.5,106.0,1761
2016-06-21 00:00:00,107.25,107.25,107.25,107.25,17
2016-06-20 00:00:00,107.75,107.75,105.75,107.25,1115
2016-06-17 00:00:00,107.5,108.25,105.0,105.25,7119
2016-06-16 00:00:00,106.25,107.5,105.0,107.5,4765
2016-06-15 00:00:00,109.5,109.5,106.25,106.5,2945
2016-06-14 00:00:00,107.5,109.5,105.75,109.5,1833
2016-06-13 00:00:00,108.0,108.0,105.75,107.5,2406
2016-06-10 00:00:00,109.0,109.5,106.0,109.0,316
2016-06-09 00:00:00,109.0,109.0,109.0,109.0,998
2016-06-08 00:00:00,107.0,109.25,105.0,109.0,2174
2016-06-07 00:00:00,109.5,110.0,109.0,109.0,996
2016-06-06 00:00:00,,110.0,110.0,110.0,0
2016-06-03 00:00:00,110.0,110.0,107.5,110.0,867
2016-06-02 00:00:00,110.25,110.25,108.5,110.0,17755
2016-06-01 00:00:00,113.5,113.5,109.0,109.75,21771
2016-05-31 00:00:00,110.0,111.5,109.25,109.75,2889
2016-05-30 00:00:00,111.0,111.0,109.25,109.75,6363
2016-05-27 00:00:00,109.0,110.5,109.0,109.5,11368
2016-05-26 00:00:00,109.0,109.0,109.0,109.0,15112
2016-05-25 00:00:00,108.0,109.0,107.0,107.5,2111
2016-05-24 00:00:00,109.0,109.0,108.0,109.0,614
2016-05-23 00:00:00,110.0,110.0,109.0,109.0,1322
2016-05-20 00:00:00,110.5,110.5,110.5,110.5,192
2016-05-19 00:00:00,110.0,110.25,108.5,109.0,2079
2016-05-18 00:00:00,109.0,110.0,108.0,110.0,2073
2016-05-17 00:00:00,113.0,113.0,109.0,109.0,1249
2016-05-16 00:00:00,110.75,110.75,109.0,109.0,2183
2016-05-13 00:00:00,111.5,111.5,110.75,110.75,420
2016-05-12 00:00:00,110.0,111.5,109.5,111.5,31592
2016-05-11 00:00:00,111.0,112.0,109.5,111.0,2356
2016-05-10 00:00:00,112.0,112.0,111.0,111.0,281
2016-05-09 00:00:00,111.75,112.0,108.25,112.0,2546
2016-05-06 00:00:00,113.0,113.0,113.0,113.0,80
2016-05-05 00:00:00,109.0,109.5,108.75,109.5,1056
2016-05-04 00:00:00,109.0,109.5,108.75,109.5,1056
2016-05-03 00:00:00,109.0,110.0,109.0,110.0,896
2016-05-02 00:00:00,111.0,112.0,109.0,109.0,1333
2016-04-29 00:00:00,111.5,111.5,110.5,110.5,2329
2016-04-28 00:00:00,110.0,111.75,110.0,110.5,173
2016-04-27 00:00:00,110.0,110.0,106.0,109.75,3344
2016-04-26 00:00:00,110.25,110.25,109.0,110.0,1359
2016-04-25 00:00:00,110.25,110.25,108.0,109.75,1553
2016-04-22 00:00:00,110.25,110.25,109.0,110.0,8716
2016-04-21 00:00:00,112.0,112.0,108.25,109.0,14062
2016-04-20 00:00:00,110.75,111.75,110.75,111.75,44036
2016-04-19 00:00:00,108.0,111.5,107.75,111.0,1694
2016-04-18 00:00:00,111.75,111.75,110.0,111.5,2915
2016-04-15 00:00:00,111.25,112.0,111.25,111.75,41576
2016-04-14 00:00:00,111.5,112.0,111.25,111.5,1745
2016-04-13 00:00:00,112.75,112.75,112.0,112.0,31366
2016-04-12 00:00:00,113.0,113.0,112.5,112.75,1140
2016-04-11 00:00:00,113.0,113.0,112.5,112.75,9662
2016-04-08 00:00:00,113.0,113.0,112.5,112.5,4041
2016-04-07 00:00:00,113.0,113.0,112.0,112.0,185
2016-04-06 00:00:00,111.5,113.0,111.5,112.0,324
2016-04-05 00:00:00,111.0,113.0,110.0,112.5,9753
2016-04-04 00:00:00,110.0,111.0,110.0,110.0,1749
2016-04-01 00:00:00,111.75,111.75,110.75,111.0,1163
2016-03-31 00:00:00,110.75,111.0,110.0,111.0,4558
2016-03-30 00:00:00,109.75,110.75,108.0,110.75,12028
2016-03-29 00:00:00,110.0,110.0,108.0,109.75,1728
2016-03-28 00:00:00,109.75,109.75,109.75,109.75,45
2016-03-25 00:00:00,109.75,109.75,109.75,109.75,45
2016-03-24 00:00:00,109.75,109.75,109.75,109.75,45
2016-03-23 00:00:00,109.75,109.75,105.75,109.75,1080
2016-03-22 00:00:00,109.5,110.0,105.0,105.0,556
2016-03-21 00:00:00,107.25,110.0,107.0,109.75,8355
2016-03-18 00:00:00,105.0,106.0,105.0,106.0,2505
2016-03-17 00:00:00,105.5,105.5,103.0,104.25,3442
2016-03-16 00:00:00,105.75,105.75,103.0,105.0,2406
2016-03-15 00:00:00,105.5,106.0,103.5,106.0,21053
2016-03-14 00:00:00,105.0,106.0,102.0,103.0,4866
2016-03-11 00:00:00,102.25,105.5,102.25,104.25,568
2016-03-10 00:00:00,105.75,106.0,103.5,103.5,5814
2016-03-09 00:00:00,103.25,105.0,103.25,104.25,2090
2016-03-08 00:00:00,105.0,105.0,102.25,102.25,3328
2016-03-07 00:00:00,104.0,105.0,103.0,103.25,2890
2016-03-04 00:00:00,105.5,105.5,102.75,102.75,12704
2016-03-03 00:00:00,105.0,105.5,105.0,105.5,2764
2016-03-02 00:00:00,104.0,104.0,102.5,104.0,1769
2016-03-01 00:00:00,103.25,103.25,103.0,103.25,338
2016-02-29 00:00:00,104.0,104.0,102.25,102.25,3731
2016-02-26 00:00:00,104.0,104.0,102.0,103.0,7125
2016-02-25 00:00:00,102.0,103.75,102.0,103.75,3691
2016-02-24 00:00:00,101.5,102.0,101.5,102.0,421
2016-02-23 00:00:00,101.5,103.0,101.5,101.5,438
2016-02-22 00:00:00,102.0,102.0,101.5,101.5,1524
2016-02-19 00:00:00,102.5,103.25,102.0,102.0,4853
2016-02-18 00:00:00,101.0,107.75,101.0,105.0,924
2016-02-17 00:00:00,101.0,103.0,101.0,101.0,2504
2016-02-16 00:00:00,100.0,103.75,99.0,99.25,1194
2016-02-15 00:00:00,100.5,103.5,99.0,99.0,4903
2016-02-12 00:00:00,100.25,100.75,100.25,100.75,68
2016-02-11 00:00:00,101.5,103.75,100.5,102.0,5130
2016-02-10 00:00:00,103.5,104.0,101.5,104.0,2587
2016-02-09 00:00:00,103.25,103.5,100.0,103.0,3157
2016-02-08 00:00:00,106.0,106.0,101.0,104.25,4765
2016-02-05 00:00:00,99.25,103.75,99.25,101.75,1429
2016-02-04 00:00:00,101.0,101.0,99.75,99.75,3055
2016-02-03 00:00:00,100.5,100.5,100.0,100.0,2609
2016-02-02 00:00:00,100.25,100.75,100.25,100.5,1105
2016-02-01 00:00:00,100.0,100.0,100.0,100.0,4873
2016-01-29 00:00:00,102.0,102.0,99.0,99.0,1152
2016-01-28 00:00:00,98.0,100.25,98.0,100.0,2098
2016-01-27 00:00:00,100.0,100.0,98.0,98.0,2682
2016-01-26 00:00:00,100.0,100.0,100.0,100.0,500
2016-01-25 00:00:00,100.0,100.75,99.0,99.0,3895
2016-01-22 00:00:00,102.75,102.75,100.0,100.0,2746
2016-01-21 00:00:00,100.0,100.25,100.0,100.25,4610
2016-01-20 00:00:00,99.0,103.25,99.0,103.0,55615
2016-01-19 00:00:00,100.0,101.25,100.0,101.25,351
2016-01-18 00:00:00,97.0,100.0,97.0,99.5,1985
2016-01-15 00:00:00,100.0,104.75,97.0,97.0,3910
2016-01-14 00:00:00,104.0,106.0,98.5,98.5,2037
2016-01-13 00:00:00,109.0,109.0,105.75,106.0,3979
2016-01-12 00:00:00,98.25,105.75,98.0,105.75,1782
2016-01-11 00:00:00,101.0,101.0,98.75,101.0,2230
2016-01-08 00:00:00,100.0,101.0,100.0,101.0,625
2016-01-07 00:00:00,100.75,100.75,97.0,100.0,695
2016-01-06 00:00:00,,100.0,100.0,100.0,0
2016-01-05 00:00:00,100.0,100.0,100.0,100.0,30
2016-01-04 00:00:00,104.5,104.75,99.75,99.75,3809
2016-01-01 00:00:00,,99.75,99.75,99.75,0
2015-12-31 00:00:00,,99.75,99.75,99.75,0
2015-12-30 00:00:00,98.0,99.75,98.0,99.75,301
2015-12-29 00:00:00,99.75,99.75,98.0,99.75,1460
2015-12-28 00:00:00,99.5,99.75,98.5,98.5,3608
2015-12-25 00:00:00,99.75,99.75,99.0,99.75,4184
2015-12-24 00:00:00,99.75,99.75,99.0,99.75,4184
2015-12-23 00:00:00,99.75,99.75,99.0,99.75,4184
2015-12-22 00:00:00,99.5,99.5,98.0,98.0,1030
2015-12-21 00:00:00,99.25,99.5,98.0,98.75,1632
2015-12-18 00:00:00,99.75,99.75,99.0,99.0,9
2015-12-17 00:00:00,99.0,100.0,99.0,99.0,1221
2015-12-16 00:00:00,99.0,99.0,99.0,99.0,108
2015-12-15 00:00:00,97.5,100.0,97.5,100.0,8311
2015-12-14 00:00:00,97.0,97.5,97.0,97.5,1216
2015-12-11 00:00:00,100.0,100.0,97.0,97.0,3700
2015-12-10 00:00:00,99.75,99.75,97.0,97.0,550
2015-12-09 00:00:00,96.25,100.0,95.75,100.0,8907
2015-12-08 00:00:00,98.0,99.0,97.0,97.0,5585
2015-12-07 00:00:00,97.75,100.0,97.25,98.0,3444
2015-12-04 00:00:00,97.75,98.0,97.0,97.0,823
2015-12-03 00:00:00,99.75,99.75,98.0,98.0,1698
2015-12-02 00:00:00,101.0,101.25,95.25,95.25,3844
2015-12-01 00:00:00,98.0,100.0,97.75,100.0,845
2015-11-30 00:00:00,99.5,99.5,95.25,95.25,131
2015-11-27 00:00:00,95.5,96.75,95.5,96.5,720
2015-11-26 00:00:00,96.75,97.5,96.75,97.25,228
2015-11-25 00:00:00,95.5,95.75,95.0,95.5,2854
2015-11-24 00:00:00,100.0,100.0,98.0,98.0,830
2015-11-23 00:00:00,94.0,100.25,94.0,99.25,3972
2015-11-20 00:00:00,96.5,96.5,96.5,96.5,300
2015-11-19 00:00:00,94.75,96.75,94.5,94.5,2754
2015-11-18 00:00:00,96.75,96.75,93.25,94.25,1420
2015-11-17 00:00:00,94.0,96.75,94.0,96.75,1000
2015-11-16 00:00:00,96.5,96.5,96.0,96.5,1964
2015-11-13 00:00:00,96.0,96.25,95.0,95.75,2658
2015-11-12 00:00:00,95.5,96.5,95.5,95.5,3649
2015-11-11 00:00:00,95.75,96.0,95.5,95.5,2776
2015-11-10 00:00:00,95.5,95.5,95.5,95.5,430
2015-11-09 00:00:00,96.25,96.25,95.5,95.5,630
2015-11-06 00:00:00,95.25,97.5,95.25,97.5,1056
2015-11-05 00:00:00,97.75,97.75,96.0,96.25,2904
2015-11-04 00:00:00,95.5,96.25,94.25,96.25,22749
2015-11-03 00:00:00,97.5,98.0,97.5,98.0,1006
2015-11-02 00:00:00,98.0,98.0,98.0,98.0,20
2015-10-30 00:00:00,97.0,98.5,94.0,94.0,9199
2015-10-29 00:00:00,95.75,97.75,94.0,96.0,2136
2015-10-28 00:00:00,90.5,97.75,90.5,95.75,3752
2015-10-27 00:00:00,90.5,93.25,90.5,92.25,3040
2015-10-26 00:00:00,93.25,93.5,90.0,91.0,4092
2015-10-23 00:00:00,90.25,95.0,90.25,92.0,3930
2015-10-22 00:00:00,90.5,92.0,90.5,91.25,78805
2015-10-21 00:00:00,90.75,91.0,90.75,91.0,31766
2015-10-20 00:00:00,91.0,91.0,90.25,91.0,4377
2015-10-19 00:00:00,91.0,91.0,91.0,91.0,1777
2015-10-16 00:00:00,90.75,90.75,89.25,90.25,600200
2015-10-15 00:00:00,,90.5,90.5,90.5,0
2015-10-14 00:00:00,91.0,91.0,90.5,90.5,505
2015-10-13 00:00:00,90.75,91.0,90.75,91.0,500
2015-10-12 00:00:00,91.0,91.0,91.0,91.0,71
2015-10-09 00:00:00,91.25,92.0,91.25,91.5,1385
2015-10-08 00:00:00,92.0,92.0,91.25,91.25,5607
2015-10-07 00:00:00,92.0,92.0,91.5,92.0,102525
2015-10-06 00:00:00,91.5,92.0,91.5,92.0,915
2015-10-05 00:00:00,91.0,92.0,91.0,92.0,2952
2015-10-02 00:00:00,92.0,92.0,92.0,92.0,1350
2015-10-01 00:00:00,92.0,92.0,92.0,92.0,255
2015-09-30 00:00:00,91.75,92.0,90.5,92.0,47995
2015-09-29 00:00:00,91.75,92.0,91.75,92.0,3196
2015-09-28 00:00:00,90.75,91.75,90.5,90.5,1969
2015-09-25 00:00:00,91.0,91.0,90.5,90.5,941
2015-09-24 00:00:00,90.25,91.75,90.25,90.25,51011
2015-09-23 00:00:00,92.0,92.0,90.5,90.5,5862
2015-09-22 00:00:00,90.5,90.5,90.5,90.5,65
2015-09-21 00:00:00,92.0,92.0,90.75,90.75,2531
2015-09-18 00:00:00,90.0,90.0,90.0,90.0,11270
2015-09-17 00:00:00,90.25,91.75,90.0,90.0,871
2015-09-16 00:00:00,91.75,92.0,90.25,90.25,48092
2015-09-15 00:00:00,90.5,90.5,90.5,90.5,10
2015-09-14 00:00:00,,89.25,89.25,89.25,0
2015-09-11 00:00:00,91.0,92.0,89.25,89.25,9840
2015-09-10 00:00:00,91.75,92.0,91.75,92.0,1004
2015-09-09 00:00:00,91.75,92.0,89.25,89.25,14371
2015-09-08 00:00:00,92.0,92.0,90.0,92.0,6170
2015-09-07 00:00:00,94.0,94.0,92.0,92.0,16807
2015-09-04 00:00:00,91.5,92.0,91.5,92.0,4512
2015-09-03 00:00:00,91.75,92.0,89.5,90.0,760
2015-09-02 00:00:00,91.75,92.0,90.5,91.75,13333
2015-09-01 00:00:00,91.75,92.0,90.0,90.0,5606
2015-08-31 00:00:00,91.0,94.0,90.25,90.25,2806
2015-08-28 00:00:00,,94.0,94.0,94.0,0
2015-08-27 00:00:00,93.25,95.0,93.25,94.0,7500
2015-08-26 00:00:00,92.75,92.75,90.75,90.75,1171
2015-08-25 00:00:00,87.25,89.25,87.25,89.25,415
2015-08-24 00:00:00,93.75,93.75,88.25,89.5,55712
2015-08-21 00:00:00,92.0,92.0,90.25,91.0,2531
2015-08-20 00:00:00,91.75,95.0,91.75,92.0,2158
2015-08-19 00:00:00,92.5,93.0,92.25,93.0,193
2015-08-18 00:00:00,93.25,93.25,93.25,93.25,24
2015-08-17 00:00:00,93.0,94.5,93.0,93.5,16
2015-08-14 00:00:00,92.75,93.0,92.0,92.5,3250
2015-08-13 00:00:00,,91.25,91.25,91.25,0
2015-08-12 00:00:00,93.0,93.0,91.25,91.25,572
2015-08-11 00:00:00,93.5,93.5,93.25,93.5,916
2015-08-10 00:00:00,92.75,94.75,92.75,94.75,705
2015-08-07 00:00:00,95.0,95.0,93.0,93.25,2498
2015-08-06 00:00:00,91.25,95.25,91.25,93.0,7550
2015-08-05 00:00:00,90.5,91.25,89.5,90.0,5239
2015-08-04 00:00:00,89.0,89.75,89.0,89.0,606
2015-08-03 00:00:00,91.0,91.0,87.25,89.0,973
2015-07-31 00:00:00,89.25,91.5,89.0,91.25,1067
2015-07-30 00:00:00,90.0,90.0,90.0,90.0,475
2015-07-29 00:00:00,89.75,90.25,89.75,90.25,2815
2015-07-28 00:00:00,,90.0,90.0,90.0,0
2015-07-27 00:00:00,,90.0,90.0,90.0,0
2015-07-24 00:00:00,89.0,90.0,86.0,90.0,2471
2015-07-23 00:00:00,89.0,90.0,89.0,89.0,600
2015-07-22 00:00:00,89.0,89.0,89.0,89.0,2225
2015-07-21 00:00:00,89.0,89.0,89.0,89.0,10
2015-07-20 00:00:00,,90.0,90.0,90.0,0
2015-07-17 00:00:00,,90.0,90.0,90.0,0
2015-07-16 00:00:00,88.0,90.25,88.0,90.0,7033
2015-07-15 00:00:00,88.75,88.75,88.75,88.75,600
2015-07-14 00:00:00,,89.75,89.75,89.75,0
2015-07-13 00:00:00,89.0,90.0,89.0,89.75,4044
2015-07-10 00:00:00,89.25,89.25,87.5,89.25,759
2015-07-09 00:00:00,88.75,89.5,88.75,89.5,92
2015-07-08 00:00:00,87.5,87.5,85.25,85.25,4995
2015-07-07 00:00:00,89.25,89.5,87.0,87.0,1642
2015-07-06 00:00:00,89.25,89.5,87.0,87.0,3288
2015-07-03 00:00:00,88.0,89.0,88.0,89.0,3951
2015-07-02 00:00:00,88.0,88.0,86.5,86.5,492
2015-07-01 00:00:00,86.75,89.5,86.75,89.5,70
2015-06-30 00:00:00,89.75,90.0,86.75,86.75,5112
2015-06-29 00:00:00,,88.5,88.5,88.5,0
2015-06-26 00:00:00,88.0,88.5,88.0,88.5,102
2015-06-25 00:00:00,88.25,88.5,88.25,88.5,4
2015-06-24 00:00:00,,89.75,89.75,89.75,0
2015-06-23 00:00:00,89.75,89.75,89.75,89.75,1
2015-06-22 00:00:00,88.0,88.0,87.5,87.5,4040
2015-06-19 00:00:00,,87.75,87.75,87.75,0
2015-06-18 00:00:00,90.0,90.0,87.0,87.75,3486
2015-06-17 00:00:00,89.25,89.75,89.0,89.75,2901
2015-06-16 00:00:00,87.75,89.25,87.75,89.25,750
2015-06-15 00:00:00,87.25,88.25,87.25,87.75,1435
2015-06-12 00:00:00,89.0,89.0,89.0,89.0,603
2015-06-11 00:00:00,89.0,89.25,89.0,89.0,3291
2015-06-10 00:00:00,90.0,90.0,88.75,89.0,7560
2015-06-09 00:00:00,90.0,91.25,90.0,90.0,19602
2015-06-08 00:00:00,87.75,90.0,87.75,90.0,3190
2015-06-05 00:00:00,91.0,91.0,88.0,89.5,3210
2015-06-04 00:00:00,91.0,91.75,91.0,91.75,759
2015-06-03 00:00:00,91.75,91.75,91.75,91.75,562
2015-06-02 00:00:00,93.0,93.0,92.0,92.0,4227
2015-06-01 00:00:00,,92.75,92.75,92.75,0
2015-05-29 00:00:00,92.5,92.75,92.5,92.75,1440
2015-05-28 00:00:00,92.75,93.0,92.75,93.0,200
2015-05-27 00:00:00,93.5,93.5,93.0,93.0,2405
2015-05-26 00:00:00,93.0,93.0,93.0,93.0,5000
2015-05-25 00:00:00,92.5,94.0,92.0,94.0,2312
2015-05-22 00:00:00,94.25,94.25,94.25,94.25,11
2015-05-21 00:00:00,94.25,94.25,93.0,94.25,250278
2015-05-20 00:00:00,93.0,94.25,93.0,94.25,4933
2015-05-19 00:00:00,94.0,94.0,93.25,93.25,2658
2015-05-18 00:00:00,94.0,94.25,94.0,94.0,4133
2015-05-15 00:00:00,94.25,94.25,93.25,93.25,1100
2015-05-14 00:00:00,,94.0,94.0,94.0,0
2015-05-13 00:00:00,,94.0,94.0,94.0,0
2015-05-12 00:00:00,94.5,94.5,91.5,94.0,7278
2015-05-11 00:00:00,93.75,94.75,93.75,94.5,742
2015-05-08 00:00:00,95.0,96.0,90.5,90.5,117106
2015-05-07 00:00:00,97.75,97.75,93.75,94.0,262749
2015-05-06 00:00:00,95.25,97.75,95.25,97.75,2422
2015-05-05 00:00:00,97.0,97.75,97.0,97.75,800
2015-05-04 00:00:00,96.0,97.75,96.0,97.75,1252
2015-05-01 00:00:00,,96.0,96.0,96.0,0
2015-04-30 00:00:00,,96.0,96.0,96.0,0
2015-04-29 00:00:00,96.0,96.0,96.0,96.0,800
2015-04-28 00:00:00,95.25,96.0,95.25,95.5,502
2015-04-27 00:00:00,96.0,98.0,95.5,98.0,20111
2015-04-24 00:00:00,,96.0,96.0,96.0,0
2015-04-23 00:00:00,96.0,96.0,96.0,96.0,1010
2015-04-22 00:00:00,97.75,97.75,96.75,96.75,22728
2015-04-21 00:00:00,,95.0,95.0,95.0,0
2015-04-20 00:00:00,96.75,98.0,95.0,95.0,9886
2015-04-17 00:00:00,98.5,99.0,98.0,98.0,14789
2015-04-16 00:00:00,99.0,99.0,97.75,98.0,5627
2015-04-15 00:00:00,95.75,98.25,95.75,96.5,9290
2015-04-14 00:00:00,95.25,96.25,95.0,95.75,9137
2015-04-13 00:00:00,95.75,97.25,95.75,96.75,23185
2015-04-10 00:00:00,95.0,96.0,94.0,95.0,5749
2015-04-09 00:00:00,95.75,95.75,94.5,95.5,74814
2015-04-08 00:00:00,95.75,95.75,95.0,95.0,10350
2015-04-07 00:00:00,94.25,96.25,94.0,94.25,221
2015-04-02 00:00:00,95.75,95.75,94.25,94.25,3578
2015-04-01 00:00:00,,95.0,95.0,95.0,1000
2015-03-31 00:00:00,95.0,95.75,95.0,95.0,3018
2015-03-30 00:00:00,93.0,95.75,93.0,94.5,2280
2015-03-27 00:00:00,94.5,95.75,92.75,95.75,140121
2015-03-26 00:00:00,94.5,96.0,94.5,94.5,26450
2015-03-25 00:00:00,,94.5,94.5,94.5,0
2015-03-24 00:00:00,95.5,95.5,94.5,94.5,1637
2015-03-23 00:00:00,95.0,95.5,95.0,95.5,2500
2015-03-20 00:00:00,97.0,97.0,95.5,97.0,723
2015-03-19 00:00:00,96.25,97.0,94.75,97.0,69337
2015-03-18 00:00:00,96.5,97.0,91.0,96.75,21194
2015-03-17 00:00:00,95.0,95.0,95.0,95.0,560
2015-03-16 00:00:00,93.5,97.0,93.5,96.75,1320
2015-03-13 00:00:00,97.0,97.0,93.25,93.25,11070
2015-03-12 00:00:00,96.5,96.5,94.0,94.0,1136
2015-03-11 00:00:00,93.5,93.5,93.25,93.25,165
2015-03-10 00:00:00,95.5,95.5,95.25,95.25,265
2015-03-09 00:00:00,95.0,96.0,95.0,95.25,4987
2015-03-06 00:00:00,95.5,96.0,95.5,95.75,10429
2015-03-05 00:00:00,96.75,97.0,96.75,97.0,3758
2015-03-04 00:00:00,97.0,97.0,95.75,96.5,14832
2015-03-03 00:00:00,98.75,99.0,95.75,95.75,9799
2015-03-02 00:00:00,96.25,99.0,96.25,97.0,6927
2015-02-27 00:00:00,97.0,99.25,96.0,96.25,5131
2015-02-26 00:00:00,98.0,98.0,97.5,97.5,10337
2015-02-25 00:00:00,96.75,98.75,96.75,98.75,849
2015-02-24 00:00:00,98.5,99.0,98.5,98.75,847
2015-02-23 00:00:00,98.75,100.0,96.25,98.5,4475
2015-02-20 00:00:00,96.0,96.5,96.0,96.25,530
2015-02-19 00:00:00,99.0,99.0,95.25,99.0,2532
2015-02-18 00:00:00,99.0,99.0,99.0,99.0,2495
2015-02-17 00:00:00,99.0,99.0,99.0,99.0,601
2015-02-16 00:00:00,97.0,99.0,97.0,99.0,857
2015-02-13 00:00:00,96.25,97.5,96.0,97.5,11718
2015-02-12 00:00:00,97.0,98.0,97.0,98.0,20410
2015-02-11 00:00:00,97.5,97.5,96.75,97.0,202
2015-02-10 00:00:00,97.0,97.0,96.75,97.0,682
2015-02-09 00:00:00,95.5,97.0,94.0,97.0,16223
2015-02-06 00:00:00,95.75,97.0,95.75,97.0,18716
2015-02-05 00:00:00,95.5,95.75,95.5,95.5,1131
2015-02-04 00:00:00,94.25,95.0,93.75,95.0,3192
2015-02-03 00:00:00,96.75,96.75,94.75,94.75,20715
2015-02-02 00:00:00,96.0,96.75,94.0,94.0,223994
2015-01-30 00:00:00,92.0,96.0,91.75,95.0,70402
2015-01-29 00:00:00,94.5,94.5,94.5,94.5,100
2015-01-28 00:00:00,,91.25,91.25,91.25,0
2015-01-27 00:00:00,93.0,95.0,91.25,91.25,3412
2015-01-26 00:00:00,91.5,92.0,91.5,92.0,43
2015-01-23 00:00:00,93.75,94.75,91.0,91.0,1420
2015-01-22 00:00:00,93.25,93.25,92.75,92.75,600
2015-01-21 00:00:00,94.0,96.25,91.0,91.0,577
2015-01-20 00:00:00,94.0,94.0,91.0,91.0,107
2015-01-19 00:00:00,93.25,93.25,89.75,90.5,2148
2015-01-16 00:00:00,91.0,92.0,90.25,92.0,2566
2015-01-15 00:00:00,91.25,94.25,88.5,89.25,3019
2015-01-14 00:00:00,91.0,91.25,90.0,90.5,1263
2015-01-13 00:00:00,96.75,97.0,87.0,90.25,4606
2015-01-12 00:00:00,94.75,95.0,94.75,95.0,422
2015-01-09 00:00:00,93.0,93.0,93.0,93.0,689
2015-01-08 00:00:00,93.0,95.0,93.0,95.0,1961
2015-01-07 00:00:00,95.0,95.0,93.5,93.5,232
2015-01-06 00:00:00,,95.0,95.0,95.0,0
2015-01-05 00:00:00,91.0,95.0,89.0,95.0,4250
2015-01-02 00:00:00,97.25,97.25,94.75,95.0,402
2015-01-01 00:00:00,97.25,97.25,97.25,97.25,8
2014-12-30 00:00:00,97.25,97.25,97.25,97.25,8
2014-12-29 00:00:00,92.5,92.5,91.0,91.5,800
2014-12-23 00:00:00,,89.5,89.5,89.5,0
2014-12-22 00:00:00,89.75,89.75,89.5,89.5,200
2014-12-19 00:00:00,88.0,92.5,88.0,92.5,6669
2014-12-18 00:00:00,88.0,88.0,88.0,88.0,2024
2014-12-17 00:00:00,88.25,88.5,88.0,88.5,1849
2014-12-16 00:00:00,88.25,90.75,86.5,90.75,1222
2014-12-15 00:00:00,89.0,89.0,88.5,89.0,2033
2014-12-12 00:00:00,92.0,92.25,91.5,91.5,550
2014-12-11 00:00:00,,90.75,90.75,90.75,0
2014-12-10 00:00:00,90.5,90.75,89.75,90.75,1600
2014-12-09 00:00:00,94.75,94.75,94.75,94.75,3
2014-12-08 00:00:00,95.0,95.0,90.75,90.75,3321
2014-12-05 00:00:00,91.5,95.0,91.5,94.75,3463
2014-12-04 00:00:00,91.0,91.0,90.5,90.5,74
2014-12-03 00:00:00,90.5,92.0,90.5,91.0,272
2014-12-02 00:00:00,91.5,92.0,91.0,91.0,4792
2014-12-01 00:00:00,89.75,93.0,89.75,91.5,67700
2014-11-28 00:00:00,90.0,90.5,88.5,90.5,8692
2014-11-27 00:00:00,89.0,90.0,87.0,90.0,4294
2014-11-26 00:00:00,87.25,89.0,86.0,86.0,5892
2014-11-25 00:00:00,86.75,87.0,86.75,87.0,1277
2014-11-24 00:00:00,87.25,87.5,86.75,86.75,252
2014-11-21 00:00:00,85.0,86.75,85.0,86.75,4343
2014-11-20 00:00:00,85.0,86.0,84.75,85.0,5043
2014-11-19 00:00:00,86.0,86.0,85.0,85.0,11600
2014-11-18 00:00:00,84.5,85.0,83.75,85.0,1669
2014-11-17 00:00:00,82.75,84.5,82.75,84.5,625
2014-11-14 00:00:00,,84.5,84.5,84.5,0
2014-11-13 00:00:00,84.5,84.5,84.5,84.5,2984
2014-11-12 00:00:00,85.0,85.0,85.0,85.0,6
2014-11-11 00:00:00,83.5,84.0,83.0,84.0,1836
2014-11-10 00:00:00,83.0,83.0,83.0,83.0,991
2014-11-07 00:00:00,,85.0,85.0,85.0,0
2014-11-06 00:00:00,84.0,85.0,84.0,85.0,3155
2014-11-05 00:00:00,83.0,83.0,83.0,83.0,672
2014-11-04 00:00:00,83.5,83.5,83.5,83.5,136
2014-11-03 00:00:00,80.25,83.75,80.25,83.75,1161
2014-10-31 00:00:00,,83.0,83.0,83.0,0
2014-10-30 00:00:00,81.25,83.0,81.25,83.0,281
2014-10-29 00:00:00,82.0,82.0,81.5,82.0,2230
2014-10-28 00:00:00,81.5,84.0,81.5,84.0,236329
2014-10-24 00:00:00,82.0,82.0,82.0,82.0,100
2014-10-23 00:00:00,82.0,82.0,82.0,82.0,1857
2014-10-22 00:00:00,85.75,85.75,84.0,84.0,2614
2014-10-21 00:00:00,80.5,82.0,80.5,82.0,5143
2014-10-20 00:00:00,79.25,83.0,79.25,83.0,47
2014-10-17 00:00:00,81.0,81.0,80.75,80.75,50261
2014-10-16 00:00:00,81.5,81.5,81.5,81.5,600
2014-10-15 00:00:00,81.75,81.75,81.0,81.5,1312
2014-10-14 00:00:00,78.25,79.5,78.25,79.5,73623
2014-10-13 00:00:00,79.75,80.25,78.0,80.0,18338
2014-10-10 00:00:00,83.0,83.0,82.5,82.5,1426
2014-10-09 00:00:00,83.5,83.5,83.25,83.25,582
2014-10-08 00:00:00,83.75,83.75,83.5,83.5,1150
2014-10-07 00:00:00,83.75,83.75,83.5,83.5,500
2014-10-06 00:00:00,84.0,85.0,84.0,85.0,100
2014-10-03 00:00:00,84.25,85.0,84.0,84.0,501780
2014-10-02 00:00:00,84.5,84.5,84.5,84.5,600000
2014-10-01 00:00:00,85.0,85.0,85.0,85.0,1000
2014-09-30 00:00:00,83.5,83.5,83.5,83.5,200
2014-09-29 00:00:00,,83.75,83.75,83.75,0
2014-09-26 00:00:00,83.25,84.0,83.25,83.75,1532
2014-09-25 00:00:00,83.5,83.5,83.5,83.5,150000
2014-09-24 00:00:00,83.5,83.5,83.0,83.0,500
2014-09-23 00:00:00,,83.5,83.5,83.5,0
2014-09-22 00:00:00,84.0,84.0,83.5,83.5,800
2014-09-19 00:00:00,,83.5,83.5,83.5,0
2014-09-18 00:00:00,84.0,84.0,83.5,83.5,314
2014-09-17 00:00:00,85.0,85.0,85.0,85.0,100
2014-09-16 00:00:00,84.0,84.0,84.0,84.0,1336
2014-09-15 00:00:00,83.5,83.5,83.5,83.5,290
2014-09-12 00:00:00,83.5,84.0,83.5,84.0,27600
2014-09-11 00:00:00,84.0,84.25,83.5,84.0,67562
2014-09-10 00:00:00,85.25,85.5,84.0,84.0,4957
2014-09-09 00:00:00,85.5,86.0,85.5,86.0,290
2014-09-08 00:00:00,86.25,86.25,85.5,85.5,1500
2014-09-05 00:00:00,85.0,85.0,84.0,84.0,139
2014-09-04 00:00:00,85.0,85.0,85.0,85.0,130
2014-09-03 00:00:00,,84.375,84.375,84.375,0
2014-09-02 00:00:00,84.375,84.375,84.375,84.375,500
2014-09-01 00:00:00,83.75,84.75,83.0,84.75,1766
2014-08-29 00:00:00,84.75,84.75,84.75,84.75,100
2014-08-28 00:00:00,,85.25,85.25,85.25,0
2014-08-27 00:00:00,85.0,85.25,84.0,85.25,596
2014-08-26 00:00:00,,85.5,85.5,85.5,0
2014-08-25 00:00:00,85.25,85.5,85.25,85.5,240
2014-08-22 00:00:00,83.75,83.75,83.75,83.75,34
2014-08-21 00:00:00,83.75,83.75,83.5,83.5,250
2014-08-20 00:00:00,83.25,83.75,83.0,83.75,158
2014-08-19 00:00:00,85.5,85.5,85.5,85.5,298
2014-08-18 00:00:00,85.0,85.0,85.0,85.0,1134
2014-08-15 00:00:00,,83.5,83.5,83.5,0
2014-08-14 00:00:00,,83.5,83.5,83.5,0
2014-08-13 00:00:00,,83.5,83.5,83.5,0
2014-08-12 00:00:00,83.5,83.5,83.5,83.5,7756
2014-08-11 00:00:00,83.5,85.25,83.5,85.25,557
2014-08-08 00:00:00,83.75,83.75,83.0,83.25,1755
2014-08-07 00:00:00,85.0,85.25,85.0,85.25,500
2014-08-06 00:00:00,83.5,84.0,83.5,83.5,858
2014-08-05 00:00:00,83.25,85.25,83.25,85.25,957
2014-08-04 00:00:00,,85.5,85.5,85.5,0
2014-08-01 00:00:00,85.5,85.5,85.5,85.5,50
2014-07-31 00:00:00,,85.0,85.0,85.0,0
2014-07-30 00:00:00,,85.0,85.0,85.0,0
2014-07-29 00:00:00,84.75,85.0,84.75,85.0,7194
2014-07-28 00:00:00,,85.0,85.0,85.0,0
2014-07-25 00:00:00,85.0,85.0,85.0,85.0,240
2014-07-24 00:00:00,85.5,85.5,84.75,85.25,6209
2014-07-23 00:00:00,84.75,85.0,84.75,85.0,5391
2014-07-22 00:00:00,,85.75,85.75,85.75,0
2014-07-21 00:00:00,85.75,85.75,85.75,85.75,10
2014-07-18 00:00:00,84.25,84.25,84.0,84.0,2590
2014-07-17 00:00:00,,84.0,84.0,84.0,0
2014-07-16 00:00:00,84.5,84.5,84.0,84.0,2750
2014-07-15 00:00:00,85.25,85.25,84.0,84.0,3180
2014-07-14 00:00:00,,85.25,85.25,85.25,0
2014-07-11 00:00:00,85.5,86.0,85.0,85.25,425
2014-07-10 00:00:00,84.0,84.0,84.0,84.0,200
2014-07-09 00:00:00,84.0,85.0,84.0,85.0,477
2014-07-08 00:00:00,84.75,84.75,84.75,84.75,750
2014-07-07 00:00:00,84.25,85.5,84.25,85.5,808
2014-07-04 00:00:00,85.5,85.5,85.5,85.5,120
2014-07-03 00:00:00,86.25,86.25,84.75,84.75,1030
2014-07-02 00:00:00,84.5,85.0,84.5,85.0,727
2014-07-01 00:00:00,,84.75,84.75,84.75,0
2014-06-30 00:00:00,85.5,85.5,84.75,84.75,940
2014-06-27 00:00:00,85.0,85.5,85.0,85.5,210
2014-06-26 00:00:00,86.25,86.25,86.25,86.25,50
2014-06-25 00:00:00,86.0,86.0,84.25,86.0,2110
2014-06-24 00:00:00,86.0,86.0,85.0,85.0,262
2014-06-23 00:00:00,,85.5,85.5,85.5,0
2014-06-20 00:00:00,,85.5,85.5,85.5,0
2014-06-19 00:00:00,,85.5,85.5,85.5,0
2014-06-18 00:00:00,84.75,85.5,84.75,85.5,1987
2014-06-17 00:00:00,84.0,84.0,84.0,84.0,725
2014-06-16 00:00:00,85.0,85.0,83.25,84.25,566
2014-06-13 00:00:00,85.75,85.75,84.75,84.75,2693
2014-06-12 00:00:00,84.75,85.5,84.25,85.5,2007
2014-06-11 00:00:00,86.0,86.0,84.5,85.75,1888
2014-06-10 00:00:00,87.0,87.0,87.0,87.0,100
2014-06-09 00:00:00,85.75,87.0,85.0,86.75,9552
2014-06-06 00:00:00,,86.0,86.0,86.0,0
2014-06-05 00:00:00,85.25,86.0,85.25,86.0,4216
2014-06-04 00:00:00,85.5,85.5,85.5,85.5,321
2014-06-03 00:00:00,84.75,85.0,84.5,85.0,3500
2014-06-02 00:00:00,86.25,86.25,86.25,86.25,596
2014-05-30 00:00:00,84.75,84.75,84.75,84.75,100
2014-05-28 00:00:00,,84.25,84.25,84.25,0
2014-05-27 00:00:00,85.25,85.25,84.25,84.25,1113
2014-05-26 00:00:00,83.75,84.5,83.75,84.0,28474
2014-05-23 00:00:00,84.25,84.25,84.25,84.25,120
2014-05-22 00:00:00,84.25,84.25,84.25,84.25,5117
2014-05-21 00:00:00,85.0,85.0,84.0,84.0,2792
2014-05-20 00:00:00,84.5,85.75,84.25,84.25,1116
2014-05-19 00:00:00,,84.5,84.5,84.5,0
2014-05-16 00:00:00,86.0,86.0,84.0,84.5,1313
2014-05-15 00:00:00,85.5,87.25,85.5,87.0,9208
2014-05-14 00:00:00,84.0,85.0,84.0,85.0,14067
2014-05-13 00:00:00,84.0,85.0,84.0,84.0,9756
2014-05-12 00:00:00,84.75,84.75,82.5,84.0,3723
2014-05-09 00:00:00,84.5,85.0,84.5,85.0,3662
2014-05-08 00:00:00,84.5,84.5,83.75,84.5,6640
2014-05-07 00:00:00,85.25,85.5,85.25,85.5,350
2014-05-06 00:00:00,85.0,85.25,84.25,85.25,1653
2014-05-05 00:00:00,85.0,85.0,84.0,85.0,1595
2014-05-02 00:00:00,,85.0,85.0,85.0,0
2014-05-01 00:00:00,,85.0,85.0,85.0,0
2014-04-30 00:00:00,85.0,85.0,85.0,85.0,2769
2014-04-29 00:00:00,85.0,85.0,84.75,84.75,667
2014-04-28 00:00:00,85.0,85.0,84.75,85.0,1435
2014-04-25 00:00:00,85.0,85.0,84.75,84.75,1145
2014-04-24 00:00:00,82.75,85.0,82.75,85.0,1192
2014-04-23 00:00:00,82.5,84.75,82.5,84.75,411
2014-04-22 00:00:00,84.5,84.5,83.0,83.0,49
2014-04-17 00:00:00,84.25,84.5,84.25,84.5,190
2014-04-16 00:00:00,,83.0,83.0,83.0,0
2014-04-15 00:00:00,,83.0,83.0,83.0,0
2014-04-14 00:00:00,83.0,83.0,83.0,83.0,1000
2014-04-11 00:00:00,83.25,84.25,82.75,84.25,19438
2014-04-10 00:00:00,84.0,84.0,82.75,83.25,4340
2014-04-09 00:00:00,84.0,84.0,84.0,84.0,444
2014-04-08 00:00:00,,82.75,82.75,82.75,0
2014-04-07 00:00:00,83.0,83.0,82.75,82.75,2000
2014-04-04 00:00:00,83.5,83.5,81.0,83.5,5130
2014-04-03 00:00:00,83.25,84.0,83.25,84.0,1580
2014-04-02 00:00:00,84.75,85.0,83.25,83.25,672
2014-04-01 00:00:00,84.5,84.5,84.5,84.5,800
2014-03-31 00:00:00,83.5,84.25,83.25,84.25,5800
2014-03-28 00:00:00,83.25,83.5,82.75,83.5,2400
2014-03-27 00:00:00,81.5,83.5,81.5,83.5,2437
2014-03-26 00:00:00,81.75,81.75,81.75,81.75,373
2014-03-25 00:00:00,80.5,82.5,80.0,82.5,4018
2014-03-24 00:00:00,,81.75,81.75,81.75,0
2014-03-21 00:00:00,80.75,81.75,80.0,81.75,3518
2014-03-20 00:00:00,80.5,80.75,80.5,80.5,1300
2014-03-19 00:00:00,81.0,81.0,81.0,81.0,1000
2014-03-18 00:00:00,,81.0,81.0,81.0,0
2014-03-17 00:00:00,81.0,81.0,81.0,81.0,1100
2014-03-14 00:00:00,82.5,82.5,82.5,82.5,110
2014-03-13 00:00:00,82.0,82.0,82.0,82.0,250
2014-03-12 00:00:00,80.75,82.5,80.75,82.5,756
2014-03-11 00:00:00,,82.5,82.5,82.5,0
2014-03-10 00:00:00,,82.5,82.5,82.5,0
2014-03-07 00:00:00,82.5,82.75,82.5,82.5,3200
2014-03-06 00:00:00,83.5,83.5,80.5,83.0,26511
2014-03-05 00:00:00,81.0,83.5,80.5,83.5,1583
2014-03-04 00:00:00,80.0,80.0,80.0,80.0,63
2014-03-03 00:00:00,80.5,80.75,80.0,80.0,2022
2014-02-28 00:00:00,80.0,82.0,80.0,80.75,1642
2014-02-27 00:00:00,83.25,83.25,83.25,83.25,12
2014-02-26 00:00:00,83.5,83.5,83.25,83.25,78
2014-02-25 00:00:00,,83.25,83.25,83.25,0
2014-02-24 00:00:00,83.0,83.25,83.0,83.25,1361
2014-02-21 00:00:00,83.25,83.25,83.0,83.0,1181
2014-02-20 00:00:00,81.25,83.5,80.5,83.5,4205
2014-02-19 00:00:00,,82.25,82.25,82.25,0
2014-02-18 00:00:00,82.25,82.25,82.25,82.25,250
2014-02-17 00:00:00,80.75,82.25,80.75,81.0,5130
2014-02-14 00:00:00,79.0,81.0,79.0,81.0,1926
2014-02-13 00:00:00,78.75,79.75,76.5,79.75,4300
2014-02-12 00:00:00,78.0,78.75,77.25,78.75,3290
2014-02-11 00:00:00,,77.25,77.25,77.25,0
2014-02-10 00:00:00,76.75,77.25,76.75,77.25,421500
2014-02-07 00:00:00,77.0,77.0,76.0,76.0,900
2014-02-06 00:00:00,77.75,77.75,77.75,77.75,100
2014-02-05 00:00:00,,76.25,76.25,76.25,0
2014-02-04 00:00:00,76.25,76.5,76.25,76.25,4522
2014-02-03 00:00:00,76.0,76.0,76.0,76.0,25
2014-01-31 00:00:00,76.5,76.5,76.0,76.0,500
2014-01-30 00:00:00,,76.75,76.75,76.75,0
2014-01-29 00:00:00,,76.75,76.75,76.75,0
2014-01-28 00:00:00,75.5,76.75,75.0,76.75,4130
2014-01-27 00:00:00,77.75,77.75,76.75,76.75,295
2014-01-24 00:00:00,76.25,77.75,76.0,77.75,3101
2014-01-23 00:00:00,77.75,78.5,75.5,75.5,3592
2014-01-22 00:00:00,78.75,78.75,75.0,75.0,5462
2014-01-21 00:00:00,77.75,77.75,77.75,77.75,19
2014-01-20 00:00:00,77.0,78.75,77.0,78.75,1700
2014-01-17 00:00:00,77.5,77.5,77.0,77.0,700
2014-01-16 00:00:00,77.0,77.25,77.0,77.0,3362
2014-01-15 00:00:00,78.0,79.25,76.5,79.25,6000
2014-01-14 00:00:00,,78.0,78.0,78.0,0
2014-01-13 00:00:00,79.5,79.5,78.0,78.0,8485
2014-01-10 00:00:00,78.5,79.25,76.75,79.25,6802
2014-01-09 00:00:00,75.25,78.25,75.25,78.25,12741
2014-01-08 00:00:00,76.0,76.0,76.0,76.0,2000
2014-01-07 00:00:00,77.0,77.0,77.0,77.0,50
2014-01-06 00:00:00,,77.0,77.0,77.0,0
2014-01-03 00:00:00,75.5,77.0,75.5,77.0,5323
2014-01-02 00:00:00,76.0,76.0,75.0,75.25,2400
2013-12-31 00:00:00,,75.0,75.0,75.0,0
2013-12-30 00:00:00,75.0,76.0,75.0,75.0,5701
2013-12-27 00:00:00,76.0,76.0,75.0,76.0,1490
2013-12-23 00:00:00,74.5,75.75,74.25,75.5,1758
2013-12-20 00:00:00,75.0,75.0,74.0,74.0,4438
2013-12-19 00:00:00,74.5,74.5,74.5,74.5,1000
2013-12-18 00:00:00,,74.5,74.5,74.5,0
2013-12-17 00:00:00,74.5,74.5,74.5,74.5,1207
2013-12-16 00:00:00,74.0,74.0,74.0,74.0,1000
2013-12-13 00:00:00,74.0,74.25,74.0,74.0,650
2013-12-12 00:00:00,74.0,74.5,74.0,74.5,1544
2013-12-11 00:00:00,73.75,75.5,73.75,73.75,1600
2013-12-10 00:00:00,74.0,74.25,74.0,74.25,4580
2013-12-09 00:00:00,75.5,75.5,74.25,74.25,1050
2013-12-06 00:00:00,75.25,75.5,75.25,75.5,1445
2013-12-05 00:00:00,,73.5,73.5,73.5,0
2013-12-04 00:00:00,75.5,75.5,73.5,73.5,3895
2013-12-03 00:00:00,,74.0,74.0,74.0,0
2013-12-02 00:00:00,74.25,75.0,73.0,74.0,3392
2013-11-29 00:00:00,75.25,75.25,75.25,75.25,75
2013-11-28 00:00:00,73.75,74.0,72.75,74.0,7843
2013-11-27 00:00:00,74.0,74.0,73.0,74.0,1028
2013-11-26 00:00:00,74.0,74.0,73.0,73.25,9770
2013-11-25 00:00:00,73.0,74.0,72.0,74.0,29615
2013-11-22 00:00:00,,73.5,73.5,73.5,0
2013-11-21 00:00:00,73.5,74.0,73.5,73.5,23528
2013-11-20 00:00:00,,73.0,73.0,73.0,0
2013-11-19 00:00:00,73.0,73.0,73.0,73.0,150
2013-11-18 00:00:00,73.25,75.0,73.0,73.0,5680
2013-11-15 00:00:00,74.0,74.0,73.25,73.5,7700
2013-11-14 00:00:00,73.5,73.5,73.0,73.0,3500
2013-11-13 00:00:00,74.0,74.0,74.0,74.0,100
2013-11-12 00:00:00,73.5,73.5,73.5,73.5,526
2013-11-11 00:00:00,73.25,73.5,73.25,73.5,1800
2013-11-08 00:00:00,72.75,72.75,72.75,72.75,8
2013-11-07 00:00:00,73.5,73.5,72.75,72.75,2047
2013-11-06 00:00:00,72.75,73.75,72.75,73.25,2901
2013-11-05 00:00:00,73.0,73.0,72.5,72.5,1315
2013-11-04 00:00:00,72.25,72.25,72.0,72.0,2016
2013-11-01 00:00:00,72.25,72.25,72.0,72.0,450
2013-10-31 00:00:00,,72.25,72.25,72.25,0
2013-10-30 00:00:00,,72.25,72.25,72.25,0
2013-10-29 00:00:00,,72.25,72.25,72.25,0
2013-10-28 00:00:00,74.0,74.0,72.0,72.25,4955
2013-10-25 00:00:00,74.25,74.25,74.25,74.25,230
2013-10-24 00:00:00,73.5,73.5,72.0,72.5,3149
2013-10-23 00:00:00,72.25,74.5,72.25,73.5,240
2013-10-22 00:00:00,72.5,72.5,72.25,72.25,325
2013-10-21 00:00:00,72.5,72.5,71.75,72.0,1023
2013-10-18 00:00:00,72.25,72.5,72.25,72.5,800
2013-10-17 00:00:00,72.75,73.5,72.75,73.5,300
2013-10-16 00:00:00,72.0,72.0,72.0,72.0,6
2013-10-15 00:00:00,71.0,73.0,71.0,72.25,13561
2013-10-14 00:00:00,72.25,72.25,72.25,72.25,150
2013-10-11 00:00:00,72.25,72.25,72.25,72.25,3
2013-10-10 00:00:00,72.25,72.25,72.25,72.25,213
2013-10-09 00:00:00,72.0,72.25,72.0,72.25,1300
2013-10-08 00:00:00,,73.75,73.75,73.75,0
2013-10-07 00:00:00,73.75,73.75,73.75,73.75,100
2013-10-04 00:00:00,72.25,72.25,72.0,72.25,568
2013-10-03 00:00:00,72.5,72.5,72.5,72.5,350
2013-10-02 00:00:00,,72.0,72.0,72.0,0
2013-10-01 00:00:00,,72.0,72.0,72.0,0
2013-09-30 00:00:00,72.25,72.25,72.0,72.0,7766
2013-09-27 00:00:00,,72.5,72.5,72.5,0
2013-09-26 00:00:00,73.0,73.0,72.5,72.5,3829
2013-09-25 00:00:00,73.0,73.0,73.0,73.0,1121
2013-09-24 00:00:00,,73.75,73.75,73.75,0
2013-09-23 00:00:00,73.0,73.75,73.0,73.75,32
2013-09-20 00:00:00,73.5,73.5,73.25,73.25,1575
2013-09-19 00:00:00,73.25,73.5,73.25,73.5,4318
2013-09-18 00:00:00,73.75,73.75,73.25,73.25,250
2013-09-17 00:00:00,74.0,74.0,74.0,74.0,1000
2013-09-16 00:00:00,74.0,74.0,73.25,73.25,5298
2013-09-13 00:00:00,74.0,74.0,73.25,74.0,1068
2013-09-12 00:00:00,73.0,73.5,73.0,73.5,1100
2013-09-11 00:00:00,73.5,73.5,73.0,73.0,3900
2013-09-10 00:00:00,73.0,73.5,73.0,73.0,5270
2013-09-09 00:00:00,,72.5,72.5,72.5,0
2013-09-06 00:00:00,72.25,72.5,72.0,72.5,1822
2013-09-05 00:00:00,73.5,73.5,72.0,72.0,24150
2013-09-04 00:00:00,72.0,72.0,72.0,72.0,1230
2013-09-03 00:00:00,72.0,72.0,72.0,72.0,310
2013-09-02 00:00:00,72.0,72.75,72.0,72.75,3480
2013-08-30 00:00:00,72.0,72.25,72.0,72.0,4895
2013-08-29 00:00:00,71.75,72.0,71.75,72.0,10600
2013-08-28 00:00:00,,74.0,74.0,74.0,0
2013-08-27 00:00:00,71.75,74.0,71.5,74.0,2024
2013-08-26 00:00:00,73.5,73.5,72.0,72.0,408
2013-08-23 00:00:00,72.5,72.75,72.5,72.75,4239
2013-08-22 00:00:00,72.5,72.5,72.5,72.5,1500
2013-08-21 00:00:00,72.5,72.5,72.5,72.5,2650
2013-08-20 00:00:00,72.0,73.5,72.0,72.5,100210
2013-08-19 00:00:00,74.0,74.0,73.75,73.75,13
2013-08-16 00:00:00,74.0,74.0,74.0,74.0,75
2013-08-15 00:00:00,71.5,72.0,71.5,72.0,1557
2013-08-14 00:00:00,73.0,73.0,71.5,71.5,4074
2013-08-13 00:00:00,72.5,72.5,72.0,72.5,1000
2013-08-12 00:00:00,72.0,72.0,72.0,72.0,100
2013-08-09 00:00:00,73.5,73.5,73.5,73.5,50
2013-08-08 00:00:00,72.75,72.75,72.25,72.5,13822
2013-08-07 00:00:00,73.5,73.5,73.5,73.5,336
2013-08-06 00:00:00,72.0,72.0,71.5,71.5,1090
2013-08-05 00:00:00,72.0,73.5,72.0,72.0,4287
2013-08-02 00:00:00,72.0,73.5,72.0,73.5,4001
2013-08-01 00:00:00,71.0,73.0,71.0,73.0,211
2013-07-31 00:00:00,72.0,72.0,71.5,71.5,460
2013-07-30 00:00:00,,73.25,73.25,73.25,0
2013-07-29 00:00:00,,73.25,73.25,73.25,0
2013-07-26 00:00:00,,73.25,73.25,73.25,0
2013-07-25 00:00:00,73.25,73.25,73.25,73.25,80
2013-07-24 00:00:00,70.25,73.0,70.25,73.0,4800
2013-07-23 00:00:00,,70.25,70.25,70.25,0
2013-07-22 00:00:00,70.25,70.25,70.25,70.25,1000
2013-07-19 00:00:00,70.25,70.25,70.25,70.25,200
2013-07-18 00:00:00,,70.25,70.25,70.25,0
2013-07-17 00:00:00,70.25,70.25,70.25,70.25,51
2013-07-16 00:00:00,,70.0,70.0,70.0,0
2013-07-15 00:00:00,72.0,72.0,70.0,70.0,480
2013-07-12 00:00:00,70.75,71.5,70.0,70.0,26162
2013-07-11 00:00:00,71.25,72.0,70.5,70.5,2024
2013-07-10 00:00:00,70.75,71.25,70.75,71.0,1159
2013-07-09 00:00:00,70.5,72.75,70.5,71.0,1433
2013-07-08 00:00:00,71.0,72.0,71.0,71.0,1159
2013-07-05 00:00:00,,72.75,72.75,72.75,0
2013-07-04 00:00:00,70.5,72.75,70.5,72.75,2135
2013-07-03 00:00:00,72.25,72.25,72.0,72.0,1291
2013-07-02 00:00:00,72.5,72.5,72.0,72.25,3000
2013-07-01 00:00:00,72.0,72.0,72.0,72.0,153
2013-06-28 00:00:00,71.5,71.75,71.5,71.75,72400
2013-06-27 00:00:00,70.75,70.75,70.75,70.75,2100
2013-06-26 00:00:00,72.5,72.75,70.0,70.0,2723
2013-06-25 00:00:00,72.25,72.5,72.25,72.5,1005
2013-06-24 00:00:00,72.0,72.0,64.0,71.0,4739
2013-06-21 00:00:00,,71.5,71.5,71.5,0
2013-06-20 00:00:00,72.0,72.0,71.5,71.5,84841
2013-06-19 00:00:00,,72.25,72.25,72.25,0
2013-06-18 00:00:00,72.25,72.25,72.25,72.25,465
2013-06-17 00:00:00,72.25,72.25,72.0,72.0,2100
2013-06-14 00:00:00,72.5,72.75,72.5,72.75,1976
2013-06-13 00:00:00,72.75,73.0,72.75,73.0,2276
2013-06-12 00:00:00,72.5,72.5,72.25,72.25,600
2013-06-11 00:00:00,72.5,74.5,72.5,72.5,56756
2013-06-10 00:00:00,75.0,77.0,72.25,72.25,7750
2013-06-07 00:00:00,73.0,73.0,73.0,73.0,300
2013-06-06 00:00:00,,74.75,74.75,74.75,0
2013-06-05 00:00:00,73.5,75.0,73.5,74.75,3243
2013-06-04 00:00:00,70.25,74.0,70.25,74.0,59427
2013-06-03 00:00:00,74.0,74.0,74.0,74.0,1080
2013-05-31 00:00:00,,73.75,73.75,73.75,0
2013-05-30 00:00:00,73.75,73.75,73.75,73.75,8
2013-05-29 00:00:00,,74.5,74.5,74.5,0
2013-05-28 00:00:00,74.0,74.5,74.0,74.5,2982
2013-05-27 00:00:00,72.0,72.0,72.0,72.0,270
2013-05-24 00:00:00,,73.0,73.0,73.0,0
2013-05-23 00:00:00,72.0,73.0,72.0,73.0,2836
2013-05-22 00:00:00,72.0,73.75,71.5,73.75,1924
2013-05-21 00:00:00,,73.0,73.0,73.0,0
2013-05-20 00:00:00,73.0,73.0,73.0,73.0,1400
2013-05-17 00:00:00,72.5,72.5,72.5,72.5,200
2013-05-16 00:00:00,74.0,74.0,74.0,74.0,550
2013-05-15 00:00:00,74.0,74.0,74.0,74.0,1000
2013-05-14 00:00:00,71.5,72.5,71.5,72.5,2509
2013-05-13 00:00:00,,72.5,72.5,72.5,0
2013-05-10 00:00:00,71.75,72.5,71.75,72.5,1552
2013-05-09 00:00:00,,72.0,72.0,72.0,0
2013-05-08 00:00:00,72.5,72.5,72.0,72.0,634
2013-05-07 00:00:00,72.0,72.0,71.5,71.5,270
2013-05-06 00:00:00,73.0,73.0,73.0,73.0,500
2013-05-03 00:00:00,73.5,73.5,70.25,73.0,8733
2013-05-02 00:00:00,71.5,73.5,71.5,73.5,2000
2013-05-01 00:00:00,,73.5,73.5,73.5,0
2013-04-30 00:00:00,73.5,73.5,73.5,73.5,3000
2013-04-29 00:00:00,73.5,73.5,73.0,73.0,180
2013-04-26 00:00:00,,72.0,72.0,72.0,0
2013-04-25 00:00:00,72.0,72.0,72.0,72.0,2499
2013-04-24 00:00:00,72.0,72.0,72.0,72.0,88
2013-04-23 00:00:00,71.0,72.0,70.0,72.0,2760
2013-04-22 00:00:00,72.0,72.0,70.0,70.0,3737
2013-04-19 00:00:00,70.5,72.0,70.0,70.5,5163
2013-04-18 00:00:00,70.25,70.5,70.25,70.25,1300
2013-04-17 00:00:00,70.25,70.25,70.25,70.25,50600
2013-04-16 00:00:00,70.5,70.5,70.5,70.5,1000
2013-04-15 00:00:00,72.0,72.0,70.5,70.5,1600
2013-04-12 00:00:00,72.0,72.0,71.5,71.5,1200
2013-04-11 00:00:00,72.0,72.0,72.0,72.0,2600
2013-04-10 00:00:00,72.0,72.0,72.0,72.0,2000
2013-04-09 00:00:00,72.75,72.75,72.75,72.75,30
2013-04-08 00:00:00,72.0,73.25,72.0,73.25,5005
2013-04-05 00:00:00,73.0,73.0,72.0,72.0,900
2013-04-04 00:00:00,73.5,73.5,73.5,73.5,1510
2013-04-03 00:00:00,72.0,73.5,72.0,73.5,4000
2013-04-02 00:00:00,70.25,72.5,70.25,72.5,291
2013-04-01 00:00:00,,71.5,71.5,71.5,0
2013-03-29 00:00:00,71.5,71.5,71.5,71.5,17
2013-03-28 00:00:00,71.5,71.5,71.5,71.5,17
2013-03-27 00:00:00,71.5,71.5,71.5,71.5,17
2013-03-26 00:00:00,71.0,72.0,71.0,72.0,532
2013-03-25 00:00:00,71.25,71.25,70.75,70.75,149
2013-03-22 00:00:00,71.5,72.0,71.0,71.0,20860
2013-03-21 00:00:00,70.25,71.0,70.25,71.0,150
2013-03-20 00:00:00,70.0,71.5,70.0,71.5,1440
2013-03-19 00:00:00,70.0,71.5,69.0,69.0,2151
2013-03-18 00:00:00,,70.0,70.0,70.0,0
2013-03-15 00:00:00,71.75,71.75,70.0,70.0,3200
2013-03-14 00:00:00,71.5,71.5,70.0,70.0,2675
2013-03-13 00:00:00,71.5,71.75,71.5,71.75,55
2013-03-12 00:00:00,71.5,71.5,68.25,71.5,11900
2013-03-11 00:00:00,72.0,72.0,72.0,72.0,190
2013-03-08 00:00:00,72.0,72.0,71.0,71.0,1700
2013-03-07 00:00:00,71.75,71.75,70.0,70.0,3650
2013-03-06 00:00:00,72.0,72.0,72.0,72.0,8566
2013-03-05 00:00:00,,72.0,72.0,72.0,0
2013-03-04 00:00:00,72.0,72.0,67.25,72.0,250
2013-03-01 00:00:00,72.0,72.0,72.0,72.0,11940
2013-02-28 00:00:00,69.5,72.0,69.5,72.0,29868
2013-02-27 00:00:00,69.75,69.75,67.0,69.75,600
2013-02-26 00:00:00,67.5,69.5,67.5,69.5,9587
2013-02-25 00:00:00,,69.0,69.0,69.0,0
2013-02-22 00:00:00,68.0,69.0,67.0,69.0,4850
2013-02-21 00:00:00,67.0,67.0,67.0,67.0,1800
2013-02-20 00:00:00,66.0,67.0,66.0,67.0,1310
2013-02-19 00:00:00,66.0,66.5,66.0,66.5,1221
2013-02-18 00:00:00,66.0,68.0,65.75,68.0,6710
2013-02-15 00:00:00,,67.5,67.5,67.5,0
2013-02-14 00:00:00,67.5,67.5,67.5,67.5,475
2013-02-13 00:00:00,68.25,68.25,68.25,68.25,100
2013-02-12 00:00:00,66.0,66.0,65.5,65.5,4567
2013-02-11 00:00:00,66.0,66.0,66.0,66.0,4812
2013-02-08 00:00:00,,67.5,67.5,67.5,0
2013-02-07 00:00:00,,67.5,67.5,67.5,0
2013-02-06 00:00:00,67.5,67.5,67.5,67.5,1000
2013-02-05 00:00:00,66.5,66.5,66.5,66.5,600
2013-02-04 00:00:00,67.5,69.0,66.5,66.5,3590
2013-02-01 00:00:00,66.0,66.0,66.0,66.0,1413
2013-01-31 00:00:00,66.75,67.0,65.75,65.75,3310
2013-01-30 00:00:00,65.5,66.5,65.5,66.5,1074
2013-01-29 00:00:00,,66.75,66.75,66.75,0
2013-01-28 00:00:00,66.75,66.75,66.75,66.75,10
2013-01-25 00:00:00,,66.25,66.25,66.25,0
2013-01-24 00:00:00,66.0,66.25,66.0,66.25,2500
2013-01-23 00:00:00,64.25,66.0,64.25,66.0,1000
2013-01-22 00:00:00,65.25,65.25,65.0,65.25,2900
2013-01-21 00:00:00,65.0,65.0,64.0,64.0,8520
2013-01-18 00:00:00,64.0,65.0,64.0,65.0,15335
2013-01-17 00:00:00,64.0,64.0,64.0,64.0,40
2013-01-16 00:00:00,64.5,64.5,64.5,64.5,500
2013-01-15 00:00:00,64.5,64.75,64.25,64.25,3570
2013-01-14 00:00:00,64.5,64.5,64.5,64.5,500
2013-01-11 00:00:00,64.0,64.0,64.0,64.0,300
2013-01-10 00:00:00,64.0,66.0,64.0,64.0,11310
2013-01-09 00:00:00,65.0,65.0,64.25,64.25,500
2013-01-08 00:00:00,,65.0,65.0,65.0,0
2013-01-07 00:00:00,66.25,66.25,64.0,65.0,2950
2013-01-04 00:00:00,64.25,64.25,64.25,64.25,1
2013-01-03 00:00:00,65.0,65.0,65.0,65.0,900
2013-01-02 00:00:00,64.0,65.5,64.0,65.5,1040
2013-01-01 00:00:00,,63.75,63.75,63.75,0
2012-12-31 00:00:00,,63.75,63.75,63.75,0
2012-12-28 00:00:00,65.0,65.0,63.75,63.75,1018
2012-12-27 00:00:00,64.0,64.0,63.5,63.5,430
2012-12-26 00:00:00,,65.5,65.5,65.5,0
2012-12-25 00:00:00,,65.5,65.5,65.5,0
2012-12-24 00:00:00,,65.5,65.5,65.5,0
2012-12-21 00:00:00,66.0,66.0,65.5,65.5,700
2012-12-20 00:00:00,64.5,65.0,64.5,65.0,1500
2012-12-19 00:00:00,66.0,66.0,64.5,64.5,800
2012-12-18 00:00:00,,65.0,65.0,65.0,0
2012-12-17 00:00:00,65.0,65.0,65.0,65.0,3096
2012-12-14 00:00:00,65.0,65.0,65.0,65.0,200
2012-12-13 00:00:00,,65.25,65.25,65.25,0
2012-12-12 00:00:00,65.25,65.25,65.25,65.25,9562
2012-12-11 00:00:00,64.5,65.0,64.5,65.0,2954
2012-12-10 00:00:00,,64.0,64.0,64.0,0
2012-12-07 00:00:00,64.5,64.75,64.0,64.0,2801
2012-12-06 00:00:00,64.0,64.0,64.0,64.0,32
2012-12-05 00:00:00,64.75,64.75,64.0,64.0,1050
2012-12-04 00:00:00,64.0,64.0,64.0,64.0,2000
2012-12-03 00:00:00,64.0,64.75,64.0,64.5,1245
2012-11-30 00:00:00,,63.0,63.0,63.0,0
2012-11-29 00:00:00,62.0,63.0,62.0,63.0,6610
2012-11-28 00:00:00,,62.25,62.25,62.25,0
2012-11-27 00:00:00,65.0,65.0,62.25,62.25,110
2012-11-26 00:00:00,,64.75,64.75,64.75,0
2012-11-23 00:00:00,64.75,64.75,64.75,64.75,105
2012-11-22 00:00:00,,63.0,63.0,63.0,0
2012-11-21 00:00:00,,63.0,63.0,63.0,0
2012-11-20 00:00:00,63.25,63.25,63.0,63.0,5600
2012-11-19 00:00:00,65.75,65.75,62.0,62.0,5900
2012-11-16 00:00:00,62.25,63.0,62.25,63.0,204117
2012-11-15 00:00:00,63.0,64.0,62.0,62.0,2427
2012-11-14 00:00:00,62.5,63.0,62.5,63.0,2050
2012-11-13 00:00:00,,64.5,64.5,64.5,0
2012-11-12 00:00:00,,64.5,64.5,64.5,0
2012-11-09 00:00:00,,64.5,64.5,64.5,0
2012-11-08 00:00:00,64.5,64.5,64.5,64.5,15
2012-11-07 00:00:00,,64.25,64.25,64.25,0
2012-11-06 00:00:00,64.0,64.25,64.0,64.25,1711
2012-11-05 00:00:00,62.5,64.0,62.5,64.0,1200
2012-11-02 00:00:00,,62.5,62.5,62.5,0
2012-11-01 00:00:00,62.5,62.5,62.5,62.5,2500
2012-10-31 00:00:00,64.0,64.0,64.0,64.0,10
2012-10-30 00:00:00,64.0,64.0,64.0,64.0,500
2012-10-29 00:00:00,63.0,63.25,62.5,63.25,2883
2012-10-26 00:00:00,64.0,64.0,62.75,62.75,2246
2012-10-25 00:00:00,64.0,64.0,64.0,64.0,368
2012-10-24 00:00:00,63.0,65.0,63.0,63.0,2600
2012-10-23 00:00:00,63.0,63.0,63.0,63.0,7681
2012-10-22 00:00:00,62.5,63.0,62.5,63.0,25019
2012-10-19 00:00:00,63.0,63.0,63.0,63.0,1280
2012-10-18 00:00:00,,63.0,63.0,63.0,0
2012-10-17 00:00:00,62.5,63.0,62.5,63.0,631
2012-10-16 00:00:00,63.0,64.25,63.0,64.25,72997
2012-10-15 00:00:00,63.0,63.0,62.5,63.0,436
2012-10-12 00:00:00,63.0,63.0,63.0,63.0,5147
2012-10-11 00:00:00,,65.0,65.0,65.0,0
2012-10-10 00:00:00,63.0,65.0,63.0,65.0,2000
2012-10-09 00:00:00,63.0,63.0,63.0,63.0,15000
2012-10-08 00:00:00,64.5,64.5,64.5,64.5,100
2012-10-05 00:00:00,64.5,65.0,64.5,65.0,1475
2012-10-04 00:00:00,64.5,64.5,64.5,64.5,3210
2012-10-03 00:00:00,62.75,64.5,62.75,64.5,1262
2012-10-02 00:00:00,65.0,65.0,62.5,62.5,3220
2012-10-01 00:00:00,62.5,64.5,62.25,64.5,3673
2012-09-28 00:00:00,,63.0,63.0,63.0,0
2012-09-27 00:00:00,63.0,63.0,63.0,63.0,18705
2012-09-26 00:00:00,63.0,63.0,62.0,63.0,6069
2012-09-25 00:00:00,63.75,63.75,63.75,63.75,87
2012-09-24 00:00:00,62.25,64.0,62.0,63.75,3732
2012-09-21 00:00:00,63.5,65.25,62.0,62.0,10317
2012-09-20 00:00:00,65.25,65.25,63.0,63.5,772
2012-09-19 00:00:00,63.0,65.0,63.0,65.0,27
2012-09-18 00:00:00,62.5,62.5,62.5,62.5,800
2012-09-17 00:00:00,,64.5,64.5,64.5,0
2012-09-14 00:00:00,62.5,64.5,62.5,64.5,3150
2012-09-13 00:00:00,,63.5,63.5,63.5,0
2012-09-12 00:00:00,62.0,63.5,62.0,63.5,110
2012-09-11 00:00:00,,64.0,64.0,64.0,0
2012-09-10 00:00:00,64.0,64.0,64.0,64.0,120
2012-09-07 00:00:00,63.5,63.75,63.5,63.75,900
2012-09-06 00:00:00,63.0,63.0,63.0,63.0,718
2012-09-05 00:00:00,62.0,63.5,62.0,63.0,1120
2012-09-04 00:00:00,62.0,62.0,62.0,62.0,250
2012-09-03 00:00:00,,63.0,63.0,63.0,0
2012-08-31 00:00:00,61.5,63.0,61.5,63.0,3184
2012-08-30 00:00:00,63.0,63.0,63.0,63.0,18
2012-08-29 00:00:00,62.0,62.0,62.0,62.0,89
2012-08-28 00:00:00,61.5,63.0,61.5,61.5,3150
2012-08-27 00:00:00,62.25,62.25,61.0,61.0,10425
2012-08-24 00:00:00,62.25,63.0,62.0,62.0,6900
2012-08-23 00:00:00,62.25,64.0,62.0,64.0,2980
2012-08-22 00:00:00,,62.5,62.5,62.5,0
2012-08-21 00:00:00,,62.5,62.5,62.5,0
2012-08-20 00:00:00,62.5,62.5,62.5,62.5,130
2012-08-17 00:00:00,62.25,62.25,62.25,62.25,60
2012-08-16 00:00:00,62.0,62.0,62.0,62.0,767
2012-08-15 00:00:00,64.0,64.0,62.5,62.5,3948
2012-08-14 00:00:00,,63.0,63.0,63.0,0
2012-08-13 00:00:00,62.0,63.0,62.0,63.0,3044
2012-08-10 00:00:00,62.0,63.75,61.25,63.0,4845
2012-08-09 00:00:00,63.75,63.75,63.75,63.75,358
2012-08-08 00:00:00,63.75,63.75,63.75,63.75,342
2012-08-07 00:00:00,,64.0,64.0,64.0,0
2012-08-06 00:00:00,64.0,64.0,64.0,64.0,342
2012-08-03 00:00:00,61.0,63.5,61.0,63.5,701
2012-08-02 00:00:00,61.25,61.25,60.0,60.25,950
2012-08-01 00:00:00,63.25,63.25,61.25,61.25,350
2012-07-31 00:00:00,61.25,61.25,61.25,61.25,287
2012-07-30 00:00:00,61.0,61.0,61.0,61.0,127
2012-07-27 00:00:00,61.0,61.0,61.0,61.0,100
2012-07-26 00:00:00,60.25,60.5,60.25,60.5,112
2012-07-25 00:00:00,60.25,61.75,60.0,60.25,8829
2012-07-24 00:00:00,,63.0,63.0,63.0,0
2012-07-23 00:00:00,63.0,63.0,63.0,63.0,250
2012-07-20 00:00:00,,62.75,62.75,62.75,0
2012-07-19 00:00:00,,62.75,62.75,62.75,0
2012-07-18 00:00:00,63.0,63.0,62.75,62.75,464
2012-07-17 00:00:00,60.25,62.75,60.25,60.25,2486
2012-07-16 00:00:00,,63.0,63.0,63.0,0
2012-07-13 00:00:00,63.0,63.0,63.0,63.0,70
2012-07-12 00:00:00,,63.0,63.0,63.0,0
2012-07-11 00:00:00,63.0,63.0,63.0,63.0,130
2012-07-10 00:00:00,,62.75,62.75,62.75,0
2012-07-09 00:00:00,63.25,63.25,62.75,62.75,276
2012-07-06 00:00:00,62.0,62.0,62.0,62.0,100
2012-07-05 00:00:00,62.0,62.0,62.0,62.0,100
2012-07-04 00:00:00,61.75,61.75,59.0,61.25,1970
2012-07-03 00:00:00,,61.75,61.75,61.75,0
2012-07-02 00:00:00,60.0,61.75,60.0,61.75,1134
2012-06-29 00:00:00,61.0,62.75,61.0,62.75,2761
2012-06-28 00:00:00,61.0,61.0,61.0,61.0,12
2012-06-27 00:00:00,61.5,61.5,61.5,61.5,140
2012-06-26 00:00:00,59.0,61.25,59.0,61.25,3800
2012-06-25 00:00:00,61.0,61.0,57.0,58.75,13313
2012-06-22 00:00:00,,59.75,59.75,59.75,0
2012-06-21 00:00:00,62.0,62.0,59.75,59.75,36966
2012-06-20 00:00:00,62.0,62.0,62.0,62.0,200
2012-06-19 00:00:00,,59.5,59.5,59.5,0
2012-06-18 00:00:00,59.5,59.5,59.5,59.5,200
2012-06-15 00:00:00,,61.5,61.5,61.5,0
2012-06-14 00:00:00,,61.5,61.5,61.5,0
2012-06-13 00:00:00,60.0,61.5,60.0,61.5,200728
2012-06-12 00:00:00,60.5,60.5,60.25,60.25,5500
2012-06-11 00:00:00,,60.0,60.0,60.0,0
2012-06-08 00:00:00,,60.0,60.0,60.0,0
2012-06-07 00:00:00,60.0,60.0,60.0,60.0,500
2012-06-06 00:00:00,,60.0,60.0,60.0,0
2012-06-05 00:00:00,60.5,60.5,60.0,60.0,2500
2012-06-04 00:00:00,60.5,60.5,60.0,60.25,6241
2012-06-01 00:00:00,61.25,61.25,61.25,61.25,200
2012-05-31 00:00:00,61.0,63.0,61.0,61.0,11794
2012-05-30 00:00:00,,63.75,63.75,63.75,0
2012-05-29 00:00:00,60.75,63.75,60.75,63.75,227
2012-05-28 00:00:00,60.5,60.5,60.25,60.25,2716
2012-05-25 00:00:00,60.25,60.25,60.25,60.25,2572
2012-05-24 00:00:00,61.0,61.0,60.25,60.25,13770
2012-05-23 00:00:00,60.5,61.0,60.0,61.0,4739
2012-05-22 00:00:00,61.0,61.25,60.75,61.0,7105
2012-05-21 00:00:00,61.0,62.0,60.75,60.75,1469
2012-05-18 00:00:00,61.0,61.0,61.0,61.0,200
2012-05-17 00:00:00,,61.0,61.0,61.0,0
2012-05-16 00:00:00,61.75,61.75,61.0,61.0,1126
2012-05-15 00:00:00,63.0,63.25,62.75,62.75,3080
2012-05-14 00:00:00,61.5,63.0,61.5,63.0,65
2012-05-11 00:00:00,63.0,63.0,63.0,63.0,300
2012-05-10 00:00:00,62.0,62.0,62.0,62.0,600
2012-05-09 00:00:00,62.0,62.5,61.5,62.5,1000
2012-05-08 00:00:00,,63.0,63.0,63.0,0
2012-05-07 00:00:00,62.75,63.0,62.5,63.0,535
2012-05-04 00:00:00,62.75,62.75,62.75,62.75,800
2012-05-03 00:00:00,64.0,64.0,64.0,64.0,300
2012-05-02 00:00:00,64.0,64.0,64.0,64.0,456
2012-05-01 00:00:00,,63.0,63.0,63.0,0
2012-04-30 00:00:00,,63.0,63.0,63.0,0
2012-04-27 00:00:00,62.5,64.0,62.5,63.0,3612
2012-04-26 00:00:00,63.75,64.0,63.75,64.0,1081
2012-04-25 00:00:00,,63.5,63.5,63.5,0
2012-04-24 00:00:00,63.5,63.5,63.5,63.5,500
2012-04-23 00:00:00,62.0,64.0,62.0,64.0,1691
2012-04-20 00:00:00,61.5,63.5,61.5,63.5,330
2012-04-19 00:00:00,63.5,63.5,63.5,63.5,115
2012-04-18 00:00:00,,64.0,64.0,64.0,0
2012-04-17 00:00:00,,64.0,64.0,64.0,0
2012-04-16 00:00:00,63.0,64.0,63.0,64.0,207
2012-04-13 00:00:00,63.25,63.25,63.0,63.25,1215
2012-04-12 00:00:00,63.0,63.25,62.0,63.25,6432
2012-04-11 00:00:00,63.25,63.5,62.0,63.0,1871
2012-04-10 00:00:00,61.75,63.5,61.75,63.5,200
2012-04-09 00:00:00,,62.75,62.75,62.75,0
2012-04-06 00:00:00,,62.75,62.75,62.75,0
2012-04-05 00:00:00,62.5,64.0,62.5,62.75,117174
2012-04-04 00:00:00,63.5,64.0,62.75,62.75,101804
2012-04-03 00:00:00,63.5,63.5,63.5,63.5,780
2012-04-02 00:00:00,63.5,63.5,63.5,63.5,4000
2012-03-30 00:00:00,65.75,66.0,64.25,64.25,11640
2012-03-29 00:00:00,64.0,64.0,64.0,64.0,2000
2012-03-28 00:00:00,64.0,64.0,64.0,64.0,2000
2012-03-27 00:00:00,63.75,63.75,63.5,63.5,300
2012-03-26 00:00:00,64.75,64.75,64.75,64.75,400
2012-03-23 00:00:00,63.5,63.5,63.5,63.5,4164
2012-03-22 00:00:00,64.25,65.0,64.25,65.0,5001
2012-03-21 00:00:00,62.75,65.0,62.75,64.0,6298
2012-03-20 00:00:00,64.0,65.0,63.75,65.0,2064
2012-03-19 00:00:00,62.5,64.75,62.0,64.5,5914
2012-03-16 00:00:00,62.25,63.0,62.0,63.0,1420
2012-03-15 00:00:00,64.75,65.0,64.0,65.0,1847
2012-03-14 00:00:00,62.25,64.75,62.0,64.75,2004
2012-03-13 00:00:00,62.25,62.25,62.25,62.25,100
2012-03-12 00:00:00,65.0,65.0,64.0,64.25,2080
2012-03-09 00:00:00,64.0,64.0,64.0,64.0,99
2012-03-08 00:00:00,62.0,64.0,60.5,64.0,3660
2012-03-07 00:00:00,64.5,65.0,61.5,61.5,3800
2012-03-06 00:00:00,62.25,63.5,62.0,63.5,7587
2012-03-05 00:00:00,66.0,66.0,64.0,64.0,2409
2012-03-02 00:00:00,65.0,66.0,65.0,66.0,34960
2012-03-01 00:00:00,66.75,66.75,64.0,65.0,7406
2012-02-29 00:00:00,64.5,67.0,64.0,67.0,14755
2012-02-28 00:00:00,64.0,66.0,64.0,66.0,3940
2012-02-27 00:00:00,64.0,65.0,64.0,65.0,3778
2012-02-24 00:00:00,64.5,65.0,63.25,65.0,5281
2012-02-23 00:00:00,65.5,66.5,64.5,64.75,5628
2012-02-22 00:00:00,65.0,65.0,65.0,65.0,500
2012-02-21 00:00:00,65.0,65.5,65.0,65.0,4331
2012-02-20 00:00:00,64.75,65.25,63.75,65.25,4195
2012-02-17 00:00:00,65.0,65.0,63.0,63.5,20200
2012-02-16 00:00:00,,64.5,64.5,64.5,0
2012-02-15 00:00:00,64.5,64.5,64.5,64.5,50
2012-02-14 00:00:00,,62.5,62.5,62.5,0
2012-02-13 00:00:00,62.5,62.5,62.5,62.5,500
2012-02-10 00:00:00,63.5,63.5,63.5,63.5,600
2012-02-09 00:00:00,65.0,65.0,63.0,63.0,9290
2012-02-08 00:00:00,63.0,65.0,63.0,65.0,243
2012-02-07 00:00:00,62.0,63.0,62.0,63.0,3788
2012-02-06 00:00:00,65.5,65.5,62.0,63.0,1187
2012-02-03 00:00:00,,63.0,63.0,63.0,0
2012-02-02 00:00:00,63.0,63.0,63.0,63.0,856
2012-02-01 00:00:00,61.0,63.0,59.75,61.0,8177
2012-01-31 00:00:00,63.0,63.0,61.75,61.75,2433
2012-01-30 00:00:00,64.0,64.0,64.0,64.0,13
2012-01-27 00:00:00,61.25,63.75,61.25,63.75,718
2012-01-26 00:00:00,65.25,66.0,63.0,63.0,1877
2012-01-25 00:00:00,63.25,63.5,62.0,63.5,1791
2012-01-24 00:00:00,62.25,66.75,62.25,66.75,2991
2012-01-23 00:00:00,61.0,62.0,61.0,61.0,1014
2012-01-20 00:00:00,60.5,60.5,60.5,60.5,150
2012-01-19 00:00:00,63.0,67.5,60.25,63.0,3015
2012-01-18 00:00:00,61.75,61.75,59.5,60.75,2070
2012-01-17 00:00:00,59.75,60.25,59.75,60.25,4100
2012-01-16 00:00:00,59.75,60.0,59.0,60.0,442077
2012-01-13 00:00:00,59.75,59.75,59.75,59.75,575
2012-01-12 00:00:00,59.0,60.0,59.0,60.0,6900
2012-01-11 00:00:00,60.0,60.0,60.0,60.0,1000
2012-01-10 00:00:00,,60.0,60.0,60.0,0
2012-01-09 00:00:00,59.25,60.25,59.25,60.0,9822
2012-01-06 00:00:00,,59.25,59.25,59.25,0
2012-01-05 00:00:00,,59.25,59.25,59.25,0
2012-01-04 00:00:00,59.0,60.0,59.0,59.25,4819
2012-01-03 00:00:00,61.5,61.5,60.5,60.5,1200
2012-01-02 00:00:00,59.75,61.5,59.75,60.0,7201
2011-12-30 00:00:00,59.75,60.0,59.0,60.0,5932
2011-12-29 00:00:00,58.0,59.75,58.0,59.5,7955
2011-12-28 00:00:00,58.0,58.0,56.0,57.75,1800
2011-12-27 00:00:00,57.75,58.0,57.5,58.0,7248
2011-12-26 00:00:00,,57.5,57.5,57.5,0
2011-12-23 00:00:00,57.5,57.5,57.5,57.5,100
2011-12-22 00:00:00,57.25,57.75,57.25,57.5,36865
2011-12-21 00:00:00,57.25,57.25,57.25,57.25,4300
2011-12-20 00:00:00,56.5,57.0,56.5,57.0,3500
2011-12-19 00:00:00,57.0,57.25,56.5,57.25,11502
2011-12-16 00:00:00,56.25,56.25,56.25,56.25,2860
2011-12-15 00:00:00,56.5,56.5,56.0,56.25,5536
2011-12-14 00:00:00,55.25,56.25,55.0,56.25,13400
2011-12-13 00:00:00,,55.5,55.5,55.5,0
2011-12-12 00:00:00,56.0,56.0,55.5,55.5,2653
2011-12-09 00:00:00,56.75,57.0,56.75,57.0,754
2011-12-08 00:00:00,56.25,57.25,55.75,55.75,17646
2011-12-07 00:00:00,55.75,56.25,55.75,56.25,5808
2011-12-06 00:00:00,56.25,56.25,55.5,55.5,1054
2011-12-05 00:00:00,56.0,56.0,56.0,56.0,100534
2011-12-02 00:00:00,56.25,56.25,56.25,56.25,218
2011-12-01 00:00:00,55.5,56.5,55.5,56.0,500
2011-11-30 00:00:00,55.0,56.0,55.0,56.0,42068
2011-11-29 00:00:00,56.0,56.0,56.0,56.0,107
2011-11-28 00:00:00,55.0,56.0,54.5,56.0,4306
2011-11-25 00:00:00,,55.0,55.0,55.0,0
2011-11-24 00:00:00,55.25,55.25,55.0,55.0,1400
2011-11-23 00:00:00,56.0,56.0,55.0,55.0,10400
2011-11-22 00:00:00,56.25,56.25,55.5,56.25,7500
2011-11-21 00:00:00,56.25,56.25,55.75,56.25,2657
2011-11-18 00:00:00,,56.75,56.75,56.75,0
2011-11-17 00:00:00,,56.75,56.75,56.75,0
2011-11-16 00:00:00,57.0,57.0,56.75,56.75,4125
2011-11-15 00:00:00,57.0,57.0,57.0,57.0,1951
2011-11-14 00:00:00,,56.75,56.75,56.75,0
2011-11-11 00:00:00,,56.75,56.75,56.75,0
2011-11-10 00:00:00,56.75,56.75,56.75,56.75,600
2011-11-09 00:00:00,57.25,57.25,57.0,57.0,1225
2011-11-08 00:00:00,57.5,57.5,57.0,57.25,1575
2011-11-07 00:00:00,57.5,57.5,57.5,57.5,398
2011-11-04 00:00:00,,57.25,57.25,57.25,0
2011-11-03 00:00:00,56.25,57.25,56.25,57.25,2355
2011-11-02 00:00:00,57.0,57.0,56.0,56.25,2870
2011-11-01 00:00:00,56.5,57.0,56.25,57.0,2000
2011-10-31 00:00:00,,58.5,58.5,58.5,0
2011-10-28 00:00:00,58.5,58.5,58.5,58.5,50
2011-10-27 00:00:00,58.5,58.5,58.5,58.5,350
2011-10-26 00:00:00,58.0,58.0,57.5,57.5,3502
2011-10-25 00:00:00,57.75,57.75,57.5,57.5,4000
2011-10-24 00:00:00,57.5,57.5,57.5,57.5,900
2011-10-21 00:00:00,58.0,58.0,57.0,57.0,3000
2011-10-20 00:00:00,57.0,57.0,56.5,56.5,1700
2011-10-19 00:00:00,57.0,57.0,56.75,56.75,1096
2011-10-18 00:00:00,58.0,58.0,58.0,58.0,100
2011-10-17 00:00:00,57.0,57.0,57.0,57.0,2351
2011-10-14 00:00:00,58.0,58.0,57.0,57.25,4210
2011-10-13 00:00:00,,57.0,57.0,57.0,0
2011-10-12 00:00:00,56.25,57.0,56.25,57.0,153
2011-10-11 00:00:00,57.0,57.5,57.0,57.0,10002
2011-10-10 00:00:00,56.5,59.0,56.5,59.0,2832
2011-10-07 00:00:00,56.0,56.25,56.0,56.25,512
2011-10-06 00:00:00,56.0,56.0,55.75,56.0,18076
2011-10-05 00:00:00,55.75,56.0,55.5,55.5,12076
2011-10-04 00:00:00,56.0,56.0,55.75,55.75,18702
2011-10-03 00:00:00,56.0,56.5,56.0,56.5,11400
2011-09-30 00:00:00,57.0,57.5,56.5,56.5,23315
2011-09-29 00:00:00,,55.5,55.5,55.5,0
2011-09-28 00:00:00,55.5,55.5,55.5,55.5,100
2011-09-27 00:00:00,55.5,55.75,55.5,55.75,1108
2011-09-26 00:00:00,55.5,56.0,55.0,55.0,41927
2011-09-23 00:00:00,56.5,56.5,55.5,55.75,29861
2011-09-22 00:00:00,57.0,57.5,56.5,56.5,20810
