Dates,Open,High,Low,Close,Volume
2017-09-08 00:00:00,99.0,99.25,96.5,96.5,294717
2017-09-07 00:00:00,99.0,99.75,98.75,99.25,251236
2017-09-06 00:00:00,98.75,100.0,98.75,99.0,275266
2017-09-04 00:00:00,101.25,101.5,100.0,100.75,42405
2017-09-01 00:00:00,101.5,103.0,101.25,101.75,144005
2017-08-31 00:00:00,99.25,102.25,99.0,102.25,157687
2017-08-30 00:00:00,97.25,99.0,97.25,98.75,63352
2017-08-29 00:00:00,97.75,97.75,95.75,97.5,202295
2017-08-28 00:00:00,98.25,99.25,97.5,97.75,56814
2017-08-25 00:00:00,98.75,99.75,98.0,98.0,116938
2017-08-24 00:00:00,101.25,101.25,98.75,98.75,90954
2017-08-23 00:00:00,100.5,102.0,100.0,101.0,73698
2017-08-22 00:00:00,99.0,100.5,98.25,100.25,136549
2017-08-21 00:00:00,99.5,100.0,97.75,99.25,192160
2017-08-18 00:00:00,100.0,101.0,98.75,99.75,162497
2017-08-17 00:00:00,101.25,101.5,100.0,100.25,149371
2017-08-16 00:00:00,101.0,102.25,101.0,102.0,98596
2017-08-15 00:00:00,103.75,103.75,100.75,100.75,175465
2017-08-14 00:00:00,100.75,103.5,100.75,103.25,139485
2017-08-11 00:00:00,101.5,101.5,100.0,100.75,141979
2017-08-10 00:00:00,104.25,104.5,101.75,101.75,120185
2017-08-09 00:00:00,104.5,104.5,103.0,104.5,100258
2017-08-08 00:00:00,105.0,106.0,104.0,105.5,90272
2017-08-07 00:00:00,105.0,105.25,103.75,104.5,94561
2017-08-04 00:00:00,103.5,105.75,102.75,105.0,178705
2017-08-03 00:00:00,102.25,103.75,101.75,103.5,131478
2017-08-02 00:00:00,104.5,104.75,102.0,102.25,121168
2017-08-01 00:00:00,102.0,104.0,101.0,104.0,355634
2017-07-31 00:00:00,101.75,102.75,101.5,101.5,118572
2017-07-28 00:00:00,103.0,103.25,100.75,101.75,261532
2017-07-27 00:00:00,102.75,104.5,102.5,103.25,354268
2017-07-26 00:00:00,104.0,104.75,102.25,102.75,636145
2017-07-25 00:00:00,104.5,104.75,103.5,104.25,105448
2017-07-24 00:00:00,104.0,104.5,103.25,104.5,378396
2017-07-21 00:00:00,105.0,105.75,103.0,103.75,190865
2017-07-20 00:00:00,105.5,106.75,104.75,105.0,187079
2017-07-19 00:00:00,105.0,106.25,103.75,105.5,299397
2017-07-18 00:00:00,109.25,110.0,104.5,104.75,822999
2017-07-17 00:00:00,106.0,108.0,99.5,107.0,1387414
2017-07-14 00:00:00,114.75,115.5,113.5,115.25,175019
2017-07-13 00:00:00,115.0,115.5,113.5,114.5,140311
2017-07-12 00:00:00,114.25,114.75,113.5,114.5,288362
2017-07-11 00:00:00,116.5,116.5,113.75,114.0,234268
2017-07-10 00:00:00,116.0,117.0,115.5,116.5,67877
2017-07-07 00:00:00,116.75,116.75,115.25,116.0,86490
2017-07-06 00:00:00,117.5,118.5,115.5,116.75,143028
2017-07-05 00:00:00,117.25,118.75,115.75,117.5,318584
2017-07-04 00:00:00,118.0,118.0,115.75,117.25,443709
2017-07-03 00:00:00,119.0,120.75,117.0,118.0,113716
2017-06-30 00:00:00,118.0,119.5,117.0,118.5,185977
2017-06-29 00:00:00,119.75,119.75,117.0,118.5,211262
2017-06-28 00:00:00,118.5,118.75,116.75,118.5,141590
2017-06-27 00:00:00,121.25,121.25,117.25,118.5,217918
2017-06-26 00:00:00,121.25,124.25,121.0,121.5,153344
2017-06-23 00:00:00,,121.0,121.0,121.0,0
2017-06-22 00:00:00,122.5,122.75,120.5,121.0,129871
2017-06-21 00:00:00,122.0,122.25,118.75,121.75,321850
2017-06-20 00:00:00,122.0,124.0,120.75,121.25,252715
2017-06-19 00:00:00,121.25,122.75,120.0,121.75,255659
2017-06-16 00:00:00,124.25,124.5,120.5,120.75,363969
2017-06-15 00:00:00,125.0,126.75,124.0,124.5,149695
2017-06-14 00:00:00,125.75,127.0,124.5,126.5,164848
2017-06-13 00:00:00,126.25,126.25,123.5,125.75,161618
2017-06-12 00:00:00,128.0,128.0,124.25,125.0,153151
2017-06-09 00:00:00,128.75,129.0,127.25,128.25,200052
2017-06-08 00:00:00,126.75,128.5,125.5,128.5,274194
2017-06-07 00:00:00,127.0,128.75,125.0,127.5,308118
2017-06-06 00:00:00,,127.0,127.0,127.0,0
2017-06-05 00:00:00,128.5,128.75,126.5,127.0,100901
2017-06-02 00:00:00,129.5,129.5,127.5,128.5,120212
2017-06-01 00:00:00,127.25,129.5,126.25,129.5,145272
2017-05-31 00:00:00,129.5,129.5,126.0,127.0,413433
2017-05-30 00:00:00,126.0,129.75,125.25,129.5,422655
2017-05-29 00:00:00,126.0,127.25,124.5,125.5,592625
2017-05-26 00:00:00,125.5,126.25,124.75,126.0,116273
2017-05-24 00:00:00,124.5,125.75,124.5,125.75,74327
2017-05-23 00:00:00,123.75,126.25,122.25,125.0,153420
2017-05-22 00:00:00,124.0,124.0,121.5,123.5,95363
2017-05-19 00:00:00,119.25,124.0,119.25,123.75,162723
2017-05-18 00:00:00,123.25,123.25,118.0,119.25,383311
2017-05-17 00:00:00,126.0,127.25,123.25,123.5,188925
2017-05-16 00:00:00,123.75,128.25,123.75,127.0,265466
2017-05-15 00:00:00,124.5,125.75,123.5,124.75,113981
2017-05-12 00:00:00,127.25,125.25,125.25,125.25,108897
2017-05-11 00:00:00,127.0,128.0,126.0,127.0,107833
2017-05-10 00:00:00,127.0,128.25,124.0,127.0,156806
2017-05-09 00:00:00,128.5,129.5,127.25,129.0,163328
2017-05-08 00:00:00,128.0,129.5,127.25,128.0,160638
2017-05-05 00:00:00,128.75,129.0,126.5,128.0,165674
2017-05-04 00:00:00,125.5,128.5,125.0,127.75,222078
2017-05-03 00:00:00,128.0,128.0,125.0,125.75,200712
2017-05-02 00:00:00,127.5,128.75,126.25,128.0,220342
2017-05-01 00:00:00,,127.25,127.25,127.25,0
2017-04-28 00:00:00,125.25,128.0,125.25,127.25,186373
2017-04-27 00:00:00,124.0,126.25,122.5,125.25,214053
2017-04-26 00:00:00,122.5,124.0,120.25,124.0,215616
2017-04-25 00:00:00,116.0,122.5,116.0,122.5,441893
2017-04-24 00:00:00,120.0,124.0,114.75,115.0,875176
2017-04-21 00:00:00,111.0,111.75,108.5,110.75,245682
2017-04-20 00:00:00,111.5,111.75,108.25,109.75,216999
2017-04-19 00:00:00,110.0,111.5,108.75,111.5,101431
2017-04-18 00:00:00,107.5,109.75,107.25,109.75,181142
2017-04-13 00:00:00,107.0,107.75,106.0,107.5,55526
2017-04-12 00:00:00,108.25,110.0,106.25,106.75,117259
2017-04-11 00:00:00,106.0,108.75,105.75,108.25,130805
2017-04-10 00:00:00,105.25,107.0,104.0,105.75,202967
2017-04-07 00:00:00,105.0,105.75,103.75,105.5,45186
2017-04-06 00:00:00,104.25,106.25,102.0,105.75,62215
2017-04-05 00:00:00,105.75,105.75,104.0,104.25,60310
2017-04-04 00:00:00,105.5,105.75,105.0,105.75,45525
2017-04-03 00:00:00,108.25,108.25,105.75,106.0,84980
2017-03-31 00:00:00,106.25,108.0,106.0,108.0,70594
2017-03-30 00:00:00,107.0,107.5,105.5,106.5,125041
2017-03-29 00:00:00,104.5,106.75,104.25,106.25,86456
2017-03-28 00:00:00,102.0,105.0,102.0,104.5,71902
2017-03-27 00:00:00,103.5,103.75,101.25,102.0,104351
2017-03-24 00:00:00,104.0,104.5,102.75,104.0,56321
2017-03-23 00:00:00,104.0,104.5,102.5,104.0,71678
2017-03-22 00:00:00,103.0,103.25,102.0,103.25,93877
2017-03-21 00:00:00,104.5,105.25,102.75,103.0,382238
2017-03-20 00:00:00,104.0,104.75,102.25,104.25,219793
2017-03-17 00:00:00,105.25,105.5,103.5,104.0,155808
2017-03-16 00:00:00,106.5,106.5,104.25,105.25,118244
2017-03-15 00:00:00,104.5,105.5,103.5,104.5,150921
2017-03-14 00:00:00,107.5,107.5,104.0,105.0,135976
2017-03-13 00:00:00,107.0,108.75,106.0,107.0,255228
2017-03-10 00:00:00,105.5,106.5,106.5,106.5,64089
2017-03-09 00:00:00,106.75,107.75,105.5,106.0,49934
2017-03-08 00:00:00,106.5,108.0,106.25,107.0,136264
2017-03-07 00:00:00,105.0,107.0,104.5,107.0,67412
2017-03-06 00:00:00,105.0,106.0,104.25,105.25,50162
2017-03-03 00:00:00,106.5,105.0,105.0,105.0,137474
2017-03-02 00:00:00,108.25,108.5,106.75,107.0,87440
2017-03-01 00:00:00,107.0,108.75,105.75,108.0,127024
2017-02-28 00:00:00,105.25,107.0,105.0,107.0,65600
2017-02-27 00:00:00,106.5,106.75,104.25,105.75,58161
2017-02-24 00:00:00,107.25,107.25,105.5,106.0,137359
2017-02-23 00:00:00,107.0,108.25,106.5,107.0,82086
2017-02-22 00:00:00,108.0,108.5,106.5,107.75,90315
2017-02-21 00:00:00,107.75,108.5,107.25,108.0,51045
2017-02-20 00:00:00,108.25,108.25,106.75,108.0,62061
2017-02-17 00:00:00,107.5,109.0,106.5,107.75,114036
2017-02-16 00:00:00,107.25,107.75,106.0,107.5,119858
2017-02-15 00:00:00,108.25,109.0,105.75,106.75,259006
2017-02-14 00:00:00,109.25,109.5,107.5,108.0,176359
2017-02-13 00:00:00,110.25,111.0,108.75,109.5,125342
2017-02-10 00:00:00,110.75,110.75,109.25,110.25,116862
2017-02-09 00:00:00,111.5,113.0,108.75,110.0,240443
2017-02-08 00:00:00,109.0,112.75,108.25,111.5,266061
2017-02-07 00:00:00,108.5,109.5,108.0,109.25,188992
2017-02-06 00:00:00,110.0,110.0,107.75,108.5,264490
2017-02-03 00:00:00,106.75,112.0,104.5,109.0,386445
2017-02-02 00:00:00,100.0,107.75,100.0,106.75,1922862
2017-02-01 00:00:00,94.25,94.5,92.75,93.75,133867
2017-01-31 00:00:00,93.5,94.5,93.0,94.0,119213
2017-01-30 00:00:00,94.0,95.0,92.75,93.5,151289
2017-01-27 00:00:00,95.5,96.75,93.75,93.75,142000
2017-01-26 00:00:00,95.25,96.0,95.0,95.5,371903
2017-01-25 00:00:00,94.75,96.5,94.5,95.0,316467
2017-01-24 00:00:00,96.0,96.0,93.5,94.5,351995
2017-01-23 00:00:00,95.25,96.25,94.25,96.0,111443
2017-01-20 00:00:00,95.75,96.5,95.0,95.25,123183
2017-01-19 00:00:00,97.0,97.0,95.5,95.75,152613
2017-01-18 00:00:00,97.75,98.75,95.25,96.5,152728
2017-01-17 00:00:00,95.75,97.75,95.0,97.5,232589
2017-01-16 00:00:00,96.0,96.5,94.5,95.5,476886
2017-01-13 00:00:00,90.5,92.5,90.5,92.5,244529
2017-01-12 00:00:00,93.0,93.75,90.5,90.5,169393
2017-01-11 00:00:00,93.5,93.5,92.25,93.0,61596
2017-01-10 00:00:00,93.5,94.5,91.75,93.0,99268
2017-01-09 00:00:00,94.5,94.5,92.25,93.5,157799
2017-01-06 00:00:00,,94.0,94.0,94.0,0
2017-01-05 00:00:00,94.0,94.75,94.0,94.0,26455
2017-01-04 00:00:00,96.0,96.25,93.75,94.0,79921
2017-01-03 00:00:00,96.25,97.0,94.75,95.25,118990
2017-01-02 00:00:00,94.5,97.75,94.5,96.25,86428
2016-12-30 00:00:00,93.25,95.0,92.75,94.5,69005
2016-12-29 00:00:00,96.25,96.25,93.25,93.5,186934
2016-12-28 00:00:00,92.5,96.75,92.25,96.5,237373
2016-12-27 00:00:00,92.75,93.75,92.25,92.5,61725
2016-12-23 00:00:00,91.5,93.75,91.0,92.5,134203
2016-12-22 00:00:00,93.0,93.0,90.25,91.0,149342
2016-12-21 00:00:00,94.5,94.5,92.25,93.0,176675
2016-12-20 00:00:00,91.75,94.75,90.75,94.5,364073
2016-12-19 00:00:00,92.5,93.75,91.0,91.75,168229
2016-12-16 00:00:00,90.0,92.5,90.0,92.5,197240
2016-12-15 00:00:00,89.5,91.0,88.25,90.75,1042832
2016-12-14 00:00:00,89.5,90.0,88.5,89.0,143551
2016-12-13 00:00:00,89.75,90.5,88.25,89.25,1119659
2016-12-12 00:00:00,90.25,92.0,88.75,89.75,185867
2016-12-09 00:00:00,88.0,91.0,87.75,90.5,970555
2016-12-08 00:00:00,89.75,90.5,87.0,87.75,312442
2016-12-07 00:00:00,87.75,89.75,87.75,89.5,267901
2016-12-06 00:00:00,86.25,88.25,86.0,87.5,162476
2016-12-05 00:00:00,88.0,88.5,85.75,86.0,171622
2016-12-02 00:00:00,89.25,89.75,86.5,88.75,146004
2016-12-01 00:00:00,88.5,88.75,87.75,88.25,157026
2016-11-30 00:00:00,89.5,90.0,88.75,88.75,103008
2016-11-29 00:00:00,90.0,90.25,88.25,89.5,100614
2016-11-28 00:00:00,90.0,90.5,88.0,90.0,306166
2016-11-25 00:00:00,89.0,89.5,87.75,88.75,106522
2016-11-24 00:00:00,88.0,89.25,87.5,88.5,238999
2016-11-23 00:00:00,91.25,91.5,88.0,88.0,220289
2016-11-22 00:00:00,92.0,93.25,91.0,91.0,104052
2016-11-21 00:00:00,92.75,93.0,90.25,92.0,144992
2016-11-18 00:00:00,90.0,94.5,90.0,93.5,237561
2016-11-17 00:00:00,90.0,91.25,89.0,89.75,109742
2016-11-16 00:00:00,89.25,91.25,89.0,90.0,223601
2016-11-15 00:00:00,88.5,89.75,87.0,89.0,249636
2016-11-14 00:00:00,90.0,91.25,88.5,88.5,233903
2016-11-11 00:00:00,92.25,92.25,89.25,90.75,171981
2016-11-10 00:00:00,92.0,95.0,91.25,91.5,197028
2016-11-09 00:00:00,86.0,91.75,85.5,91.5,320088
2016-11-08 00:00:00,91.5,92.25,88.5,89.75,186685
2016-11-07 00:00:00,90.0,91.5,90.0,91.0,186165
2016-11-04 00:00:00,90.75,90.75,89.5,89.5,75940
2016-11-03 00:00:00,93.25,94.0,90.5,90.75,237548
2016-11-02 00:00:00,96.25,96.5,92.75,93.25,303572
2016-11-01 00:00:00,98.75,98.75,95.25,96.25,201986
2016-10-31 00:00:00,97.0,99.0,96.25,98.75,301950
2016-10-28 00:00:00,94.75,96.5,92.75,95.0,193945
2016-10-27 00:00:00,97.5,97.5,93.0,94.75,589890
2016-10-26 00:00:00,100.0,100.0,95.5,97.75,453493
2016-10-25 00:00:00,103.0,103.5,99.75,100.5,374531
2016-10-24 00:00:00,107.5,107.5,101.0,105.5,627859
2016-10-21 00:00:00,114.0,114.0,111.75,112.5,81658
2016-10-20 00:00:00,114.0,114.0,112.5,112.5,42167
2016-10-19 00:00:00,113.5,115.5,112.25,113.75,235721
2016-10-18 00:00:00,112.25,113.5,112.0,113.0,263904
2016-10-17 00:00:00,114.0,114.0,110.5,112.0,109271
2016-10-14 00:00:00,110.5,113.75,110.5,112.5,58584
2016-10-13 00:00:00,109.25,111.5,108.25,110.75,107854
2016-10-12 00:00:00,110.0,112.0,109.0,109.25,172402
2016-10-11 00:00:00,114.0,114.0,109.25,109.5,69189
2016-10-10 00:00:00,111.5,113.25,109.75,113.0,62780
2016-10-07 00:00:00,112.75,112.75,110.5,111.0,148701
2016-10-06 00:00:00,113.25,113.75,111.25,112.0,70422
2016-10-05 00:00:00,111.75,113.5,110.75,113.0,154587
2016-10-04 00:00:00,114.5,115.0,111.75,112.25,136964
2016-10-03 00:00:00,116.0,116.75,114.25,114.5,33263
2016-09-30 00:00:00,116.25,116.25,113.75,116.0,93592
2016-09-29 00:00:00,117.0,118.0,115.0,115.25,46806
2016-09-28 00:00:00,112.75,116.75,112.75,116.75,139378
2016-09-27 00:00:00,114.25,114.25,111.5,112.75,70789
2016-09-26 00:00:00,115.5,115.5,113.0,113.75,42472
2016-09-23 00:00:00,114.5,116.25,113.5,115.5,68698
2016-09-22 00:00:00,116.25,116.5,114.25,114.5,82408
2016-09-21 00:00:00,114.75,115.75,114.0,115.5,38242
2016-09-20 00:00:00,115.75,115.75,114.25,114.5,106999
2016-09-19 00:00:00,115.0,116.75,114.5,115.5,50012
2016-09-16 00:00:00,115.25,115.5,113.5,114.25,60244
2016-09-15 00:00:00,117.0,117.0,115.0,115.25,80904
2016-09-14 00:00:00,117.25,118.0,116.25,117.0,233989
2016-09-13 00:00:00,119.0,120.75,116.0,116.5,98024
2016-09-12 00:00:00,116.25,118.75,114.0,118.5,115428
2016-09-09 00:00:00,120.25,120.5,117.75,119.0,273018
2016-09-08 00:00:00,115.75,120.25,115.75,119.75,312848
2016-09-07 00:00:00,114.25,115.75,113.75,115.25,73328
2016-09-06 00:00:00,113.5,115.25,113.5,114.25,152565
2016-09-05 00:00:00,112.5,113.5,111.0,113.5,76719
2016-09-02 00:00:00,113.0,113.0,110.5,112.75,76846
2016-09-01 00:00:00,112.25,114.25,111.75,112.75,95297
2016-08-31 00:00:00,110.75,112.25,110.0,112.25,134950
2016-08-30 00:00:00,109.5,111.25,108.75,111.0,131475
2016-08-29 00:00:00,110.25,110.5,108.25,108.75,54393
2016-08-26 00:00:00,110.0,110.5,108.5,110.5,51750
2016-08-25 00:00:00,110.5,110.5,108.5,109.75,52635
2016-08-24 00:00:00,111.0,111.5,109.5,110.5,95981
2016-08-23 00:00:00,110.0,111.0,109.5,110.75,114837
2016-08-22 00:00:00,109.0,110.0,107.5,109.5,69611
2016-08-19 00:00:00,111.0,111.0,108.75,109.0,54381
2016-08-18 00:00:00,108.25,110.75,108.25,110.75,222158
2016-08-17 00:00:00,111.5,111.5,107.75,108.0,76984
2016-08-16 00:00:00,111.25,112.0,109.75,111.5,251497
2016-08-15 00:00:00,111.5,113.0,111.0,111.5,115246
2016-08-12 00:00:00,112.5,112.5,110.5,111.0,46385
2016-08-11 00:00:00,110.0,112.5,109.25,112.5,176359
2016-08-10 00:00:00,110.0,112.5,109.25,110.5,243338
2016-08-09 00:00:00,110.5,113.25,109.5,110.0,447082
2016-08-08 00:00:00,111.75,113.0,110.0,110.5,209904
2016-08-05 00:00:00,109.0,109.75,108.5,109.25,81202
2016-08-04 00:00:00,106.0,108.75,105.75,108.75,66406
2016-08-03 00:00:00,105.0,106.5,103.25,106.25,127057
2016-08-02 00:00:00,108.0,108.0,104.75,106.0,88611
2016-08-01 00:00:00,107.75,108.5,107.5,108.0,75148
2016-07-29 00:00:00,107.25,108.0,106.5,107.5,52183
2016-07-28 00:00:00,108.0,108.5,107.0,107.75,61730
2016-07-27 00:00:00,107.75,108.25,106.75,108.0,82465
2016-07-26 00:00:00,105.0,108.5,104.5,107.5,213502
2016-07-25 00:00:00,104.0,105.5,103.0,105.5,92487
2016-07-22 00:00:00,104.0,105.25,103.0,104.0,93435
2016-07-21 00:00:00,103.0,105.75,102.5,105.0,143786
2016-07-20 00:00:00,101.75,105.25,101.75,104.0,190783
2016-07-19 00:00:00,101.25,103.25,98.25,102.0,597470
2016-07-18 00:00:00,104.0,108.0,102.0,103.5,527532
2016-07-15 00:00:00,97.75,101.0,97.25,97.5,254761
2016-07-14 00:00:00,98.25,99.25,97.25,97.5,113458
2016-07-13 00:00:00,99.0,99.0,97.75,98.75,312676
2016-07-12 00:00:00,92.25,99.25,92.25,97.5,508879
2016-07-11 00:00:00,91.0,93.0,91.0,91.75,216107
2016-07-08 00:00:00,91.5,91.5,89.75,90.25,172815
2016-07-07 00:00:00,89.25,91.0,89.25,89.75,138954
2016-07-06 00:00:00,91.25,91.25,87.25,88.0,168578
2016-07-05 00:00:00,93.75,93.75,91.0,91.25,158630
2016-07-04 00:00:00,94.75,94.75,91.75,91.75,128189
2016-07-01 00:00:00,95.0,95.0,93.25,94.0,156822
2016-06-30 00:00:00,93.0,96.0,92.75,94.0,197540
2016-06-29 00:00:00,91.0,93.0,90.25,93.0,384254
2016-06-28 00:00:00,91.25,93.5,90.0,90.0,92560
2016-06-27 00:00:00,95.0,96.0,89.25,89.75,189185
2016-06-24 00:00:00,,101.0,101.0,101.0,0
2016-06-23 00:00:00,99.75,101.5,99.0,101.0,55103
2016-06-22 00:00:00,98.5,100.0,98.5,99.5,53815
2016-06-21 00:00:00,98.0,99.25,97.25,99.0,44269
2016-06-20 00:00:00,97.5,99.0,97.5,98.25,36566
2016-06-17 00:00:00,95.75,97.25,95.75,96.75,63101
2016-06-16 00:00:00,97.0,97.0,95.5,95.5,71646
2016-06-15 00:00:00,97.25,98.5,96.0,97.5,188410
2016-06-14 00:00:00,98.75,98.75,95.0,97.25,181833
2016-06-13 00:00:00,100.5,100.5,98.0,99.75,91404
2016-06-10 00:00:00,103.25,103.25,101.0,101.25,110389
2016-06-09 00:00:00,104.25,104.25,102.5,103.25,79886
2016-06-08 00:00:00,103.25,104.5,103.0,104.25,107653
2016-06-07 00:00:00,100.25,104.25,100.25,103.75,686154
2016-06-06 00:00:00,,99.75,99.75,99.75,0
2016-06-03 00:00:00,98.75,100.5,98.0,99.75,730904
2016-06-02 00:00:00,97.5,99.0,96.25,98.75,859367
2016-06-01 00:00:00,98.25,99.25,96.75,97.25,264234
2016-05-31 00:00:00,98.0,98.75,96.75,98.5,131088
2016-05-30 00:00:00,101.0,101.0,96.75,97.75,196738
2016-05-27 00:00:00,99.0,101.25,98.75,101.0,260831
2016-05-26 00:00:00,99.0,99.5,98.5,99.0,156397
2016-05-25 00:00:00,99.0,99.75,98.5,99.0,184860
2016-05-24 00:00:00,99.25,99.25,97.75,99.0,127947
2016-05-23 00:00:00,98.25,99.25,97.75,99.25,96241
2016-05-20 00:00:00,98.5,99.75,97.75,98.5,66288
2016-05-19 00:00:00,99.0,99.25,98.0,98.5,84966
2016-05-18 00:00:00,98.0,99.0,97.5,99.0,50665
2016-05-17 00:00:00,98.75,99.0,97.75,98.5,100607
2016-05-16 00:00:00,97.25,99.0,97.25,98.5,102542
2016-05-13 00:00:00,95.5,97.75,94.5,97.25,101588
2016-05-12 00:00:00,95.0,96.25,93.25,94.75,163095
2016-05-11 00:00:00,97.0,97.0,92.0,94.75,196311
2016-05-10 00:00:00,101.0,101.5,98.5,98.5,185866
2016-05-09 00:00:00,100.5,101.0,99.5,99.75,58885
2016-05-06 00:00:00,99.5,102.0,99.0,100.0,65675
2016-05-05 00:00:00,101.0,102.25,99.0,99.5,38719
2016-05-04 00:00:00,101.0,102.25,99.0,99.5,38719
2016-05-03 00:00:00,102.0,102.0,99.0,101.0,376618
2016-05-02 00:00:00,104.0,104.0,101.25,101.75,137233
2016-04-29 00:00:00,105.5,105.5,99.75,101.0,152059
2016-04-28 00:00:00,107.25,107.75,104.5,106.0,164932
2016-04-27 00:00:00,107.0,107.0,106.0,106.25,85454
2016-04-26 00:00:00,105.25,107.5,105.25,107.0,193226
2016-04-25 00:00:00,108.75,110.5,101.0,105.5,400248
2016-04-22 00:00:00,107.0,107.5,105.5,107.5,71202
2016-04-21 00:00:00,108.0,109.0,106.5,107.0,124281
2016-04-20 00:00:00,106.0,108.75,105.75,108.0,281332
2016-04-19 00:00:00,104.75,106.0,103.75,105.75,169661
2016-04-18 00:00:00,100.5,107.25,100.5,104.0,217696
2016-04-15 00:00:00,102.0,103.75,100.75,103.25,88479
2016-04-14 00:00:00,100.0,102.5,100.0,102.5,107926
2016-04-13 00:00:00,99.25,100.25,98.5,100.25,88139
2016-04-12 00:00:00,97.5,100.75,97.5,99.25,326145
2016-04-11 00:00:00,96.0,97.25,94.5,96.5,262845
2016-04-08 00:00:00,95.0,97.0,95.0,95.25,59660
2016-04-07 00:00:00,95.5,95.75,94.0,94.75,70194
2016-04-06 00:00:00,95.5,96.5,95.0,95.25,75472
2016-04-05 00:00:00,97.0,97.0,94.0,95.5,92511
2016-04-04 00:00:00,99.0,99.0,97.0,97.5,49891
2016-04-01 00:00:00,99.75,99.75,97.0,98.75,88922
2016-03-31 00:00:00,102.25,102.25,98.5,100.0,107854
2016-03-30 00:00:00,100.25,102.5,100.25,102.25,72960
2016-03-29 00:00:00,101.0,102.0,98.5,100.0,117741
2016-03-28 00:00:00,100.5,101.0,100.75,100.75,39426
2016-03-25 00:00:00,100.5,101.0,100.0,100.75,39426
2016-03-24 00:00:00,100.5,101.0,100.0,100.75,39426
2016-03-23 00:00:00,99.0,102.0,98.75,100.5,286636
2016-03-22 00:00:00,98.25,99.0,97.25,98.75,561380
2016-03-21 00:00:00,100.75,100.75,97.5,98.25,45064
2016-03-18 00:00:00,98.0,99.75,97.0,99.25,67280
2016-03-17 00:00:00,98.0,99.0,96.25,97.25,72359
2016-03-16 00:00:00,99.5,99.5,97.0,97.75,84862
2016-03-15 00:00:00,96.5,101.75,95.5,99.0,231354
2016-03-14 00:00:00,96.0,97.0,95.25,95.75,76250
2016-03-11 00:00:00,95.0,96.0,94.0,96.0,103304
2016-03-10 00:00:00,93.0,94.75,92.5,92.5,154906
2016-03-09 00:00:00,94.25,94.25,92.5,93.0,105575
2016-03-08 00:00:00,96.0,96.0,92.75,94.5,127661
2016-03-07 00:00:00,96.25,96.5,94.75,95.75,58441
2016-03-04 00:00:00,96.25,96.25,94.75,95.75,104051
2016-03-03 00:00:00,97.25,97.25,96.0,96.0,60908
2016-03-02 00:00:00,100.0,100.5,95.75,97.0,90307
2016-03-01 00:00:00,97.75,99.75,96.25,99.75,154646
2016-02-29 00:00:00,96.0,97.0,94.0,97.0,125645
2016-02-26 00:00:00,93.5,96.0,93.5,96.0,106078
2016-02-25 00:00:00,94.0,94.75,91.0,92.75,106843
2016-02-24 00:00:00,95.0,95.0,91.5,93.0,106833
2016-02-23 00:00:00,95.5,95.5,93.5,95.0,106591
2016-02-22 00:00:00,94.5,96.25,94.0,96.0,99895
2016-02-19 00:00:00,95.75,96.25,92.75,93.25,140878
2016-02-18 00:00:00,97.0,97.0,94.5,95.25,110432
2016-02-17 00:00:00,94.75,97.5,94.25,95.75,144280
2016-02-16 00:00:00,95.0,95.25,92.0,94.0,95223
2016-02-15 00:00:00,94.0,94.5,92.75,94.5,99113
2016-02-12 00:00:00,90.0,91.5,89.25,91.25,122012
2016-02-11 00:00:00,90.0,91.0,87.5,89.5,119131
2016-02-10 00:00:00,90.5,93.25,89.25,90.0,200088
2016-02-09 00:00:00,91.75,92.0,85.75,90.25,216345
2016-02-08 00:00:00,97.25,97.5,90.5,91.75,176890
2016-02-05 00:00:00,93.75,96.5,89.75,94.75,295375
2016-02-04 00:00:00,89.25,93.25,85.0,93.0,395703
2016-02-03 00:00:00,91.25,92.0,89.0,89.75,99468
2016-02-02 00:00:00,94.25,94.25,90.25,91.5,161982
2016-02-01 00:00:00,96.0,96.75,93.0,94.25,101911
2016-01-29 00:00:00,94.25,94.75,91.75,94.75,78798
2016-01-28 00:00:00,94.75,94.75,91.0,92.25,166150
2016-01-27 00:00:00,94.75,95.25,92.75,94.5,97783
2016-01-26 00:00:00,93.0,94.5,91.0,94.25,330843
2016-01-25 00:00:00,95.5,95.5,92.75,93.5,105668
2016-01-22 00:00:00,97.0,97.75,94.0,94.0,139432
2016-01-21 00:00:00,93.5,95.25,90.75,94.5,473991
2016-01-20 00:00:00,91.5,93.5,89.0,93.5,335427
2016-01-19 00:00:00,93.25,93.5,91.5,92.5,126038
2016-01-18 00:00:00,91.75,94.0,91.5,91.5,163110
2016-01-15 00:00:00,95.0,95.25,90.0,91.5,183106
2016-01-14 00:00:00,95.0,95.0,92.25,94.25,243657
2016-01-13 00:00:00,97.0,98.0,94.5,95.75,182743
2016-01-12 00:00:00,96.75,98.5,95.75,96.75,207417
2016-01-11 00:00:00,98.75,98.75,95.0,96.5,167872
2016-01-08 00:00:00,105.0,105.25,98.75,98.75,433078
2016-01-07 00:00:00,106.0,106.0,98.0,105.0,334456
2016-01-06 00:00:00,,109.5,109.5,109.5,0
2016-01-05 00:00:00,109.0,111.0,107.0,109.5,103904
2016-01-04 00:00:00,110.25,110.25,106.0,109.5,201204
2016-01-01 00:00:00,,111.0,111.0,111.0,0
2015-12-31 00:00:00,,111.0,111.0,111.0,0
2015-12-30 00:00:00,111.0,111.5,109.75,111.0,68092
2015-12-29 00:00:00,111.25,111.5,111.0,111.0,92119
2015-12-28 00:00:00,108.0,111.0,108.0,110.25,95127
2015-12-25 00:00:00,108.0,108.5,105.5,108.0,159663
2015-12-24 00:00:00,108.0,108.5,105.5,108.0,159663
2015-12-23 00:00:00,108.0,108.5,105.5,108.0,159663
2015-12-22 00:00:00,107.75,108.0,105.0,107.75,148001
2015-12-21 00:00:00,106.5,109.0,106.5,107.25,139339
2015-12-18 00:00:00,108.0,108.5,106.5,107.5,178536
2015-12-17 00:00:00,105.5,108.75,105.0,108.25,338453
2015-12-16 00:00:00,104.0,106.5,103.5,104.25,292188
2015-12-15 00:00:00,102.0,104.5,101.75,104.0,137507
2015-12-14 00:00:00,103.0,103.0,99.0,101.75,311263
2015-12-11 00:00:00,104.5,104.5,102.0,102.75,182927
2015-12-10 00:00:00,103.25,104.5,102.25,103.25,357532
2015-12-09 00:00:00,104.0,105.0,101.25,103.25,269883
2015-12-08 00:00:00,104.5,106.25,102.25,104.25,182609
2015-12-07 00:00:00,108.25,108.25,104.75,105.25,111444
2015-12-04 00:00:00,107.25,107.5,104.0,107.25,147203
2015-12-03 00:00:00,108.75,109.25,106.0,107.5,277299
2015-12-02 00:00:00,107.0,110.0,106.25,108.75,306551
2015-12-01 00:00:00,107.5,109.25,105.25,106.0,184946
2015-11-30 00:00:00,105.25,107.0,104.75,107.0,255710
2015-11-27 00:00:00,100.75,106.75,100.25,105.25,471353
2015-11-26 00:00:00,101.0,101.0,99.75,100.5,89468
2015-11-25 00:00:00,99.25,101.5,99.0,100.0,281937
2015-11-24 00:00:00,100.0,100.0,99.0,99.5,240814
2015-11-23 00:00:00,99.0,100.75,98.5,100.0,454871
2015-11-20 00:00:00,97.5,99.0,95.25,99.0,176906
2015-11-19 00:00:00,99.25,100.0,97.0,97.5,138907
2015-11-18 00:00:00,101.0,101.0,98.5,99.5,382438
2015-11-17 00:00:00,100.5,102.0,99.25,101.0,143886
2015-11-16 00:00:00,98.0,100.75,97.0,100.0,171090
2015-11-13 00:00:00,100.5,100.5,98.0,99.25,83737
2015-11-12 00:00:00,100.75,101.5,99.5,100.25,124473
2015-11-11 00:00:00,101.5,101.75,100.0,101.0,156561
2015-11-10 00:00:00,100.25,101.0,98.75,101.0,126177
2015-11-09 00:00:00,100.75,101.0,99.5,99.75,102376
2015-11-06 00:00:00,100.0,101.75,98.75,100.5,194397
2015-11-05 00:00:00,98.75,100.5,98.5,100.0,304195
2015-11-04 00:00:00,97.0,99.0,96.25,98.0,408756
2015-11-03 00:00:00,95.75,97.25,95.5,96.75,344480
2015-11-02 00:00:00,94.25,95.5,93.5,95.5,350351
2015-10-30 00:00:00,93.0,93.25,92.75,93.0,128629
2015-10-29 00:00:00,93.5,93.5,92.25,93.0,152219
2015-10-28 00:00:00,93.0,94.0,91.75,93.0,493379
2015-10-27 00:00:00,92.5,93.25,90.75,92.75,269999
2015-10-26 00:00:00,93.25,94.0,91.5,92.75,212233
2015-10-23 00:00:00,90.75,94.5,90.75,93.25,512399
2015-10-22 00:00:00,84.75,90.5,84.75,90.5,7297861
2015-10-21 00:00:00,87.0,87.5,85.5,85.5,803086
2015-10-20 00:00:00,87.0,89.0,85.25,86.25,1330210
2015-10-19 00:00:00,79.25,80.5,79.25,80.0,149366
2015-10-16 00:00:00,81.0,81.5,79.25,79.75,241744
2015-10-15 00:00:00,81.25,81.25,80.0,80.25,153226
2015-10-14 00:00:00,82.75,82.75,80.25,80.25,296839
2015-10-13 00:00:00,84.5,84.5,81.25,82.25,318673
2015-10-12 00:00:00,84.75,86.25,83.5,84.0,135030
2015-10-09 00:00:00,85.5,85.5,84.25,84.5,334818
2015-10-08 00:00:00,85.5,85.5,84.25,85.0,55176
2015-10-07 00:00:00,86.0,87.0,85.0,85.75,73356
2015-10-06 00:00:00,86.75,86.75,84.75,86.0,115035
2015-10-05 00:00:00,87.0,87.25,86.25,86.25,67387
2015-10-02 00:00:00,88.5,88.5,86.25,87.25,36468
2015-10-01 00:00:00,86.25,88.5,86.25,88.0,46303
2015-09-30 00:00:00,86.0,86.5,84.5,86.25,254697
2015-09-29 00:00:00,83.5,86.0,83.25,85.0,46144
2015-09-28 00:00:00,85.5,87.5,84.5,85.75,124573
2015-09-25 00:00:00,87.5,88.5,86.25,86.75,101838
2015-09-24 00:00:00,88.5,89.25,86.75,87.0,65403
2015-09-23 00:00:00,89.0,90.0,88.0,89.5,48076
2015-09-22 00:00:00,91.0,91.0,87.75,89.5,67858
2015-09-21 00:00:00,91.5,91.5,90.0,90.75,49268
2015-09-18 00:00:00,89.75,91.5,88.75,91.5,143779
2015-09-17 00:00:00,88.75,90.0,88.25,89.75,177739
2015-09-16 00:00:00,89.0,89.25,87.5,87.5,132623
2015-09-15 00:00:00,87.75,87.75,86.0,87.25,126029
2015-09-14 00:00:00,88.25,88.5,85.5,86.5,67186
2015-09-11 00:00:00,86.0,88.25,85.25,88.0,89603
2015-09-10 00:00:00,85.0,86.25,84.75,85.75,162154
2015-09-09 00:00:00,84.0,86.75,84.0,85.75,216694
2015-09-08 00:00:00,82.75,83.5,82.25,83.0,90774
2015-09-07 00:00:00,83.0,84.25,82.0,82.5,64469
2015-09-04 00:00:00,83.25,83.25,81.5,83.0,75304
2015-09-03 00:00:00,81.0,84.0,79.75,83.75,149077
2015-09-02 00:00:00,80.25,81.5,79.0,79.75,79673
2015-09-01 00:00:00,80.0,80.5,78.25,79.5,136169
2015-08-31 00:00:00,80.0,81.0,79.0,81.0,558383
2015-08-28 00:00:00,80.0,81.0,78.0,80.0,62169
2015-08-27 00:00:00,82.0,82.75,79.25,80.0,180474
2015-08-26 00:00:00,80.0,82.0,77.0,80.0,68929
2015-08-25 00:00:00,78.0,82.0,78.0,81.0,299867
2015-08-24 00:00:00,81.0,81.0,76.5,78.75,371518
2015-08-21 00:00:00,83.0,84.0,82.0,82.5,213483
2015-08-20 00:00:00,86.75,86.75,83.5,84.0,532118
2015-08-19 00:00:00,87.0,87.5,84.0,87.0,79984
2015-08-18 00:00:00,88.5,88.75,86.5,88.5,104536
2015-08-17 00:00:00,89.0,89.5,87.5,88.75,55197
2015-08-14 00:00:00,88.5,90.0,88.5,89.0,36444
2015-08-13 00:00:00,89.5,90.5,89.5,90.5,66615
2015-08-12 00:00:00,88.75,90.25,88.75,89.25,63344
2015-08-11 00:00:00,89.75,90.5,89.0,90.5,50629
2015-08-10 00:00:00,89.0,90.0,88.5,89.5,71567
2015-08-07 00:00:00,88.5,89.5,88.5,89.0,23934
2015-08-06 00:00:00,89.5,89.5,88.25,88.5,43403
2015-08-05 00:00:00,89.0,90.0,88.5,89.5,55961
2015-08-04 00:00:00,89.5,89.5,88.0,88.5,69416
2015-08-03 00:00:00,88.0,90.0,87.75,89.25,182413
2015-07-31 00:00:00,86.75,87.5,86.25,87.5,56097
2015-07-30 00:00:00,87.0,87.25,85.75,86.75,189091
2015-07-29 00:00:00,84.5,86.75,84.5,86.5,201342
2015-07-28 00:00:00,83.25,85.0,82.0,84.0,452751
2015-07-27 00:00:00,86.0,86.0,82.5,82.75,215932
2015-07-24 00:00:00,87.5,87.75,86.25,86.25,215611
2015-07-23 00:00:00,88.0,88.25,86.75,87.25,262330
2015-07-22 00:00:00,88.0,89.0,86.75,87.75,1206880
2015-07-21 00:00:00,94.0,94.0,88.0,88.0,695534
2015-07-20 00:00:00,96.0,96.0,94.0,94.0,88473
2015-07-17 00:00:00,97.25,97.5,94.25,95.25,460093
2015-07-16 00:00:00,96.5,97.0,95.0,97.0,112009
2015-07-15 00:00:00,95.0,96.0,95.0,95.75,34659
2015-07-14 00:00:00,96.25,97.0,95.0,95.0,95374
2015-07-13 00:00:00,94.0,96.0,94.0,95.75,97549
2015-07-10 00:00:00,92.0,94.0,91.5,93.25,110076
2015-07-09 00:00:00,91.0,92.0,90.5,90.75,162788
2015-07-08 00:00:00,90.0,91.25,89.25,90.0,119180
2015-07-07 00:00:00,89.25,91.75,88.75,90.0,62508
2015-07-06 00:00:00,87.75,90.5,87.75,89.5,88619
2015-07-03 00:00:00,91.75,92.0,89.75,91.0,46553
2015-07-02 00:00:00,92.0,92.5,90.75,91.0,30362
2015-07-01 00:00:00,90.5,93.0,90.0,93.0,58583
2015-06-30 00:00:00,91.5,92.0,90.0,90.25,76160
2015-06-29 00:00:00,89.75,93.0,86.0,93.0,330214
2015-06-26 00:00:00,91.75,93.0,90.0,93.0,85495
2015-06-25 00:00:00,89.0,91.75,88.0,91.75,297111
2015-06-24 00:00:00,91.0,91.5,88.25,89.0,253368
2015-06-23 00:00:00,92.5,92.5,90.0,91.0,277069
2015-06-22 00:00:00,93.0,93.0,90.5,92.25,180679
2015-06-19 00:00:00,,91.75,91.75,91.75,0
2015-06-18 00:00:00,94.5,94.5,90.25,91.75,608577
2015-06-17 00:00:00,95.0,95.5,93.0,95.0,129400
2015-06-16 00:00:00,93.0,93.75,90.25,93.75,77390
2015-06-15 00:00:00,96.75,97.0,92.75,93.75,147102
2015-06-12 00:00:00,98.75,99.25,95.75,97.0,63437
2015-06-11 00:00:00,98.0,100.0,98.0,98.5,109568
2015-06-10 00:00:00,96.0,98.0,96.0,97.5,102388
2015-06-09 00:00:00,96.5,96.75,95.25,96.25,69578
2015-06-08 00:00:00,99.5,99.5,96.25,96.75,191510
2015-06-05 00:00:00,99.0,100.0,98.0,100.0,85382
2015-06-04 00:00:00,102.25,102.25,99.0,99.5,132977
2015-06-03 00:00:00,103.0,103.5,101.5,102.5,147792
2015-06-02 00:00:00,103.25,103.75,101.5,102.75,146526
2015-06-01 00:00:00,103.5,105.5,102.25,103.0,243888
2015-05-29 00:00:00,102.75,104.0,101.75,103.5,744256
2015-05-28 00:00:00,102.5,102.75,101.0,102.5,498215
2015-05-27 00:00:00,101.0,103.75,100.5,102.5,211036
2015-05-26 00:00:00,100.25,101.5,100.0,100.0,261549
2015-05-25 00:00:00,101.0,101.5,99.75,101.0,89493
2015-05-22 00:00:00,100.5,101.0,99.5,101.0,278090
2015-05-21 00:00:00,99.25,100.25,98.75,100.0,458178
2015-05-20 00:00:00,98.75,99.25,96.25,98.75,232601
2015-05-19 00:00:00,99.25,100.0,98.25,98.75,180719
2015-05-18 00:00:00,100.0,101.75,98.75,99.0,267292
2015-05-15 00:00:00,96.0,99.25,96.0,98.0,419425
2015-05-14 00:00:00,93.75,96.5,92.75,96.0,212683
2015-05-13 00:00:00,93.75,96.5,92.75,96.0,212683
2015-05-12 00:00:00,93.25,93.5,92.25,93.25,110388
2015-05-11 00:00:00,92.25,94.0,92.0,94.0,159675
2015-05-08 00:00:00,90.0,92.25,90.0,91.75,221290
2015-05-07 00:00:00,90.0,90.0,86.75,89.5,662764
2015-05-06 00:00:00,91.5,91.75,88.5,90.0,307228
2015-05-05 00:00:00,93.25,93.75,91.0,91.75,286990
2015-05-04 00:00:00,92.25,93.75,91.75,92.75,267035
2015-05-01 00:00:00,92.25,92.5,91.25,91.75,173567
2015-04-30 00:00:00,92.25,92.5,91.25,91.75,173567
2015-04-29 00:00:00,92.0,93.5,91.0,91.75,15190640
2015-04-28 00:00:00,95.25,97.0,94.5,96.25,224270
2015-04-27 00:00:00,97.0,98.0,94.25,94.25,1029831
2015-04-24 00:00:00,95.0,95.25,94.25,94.5,125362
2015-04-23 00:00:00,96.0,96.0,94.25,94.75,72228
2015-04-22 00:00:00,96.0,96.5,94.5,96.0,86694
2015-04-21 00:00:00,95.25,96.5,95.25,96.0,91199
2015-04-20 00:00:00,95.75,97.0,94.25,95.0,90036
2015-04-17 00:00:00,97.5,98.0,94.75,95.0,134864
2015-04-16 00:00:00,99.0,99.0,95.5,97.5,88947
2015-04-15 00:00:00,96.75,99.0,96.5,99.0,256282
2015-04-14 00:00:00,97.25,98.0,96.25,96.5,135476
2015-04-13 00:00:00,93.75,97.0,93.75,96.25,190674
2015-04-10 00:00:00,96.5,96.5,93.75,93.75,93080
2015-04-09 00:00:00,97.0,97.75,95.5,96.75,127210
2015-04-08 00:00:00,94.75,97.75,94.5,96.0,122848
2015-04-07 00:00:00,93.0,95.0,92.75,94.75,180808
2015-04-02 00:00:00,91.25,94.0,91.25,92.0,165939
2015-04-01 00:00:00,89.25,91.5,88.0,91.25,112792
2015-03-31 00:00:00,89.75,92.75,89.25,89.5,317890
2015-03-30 00:00:00,89.0,90.0,88.5,90.0,150531
2015-03-27 00:00:00,88.0,88.75,87.0,88.75,134506
2015-03-26 00:00:00,88.25,88.25,86.25,87.25,127247
2015-03-25 00:00:00,90.25,90.25,87.25,88.0,168809
2015-03-24 00:00:00,90.0,92.0,88.25,89.25,274472
2015-03-23 00:00:00,87.5,89.75,87.0,89.25,214904
2015-03-20 00:00:00,86.75,89.25,86.75,87.5,214709
2015-03-19 00:00:00,87.5,88.5,87.25,88.0,147853
2015-03-18 00:00:00,85.5,87.0,85.5,87.0,90294
2015-03-17 00:00:00,86.25,87.0,85.25,85.5,250731
2015-03-16 00:00:00,85.0,87.5,85.0,86.5,157298
2015-03-13 00:00:00,85.5,87.25,84.25,85.0,120177
2015-03-12 00:00:00,86.0,87.0,83.75,85.25,42594
2015-03-11 00:00:00,84.5,87.25,84.5,86.0,368825
2015-03-10 00:00:00,86.5,87.5,84.5,85.25,55678
2015-03-09 00:00:00,87.0,88.75,83.75,87.75,240574
2015-03-06 00:00:00,88.25,89.25,87.25,88.0,57269
2015-03-05 00:00:00,88.5,91.0,86.5,88.25,369154
2015-03-04 00:00:00,88.5,88.75,85.0,88.5,230010
2015-03-03 00:00:00,91.75,91.75,88.0,89.25,155446
2015-03-02 00:00:00,93.5,94.0,90.5,91.0,103299
2015-02-27 00:00:00,93.5,93.5,92.5,93.5,201181
2015-02-26 00:00:00,92.75,93.5,91.0,93.5,190409
2015-02-25 00:00:00,90.75,93.5,90.0,92.75,311267
2015-02-24 00:00:00,90.0,91.0,87.5,90.5,200485
2015-02-23 00:00:00,90.0,90.0,88.5,89.75,114037
2015-02-20 00:00:00,89.0,90.25,87.25,90.0,550546
2015-02-19 00:00:00,87.0,89.0,85.75,89.0,203202
2015-02-18 00:00:00,86.25,87.25,85.75,86.75,197887
2015-02-17 00:00:00,88.0,88.5,85.25,86.0,673789
2015-02-16 00:00:00,89.25,89.25,86.0,87.75,151300
2015-02-13 00:00:00,91.5,92.0,88.5,89.25,588017
2015-02-12 00:00:00,87.0,90.75,86.25,90.75,844044
2015-02-11 00:00:00,82.25,87.5,82.25,86.5,1137305
2015-02-10 00:00:00,77.0,83.5,76.5,83.0,1599440
2015-02-09 00:00:00,75.75,75.75,74.25,74.25,156353
2015-02-06 00:00:00,75.25,75.75,74.75,75.5,150204
2015-02-05 00:00:00,75.5,75.5,74.0,75.0,78326
2015-02-04 00:00:00,74.0,75.25,73.25,75.25,574525
2015-02-03 00:00:00,74.25,75.75,73.75,73.75,214046
2015-02-02 00:00:00,74.25,74.25,72.5,73.75,152876
2015-01-30 00:00:00,73.5,74.25,73.5,74.25,395081
2015-01-29 00:00:00,72.25,73.5,71.5,73.25,84199
2015-01-28 00:00:00,72.75,73.25,72.0,72.5,347894
2015-01-27 00:00:00,73.25,73.25,71.75,72.75,196167
2015-01-26 00:00:00,72.5,74.5,72.0,73.0,278108
2015-01-23 00:00:00,74.25,74.25,72.0,72.5,347378
2015-01-22 00:00:00,74.5,74.5,73.0,74.0,190809
2015-01-21 00:00:00,75.0,75.5,73.25,74.5,195219
2015-01-20 00:00:00,74.5,75.0,73.75,75.0,570646
2015-01-19 00:00:00,74.0,74.75,73.5,74.5,320961
2015-01-16 00:00:00,71.5,73.75,71.25,73.25,503784
2015-01-15 00:00:00,70.5,71.75,69.0,71.5,364458
2015-01-14 00:00:00,69.5,70.25,68.75,70.25,70140
2015-01-13 00:00:00,70.5,70.5,69.25,69.5,229971
2015-01-12 00:00:00,68.0,70.5,67.75,70.5,852380
2015-01-09 00:00:00,67.75,68.0,67.0,68.0,225432
2015-01-08 00:00:00,67.5,68.0,67.0,67.25,119141
2015-01-07 00:00:00,67.75,68.0,66.25,67.5,128628
2015-01-06 00:00:00,,68.0,68.0,68.0,0
2015-01-05 00:00:00,68.25,68.25,67.25,68.0,99716
2015-01-02 00:00:00,68.0,68.25,67.5,67.75,87798
2015-01-01 00:00:00,67.25,67.75,67.0,67.75,81383
2014-12-30 00:00:00,67.25,67.75,67.0,67.75,81383
2014-12-29 00:00:00,66.0,67.25,65.5,67.25,105494
2014-12-23 00:00:00,66.0,66.25,64.75,66.0,141492
2014-12-22 00:00:00,65.5,66.5,65.0,65.5,83272
2014-12-19 00:00:00,66.75,66.75,65.0,65.5,65664
2014-12-18 00:00:00,64.0,66.25,64.0,65.5,202816
2014-12-17 00:00:00,65.0,65.0,63.75,64.5,86385
2014-12-16 00:00:00,64.25,64.75,63.25,64.75,132084
2014-12-15 00:00:00,64.0,64.5,63.5,64.0,379491
2014-12-12 00:00:00,64.0,64.5,63.25,63.75,138385
2014-12-11 00:00:00,63.5,64.0,63.25,64.0,486614
2014-12-10 00:00:00,64.75,64.75,63.25,64.0,89022
2014-12-09 00:00:00,64.75,64.75,63.0,64.75,143735
2014-12-08 00:00:00,64.5,64.75,64.25,64.5,69791
2014-12-05 00:00:00,64.25,64.75,64.0,64.75,104986
2014-12-04 00:00:00,64.5,64.75,63.5,64.0,145507
2014-12-03 00:00:00,64.75,64.75,63.75,63.75,43851
2014-12-02 00:00:00,64.0,65.0,63.25,64.75,94814
2014-12-01 00:00:00,65.0,65.0,63.25,64.5,130351
2014-11-28 00:00:00,64.5,65.25,64.0,64.5,113011
2014-11-27 00:00:00,64.5,65.5,64.25,64.5,116434
2014-11-26 00:00:00,64.5,64.5,63.75,64.5,77642
2014-11-25 00:00:00,64.5,64.5,64.0,64.5,747000
2014-11-24 00:00:00,63.25,64.75,63.0,64.25,240813
2014-11-21 00:00:00,63.5,64.75,62.25,62.75,273761
2014-11-20 00:00:00,62.75,63.75,62.5,63.75,114198
2014-11-19 00:00:00,63.0,64.25,62.25,62.75,155048
2014-11-18 00:00:00,63.0,63.25,62.0,62.75,329138
2014-11-17 00:00:00,63.5,64.0,62.75,63.25,88290
2014-11-14 00:00:00,64.25,64.25,63.5,64.0,44891
2014-11-13 00:00:00,64.5,65.0,64.0,64.5,371723
2014-11-12 00:00:00,65.25,65.25,64.0,64.0,100778
2014-11-11 00:00:00,65.0,65.25,64.5,64.5,479501
2014-11-10 00:00:00,65.0,65.75,64.0,64.75,319820
2014-11-07 00:00:00,64.25,64.75,63.75,64.75,204494
2014-11-06 00:00:00,63.5,67.0,63.5,63.75,825393
2014-11-05 00:00:00,61.75,62.0,60.75,62.0,87723
2014-11-04 00:00:00,60.5,61.25,60.25,60.25,78430
2014-11-03 00:00:00,61.0,61.0,60.5,60.5,49943
2014-10-31 00:00:00,62.25,62.75,60.0,61.0,260579
2014-10-30 00:00:00,62.5,63.0,61.25,62.0,68929
2014-10-29 00:00:00,60.75,62.5,60.0,62.5,283944
2014-10-28 00:00:00,59.0,61.5,59.0,61.0,839613
2014-10-24 00:00:00,59.0,60.0,57.5,58.0,57833
2014-10-23 00:00:00,59.0,59.75,58.5,59.0,61138
2014-10-22 00:00:00,60.5,60.5,58.5,59.25,418615
2014-10-21 00:00:00,61.25,61.25,59.25,59.75,148515
2014-10-20 00:00:00,59.0,61.5,57.5,60.5,156125
2014-10-17 00:00:00,59.75,60.25,57.25,59.25,172141
2014-10-16 00:00:00,57.0,60.0,55.25,60.0,223312
2014-10-15 00:00:00,58.75,61.5,57.0,57.0,210761
2014-10-14 00:00:00,57.75,61.25,56.5,61.25,338088
2014-10-13 00:00:00,56.0,57.0,54.25,56.75,171332
2014-10-10 00:00:00,59.0,59.5,56.0,56.5,526772
2014-10-09 00:00:00,61.0,62.0,58.5,59.5,341779
2014-10-08 00:00:00,61.0,62.0,59.5,60.75,146094
2014-10-07 00:00:00,62.0,62.0,59.5,61.25,387396
2014-10-06 00:00:00,63.5,64.0,62.0,62.0,205347
2014-10-03 00:00:00,63.75,64.0,62.5,63.25,637370
2014-10-02 00:00:00,64.5,64.5,62.25,63.0,474621
2014-10-01 00:00:00,64.25,65.0,62.75,65.0,679106
2014-09-30 00:00:00,62.0,64.75,62.0,64.5,1397753
2014-09-29 00:00:00,64.75,66.0,61.5,63.0,2564187
2014-09-26 00:00:00,69.5,69.75,62.25,64.5,12407145
