Dates,Open,High,Low,Close,Volume
2017-09-08 00:00:00,218.0,218.0,214.5,215.0,269
2017-09-07 00:00:00,215.0,220.0,214.0,219.5,253
2017-09-06 00:00:00,214.0,226.5,214.0,216.0,398
2017-09-04 00:00:00,217.5,219.5,217.0,217.0,1150
2017-09-01 00:00:00,222.0,226.0,216.5,216.5,1631
2017-08-31 00:00:00,215.5,227.5,212.5,220.0,2547
2017-08-30 00:00:00,218.5,219.0,215.5,215.5,636
2017-08-29 00:00:00,220.0,221.5,214.0,218.5,51127
2017-08-28 00:00:00,222.0,222.0,220.0,220.0,2255
2017-08-25 00:00:00,220.0,223.0,220.0,222.0,286
2017-08-24 00:00:00,223.0,223.0,220.0,220.0,2508
2017-08-23 00:00:00,224.0,226.0,224.0,224.0,1256
2017-08-22 00:00:00,219.0,224.5,219.0,224.0,2530
2017-08-21 00:00:00,225.5,229.0,220.5,220.5,1260
2017-08-18 00:00:00,231.5,231.5,222.5,225.0,5157
2017-08-17 00:00:00,230.0,231.5,230.0,231.5,535
2017-08-16 00:00:00,230.5,238.0,230.5,234.0,1124
2017-08-15 00:00:00,231.5,234.5,231.0,233.5,912
2017-08-14 00:00:00,232.5,236.5,232.0,234.0,561
2017-08-11 00:00:00,234.5,235.0,234.0,234.0,1238
2017-08-10 00:00:00,243.0,243.0,236.5,237.5,1085
2017-08-09 00:00:00,239.0,244.0,239.0,243.5,633
2017-08-08 00:00:00,241.0,250.0,241.0,244.5,15422
2017-08-07 00:00:00,245.5,249.0,238.0,241.0,2083
2017-08-04 00:00:00,232.0,238.0,231.0,235.0,2812
2017-08-03 00:00:00,239.0,239.0,234.0,234.0,565
2017-08-02 00:00:00,230.0,232.0,228.5,228.5,1294
2017-08-01 00:00:00,230.0,244.0,230.0,233.0,2079
2017-07-31 00:00:00,233.5,233.5,230.0,230.0,338
2017-07-28 00:00:00,230.5,235.0,230.0,233.5,2237
2017-07-27 00:00:00,233.5,234.0,230.0,232.0,470
2017-07-26 00:00:00,229.0,238.0,229.0,234.0,225
2017-07-25 00:00:00,230.0,233.5,229.0,229.0,474
2017-07-24 00:00:00,234.5,234.5,230.0,230.0,228
2017-07-21 00:00:00,226.0,235.0,226.0,232.5,405
2017-07-20 00:00:00,229.0,234.5,229.0,230.0,5574
2017-07-19 00:00:00,228.0,230.0,225.0,229.5,1366
2017-07-18 00:00:00,233.5,234.0,229.0,229.0,2640
2017-07-17 00:00:00,230.0,237.0,230.0,234.0,912
2017-07-14 00:00:00,226.0,235.0,226.0,232.0,1738
2017-07-13 00:00:00,226.0,231.0,226.0,230.0,5220
2017-07-12 00:00:00,228.0,228.5,223.0,226.5,14844
2017-07-11 00:00:00,230.0,232.0,226.0,230.5,4733
2017-07-10 00:00:00,229.0,231.5,229.0,230.0,1576
2017-07-07 00:00:00,231.5,231.5,227.0,228.0,1300
2017-07-06 00:00:00,233.0,233.0,227.5,227.5,709
2017-07-05 00:00:00,230.0,237.5,229.0,234.5,3688
2017-07-04 00:00:00,231.5,232.0,226.5,227.0,4675
2017-07-03 00:00:00,235.0,236.0,231.5,231.5,1772
2017-06-30 00:00:00,237.0,238.0,235.0,235.0,2088
2017-06-29 00:00:00,236.5,241.0,236.5,237.5,2710
2017-06-28 00:00:00,238.0,239.5,235.0,236.5,5535
2017-06-27 00:00:00,241.0,241.0,237.0,241.0,3396
2017-06-26 00:00:00,242.5,248.5,238.0,240.5,3154
2017-06-23 00:00:00,,242.5,242.5,242.5,0
2017-06-22 00:00:00,246.0,246.0,242.5,242.5,2014
2017-06-21 00:00:00,251.0,253.0,245.0,246.0,1832
2017-06-20 00:00:00,250.0,252.5,249.5,251.5,10243
2017-06-19 00:00:00,256.0,256.0,250.0,250.0,3424
2017-06-16 00:00:00,254.0,257.0,254.0,256.5,512
2017-06-15 00:00:00,251.5,261.5,251.5,255.0,915
2017-06-14 00:00:00,259.5,262.5,250.5,255.0,2881
2017-06-13 00:00:00,254.0,259.0,247.0,249.0,1531
2017-06-12 00:00:00,250.0,261.5,249.0,252.5,1191
2017-06-09 00:00:00,253.0,258.0,250.5,252.0,476
2017-06-08 00:00:00,252.0,254.5,251.5,253.0,593
2017-06-07 00:00:00,252.0,260.0,251.0,251.0,2353
2017-06-06 00:00:00,,251.5,251.5,251.5,0
2017-06-05 00:00:00,255.0,255.0,251.0,251.5,788
2017-06-02 00:00:00,258.0,259.5,252.0,252.0,1059
2017-06-01 00:00:00,252.5,253.0,245.0,253.0,3416
2017-05-31 00:00:00,258.5,259.0,250.5,252.5,2649
2017-05-30 00:00:00,258.0,260.0,257.5,259.0,1135
2017-05-29 00:00:00,266.0,266.0,259.0,262.5,5560
2017-05-26 00:00:00,268.0,268.0,264.0,264.5,1425
2017-05-24 00:00:00,265.5,269.0,265.5,268.0,2193
2017-05-23 00:00:00,259.0,266.0,259.0,265.5,5222
2017-05-22 00:00:00,259.5,260.0,256.5,258.0,583
2017-05-19 00:00:00,251.0,256.5,251.0,256.5,1570
2017-05-18 00:00:00,245.5,252.5,244.0,251.0,5660
2017-05-17 00:00:00,245.0,245.5,243.0,243.0,4060
2017-05-16 00:00:00,247.0,248.0,245.5,246.0,2949
2017-05-15 00:00:00,255.0,255.0,246.0,248.5,15172
2017-05-12 00:00:00,262.0,256.0,256.0,256.0,1144
2017-05-11 00:00:00,255.0,262.0,251.0,262.0,2090
2017-05-10 00:00:00,263.0,263.0,252.5,255.0,2466
2017-05-09 00:00:00,265.5,266.0,252.5,258.5,5017
2017-05-08 00:00:00,252.5,260.0,252.5,260.0,1849
2017-05-05 00:00:00,252.5,259.5,252.0,252.0,4122
2017-05-04 00:00:00,260.0,263.0,255.0,255.0,2851
2017-05-03 00:00:00,258.0,269.5,258.0,262.0,2015
2017-05-02 00:00:00,261.5,261.5,253.0,255.5,6162
2017-05-01 00:00:00,,261.0,261.0,261.0,0
2017-04-28 00:00:00,262.0,262.0,259.5,261.0,1177
2017-04-27 00:00:00,270.0,270.0,255.5,259.0,9192
2017-04-26 00:00:00,277.5,281.5,270.0,270.5,27237
2017-04-25 00:00:00,253.0,280.0,253.0,277.5,28937
2017-04-24 00:00:00,249.5,267.5,249.0,251.0,47346
2017-04-21 00:00:00,235.0,235.0,230.0,232.0,601
2017-04-20 00:00:00,247.0,247.0,234.0,235.0,12673
2017-04-19 00:00:00,230.0,249.5,230.0,245.5,10083
2017-04-18 00:00:00,232.5,233.0,225.5,226.5,2436
2017-04-13 00:00:00,233.0,233.0,232.0,232.5,250
2017-04-12 00:00:00,226.0,233.5,226.0,232.0,7254
2017-04-11 00:00:00,223.5,228.0,215.5,225.0,3755
2017-04-10 00:00:00,224.5,226.5,220.0,224.0,2203
2017-04-07 00:00:00,223.5,228.0,223.0,224.5,915
2017-04-06 00:00:00,226.0,228.0,225.5,228.0,2232
2017-04-05 00:00:00,228.0,228.0,223.0,226.0,3793
2017-04-04 00:00:00,230.5,230.5,225.0,228.0,1190
2017-04-03 00:00:00,228.5,233.5,228.5,232.0,1232
2017-03-31 00:00:00,233.5,233.5,231.5,231.5,436
2017-03-30 00:00:00,230.5,233.5,230.5,233.5,156
2017-03-29 00:00:00,231.0,233.5,229.0,233.0,26500
2017-03-28 00:00:00,230.0,234.0,230.0,234.0,679
2017-03-27 00:00:00,235.5,235.5,232.0,234.5,1657
2017-03-24 00:00:00,240.0,240.0,225.5,236.0,422
2017-03-23 00:00:00,237.0,240.0,237.0,240.0,415
2017-03-22 00:00:00,237.0,238.0,231.5,238.0,3657
2017-03-21 00:00:00,236.0,239.5,236.0,237.0,1250
2017-03-20 00:00:00,240.0,240.0,227.0,235.5,3223
2017-03-17 00:00:00,240.0,242.0,238.0,240.0,2197
2017-03-16 00:00:00,236.0,243.0,236.0,240.0,6762
2017-03-15 00:00:00,234.0,236.0,233.0,236.0,8319
2017-03-14 00:00:00,235.0,237.0,232.0,234.0,4583
2017-03-13 00:00:00,222.0,233.0,222.0,231.5,5021
2017-03-10 00:00:00,222.0,221.0,221.0,221.0,1101
2017-03-09 00:00:00,225.0,225.0,219.5,222.5,514
2017-03-08 00:00:00,233.5,233.5,227.5,230.0,503
2017-03-07 00:00:00,233.0,233.0,227.0,227.0,118
2017-03-06 00:00:00,234.0,234.5,233.0,233.0,132
2017-03-03 00:00:00,236.0,234.0,234.0,234.0,723
2017-03-02 00:00:00,235.0,236.0,233.0,233.5,670
2017-03-01 00:00:00,235.0,236.0,230.0,235.5,809
2017-02-28 00:00:00,229.5,235.0,229.0,232.5,1519
2017-02-27 00:00:00,229.5,229.5,225.0,227.5,458
2017-02-24 00:00:00,228.0,228.0,227.5,228.0,364
2017-02-23 00:00:00,226.0,226.0,225.0,225.0,3198
2017-02-22 00:00:00,225.0,225.0,224.0,224.0,4832
2017-02-21 00:00:00,226.0,227.5,225.5,226.0,3579
2017-02-20 00:00:00,225.0,227.0,225.0,226.25,6225
2017-02-17 00:00:00,227.5,227.5,226.0,227.0,3402
2017-02-16 00:00:00,225.0,230.0,225.0,227.5,4544
2017-02-15 00:00:00,216.5,222.0,213.0,222.0,5033
2017-02-14 00:00:00,217.5,217.5,215.0,215.5,2440
2017-02-13 00:00:00,220.0,226.0,218.0,218.5,4043
2017-02-10 00:00:00,213.0,219.5,210.5,219.5,11184
2017-02-09 00:00:00,212.0,216.0,211.0,213.0,3104
2017-02-08 00:00:00,202.5,212.5,202.5,212.5,1458
2017-02-07 00:00:00,210.5,210.5,210.0,210.5,1421
2017-02-06 00:00:00,209.0,219.0,208.0,214.5,12835
2017-02-03 00:00:00,212.0,212.0,210.5,210.5,1767
2017-02-02 00:00:00,209.0,212.5,209.0,211.5,1658
2017-02-01 00:00:00,210.0,212.0,210.0,210.5,908
2017-01-31 00:00:00,210.0,210.5,207.0,208.5,2241
2017-01-30 00:00:00,210.0,210.0,207.0,208.5,3705
2017-01-27 00:00:00,210.0,210.0,208.5,210.0,1020
2017-01-26 00:00:00,206.0,208.0,206.0,208.0,902
2017-01-25 00:00:00,205.5,209.0,205.5,208.0,1029
2017-01-24 00:00:00,204.5,205.5,204.0,205.5,990
2017-01-23 00:00:00,202.5,205.0,202.5,204.0,1090
2017-01-20 00:00:00,207.0,208.0,207.0,207.0,2012
2017-01-19 00:00:00,205.0,206.5,204.5,204.5,1644
2017-01-18 00:00:00,204.5,206.0,204.5,205.0,524
2017-01-17 00:00:00,206.5,207.0,203.0,204.5,2502
2017-01-16 00:00:00,203.0,208.5,203.0,207.0,887
2017-01-13 00:00:00,198.5,203.5,198.5,203.0,3576
2017-01-12 00:00:00,196.5,198.5,196.5,198.5,284
2017-01-11 00:00:00,195.0,195.5,194.0,194.0,1710
2017-01-10 00:00:00,197.0,197.0,197.0,197.0,17
2017-01-09 00:00:00,198.0,200.0,197.0,197.0,2088
2017-01-06 00:00:00,,197.5,197.5,197.5,0
2017-01-05 00:00:00,196.5,197.5,195.0,197.5,1537
2017-01-04 00:00:00,192.0,196.5,190.5,196.5,1646
2017-01-03 00:00:00,196.5,196.5,190.5,192.5,1087
2017-01-02 00:00:00,187.0,195.0,187.0,195.0,2160
2016-12-30 00:00:00,191.0,191.0,184.0,187.0,6068
2016-12-29 00:00:00,195.0,195.0,191.0,191.0,1463
2016-12-28 00:00:00,195.0,195.0,195.0,195.0,1237
2016-12-27 00:00:00,193.5,198.0,192.0,198.0,3857
2016-12-23 00:00:00,193.0,195.0,193.0,193.5,440
2016-12-22 00:00:00,185.5,192.0,185.0,192.0,3875
2016-12-21 00:00:00,185.0,187.0,184.5,184.5,2294
2016-12-20 00:00:00,185.0,186.5,184.0,185.5,1195
2016-12-19 00:00:00,187.0,187.0,185.0,185.0,1811
2016-12-16 00:00:00,188.0,190.0,186.0,188.0,1777
2016-12-15 00:00:00,186.5,189.5,186.0,188.0,3100
2016-12-14 00:00:00,186.5,189.5,186.0,186.5,1128
2016-12-13 00:00:00,186.5,188.5,186.0,188.5,646
2016-12-12 00:00:00,185.0,189.0,184.0,188.5,6848
2016-12-09 00:00:00,184.5,185.0,184.0,184.0,1604
2016-12-08 00:00:00,185.0,185.0,180.5,182.0,181320
2016-12-07 00:00:00,185.0,186.5,185.0,186.0,161
2016-12-06 00:00:00,185.0,187.0,184.0,187.0,786
2016-12-05 00:00:00,186.5,186.5,185.0,185.0,485
2016-12-02 00:00:00,190.0,190.0,185.0,187.0,1711
2016-12-01 00:00:00,184.0,189.5,184.0,189.5,327
2016-11-30 00:00:00,183.0,188.5,183.0,185.5,11239
2016-11-29 00:00:00,190.0,190.0,182.0,182.5,617
2016-11-28 00:00:00,191.0,191.0,190.0,190.0,87
2016-11-25 00:00:00,191.0,193.0,190.0,192.0,446
2016-11-24 00:00:00,188.0,191.0,188.0,191.0,267
2016-11-23 00:00:00,194.5,194.5,188.5,188.5,410
2016-11-22 00:00:00,194.5,194.5,194.5,194.5,83
2016-11-21 00:00:00,188.0,189.0,188.0,188.0,398
2016-11-18 00:00:00,184.5,188.5,184.0,188.5,871
2016-11-17 00:00:00,181.5,190.0,181.5,184.0,1700
2016-11-16 00:00:00,181.5,188.0,181.0,188.0,2486
2016-11-15 00:00:00,181.0,185.0,176.5,185.0,20786
2016-11-14 00:00:00,183.5,183.5,182.0,182.5,334
2016-11-11 00:00:00,184.5,184.5,183.5,183.5,400
2016-11-10 00:00:00,186.5,186.5,182.5,184.0,17877
2016-11-09 00:00:00,185.0,185.0,180.5,182.5,2579
2016-11-08 00:00:00,188.5,188.5,186.5,187.0,473
2016-11-07 00:00:00,186.0,189.0,186.0,188.5,1596
2016-11-04 00:00:00,190.0,190.0,189.0,189.0,1234
2016-11-03 00:00:00,188.0,189.5,188.0,189.0,1127
2016-11-02 00:00:00,189.0,190.0,189.0,189.0,1689
2016-11-01 00:00:00,189.0,189.0,189.0,189.0,452
2016-10-31 00:00:00,199.0,199.0,189.0,189.0,3298
2016-10-28 00:00:00,195.0,195.0,190.0,192.0,1539
2016-10-27 00:00:00,192.5,196.5,190.0,192.5,2272
2016-10-26 00:00:00,199.0,199.0,192.5,192.5,1524
2016-10-25 00:00:00,197.5,199.0,197.0,198.0,1307
2016-10-24 00:00:00,195.5,198.0,195.5,197.5,2817
2016-10-21 00:00:00,201.0,201.0,197.5,197.5,2750
2016-10-20 00:00:00,202.0,202.0,200.0,201.0,3664
2016-10-19 00:00:00,205.5,205.5,204.5,205.5,119
2016-10-18 00:00:00,205.0,209.5,202.0,204.5,282
2016-10-17 00:00:00,207.5,208.0,205.0,205.0,2020
2016-10-14 00:00:00,208.0,208.0,208.0,208.0,47
2016-10-13 00:00:00,210.0,211.0,208.0,208.0,416
2016-10-12 00:00:00,210.0,210.0,209.0,209.0,76
2016-10-11 00:00:00,210.5,215.0,210.0,215.0,774
2016-10-10 00:00:00,216.5,216.5,210.0,210.0,202
2016-10-07 00:00:00,212.5,212.5,211.0,211.0,1214
2016-10-06 00:00:00,215.5,216.5,211.5,212.5,1773
2016-10-05 00:00:00,216.0,216.0,209.5,213.5,4065
2016-10-04 00:00:00,215.0,217.0,211.0,211.0,2771
2016-10-03 00:00:00,209.0,215.0,208.5,215.0,4074
2016-09-30 00:00:00,209.5,209.5,205.0,207.0,810
2016-09-29 00:00:00,207.0,207.5,205.0,205.0,4961
2016-09-28 00:00:00,210.0,210.0,209.0,209.0,1569
2016-09-27 00:00:00,206.5,211.0,206.5,211.0,9
2016-09-26 00:00:00,210.0,215.0,206.0,206.5,667
2016-09-23 00:00:00,206.5,217.5,206.5,212.0,318
2016-09-22 00:00:00,208.0,214.5,208.0,214.0,688
2016-09-21 00:00:00,209.0,209.0,203.5,203.5,1934
2016-09-20 00:00:00,,208.5,208.5,208.5,0
2016-09-19 00:00:00,209.5,209.5,208.0,208.5,260
2016-09-16 00:00:00,208.5,209.5,208.0,208.0,270
2016-09-15 00:00:00,209.0,209.5,208.0,208.5,439
2016-09-14 00:00:00,214.0,214.0,210.0,210.0,804
2016-09-13 00:00:00,221.5,221.5,210.5,215.5,737
2016-09-12 00:00:00,209.5,214.0,209.5,214.0,299
2016-09-09 00:00:00,212.5,218.5,209.0,215.0,538
2016-09-08 00:00:00,215.5,219.0,212.0,215.0,3520
2016-09-07 00:00:00,215.5,218.0,215.0,215.0,2294
2016-09-06 00:00:00,215.0,217.5,212.0,214.5,2249
2016-09-05 00:00:00,223.0,223.0,219.0,219.0,4
2016-09-02 00:00:00,217.5,218.5,209.5,218.5,1417
2016-09-01 00:00:00,223.5,226.5,217.5,218.0,257
2016-08-31 00:00:00,220.5,226.5,219.0,220.0,1667
2016-08-30 00:00:00,233.0,233.0,220.0,220.0,1811
2016-08-29 00:00:00,223.0,235.0,222.5,233.0,3224
2016-08-26 00:00:00,218.5,222.5,217.5,222.5,1130
2016-08-25 00:00:00,220.0,223.5,218.5,218.5,1259
2016-08-24 00:00:00,223.5,224.0,213.5,214.0,3816
2016-08-23 00:00:00,227.0,235.0,223.5,223.5,3081
2016-08-22 00:00:00,225.0,227.0,217.5,227.0,1856
2016-08-19 00:00:00,216.0,227.0,214.0,226.5,1310
2016-08-18 00:00:00,210.0,215.0,209.5,215.0,2009
2016-08-17 00:00:00,210.0,210.0,208.0,208.0,8
2016-08-16 00:00:00,208.5,212.0,205.0,207.0,730
2016-08-15 00:00:00,207.0,209.0,205.0,208.5,2189
2016-08-12 00:00:00,202.0,207.5,202.0,207.5,3333
2016-08-11 00:00:00,208.5,208.5,198.0,201.5,4783
2016-08-10 00:00:00,209.0,209.0,205.0,205.0,75
2016-08-09 00:00:00,202.0,209.5,202.0,209.0,2384
2016-08-08 00:00:00,204.5,208.0,204.0,208.0,2861
2016-08-05 00:00:00,198.5,202.5,198.5,202.0,680
2016-08-04 00:00:00,200.0,201.0,198.5,199.0,3378
2016-08-03 00:00:00,201.0,201.5,198.5,201.5,291
2016-08-02 00:00:00,202.5,204.5,201.5,202.0,345
2016-08-01 00:00:00,207.5,207.5,203.0,203.0,396
2016-07-29 00:00:00,208.5,209.0,207.0,209.0,205
2016-07-28 00:00:00,209.0,210.0,209.0,210.0,401
2016-07-27 00:00:00,205.0,210.5,205.0,210.5,214
2016-07-26 00:00:00,202.0,207.5,200.0,207.5,2252
2016-07-25 00:00:00,200.5,213.0,200.5,211.0,422
2016-07-22 00:00:00,204.0,209.5,204.0,207.5,3904
2016-07-21 00:00:00,204.0,205.5,204.0,204.5,2832
2016-07-20 00:00:00,202.5,204.5,202.0,203.5,1284
2016-07-19 00:00:00,202.0,202.5,197.0,200.5,970
2016-07-18 00:00:00,203.0,209.0,202.0,203.0,491
2016-07-15 00:00:00,203.0,203.5,203.0,203.0,71
2016-07-14 00:00:00,197.0,201.0,194.0,201.0,1153
2016-07-13 00:00:00,196.0,201.5,194.5,201.5,551
2016-07-12 00:00:00,204.0,204.0,191.5,201.0,2650
2016-07-11 00:00:00,206.5,208.5,202.0,202.0,768
2016-07-08 00:00:00,206.0,206.0,206.0,206.0,4
2016-07-07 00:00:00,,202.0,202.0,202.0,0
2016-07-06 00:00:00,202.0,202.0,202.0,202.0,472
2016-07-05 00:00:00,204.0,204.0,203.0,203.0,120
2016-07-04 00:00:00,200.0,204.0,200.0,204.0,595
2016-07-01 00:00:00,202.5,203.0,199.5,199.5,155
2016-06-30 00:00:00,195.5,200.0,194.5,200.0,9349
2016-06-29 00:00:00,198.0,198.0,193.5,196.5,450
2016-06-28 00:00:00,195.0,200.5,195.0,197.5,1375
2016-06-27 00:00:00,199.0,200.0,193.5,195.0,408
2016-06-24 00:00:00,,206.0,206.0,206.0,0
2016-06-23 00:00:00,196.0,206.0,196.0,206.0,968
2016-06-22 00:00:00,203.0,203.0,199.0,199.0,203
2016-06-21 00:00:00,205.0,207.0,205.0,206.0,621
2016-06-20 00:00:00,200.0,200.0,195.5,198.0,1357
2016-06-17 00:00:00,199.0,202.0,199.0,200.0,652
2016-06-16 00:00:00,197.0,200.0,197.0,198.0,1099
2016-06-15 00:00:00,190.0,192.0,190.0,190.0,176
2016-06-14 00:00:00,185.0,198.0,185.0,195.5,1538
2016-06-13 00:00:00,200.0,201.0,186.0,190.0,4296
2016-06-10 00:00:00,209.0,209.0,200.0,201.0,3915
2016-06-09 00:00:00,209.0,209.0,203.5,207.5,778
2016-06-08 00:00:00,201.5,206.0,201.5,205.5,1656
2016-06-07 00:00:00,210.0,210.0,201.5,201.5,1094
2016-06-06 00:00:00,,209.0,209.0,209.0,0
2016-06-03 00:00:00,207.5,219.0,205.0,209.0,2741
2016-06-02 00:00:00,205.0,207.0,203.5,204.0,1894
2016-06-01 00:00:00,194.0,209.0,193.0,205.0,21152
2016-05-31 00:00:00,184.5,187.5,184.5,187.5,9214
2016-05-30 00:00:00,186.0,186.0,184.0,185.0,1521
2016-05-27 00:00:00,185.0,192.5,185.0,185.0,295
2016-05-26 00:00:00,180.0,194.0,180.0,185.0,1666
2016-05-25 00:00:00,184.5,185.0,178.5,181.0,3476
2016-05-24 00:00:00,187.0,187.0,183.0,183.5,572
2016-05-23 00:00:00,180.0,191.0,180.0,187.5,1058
2016-05-20 00:00:00,183.0,183.0,178.5,182.0,1526
2016-05-19 00:00:00,185.0,185.0,182.5,182.5,4995
2016-05-18 00:00:00,185.0,185.0,182.5,183.5,189
2016-05-17 00:00:00,183.5,184.0,180.0,180.0,1473
2016-05-16 00:00:00,181.5,185.0,180.5,182.0,1168
2016-05-13 00:00:00,183.0,183.5,182.0,182.0,881
2016-05-12 00:00:00,182.5,189.0,182.0,182.5,445
2016-05-11 00:00:00,188.5,188.5,184.0,184.0,560
2016-05-10 00:00:00,190.0,190.0,181.0,187.5,414
2016-05-09 00:00:00,190.0,190.0,189.5,189.5,112
2016-05-06 00:00:00,186.5,187.5,186.5,187.0,154
2016-05-05 00:00:00,187.0,187.0,180.5,186.0,450
2016-05-04 00:00:00,187.0,187.0,180.5,186.0,450
2016-05-03 00:00:00,190.0,190.0,186.5,187.0,1222
2016-05-02 00:00:00,194.0,194.0,190.0,190.5,436
2016-04-29 00:00:00,200.0,200.0,194.0,194.0,409
2016-04-28 00:00:00,199.5,199.5,190.0,197.0,2140
2016-04-27 00:00:00,202.0,208.0,199.5,208.0,645
2016-04-26 00:00:00,201.5,215.0,200.0,202.0,3074
2016-04-25 00:00:00,199.5,210.0,196.5,201.5,924
2016-04-22 00:00:00,198.5,201.0,196.0,196.0,2828
2016-04-21 00:00:00,196.0,198.0,188.0,196.0,3537
2016-04-20 00:00:00,210.0,212.5,196.0,196.0,2021
2016-04-19 00:00:00,214.5,214.5,210.0,210.0,1308
2016-04-18 00:00:00,218.0,219.5,211.5,211.5,1386
2016-04-15 00:00:00,222.0,222.0,222.0,222.0,201
2016-04-14 00:00:00,220.0,220.0,218.5,219.0,109
2016-04-13 00:00:00,213.0,222.0,213.0,222.0,279
2016-04-12 00:00:00,210.5,223.5,210.5,217.0,911
2016-04-11 00:00:00,210.5,227.0,210.5,224.5,215
2016-04-08 00:00:00,211.5,213.0,211.5,212.0,297
2016-04-07 00:00:00,211.0,216.0,211.0,216.0,287
2016-04-06 00:00:00,212.0,212.0,210.5,210.5,86
2016-04-05 00:00:00,217.5,217.5,210.5,210.5,1432
2016-04-04 00:00:00,220.0,225.0,216.0,217.0,1572
2016-04-01 00:00:00,227.5,227.5,214.5,215.5,142
2016-03-31 00:00:00,,226.0,226.0,226.0,0
2016-03-30 00:00:00,228.0,228.0,226.0,226.0,451
2016-03-29 00:00:00,224.0,226.5,224.0,225.5,366
2016-03-28 00:00:00,215.0,223.5,223.5,223.5,1707
2016-03-25 00:00:00,215.0,223.5,215.0,223.5,1707
2016-03-24 00:00:00,215.0,223.5,215.0,223.5,1707
2016-03-23 00:00:00,208.5,214.5,208.0,214.5,1599
2016-03-22 00:00:00,209.0,210.0,208.0,208.0,841
2016-03-21 00:00:00,208.5,212.0,207.5,207.5,3026
2016-03-18 00:00:00,210.0,212.0,207.5,208.0,1096
2016-03-17 00:00:00,210.0,210.0,208.0,208.0,470
2016-03-16 00:00:00,207.0,211.0,207.0,208.0,535
2016-03-15 00:00:00,207.0,208.0,207.0,207.0,211
2016-03-14 00:00:00,212.0,212.5,205.5,206.0,1678
2016-03-11 00:00:00,212.0,212.0,208.5,212.0,370
2016-03-10 00:00:00,213.0,213.0,212.0,212.0,60
2016-03-09 00:00:00,212.0,213.0,212.0,213.0,142
2016-03-08 00:00:00,210.0,212.0,210.0,211.0,82
2016-03-07 00:00:00,218.0,218.0,218.0,218.0,79
2016-03-04 00:00:00,211.0,218.5,211.0,218.5,892
2016-03-03 00:00:00,210.5,210.5,209.0,210.0,724
2016-03-02 00:00:00,212.0,215.0,204.0,205.0,2335
2016-03-01 00:00:00,220.0,220.0,204.0,215.0,1895
2016-02-29 00:00:00,215.0,219.5,204.0,218.0,208
2016-02-26 00:00:00,,215.0,215.0,215.0,0
2016-02-25 00:00:00,,215.0,215.0,215.0,0
2016-02-24 00:00:00,203.0,219.0,203.0,215.0,251
2016-02-23 00:00:00,,219.5,219.5,219.5,0
2016-02-22 00:00:00,219.5,219.5,219.5,219.5,61
2016-02-19 00:00:00,,219.0,219.0,219.0,0
2016-02-18 00:00:00,218.5,219.0,218.5,219.0,10594
2016-02-17 00:00:00,209.5,218.5,209.5,218.5,385
2016-02-16 00:00:00,202.5,208.0,202.0,208.0,638
2016-02-15 00:00:00,193.0,228.0,193.0,221.0,961
2016-02-12 00:00:00,220.0,225.0,219.5,220.0,255
2016-02-11 00:00:00,220.0,222.5,220.0,222.0,132
2016-02-10 00:00:00,204.0,220.0,204.0,220.0,531
2016-02-09 00:00:00,204.0,204.0,202.0,203.0,1961
2016-02-08 00:00:00,199.0,202.5,192.0,202.5,5093
2016-02-05 00:00:00,200.0,205.5,199.5,200.0,2519
2016-02-04 00:00:00,200.5,207.5,200.0,205.0,1265
2016-02-03 00:00:00,207.0,207.0,196.5,200.5,5213
2016-02-02 00:00:00,225.0,225.0,209.5,209.5,2443
2016-02-01 00:00:00,233.0,233.0,222.0,222.0,385
2016-01-29 00:00:00,220.5,228.5,220.5,222.0,970
2016-01-28 00:00:00,226.5,232.0,221.0,224.0,1348
2016-01-27 00:00:00,222.5,235.0,222.5,234.0,17
2016-01-26 00:00:00,233.0,233.0,225.0,232.0,534
2016-01-25 00:00:00,221.5,235.0,221.5,234.5,62
2016-01-22 00:00:00,233.0,241.0,225.0,233.0,1331
2016-01-21 00:00:00,233.5,238.0,229.0,230.0,1778
2016-01-20 00:00:00,225.5,235.0,220.5,235.0,465
2016-01-19 00:00:00,231.0,234.0,231.0,231.0,1165
2016-01-18 00:00:00,233.0,237.5,233.0,233.0,1181
2016-01-15 00:00:00,230.0,244.5,230.0,233.5,1336
2016-01-14 00:00:00,245.5,245.5,233.5,240.0,1121
2016-01-13 00:00:00,240.5,245.5,240.5,245.0,271
2016-01-12 00:00:00,228.0,250.0,225.5,240.5,684
2016-01-11 00:00:00,251.0,251.0,240.0,240.0,181
2016-01-08 00:00:00,240.5,260.0,240.5,251.0,708
2016-01-07 00:00:00,240.5,240.5,230.5,235.0,1213
2016-01-06 00:00:00,,242.0,242.0,242.0,0
2016-01-05 00:00:00,242.0,242.0,242.0,242.0,5
2016-01-04 00:00:00,240.5,253.5,240.5,246.0,1038
2016-01-01 00:00:00,,255.5,255.5,255.5,0
2015-12-31 00:00:00,,255.5,255.5,255.5,0
2015-12-30 00:00:00,251.5,260.0,251.0,255.5,1372
2015-12-29 00:00:00,241.5,253.5,241.5,249.5,524
2015-12-28 00:00:00,255.0,255.0,249.5,250.0,1049
2015-12-25 00:00:00,264.5,265.0,255.0,255.0,611
2015-12-24 00:00:00,264.5,265.0,255.0,255.0,611
2015-12-23 00:00:00,264.5,265.0,255.0,255.0,611
2015-12-22 00:00:00,255.0,258.0,255.0,255.0,416
2015-12-21 00:00:00,247.0,258.0,247.0,258.0,1058
2015-12-18 00:00:00,250.5,250.5,245.0,245.0,289
2015-12-17 00:00:00,257.5,259.0,250.0,250.0,4637
2015-12-16 00:00:00,264.5,264.5,250.0,252.0,550
2015-12-15 00:00:00,244.5,245.5,244.5,244.5,1142
2015-12-14 00:00:00,257.0,257.0,243.5,244.5,1725
2015-12-11 00:00:00,250.0,258.0,245.0,257.0,597
2015-12-10 00:00:00,255.0,263.0,250.0,250.0,2141
2015-12-09 00:00:00,250.0,250.0,248.5,249.0,598
2015-12-08 00:00:00,254.0,254.0,237.5,244.0,4650
2015-12-07 00:00:00,255.0,255.0,250.0,254.0,328
2015-12-04 00:00:00,255.0,255.0,250.0,250.0,180
2015-12-03 00:00:00,258.5,259.0,255.5,259.0,2003
2015-12-02 00:00:00,261.0,261.0,250.0,255.5,1471
2015-12-01 00:00:00,264.5,264.5,251.0,261.5,421
2015-11-30 00:00:00,262.5,264.0,262.5,263.5,1496
2015-11-27 00:00:00,261.5,261.5,256.0,256.0,1127
2015-11-26 00:00:00,250.0,261.5,250.0,261.5,463
2015-11-25 00:00:00,240.5,250.0,240.0,250.0,70298
2015-11-24 00:00:00,243.0,244.0,235.0,235.0,451
2015-11-23 00:00:00,241.0,243.0,241.0,243.0,346
2015-11-20 00:00:00,235.5,242.5,235.5,242.5,313
2015-11-19 00:00:00,244.0,245.0,235.5,242.5,720
2015-11-18 00:00:00,235.5,244.5,235.5,243.0,425
2015-11-17 00:00:00,245.0,245.0,239.5,239.5,140
2015-11-16 00:00:00,235.0,247.0,235.0,245.0,910
2015-11-13 00:00:00,,236.0,236.0,236.0,0
2015-11-12 00:00:00,236.5,240.0,235.5,236.0,361
2015-11-11 00:00:00,236.0,244.5,236.0,240.0,1140
2015-11-10 00:00:00,242.5,245.0,242.0,245.0,1764
2015-11-09 00:00:00,237.0,241.0,237.0,241.0,2043
2015-11-06 00:00:00,235.5,240.0,230.5,237.0,1011
2015-11-05 00:00:00,229.5,234.0,228.0,232.0,2008
2015-11-04 00:00:00,225.0,230.5,225.0,225.5,3954
2015-11-03 00:00:00,228.5,230.0,225.0,230.0,2142
2015-11-02 00:00:00,222.0,229.5,222.0,229.0,1918
2015-10-30 00:00:00,225.0,225.0,221.5,225.0,2794
2015-10-29 00:00:00,224.5,225.0,221.5,225.0,4025
2015-10-28 00:00:00,227.0,227.0,223.5,227.0,335
2015-10-27 00:00:00,224.5,228.5,222.0,227.5,1045
2015-10-26 00:00:00,220.0,224.5,220.0,223.0,508
2015-10-23 00:00:00,223.0,224.5,222.5,222.5,460
2015-10-22 00:00:00,221.5,224.5,220.5,222.0,2195
2015-10-21 00:00:00,216.0,229.0,215.5,223.0,777
2015-10-20 00:00:00,230.0,231.5,217.5,228.5,5902
2015-10-19 00:00:00,230.0,234.0,223.0,224.0,2421
2015-10-16 00:00:00,227.5,233.5,222.0,230.0,21115
2015-10-15 00:00:00,220.0,223.5,220.0,223.5,481
2015-10-14 00:00:00,220.0,220.0,209.0,220.0,145
2015-10-13 00:00:00,229.0,229.5,226.0,226.0,1503
2015-10-12 00:00:00,228.5,229.0,228.0,229.0,28019
2015-10-09 00:00:00,227.0,228.0,227.0,228.0,2293
2015-10-08 00:00:00,223.0,228.0,223.0,227.0,2505
2015-10-07 00:00:00,219.0,223.0,217.0,223.0,1516
2015-10-06 00:00:00,215.5,221.5,215.0,220.0,178422
2015-10-05 00:00:00,216.5,220.0,212.5,217.0,50415
2015-10-02 00:00:00,212.0,223.0,207.5,215.0,1450
2015-10-01 00:00:00,221.5,224.0,214.0,217.0,1248
2015-09-30 00:00:00,210.0,220.0,210.0,215.5,3347
2015-09-29 00:00:00,210.0,213.5,205.0,213.5,1660
2015-09-28 00:00:00,215.0,215.0,212.0,212.0,622
2015-09-25 00:00:00,212.0,219.5,212.0,215.0,1811
2015-09-24 00:00:00,212.0,212.0,212.0,212.0,170
2015-09-23 00:00:00,210.0,215.0,210.0,215.0,775
2015-09-22 00:00:00,217.5,221.5,217.5,221.0,938
2015-09-21 00:00:00,220.0,222.0,215.0,215.0,1778
2015-09-18 00:00:00,225.0,225.0,210.0,222.0,568
2015-09-17 00:00:00,215.0,220.0,215.0,220.0,520
2015-09-16 00:00:00,218.0,219.0,217.5,218.5,1553
2015-09-15 00:00:00,210.0,218.0,210.0,213.5,2769
2015-09-14 00:00:00,203.0,212.5,203.0,211.5,652
2015-09-11 00:00:00,193.5,210.0,193.5,209.0,459
2015-09-10 00:00:00,200.0,202.0,200.0,200.0,300
2015-09-09 00:00:00,198.0,207.0,198.0,202.5,2786
2015-09-08 00:00:00,198.5,198.5,190.5,190.5,606
2015-09-07 00:00:00,190.5,200.0,190.0,191.0,177
2015-09-04 00:00:00,192.0,193.5,186.5,186.5,1429
2015-09-03 00:00:00,199.5,199.5,191.0,192.5,1656
2015-09-02 00:00:00,192.0,195.0,185.5,195.0,513
2015-09-01 00:00:00,,199.0,199.0,199.0,0
2015-08-31 00:00:00,202.0,202.0,199.0,199.0,405
2015-08-28 00:00:00,200.0,202.0,195.5,202.0,960
2015-08-27 00:00:00,194.5,209.0,193.5,200.0,3738
2015-08-26 00:00:00,190.5,192.5,183.5,186.0,2469
2015-08-25 00:00:00,180.0,193.0,180.0,191.0,1885
2015-08-24 00:00:00,190.0,190.0,174.0,187.5,12862
2015-08-21 00:00:00,204.0,204.0,196.0,196.5,3554
2015-08-20 00:00:00,210.0,210.0,204.0,204.0,1985
2015-08-19 00:00:00,210.0,215.0,205.5,208.5,2191
2015-08-18 00:00:00,217.0,217.0,216.0,216.5,1041
2015-08-17 00:00:00,225.0,225.0,213.0,217.0,887
2015-08-14 00:00:00,215.5,217.5,215.5,217.5,640
2015-08-13 00:00:00,228.0,228.0,217.0,217.0,157
2015-08-12 00:00:00,216.0,228.0,216.0,227.5,957
2015-08-11 00:00:00,219.0,223.0,219.0,219.0,325
2015-08-10 00:00:00,225.0,225.0,217.0,221.0,720
2015-08-07 00:00:00,215.5,216.5,215.5,216.5,295
2015-08-06 00:00:00,224.5,224.5,217.0,220.0,564
2015-08-05 00:00:00,229.0,229.0,217.0,226.0,3244
2015-08-04 00:00:00,,225.0,225.0,225.0,0
2015-08-03 00:00:00,225.0,225.0,219.5,225.0,766
2015-07-31 00:00:00,228.5,228.5,228.5,228.5,2
2015-07-30 00:00:00,230.0,230.0,218.0,225.5,521
2015-07-29 00:00:00,233.0,233.0,230.0,230.0,380
2015-07-28 00:00:00,,225.0,225.0,225.0,0
2015-07-27 00:00:00,230.0,230.0,225.0,225.0,1131
2015-07-24 00:00:00,230.0,230.0,230.0,230.0,228
2015-07-23 00:00:00,235.0,235.0,231.5,231.5,165
2015-07-22 00:00:00,232.0,235.0,222.5,235.0,2379
2015-07-21 00:00:00,237.0,237.0,225.5,232.5,3229
2015-07-20 00:00:00,236.5,237.5,225.0,237.0,3141
2015-07-17 00:00:00,227.0,237.0,227.0,236.5,5155
2015-07-16 00:00:00,221.0,227.0,221.0,227.0,19207
2015-07-15 00:00:00,225.5,225.5,219.0,220.0,4679
2015-07-14 00:00:00,218.5,229.0,216.0,225.5,8375
2015-07-13 00:00:00,200.0,220.0,200.0,211.5,11963
2015-07-10 00:00:00,204.0,211.0,201.0,205.0,3276
2015-07-09 00:00:00,200.0,207.0,200.0,200.0,995
2015-07-08 00:00:00,203.0,203.0,196.0,196.0,495
2015-07-07 00:00:00,,203.0,203.0,203.0,0
2015-07-06 00:00:00,197.0,209.5,196.0,203.0,1378
2015-07-03 00:00:00,197.0,197.0,196.0,196.0,269
2015-07-02 00:00:00,195.0,200.0,195.0,198.0,1200
2015-07-01 00:00:00,195.0,205.0,194.0,195.0,5592
2015-06-30 00:00:00,200.0,200.0,192.0,193.5,2624
2015-06-29 00:00:00,206.0,206.0,200.0,200.0,1687
2015-06-26 00:00:00,200.5,215.5,200.5,206.0,96
2015-06-25 00:00:00,215.0,215.0,210.5,210.5,301
2015-06-24 00:00:00,216.0,220.0,213.0,213.0,1746
2015-06-23 00:00:00,212.0,220.0,212.0,213.5,1043
2015-06-22 00:00:00,199.5,211.5,199.5,211.0,438
2015-06-19 00:00:00,,199.0,199.0,199.0,0
2015-06-18 00:00:00,195.5,200.0,195.5,199.0,1566
2015-06-17 00:00:00,196.5,198.0,195.5,195.5,228
2015-06-16 00:00:00,195.5,199.5,195.5,196.0,2484
2015-06-15 00:00:00,202.5,202.5,195.5,195.5,1364
2015-06-12 00:00:00,205.0,209.0,203.0,204.0,5248
2015-06-11 00:00:00,,215.0,215.0,215.0,0
2015-06-10 00:00:00,212.0,215.0,204.0,215.0,2000
2015-06-09 00:00:00,212.0,216.0,210.0,215.0,1927
2015-06-08 00:00:00,210.0,212.5,210.0,212.0,1716
2015-06-05 00:00:00,215.0,220.0,215.0,220.0,266
2015-06-04 00:00:00,220.0,220.0,215.0,215.0,1133
2015-06-03 00:00:00,220.0,221.5,219.0,221.5,1880
2015-06-02 00:00:00,219.0,220.0,219.0,220.0,1249
2015-06-01 00:00:00,220.0,220.0,219.0,220.0,1154
2015-05-29 00:00:00,215.0,222.0,215.0,222.0,3698
2015-05-28 00:00:00,218.0,218.0,215.0,215.0,540
2015-05-27 00:00:00,217.5,218.0,215.0,215.0,96844
2015-05-26 00:00:00,216.5,219.0,215.0,217.5,1276
2015-05-25 00:00:00,219.0,219.0,215.0,217.5,717
2015-05-22 00:00:00,220.0,220.0,216.0,219.0,1472
2015-05-21 00:00:00,215.0,215.5,213.5,215.0,22904
2015-05-20 00:00:00,216.0,218.0,211.5,213.0,1058
2015-05-19 00:00:00,208.5,215.0,208.5,215.0,14259
2015-05-18 00:00:00,206.0,212.0,206.0,208.5,2399
2015-05-15 00:00:00,,217.0,217.0,217.0,0
2015-05-14 00:00:00,213.0,217.5,213.0,217.0,1015
2015-05-13 00:00:00,213.0,217.5,213.0,217.0,1015
2015-05-12 00:00:00,218.0,218.0,209.0,214.0,732
2015-05-11 00:00:00,220.0,220.0,210.5,218.0,133
2015-05-08 00:00:00,217.0,220.0,217.0,220.0,588
2015-05-07 00:00:00,220.0,220.0,206.5,210.0,5999
2015-05-06 00:00:00,210.0,211.5,210.0,211.0,913
2015-05-05 00:00:00,216.0,216.0,207.5,210.0,1046
2015-05-04 00:00:00,222.0,222.0,216.5,216.5,962
2015-05-01 00:00:00,218.0,218.5,215.0,216.0,2050
2015-04-30 00:00:00,218.0,218.5,215.0,216.0,2050
2015-04-29 00:00:00,230.5,230.5,213.0,218.0,9969
2015-04-28 00:00:00,237.0,237.0,221.5,233.0,1355
2015-04-27 00:00:00,231.0,237.0,226.0,237.0,2208
2015-04-24 00:00:00,226.0,233.5,226.0,231.5,3808
2015-04-23 00:00:00,233.0,233.5,220.0,225.0,3667
2015-04-22 00:00:00,226.0,238.0,225.0,236.0,4856
2015-04-21 00:00:00,226.0,238.0,226.0,230.0,1723
2015-04-20 00:00:00,224.0,225.0,217.5,225.0,3711
2015-04-17 00:00:00,235.0,236.5,228.0,228.0,5895
2015-04-16 00:00:00,239.5,239.5,232.0,237.0,2822
2015-04-15 00:00:00,226.0,233.0,226.0,233.0,4612
2015-04-14 00:00:00,220.0,225.0,220.0,225.0,9766
2015-04-13 00:00:00,214.5,220.0,214.5,220.0,12590
2015-04-10 00:00:00,203.0,214.5,203.0,212.0,27047
2015-04-09 00:00:00,194.5,200.0,194.5,195.0,4926
2015-04-08 00:00:00,194.5,197.0,194.5,197.0,686
2015-04-07 00:00:00,199.0,199.0,194.5,197.0,9449
2015-04-02 00:00:00,195.0,196.0,192.0,195.5,904
2015-04-01 00:00:00,192.5,197.0,192.5,196.0,13800
2015-03-31 00:00:00,196.0,196.0,193.0,193.5,8135
2015-03-30 00:00:00,194.0,196.0,190.5,196.0,5913
2015-03-27 00:00:00,199.0,199.0,193.0,193.0,2905
2015-03-26 00:00:00,194.5,197.0,193.5,194.0,1257
2015-03-25 00:00:00,194.0,204.0,194.0,200.0,6584
2015-03-24 00:00:00,192.5,200.0,192.5,193.5,1134
2015-03-23 00:00:00,191.0,200.0,191.0,192.5,1470
2015-03-20 00:00:00,192.0,200.0,192.0,193.5,1609
2015-03-19 00:00:00,193.0,195.0,192.5,193.0,1073
2015-03-18 00:00:00,192.5,197.5,192.5,193.0,2640
2015-03-17 00:00:00,190.0,196.0,190.0,192.0,1296
2015-03-16 00:00:00,196.0,196.0,188.5,190.5,2021
2015-03-13 00:00:00,190.0,192.5,186.5,188.0,1214
2015-03-12 00:00:00,188.0,188.5,181.5,185.0,9735
2015-03-11 00:00:00,186.0,192.0,186.0,188.5,1600
2015-03-10 00:00:00,187.5,190.5,186.5,190.0,669
2015-03-09 00:00:00,191.0,191.5,187.0,188.5,1765
2015-03-06 00:00:00,196.0,197.0,190.5,190.5,1792
2015-03-05 00:00:00,191.5,192.5,187.0,192.0,1281
2015-03-04 00:00:00,196.0,196.0,182.5,191.5,3733
2015-03-03 00:00:00,200.5,201.5,196.0,196.0,3848
2015-03-02 00:00:00,196.0,199.0,196.0,199.0,2694
2015-02-27 00:00:00,201.5,201.5,192.0,195.5,4014
2015-02-26 00:00:00,206.0,208.0,202.0,202.0,1407
2015-02-25 00:00:00,207.0,208.0,205.5,205.5,1808
2015-02-24 00:00:00,205.0,208.0,202.0,208.0,20325
2015-02-23 00:00:00,202.0,205.0,202.0,205.0,4325
2015-02-20 00:00:00,200.0,205.0,200.0,203.5,4883
2015-02-19 00:00:00,199.0,200.0,196.0,200.0,9223
2015-02-18 00:00:00,194.5,197.0,193.0,194.5,21848
2015-02-17 00:00:00,189.0,190.0,187.0,190.0,5396
2015-02-16 00:00:00,183.0,189.0,183.0,189.0,4470
2015-02-13 00:00:00,185.0,187.0,181.5,183.0,5168
2015-02-12 00:00:00,185.0,187.0,177.0,187.0,9384
2015-02-11 00:00:00,175.0,188.0,175.0,185.0,10256
2015-02-10 00:00:00,172.0,175.0,171.0,175.0,6859
2015-02-09 00:00:00,170.0,175.0,164.0,174.0,5160
2015-02-06 00:00:00,165.0,169.0,162.0,169.0,5069
2015-02-05 00:00:00,160.5,165.0,160.0,164.0,2180
2015-02-04 00:00:00,159.5,162.0,159.5,160.0,539
2015-02-03 00:00:00,165.0,165.0,156.5,159.5,202431
2015-02-02 00:00:00,158.0,159.5,158.0,159.5,1269
2015-01-30 00:00:00,155.0,157.0,155.0,157.0,463
2015-01-29 00:00:00,155.0,159.0,154.5,159.0,4217
2015-01-28 00:00:00,157.0,159.0,154.5,159.0,22497
2015-01-27 00:00:00,158.0,158.0,156.0,157.0,267
2015-01-26 00:00:00,155.0,158.0,154.0,158.0,3974
2015-01-23 00:00:00,158.5,159.5,156.0,159.5,696
2015-01-22 00:00:00,156.5,158.5,152.0,158.5,15188
2015-01-21 00:00:00,158.0,158.0,156.5,158.0,1155
2015-01-20 00:00:00,156.0,159.0,154.0,156.0,5044
2015-01-19 00:00:00,161.5,161.5,154.5,156.0,3760
2015-01-16 00:00:00,161.5,161.5,160.5,161.5,337
2015-01-15 00:00:00,162.0,162.0,161.5,161.5,206
2015-01-14 00:00:00,163.5,163.5,160.0,160.0,4610
2015-01-13 00:00:00,163.5,166.0,163.5,164.0,17813
2015-01-12 00:00:00,165.0,167.0,164.0,167.0,794
2015-01-09 00:00:00,165.0,167.0,163.0,167.0,1443
2015-01-08 00:00:00,173.5,173.5,170.0,170.0,752
2015-01-07 00:00:00,168.0,175.0,163.0,174.5,2034
2015-01-06 00:00:00,,167.5,167.5,167.5,0
2015-01-05 00:00:00,163.5,167.5,163.5,167.5,689
2015-01-02 00:00:00,167.5,169.5,163.5,163.5,755
2015-01-01 00:00:00,163.0,169.5,163.0,167.5,5771
2014-12-30 00:00:00,163.0,169.5,163.0,167.5,5771
2014-12-29 00:00:00,164.5,165.0,160.0,164.0,5039
2014-12-23 00:00:00,156.0,162.5,156.0,162.5,1013
2014-12-22 00:00:00,156.0,160.0,156.0,160.0,1238
2014-12-19 00:00:00,160.0,162.0,157.0,160.0,1983
2014-12-18 00:00:00,159.0,160.0,159.0,160.0,3916
2014-12-17 00:00:00,159.0,159.5,159.0,159.0,423
2014-12-16 00:00:00,157.0,159.0,157.0,159.0,6762
2014-12-15 00:00:00,159.0,159.0,157.0,159.0,5010
2014-12-12 00:00:00,154.5,159.5,154.5,159.0,3665
2014-12-11 00:00:00,154.0,154.0,153.5,154.0,2381
2014-12-10 00:00:00,153.0,154.0,153.0,154.0,709
2014-12-09 00:00:00,153.0,155.0,152.0,153.0,2496
2014-12-08 00:00:00,157.0,157.0,153.0,153.0,2080
2014-12-05 00:00:00,156.0,157.5,148.75,157.5,1672
2014-12-04 00:00:00,158.5,158.5,153.0,156.5,935
2014-12-03 00:00:00,154.5,158.5,154.5,158.5,2995
2014-12-02 00:00:00,155.5,156.0,152.0,154.5,3390
2014-12-01 00:00:00,155.5,156.0,152.0,155.0,1621
2014-11-28 00:00:00,154.0,154.0,154.0,154.0,160
2014-11-27 00:00:00,154.0,156.0,153.0,153.0,826
2014-11-26 00:00:00,158.0,158.0,153.0,157.0,450
2014-11-25 00:00:00,154.0,158.5,154.0,158.0,2792
2014-11-24 00:00:00,153.0,154.0,153.0,154.0,4366
2014-11-21 00:00:00,151.5,152.5,151.0,152.5,1954
2014-11-20 00:00:00,151.5,151.5,151.5,151.5,1060
2014-11-19 00:00:00,153.0,154.0,151.5,151.5,1547
2014-11-18 00:00:00,151.0,153.0,150.0,153.0,945
2014-11-17 00:00:00,152.0,153.5,151.0,151.0,1182
2014-11-14 00:00:00,153.0,154.0,152.5,154.0,310
2014-11-13 00:00:00,152.5,154.0,152.5,154.0,778
2014-11-12 00:00:00,150.0,154.5,150.0,151.0,2706
2014-11-11 00:00:00,152.0,155.0,149.25,152.5,1952
2014-11-10 00:00:00,151.0,156.0,151.0,153.0,2290
2014-11-07 00:00:00,154.5,154.5,151.0,151.0,888
2014-11-06 00:00:00,154.5,154.5,152.0,154.0,1662
2014-11-05 00:00:00,155.0,155.0,154.0,154.5,1610
2014-11-04 00:00:00,154.0,155.0,150.5,155.0,1249
2014-11-03 00:00:00,153.5,154.5,153.5,154.5,726
2014-10-31 00:00:00,156.0,157.0,154.0,155.0,712
2014-10-30 00:00:00,150.0,157.0,150.0,155.0,1353
2014-10-29 00:00:00,153.5,155.5,148.0,155.0,2668
2014-10-28 00:00:00,150.0,156.5,148.0,156.5,1518
2014-10-24 00:00:00,154.0,154.0,150.0,153.0,1184
2014-10-23 00:00:00,152.0,152.0,150.0,152.0,675
2014-10-22 00:00:00,154.5,154.5,148.0,152.0,1099
2014-10-21 00:00:00,145.25,155.5,144.0,150.0,2631
2014-10-20 00:00:00,138.0,145.0,138.0,145.0,3362
2014-10-17 00:00:00,139.75,140.0,137.5,137.5,12198
2014-10-16 00:00:00,136.5,139.75,132.25,137.0,3954
2014-10-15 00:00:00,134.75,135.0,130.75,131.0,99611
2014-10-14 00:00:00,140.0,140.0,130.5,131.5,4912
2014-10-13 00:00:00,139.75,140.0,132.0,140.0,2995
2014-10-10 00:00:00,139.0,140.75,135.75,138.0,3886
2014-10-09 00:00:00,142.5,144.0,139.0,139.0,2905
2014-10-08 00:00:00,146.0,146.0,142.25,142.25,1430
2014-10-07 00:00:00,146.0,148.75,140.0,141.5,2308
2014-10-06 00:00:00,145.25,146.0,145.0,146.0,3301
2014-10-03 00:00:00,155.0,155.0,144.25,145.0,879
2014-10-02 00:00:00,159.5,159.5,150.0,150.0,2895
2014-10-01 00:00:00,165.5,165.5,155.0,156.0,1206
2014-09-30 00:00:00,159.0,160.0,158.0,158.0,432
2014-09-29 00:00:00,167.0,167.0,158.5,159.0,853
2014-09-26 00:00:00,160.5,163.5,156.5,161.5,1681
2014-09-25 00:00:00,165.0,166.0,160.0,160.0,1860
2014-09-24 00:00:00,,167.0,167.0,167.0,0
2014-09-23 00:00:00,164.0,167.0,163.0,167.0,1815
2014-09-22 00:00:00,167.0,167.0,163.0,164.0,719
2014-09-19 00:00:00,160.0,167.0,160.0,166.5,2172
2014-09-18 00:00:00,152.0,159.5,152.0,159.0,1096
2014-09-17 00:00:00,154.0,154.0,151.5,151.5,287
2014-09-16 00:00:00,155.0,156.0,154.5,154.5,1455
2014-09-15 00:00:00,160.0,160.0,151.5,154.0,1436
2014-09-12 00:00:00,170.0,170.0,163.0,163.0,1349
2014-09-11 00:00:00,169.5,169.5,164.0,164.0,1220
2014-09-10 00:00:00,170.0,170.0,168.5,168.5,5538
2014-09-09 00:00:00,160.0,170.0,160.0,168.5,5140
2014-09-08 00:00:00,148.5,160.0,147.5,158.0,2200
2014-09-05 00:00:00,146.0,146.25,146.0,146.0,539
2014-09-04 00:00:00,146.0,148.25,145.0,148.0,1138
2014-09-03 00:00:00,149.0,149.0,146.0,146.0,755
2014-09-02 00:00:00,140.75,150.0,140.75,149.0,344
2014-09-01 00:00:00,146.0,150.0,146.0,149.0,588
2014-08-29 00:00:00,148.25,151.5,148.25,151.5,147
2014-08-28 00:00:00,147.25,150.0,147.25,150.0,570
2014-08-27 00:00:00,150.0,150.0,146.0,146.0,125
2014-08-26 00:00:00,147.0,149.0,145.5,148.0,1126
2014-08-25 00:00:00,148.25,148.25,147.0,147.0,315
2014-08-22 00:00:00,150.0,151.0,148.0,148.0,180
2014-08-21 00:00:00,151.0,151.0,150.0,150.0,120
2014-08-20 00:00:00,152.5,152.5,152.5,152.5,590
2014-08-19 00:00:00,149.0,158.5,147.0,150.0,76575
2014-08-18 00:00:00,149.75,150.0,149.0,149.0,745
2014-08-15 00:00:00,152.5,152.5,152.5,152.5,151
2014-08-14 00:00:00,154.0,155.0,154.0,155.0,360
2014-08-13 00:00:00,152.5,155.0,152.0,155.0,512
2014-08-12 00:00:00,152.0,152.0,151.0,151.0,5208
2014-08-11 00:00:00,150.0,152.0,149.0,152.0,1425
2014-08-08 00:00:00,152.0,152.0,149.0,150.0,853
2014-08-07 00:00:00,153.0,153.0,152.5,152.5,100
2014-08-06 00:00:00,157.0,157.0,153.0,153.0,1355
2014-08-05 00:00:00,157.0,158.0,157.0,158.0,1138
2014-08-04 00:00:00,156.0,158.5,155.5,158.5,21205
2014-08-01 00:00:00,160.0,162.0,157.5,162.0,1473
2014-07-31 00:00:00,153.0,162.0,153.0,162.0,397
2014-07-30 00:00:00,164.0,164.0,160.0,160.0,6105
2014-07-29 00:00:00,164.0,164.0,161.0,161.5,580
2014-07-28 00:00:00,161.0,167.5,161.0,164.0,2040
2014-07-25 00:00:00,163.0,165.0,160.0,160.0,1794
2014-07-24 00:00:00,,164.0,164.0,164.0,0
2014-07-23 00:00:00,163.0,164.0,162.5,164.0,552
2014-07-22 00:00:00,163.0,163.0,161.0,163.0,981
2014-07-21 00:00:00,163.0,165.5,163.0,165.0,641
2014-07-18 00:00:00,168.0,168.0,163.0,164.0,1306
2014-07-17 00:00:00,170.0,170.0,168.0,168.0,16541
2014-07-16 00:00:00,172.5,173.0,170.0,170.0,940
2014-07-15 00:00:00,163.0,170.5,163.0,170.0,3738
2014-07-14 00:00:00,170.5,171.0,170.0,170.0,1415
2014-07-11 00:00:00,175.0,175.0,174.0,175.0,150
2014-07-10 00:00:00,175.5,175.5,175.5,175.5,157
2014-07-09 00:00:00,179.5,180.0,177.0,177.0,885
2014-07-08 00:00:00,180.5,180.5,175.0,177.0,5979
2014-07-07 00:00:00,174.0,175.5,174.0,175.0,605
2014-07-04 00:00:00,174.0,176.5,172.5,175.5,10006
2014-07-03 00:00:00,170.0,174.5,165.0,173.5,1556
2014-07-02 00:00:00,170.0,170.0,167.0,169.0,464
2014-07-01 00:00:00,166.0,170.0,166.0,168.0,443
2014-06-30 00:00:00,165.0,171.0,165.0,167.0,1367
2014-06-27 00:00:00,172.0,172.0,168.0,168.0,1755
2014-06-26 00:00:00,175.5,175.5,171.5,171.5,550
2014-06-25 00:00:00,171.0,175.5,170.0,175.5,1183
2014-06-24 00:00:00,,178.0,178.0,178.0,0
2014-06-23 00:00:00,173.5,178.0,170.5,178.0,720
2014-06-20 00:00:00,,178.5,178.5,178.5,0
2014-06-19 00:00:00,172.5,178.5,172.5,178.5,369
2014-06-18 00:00:00,172.5,175.0,172.5,175.0,825
2014-06-17 00:00:00,176.5,176.5,173.0,173.0,1926
2014-06-16 00:00:00,179.5,180.0,179.5,180.0,100
2014-06-13 00:00:00,178.0,178.0,178.0,178.0,331
2014-06-12 00:00:00,179.5,181.0,176.5,178.0,653
2014-06-11 00:00:00,180.5,180.5,180.5,180.5,100
2014-06-10 00:00:00,180.5,181.0,180.0,180.5,1907
2014-06-09 00:00:00,182.0,189.0,180.5,181.5,900
2014-06-06 00:00:00,,181.5,181.5,181.5,0
2014-06-05 00:00:00,,181.5,181.5,181.5,0
2014-06-04 00:00:00,185.0,185.5,181.0,181.5,2485
2014-06-03 00:00:00,189.5,190.0,187.0,187.0,641
2014-06-02 00:00:00,190.0,190.5,185.0,189.5,2290
2014-05-30 00:00:00,190.0,190.0,190.0,190.0,226
2014-05-28 00:00:00,181.5,191.0,181.5,191.0,1000
2014-05-27 00:00:00,183.0,189.0,181.0,189.0,1225
2014-05-26 00:00:00,183.0,183.0,180.5,180.5,850
2014-05-23 00:00:00,181.0,181.0,180.5,180.5,272
2014-05-22 00:00:00,180.0,185.5,180.0,180.0,330
2014-05-21 00:00:00,182.0,182.0,181.0,181.0,28
2014-05-20 00:00:00,185.0,185.0,181.0,184.0,1032
2014-05-19 00:00:00,181.5,189.0,178.0,189.0,3220
2014-05-16 00:00:00,190.0,190.0,181.0,184.0,4562
2014-05-15 00:00:00,192.0,197.0,192.0,195.0,4458
2014-05-14 00:00:00,190.0,190.0,189.0,190.0,1023
2014-05-13 00:00:00,184.0,188.0,182.5,188.0,3143
2014-05-12 00:00:00,176.0,179.5,176.0,179.5,2414
2014-05-09 00:00:00,171.0,171.0,171.0,171.0,1000
2014-05-08 00:00:00,175.0,175.0,167.0,170.0,573
2014-05-07 00:00:00,165.0,175.0,164.5,173.0,1762
2014-05-06 00:00:00,173.5,173.5,173.5,173.5,37
2014-05-05 00:00:00,166.0,173.5,166.0,173.5,790
2014-05-02 00:00:00,167.0,170.0,166.0,166.0,405
2014-05-01 00:00:00,,167.0,167.0,167.0,0
2014-04-30 00:00:00,169.0,169.0,167.0,167.0,98
2014-04-29 00:00:00,166.5,171.0,166.0,166.0,1091
2014-04-28 00:00:00,171.0,171.0,162.5,166.5,1161
2014-04-25 00:00:00,172.5,173.0,170.0,170.5,1230
2014-04-24 00:00:00,182.0,182.0,172.0,172.5,2871
2014-04-23 00:00:00,184.0,185.0,183.0,183.0,1000
2014-04-22 00:00:00,182.0,184.0,182.0,184.0,244
2014-04-17 00:00:00,185.0,185.5,182.0,182.0,1830
2014-04-16 00:00:00,181.0,184.0,178.5,184.0,4902
2014-04-15 00:00:00,186.0,186.0,181.0,181.0,1733
2014-04-14 00:00:00,185.5,186.0,185.5,185.5,227
2014-04-11 00:00:00,187.5,188.0,185.0,185.5,1290
2014-04-10 00:00:00,187.5,189.0,187.5,187.5,990
2014-04-09 00:00:00,187.5,187.5,185.0,185.5,322
2014-04-08 00:00:00,184.0,184.0,183.0,183.0,256
2014-04-07 00:00:00,187.0,187.0,183.0,184.0,1594
2014-04-04 00:00:00,187.5,187.5,187.5,187.5,100
2014-04-03 00:00:00,188.5,190.0,188.5,190.0,373
2014-04-02 00:00:00,185.0,190.0,182.5,190.0,696
2014-04-01 00:00:00,189.0,190.0,186.0,190.0,167
2014-03-31 00:00:00,186.5,188.0,185.0,188.0,1231
2014-03-28 00:00:00,186.0,187.0,184.0,184.0,2363
2014-03-27 00:00:00,185.5,190.0,185.0,190.0,250
2014-03-26 00:00:00,187.5,187.5,187.5,187.5,50
2014-03-25 00:00:00,189.5,190.0,187.5,187.5,503
2014-03-24 00:00:00,190.0,190.0,187.5,187.5,350
2014-03-21 00:00:00,190.0,190.0,189.5,190.0,1444
2014-03-20 00:00:00,190.0,190.5,185.0,190.0,3554
2014-03-19 00:00:00,188.0,195.0,187.5,192.0,2580
2014-03-18 00:00:00,184.0,184.0,179.0,183.0,2077
2014-03-17 00:00:00,181.0,184.0,177.0,184.0,949
2014-03-14 00:00:00,174.0,177.0,174.0,177.0,1334
2014-03-13 00:00:00,178.5,180.0,178.0,179.5,1316
2014-03-12 00:00:00,177.5,178.0,175.0,177.0,519
2014-03-11 00:00:00,177.5,177.5,174.5,177.5,3105
2014-03-10 00:00:00,180.5,180.5,174.0,176.5,2129
2014-03-07 00:00:00,178.0,183.5,174.0,183.5,3339
2014-03-06 00:00:00,178.0,181.0,175.0,179.0,2385
2014-03-05 00:00:00,182.0,182.0,181.0,181.0,285
2014-03-04 00:00:00,180.5,186.0,178.0,183.0,1828
2014-03-03 00:00:00,185.0,185.0,176.0,180.0,633
2014-02-28 00:00:00,184.5,185.5,176.5,185.5,2032
2014-02-27 00:00:00,190.0,193.5,184.0,186.0,1990
2014-02-26 00:00:00,187.0,190.0,184.0,190.0,1553
2014-02-25 00:00:00,189.0,192.0,187.0,187.5,280
2014-02-24 00:00:00,191.0,191.0,191.0,191.0,60
2014-02-21 00:00:00,187.5,194.0,187.0,191.0,1768
2014-02-20 00:00:00,191.0,191.0,191.0,191.0,100
2014-02-19 00:00:00,192.0,193.0,192.0,193.0,100
2014-02-18 00:00:00,187.5,193.0,187.5,193.0,627
2014-02-17 00:00:00,199.0,199.0,193.0,193.0,1204
2014-02-14 00:00:00,189.0,196.0,184.5,196.0,3012
2014-02-13 00:00:00,193.0,193.0,190.0,192.0,1701
2014-02-12 00:00:00,200.0,200.0,192.5,192.5,3687
2014-02-11 00:00:00,201.5,205.0,197.0,205.0,2321
2014-02-10 00:00:00,202.0,202.0,199.0,201.5,1071
2014-02-07 00:00:00,202.5,202.5,202.5,202.5,350
2014-02-06 00:00:00,196.0,199.5,196.0,199.5,460
2014-02-05 00:00:00,193.0,201.0,193.0,196.0,1726
2014-02-04 00:00:00,193.5,196.0,192.0,196.0,1421
2014-02-03 00:00:00,195.0,205.5,195.0,200.0,100730
2014-01-31 00:00:00,193.0,202.5,193.0,193.0,1261
2014-01-30 00:00:00,199.5,200.5,193.0,200.0,1299
2014-01-29 00:00:00,201.0,203.0,198.0,201.0,1419
2014-01-28 00:00:00,198.0,200.0,198.0,200.0,175
2014-01-27 00:00:00,194.5,198.0,193.0,198.0,213
2014-01-24 00:00:00,210.0,210.0,195.0,198.5,2528
2014-01-23 00:00:00,203.5,208.0,203.5,208.0,1382
2014-01-22 00:00:00,203.0,203.5,198.0,203.5,2725
2014-01-21 00:00:00,202.0,203.0,202.0,203.0,1338
2014-01-20 00:00:00,197.0,202.0,196.0,202.0,5787
2014-01-17 00:00:00,200.5,201.0,197.0,201.0,1234
2014-01-16 00:00:00,202.0,202.0,197.0,201.0,830
2014-01-15 00:00:00,195.0,204.0,195.0,204.0,7523
2014-01-14 00:00:00,202.0,202.0,198.0,198.0,2113
2014-01-13 00:00:00,196.0,207.0,196.0,202.0,4987
2014-01-10 00:00:00,195.0,200.0,192.5,200.0,1565
2014-01-09 00:00:00,195.0,200.0,194.5,194.5,2204
2014-01-08 00:00:00,198.5,216.0,194.5,194.5,10451
2014-01-07 00:00:00,195.0,196.0,195.0,196.0,1345
2014-01-06 00:00:00,,193.0,193.0,193.0,0
2014-01-03 00:00:00,192.0,200.0,192.0,193.0,5172
2014-01-02 00:00:00,196.0,196.0,193.0,193.0,215
2013-12-31 00:00:00,,190.0,190.0,190.0,0
2013-12-30 00:00:00,195.0,195.0,188.0,190.0,4391
2013-12-27 00:00:00,194.0,195.0,187.0,195.0,15965
2013-12-23 00:00:00,194.0,195.0,190.0,195.0,2921
2013-12-20 00:00:00,190.0,194.0,185.5,194.0,4644
2013-12-19 00:00:00,190.0,190.0,189.5,190.0,3020
2013-12-18 00:00:00,188.0,188.0,178.5,188.0,50330
2013-12-17 00:00:00,185.0,187.0,185.0,187.0,3647
2013-12-16 00:00:00,187.0,187.0,182.0,185.0,550
2013-12-13 00:00:00,183.5,183.5,176.5,183.0,1293
2013-12-12 00:00:00,183.5,183.5,183.5,183.5,421
2013-12-11 00:00:00,184.0,188.0,184.0,187.0,943
2013-12-10 00:00:00,183.5,187.0,183.5,187.0,548
2013-12-09 00:00:00,186.0,187.0,183.5,183.5,579
2013-12-06 00:00:00,186.5,186.5,184.0,186.0,1052
2013-12-05 00:00:00,185.5,187.0,181.5,186.5,1151
2013-12-04 00:00:00,187.0,187.0,185.5,185.5,75
2013-12-03 00:00:00,187.5,187.5,184.0,187.0,883
2013-12-02 00:00:00,189.0,189.0,180.5,187.5,736
2013-11-29 00:00:00,194.0,194.0,189.5,190.0,1400
2013-11-28 00:00:00,190.0,194.0,189.5,194.0,209
2013-11-27 00:00:00,190.0,191.0,190.0,190.0,2275
2013-11-26 00:00:00,189.5,193.0,189.5,190.0,1494
2013-11-25 00:00:00,180.5,190.0,180.5,189.5,985
2013-11-22 00:00:00,175.0,176.0,172.5,176.0,7587
2013-11-21 00:00:00,180.0,180.0,173.0,173.5,7511
2013-11-20 00:00:00,188.0,188.0,176.0,180.0,2225
2013-11-19 00:00:00,189.0,189.0,187.0,187.0,1374
2013-11-18 00:00:00,192.0,195.0,190.0,190.0,4145
2013-11-15 00:00:00,190.0,195.0,190.0,192.0,1539
2013-11-14 00:00:00,190.0,191.0,187.0,189.5,941
2013-11-13 00:00:00,195.0,198.0,195.0,198.0,5360
2013-11-12 00:00:00,200.0,200.0,194.0,194.0,3061
2013-11-11 00:00:00,186.0,202.5,186.0,196.0,4041
2013-11-08 00:00:00,187.0,187.0,185.0,185.0,2892
2013-11-07 00:00:00,186.0,186.0,185.0,185.0,1730
2013-11-06 00:00:00,187.0,188.0,186.5,187.0,2016
2013-11-05 00:00:00,189.0,189.0,184.0,187.0,5198
2013-11-04 00:00:00,168.5,190.0,168.5,190.0,3507
2013-11-01 00:00:00,164.0,168.0,164.0,168.0,331
2013-10-31 00:00:00,165.0,167.0,163.0,167.0,1659
2013-10-30 00:00:00,170.0,171.0,168.0,171.0,1800
2013-10-29 00:00:00,165.0,168.0,165.0,165.0,2474
2013-10-28 00:00:00,171.0,171.5,168.0,168.0,1055
2013-10-25 00:00:00,166.0,171.0,165.5,171.0,1501
2013-10-24 00:00:00,165.5,166.5,165.5,166.5,2683
2013-10-23 00:00:00,166.0,168.0,165.5,168.0,5128
2013-10-22 00:00:00,164.0,166.0,164.0,166.0,2059
2013-10-21 00:00:00,170.0,170.0,163.0,164.0,8334
2013-10-18 00:00:00,171.0,173.0,171.0,173.0,675
2013-10-17 00:00:00,172.0,172.0,165.0,170.0,5390
2013-10-16 00:00:00,170.5,172.0,165.0,172.0,1437
2013-10-15 00:00:00,170.0,171.0,170.0,171.0,425
2013-10-14 00:00:00,166.0,172.0,165.0,172.0,1499
2013-10-11 00:00:00,166.0,166.0,166.0,166.0,200
2013-10-10 00:00:00,172.0,176.0,165.0,165.5,1762
2013-10-09 00:00:00,169.0,175.0,168.0,175.0,2750
2013-10-08 00:00:00,163.5,164.0,162.0,164.0,925
2013-10-07 00:00:00,169.0,169.0,159.5,159.5,1345
2013-10-04 00:00:00,161.0,161.0,161.0,161.0,2145
2013-10-03 00:00:00,162.0,162.0,162.0,162.0,40
2013-10-02 00:00:00,160.0,160.0,160.0,160.0,700
2013-10-01 00:00:00,160.5,162.0,160.5,162.0,840
2013-09-30 00:00:00,163.0,163.0,159.5,162.0,1055
2013-09-27 00:00:00,163.0,163.0,163.0,163.0,1000
2013-09-26 00:00:00,161.0,164.5,161.0,164.5,648
2013-09-25 00:00:00,161.5,162.0,161.0,161.0,1207
2013-09-24 00:00:00,161.0,161.0,161.0,161.0,660
2013-09-23 00:00:00,161.0,161.5,161.0,161.5,1936
2013-09-20 00:00:00,161.0,161.5,161.0,161.5,1250
2013-09-19 00:00:00,163.0,163.0,162.0,162.0,5546
2013-09-18 00:00:00,162.5,163.0,161.0,163.0,360
2013-09-17 00:00:00,159.5,163.0,159.5,163.0,15955
2013-09-16 00:00:00,160.0,160.0,158.0,158.0,880
2013-09-13 00:00:00,159.0,160.5,159.0,160.5,2760
2013-09-12 00:00:00,160.0,160.0,160.0,160.0,886
2013-09-11 00:00:00,157.5,160.5,157.5,160.0,684
2013-09-10 00:00:00,158.0,161.0,157.5,157.5,13803
2013-09-09 00:00:00,160.0,160.0,156.5,157.0,60488
2013-09-06 00:00:00,158.0,158.0,157.5,157.5,344
2013-09-05 00:00:00,155.0,157.5,155.0,155.0,24205
2013-09-04 00:00:00,158.0,158.0,155.0,155.0,578
2013-09-03 00:00:00,159.0,159.0,159.0,159.0,88
2013-09-02 00:00:00,157.0,159.0,157.0,159.0,1418
2013-08-30 00:00:00,152.0,152.0,152.0,152.0,729
2013-08-29 00:00:00,154.5,154.5,152.0,152.0,1350
2013-08-28 00:00:00,154.0,154.0,154.0,154.0,396
2013-08-27 00:00:00,157.0,157.0,154.0,154.0,3219
2013-08-26 00:00:00,160.0,160.0,157.0,157.0,1100
2013-08-23 00:00:00,160.0,160.0,157.0,157.0,1322
2013-08-22 00:00:00,160.0,163.0,157.5,157.5,762
2013-08-21 00:00:00,158.0,158.0,158.0,158.0,300
2013-08-20 00:00:00,160.0,160.0,158.0,158.0,750
2013-08-19 00:00:00,160.0,162.0,158.0,158.0,3116
2013-08-16 00:00:00,160.0,162.0,160.0,160.0,1093
2013-08-15 00:00:00,,160.0,160.0,160.0,0
2013-08-14 00:00:00,160.0,164.0,160.0,160.0,3210
2013-08-13 00:00:00,167.0,167.0,157.0,157.0,1360
2013-08-12 00:00:00,162.0,166.0,162.0,166.0,785
2013-08-09 00:00:00,167.0,167.0,163.0,163.0,6788
2013-08-08 00:00:00,160.5,160.5,160.5,160.5,178
2013-08-07 00:00:00,160.0,165.0,160.0,165.0,1524
2013-08-06 00:00:00,165.0,165.0,165.0,165.0,125
2013-08-05 00:00:00,165.0,165.0,165.0,165.0,1488
2013-08-02 00:00:00,160.0,166.0,160.0,166.0,5521
2013-08-01 00:00:00,,158.0,158.0,158.0,0
2013-07-31 00:00:00,158.0,158.0,158.0,158.0,500
2013-07-30 00:00:00,164.0,164.0,158.0,163.0,379
2013-07-29 00:00:00,162.0,163.0,156.0,163.0,1019
2013-07-26 00:00:00,163.0,163.0,163.0,163.0,460
2013-07-25 00:00:00,164.0,164.0,163.0,163.0,981
2013-07-24 00:00:00,165.0,165.0,164.0,164.0,401
2013-07-23 00:00:00,164.0,164.0,164.0,164.0,100
2013-07-22 00:00:00,,173.0,173.0,173.0,0
2013-07-19 00:00:00,173.0,173.0,173.0,173.0,12
2013-07-18 00:00:00,164.0,173.0,164.0,173.0,420
2013-07-17 00:00:00,172.5,172.5,163.0,163.0,1570
2013-07-16 00:00:00,,173.0,173.0,173.0,0
2013-07-15 00:00:00,173.0,173.0,172.0,173.0,2998
2013-07-12 00:00:00,171.0,171.0,171.0,171.0,1139
2013-07-11 00:00:00,171.0,172.0,171.0,171.0,2248
2013-07-10 00:00:00,167.0,171.0,167.0,171.0,3571
2013-07-09 00:00:00,171.0,171.0,171.0,171.0,60
2013-07-08 00:00:00,173.0,173.0,173.0,173.0,6050
2013-07-05 00:00:00,170.0,173.0,170.0,173.0,2000
2013-07-04 00:00:00,170.0,170.0,170.0,170.0,437
2013-07-03 00:00:00,,173.0,173.0,173.0,0
2013-07-02 00:00:00,173.0,173.5,173.0,173.0,7116
2013-07-01 00:00:00,167.0,173.0,167.0,173.0,881
2013-06-28 00:00:00,166.5,173.0,166.5,166.5,1718
2013-06-27 00:00:00,163.0,166.0,163.0,166.0,558
2013-06-26 00:00:00,167.0,172.0,167.0,171.0,2597
2013-06-25 00:00:00,165.0,165.0,165.0,165.0,61
2013-06-24 00:00:00,159.5,172.0,159.5,163.5,2767
2013-06-21 00:00:00,,169.5,169.5,169.5,0
2013-06-20 00:00:00,172.0,172.0,169.5,169.5,1991
2013-06-19 00:00:00,172.0,172.0,172.0,172.0,656
2013-06-18 00:00:00,172.0,172.0,172.0,172.0,14
2013-06-17 00:00:00,170.0,172.0,169.0,172.0,847
2013-06-14 00:00:00,164.0,169.5,164.0,169.5,160
2013-06-13 00:00:00,163.5,163.5,163.5,163.5,250
2013-06-12 00:00:00,171.0,172.0,165.0,172.0,1798
2013-06-11 00:00:00,166.5,173.0,166.5,173.0,4159
2013-06-10 00:00:00,172.0,172.0,166.5,166.5,530
2013-06-07 00:00:00,172.0,172.0,172.0,172.0,789
2013-06-06 00:00:00,,172.5,172.5,172.5,0
2013-06-05 00:00:00,171.0,172.5,171.0,172.5,600
2013-06-04 00:00:00,171.0,171.0,171.0,171.0,160
2013-06-03 00:00:00,168.0,168.0,168.0,168.0,2100
2013-05-31 00:00:00,168.0,170.0,168.0,168.0,1550
2013-05-30 00:00:00,166.0,170.0,166.0,169.0,3082
2013-05-29 00:00:00,164.5,166.0,163.0,166.0,300
2013-05-28 00:00:00,168.5,168.5,166.0,166.0,8278
2013-05-27 00:00:00,164.5,165.0,164.5,164.5,1340
2013-05-24 00:00:00,168.0,168.0,163.0,163.0,300
2013-05-23 00:00:00,172.0,172.0,163.0,167.5,438
2013-05-22 00:00:00,163.0,171.0,163.0,170.0,2315
2013-05-21 00:00:00,178.5,178.5,169.0,169.0,617
2013-05-20 00:00:00,166.0,168.5,163.0,168.5,1392
2013-05-17 00:00:00,168.5,168.5,168.5,168.5,6
2013-05-16 00:00:00,165.0,168.0,165.0,168.0,10965
2013-05-15 00:00:00,165.0,165.0,164.5,164.5,340
2013-05-14 00:00:00,166.0,166.0,165.0,165.0,444
2013-05-13 00:00:00,163.5,168.0,163.0,163.0,5607
2013-05-10 00:00:00,161.0,166.0,161.0,166.0,591
2013-05-09 00:00:00,,161.0,161.0,161.0,0
2013-05-08 00:00:00,160.5,161.0,160.5,161.0,2405
2013-05-07 00:00:00,158.0,160.0,156.0,160.0,1186
2013-05-06 00:00:00,160.0,160.0,158.0,158.0,654
2013-05-03 00:00:00,160.0,160.0,160.0,160.0,260
2013-05-02 00:00:00,159.0,163.0,159.0,161.0,30366
2013-05-01 00:00:00,,158.0,158.0,158.0,0
2013-04-30 00:00:00,155.5,159.0,155.5,158.0,3457
2013-04-29 00:00:00,173.0,173.0,151.0,161.5,50610
2013-04-26 00:00:00,169.0,173.0,169.0,173.0,1260
2013-04-25 00:00:00,169.0,173.0,169.0,173.0,760
2013-04-24 00:00:00,173.0,174.0,173.0,174.0,2000
2013-04-23 00:00:00,168.0,173.0,168.0,170.0,2403
2013-04-22 00:00:00,172.5,173.0,172.0,172.0,895
2013-04-19 00:00:00,171.0,172.0,170.0,172.0,1779
2013-04-18 00:00:00,170.0,172.0,170.0,171.5,315
2013-04-17 00:00:00,169.0,172.0,168.0,170.5,3235
2013-04-16 00:00:00,171.0,171.0,168.0,168.0,3542
2013-04-15 00:00:00,170.5,172.5,169.0,170.0,3448
2013-04-12 00:00:00,164.0,166.0,162.0,165.5,3488
2013-04-11 00:00:00,166.5,166.5,164.5,164.5,1955
2013-04-10 00:00:00,166.0,166.0,166.0,166.0,100
2013-04-09 00:00:00,170.0,170.0,166.0,166.0,866
2013-04-08 00:00:00,170.0,170.0,170.0,170.0,100
2013-04-05 00:00:00,170.0,170.0,169.0,169.0,99
2013-04-04 00:00:00,166.5,166.5,163.0,166.5,1761
2013-04-03 00:00:00,174.0,174.0,162.5,166.5,5836
2013-04-02 00:00:00,178.0,178.0,170.0,172.0,1229
2013-04-01 00:00:00,,168.0,168.0,168.0,0
2013-03-29 00:00:00,172.0,168.0,168.0,168.0,1590
2013-03-28 00:00:00,172.0,173.0,170.0,170.0,1590
2013-03-27 00:00:00,172.0,173.0,170.0,170.0,1590
2013-03-26 00:00:00,166.5,172.0,166.5,172.0,320
2013-03-25 00:00:00,173.5,173.5,168.0,169.0,924
2013-03-22 00:00:00,165.0,170.0,165.0,165.0,11895
2013-03-21 00:00:00,165.0,166.0,165.0,165.0,892
2013-03-20 00:00:00,,167.0,167.0,167.0,0
2013-03-19 00:00:00,166.0,167.0,165.0,167.0,590
2013-03-18 00:00:00,167.0,167.0,163.0,166.0,5020
2013-03-15 00:00:00,171.0,171.0,165.5,167.0,1375
2013-03-14 00:00:00,,170.0,170.0,170.0,0
2013-03-13 00:00:00,171.5,171.5,170.0,170.0,155
2013-03-12 00:00:00,169.0,172.0,166.5,171.5,942
2013-03-11 00:00:00,170.0,170.0,169.0,169.0,2251
2013-03-08 00:00:00,173.0,174.0,170.0,170.0,639
2013-03-07 00:00:00,174.0,175.0,172.5,172.5,4405
2013-03-06 00:00:00,171.0,177.0,171.0,172.0,1028
2013-03-05 00:00:00,167.0,170.0,167.0,170.0,1316
2013-03-04 00:00:00,166.0,170.0,166.0,167.0,4849
2013-03-01 00:00:00,166.5,168.0,166.0,168.0,1088
2013-02-28 00:00:00,171.0,173.0,168.0,173.0,12010
2013-02-27 00:00:00,166.0,173.0,166.0,170.0,2176
2013-02-26 00:00:00,166.0,171.0,166.0,169.0,3140
2013-02-25 00:00:00,167.5,170.5,166.0,170.5,3158
2013-02-22 00:00:00,172.0,172.0,167.0,168.0,3820
2013-02-21 00:00:00,165.0,170.0,160.0,170.0,4066
2013-02-20 00:00:00,175.0,175.5,174.0,174.0,6845
2013-02-19 00:00:00,175.0,176.0,173.0,175.5,2696
2013-02-18 00:00:00,167.5,180.0,167.5,173.0,13817
2013-02-15 00:00:00,165.0,167.5,164.5,167.5,2675
2013-02-14 00:00:00,169.0,169.0,161.0,167.5,4930
2013-02-13 00:00:00,160.5,169.0,159.0,169.0,6443
2013-02-12 00:00:00,146.0,162.5,146.0,161.0,11810
2013-02-11 00:00:00,150.0,150.0,148.0,149.0,1838
2013-02-08 00:00:00,144.5,150.0,144.5,150.0,4698
2013-02-07 00:00:00,143.25,148.0,142.0,143.25,3099
2013-02-06 00:00:00,142.0,143.25,142.0,143.25,283
2013-02-05 00:00:00,144.0,145.0,142.0,142.0,1588
2013-02-04 00:00:00,139.25,143.0,139.25,140.0,4870
2013-02-01 00:00:00,141.0,141.0,138.25,139.5,3206
2013-01-31 00:00:00,141.0,141.0,140.0,141.0,18522
2013-01-30 00:00:00,137.75,141.0,137.75,140.0,9441
2013-01-29 00:00:00,140.0,140.0,137.0,138.0,2105
2013-01-28 00:00:00,140.5,140.5,140.0,140.0,1373
2013-01-25 00:00:00,139.0,141.0,139.0,140.0,1248
2013-01-24 00:00:00,137.5,137.5,137.0,137.0,611
2013-01-23 00:00:00,141.0,141.0,136.5,136.5,2821
2013-01-22 00:00:00,140.0,141.0,140.0,140.0,2512
2013-01-21 00:00:00,141.0,141.0,140.0,140.0,2400
2013-01-18 00:00:00,140.5,142.0,140.0,140.0,5465
2013-01-17 00:00:00,140.5,140.5,139.5,140.5,1178
2013-01-16 00:00:00,142.0,142.0,140.0,140.5,1118
2013-01-15 00:00:00,141.0,142.0,136.5,136.5,3895
2013-01-14 00:00:00,135.25,135.5,135.25,135.5,256
2013-01-11 00:00:00,137.5,137.5,135.0,135.0,236
2013-01-10 00:00:00,135.0,135.0,135.0,135.0,100
2013-01-09 00:00:00,136.0,136.0,135.0,135.0,174
2013-01-08 00:00:00,137.0,137.0,137.0,137.0,350
2013-01-07 00:00:00,139.75,139.75,135.75,135.75,250
2013-01-04 00:00:00,142.0,142.0,139.75,139.75,925
2013-01-03 00:00:00,138.0,143.0,138.0,143.0,1202
2013-01-02 00:00:00,138.0,138.0,138.0,138.0,2850
2013-01-01 00:00:00,,138.0,138.0,138.0,0
2012-12-31 00:00:00,,138.0,138.0,138.0,0
2012-12-28 00:00:00,134.0,138.0,134.0,138.0,10323
2012-12-27 00:00:00,131.25,137.0,131.25,137.0,12432
2012-12-26 00:00:00,,138.0,138.0,138.0,0
2012-12-25 00:00:00,,138.0,138.0,138.0,0
2012-12-24 00:00:00,,138.0,138.0,138.0,0
2012-12-21 00:00:00,131.25,139.75,131.25,138.0,717
2012-12-20 00:00:00,134.0,136.0,134.0,134.25,2266
2012-12-19 00:00:00,133.0,134.0,133.0,134.0,2497
2012-12-18 00:00:00,130.5,133.0,130.5,133.0,660
2012-12-17 00:00:00,134.0,134.0,130.0,130.0,1700
2012-12-14 00:00:00,133.0,133.5,133.0,133.5,370
2012-12-13 00:00:00,132.0,133.0,132.0,133.0,477
2012-12-12 00:00:00,132.0,137.0,132.0,133.0,1674
2012-12-11 00:00:00,135.0,135.0,131.5,131.5,518
2012-12-10 00:00:00,130.0,136.0,130.0,136.0,2565
2012-12-07 00:00:00,130.0,130.0,129.0,130.0,758
2012-12-06 00:00:00,125.0,131.75,124.0,130.75,8958
2012-12-05 00:00:00,124.0,126.0,124.0,126.0,1305
2012-12-04 00:00:00,125.0,125.0,125.0,125.0,300
2012-12-03 00:00:00,124.25,125.0,124.0,125.0,824
2012-11-30 00:00:00,124.0,124.75,123.0,124.75,5042
2012-11-29 00:00:00,,127.5,127.5,127.5,0
2012-11-28 00:00:00,124.0,127.5,124.0,127.5,161
2012-11-27 00:00:00,125.0,125.0,124.5,124.5,7245
2012-11-26 00:00:00,124.0,127.5,124.0,127.5,666
2012-11-23 00:00:00,123.5,124.0,123.5,124.0,9103
2012-11-22 00:00:00,123.0,124.75,122.0,124.75,2561
2012-11-21 00:00:00,122.25,124.75,122.25,124.75,512
2012-11-20 00:00:00,122.0,128.25,122.0,128.25,556
2012-11-19 00:00:00,122.0,122.0,122.0,122.0,10
2012-11-16 00:00:00,125.0,125.0,122.5,122.5,2313
2012-11-15 00:00:00,122.5,125.5,122.0,122.75,2736
2012-11-14 00:00:00,125.5,125.5,125.5,125.5,325
2012-11-13 00:00:00,127.0,127.0,125.5,125.5,275
2012-11-12 00:00:00,126.25,128.25,126.25,128.25,1000
2012-11-09 00:00:00,130.0,130.0,127.0,127.0,235
2012-11-08 00:00:00,127.0,129.0,124.75,129.0,460
2012-11-07 00:00:00,132.0,132.0,132.0,132.0,150
2012-11-06 00:00:00,129.25,131.0,129.25,131.0,4347
2012-11-05 00:00:00,128.0,128.0,124.5,128.0,4350
2012-11-02 00:00:00,132.0,132.0,132.0,132.0,400
2012-11-01 00:00:00,129.5,132.0,129.5,132.0,917
2012-10-31 00:00:00,125.0,130.0,125.0,130.0,2472
2012-10-30 00:00:00,128.25,128.25,123.5,126.75,2728
2012-10-29 00:00:00,128.25,128.25,128.25,128.25,310
2012-10-26 00:00:00,128.5,130.0,126.5,130.0,1219
2012-10-25 00:00:00,132.0,132.0,128.0,130.0,460
2012-10-24 00:00:00,126.25,132.75,126.25,132.75,250
2012-10-23 00:00:00,126.0,133.0,126.0,130.0,1183
2012-10-22 00:00:00,136.5,136.5,130.0,133.0,228296
2012-10-19 00:00:00,134.0,139.0,130.0,130.0,5456
2012-10-18 00:00:00,133.5,139.0,133.0,134.0,10211
2012-10-17 00:00:00,134.0,136.0,132.0,132.0,925
2012-10-16 00:00:00,132.0,134.5,132.0,134.0,2369
2012-10-15 00:00:00,131.0,131.0,130.5,131.0,3420
2012-10-12 00:00:00,131.0,131.0,131.0,131.0,150
2012-10-11 00:00:00,133.5,133.75,131.0,131.0,7159
2012-10-10 00:00:00,130.75,135.0,130.75,135.0,215
2012-10-09 00:00:00,130.0,130.75,130.0,130.75,2660
2012-10-08 00:00:00,130.0,131.0,129.5,131.0,7109
2012-10-05 00:00:00,130.0,130.75,128.5,130.75,5774
2012-10-04 00:00:00,128.5,130.0,128.5,130.0,251
2012-10-03 00:00:00,126.75,130.0,125.25,129.75,2653
2012-10-02 00:00:00,133.0,133.25,130.0,130.0,2780
2012-10-01 00:00:00,135.0,136.75,135.0,135.0,250
2012-09-28 00:00:00,135.0,136.75,134.5,136.75,1000
2012-09-27 00:00:00,134.5,134.5,134.5,134.5,1270
2012-09-26 00:00:00,135.75,135.75,133.0,133.5,995
2012-09-25 00:00:00,136.0,136.0,135.75,135.75,392
2012-09-24 00:00:00,137.5,137.5,133.75,134.0,978
2012-09-21 00:00:00,139.5,139.5,136.5,136.5,3046
2012-09-20 00:00:00,136.0,139.75,135.0,139.75,4147
2012-09-19 00:00:00,136.0,136.25,135.5,136.0,9580
2012-09-18 00:00:00,137.0,140.0,133.5,135.5,9036
2012-09-17 00:00:00,132.0,136.0,130.5,136.0,87966
2012-09-14 00:00:00,130.0,130.0,125.0,129.5,3560
2012-09-13 00:00:00,133.0,133.0,132.0,133.0,300
2012-09-12 00:00:00,130.0,138.0,130.0,134.0,4260
2012-09-11 00:00:00,118.0,138.0,118.0,135.0,27325
2012-09-10 00:00:00,116.75,117.75,116.75,117.75,482
2012-09-07 00:00:00,115.0,117.0,115.0,117.0,2650
2012-09-06 00:00:00,114.0,114.0,114.0,114.0,50
2012-09-05 00:00:00,117.0,117.0,117.0,117.0,170
2012-09-04 00:00:00,114.0,114.0,114.0,114.0,875
2012-09-03 00:00:00,117.0,117.0,112.25,112.25,785
2012-08-31 00:00:00,115.0,115.5,113.0,113.0,965
2012-08-30 00:00:00,112.25,112.25,112.25,112.25,200
2012-08-29 00:00:00,116.75,116.75,116.75,116.75,43
2012-08-28 00:00:00,113.5,116.75,113.5,116.75,40
2012-08-27 00:00:00,113.5,113.5,113.5,113.5,100
2012-08-24 00:00:00,119.0,119.0,113.0,113.0,2092
2012-08-23 00:00:00,120.0,120.0,120.0,120.0,50
2012-08-22 00:00:00,,120.5,120.5,120.5,0
2012-08-21 00:00:00,122.0,122.0,116.75,120.5,874
2012-08-20 00:00:00,121.5,123.0,121.5,122.0,2650
2012-08-17 00:00:00,119.0,123.0,119.0,123.0,1500
2012-08-16 00:00:00,124.0,124.0,117.0,117.0,320
2012-08-15 00:00:00,120.0,122.0,120.0,120.0,306
2012-08-14 00:00:00,119.0,119.5,116.0,119.5,719
2012-08-13 00:00:00,,115.25,115.25,115.25,0
2012-08-10 00:00:00,117.5,117.5,115.25,115.25,420
2012-08-09 00:00:00,,114.5,114.5,114.5,0
2012-08-08 00:00:00,114.5,114.5,114.5,114.5,60
2012-08-07 00:00:00,113.0,114.0,113.0,114.0,425
2012-08-06 00:00:00,113.0,113.0,113.0,113.0,100
2012-08-03 00:00:00,114.0,114.0,113.0,113.0,725
2012-08-02 00:00:00,,115.0,115.0,115.0,0
2012-08-01 00:00:00,115.0,115.0,114.5,115.0,565
2012-07-31 00:00:00,115.0,115.0,115.0,115.0,90
2012-07-30 00:00:00,115.75,116.0,115.5,116.0,569
2012-07-27 00:00:00,116.0,116.0,114.25,114.25,324
2012-07-26 00:00:00,116.0,119.75,116.0,119.75,330
2012-07-25 00:00:00,121.0,121.0,112.0,112.0,17385
2012-07-24 00:00:00,119.0,123.0,119.0,122.0,259
2012-07-23 00:00:00,123.0,123.0,118.0,118.0,355
2012-07-20 00:00:00,125.0,127.0,125.0,127.0,15967
2012-07-19 00:00:00,125.0,125.0,123.0,125.0,763
2012-07-18 00:00:00,122.0,122.0,122.0,122.0,44
2012-07-17 00:00:00,124.0,126.0,120.0,122.0,9720
2012-07-16 00:00:00,120.0,124.0,120.0,120.0,2450
2012-07-13 00:00:00,120.0,120.0,120.0,120.0,10
2012-07-12 00:00:00,,110.0,110.0,110.0,0
2012-07-11 00:00:00,112.0,112.0,110.0,110.0,3690
2012-07-10 00:00:00,113.0,113.0,112.0,112.0,1000
2012-07-09 00:00:00,112.0,112.0,112.0,112.0,475
2012-07-06 00:00:00,112.0,112.0,112.0,112.0,3400
2012-07-05 00:00:00,112.0,112.0,112.0,112.0,100
2012-07-04 00:00:00,112.0,112.0,112.0,112.0,400
2012-07-03 00:00:00,,112.0,112.0,112.0,0
2012-07-02 00:00:00,112.0,112.0,108.0,112.0,410
2012-06-29 00:00:00,110.0,115.0,110.0,112.0,6075
2012-06-28 00:00:00,112.0,112.0,112.0,112.0,22808
2012-06-27 00:00:00,115.0,115.0,111.0,111.0,375
2012-06-26 00:00:00,116.0,116.0,111.0,111.0,140
2012-06-25 00:00:00,115.0,115.0,115.0,115.0,100
2012-06-22 00:00:00,,119.0,119.0,119.0,0
2012-06-21 00:00:00,119.75,119.75,115.0,119.0,5000
2012-06-20 00:00:00,118.0,118.0,118.0,118.0,2047
2012-06-19 00:00:00,118.0,118.0,118.0,118.0,6600
2012-06-18 00:00:00,,112.0,112.0,112.0,0
2012-06-15 00:00:00,110.0,112.0,110.0,112.0,200
2012-06-14 00:00:00,,110.5,110.5,110.5,0
2012-06-13 00:00:00,110.75,110.75,108.0,110.5,2322
2012-06-12 00:00:00,110.0,110.75,110.0,110.75,443
2012-06-11 00:00:00,112.0,112.0,111.0,111.0,3368
2012-06-08 00:00:00,,112.0,112.0,112.0,0
2012-06-07 00:00:00,105.0,112.0,105.0,112.0,4115
2012-06-06 00:00:00,,108.0,108.0,108.0,0
2012-06-05 00:00:00,,108.0,108.0,108.0,0
2012-06-04 00:00:00,111.5,111.5,105.0,108.0,3052
2012-06-01 00:00:00,105.0,110.0,105.0,110.0,155
2012-05-31 00:00:00,115.0,122.0,113.5,113.75,2095
2012-05-30 00:00:00,117.5,117.5,113.0,117.0,82
2012-05-29 00:00:00,116.5,118.5,116.5,117.5,4332
2012-05-28 00:00:00,118.0,118.0,115.0,118.0,675
2012-05-25 00:00:00,117.0,119.0,117.0,119.0,495
2012-05-24 00:00:00,123.0,123.0,123.0,123.0,20
2012-05-23 00:00:00,,122.5,122.5,122.5,0
2012-05-22 00:00:00,121.5,122.5,121.5,122.5,566
2012-05-21 00:00:00,119.0,125.0,119.0,125.0,678
2012-05-18 00:00:00,120.0,122.0,120.0,120.0,142815
2012-05-17 00:00:00,,123.0,123.0,123.0,0
2012-05-16 00:00:00,123.0,123.0,123.0,123.0,1144
2012-05-15 00:00:00,123.0,123.0,122.75,123.0,3427
2012-05-14 00:00:00,120.0,123.0,118.25,123.0,1999
2012-05-11 00:00:00,122.0,125.0,120.0,123.0,35177
2012-05-10 00:00:00,,122.0,122.0,122.0,0
2012-05-09 00:00:00,122.0,122.0,115.0,122.0,920
2012-05-08 00:00:00,121.0,121.0,121.0,121.0,341
2012-05-07 00:00:00,121.0,124.0,121.0,124.0,760
2012-05-04 00:00:00,,121.0,121.0,121.0,0
2012-05-03 00:00:00,121.0,121.0,121.0,121.0,40
2012-05-02 00:00:00,119.0,120.5,119.0,120.5,16690
2012-05-01 00:00:00,,125.0,125.0,125.0,0
2012-04-30 00:00:00,125.0,125.0,125.0,125.0,150
2012-04-27 00:00:00,,116.5,116.5,116.5,0
2012-04-26 00:00:00,117.0,117.0,116.5,116.5,257
2012-04-25 00:00:00,121.0,123.0,119.0,123.0,4876
2012-04-24 00:00:00,121.0,121.0,116.5,119.5,857
2012-04-23 00:00:00,128.5,131.0,120.25,121.0,11592
2012-04-20 00:00:00,129.5,129.5,127.0,127.0,2590
2012-04-19 00:00:00,127.0,129.0,127.0,129.0,4025
2012-04-18 00:00:00,129.0,129.0,127.0,127.0,107
2012-04-17 00:00:00,129.0,129.0,129.0,129.0,353
2012-04-16 00:00:00,127.0,129.0,127.0,129.0,1451
2012-04-13 00:00:00,127.0,130.0,127.0,130.0,686
2012-04-12 00:00:00,126.0,129.5,126.0,129.5,5763
2012-04-11 00:00:00,124.5,126.75,124.5,126.0,117
2012-04-10 00:00:00,127.75,127.75,123.75,124.25,510
2012-04-09 00:00:00,,129.25,129.25,129.25,0
2012-04-06 00:00:00,,129.25,129.25,129.25,0
2012-04-05 00:00:00,129.25,129.25,129.25,129.25,30
2012-04-04 00:00:00,126.0,126.75,123.0,123.0,1400
2012-04-03 00:00:00,125.0,130.0,123.0,123.0,512
2012-04-02 00:00:00,122.5,125.0,120.0,125.0,1636
2012-03-30 00:00:00,119.0,120.0,119.0,120.0,1200
2012-03-29 00:00:00,118.0,118.0,118.0,118.0,100
2012-03-28 00:00:00,118.5,118.5,118.5,118.5,1
2012-03-27 00:00:00,118.5,118.5,118.5,118.5,648
2012-03-26 00:00:00,115.0,115.0,114.0,115.0,2154
2012-03-23 00:00:00,116.0,118.0,115.0,115.0,555
2012-03-22 00:00:00,119.0,119.0,118.0,118.0,979
2012-03-21 00:00:00,121.75,121.75,121.75,121.75,52
2012-03-20 00:00:00,122.0,122.0,117.75,120.0,100153
2012-03-19 00:00:00,125.0,125.0,124.5,124.5,153
2012-03-16 00:00:00,118.0,125.0,118.0,121.5,3048
2012-03-15 00:00:00,119.0,119.0,119.0,119.0,345
2012-03-14 00:00:00,119.0,119.5,118.0,119.0,4217
2012-03-13 00:00:00,119.75,119.75,118.0,119.5,5771
2012-03-12 00:00:00,121.0,121.0,121.0,121.0,50
2012-03-09 00:00:00,125.0,125.0,124.0,124.0,811
2012-03-08 00:00:00,120.25,126.0,120.0,126.0,31005
2012-03-07 00:00:00,126.0,126.0,125.0,126.0,509
2012-03-06 00:00:00,125.0,126.0,123.0,123.0,9277
2012-03-05 00:00:00,125.0,126.0,125.0,125.0,61000
2012-03-02 00:00:00,129.25,129.25,125.0,125.0,1754
2012-03-01 00:00:00,122.0,125.0,122.0,125.0,917
2012-02-29 00:00:00,122.0,123.0,120.5,122.0,2078
2012-02-28 00:00:00,121.75,122.25,121.75,122.0,351
2012-02-27 00:00:00,125.0,125.0,120.25,121.75,2882
2012-02-24 00:00:00,131.75,131.75,125.5,125.5,574
2012-02-23 00:00:00,133.0,133.0,127.0,131.75,834
2012-02-22 00:00:00,131.0,132.0,125.0,132.0,5546
2012-02-21 00:00:00,128.75,132.0,128.75,131.0,5226
2012-02-20 00:00:00,126.5,132.75,123.0,124.0,15632
2012-02-17 00:00:00,118.0,123.0,118.0,123.0,14191
2012-02-16 00:00:00,117.25,123.0,117.25,117.5,3840
2012-02-15 00:00:00,111.75,120.0,111.5,116.0,8913
2012-02-14 00:00:00,100.0,103.0,100.0,100.5,5283
2012-02-13 00:00:00,98.25,100.0,98.0,98.5,5612
2012-02-10 00:00:00,102.0,102.0,102.0,102.0,1993
2012-02-09 00:00:00,101.75,102.0,101.75,102.0,790
2012-02-08 00:00:00,99.75,102.0,99.0,102.0,1514
2012-02-07 00:00:00,102.0,102.0,99.0,99.0,3436
2012-02-06 00:00:00,103.75,103.75,102.0,102.0,106
2012-02-03 00:00:00,100.0,103.75,100.0,103.75,540
2012-02-02 00:00:00,104.25,104.25,100.0,104.0,330
2012-02-01 00:00:00,100.5,102.0,96.0,102.0,170
2012-01-31 00:00:00,101.75,101.75,100.5,100.5,285
2012-01-30 00:00:00,104.0,104.0,100.0,102.75,2062
2012-01-27 00:00:00,102.0,104.75,102.0,104.75,230
2012-01-26 00:00:00,100.0,102.0,100.0,102.0,5710
2012-01-25 00:00:00,,100.0,100.0,100.0,0
2012-01-24 00:00:00,100.0,100.0,100.0,100.0,595
2012-01-23 00:00:00,100.0,102.0,100.0,100.0,1164
2012-01-20 00:00:00,99.0,100.0,97.0,97.0,1317
2012-01-19 00:00:00,100.0,100.0,100.0,100.0,400
2012-01-18 00:00:00,101.75,101.75,101.75,101.75,50
2012-01-17 00:00:00,101.5,102.0,100.0,102.0,1270
2012-01-16 00:00:00,102.25,102.25,101.5,101.5,465
2012-01-13 00:00:00,102.5,102.5,102.5,102.5,200
2012-01-12 00:00:00,102.5,102.5,100.0,100.0,395
2012-01-11 00:00:00,99.0,101.5,99.0,101.5,1700
2012-01-10 00:00:00,100.0,100.0,99.0,99.0,700
2012-01-09 00:00:00,97.0,98.0,97.0,98.0,926
2012-01-06 00:00:00,,98.0,98.0,98.0,0
2012-01-05 00:00:00,98.0,98.0,98.0,98.0,1950
2012-01-04 00:00:00,98.0,101.5,98.0,98.0,4793
2012-01-03 00:00:00,98.0,101.5,98.0,101.5,217
2012-01-02 00:00:00,100.0,101.0,100.0,101.0,350
2011-12-30 00:00:00,95.0,100.0,95.0,100.0,2450
2011-12-29 00:00:00,96.0,98.0,96.0,97.0,1740
2011-12-28 00:00:00,97.0,97.5,95.5,97.0,6520
2011-12-27 00:00:00,96.0,97.0,96.0,97.0,1840
2011-12-26 00:00:00,,96.0,96.0,96.0,0
2011-12-23 00:00:00,95.0,97.5,95.0,96.0,2185
2011-12-22 00:00:00,93.0,95.5,93.0,95.0,605
2011-12-21 00:00:00,93.5,95.0,91.0,93.0,7459
2011-12-20 00:00:00,97.0,97.0,92.0,93.25,619
2011-12-19 00:00:00,,95.25,95.25,95.25,0
2011-12-16 00:00:00,95.25,95.25,95.25,95.25,400
2011-12-15 00:00:00,97.0,97.0,97.0,97.0,456
2011-12-14 00:00:00,100.0,100.0,100.0,100.0,100
2011-12-13 00:00:00,99.0,100.0,98.0,100.0,1426
2011-12-12 00:00:00,97.75,97.75,97.75,97.75,50
2011-12-09 00:00:00,,97.5,97.5,97.5,0
2011-12-08 00:00:00,100.0,100.0,97.5,97.5,204
2011-12-07 00:00:00,,102.0,102.0,102.0,0
2011-12-06 00:00:00,103.0,103.0,100.0,102.0,944
2011-12-05 00:00:00,100.0,100.0,98.0,98.0,1480
2011-12-02 00:00:00,100.0,101.0,100.0,100.0,1625
2011-12-01 00:00:00,103.0,103.0,90.75,102.0,3818
2011-11-30 00:00:00,107.0,110.0,103.0,104.0,20188
2011-11-29 00:00:00,103.0,103.0,99.0,99.0,398
2011-11-28 00:00:00,101.0,103.0,99.5,103.0,500
2011-11-25 00:00:00,100.25,100.25,99.5,99.5,305
2011-11-24 00:00:00,100.0,100.5,99.0,99.0,1205
2011-11-23 00:00:00,100.0,105.0,100.0,100.0,550
2011-11-22 00:00:00,100.0,101.0,100.0,100.0,3800
2011-11-21 00:00:00,99.0,105.0,98.0,100.0,1280
2011-11-18 00:00:00,99.0,99.0,99.0,99.0,2540
2011-11-17 00:00:00,99.75,99.75,99.75,99.75,315
2011-11-16 00:00:00,97.25,97.25,96.75,96.75,366
2011-11-15 00:00:00,100.0,101.0,100.0,100.0,2750
2011-11-14 00:00:00,102.0,102.0,99.0,100.0,3250
2011-11-11 00:00:00,100.0,102.0,100.0,102.0,432
2011-11-10 00:00:00,100.0,101.0,100.0,101.0,1015
2011-11-09 00:00:00,103.0,103.0,101.25,101.25,150
2011-11-08 00:00:00,103.0,103.0,99.0,99.0,566
2011-11-07 00:00:00,99.75,103.0,98.0,99.0,4492
2011-11-04 00:00:00,98.5,99.0,98.5,99.0,70
2011-11-03 00:00:00,95.0,99.5,94.75,99.5,3500
2011-11-02 00:00:00,94.0,94.75,94.0,94.5,180
2011-11-01 00:00:00,97.0,97.0,95.0,95.0,2473
2011-10-31 00:00:00,,99.0,99.0,99.0,0
2011-10-28 00:00:00,99.0,99.0,99.0,99.0,200
2011-10-27 00:00:00,95.0,99.0,94.0,99.0,12979
2011-10-26 00:00:00,92.0,92.5,91.0,91.5,1308
2011-10-25 00:00:00,,94.5,94.5,94.5,0
2011-10-24 00:00:00,98.5,98.5,91.25,94.5,146205
2011-10-21 00:00:00,94.0,100.0,94.0,99.0,2498
2011-10-20 00:00:00,94.5,94.5,94.5,94.5,150
2011-10-19 00:00:00,,93.0,93.0,93.0,0
2011-10-18 00:00:00,93.0,93.0,93.0,93.0,100
2011-10-17 00:00:00,94.75,94.75,94.75,94.75,300
2011-10-14 00:00:00,,94.75,94.75,94.75,0
2011-10-13 00:00:00,,94.75,94.75,94.75,0
2011-10-12 00:00:00,94.0,94.75,94.0,94.75,17370
2011-10-11 00:00:00,94.25,94.25,94.0,94.0,2505
2011-10-10 00:00:00,94.0,94.5,92.25,94.0,2173
2011-10-07 00:00:00,95.0,95.0,95.0,95.0,163
2011-10-06 00:00:00,,95.0,95.0,95.0,15
2011-10-05 00:00:00,94.0,95.0,91.0,95.0,459
2011-10-04 00:00:00,,94.0,94.0,94.0,0
2011-10-03 00:00:00,95.0,95.0,94.0,94.0,14228
2011-09-30 00:00:00,97.5,97.5,92.0,95.0,1554
2011-09-29 00:00:00,,97.0,97.0,97.0,0
2011-09-28 00:00:00,99.75,100.0,97.0,97.0,303
2011-09-27 00:00:00,96.0,97.0,96.0,97.0,10362
2011-09-26 00:00:00,95.0,96.0,95.0,96.0,5004
2011-09-23 00:00:00,94.0,95.0,94.0,95.0,84
2011-09-22 00:00:00,,,,100.0,-1
