Dates,Open,High,Low,Close,Volume
2017-09-08 00:00:00,46.5,46.7,46.4,46.6,24518
2017-09-07 00:00:00,46.9,46.9,46.5,46.5,25382
2017-09-06 00:00:00,46.5,47.0,46.3,47.0,121193
2017-09-04 00:00:00,46.1,46.8,46.0,46.5,40381
2017-09-01 00:00:00,47.4,47.5,46.9,47.0,12248
2017-08-31 00:00:00,46.9,47.2,46.7,47.2,3172
2017-08-30 00:00:00,46.8,47.7,46.5,46.5,14584
2017-08-29 00:00:00,47.5,47.9,47.0,47.7,11986
2017-08-28 00:00:00,46.5,47.8,46.5,47.6,12314
2017-08-25 00:00:00,47.0,47.1,46.5,46.7,13050
2017-08-24 00:00:00,47.5,47.5,47.0,47.0,3141
2017-08-23 00:00:00,47.1,47.5,46.8,47.5,3505
2017-08-22 00:00:00,47.0,47.3,47.0,47.1,3806
2017-08-21 00:00:00,46.7,47.4,46.5,47.0,11770
2017-08-18 00:00:00,47.8,47.8,46.8,46.8,14553
2017-08-17 00:00:00,47.2,48.0,47.2,47.9,24395
2017-08-16 00:00:00,47.8,48.3,47.3,47.3,13825
2017-08-15 00:00:00,48.0,48.2,47.3,48.0,46105
2017-08-14 00:00:00,47.8,48.0,47.5,48.0,29137
2017-08-11 00:00:00,48.1,48.3,47.8,48.0,39812
2017-08-10 00:00:00,48.1,48.3,47.8,48.2,7807
2017-08-09 00:00:00,48.0,48.3,47.6,48.2,11151
2017-08-08 00:00:00,47.8,48.3,47.8,48.0,97850
2017-08-07 00:00:00,48.0,48.0,47.4,47.8,23422
2017-08-04 00:00:00,48.4,48.6,47.8,48.1,8680
2017-08-03 00:00:00,48.4,48.8,48.2,48.4,6750
2017-08-02 00:00:00,48.1,48.5,47.9,48.2,9480
2017-08-01 00:00:00,47.3,48.5,47.3,48.1,17883
2017-07-31 00:00:00,48.0,48.0,47.3,47.8,20818
2017-07-28 00:00:00,47.7,48.0,47.3,47.7,11808
2017-07-27 00:00:00,47.2,48.4,47.2,48.3,32401
2017-07-26 00:00:00,47.6,47.7,46.4,47.4,10029
2017-07-25 00:00:00,48.5,48.5,47.2,47.6,22084
2017-07-24 00:00:00,49.0,49.0,47.8,48.0,14537
2017-07-21 00:00:00,48.7,48.9,47.8,48.8,16712
2017-07-20 00:00:00,49.2,49.2,48.5,48.8,13604
2017-07-19 00:00:00,48.9,49.1,48.5,49.0,432010
2017-07-18 00:00:00,48.8,48.9,48.3,48.6,4747
2017-07-17 00:00:00,49.2,49.2,48.3,48.8,19891
2017-07-14 00:00:00,48.5,49.0,48.5,49.0,425499
2017-07-13 00:00:00,47.6,48.5,47.5,48.2,115061
2017-07-12 00:00:00,47.6,48.3,47.6,48.0,213676
2017-07-11 00:00:00,47.3,48.3,46.4,47.6,367741
2017-07-10 00:00:00,47.3,47.3,46.6,47.3,6838
2017-07-07 00:00:00,46.6,47.6,46.6,47.2,17793
2017-07-06 00:00:00,46.3,47.0,46.1,46.6,12321
2017-07-05 00:00:00,47.2,47.2,46.3,46.6,11764
2017-07-04 00:00:00,46.8,47.4,46.8,46.8,13589
2017-07-03 00:00:00,46.9,47.6,46.8,46.9,12212
2017-06-30 00:00:00,46.5,47.1,46.5,46.9,10716
2017-06-29 00:00:00,46.7,47.0,46.6,46.6,12046
2017-06-28 00:00:00,47.8,47.8,45.5,46.7,107496
2017-06-27 00:00:00,48.4,48.4,47.6,47.8,23632
2017-06-26 00:00:00,48.3,48.7,48.1,48.4,10634
2017-06-23 00:00:00,,48.3,48.3,48.3,0
2017-06-22 00:00:00,48.9,49.0,48.1,48.3,25433
2017-06-21 00:00:00,48.7,49.0,48.6,48.9,23605
2017-06-20 00:00:00,49.2,49.2,48.5,48.6,39076
2017-06-19 00:00:00,49.9,50.0,49.4,49.5,23263
2017-06-16 00:00:00,48.8,49.9,48.3,49.9,254806
2017-06-15 00:00:00,48.3,49.0,48.1,48.7,23846
2017-06-14 00:00:00,48.5,48.8,47.9,48.3,38405
2017-06-13 00:00:00,48.9,48.9,48.5,48.5,7818
2017-06-12 00:00:00,48.8,49.1,48.8,48.9,13982
2017-06-09 00:00:00,49.7,49.8,48.9,49.8,23791
2017-06-08 00:00:00,49.0,49.7,48.9,49.7,59720
2017-06-07 00:00:00,49.0,49.7,48.9,49.5,109960
2017-06-06 00:00:00,,49.7,49.7,49.7,0
2017-06-05 00:00:00,50.0,50.0,49.3,49.7,104545
2017-06-02 00:00:00,48.0,50.0,47.5,50.0,753329
2017-06-01 00:00:00,47.4,48.4,47.4,48.0,427955
2017-05-31 00:00:00,47.9,48.0,47.5,47.5,320951
2017-05-30 00:00:00,47.5,48.1,47.1,47.9,40432
2017-05-29 00:00:00,48.0,48.1,47.3,47.5,39276
2017-05-26 00:00:00,47.6,48.1,47.5,48.0,18880
2017-05-24 00:00:00,47.5,47.8,47.4,47.6,51385
2017-05-23 00:00:00,47.4,47.5,47.0,47.4,9192
2017-05-22 00:00:00,48.5,48.5,45.9,47.4,55948
2017-05-19 00:00:00,47.5,48.0,47.3,48.0,25045
2017-05-18 00:00:00,47.9,48.0,47.3,48.0,80774
2017-05-17 00:00:00,48.5,48.5,47.7,47.9,69503
2017-05-16 00:00:00,48.5,48.8,48.0,48.4,13519
2017-05-15 00:00:00,48.3,49.1,47.8,49.1,71005
2017-05-12 00:00:00,47.8,48.5,48.5,48.5,69168
2017-05-11 00:00:00,47.8,47.8,47.4,47.7,201729
2017-05-10 00:00:00,47.5,47.8,47.4,47.8,41391
2017-05-09 00:00:00,47.2,48.0,47.2,47.5,96836
2017-05-08 00:00:00,48.0,48.1,47.4,47.6,121417
2017-05-05 00:00:00,48.0,48.3,47.6,48.0,138863
2017-05-04 00:00:00,48.1,48.1,47.1,48.1,33033
2017-05-03 00:00:00,48.3,48.3,47.5,48.1,233288
2017-05-02 00:00:00,49.8,50.0,49.5,50.0,362422
2017-05-01 00:00:00,,49.4,49.4,49.4,0
2017-04-28 00:00:00,49.4,49.8,48.6,49.4,37617
2017-04-27 00:00:00,48.9,49.4,48.5,49.2,31018
2017-04-26 00:00:00,48.5,48.9,48.1,48.9,28952
2017-04-25 00:00:00,48.8,48.8,48.0,48.7,14497
2017-04-24 00:00:00,48.0,48.4,47.7,48.4,212800
2017-04-21 00:00:00,47.8,48.5,47.8,48.0,16172
2017-04-20 00:00:00,48.2,48.6,47.7,47.7,22293
2017-04-19 00:00:00,47.7,48.4,47.7,48.2,7627
2017-04-18 00:00:00,48.4,48.5,47.7,48.0,175610
2017-04-13 00:00:00,48.5,48.5,47.8,48.4,3812
2017-04-12 00:00:00,48.5,48.6,48.4,48.6,7637
2017-04-11 00:00:00,47.7,48.6,47.7,48.6,56122
2017-04-10 00:00:00,47.6,48.3,47.3,48.3,61183
2017-04-07 00:00:00,47.6,47.7,47.3,47.6,10550
2017-04-06 00:00:00,47.7,47.7,47.2,47.5,16036
2017-04-05 00:00:00,47.2,47.7,47.2,47.7,15825
2017-04-04 00:00:00,46.4,47.5,46.4,47.2,14870
2017-04-03 00:00:00,47.6,47.7,46.5,46.6,23757
2017-03-31 00:00:00,46.3,46.9,46.3,46.7,12546
2017-03-30 00:00:00,45.8,46.9,45.7,46.1,29187
2017-03-29 00:00:00,45.8,46.8,45.8,46.2,6129
2017-03-28 00:00:00,46.0,46.5,45.4,45.8,25105
2017-03-27 00:00:00,46.6,46.6,45.7,45.9,42197
2017-03-24 00:00:00,46.9,47.4,46.8,47.2,18908
2017-03-23 00:00:00,46.9,47.4,46.6,46.9,18550
2017-03-22 00:00:00,47.2,47.2,45.8,46.5,27088
2017-03-21 00:00:00,47.7,47.7,47.1,47.2,14009
2017-03-20 00:00:00,47.0,47.9,46.6,47.5,14442
2017-03-17 00:00:00,46.4,47.0,46.2,47.0,16346
2017-03-16 00:00:00,47.4,47.4,46.1,46.8,34201
2017-03-15 00:00:00,47.5,47.5,47.0,47.4,9931
2017-03-14 00:00:00,47.5,47.5,47.2,47.5,13414
2017-03-13 00:00:00,47.9,47.9,47.1,47.3,31617
2017-03-10 00:00:00,47.7,46.9,46.9,46.9,53500
2017-03-09 00:00:00,47.7,47.8,46.7,47.7,39467
2017-03-08 00:00:00,47.7,48.0,47.5,47.8,33866
2017-03-07 00:00:00,47.3,48.3,47.3,48.0,147182
2017-03-06 00:00:00,48.3,48.6,47.8,48.3,16661
2017-03-03 00:00:00,48.2,48.3,48.3,48.3,5661
2017-03-02 00:00:00,48.6,48.7,47.5,48.2,53334
2017-03-01 00:00:00,50.0,50.0,48.3,48.4,52454
2017-02-28 00:00:00,50.25,50.25,49.6,49.9,81747
2017-02-27 00:00:00,50.0,50.25,50.0,50.25,59128
2017-02-24 00:00:00,49.7,50.25,49.6,50.0,62790
2017-02-23 00:00:00,50.5,50.5,49.4,49.4,169562
2017-02-22 00:00:00,50.0,50.5,49.6,50.5,38544
2017-02-21 00:00:00,49.6,50.0,48.2,50.0,70091
2017-02-20 00:00:00,50.0,50.0,49.2,49.5,17624
2017-02-17 00:00:00,49.9,50.0,49.4,49.9,58964
2017-02-16 00:00:00,49.5,49.9,49.2,49.6,44989
2017-02-15 00:00:00,47.8,49.5,47.8,48.7,20199
2017-02-14 00:00:00,48.0,49.0,47.2,48.9,44778
2017-02-13 00:00:00,48.2,48.4,47.7,47.8,1351518
2017-02-10 00:00:00,48.6,48.7,47.5,48.2,10647
2017-02-09 00:00:00,47.9,48.5,47.8,48.5,32185
2017-02-08 00:00:00,47.5,48.0,47.5,47.9,10972
2017-02-07 00:00:00,46.9,47.8,46.9,47.7,15729
2017-02-06 00:00:00,47.4,47.6,46.7,46.8,22392
2017-02-03 00:00:00,47.0,47.7,46.6,47.4,9338
2017-02-02 00:00:00,47.6,47.9,46.5,46.8,38893
2017-02-01 00:00:00,46.7,48.5,46.5,47.6,78022
2017-01-31 00:00:00,46.7,46.8,46.2,46.7,22934
2017-01-30 00:00:00,46.9,46.9,46.2,46.5,27381
2017-01-27 00:00:00,46.9,46.9,46.5,46.9,36425
2017-01-26 00:00:00,48.9,48.9,46.3,46.9,77691
2017-01-25 00:00:00,48.5,48.6,47.9,48.2,26036
2017-01-24 00:00:00,48.5,48.5,47.6,47.7,17654
2017-01-23 00:00:00,49.0,49.0,48.1,48.2,35959
2017-01-20 00:00:00,48.6,49.0,48.2,48.5,58333
2017-01-19 00:00:00,49.0,49.0,48.3,48.4,52505
2017-01-18 00:00:00,48.2,49.0,47.0,48.3,79145
2017-01-17 00:00:00,47.2,48.5,47.2,48.2,126139
2017-01-16 00:00:00,48.0,48.0,46.9,47.2,117438
2017-01-13 00:00:00,45.0,45.9,45.0,45.7,35272
2017-01-12 00:00:00,44.8,45.3,44.8,45.0,90086
2017-01-11 00:00:00,45.0,45.6,44.8,45.0,29891
2017-01-10 00:00:00,45.0,45.8,44.7,45.0,79493
2017-01-09 00:00:00,44.5,45.3,44.4,45.0,61500
2017-01-06 00:00:00,,44.5,44.5,44.5,0
2017-01-05 00:00:00,45.8,45.8,44.2,44.5,20473
2017-01-04 00:00:00,46.0,46.0,45.4,45.4,19795
2017-01-03 00:00:00,46.7,46.7,45.8,45.9,18316
2017-01-02 00:00:00,46.1,46.7,46.1,46.6,10037
2016-12-30 00:00:00,46.0,46.1,45.5,46.0,5857
2016-12-29 00:00:00,45.5,46.2,45.5,46.0,12562
2016-12-28 00:00:00,45.8,46.2,45.6,46.0,28226
2016-12-27 00:00:00,45.3,45.9,45.3,45.7,10107
2016-12-23 00:00:00,44.9,45.8,44.9,45.3,11610
2016-12-22 00:00:00,46.0,46.0,44.9,45.1,66120
2016-12-21 00:00:00,45.8,45.8,44.8,45.1,88733
2016-12-20 00:00:00,45.0,45.8,44.9,45.8,90472
2016-12-19 00:00:00,44.9,45.7,44.9,45.0,10704
2016-12-16 00:00:00,46.1,46.1,44.6,45.9,317116
2016-12-15 00:00:00,45.2,45.6,44.1,45.2,653496
2016-12-14 00:00:00,45.1,45.5,44.9,44.9,212645
2016-12-13 00:00:00,46.0,46.0,45.1,45.1,42546
2016-12-12 00:00:00,45.5,45.9,44.8,45.7,37966
2016-12-09 00:00:00,45.7,46.3,44.5,45.5,20089
2016-12-08 00:00:00,44.8,45.4,44.5,45.0,35308
2016-12-07 00:00:00,45.7,45.7,45.0,45.1,131008
2016-12-06 00:00:00,45.1,46.0,45.1,45.6,26595
2016-12-05 00:00:00,45.8,46.3,45.0,45.1,34487
2016-12-02 00:00:00,45.1,46.3,45.1,46.1,252845
2016-12-01 00:00:00,45.0,46.4,45.0,45.1,20782
2016-11-30 00:00:00,45.1,45.3,45.0,45.0,44519
2016-11-29 00:00:00,45.3,45.9,45.2,45.2,13430
2016-11-28 00:00:00,44.0,45.1,44.0,45.1,27294
2016-11-25 00:00:00,44.5,45.0,44.3,44.6,22138
2016-11-24 00:00:00,44.0,44.4,43.8,44.2,11719
2016-11-23 00:00:00,44.0,44.3,43.6,44.0,24980
2016-11-22 00:00:00,43.0,43.6,42.5,43.6,14223
2016-11-21 00:00:00,43.5,44.0,42.6,42.6,40682
2016-11-18 00:00:00,44.8,44.8,43.3,43.4,15961
2016-11-17 00:00:00,42.9,44.8,42.9,43.7,32770
2016-11-16 00:00:00,43.1,43.1,42.5,43.0,86943
2016-11-15 00:00:00,42.5,43.4,42.2,43.1,59554
2016-11-14 00:00:00,43.4,44.0,42.0,42.5,543052
2016-11-11 00:00:00,44.2,44.3,43.4,43.4,54949
2016-11-10 00:00:00,45.4,45.4,44.2,44.2,73952
2016-11-09 00:00:00,44.3,45.1,43.3,45.1,22265
2016-11-08 00:00:00,45.0,45.4,44.8,45.2,53133
2016-11-07 00:00:00,44.8,45.5,44.3,45.0,51674
2016-11-04 00:00:00,46.9,46.9,44.5,44.5,39523
2016-11-03 00:00:00,45.8,46.9,45.1,45.6,33812
2016-11-02 00:00:00,45.8,45.8,42.0,45.0,72806
2016-11-01 00:00:00,45.5,46.3,45.5,46.0,13624
2016-10-31 00:00:00,47.3,47.3,46.0,46.3,35485
2016-10-28 00:00:00,46.9,47.3,46.2,46.6,35275
2016-10-27 00:00:00,47.0,47.9,46.8,47.0,42983
2016-10-26 00:00:00,47.1,47.2,46.5,46.8,15550
2016-10-25 00:00:00,47.3,47.3,46.5,46.9,22972
2016-10-24 00:00:00,47.5,47.5,46.8,47.3,20379
2016-10-21 00:00:00,47.2,48.0,46.4,46.5,90221
2016-10-20 00:00:00,46.7,47.0,46.5,46.5,27059
2016-10-19 00:00:00,46.8,46.8,46.4,46.7,27147
2016-10-18 00:00:00,47.9,47.9,46.0,46.8,26617
2016-10-17 00:00:00,47.9,47.9,46.8,47.0,19819
2016-10-14 00:00:00,47.3,47.8,46.7,47.8,29760
2016-10-13 00:00:00,47.5,47.7,46.8,46.9,42305
2016-10-12 00:00:00,45.5,46.8,45.3,46.6,65308
2016-10-11 00:00:00,45.5,46.5,45.2,45.8,84126
2016-10-10 00:00:00,47.8,47.8,45.0,46.3,134745
2016-10-07 00:00:00,48.0,48.0,45.9,46.6,137438
2016-10-06 00:00:00,49.9,49.9,46.0,47.5,192113
2016-10-05 00:00:00,50.5,50.75,49.3,49.8,75575
2016-10-04 00:00:00,50.0,50.0,49.5,49.7,31961
2016-10-03 00:00:00,49.5,50.0,49.5,49.8,10171
2016-09-30 00:00:00,49.5,49.7,49.3,49.5,37482
2016-09-29 00:00:00,50.75,50.75,49.4,49.7,19021
2016-09-28 00:00:00,49.8,51.0,49.1,50.5,40131
2016-09-27 00:00:00,49.5,49.8,49.2,49.8,16168
2016-09-26 00:00:00,50.25,50.25,49.5,49.6,8448
2016-09-23 00:00:00,50.0,50.5,49.5,49.9,17388
2016-09-22 00:00:00,50.5,51.0,50.0,50.0,35936
2016-09-21 00:00:00,52.0,52.0,50.0,50.25,30173
2016-09-20 00:00:00,51.0,51.75,50.75,51.5,25630
2016-09-19 00:00:00,49.0,51.5,48.9,51.0,47038
2016-09-16 00:00:00,50.0,50.0,48.5,48.5,53842
2016-09-15 00:00:00,49.7,50.25,48.8,50.0,26995
2016-09-14 00:00:00,50.75,50.75,49.1,49.9,57854
2016-09-13 00:00:00,51.75,51.75,50.75,50.75,22738
2016-09-12 00:00:00,51.5,52.0,49.0,52.0,73122
2016-09-09 00:00:00,53.0,53.0,51.5,51.75,65192
2016-09-08 00:00:00,52.75,53.25,52.25,52.75,48990
2016-09-07 00:00:00,53.5,53.5,52.25,52.75,60943
2016-09-06 00:00:00,53.0,53.0,52.0,52.25,34231
2016-09-05 00:00:00,53.5,54.0,52.5,52.75,56583
2016-09-02 00:00:00,52.5,52.5,52.0,52.25,64111
2016-09-01 00:00:00,52.5,53.0,52.25,52.5,35429
2016-08-31 00:00:00,53.75,53.75,52.5,52.5,80692
2016-08-30 00:00:00,52.75,54.75,52.75,53.5,107561
2016-08-29 00:00:00,51.0,52.75,50.75,52.0,87137
2016-08-26 00:00:00,51.0,51.25,50.5,50.75,56657
2016-08-25 00:00:00,50.5,51.5,49.8,51.25,84857
2016-08-24 00:00:00,50.0,50.5,49.0,50.0,68316
2016-08-23 00:00:00,48.4,50.25,48.4,49.0,146303
2016-08-22 00:00:00,48.5,49.3,48.1,48.3,93906
2016-08-19 00:00:00,49.0,49.9,47.6,48.5,211663
2016-08-18 00:00:00,46.3,49.6,46.3,49.0,354933
2016-08-17 00:00:00,47.0,47.0,45.9,46.1,70345
2016-08-16 00:00:00,46.0,46.6,45.7,46.4,78300
2016-08-15 00:00:00,46.0,46.0,45.2,45.9,42501
2016-08-12 00:00:00,46.0,46.0,45.2,45.4,26350
2016-08-11 00:00:00,46.2,46.4,45.7,45.9,19124
2016-08-10 00:00:00,45.8,46.3,45.6,46.3,39110
2016-08-09 00:00:00,46.0,46.0,45.3,45.8,133235
2016-08-08 00:00:00,44.9,45.4,44.7,45.3,31336
2016-08-05 00:00:00,45.3,45.3,44.4,45.0,16444
2016-08-04 00:00:00,45.3,45.3,44.7,45.1,27812
2016-08-03 00:00:00,45.0,45.5,45.0,45.3,8858
2016-08-02 00:00:00,45.0,45.6,44.7,45.2,65423
2016-08-01 00:00:00,44.9,45.2,44.4,45.2,46405
2016-07-29 00:00:00,45.0,45.0,44.7,44.8,23440
2016-07-28 00:00:00,45.0,45.0,44.6,44.9,24889
2016-07-27 00:00:00,45.2,45.2,44.5,45.0,69551
2016-07-26 00:00:00,45.0,45.0,44.5,44.6,16810
2016-07-25 00:00:00,45.0,45.0,44.7,45.0,66355
2016-07-22 00:00:00,44.7,44.9,44.7,44.8,8670
2016-07-21 00:00:00,45.1,45.1,44.7,44.7,7902
2016-07-20 00:00:00,45.0,45.2,44.2,45.1,22789
2016-07-19 00:00:00,45.1,45.4,45.1,45.2,11712
2016-07-18 00:00:00,45.5,45.5,45.0,45.2,29982
2016-07-15 00:00:00,45.4,45.5,44.7,45.5,51695
2016-07-14 00:00:00,45.8,45.8,44.3,45.0,81184
2016-07-13 00:00:00,45.0,45.0,44.3,44.6,67438
2016-07-12 00:00:00,45.5,45.9,44.9,45.0,79826
2016-07-11 00:00:00,42.7,48.0,42.5,44.9,178102
2016-07-08 00:00:00,42.0,42.6,42.0,42.5,20676
2016-07-07 00:00:00,41.8,42.5,41.8,42.1,19692
2016-07-06 00:00:00,41.9,42.0,41.2,41.8,17711
2016-07-05 00:00:00,41.5,42.2,41.2,41.9,54782
2016-07-04 00:00:00,41.8,41.9,41.0,41.5,18325
2016-07-01 00:00:00,41.4,41.8,41.2,41.8,63464
2016-06-30 00:00:00,41.4,41.4,41.1,41.2,18481
2016-06-29 00:00:00,41.4,41.4,40.6,41.4,24876
2016-06-28 00:00:00,40.0,41.1,39.9,41.0,34962
2016-06-27 00:00:00,39.6,40.2,39.5,40.0,48252
2016-06-24 00:00:00,,41.2,41.2,41.2,0
2016-06-23 00:00:00,41.0,41.2,40.6,41.2,161471
2016-06-22 00:00:00,41.1,41.1,40.6,41.0,49731
2016-06-21 00:00:00,40.8,40.8,40.2,40.6,21851
2016-06-20 00:00:00,41.5,41.5,40.0,40.9,36145
2016-06-17 00:00:00,38.5,41.1,38.5,41.1,199363
2016-06-16 00:00:00,39.1,39.2,38.6,39.0,47683
2016-06-15 00:00:00,39.2,39.4,39.0,39.1,21978
2016-06-14 00:00:00,39.2,39.6,39.1,39.2,96325
2016-06-13 00:00:00,40.2,40.2,39.5,39.7,62447
2016-06-10 00:00:00,40.2,40.5,40.1,40.3,47621
2016-06-09 00:00:00,40.4,40.5,40.1,40.5,75472
2016-06-08 00:00:00,40.2,40.7,40.1,40.4,32091
2016-06-07 00:00:00,40.5,40.5,40.1,40.2,59073
2016-06-06 00:00:00,,40.3,40.3,40.3,0
2016-06-03 00:00:00,40.6,40.6,40.1,40.3,279347
2016-06-02 00:00:00,40.7,40.8,40.2,40.3,54742
2016-06-01 00:00:00,40.9,40.9,40.2,40.4,31574
2016-05-31 00:00:00,40.3,40.7,40.2,40.4,20152
2016-05-30 00:00:00,40.5,40.9,40.2,40.4,17496
2016-05-27 00:00:00,40.6,40.6,40.2,40.5,30557
2016-05-26 00:00:00,40.7,40.7,40.1,40.7,22986
2016-05-25 00:00:00,40.2,40.5,40.0,40.35,78856
2016-05-24 00:00:00,40.5,40.5,40.0,40.2,53643
2016-05-23 00:00:00,40.5,40.8,40.3,40.5,36815
2016-05-20 00:00:00,40.5,40.5,40.2,40.5,64193
2016-05-19 00:00:00,41.0,41.1,40.5,40.8,14046
2016-05-18 00:00:00,40.8,41.0,40.4,41.0,23035
2016-05-17 00:00:00,40.8,41.0,40.6,40.8,14329
2016-05-16 00:00:00,40.7,41.1,40.7,40.8,5232
2016-05-13 00:00:00,41.2,41.2,40.8,40.8,12347
2016-05-12 00:00:00,41.0,41.2,40.9,41.0,31052
2016-05-11 00:00:00,41.0,41.3,40.9,41.1,12300
2016-05-10 00:00:00,41.2,41.5,41.0,41.0,36111
2016-05-09 00:00:00,41.1,41.4,41.0,41.3,21304
2016-05-06 00:00:00,40.8,41.2,40.5,40.8,42809
2016-05-05 00:00:00,41.3,41.3,40.8,40.8,14110
2016-05-04 00:00:00,41.3,41.3,40.8,40.8,14110
2016-05-03 00:00:00,41.4,41.5,40.8,41.1,437030
2016-05-02 00:00:00,43.0,43.0,42.5,42.8,49133
2016-04-29 00:00:00,43.1,43.1,42.4,42.5,49019
2016-04-28 00:00:00,42.9,43.0,42.6,42.9,15694
2016-04-27 00:00:00,42.3,42.7,42.2,42.6,172630
2016-04-26 00:00:00,42.7,42.7,42.1,42.3,27063
2016-04-25 00:00:00,42.9,42.9,42.3,42.5,14582
2016-04-22 00:00:00,42.7,43.0,42.3,42.5,29410
2016-04-21 00:00:00,43.1,43.1,42.1,42.7,33031
2016-04-20 00:00:00,42.8,43.3,42.6,42.9,14303
2016-04-19 00:00:00,43.4,43.4,42.0,42.6,94925
2016-04-18 00:00:00,43.0,43.5,42.5,42.9,16843
2016-04-15 00:00:00,43.7,43.7,42.1,42.9,90643
2016-04-14 00:00:00,43.2,44.4,43.2,43.7,642287
2016-04-13 00:00:00,43.2,43.3,42.6,43.2,28041
2016-04-12 00:00:00,42.1,42.9,42.1,42.7,36632
2016-04-11 00:00:00,42.1,42.6,41.9,42.4,47766
2016-04-08 00:00:00,41.8,42.0,41.7,42.0,19923
2016-04-07 00:00:00,42.0,42.0,41.5,41.6,60985
2016-04-06 00:00:00,42.0,42.2,41.4,41.8,62058
2016-04-05 00:00:00,42.5,42.5,41.5,42.0,31973
2016-04-04 00:00:00,42.2,42.2,41.7,41.7,4809
2016-04-01 00:00:00,41.7,42.2,41.7,41.8,64660
2016-03-31 00:00:00,42.0,42.0,41.5,41.7,14506
2016-03-30 00:00:00,41.4,41.9,41.1,41.5,29663
2016-03-29 00:00:00,41.9,41.9,41.3,41.4,16642
2016-03-28 00:00:00,41.7,41.7,41.3,41.3,10195
2016-03-25 00:00:00,41.7,41.7,41.2,41.3,10195
2016-03-24 00:00:00,41.7,41.7,41.2,41.3,10195
2016-03-23 00:00:00,41.7,41.8,41.2,41.4,15706
2016-03-22 00:00:00,41.7,41.7,41.2,41.4,12779
2016-03-21 00:00:00,41.4,42.2,41.4,41.7,25728
2016-03-18 00:00:00,41.2,41.7,41.0,41.4,10014
2016-03-17 00:00:00,41.4,42.0,41.2,41.2,23923
2016-03-16 00:00:00,41.6,41.8,41.2,41.6,13500
2016-03-15 00:00:00,41.9,42.0,41.6,41.6,20283
2016-03-14 00:00:00,41.0,42.0,40.8,41.8,82030
2016-03-11 00:00:00,40.9,41.0,40.6,40.8,44627
2016-03-10 00:00:00,40.7,41.0,40.3,40.4,48730
2016-03-09 00:00:00,41.2,41.5,40.0,40.4,251501
2016-03-08 00:00:00,41.7,41.7,41.1,41.1,12578
2016-03-07 00:00:00,41.2,41.9,41.2,41.7,27715
2016-03-04 00:00:00,41.7,42.2,41.5,42.0,80380
2016-03-03 00:00:00,42.1,42.2,41.8,42.1,12403
2016-03-02 00:00:00,42.4,42.5,41.9,42.0,18639
2016-03-01 00:00:00,42.2,42.4,41.7,42.4,29616
2016-02-29 00:00:00,42.5,42.5,41.6,42.4,25696
2016-02-26 00:00:00,41.7,42.2,41.6,42.2,19041
2016-02-25 00:00:00,41.9,41.9,41.5,41.7,40579
2016-02-24 00:00:00,42.0,42.0,41.0,41.6,35382
2016-02-23 00:00:00,42.5,42.5,41.3,41.7,173014
2016-02-22 00:00:00,42.6,43.1,42.2,43.0,72839
2016-02-19 00:00:00,42.6,43.0,41.9,42.6,165873
2016-02-18 00:00:00,43.0,43.1,41.8,42.6,54232
2016-02-17 00:00:00,42.3,43.2,41.8,41.8,68543
2016-02-16 00:00:00,42.5,43.0,41.5,41.9,33377
2016-02-15 00:00:00,41.7,42.6,41.3,42.4,33510
2016-02-12 00:00:00,41.5,42.0,41.1,41.7,12368
2016-02-11 00:00:00,41.0,41.5,39.5,41.5,18547
2016-02-10 00:00:00,40.6,41.9,40.6,41.5,8687
2016-02-09 00:00:00,41.1,41.9,40.3,40.5,51904
2016-02-08 00:00:00,42.3,42.3,40.6,41.1,40812
2016-02-05 00:00:00,42.8,42.8,41.5,42.3,13332
2016-02-04 00:00:00,43.0,43.0,41.9,42.5,56683
2016-02-03 00:00:00,41.8,43.1,41.8,42.4,56345
2016-02-02 00:00:00,43.0,43.0,42.3,42.5,37628
2016-02-01 00:00:00,43.6,43.8,42.8,42.8,28994
2016-01-29 00:00:00,42.8,43.7,42.8,43.6,44650
2016-01-28 00:00:00,42.8,42.8,42.2,42.5,72801
2016-01-27 00:00:00,42.3,42.8,42.1,42.8,17326
2016-01-26 00:00:00,41.5,42.4,41.2,42.2,17087
2016-01-25 00:00:00,42.5,42.5,40.9,41.9,61579
2016-01-22 00:00:00,42.0,42.8,41.6,42.4,53570
2016-01-21 00:00:00,42.0,42.0,41.2,41.3,10297
2016-01-20 00:00:00,41.8,41.9,41.0,41.3,24199
2016-01-19 00:00:00,41.2,42.0,41.2,41.8,8631
2016-01-18 00:00:00,41.3,42.0,41.0,41.2,24267
2016-01-15 00:00:00,41.4,42.4,41.0,41.1,184751
2016-01-14 00:00:00,42.0,42.1,41.0,41.4,40632
2016-01-13 00:00:00,43.0,43.0,42.0,42.3,26683
2016-01-12 00:00:00,43.9,43.9,41.9,42.0,27069
2016-01-11 00:00:00,44.0,44.0,42.8,42.8,24096
2016-01-08 00:00:00,44.0,44.0,42.8,43.2,66877
2016-01-07 00:00:00,41.8,44.0,40.5,43.1,169057
2016-01-06 00:00:00,,42.6,42.6,42.6,0
2016-01-05 00:00:00,42.5,43.2,42.3,42.6,8641
2016-01-04 00:00:00,43.0,43.2,42.0,42.4,14420
2016-01-01 00:00:00,,43.4,43.4,43.4,0
2015-12-31 00:00:00,,43.4,43.4,43.4,0
2015-12-30 00:00:00,42.8,43.5,42.8,43.4,54836
2015-12-29 00:00:00,42.2,42.7,42.1,42.6,43363
2015-12-28 00:00:00,41.7,42.5,41.3,42.2,15623
2015-12-25 00:00:00,42.0,42.5,40.8,42.0,21848
2015-12-24 00:00:00,42.0,42.5,40.8,42.0,21848
2015-12-23 00:00:00,42.0,42.5,40.8,42.0,21848
2015-12-22 00:00:00,42.5,42.8,41.6,42.2,50672
2015-12-21 00:00:00,43.0,43.0,42.0,42.1,81521
2015-12-18 00:00:00,41.4,43.9,41.0,43.9,64671
2015-12-17 00:00:00,42.0,42.0,41.0,41.5,43674
2015-12-16 00:00:00,42.9,42.9,41.1,41.8,129167
2015-12-15 00:00:00,40.2,42.4,40.1,41.7,257850
2015-12-14 00:00:00,40.0,40.5,39.5,40.2,15322
2015-12-11 00:00:00,41.0,41.0,39.7,39.9,87292
2015-12-10 00:00:00,41.0,41.0,40.1,41.0,32895
2015-12-09 00:00:00,41.0,41.0,39.2,40.9,154543
2015-12-08 00:00:00,41.3,41.9,39.8,40.8,87348
2015-12-07 00:00:00,41.9,42.0,41.2,41.3,25011
2015-12-04 00:00:00,42.7,42.7,41.1,41.5,16271
2015-12-03 00:00:00,41.6,42.0,41.6,41.7,26594
2015-12-02 00:00:00,41.5,42.1,41.5,41.9,125130
2015-12-01 00:00:00,42.1,42.1,41.4,41.8,35513
2015-11-30 00:00:00,42.2,42.3,41.8,42.1,39016
2015-11-27 00:00:00,42.0,42.5,41.9,42.5,13242
2015-11-26 00:00:00,42.2,42.4,41.8,42.0,14672
2015-11-25 00:00:00,41.8,42.2,41.0,42.2,65616
2015-11-24 00:00:00,41.0,41.8,41.0,41.5,18212
2015-11-23 00:00:00,41.0,41.5,40.8,40.8,45475
2015-11-20 00:00:00,41.5,41.7,41.1,41.5,34662
2015-11-19 00:00:00,41.4,42.0,41.2,41.5,46605
2015-11-18 00:00:00,41.7,41.8,41.1,41.4,19775
2015-11-17 00:00:00,41.7,42.0,41.0,41.6,64758
2015-11-16 00:00:00,40.8,41.9,40.6,41.7,24591
2015-11-13 00:00:00,41.7,42.0,40.7,40.8,57309
2015-11-12 00:00:00,41.9,41.9,41.5,41.6,39860
2015-11-11 00:00:00,41.9,42.4,41.5,41.9,44568
2015-11-10 00:00:00,42.6,42.6,41.5,41.7,47798
2015-11-09 00:00:00,43.2,43.2,42.2,42.6,100466
2015-11-06 00:00:00,41.9,42.0,41.5,41.5,15620
2015-11-05 00:00:00,42.4,42.4,41.6,41.8,24157
2015-11-04 00:00:00,42.3,42.7,41.6,41.8,91625
2015-11-03 00:00:00,41.5,42.4,41.3,42.4,290107
2015-11-02 00:00:00,41.4,41.4,40.0,40.2,60171
2015-10-30 00:00:00,39.7,41.5,39.5,41.5,27656
2015-10-29 00:00:00,39.4,39.7,39.0,39.7,43189
2015-10-28 00:00:00,39.3,39.3,38.9,38.9,14098
2015-10-27 00:00:00,38.8,39.5,38.8,39.2,19154
2015-10-26 00:00:00,38.2,39.4,38.2,38.8,106488
2015-10-23 00:00:00,38.8,38.8,37.6,38.2,31967
2015-10-22 00:00:00,37.9,38.4,36.9,37.6,49504
2015-10-21 00:00:00,38.5,38.5,37.4,37.4,48702
2015-10-20 00:00:00,38.5,38.8,37.7,37.9,7982
2015-10-19 00:00:00,38.7,38.9,38.5,38.6,40383
2015-10-16 00:00:00,39.0,39.5,38.7,38.9,55370
2015-10-15 00:00:00,38.6,39.5,38.5,38.8,172909
2015-10-14 00:00:00,38.6,38.7,38.5,38.6,16427
2015-10-13 00:00:00,38.0,38.8,37.4,38.7,12934
2015-10-12 00:00:00,38.0,38.4,38.0,38.0,57186
2015-10-09 00:00:00,37.9,38.0,36.9,37.9,26987
2015-10-08 00:00:00,38.0,38.0,37.0,37.5,57205
2015-10-07 00:00:00,36.4,38.3,36.4,37.3,45590
2015-10-06 00:00:00,37.0,37.5,36.6,36.9,15294
2015-10-05 00:00:00,36.4,37.0,35.5,36.6,58923
2015-10-02 00:00:00,36.4,36.6,36.3,36.5,17007
2015-10-01 00:00:00,36.1,36.5,36.1,36.2,20916
2015-09-30 00:00:00,36.4,36.4,36.2,36.3,24377
2015-09-29 00:00:00,35.7,36.5,35.7,36.0,42018
2015-09-28 00:00:00,36.6,36.6,36.0,36.0,8336
2015-09-25 00:00:00,36.2,36.9,36.2,36.5,19635
2015-09-24 00:00:00,36.6,36.8,36.1,36.2,26565
2015-09-23 00:00:00,36.5,37.0,36.5,37.0,6382
2015-09-22 00:00:00,36.8,37.0,36.5,37.0,8833
2015-09-21 00:00:00,37.3,37.3,36.5,37.2,2545
2015-09-18 00:00:00,36.8,37.5,36.7,37.1,38188
2015-09-17 00:00:00,37.0,37.0,36.3,37.0,7601
2015-09-16 00:00:00,36.8,37.2,36.8,37.0,330637
2015-09-15 00:00:00,37.4,37.4,36.5,36.6,8103
2015-09-14 00:00:00,37.3,37.5,36.7,36.9,5282
2015-09-11 00:00:00,38.0,38.8,37.1,37.5,17528
2015-09-10 00:00:00,37.3,38.5,36.9,37.2,36305
2015-09-09 00:00:00,37.2,37.5,37.0,37.4,29629
2015-09-08 00:00:00,36.1,37.2,36.1,37.0,33905
2015-09-07 00:00:00,37.1,37.2,36.5,36.7,12538
2015-09-04 00:00:00,36.8,36.8,36.1,36.7,20749
2015-09-03 00:00:00,36.5,37.0,36.4,37.0,30496
2015-09-02 00:00:00,36.3,36.8,36.1,36.6,36365
2015-09-01 00:00:00,36.7,36.8,36.4,36.4,14597
2015-08-31 00:00:00,37.4,37.8,36.6,37.1,19511
2015-08-28 00:00:00,37.7,37.7,36.5,36.6,42204
2015-08-27 00:00:00,37.1,37.9,36.4,37.6,12428
2015-08-26 00:00:00,38.0,38.0,36.6,37.4,9773
2015-08-25 00:00:00,36.2,37.8,36.2,37.4,46869
2015-08-24 00:00:00,37.0,37.0,35.2,37.0,87382
2015-08-21 00:00:00,37.6,38.7,37.5,38.0,34185
2015-08-20 00:00:00,38.3,38.3,37.5,38.2,29448
2015-08-19 00:00:00,39.1,39.1,38.1,38.1,26147
2015-08-18 00:00:00,39.7,40.0,38.7,38.9,92609
2015-08-17 00:00:00,38.0,38.7,38.0,38.5,47140
2015-08-14 00:00:00,37.9,38.5,37.9,38.0,7220
2015-08-13 00:00:00,38.4,38.5,37.8,38.4,2700
2015-08-12 00:00:00,38.0,38.6,37.3,38.5,14930
2015-08-11 00:00:00,37.8,38.4,37.8,38.3,6174
2015-08-10 00:00:00,38.0,38.5,37.6,38.3,6151
2015-08-07 00:00:00,38.5,38.5,37.7,37.7,3218
2015-08-06 00:00:00,37.9,38.1,37.9,38.0,2257
2015-08-05 00:00:00,37.9,39.4,37.5,38.7,25398
2015-08-04 00:00:00,37.4,37.8,37.4,37.8,2200
2015-08-03 00:00:00,37.3,38.0,37.3,37.9,25657
2015-07-31 00:00:00,36.7,37.6,36.6,37.0,6617
2015-07-30 00:00:00,37.0,37.7,36.5,36.9,5973
2015-07-29 00:00:00,37.9,37.9,36.8,37.4,3143
2015-07-28 00:00:00,36.5,37.6,36.5,37.0,7735
2015-07-27 00:00:00,38.0,38.0,36.4,36.7,19155
2015-07-24 00:00:00,37.5,38.0,37.5,37.5,7420
2015-07-23 00:00:00,37.6,38.1,37.6,37.6,4386
2015-07-22 00:00:00,38.0,38.1,37.8,38.1,2688
2015-07-21 00:00:00,37.7,38.4,37.7,38.1,8935
2015-07-20 00:00:00,37.9,38.4,37.7,38.4,10602
2015-07-17 00:00:00,37.1,38.4,37.1,37.6,3988
2015-07-16 00:00:00,38.4,38.5,37.0,38.4,7326
2015-07-15 00:00:00,38.2,38.5,37.7,38.2,6797
2015-07-14 00:00:00,38.0,38.4,37.7,37.7,13502
2015-07-13 00:00:00,37.8,38.5,37.8,38.4,15903
2015-07-10 00:00:00,37.6,37.9,37.0,37.8,16310
2015-07-09 00:00:00,36.9,37.4,36.6,36.9,51349
2015-07-08 00:00:00,36.0,36.7,36.0,36.2,6659
2015-07-07 00:00:00,36.5,36.9,36.0,36.7,3846
2015-07-06 00:00:00,35.3,36.2,35.1,35.8,19915
2015-07-03 00:00:00,36.9,36.9,36.3,36.3,7287
2015-07-02 00:00:00,35.5,37.0,35.5,36.7,58127
2015-07-01 00:00:00,35.9,36.0,35.2,35.9,8859
2015-06-30 00:00:00,35.2,36.4,35.0,35.4,32542
2015-06-29 00:00:00,35.0,35.5,35.0,35.3,20034
2015-06-26 00:00:00,36.2,36.6,35.6,36.0,3035
2015-06-25 00:00:00,36.2,37.0,36.2,36.5,3628
2015-06-24 00:00:00,37.0,37.0,36.5,36.5,9005
2015-06-23 00:00:00,36.3,36.9,36.0,36.7,5833
2015-06-22 00:00:00,35.9,36.5,35.6,36.0,11162
2015-06-19 00:00:00,,35.9,35.9,35.9,0
2015-06-18 00:00:00,35.6,35.9,35.5,35.9,27010
2015-06-17 00:00:00,35.8,36.0,35.5,35.5,56996
2015-06-16 00:00:00,36.0,36.0,34.9,35.8,38090
2015-06-15 00:00:00,36.6,36.6,36.0,36.0,24187
2015-06-12 00:00:00,38.7,38.7,37.1,37.1,21085
2015-06-11 00:00:00,36.7,38.0,36.6,38.0,39491
2015-06-10 00:00:00,36.8,37.2,36.2,36.8,32721
2015-06-09 00:00:00,37.0,37.0,36.3,37.0,39086
2015-06-08 00:00:00,38.0,38.0,37.1,37.1,42358
2015-06-05 00:00:00,38.4,38.6,36.5,38.0,80223
2015-06-04 00:00:00,38.8,38.8,38.2,38.7,90581
2015-06-03 00:00:00,38.6,39.0,38.4,38.9,16200
2015-06-02 00:00:00,39.5,39.5,38.5,38.7,26676
2015-06-01 00:00:00,39.0,39.8,38.9,39.5,35660
2015-05-29 00:00:00,39.5,39.5,39.1,39.2,23870
2015-05-28 00:00:00,39.4,39.7,39.1,39.7,17153
2015-05-27 00:00:00,40.3,40.3,39.1,40.0,42569
2015-05-26 00:00:00,40.6,40.7,40.0,40.2,35631
2015-05-25 00:00:00,40.5,40.6,40.2,40.2,28931
2015-05-22 00:00:00,40.6,40.9,40.3,40.6,11358
2015-05-21 00:00:00,40.3,40.8,40.3,40.8,27817
2015-05-20 00:00:00,40.3,41.0,40.0,41.0,16677
2015-05-19 00:00:00,41.3,41.3,40.4,40.7,23335
2015-05-18 00:00:00,41.0,41.2,40.3,40.3,25307
2015-05-15 00:00:00,41.1,41.7,40.5,40.8,17123
2015-05-14 00:00:00,41.0,41.3,40.8,41.0,28331
2015-05-13 00:00:00,41.0,41.3,40.8,41.0,28331
2015-05-12 00:00:00,41.5,41.5,40.7,41.0,47517
2015-05-11 00:00:00,41.4,42.5,40.6,41.6,94782
2015-05-08 00:00:00,40.6,41.6,40.5,41.5,65184
2015-05-07 00:00:00,42.9,42.9,39.0,40.7,580616
2015-05-06 00:00:00,41.5,43.0,41.5,42.5,185355
2015-05-05 00:00:00,42.1,43.6,42.0,42.0,49738
2015-05-04 00:00:00,42.4,42.9,42.1,42.1,50044
2015-05-01 00:00:00,42.7,43.0,41.5,42.2,43319
2015-04-30 00:00:00,42.7,43.0,41.5,42.2,43319
2015-04-29 00:00:00,44.2,44.2,42.5,42.6,33332
2015-04-28 00:00:00,44.5,44.5,43.1,43.5,41787
2015-04-27 00:00:00,44.0,44.4,43.7,44.3,135301
2015-04-24 00:00:00,42.5,43.0,42.2,43.0,70369
2015-04-23 00:00:00,42.7,44.0,42.6,42.9,28998
2015-04-22 00:00:00,42.5,43.5,42.5,43.5,82413
2015-04-21 00:00:00,43.4,44.0,42.2,43.5,111175
2015-04-20 00:00:00,43.0,43.7,42.2,43.0,92444
2015-04-17 00:00:00,43.3,44.0,42.3,43.2,86412
2015-04-16 00:00:00,42.4,43.5,42.2,43.2,81414
2015-04-15 00:00:00,42.0,42.4,42.0,42.4,22013
2015-04-14 00:00:00,41.8,42.0,41.5,42.0,89043
2015-04-13 00:00:00,41.2,41.8,41.1,41.4,46889
2015-04-10 00:00:00,41.5,41.7,41.2,41.2,48320
2015-04-09 00:00:00,41.1,41.4,41.1,41.4,35057
2015-04-08 00:00:00,41.4,41.4,40.9,40.9,47239
2015-04-07 00:00:00,42.0,42.0,40.0,41.3,70406
2015-04-02 00:00:00,40.6,41.9,40.4,41.4,57657
2015-04-01 00:00:00,40.6,40.7,40.0,40.4,71734
2015-03-31 00:00:00,40.0,40.0,39.8,40.0,12495
2015-03-30 00:00:00,39.7,40.0,39.6,40.0,32494
2015-03-27 00:00:00,40.0,40.3,39.6,39.6,16773
2015-03-26 00:00:00,40.0,40.4,39.2,40.2,76804
2015-03-25 00:00:00,40.5,40.6,40.1,40.4,46181
2015-03-24 00:00:00,40.2,40.5,39.8,40.5,78029
2015-03-23 00:00:00,40.4,40.5,40.1,40.3,47713
2015-03-20 00:00:00,40.1,40.6,40.0,40.5,56055
2015-03-19 00:00:00,40.3,41.4,40.0,40.1,65305
2015-03-18 00:00:00,39.3,40.6,39.2,40.0,111657
2015-03-17 00:00:00,40.0,40.0,39.4,39.6,109453
2015-03-16 00:00:00,40.3,40.8,39.8,39.9,125205
2015-03-13 00:00:00,40.2,41.3,40.1,40.2,74037
2015-03-12 00:00:00,40.5,41.0,40.1,40.2,81734
2015-03-11 00:00:00,40.0,40.7,39.6,40.6,54412
2015-03-10 00:00:00,40.8,41.7,39.4,40.2,87050
2015-03-09 00:00:00,40.0,41.0,39.6,40.8,192782
2015-03-06 00:00:00,43.2,43.2,39.5,40.0,349770
2015-03-05 00:00:00,42.1,42.9,42.1,42.6,47716
2015-03-04 00:00:00,43.0,43.0,41.6,42.9,192513
2015-03-03 00:00:00,44.0,44.0,42.3,43.3,78990
2015-03-02 00:00:00,44.0,44.7,43.5,44.0,88387
2015-02-27 00:00:00,43.1,44.8,43.1,44.8,72723
2015-02-26 00:00:00,43.4,44.0,43.3,43.3,41367
2015-02-25 00:00:00,43.9,44.1,43.2,43.7,57721
2015-02-24 00:00:00,43.5,44.0,41.9,43.6,236444
2015-02-23 00:00:00,44.6,44.7,43.0,43.9,117056
2015-02-20 00:00:00,45.2,45.9,43.7,44.8,128027
2015-02-19 00:00:00,45.8,45.9,44.5,44.8,82388
2015-02-18 00:00:00,45.1,46.0,45.0,45.7,1328652
2015-02-17 00:00:00,46.0,46.0,43.0,45.1,111962
2015-02-16 00:00:00,45.6,46.9,43.7,45.4,264086
2015-02-13 00:00:00,41.0,45.0,41.0,42.8,230188
2015-02-12 00:00:00,39.4,40.0,39.2,40.0,120536
2015-02-11 00:00:00,39.6,39.7,39.3,39.4,46408
2015-02-10 00:00:00,39.1,39.9,38.8,39.3,78298
2015-02-09 00:00:00,39.3,39.8,38.7,38.9,52863
2015-02-06 00:00:00,39.2,39.7,38.8,39.1,34545
2015-02-05 00:00:00,39.1,39.7,38.6,39.2,28788
2015-02-04 00:00:00,39.0,39.2,38.8,39.0,34996
2015-02-03 00:00:00,38.3,39.0,38.3,38.8,157691
2015-02-02 00:00:00,38.3,38.7,38.0,38.7,76328
2015-01-30 00:00:00,38.0,38.5,38.0,38.5,59418
2015-01-29 00:00:00,38.6,38.6,37.9,38.0,179372
2015-01-28 00:00:00,38.4,38.7,38.2,38.2,88230
2015-01-27 00:00:00,38.7,38.8,38.1,38.2,124812
2015-01-26 00:00:00,38.9,39.0,37.7,38.3,164432
2015-01-23 00:00:00,38.5,38.5,38.0,38.1,929104
2015-01-22 00:00:00,38.0,38.8,37.6,38.1,104544
2015-01-21 00:00:00,38.9,38.9,37.3,38.0,71927
2015-01-20 00:00:00,39.5,39.5,38.7,38.9,185905
2015-01-19 00:00:00,38.6,39.5,38.6,39.0,260663
2015-01-16 00:00:00,37.7,39.3,37.6,38.0,317225
2015-01-15 00:00:00,37.9,38.0,37.1,37.5,76988
2015-01-14 00:00:00,37.3,37.5,36.7,37.0,97196
2015-01-13 00:00:00,37.9,38.2,36.6,37.1,95961
2015-01-12 00:00:00,36.9,37.5,36.8,37.5,136157
2015-01-09 00:00:00,36.1,36.8,36.1,36.6,80969
2015-01-08 00:00:00,34.4,37.4,34.4,36.0,461494
2015-01-07 00:00:00,34.4,34.8,33.8,34.4,121632
2015-01-06 00:00:00,,34.3,34.3,34.3,0
2015-01-05 00:00:00,34.6,34.9,34.3,34.3,64616
2015-01-02 00:00:00,34.9,34.9,34.6,34.6,83187
2015-01-01 00:00:00,34.5,35.0,34.1,34.6,79504
2014-12-30 00:00:00,34.5,35.0,34.1,34.6,79504
2014-12-29 00:00:00,33.5,34.5,33.5,34.5,76085
2014-12-23 00:00:00,33.9,33.9,33.4,33.5,113693
2014-12-22 00:00:00,33.4,33.9,33.3,33.7,606553
2014-12-19 00:00:00,32.9,33.7,32.8,33.4,209128
2014-12-18 00:00:00,32.5,32.9,32.4,32.9,100495
2014-12-17 00:00:00,32.7,32.7,32.1,32.6,132261
2014-12-16 00:00:00,32.8,32.9,32.3,32.6,63895
2014-12-15 00:00:00,32.6,33.0,32.5,32.8,146077
2014-12-12 00:00:00,32.9,33.0,32.3,32.3,242300
2014-12-11 00:00:00,32.9,32.9,32.5,32.8,455401
2014-12-10 00:00:00,33.0,33.0,32.6,32.9,70005
2014-12-09 00:00:00,32.7,33.3,32.4,32.6,253468
2014-12-08 00:00:00,33.2,33.2,32.6,32.7,349951
2014-12-05 00:00:00,33.8,33.8,32.7,33.2,585327
2014-12-04 00:00:00,34.5,35.0,32.5,33.8,1708164
