Dates,Open,High,Low,Close,Volume
2017-09-08 00:00:00,179.0,180.0,176.0,180.0,1975
2017-09-07 00:00:00,179.5,180.0,177.0,178.0,1997
2017-09-06 00:00:00,179.0,180.0,179.0,179.5,2525
2017-09-04 00:00:00,192.0,192.0,186.0,186.5,1303
2017-09-01 00:00:00,189.0,192.0,185.5,185.5,2855
2017-08-31 00:00:00,183.5,189.5,183.0,189.0,1112
2017-08-30 00:00:00,178.0,181.5,178.0,181.0,2160
2017-08-29 00:00:00,183.5,183.5,176.0,178.0,2364
2017-08-28 00:00:00,178.5,183.5,178.0,183.5,743
2017-08-25 00:00:00,181.0,181.0,176.0,178.0,1355
2017-08-24 00:00:00,181.0,182.5,179.5,179.5,2470
2017-08-23 00:00:00,181.5,182.5,181.0,182.0,1069
2017-08-22 00:00:00,179.5,182.0,179.5,181.5,1801
2017-08-21 00:00:00,181.0,185.5,179.0,179.0,3792
2017-08-18 00:00:00,180.0,182.0,178.0,182.0,29097
2017-08-17 00:00:00,187.5,188.0,180.0,180.5,4247
2017-08-16 00:00:00,187.0,200.0,187.0,189.5,50884
2017-08-15 00:00:00,185.5,193.0,185.5,187.0,1407
2017-08-14 00:00:00,190.5,191.0,186.0,187.5,1394
2017-08-11 00:00:00,195.0,195.0,188.5,189.5,1695
2017-08-10 00:00:00,196.0,199.0,195.0,195.0,935
2017-08-09 00:00:00,204.0,205.5,195.0,195.0,2942
2017-08-08 00:00:00,194.5,209.5,194.5,202.5,2072
2017-08-07 00:00:00,192.0,196.0,192.0,194.5,3482
2017-08-04 00:00:00,190.0,192.5,190.0,191.0,573
2017-08-03 00:00:00,189.0,194.0,189.0,192.5,2382
2017-08-02 00:00:00,184.0,190.0,182.5,188.5,6887
2017-08-01 00:00:00,177.0,185.0,173.5,178.0,4762
2017-07-31 00:00:00,180.0,180.0,173.5,177.0,3265
2017-07-28 00:00:00,180.0,182.5,177.0,180.0,1676
2017-07-27 00:00:00,181.0,182.0,180.0,180.0,5346
2017-07-26 00:00:00,180.0,184.0,180.0,181.0,1707
2017-07-25 00:00:00,180.5,181.5,180.0,181.5,3240
2017-07-24 00:00:00,180.0,182.5,180.0,180.5,5103
2017-07-21 00:00:00,180.5,183.0,180.0,180.0,3742
2017-07-20 00:00:00,185.0,185.0,180.0,180.0,3217
2017-07-19 00:00:00,183.5,183.5,180.0,181.5,3880
2017-07-18 00:00:00,187.0,189.5,184.0,184.0,1156
2017-07-17 00:00:00,184.0,188.5,184.0,186.5,4185
2017-07-14 00:00:00,196.0,196.0,184.0,184.0,4736
2017-07-13 00:00:00,195.0,200.0,192.0,196.0,5998
2017-07-12 00:00:00,193.5,197.5,193.0,197.5,1814
2017-07-11 00:00:00,197.0,200.0,193.0,193.0,1112
2017-07-10 00:00:00,196.5,197.0,193.5,197.0,697
2017-07-07 00:00:00,193.0,196.0,191.0,194.5,1208
2017-07-06 00:00:00,198.0,199.0,193.0,193.0,674
2017-07-05 00:00:00,190.0,200.0,190.0,199.0,1182
2017-07-04 00:00:00,196.0,196.0,187.5,189.0,4585
2017-07-03 00:00:00,194.0,196.0,194.0,196.0,1514
2017-06-30 00:00:00,198.5,198.5,194.0,194.0,876
2017-06-29 00:00:00,199.0,203.0,195.0,195.5,4437
2017-06-28 00:00:00,197.0,200.5,197.0,199.0,8990
2017-06-27 00:00:00,197.0,201.5,194.5,201.0,3459
2017-06-26 00:00:00,202.0,202.0,197.0,197.0,6516
2017-06-23 00:00:00,,202.0,202.0,202.0,0
2017-06-22 00:00:00,203.0,204.0,200.0,202.0,2920
2017-06-21 00:00:00,203.5,203.5,201.0,202.5,1435
2017-06-20 00:00:00,202.5,205.5,200.5,203.5,4425
2017-06-19 00:00:00,201.5,206.0,200.0,202.5,6996
2017-06-16 00:00:00,205.0,207.0,202.0,202.0,8152
2017-06-15 00:00:00,212.0,214.0,210.0,210.0,2201
2017-06-14 00:00:00,210.0,214.0,209.0,214.0,1893
2017-06-13 00:00:00,214.0,214.5,209.5,213.0,3580
2017-06-12 00:00:00,217.0,218.0,212.5,217.0,3277
2017-06-09 00:00:00,214.0,218.0,214.0,217.0,8774
2017-06-08 00:00:00,209.5,214.0,208.0,214.0,3999
2017-06-07 00:00:00,204.5,210.0,204.5,207.0,1518
2017-06-06 00:00:00,,204.5,204.5,204.5,0
2017-06-05 00:00:00,209.5,209.5,203.0,204.5,4242
2017-06-02 00:00:00,205.0,210.0,205.0,210.0,3561
2017-06-01 00:00:00,203.0,205.0,201.5,205.0,2468
2017-05-31 00:00:00,201.0,203.0,200.0,203.0,1442
2017-05-30 00:00:00,200.0,201.0,197.5,201.0,3147
2017-05-29 00:00:00,200.0,204.5,200.0,201.0,4407
2017-05-26 00:00:00,198.0,199.0,198.0,199.0,2088
2017-05-24 00:00:00,197.0,200.0,197.0,198.0,265
2017-05-23 00:00:00,200.0,200.0,196.5,197.5,2293
2017-05-22 00:00:00,198.0,203.0,193.0,201.5,4354
2017-05-19 00:00:00,198.0,207.0,198.0,200.0,4659
2017-05-18 00:00:00,199.5,199.5,191.5,196.0,11347
2017-05-17 00:00:00,208.5,209.0,197.5,199.5,7607
2017-05-16 00:00:00,208.0,211.0,208.0,208.5,2174
2017-05-15 00:00:00,214.0,214.0,208.0,208.0,7388
2017-05-12 00:00:00,215.0,214.0,214.0,214.0,3227
2017-05-11 00:00:00,214.0,214.5,210.0,212.5,3964
2017-05-10 00:00:00,212.0,214.0,212.0,214.0,46675
2017-05-09 00:00:00,215.0,215.0,210.5,212.0,4179
2017-05-08 00:00:00,214.5,215.0,213.0,214.5,4871
2017-05-05 00:00:00,214.5,214.5,212.0,213.5,2459
2017-05-04 00:00:00,215.0,215.0,212.0,212.0,2712
2017-05-03 00:00:00,211.0,215.0,210.0,212.0,20283
2017-05-02 00:00:00,215.0,215.0,205.0,211.0,13000
2017-05-01 00:00:00,,212.0,212.0,212.0,0
2017-04-28 00:00:00,215.0,217.0,212.0,212.0,5015
2017-04-27 00:00:00,218.0,220.0,211.0,211.5,8386
2017-04-26 00:00:00,207.0,218.0,207.0,213.0,9648
2017-04-25 00:00:00,210.0,210.0,202.5,204.5,9728
2017-04-24 00:00:00,217.0,219.0,210.0,210.0,11677
2017-04-21 00:00:00,219.0,219.0,216.0,216.0,3014
2017-04-20 00:00:00,217.0,218.5,217.0,217.0,6689
2017-04-19 00:00:00,218.0,220.5,216.5,220.0,21298
2017-04-18 00:00:00,212.0,220.0,212.0,215.5,6778
2017-04-13 00:00:00,206.5,215.0,206.5,210.0,5708
2017-04-12 00:00:00,206.0,207.5,203.5,206.5,11530
2017-04-11 00:00:00,205.0,209.0,204.0,206.0,15995
2017-04-10 00:00:00,196.0,205.0,195.5,201.5,30882
2017-04-07 00:00:00,196.0,197.0,192.5,193.5,3491
2017-04-06 00:00:00,195.5,196.0,194.5,195.0,2953
2017-04-05 00:00:00,192.0,196.0,192.0,195.0,2401
2017-04-04 00:00:00,195.0,195.5,190.5,191.5,6780
2017-04-03 00:00:00,195.0,196.0,193.0,195.5,10495
2017-03-31 00:00:00,195.0,195.0,192.5,194.0,4456
2017-03-30 00:00:00,190.0,195.0,190.0,193.0,7232
2017-03-29 00:00:00,175.5,192.0,175.5,192.0,7698
2017-03-28 00:00:00,179.0,179.0,173.0,175.5,6022
2017-03-27 00:00:00,187.0,187.0,177.0,179.0,3017
2017-03-24 00:00:00,190.0,192.5,187.0,187.0,3121
2017-03-23 00:00:00,188.5,192.5,188.5,190.0,1821
2017-03-22 00:00:00,190.0,195.0,188.0,188.5,4234
2017-03-21 00:00:00,189.5,190.0,188.0,189.0,1792
2017-03-20 00:00:00,188.5,188.5,186.0,188.0,3552
2017-03-17 00:00:00,184.0,186.0,183.0,184.0,1653
2017-03-16 00:00:00,182.0,188.5,182.0,184.0,6677
2017-03-15 00:00:00,182.5,183.0,178.0,181.5,975
2017-03-14 00:00:00,180.0,182.0,180.0,180.0,2096
2017-03-13 00:00:00,178.5,181.0,177.5,178.5,1150
2017-03-10 00:00:00,178.0,178.5,178.5,178.5,2735
2017-03-09 00:00:00,179.0,183.0,177.0,177.0,4367
2017-03-08 00:00:00,177.5,177.5,175.5,177.5,2581
2017-03-07 00:00:00,174.5,177.0,173.0,177.0,3865
2017-03-06 00:00:00,168.0,173.0,166.5,172.0,15909
2017-03-03 00:00:00,168.0,168.0,168.0,168.0,2262
2017-03-02 00:00:00,168.0,168.0,167.5,168.0,53139
2017-03-01 00:00:00,168.0,169.0,165.0,165.5,2300
2017-02-28 00:00:00,167.0,167.0,164.5,167.0,2123
2017-02-27 00:00:00,168.0,168.0,167.0,167.0,1310
2017-02-24 00:00:00,165.5,168.0,165.5,168.0,1686
2017-02-23 00:00:00,165.0,167.0,165.0,166.0,841
2017-02-22 00:00:00,167.0,167.0,165.0,167.0,519
2017-02-21 00:00:00,168.0,168.0,162.0,164.5,3424
2017-02-20 00:00:00,169.5,170.0,166.5,166.5,1809
2017-02-17 00:00:00,161.5,172.5,160.5,170.0,7310
2017-02-16 00:00:00,157.5,161.5,157.0,160.0,2466
2017-02-15 00:00:00,158.0,160.5,157.0,157.5,959
2017-02-14 00:00:00,158.0,158.5,157.0,158.0,504
2017-02-13 00:00:00,156.0,158.5,156.0,158.0,1363
2017-02-10 00:00:00,159.5,159.5,154.5,155.5,2929
2017-02-09 00:00:00,155.0,158.5,155.0,158.5,1707
2017-02-08 00:00:00,157.5,159.5,154.0,154.0,1644
2017-02-07 00:00:00,155.0,158.0,155.0,157.5,488
2017-02-06 00:00:00,156.0,156.0,153.0,156.0,7605
2017-02-03 00:00:00,157.5,157.5,156.0,156.0,1879
2017-02-02 00:00:00,155.0,158.5,155.0,155.5,3145
2017-02-01 00:00:00,160.0,160.0,152.0,159.0,3849
2017-01-31 00:00:00,162.0,162.0,159.0,160.0,649
2017-01-30 00:00:00,162.0,162.0,158.5,161.0,1847
2017-01-27 00:00:00,161.0,161.0,159.5,161.0,1793
2017-01-26 00:00:00,159.5,161.0,159.0,160.5,1951
2017-01-25 00:00:00,159.5,160.0,158.0,158.0,771
2017-01-24 00:00:00,159.5,159.5,157.5,159.5,1093
2017-01-23 00:00:00,156.5,160.0,156.5,159.5,1939
2017-01-20 00:00:00,156.5,158.0,156.5,156.5,1343
2017-01-19 00:00:00,159.5,159.5,156.5,156.5,507
2017-01-18 00:00:00,160.0,160.0,158.0,159.0,615
2017-01-17 00:00:00,158.0,160.0,156.5,156.5,838
2017-01-16 00:00:00,156.5,158.0,155.0,158.0,955
2017-01-13 00:00:00,159.0,159.0,154.5,156.5,1174
2017-01-12 00:00:00,159.0,160.5,154.5,157.0,3046
2017-01-11 00:00:00,154.5,161.0,154.5,158.5,1994
2017-01-10 00:00:00,152.5,154.5,152.5,154.5,6884
2017-01-09 00:00:00,153.0,154.0,149.25,152.0,3892
2017-01-06 00:00:00,,153.5,153.5,153.5,0
2017-01-05 00:00:00,153.0,153.5,151.5,153.5,1183
2017-01-04 00:00:00,152.0,153.0,151.0,153.0,2173
2017-01-03 00:00:00,152.5,152.5,152.0,152.0,557
2017-01-02 00:00:00,151.0,152.5,148.0,152.0,2395
2016-12-30 00:00:00,150.5,151.0,150.0,151.0,1493
2016-12-29 00:00:00,149.5,150.5,149.25,150.5,1128
2016-12-28 00:00:00,149.75,150.5,148.0,149.5,900
2016-12-27 00:00:00,151.0,152.5,149.75,149.75,3569
2016-12-23 00:00:00,152.5,152.5,150.0,151.0,331
2016-12-22 00:00:00,148.25,151.0,148.0,149.5,2397
2016-12-21 00:00:00,152.0,152.0,149.5,151.5,1751
2016-12-20 00:00:00,150.5,153.0,150.5,152.0,296
2016-12-19 00:00:00,154.5,154.5,150.5,150.5,166
2016-12-16 00:00:00,147.5,155.0,147.5,150.0,2216
2016-12-15 00:00:00,149.5,150.0,147.25,150.0,461
2016-12-14 00:00:00,148.0,150.5,148.0,149.5,1128
2016-12-13 00:00:00,149.0,151.0,149.0,151.0,197
2016-12-12 00:00:00,151.0,151.0,149.0,149.0,730
2016-12-09 00:00:00,151.5,151.5,149.0,149.0,424
2016-12-08 00:00:00,149.0,151.5,149.0,151.5,1706
2016-12-07 00:00:00,147.0,148.5,147.0,148.5,1374
2016-12-06 00:00:00,152.0,152.5,146.5,147.5,2618
2016-12-05 00:00:00,150.5,153.5,150.5,153.0,1969
2016-12-02 00:00:00,149.75,152.0,146.5,150.0,4113
2016-12-01 00:00:00,154.0,154.0,147.0,149.5,4870
2016-11-30 00:00:00,152.0,154.0,152.0,152.0,2266
2016-11-29 00:00:00,149.25,155.0,149.0,152.0,3358
2016-11-28 00:00:00,148.0,149.25,146.5,149.0,1615
2016-11-25 00:00:00,148.25,148.5,147.25,148.0,593
2016-11-24 00:00:00,147.0,148.5,147.0,147.0,499
2016-11-23 00:00:00,148.0,148.5,147.0,147.0,63
2016-11-22 00:00:00,148.0,148.75,146.75,146.75,1010
2016-11-21 00:00:00,149.75,149.75,148.0,148.0,2161
2016-11-18 00:00:00,149.75,149.75,148.5,148.5,11121
2016-11-17 00:00:00,148.0,149.25,146.75,148.5,5955
2016-11-16 00:00:00,141.0,145.75,140.5,144.0,1324
2016-11-15 00:00:00,140.0,142.5,139.5,140.5,1637
2016-11-14 00:00:00,143.75,143.75,139.5,139.5,145
2016-11-11 00:00:00,140.0,143.75,140.0,141.5,272
2016-11-10 00:00:00,143.75,143.75,140.5,142.0,412
2016-11-09 00:00:00,141.5,143.0,138.5,140.0,1823
2016-11-08 00:00:00,141.75,145.0,141.75,144.5,628
2016-11-07 00:00:00,141.0,144.25,139.0,143.0,7338
2016-11-04 00:00:00,141.25,142.75,141.0,141.0,309
2016-11-03 00:00:00,147.0,147.0,141.75,141.75,853
2016-11-02 00:00:00,143.5,146.0,141.0,146.0,1938
2016-11-01 00:00:00,143.75,144.0,142.0,143.5,236
2016-10-31 00:00:00,144.0,144.75,137.0,138.5,1401
2016-10-28 00:00:00,146.0,146.0,143.5,143.5,360
2016-10-27 00:00:00,148.5,148.5,144.75,144.75,265
2016-10-26 00:00:00,147.0,148.5,142.75,147.0,1735
2016-10-25 00:00:00,140.0,145.0,140.0,144.25,533
2016-10-24 00:00:00,143.75,144.25,138.5,138.5,2321
2016-10-21 00:00:00,142.0,143.25,141.25,141.75,1309
2016-10-20 00:00:00,144.5,149.5,138.0,141.0,213146
2016-10-19 00:00:00,147.0,147.0,143.0,143.75,722
2016-10-18 00:00:00,146.0,146.75,146.0,146.75,24
2016-10-17 00:00:00,145.0,147.25,144.0,146.0,590
2016-10-14 00:00:00,141.75,145.0,141.75,145.0,1453
2016-10-13 00:00:00,146.5,146.5,140.25,141.5,2701
2016-10-12 00:00:00,148.0,148.0,147.0,147.0,45
2016-10-11 00:00:00,147.75,147.75,147.5,147.5,49
2016-10-10 00:00:00,145.0,148.25,145.0,147.75,291
2016-10-07 00:00:00,148.0,148.0,143.0,143.0,3757
2016-10-06 00:00:00,147.5,150.0,145.0,148.0,4895
2016-10-05 00:00:00,150.0,150.5,145.0,146.75,11165
2016-10-04 00:00:00,155.0,155.0,150.5,150.5,1129
2016-10-03 00:00:00,147.25,156.0,146.0,154.0,17664
2016-09-30 00:00:00,148.5,148.5,147.0,147.25,386
2016-09-29 00:00:00,148.0,148.5,148.0,148.25,1869
2016-09-28 00:00:00,152.0,152.0,150.0,150.0,611
2016-09-27 00:00:00,149.0,150.0,148.0,149.75,108
2016-09-26 00:00:00,152.0,152.0,147.5,148.0,809
2016-09-23 00:00:00,150.0,153.5,148.5,148.5,777
2016-09-22 00:00:00,149.75,152.5,149.75,152.5,517
2016-09-21 00:00:00,148.5,149.75,148.5,149.75,30
2016-09-20 00:00:00,148.0,151.0,148.0,149.5,1933
2016-09-19 00:00:00,147.0,147.0,146.0,147.0,786
2016-09-16 00:00:00,146.75,148.0,146.0,146.0,317
2016-09-15 00:00:00,146.5,146.75,146.5,146.75,58
2016-09-14 00:00:00,145.0,146.75,144.0,146.75,172
2016-09-13 00:00:00,144.5,147.25,144.0,144.0,700
2016-09-12 00:00:00,150.0,150.0,141.5,144.5,4130
2016-09-09 00:00:00,153.0,155.0,148.5,150.0,6339
2016-09-08 00:00:00,155.0,155.0,152.5,152.5,217
2016-09-07 00:00:00,155.0,155.0,155.0,155.0,125
2016-09-06 00:00:00,155.0,156.0,153.5,155.0,10672
2016-09-05 00:00:00,148.0,155.0,148.0,155.0,871
2016-09-02 00:00:00,150.5,153.0,150.5,153.0,1479
2016-09-01 00:00:00,152.0,153.0,151.0,152.5,1737
2016-08-31 00:00:00,152.0,153.0,151.0,151.0,2472
2016-08-30 00:00:00,151.0,152.0,151.0,152.0,5116
2016-08-29 00:00:00,150.5,153.0,148.5,151.0,4106
2016-08-26 00:00:00,148.5,150.0,147.0,150.0,2646
2016-08-25 00:00:00,149.75,150.0,149.0,149.0,1784
2016-08-24 00:00:00,147.5,150.0,146.0,149.75,2280
2016-08-23 00:00:00,150.0,150.0,148.0,148.0,2872
2016-08-22 00:00:00,149.0,150.0,147.5,149.75,1626
2016-08-19 00:00:00,149.5,150.0,149.25,149.25,2485
2016-08-18 00:00:00,149.5,149.5,147.0,149.25,2483
2016-08-17 00:00:00,149.0,149.0,145.0,146.0,1021
2016-08-16 00:00:00,148.0,149.5,148.0,149.5,1829
2016-08-15 00:00:00,148.0,149.0,147.75,148.0,1263
2016-08-12 00:00:00,149.5,150.0,147.0,147.0,1011
2016-08-11 00:00:00,146.5,149.5,146.5,148.5,959
2016-08-10 00:00:00,153.0,153.0,146.75,147.75,1433
2016-08-09 00:00:00,142.5,150.0,142.25,150.0,31967
2016-08-08 00:00:00,138.5,143.0,138.5,142.5,2195
2016-08-05 00:00:00,142.0,142.0,138.5,138.5,1240
2016-08-04 00:00:00,137.0,143.75,135.5,143.75,6031
2016-08-03 00:00:00,141.5,141.5,137.0,137.0,4824
2016-08-02 00:00:00,143.0,143.0,141.0,141.5,2088
2016-08-01 00:00:00,140.5,145.0,140.5,143.0,38464
2016-07-29 00:00:00,143.5,145.0,140.0,141.0,2241
2016-07-28 00:00:00,140.5,143.75,140.0,142.0,6835
2016-07-27 00:00:00,136.5,140.75,136.5,140.5,10740
2016-07-26 00:00:00,137.25,137.5,135.0,135.0,1125
2016-07-25 00:00:00,134.5,134.5,131.5,134.5,1291
2016-07-22 00:00:00,134.25,134.5,134.25,134.5,850
2016-07-21 00:00:00,134.5,134.5,134.0,134.25,197
2016-07-20 00:00:00,134.0,134.25,131.5,133.5,826
2016-07-19 00:00:00,131.0,133.75,131.0,133.75,2007
2016-07-18 00:00:00,131.75,131.75,130.5,131.0,1328
2016-07-15 00:00:00,130.0,131.75,130.0,131.75,587
2016-07-14 00:00:00,130.0,132.0,129.25,130.25,5850
2016-07-13 00:00:00,125.0,130.0,116.5,129.25,16968
2016-07-12 00:00:00,125.0,125.5,113.0,123.0,4088
2016-07-11 00:00:00,124.5,125.0,124.0,124.0,459
2016-07-08 00:00:00,125.0,125.0,124.5,125.0,219
2016-07-07 00:00:00,123.75,124.5,123.5,124.5,470
2016-07-06 00:00:00,122.5,124.0,122.5,124.0,1371
2016-07-05 00:00:00,123.5,123.5,122.5,122.5,298
2016-07-04 00:00:00,123.5,123.75,123.0,123.0,619
2016-07-01 00:00:00,125.5,125.5,123.5,123.5,1434
2016-06-30 00:00:00,124.75,124.75,124.0,124.5,239
2016-06-29 00:00:00,125.25,125.75,121.25,124.75,1376
2016-06-28 00:00:00,123.25,125.25,123.0,125.0,10537
2016-06-27 00:00:00,118.0,125.75,118.0,123.0,2481
2016-06-24 00:00:00,,127.25,127.25,127.25,0
2016-06-23 00:00:00,126.75,127.5,125.0,127.25,3370
2016-06-22 00:00:00,127.0,127.0,123.5,123.75,939
2016-06-21 00:00:00,122.0,125.0,122.0,125.0,869
2016-06-20 00:00:00,122.5,124.75,121.0,121.0,5266
2016-06-17 00:00:00,122.5,124.0,122.5,123.0,1003
2016-06-16 00:00:00,120.5,120.5,120.0,120.5,380
2016-06-15 00:00:00,123.5,124.0,121.5,122.5,304
2016-06-14 00:00:00,122.5,122.5,120.75,121.0,2983
2016-06-13 00:00:00,122.0,125.0,122.0,124.0,822
2016-06-10 00:00:00,125.0,126.0,119.0,122.0,3424
2016-06-09 00:00:00,127.25,128.25,125.75,125.75,1336
2016-06-08 00:00:00,129.0,129.5,126.75,126.75,428
2016-06-07 00:00:00,126.75,129.75,126.75,129.75,1178
2016-06-06 00:00:00,,127.0,127.0,127.0,0
2016-06-03 00:00:00,128.25,128.25,127.0,127.0,2020
2016-06-02 00:00:00,127.5,129.75,127.5,129.75,633
2016-06-01 00:00:00,128.5,128.5,127.5,127.5,12128
2016-05-31 00:00:00,129.0,130.0,128.0,129.0,2097
2016-05-30 00:00:00,128.25,130.0,128.0,129.0,3465
2016-05-27 00:00:00,128.0,128.0,126.0,126.25,2577
2016-05-26 00:00:00,129.75,129.75,127.75,128.25,141
2016-05-25 00:00:00,129.5,129.5,126.75,127.5,699
2016-05-24 00:00:00,127.5,129.75,127.5,128.0,787
2016-05-23 00:00:00,129.0,129.75,127.75,127.75,850
2016-05-20 00:00:00,129.75,129.75,127.5,127.5,531
2016-05-19 00:00:00,127.5,129.5,127.5,128.0,639
2016-05-18 00:00:00,126.75,130.0,126.75,127.0,487
2016-05-17 00:00:00,127.5,129.75,127.5,128.0,951
2016-05-16 00:00:00,129.75,129.75,127.25,127.25,1150
2016-05-13 00:00:00,126.0,130.0,126.0,127.75,813
2016-05-12 00:00:00,126.0,129.75,124.75,126.0,3844
2016-05-11 00:00:00,126.0,127.5,126.0,126.0,1190
2016-05-10 00:00:00,130.5,134.0,124.75,126.0,7287
2016-05-09 00:00:00,129.0,134.0,128.5,130.5,881
2016-05-06 00:00:00,125.0,128.5,124.5,126.0,2852
2016-05-05 00:00:00,125.0,131.5,125.0,125.25,2809
2016-05-04 00:00:00,125.0,131.5,125.0,125.25,2809
2016-05-03 00:00:00,127.0,127.0,124.0,125.0,3550
2016-05-02 00:00:00,130.5,130.5,126.0,126.0,2489
2016-04-29 00:00:00,129.0,130.5,129.0,129.0,1384
2016-04-28 00:00:00,129.0,129.0,128.0,128.0,3284
2016-04-27 00:00:00,138.5,138.5,125.25,125.5,7140
2016-04-26 00:00:00,139.0,141.5,135.0,137.0,4095
2016-04-25 00:00:00,139.75,140.0,137.5,139.5,996
2016-04-22 00:00:00,137.25,140.0,135.25,139.75,1207
2016-04-21 00:00:00,140.0,140.0,137.0,138.5,1632
2016-04-20 00:00:00,139.5,139.5,138.0,138.0,1013
2016-04-19 00:00:00,136.75,140.0,136.75,140.0,1855
2016-04-18 00:00:00,135.75,136.75,135.75,136.75,263
2016-04-15 00:00:00,133.0,139.75,132.0,136.75,2482
2016-04-14 00:00:00,136.0,136.0,132.25,133.0,7190
2016-04-13 00:00:00,139.5,139.5,134.75,136.25,72
2016-04-12 00:00:00,137.0,139.75,136.0,139.75,546
2016-04-11 00:00:00,138.0,138.5,136.0,136.0,350
2016-04-08 00:00:00,136.0,139.75,136.0,138.0,1201
2016-04-07 00:00:00,137.5,137.5,134.25,134.25,670
2016-04-06 00:00:00,131.25,137.75,131.25,135.5,1161
2016-04-05 00:00:00,134.25,134.75,131.5,134.0,3382
2016-04-04 00:00:00,133.0,136.75,133.0,133.25,1310
2016-04-01 00:00:00,133.0,133.0,132.0,132.0,750
2016-03-31 00:00:00,133.0,143.5,131.0,131.0,1102
2016-03-30 00:00:00,131.0,131.0,130.0,131.0,444
2016-03-29 00:00:00,126.0,133.5,126.0,129.75,3181
2016-03-28 00:00:00,128.0,128.0,127.0,127.0,1455
2016-03-25 00:00:00,128.0,128.0,127.0,127.0,1455
2016-03-24 00:00:00,128.0,128.0,127.0,127.0,1455
2016-03-23 00:00:00,126.5,128.0,126.5,127.5,1575
2016-03-22 00:00:00,126.5,128.0,126.0,126.0,1089
2016-03-21 00:00:00,128.0,128.0,127.5,127.5,3084
2016-03-18 00:00:00,130.5,130.5,125.0,126.75,3233
2016-03-17 00:00:00,130.0,130.5,129.0,130.5,385
2016-03-16 00:00:00,130.0,130.25,130.0,130.0,1321
2016-03-15 00:00:00,129.75,131.5,129.0,131.5,3302
2016-03-14 00:00:00,134.0,135.0,120.25,129.0,3767
2016-03-11 00:00:00,135.25,135.25,132.0,132.75,444
2016-03-10 00:00:00,135.5,135.5,135.0,135.25,333
2016-03-09 00:00:00,135.75,136.0,135.0,135.5,1622
2016-03-08 00:00:00,136.25,136.25,135.0,135.0,637
2016-03-07 00:00:00,136.0,139.75,136.0,139.75,1337
2016-03-04 00:00:00,135.0,138.25,135.0,138.25,662
2016-03-03 00:00:00,135.0,138.25,135.0,136.75,501
2016-03-02 00:00:00,130.5,137.25,130.5,135.0,3540
2016-03-01 00:00:00,130.25,130.25,127.0,129.5,1040
2016-02-29 00:00:00,128.0,130.5,127.0,130.5,206
2016-02-26 00:00:00,131.0,131.0,128.0,128.0,1676
2016-02-25 00:00:00,128.0,131.5,128.0,128.25,486
2016-02-24 00:00:00,129.5,129.5,128.0,128.0,58
2016-02-23 00:00:00,129.5,131.75,128.0,128.0,820
2016-02-22 00:00:00,129.25,132.0,127.25,127.25,1257
2016-02-19 00:00:00,131.5,131.5,128.0,129.0,1370
2016-02-18 00:00:00,129.0,138.0,127.25,133.25,5246
2016-02-17 00:00:00,128.0,131.5,127.25,127.25,5213
2016-02-16 00:00:00,129.0,129.5,128.0,128.0,657
2016-02-15 00:00:00,141.0,141.0,126.0,126.0,618
2016-02-12 00:00:00,125.25,125.25,123.5,123.5,2107
2016-02-11 00:00:00,124.0,126.5,121.5,125.25,3091
2016-02-10 00:00:00,122.75,122.75,122.75,122.75,150
2016-02-09 00:00:00,122.0,122.0,120.0,120.0,679
2016-02-08 00:00:00,127.0,127.0,122.0,122.0,2998
2016-02-05 00:00:00,128.0,128.0,127.0,127.0,55
2016-02-04 00:00:00,127.75,128.25,127.0,128.25,1802
2016-02-03 00:00:00,127.25,127.25,127.0,127.0,154
2016-02-02 00:00:00,127.75,127.75,126.25,126.25,216
2016-02-01 00:00:00,126.75,128.25,125.0,127.25,3282
2016-01-29 00:00:00,131.5,131.5,125.75,129.0,1682
2016-01-28 00:00:00,127.5,133.75,127.5,130.75,982
2016-01-27 00:00:00,126.25,129.75,126.25,127.75,367
2016-01-26 00:00:00,126.75,127.0,125.0,127.0,2016
2016-01-25 00:00:00,130.0,130.0,126.0,126.75,475
2016-01-22 00:00:00,128.75,130.5,127.0,127.0,1292
2016-01-21 00:00:00,121.0,126.25,121.0,126.0,651
2016-01-20 00:00:00,129.25,129.25,126.25,126.25,707
2016-01-19 00:00:00,129.0,130.5,129.0,129.25,365
2016-01-18 00:00:00,121.0,133.0,121.0,127.25,3354
2016-01-15 00:00:00,126.75,130.0,121.25,122.5,1242
2016-01-14 00:00:00,129.0,129.0,123.5,126.75,1025
2016-01-13 00:00:00,130.75,131.0,128.0,129.5,2261
2016-01-12 00:00:00,130.75,130.75,129.0,130.75,896
2016-01-11 00:00:00,131.0,133.0,128.25,132.75,1562
2016-01-08 00:00:00,136.75,138.0,133.0,136.75,731
2016-01-07 00:00:00,137.0,137.0,126.0,135.0,1357
2016-01-06 00:00:00,,139.0,139.0,139.0,0
2016-01-05 00:00:00,138.75,142.0,138.75,139.0,2680
2016-01-04 00:00:00,141.0,141.0,138.0,138.75,1963
2016-01-01 00:00:00,,141.0,141.0,141.0,0
2015-12-31 00:00:00,,141.0,141.0,141.0,0
2015-12-30 00:00:00,140.0,141.0,137.75,141.0,6183
2015-12-29 00:00:00,138.5,142.5,138.5,140.0,2613
2015-12-28 00:00:00,137.0,138.5,132.0,137.75,2696
2015-12-25 00:00:00,134.0,136.0,129.0,135.0,2330
2015-12-24 00:00:00,134.0,136.0,129.0,135.0,2330
2015-12-23 00:00:00,134.0,136.0,129.0,135.0,2330
2015-12-22 00:00:00,129.75,134.25,129.25,133.75,3066
2015-12-21 00:00:00,132.0,133.75,128.0,133.75,3089
2015-12-18 00:00:00,136.0,137.75,131.0,132.0,2870
2015-12-17 00:00:00,134.75,136.0,133.75,134.0,2791
2015-12-16 00:00:00,134.0,139.0,134.0,135.25,980
2015-12-15 00:00:00,135.5,136.0,133.0,136.0,914
2015-12-14 00:00:00,138.5,139.0,135.5,135.5,5964
2015-12-11 00:00:00,138.5,140.25,137.5,138.5,4021
2015-12-10 00:00:00,137.25,140.75,137.25,137.25,849
2015-12-09 00:00:00,136.75,137.75,136.5,137.25,1614
2015-12-08 00:00:00,139.0,139.25,136.75,137.5,3605
2015-12-07 00:00:00,139.5,139.5,136.75,138.25,1066
2015-12-04 00:00:00,142.5,142.5,136.25,139.5,2461
2015-12-03 00:00:00,142.75,143.25,139.0,143.25,101623
2015-12-02 00:00:00,135.0,142.5,135.0,140.25,1431
2015-12-01 00:00:00,135.0,136.0,133.5,135.5,6092
2015-11-30 00:00:00,136.75,137.0,131.5,137.0,6933
2015-11-27 00:00:00,136.25,136.25,133.0,135.5,2531
2015-11-26 00:00:00,137.0,138.75,136.0,136.25,1454
2015-11-25 00:00:00,144.75,144.75,135.75,137.5,3895
2015-11-24 00:00:00,143.75,144.0,141.0,143.0,2656
2015-11-23 00:00:00,144.75,144.75,140.0,141.5,2877
2015-11-20 00:00:00,140.75,144.75,140.75,144.75,1694
2015-11-19 00:00:00,145.0,145.0,143.0,144.0,2045
2015-11-18 00:00:00,142.0,145.0,142.0,144.5,3794
2015-11-17 00:00:00,144.0,145.0,136.0,144.25,7842
2015-11-16 00:00:00,139.0,145.0,138.0,144.0,3349
2015-11-13 00:00:00,139.0,139.0,134.5,139.0,1596
2015-11-12 00:00:00,139.0,143.0,138.0,139.0,116737
2015-11-11 00:00:00,134.5,140.0,134.5,139.5,10902
2015-11-10 00:00:00,134.5,135.0,132.5,134.75,1004
2015-11-09 00:00:00,133.5,135.5,132.25,135.5,6968
2015-11-06 00:00:00,126.5,134.0,126.5,134.0,490
2015-11-05 00:00:00,135.0,135.5,132.0,134.5,4146
2015-11-04 00:00:00,127.5,135.5,127.5,135.5,6792
2015-11-03 00:00:00,129.75,129.75,126.25,127.25,1056
2015-11-02 00:00:00,130.0,131.5,128.25,130.0,1345
2015-10-30 00:00:00,128.5,129.0,128.0,129.0,594
2015-10-29 00:00:00,129.0,130.0,127.0,128.5,1961
2015-10-28 00:00:00,132.0,132.75,132.0,132.5,2352
2015-10-27 00:00:00,131.75,132.0,130.0,131.75,5179
2015-10-26 00:00:00,131.0,132.0,129.5,131.75,11284
2015-10-23 00:00:00,128.0,130.0,128.0,128.5,1470
2015-10-22 00:00:00,127.75,130.0,127.75,128.0,1301
2015-10-21 00:00:00,125.25,128.75,125.25,127.0,3746
2015-10-20 00:00:00,126.0,130.0,125.25,125.75,4690
2015-10-19 00:00:00,125.0,127.75,125.0,127.5,1871
2015-10-16 00:00:00,125.25,127.5,125.0,125.0,1825
2015-10-15 00:00:00,,128.0,128.0,128.0,0
2015-10-14 00:00:00,125.25,128.0,125.0,128.0,251
2015-10-13 00:00:00,125.5,129.0,125.5,128.5,6290
2015-10-12 00:00:00,129.0,129.75,127.75,129.25,2964
2015-10-09 00:00:00,130.0,131.0,129.75,129.75,4712
2015-10-08 00:00:00,122.5,131.0,122.5,128.75,102336
2015-10-07 00:00:00,120.0,123.0,119.5,122.75,6675
2015-10-06 00:00:00,120.0,121.0,120.0,120.0,8692
2015-10-05 00:00:00,117.0,120.0,117.0,120.0,6519
2015-10-02 00:00:00,116.5,119.0,116.5,117.0,10182
2015-10-01 00:00:00,116.0,116.0,114.5,116.0,3223
2015-09-30 00:00:00,114.0,115.0,108.75,115.0,5324
2015-09-29 00:00:00,108.5,113.0,108.5,110.25,4833
2015-09-28 00:00:00,107.5,111.5,107.5,111.0,1537
2015-09-25 00:00:00,107.75,111.5,107.75,109.75,1088
2015-09-24 00:00:00,111.5,111.5,110.5,111.0,8890
2015-09-23 00:00:00,111.0,112.25,111.0,111.5,3124
2015-09-22 00:00:00,111.25,111.75,111.0,111.0,2163
2015-09-21 00:00:00,111.0,112.0,111.0,111.0,2759
2015-09-18 00:00:00,111.25,113.0,110.0,111.25,3960
2015-09-17 00:00:00,110.5,110.5,110.0,110.25,378
2015-09-16 00:00:00,111.0,112.0,110.75,111.0,558
2015-09-15 00:00:00,110.0,111.5,110.0,110.0,6732
2015-09-14 00:00:00,110.0,111.5,110.0,110.0,1203
2015-09-11 00:00:00,109.25,111.25,109.25,111.25,1042
2015-09-10 00:00:00,110.5,114.75,110.5,110.5,936
2015-09-09 00:00:00,108.25,111.0,108.25,110.75,1881
2015-09-08 00:00:00,110.75,110.75,108.25,110.5,498
2015-09-07 00:00:00,107.75,110.75,107.75,109.75,952
2015-09-04 00:00:00,107.5,108.5,107.0,107.0,1628
2015-09-03 00:00:00,110.75,110.75,106.75,106.75,6535
2015-09-02 00:00:00,108.25,112.0,107.5,109.5,2746
2015-09-01 00:00:00,108.25,110.0,108.25,108.5,679
2015-08-31 00:00:00,110.0,110.0,108.0,108.5,1605
2015-08-28 00:00:00,112.0,112.0,110.5,110.5,951
2015-08-27 00:00:00,110.0,112.25,110.0,111.75,3095
2015-08-26 00:00:00,104.25,107.0,104.0,106.0,5398
2015-08-25 00:00:00,102.75,111.5,102.5,108.5,3480
2015-08-24 00:00:00,109.0,110.0,102.0,104.5,8432
2015-08-21 00:00:00,111.75,112.75,109.75,111.5,7868
2015-08-20 00:00:00,114.75,115.0,113.5,113.5,1229
2015-08-19 00:00:00,119.0,119.0,115.0,115.0,759
2015-08-18 00:00:00,117.5,117.5,115.5,117.0,2094
2015-08-17 00:00:00,114.5,116.0,114.5,116.0,6128
2015-08-14 00:00:00,114.75,114.75,113.75,113.75,425
2015-08-13 00:00:00,114.0,115.25,113.25,114.0,597
2015-08-12 00:00:00,113.25,115.5,112.5,115.5,2460
2015-08-11 00:00:00,113.0,114.0,113.0,113.0,2468
2015-08-10 00:00:00,114.0,115.5,113.5,114.5,1145
2015-08-07 00:00:00,112.5,113.25,111.5,112.25,1384
2015-08-06 00:00:00,114.25,114.25,112.5,112.5,578
2015-08-05 00:00:00,111.5,114.5,110.75,114.0,4199
2015-08-04 00:00:00,113.0,113.0,110.0,112.0,9095
2015-08-03 00:00:00,117.0,117.0,113.0,113.0,5997
2015-07-31 00:00:00,114.5,115.5,113.5,115.25,1741
2015-07-30 00:00:00,114.25,115.5,113.5,114.5,2018
2015-07-29 00:00:00,113.5,115.0,113.5,114.0,1068
2015-07-28 00:00:00,113.5,113.5,113.25,113.25,200
2015-07-27 00:00:00,114.5,116.25,112.75,112.75,1435
2015-07-24 00:00:00,113.75,116.0,113.75,114.25,3407
2015-07-23 00:00:00,113.75,113.75,112.0,113.0,3432
2015-07-22 00:00:00,112.75,113.25,112.75,113.25,180
2015-07-21 00:00:00,114.75,114.75,112.25,112.25,3181
2015-07-20 00:00:00,113.75,115.0,112.0,114.75,5432
2015-07-17 00:00:00,114.0,114.0,111.75,113.75,1028
2015-07-16 00:00:00,110.5,114.25,110.5,114.0,1353
2015-07-15 00:00:00,115.5,115.5,111.25,113.5,5324
2015-07-14 00:00:00,116.25,116.25,113.0,115.25,2549
2015-07-13 00:00:00,115.0,118.0,113.5,116.5,25380
2015-07-10 00:00:00,111.5,117.0,111.0,115.0,5614
2015-07-09 00:00:00,109.5,110.5,109.5,110.5,298
2015-07-08 00:00:00,111.0,111.0,110.5,110.5,446
2015-07-07 00:00:00,111.0,112.0,111.0,112.0,640
2015-07-06 00:00:00,111.25,112.0,111.25,111.25,1989
2015-07-03 00:00:00,113.0,115.0,113.0,114.0,1003
2015-07-02 00:00:00,114.0,114.0,111.25,114.0,875
2015-07-01 00:00:00,111.0,116.0,111.0,114.0,3086
2015-06-30 00:00:00,111.0,111.25,111.0,111.0,1681
2015-06-29 00:00:00,112.0,113.5,107.0,111.0,3892
2015-06-26 00:00:00,112.0,112.25,108.75,112.0,14791
2015-06-25 00:00:00,113.75,113.75,109.0,112.0,8962
2015-06-24 00:00:00,118.0,118.0,113.25,114.0,3034
2015-06-23 00:00:00,115.0,118.0,115.0,116.5,2883
2015-06-22 00:00:00,116.0,117.0,114.0,115.0,2812
2015-06-19 00:00:00,,116.0,116.0,116.0,0
2015-06-18 00:00:00,118.0,118.0,116.0,116.0,1062
2015-06-17 00:00:00,118.0,118.0,115.75,116.0,733
2015-06-16 00:00:00,112.5,118.25,111.0,115.75,5492
2015-06-15 00:00:00,118.0,118.0,112.0,112.75,5055
2015-06-12 00:00:00,117.75,119.5,115.0,117.75,3268
2015-06-11 00:00:00,118.0,118.25,117.5,117.5,2866
2015-06-10 00:00:00,119.0,120.0,118.0,118.0,1392
2015-06-09 00:00:00,118.5,119.5,118.25,118.25,5334
2015-06-08 00:00:00,120.0,122.25,119.5,120.0,1256
2015-06-05 00:00:00,122.0,122.0,118.0,120.0,4658
2015-06-04 00:00:00,124.5,124.5,121.0,121.0,6891
2015-06-03 00:00:00,122.75,124.5,122.75,123.25,9666
2015-06-02 00:00:00,124.5,124.5,122.5,122.75,11086
2015-06-01 00:00:00,120.0,124.5,120.0,123.0,21002
2015-05-29 00:00:00,119.25,119.75,116.5,118.0,2476
2015-05-28 00:00:00,119.25,121.0,119.0,119.0,1478
2015-05-27 00:00:00,118.0,119.5,118.0,119.0,2587
2015-05-26 00:00:00,123.0,123.0,117.0,117.5,5461
2015-05-25 00:00:00,122.0,122.5,122.0,122.5,3507
2015-05-22 00:00:00,122.0,122.0,120.0,122.0,3137
2015-05-21 00:00:00,124.0,124.0,122.5,123.0,4772
2015-05-20 00:00:00,124.0,124.0,122.5,122.5,3034
2015-05-19 00:00:00,122.5,123.0,122.0,122.0,4480
2015-05-18 00:00:00,123.0,123.0,122.0,123.0,4830
2015-05-15 00:00:00,120.0,123.0,120.0,122.5,11064
2015-05-14 00:00:00,120.0,120.0,116.5,118.5,8090
2015-05-13 00:00:00,120.0,120.0,116.5,118.5,8090
2015-05-12 00:00:00,121.25,127.0,120.0,120.75,15764
2015-05-11 00:00:00,114.0,121.0,114.0,120.75,22733
2015-05-08 00:00:00,105.5,114.25,104.5,113.0,3785
2015-05-07 00:00:00,106.75,108.0,100.0,107.0,6601
2015-05-06 00:00:00,111.0,111.0,107.5,107.5,11051
2015-05-05 00:00:00,113.0,113.0,111.0,111.0,2767
2015-05-04 00:00:00,109.0,112.75,109.0,112.75,4220
2015-05-01 00:00:00,112.0,112.0,110.0,110.0,1557
2015-04-30 00:00:00,112.0,112.0,110.0,110.0,1557
2015-04-29 00:00:00,113.0,113.0,112.0,113.0,939
2015-04-28 00:00:00,115.0,115.0,113.0,113.75,2174
2015-04-27 00:00:00,113.25,115.0,113.0,115.0,6838
2015-04-24 00:00:00,111.0,114.0,111.0,113.5,4920
2015-04-23 00:00:00,109.25,116.75,109.0,115.0,14417
2015-04-22 00:00:00,106.5,111.25,106.5,111.25,1757
2015-04-21 00:00:00,110.0,110.0,108.0,108.0,344
2015-04-20 00:00:00,108.0,110.0,108.0,110.0,1755
2015-04-17 00:00:00,110.0,110.0,108.0,108.0,937
2015-04-16 00:00:00,108.0,111.5,108.0,110.75,2429
2015-04-15 00:00:00,110.25,111.5,108.5,108.75,3836
2015-04-14 00:00:00,109.0,109.0,108.5,109.0,5590
2015-04-13 00:00:00,109.75,109.75,108.5,109.5,1826
2015-04-10 00:00:00,110.0,110.0,109.0,109.5,2201
2015-04-09 00:00:00,111.5,112.25,107.5,108.5,2560
2015-04-08 00:00:00,111.0,111.5,110.75,111.5,2074
2015-04-07 00:00:00,110.0,112.25,108.75,110.25,1261
2015-04-02 00:00:00,109.75,110.5,108.0,108.0,1502
2015-04-01 00:00:00,108.0,109.0,108.0,109.0,570
2015-03-31 00:00:00,110.0,110.0,109.75,109.75,2943
2015-03-30 00:00:00,109.0,109.75,108.5,109.75,3155
2015-03-27 00:00:00,105.25,109.0,105.25,109.0,3211
2015-03-26 00:00:00,105.5,107.75,105.25,107.25,2042
2015-03-25 00:00:00,107.0,108.0,106.5,107.75,1145
2015-03-24 00:00:00,107.5,109.0,107.5,108.0,1823
2015-03-23 00:00:00,108.25,108.25,107.0,107.5,456
2015-03-20 00:00:00,108.5,108.5,108.25,108.25,710
2015-03-19 00:00:00,106.0,109.25,106.0,108.75,907
2015-03-18 00:00:00,105.25,106.5,105.0,106.0,1682
2015-03-17 00:00:00,105.25,105.75,104.5,105.25,4647
2015-03-16 00:00:00,106.25,106.5,105.5,106.0,371
2015-03-13 00:00:00,106.75,106.75,106.25,106.25,298
2015-03-12 00:00:00,106.0,107.5,106.0,106.75,2167
2015-03-11 00:00:00,104.5,106.0,104.5,106.0,1211
2015-03-10 00:00:00,107.0,108.0,106.25,106.75,1545
2015-03-09 00:00:00,104.0,105.0,104.0,105.0,1417
2015-03-06 00:00:00,105.0,105.0,104.0,104.25,2503
2015-03-05 00:00:00,105.5,105.5,104.75,105.0,1994
2015-03-04 00:00:00,104.75,106.0,104.75,105.5,347580
2015-03-03 00:00:00,105.5,106.5,105.25,105.25,1894
2015-03-02 00:00:00,107.0,107.0,104.5,105.5,8264
2015-02-27 00:00:00,109.0,109.0,107.0,107.0,3956
2015-02-26 00:00:00,111.25,111.5,108.5,108.5,104848
2015-02-25 00:00:00,111.0,111.5,110.0,110.5,7756
2015-02-24 00:00:00,112.5,112.5,111.0,111.0,1952
2015-02-23 00:00:00,111.5,113.75,110.0,111.0,4889
2015-02-20 00:00:00,113.0,113.0,110.0,110.0,7058
2015-02-19 00:00:00,115.0,115.0,113.5,113.75,662
2015-02-18 00:00:00,118.0,118.0,111.0,115.0,5059
2015-02-17 00:00:00,117.0,120.0,113.5,114.0,4698
2015-02-16 00:00:00,115.0,117.0,114.5,117.0,5416
2015-02-13 00:00:00,114.25,115.5,114.0,114.0,2620
2015-02-12 00:00:00,112.0,115.0,112.0,114.5,23500
2015-02-11 00:00:00,110.5,111.75,110.5,111.75,2890
2015-02-10 00:00:00,109.25,110.75,109.25,110.0,1210
2015-02-09 00:00:00,110.0,110.0,109.0,110.0,2493
2015-02-06 00:00:00,111.0,111.0,109.0,110.0,1158
2015-02-05 00:00:00,113.5,113.5,111.0,111.0,1406
2015-02-04 00:00:00,112.0,114.0,112.0,113.5,2874
2015-02-03 00:00:00,109.25,111.25,109.25,111.0,3403
2015-02-02 00:00:00,108.25,109.0,107.0,108.5,966
2015-01-30 00:00:00,109.0,110.0,107.25,107.5,2853
2015-01-29 00:00:00,107.0,108.5,106.75,108.5,2151
2015-01-28 00:00:00,106.5,108.5,106.5,108.0,373
2015-01-27 00:00:00,106.25,107.0,105.0,105.75,300305
2015-01-26 00:00:00,106.5,107.75,104.0,107.0,5852
2015-01-23 00:00:00,106.0,107.5,106.0,107.5,251
2015-01-22 00:00:00,107.0,107.0,104.0,106.0,2459
2015-01-21 00:00:00,109.5,109.5,108.0,108.0,1449
2015-01-20 00:00:00,109.75,109.75,109.75,109.75,16
2015-01-19 00:00:00,107.0,109.0,106.0,108.0,2134
2015-01-16 00:00:00,106.0,107.0,105.0,107.0,151
2015-01-15 00:00:00,108.0,108.0,106.0,106.75,3730
2015-01-14 00:00:00,106.0,107.5,106.0,106.5,3659
2015-01-13 00:00:00,104.0,106.5,104.0,106.5,2700
2015-01-12 00:00:00,103.25,104.5,103.25,104.25,1111
2015-01-09 00:00:00,104.75,105.75,104.0,104.0,1551
2015-01-08 00:00:00,105.0,105.0,104.75,105.0,1510
2015-01-07 00:00:00,104.75,105.0,104.5,104.75,501
2015-01-06 00:00:00,,104.5,104.5,104.5,0
2015-01-05 00:00:00,105.75,105.75,103.25,104.5,1357
2015-01-02 00:00:00,109.0,110.0,103.0,106.25,5222
2015-01-01 00:00:00,109.25,110.0,108.0,110.0,9348
2014-12-30 00:00:00,109.25,110.0,108.0,110.0,9348
2014-12-29 00:00:00,108.0,109.5,107.5,108.5,817
2014-12-23 00:00:00,105.75,108.0,105.75,107.5,11058
2014-12-22 00:00:00,107.0,107.0,103.25,105.75,7586
2014-12-19 00:00:00,107.0,108.0,107.0,107.0,2640
2014-12-18 00:00:00,109.0,109.5,107.0,107.0,3495
2014-12-17 00:00:00,108.0,110.0,108.0,109.0,2370
2014-12-16 00:00:00,108.0,109.0,108.0,109.0,5854
2014-12-15 00:00:00,109.0,110.0,109.0,109.0,280
2014-12-12 00:00:00,106.0,108.0,106.0,108.0,5842
2014-12-11 00:00:00,104.5,107.0,104.5,107.0,3768
2014-12-10 00:00:00,104.0,104.5,104.0,104.0,4273
2014-12-09 00:00:00,101.75,102.5,101.0,102.5,1740
2014-12-08 00:00:00,100.0,100.0,100.0,100.0,397
2014-12-05 00:00:00,100.0,100.75,100.0,100.0,1316
2014-12-04 00:00:00,100.0,100.0,100.0,100.0,824
2014-12-03 00:00:00,99.0,100.5,99.0,100.0,375
2014-12-02 00:00:00,100.25,100.25,99.0,99.25,480
2014-12-01 00:00:00,101.5,101.5,99.25,99.5,300
2014-11-28 00:00:00,99.0,102.0,99.0,100.5,1367
2014-11-27 00:00:00,99.5,100.75,99.0,99.0,807
2014-11-26 00:00:00,102.0,102.0,99.25,99.25,1491
2014-11-25 00:00:00,102.0,104.75,100.0,100.0,6600
2014-11-24 00:00:00,100.0,102.0,100.0,102.0,5818
2014-11-21 00:00:00,97.0,99.75,97.0,99.5,2126
2014-11-20 00:00:00,97.25,99.75,97.25,98.0,1137
2014-11-19 00:00:00,100.0,100.0,97.0,97.0,2830
2014-11-18 00:00:00,98.0,99.75,97.25,99.75,1001
2014-11-17 00:00:00,99.0,99.0,98.75,99.0,763
2014-11-14 00:00:00,98.0,99.0,98.0,99.0,362
2014-11-13 00:00:00,98.5,99.75,98.5,98.5,1485
2014-11-12 00:00:00,98.25,98.5,97.25,98.5,1579
2014-11-11 00:00:00,99.0,99.0,97.5,98.25,1750
2014-11-10 00:00:00,100.5,100.5,97.5,97.5,967
2014-11-07 00:00:00,102.0,102.0,100.0,100.0,3250
2014-11-06 00:00:00,101.0,102.0,100.0,101.5,2666
2014-11-05 00:00:00,97.5,102.0,97.5,100.0,6245
2014-11-04 00:00:00,95.0,95.0,95.0,95.0,234
2014-11-03 00:00:00,95.0,97.0,94.5,95.5,1747
2014-10-31 00:00:00,95.0,96.0,95.0,96.0,276
2014-10-30 00:00:00,96.0,96.0,93.5,93.75,1888
2014-10-29 00:00:00,97.0,97.0,96.0,96.0,4960
2014-10-28 00:00:00,93.5,101.75,93.5,97.75,4080
2014-10-24 00:00:00,89.0,90.25,89.0,90.25,2473
2014-10-23 00:00:00,86.0,88.0,86.0,87.5,2367
2014-10-22 00:00:00,87.5,87.75,85.0,86.5,2068
2014-10-21 00:00:00,88.25,88.5,86.25,87.0,25582
2014-10-20 00:00:00,87.25,89.5,86.75,88.25,1320
2014-10-17 00:00:00,85.0,88.0,85.0,87.0,1570
2014-10-16 00:00:00,89.5,89.5,86.0,86.0,3573
2014-10-15 00:00:00,89.5,89.5,88.0,88.0,858
2014-10-14 00:00:00,87.0,89.0,86.75,88.5,1267
2014-10-13 00:00:00,86.25,88.0,86.25,86.25,6870
2014-10-10 00:00:00,87.0,87.25,86.5,86.5,6552
2014-10-09 00:00:00,86.5,87.5,86.5,86.5,56739
2014-10-08 00:00:00,87.0,87.25,86.5,87.0,994
2014-10-07 00:00:00,89.5,89.5,87.0,87.0,1840
2014-10-06 00:00:00,89.0,89.5,87.75,87.75,941
2014-10-03 00:00:00,87.0,88.5,87.0,88.5,910
2014-10-02 00:00:00,87.5,88.5,87.0,87.0,266
2014-10-01 00:00:00,87.25,87.25,87.0,87.25,2382
2014-09-30 00:00:00,88.25,88.25,87.5,87.5,598
2014-09-29 00:00:00,88.5,88.5,87.0,87.0,2570
2014-09-26 00:00:00,88.25,89.5,87.0,87.5,809
2014-09-25 00:00:00,89.75,89.75,89.0,89.0,33
2014-09-24 00:00:00,88.25,89.75,88.25,88.25,451
2014-09-23 00:00:00,89.5,90.0,87.75,87.75,1292
2014-09-22 00:00:00,89.5,89.5,89.25,89.25,4659
2014-09-19 00:00:00,,89.0,89.0,89.0,0
2014-09-18 00:00:00,89.5,89.5,89.0,89.0,2225
2014-09-17 00:00:00,88.5,89.25,88.5,89.0,767
2014-09-16 00:00:00,89.0,91.5,88.5,88.5,2553
2014-09-15 00:00:00,91.75,91.75,89.0,89.0,2171
2014-09-12 00:00:00,92.0,92.0,91.0,91.0,1738
2014-09-11 00:00:00,91.0,91.5,91.0,91.0,3675
2014-09-10 00:00:00,89.25,90.75,89.0,90.5,633
2014-09-09 00:00:00,90.5,91.0,88.5,89.75,2144
2014-09-08 00:00:00,90.5,90.5,89.0,90.5,1825
2014-09-05 00:00:00,90.75,91.5,90.5,90.5,489
2014-09-04 00:00:00,91.0,91.25,90.25,90.5,1108
2014-09-03 00:00:00,90.5,91.5,90.5,91.0,4634
2014-09-02 00:00:00,91.5,91.5,90.5,90.5,1061
2014-09-01 00:00:00,91.75,91.75,90.0,90.0,766
2014-08-29 00:00:00,88.75,91.0,88.75,90.5,1416
2014-08-28 00:00:00,90.0,91.0,89.25,89.25,1676
2014-08-27 00:00:00,90.0,90.0,89.5,90.0,1170
2014-08-26 00:00:00,90.0,91.5,89.75,89.75,261
2014-08-25 00:00:00,92.0,92.0,89.5,89.5,940
2014-08-22 00:00:00,90.0,91.75,89.5,89.5,1512
2014-08-21 00:00:00,93.5,93.5,89.75,89.75,2120
2014-08-20 00:00:00,92.0,92.5,91.5,92.25,1217
2014-08-19 00:00:00,89.5,92.0,89.5,91.0,4592
2014-08-18 00:00:00,87.5,89.75,87.5,89.5,3351
2014-08-15 00:00:00,87.0,87.5,86.75,86.75,2358
2014-08-14 00:00:00,86.75,87.0,86.75,87.0,2199
2014-08-13 00:00:00,86.75,87.5,86.75,86.75,997
2014-08-12 00:00:00,86.75,87.0,86.75,86.75,1422
2014-08-11 00:00:00,86.75,87.0,86.75,86.75,389
2014-08-08 00:00:00,86.75,88.0,86.75,86.75,1000
2014-08-07 00:00:00,88.0,88.0,86.75,86.75,763
2014-08-06 00:00:00,88.0,88.0,86.75,86.75,2421
2014-08-05 00:00:00,87.0,87.75,87.0,87.5,3417
2014-08-04 00:00:00,87.75,87.75,87.0,87.0,1870
2014-08-01 00:00:00,88.5,88.75,87.75,87.75,711
2014-07-31 00:00:00,88.75,89.0,87.75,87.75,1317
2014-07-30 00:00:00,88.0,88.0,87.75,87.75,356
2014-07-29 00:00:00,88.0,88.0,87.0,87.75,1790
2014-07-28 00:00:00,89.5,89.5,88.0,88.0,4693
2014-07-25 00:00:00,90.0,90.0,89.0,89.0,1499
2014-07-24 00:00:00,89.0,90.0,89.0,89.75,1983
2014-07-23 00:00:00,89.0,89.0,89.0,89.0,5698
2014-07-22 00:00:00,88.75,89.5,88.75,88.75,2134
2014-07-21 00:00:00,89.0,89.5,88.75,89.5,687
2014-07-18 00:00:00,89.25,89.75,89.0,89.0,8338
2014-07-17 00:00:00,88.5,90.0,87.5,90.0,1945
2014-07-16 00:00:00,88.5,88.5,87.25,88.5,1703
2014-07-15 00:00:00,90.0,90.0,88.75,88.75,2577
2014-07-14 00:00:00,86.0,90.0,86.0,90.0,3902
2014-07-11 00:00:00,87.75,88.0,86.25,88.0,1522
2014-07-10 00:00:00,87.75,88.0,87.0,87.5,2821
2014-07-09 00:00:00,90.5,92.0,86.0,88.75,13159
2014-07-08 00:00:00,90.0,91.0,89.5,91.0,1589
2014-07-07 00:00:00,91.0,91.0,90.0,90.25,201
2014-07-04 00:00:00,90.5,92.0,89.75,92.0,1857
2014-07-03 00:00:00,90.0,91.75,88.5,91.75,1895
2014-07-02 00:00:00,92.0,92.0,91.5,92.0,224
2014-07-01 00:00:00,88.75,91.0,88.25,91.0,3262
2014-06-30 00:00:00,91.25,91.25,88.0,88.0,4988
2014-06-27 00:00:00,91.25,91.75,89.25,91.75,549
2014-06-26 00:00:00,90.0,92.0,89.0,92.0,1594
2014-06-25 00:00:00,90.0,91.0,88.0,91.0,1209
2014-06-24 00:00:00,90.0,91.0,89.25,91.0,394
2014-06-23 00:00:00,91.0,91.0,89.75,89.75,300
2014-06-20 00:00:00,,91.0,91.0,91.0,0
2014-06-19 00:00:00,88.5,91.0,85.0,91.0,29213
2014-06-18 00:00:00,90.0,90.0,89.0,90.0,32984
2014-06-17 00:00:00,90.0,92.0,90.0,90.0,3232
2014-06-16 00:00:00,92.25,92.25,88.0,89.5,4452
2014-06-13 00:00:00,90.0,95.75,89.75,95.75,3684
2014-06-12 00:00:00,92.5,92.5,90.25,91.75,10273
2014-06-11 00:00:00,95.75,95.75,92.0,93.5,2733
2014-06-10 00:00:00,95.25,95.75,94.75,95.0,3999
2014-06-09 00:00:00,96.0,96.5,95.25,95.25,347420
2014-06-06 00:00:00,,97.5,97.5,97.5,0
2014-06-05 00:00:00,97.25,97.75,97.25,97.5,548
2014-06-04 00:00:00,100.0,100.0,97.5,97.75,5651
2014-06-03 00:00:00,99.25,100.75,99.25,99.75,4974
2014-06-02 00:00:00,102.0,102.0,99.75,99.75,3687
2014-05-30 00:00:00,103.0,103.5,102.0,102.0,1133
2014-05-28 00:00:00,98.0,103.0,98.0,103.0,3518
2014-05-27 00:00:00,102.0,102.0,100.75,101.0,2865
2014-05-26 00:00:00,98.5,102.0,98.0,102.0,5001
2014-05-23 00:00:00,98.5,98.75,98.25,98.25,709
2014-05-22 00:00:00,99.0,99.25,98.0,98.5,9851
2014-05-21 00:00:00,100.25,100.25,98.5,99.5,3112
2014-05-20 00:00:00,100.0,100.5,100.0,100.5,2816
2014-05-19 00:00:00,101.25,101.25,98.75,100.0,2302
2014-05-16 00:00:00,101.0,102.75,101.0,101.0,2532
2014-05-15 00:00:00,100.25,108.0,100.0,108.0,11175
2014-05-14 00:00:00,104.0,104.75,101.75,101.75,5199
2014-05-13 00:00:00,101.5,104.0,101.25,104.0,2679
2014-05-12 00:00:00,104.0,104.0,100.5,101.5,301472
2014-05-09 00:00:00,106.0,108.5,101.75,104.75,5681
2014-05-08 00:00:00,107.0,107.0,97.0,104.0,4202
2014-05-07 00:00:00,114.0,116.25,112.5,112.75,6486
2014-05-06 00:00:00,111.0,114.5,111.0,114.5,2712
2014-05-05 00:00:00,114.0,114.0,112.25,112.75,2499
2014-05-02 00:00:00,118.0,119.0,114.75,116.0,1376
2014-05-01 00:00:00,,118.0,118.0,118.0,0
2014-04-30 00:00:00,118.0,119.0,112.0,118.0,349321
2014-04-29 00:00:00,119.25,119.5,118.5,119.0,5164
2014-04-28 00:00:00,118.0,120.0,117.25,119.25,18858
2014-04-25 00:00:00,114.25,116.0,114.0,116.0,2654
2014-04-24 00:00:00,112.5,114.5,112.5,114.25,5242
2014-04-23 00:00:00,117.0,117.0,112.0,112.5,11720
2014-04-22 00:00:00,112.5,114.75,112.5,113.0,1979
2014-04-17 00:00:00,114.25,114.75,112.5,114.75,2048
2014-04-16 00:00:00,118.25,118.25,114.0,114.0,4489
2014-04-15 00:00:00,117.5,118.0,114.25,116.5,4104
2014-04-14 00:00:00,118.0,118.75,115.25,117.5,3697
2014-04-11 00:00:00,118.5,118.5,115.5,117.5,4347
2014-04-10 00:00:00,119.0,119.0,116.75,116.75,7532
2014-04-09 00:00:00,116.5,119.0,116.5,119.0,13343
2014-04-08 00:00:00,114.0,117.0,114.0,116.0,4655
2014-04-07 00:00:00,116.5,118.5,111.5,114.0,7184
2014-04-04 00:00:00,115.5,118.5,115.5,117.0,1770
2014-04-03 00:00:00,115.25,115.5,115.0,115.5,2900
2014-04-02 00:00:00,118.5,119.5,118.0,118.0,4295
2014-04-01 00:00:00,118.0,118.5,116.75,118.5,11397
2014-03-31 00:00:00,111.5,118.75,111.5,116.5,16193
2014-03-28 00:00:00,110.5,113.5,110.5,111.5,5100
2014-03-27 00:00:00,109.0,110.5,108.5,110.5,2769
2014-03-26 00:00:00,110.0,110.0,108.5,108.5,2425
2014-03-25 00:00:00,108.5,112.0,108.5,110.0,13082
2014-03-24 00:00:00,107.5,108.5,107.5,107.5,4254
2014-03-21 00:00:00,107.5,108.0,107.5,108.0,2099
2014-03-20 00:00:00,107.5,107.5,105.0,106.5,1382
2014-03-19 00:00:00,106.5,107.5,106.5,107.5,2324
2014-03-18 00:00:00,105.0,106.5,104.5,106.5,701006
2014-03-17 00:00:00,105.0,105.75,104.75,105.75,11710
2014-03-14 00:00:00,105.25,105.25,103.5,103.5,318798
2014-03-13 00:00:00,107.25,108.0,104.0,104.0,12871
2014-03-12 00:00:00,110.0,110.0,106.0,106.0,6679
2014-03-11 00:00:00,110.0,112.0,108.0,109.0,26976
2014-03-10 00:00:00,104.5,108.0,104.0,107.0,21370
2014-03-07 00:00:00,104.0,104.5,104.0,104.5,5158
2014-03-06 00:00:00,104.0,104.5,103.5,104.0,10477
2014-03-05 00:00:00,104.5,104.5,102.75,103.25,5130
2014-03-04 00:00:00,104.0,105.0,103.25,103.25,5570
2014-03-03 00:00:00,104.0,105.0,101.5,101.5,9882
2014-02-28 00:00:00,105.0,105.0,103.0,105.0,8075
2014-02-27 00:00:00,101.25,104.0,101.25,104.0,13023
2014-02-26 00:00:00,102.0,103.0,101.5,101.5,780
2014-02-25 00:00:00,103.0,103.0,101.5,102.0,4020
2014-02-24 00:00:00,102.0,103.0,99.75,103.0,4574
2014-02-21 00:00:00,103.5,103.5,102.0,102.5,2431
2014-02-20 00:00:00,106.0,106.0,100.25,103.5,7177
2014-02-19 00:00:00,97.0,105.5,94.25,105.5,161526
2014-02-18 00:00:00,97.5,98.0,96.0,97.0,3208
2014-02-17 00:00:00,98.0,98.0,96.5,96.5,1295
2014-02-14 00:00:00,98.0,98.0,98.0,98.0,3229
2014-02-13 00:00:00,98.5,98.5,97.0,97.0,1183
2014-02-12 00:00:00,99.0,99.0,98.5,98.5,5624
2014-02-11 00:00:00,95.0,100.0,95.0,99.25,8377
2014-02-10 00:00:00,89.25,93.0,89.25,93.0,10944
2014-02-07 00:00:00,91.25,91.25,90.0,90.0,10100
2014-02-06 00:00:00,89.0,91.25,89.0,90.0,4579
2014-02-05 00:00:00,86.75,88.25,86.75,88.25,1147
2014-02-04 00:00:00,87.0,87.0,85.75,87.0,87351
2014-02-03 00:00:00,87.5,87.75,87.5,87.5,2400
2014-01-31 00:00:00,86.5,90.0,86.5,88.75,12429
2014-01-30 00:00:00,87.0,87.75,80.0,87.75,1151
2014-01-29 00:00:00,85.75,87.0,85.75,87.0,950
2014-01-28 00:00:00,90.0,90.0,85.5,85.5,381
2014-01-27 00:00:00,86.0,86.5,84.75,84.75,1722
2014-01-24 00:00:00,87.0,87.5,86.0,86.0,770
2014-01-23 00:00:00,86.75,86.75,86.5,86.5,330
2014-01-22 00:00:00,87.0,87.0,87.0,87.0,150
2014-01-21 00:00:00,87.0,87.5,87.0,87.0,4020
2014-01-20 00:00:00,88.0,88.0,87.0,87.0,1560
2014-01-17 00:00:00,87.0,87.25,87.0,87.0,115
2014-01-16 00:00:00,87.75,88.25,87.0,87.0,2417
2014-01-15 00:00:00,86.5,86.5,85.5,85.75,1854
2014-01-14 00:00:00,86.5,86.5,86.5,86.5,83
2014-01-13 00:00:00,,85.75,85.75,85.75,0
2014-01-10 00:00:00,86.0,86.0,85.75,85.75,350
2014-01-09 00:00:00,86.0,87.25,86.0,86.5,1380
2014-01-08 00:00:00,85.0,85.0,85.0,85.0,810
2014-01-07 00:00:00,86.75,86.75,83.0,85.25,1925
2014-01-06 00:00:00,,87.0,87.0,87.0,0
2014-01-03 00:00:00,88.25,88.5,87.0,87.0,1520
2014-01-02 00:00:00,88.25,88.75,87.0,88.75,17834
2013-12-31 00:00:00,,88.75,88.75,88.75,0
2013-12-30 00:00:00,88.75,88.75,87.0,88.75,19119
2013-12-27 00:00:00,87.5,88.75,87.0,88.75,35469
2013-12-23 00:00:00,88.0,88.0,87.25,87.25,2000
2013-12-20 00:00:00,84.0,86.0,83.25,86.0,6204
2013-12-19 00:00:00,84.5,84.5,82.0,84.5,9323
2013-12-18 00:00:00,84.25,84.5,83.75,84.5,17315
2013-12-17 00:00:00,82.0,85.75,81.5,85.0,5469
2013-12-16 00:00:00,82.0,82.75,82.0,82.0,24086
2013-12-13 00:00:00,,78.0,78.0,78.0,0
2013-12-12 00:00:00,80.25,80.5,78.0,78.0,3684
2013-12-11 00:00:00,80.5,80.5,80.0,80.0,63972
2013-12-10 00:00:00,81.5,81.5,79.5,80.0,1235
2013-12-09 00:00:00,81.0,81.5,80.0,81.5,2586
2013-12-06 00:00:00,79.0,79.0,79.0,79.0,809
2013-12-05 00:00:00,80.0,80.0,79.0,79.0,2753
2013-12-04 00:00:00,,80.0,80.0,80.0,0
2013-12-03 00:00:00,79.75,80.0,78.25,80.0,725
2013-12-02 00:00:00,80.25,80.25,80.0,80.0,200
2013-11-29 00:00:00,80.0,81.5,78.0,81.5,4580
2013-11-28 00:00:00,81.5,81.5,81.0,81.5,1658
2013-11-27 00:00:00,81.75,81.75,80.75,81.5,2385
2013-11-26 00:00:00,82.25,82.25,81.75,81.75,6388
2013-11-25 00:00:00,78.5,81.75,78.5,81.75,3604
2013-11-22 00:00:00,76.25,78.0,76.25,78.0,1243
2013-11-21 00:00:00,78.0,78.0,76.5,77.25,8716
2013-11-20 00:00:00,80.0,80.0,79.0,79.0,4316
2013-11-19 00:00:00,81.25,81.25,80.5,80.5,500
2013-11-18 00:00:00,79.75,80.5,79.75,80.5,270
2013-11-15 00:00:00,81.25,81.25,80.5,80.5,266
2013-11-14 00:00:00,79.25,80.5,79.25,80.5,200
2013-11-13 00:00:00,79.5,81.0,79.25,79.25,786
2013-11-12 00:00:00,80.0,80.0,79.0,79.0,2000
2013-11-11 00:00:00,80.0,80.0,80.0,80.0,1195
2013-11-08 00:00:00,80.5,80.5,80.0,80.0,700
2013-11-07 00:00:00,79.0,82.25,79.0,80.5,4620
2013-11-06 00:00:00,79.25,79.25,78.0,79.0,2050
2013-11-05 00:00:00,78.0,79.0,77.75,78.5,4058
2013-11-04 00:00:00,75.25,78.25,75.0,78.25,690
2013-11-01 00:00:00,75.5,75.5,73.5,74.25,1769
2013-10-31 00:00:00,75.0,75.0,75.0,75.0,4483
2013-10-30 00:00:00,73.0,74.0,73.0,73.5,320
2013-10-29 00:00:00,73.5,74.0,72.75,73.0,46956
2013-10-28 00:00:00,76.5,76.5,75.0,75.0,2203
2013-10-25 00:00:00,76.0,76.0,76.0,76.0,2400
2013-10-24 00:00:00,76.0,76.0,76.0,76.0,600
2013-10-23 00:00:00,76.0,76.5,76.0,76.5,2085
2013-10-22 00:00:00,76.5,76.5,76.5,76.5,225
2013-10-21 00:00:00,77.0,77.0,77.0,77.0,4005
2013-10-18 00:00:00,76.0,77.0,76.0,76.0,15125
2013-10-17 00:00:00,75.0,80.0,75.0,75.75,4333
2013-10-16 00:00:00,75.0,75.0,73.75,75.0,4500
2013-10-15 00:00:00,75.0,75.0,74.5,75.0,1440
2013-10-14 00:00:00,74.5,74.75,74.5,74.75,1010
2013-10-11 00:00:00,73.75,74.5,73.75,74.5,1100
2013-10-10 00:00:00,,72.0,72.0,72.0,0
2013-10-09 00:00:00,72.0,72.0,72.0,72.0,1310
2013-10-08 00:00:00,73.0,73.0,73.0,73.0,2200
2013-10-07 00:00:00,73.5,73.5,73.5,73.5,1691
2013-10-04 00:00:00,73.0,74.0,73.0,74.0,1000
2013-10-03 00:00:00,74.0,74.0,73.0,73.0,137808
2013-10-02 00:00:00,73.25,74.0,73.25,73.25,797
2013-10-01 00:00:00,,73.0,73.0,73.0,0
2013-09-30 00:00:00,73.0,73.0,73.0,73.0,2257
2013-09-27 00:00:00,74.5,75.0,72.25,73.0,4020
2013-09-26 00:00:00,73.75,74.5,73.75,74.5,1415
2013-09-25 00:00:00,,73.0,73.0,73.0,0
2013-09-24 00:00:00,72.25,73.0,72.25,73.0,1009
2013-09-23 00:00:00,74.5,74.5,72.25,72.25,5520
2013-09-20 00:00:00,73.25,74.0,73.25,74.0,7300
2013-09-19 00:00:00,72.25,73.0,72.25,73.0,11924
2013-09-18 00:00:00,72.25,72.75,72.25,72.75,1375
2013-09-17 00:00:00,71.5,72.75,71.5,72.75,24899
2013-09-16 00:00:00,71.5,71.5,71.0,71.0,800
2013-09-13 00:00:00,72.0,72.0,72.0,72.0,2860
2013-09-12 00:00:00,,71.0,71.0,71.0,0
2013-09-11 00:00:00,71.0,71.5,71.0,71.0,5246
2013-09-10 00:00:00,71.0,71.5,71.0,71.5,1500
2013-09-09 00:00:00,70.75,70.75,70.75,70.75,150
2013-09-06 00:00:00,68.5,70.75,68.5,70.25,2727
2013-09-05 00:00:00,68.5,68.5,68.5,68.5,170
2013-09-04 00:00:00,69.0,69.0,69.0,69.0,800
2013-09-03 00:00:00,,68.5,68.5,68.5,0
2013-09-02 00:00:00,68.5,68.5,68.5,68.5,500
2013-08-30 00:00:00,,68.0,68.0,68.0,0
2013-08-29 00:00:00,69.0,69.0,68.0,68.0,2700
2013-08-28 00:00:00,68.25,68.5,67.75,68.25,1786
2013-08-27 00:00:00,,69.0,69.0,69.0,0
2013-08-26 00:00:00,69.0,69.0,69.0,69.0,1300
2013-08-23 00:00:00,70.0,70.0,68.25,68.5,12200
2013-08-22 00:00:00,70.0,70.0,70.0,70.0,1000
2013-08-21 00:00:00,69.0,70.0,69.0,69.0,5662
2013-08-20 00:00:00,67.5,68.75,67.5,68.5,5511
2013-08-19 00:00:00,68.0,68.5,67.75,67.75,1885
2013-08-16 00:00:00,68.25,68.75,68.25,68.75,1165
2013-08-15 00:00:00,69.75,69.75,69.0,69.0,2000
2013-08-14 00:00:00,68.75,69.0,68.75,69.0,2900
2013-08-13 00:00:00,68.25,70.0,67.5,67.75,6444
2013-08-12 00:00:00,70.0,70.0,68.25,68.25,700
2013-08-09 00:00:00,66.5,69.0,66.5,69.0,2773
2013-08-08 00:00:00,68.75,68.75,67.0,67.0,700
2013-08-07 00:00:00,69.75,70.0,69.75,70.0,50
2013-08-06 00:00:00,70.0,70.0,70.0,70.0,358
2013-08-05 00:00:00,70.25,70.25,70.25,70.25,135
2013-08-02 00:00:00,70.0,70.0,70.0,70.0,642
2013-08-01 00:00:00,69.0,69.0,69.0,69.0,47000
2013-07-31 00:00:00,69.5,69.5,69.0,69.0,261
2013-07-30 00:00:00,69.75,70.5,69.5,70.5,2390
2013-07-29 00:00:00,,71.0,71.0,71.0,0
2013-07-26 00:00:00,,71.0,71.0,71.0,0
2013-07-25 00:00:00,,71.0,71.0,71.0,0
2013-07-24 00:00:00,,71.0,71.0,71.0,0
2013-07-23 00:00:00,,71.0,71.0,71.0,0
2013-07-22 00:00:00,71.0,71.0,71.0,71.0,400
2013-07-19 00:00:00,70.0,70.0,70.0,70.0,15
2013-07-18 00:00:00,70.0,71.0,69.5,70.0,5712
2013-07-17 00:00:00,70.0,70.0,69.75,69.75,4200
2013-07-16 00:00:00,71.25,71.25,71.25,71.25,1710
2013-07-15 00:00:00,72.0,72.25,71.0,71.5,3598
2013-07-12 00:00:00,71.25,71.5,70.0,70.0,11250
2013-07-11 00:00:00,67.0,70.5,67.0,69.5,2111
2013-07-10 00:00:00,67.0,68.5,67.0,68.5,2391
2013-07-09 00:00:00,67.0,68.25,67.0,68.25,2625
2013-07-08 00:00:00,67.0,67.0,67.0,67.0,500
2013-07-05 00:00:00,67.0,67.0,66.5,67.0,300
2013-07-04 00:00:00,,66.0,66.0,66.0,0
2013-07-03 00:00:00,,66.0,66.0,66.0,0
2013-07-02 00:00:00,65.5,66.0,65.5,66.0,1489
2013-07-01 00:00:00,65.75,67.75,64.25,67.0,3025
2013-06-28 00:00:00,,66.25,66.25,66.25,0
2013-06-27 00:00:00,65.0,66.5,65.0,66.25,3498
2013-06-26 00:00:00,68.25,68.25,63.75,65.0,4124
2013-06-25 00:00:00,68.5,69.0,68.5,68.75,4816
2013-06-24 00:00:00,69.0,69.0,67.75,67.75,1447
2013-06-21 00:00:00,,70.0,70.0,70.0,0
2013-06-20 00:00:00,70.0,70.0,70.0,70.0,586
2013-06-19 00:00:00,71.0,71.0,71.0,71.0,100
2013-06-18 00:00:00,70.75,72.0,70.0,71.0,1659
2013-06-17 00:00:00,70.0,70.0,68.5,68.5,890
2013-06-14 00:00:00,68.5,69.0,68.25,68.25,1108
2013-06-13 00:00:00,70.5,70.5,70.5,70.5,100
2013-06-12 00:00:00,70.0,70.5,70.0,70.0,298
2013-06-11 00:00:00,71.0,71.0,69.5,70.0,2653
2013-06-10 00:00:00,72.0,72.0,69.5,70.0,7039
2013-06-07 00:00:00,70.5,70.5,68.5,68.5,1100
2013-06-06 00:00:00,,69.0,69.0,69.0,0
2013-06-05 00:00:00,,69.0,69.0,69.0,0
2013-06-04 00:00:00,68.0,69.0,68.0,69.0,3126
2013-06-03 00:00:00,68.25,68.75,68.25,68.75,642
2013-05-31 00:00:00,,68.0,68.0,68.0,0
2013-05-30 00:00:00,68.0,68.0,68.0,68.0,500
2013-05-29 00:00:00,68.0,68.0,68.0,68.0,6837
2013-05-28 00:00:00,68.0,68.0,68.0,68.0,27
2013-05-27 00:00:00,68.0,68.25,68.0,68.25,600
2013-05-24 00:00:00,68.0,68.0,68.0,68.0,2250
2013-05-23 00:00:00,68.5,68.5,68.5,68.5,2908
2013-05-22 00:00:00,68.0,69.75,68.0,69.75,5000
2013-05-21 00:00:00,69.5,69.5,68.5,68.5,144
2013-05-20 00:00:00,68.5,69.5,67.0,69.5,4804
2013-05-17 00:00:00,69.25,69.25,68.0,68.5,1375
2013-05-16 00:00:00,70.0,70.0,70.0,70.0,50
2013-05-15 00:00:00,68.5,69.0,68.25,69.0,3360
2013-05-14 00:00:00,68.0,68.0,68.0,68.0,2832
2013-05-13 00:00:00,68.0,68.0,68.0,68.0,3631
2013-05-10 00:00:00,69.0,69.0,67.0,68.25,7296
2013-05-09 00:00:00,,70.0,70.0,70.0,0
2013-05-08 00:00:00,67.25,70.0,67.0,70.0,3410
2013-05-07 00:00:00,69.0,69.0,68.25,68.25,590
2013-05-06 00:00:00,70.5,70.5,70.0,70.0,465
2013-05-03 00:00:00,70.75,70.75,70.5,70.5,61932
2013-05-02 00:00:00,70.0,72.0,70.0,72.0,2440
2013-05-01 00:00:00,,69.0,69.0,69.0,0
2013-04-30 00:00:00,69.0,69.0,69.0,69.0,141
2013-04-29 00:00:00,69.5,69.5,69.5,69.5,1604
2013-04-26 00:00:00,70.0,71.5,70.0,71.5,510
2013-04-25 00:00:00,71.0,71.0,70.0,70.0,1425
2013-04-24 00:00:00,71.75,72.0,71.75,72.0,200614
2013-04-23 00:00:00,71.5,72.0,71.0,72.0,2679
2013-04-22 00:00:00,72.0,74.0,72.0,74.0,4483
2013-04-19 00:00:00,70.25,72.5,70.25,72.5,756
2013-04-18 00:00:00,69.25,69.25,69.25,69.25,500
2013-04-17 00:00:00,70.0,70.0,70.0,70.0,1180
2013-04-16 00:00:00,70.75,70.75,70.75,70.75,145
2013-04-15 00:00:00,70.25,70.25,69.5,69.5,935
2013-04-12 00:00:00,70.5,70.5,70.5,70.5,190
2013-04-11 00:00:00,70.0,70.0,69.5,69.5,1001
2013-04-10 00:00:00,70.0,70.0,70.0,70.0,146
2013-04-09 00:00:00,70.0,70.0,70.0,70.0,450
2013-04-08 00:00:00,70.5,70.5,70.5,70.5,325
2013-04-05 00:00:00,68.0,70.5,68.0,70.5,1463
2013-04-04 00:00:00,71.0,71.0,68.0,68.0,1082
2013-04-03 00:00:00,70.0,71.0,70.0,70.25,794
2013-04-02 00:00:00,71.0,71.0,68.25,69.0,3594
2013-04-01 00:00:00,,73.0,73.0,73.0,0
2013-03-29 00:00:00,71.75,73.0,73.0,73.0,6282
2013-03-28 00:00:00,71.75,73.0,71.75,73.0,6282
2013-03-27 00:00:00,71.75,73.0,71.75,73.0,6282
2013-03-26 00:00:00,73.0,73.0,72.0,72.0,3665
2013-03-25 00:00:00,73.0,74.25,73.0,74.0,1397
2013-03-22 00:00:00,71.5,72.75,70.5,72.75,1713
2013-03-21 00:00:00,71.0,71.5,69.0,71.5,151812
2013-03-20 00:00:00,73.5,73.5,73.5,73.5,500
2013-03-19 00:00:00,71.25,73.0,71.25,73.0,1801
2013-03-18 00:00:00,73.0,73.0,71.5,73.0,9649
2013-03-15 00:00:00,72.75,73.0,72.75,73.0,675
2013-03-14 00:00:00,70.0,72.5,70.0,72.5,59610
2013-03-13 00:00:00,70.0,71.0,69.0,71.0,1600
2013-03-12 00:00:00,71.0,71.0,71.0,71.0,12
2013-03-11 00:00:00,72.0,72.0,72.0,72.0,700
2013-03-08 00:00:00,72.0,72.0,72.0,72.0,300
2013-03-07 00:00:00,72.25,74.0,71.0,73.0,5797
2013-03-06 00:00:00,73.75,74.0,72.5,73.5,57124
2013-03-05 00:00:00,74.0,74.0,72.5,74.0,7425
2013-03-04 00:00:00,74.0,74.25,74.0,74.25,9600
2013-03-01 00:00:00,76.75,76.75,71.75,72.0,1350
2013-02-28 00:00:00,70.5,76.25,70.5,76.25,22492
2013-02-27 00:00:00,71.0,71.0,70.0,70.5,1147
2013-02-26 00:00:00,69.0,70.0,68.0,69.0,8641
2013-02-25 00:00:00,68.75,70.5,68.5,69.0,9284
2013-02-22 00:00:00,69.5,70.0,69.0,69.0,10524
2013-02-21 00:00:00,70.0,70.0,69.5,69.5,2075
2013-02-20 00:00:00,69.25,70.0,69.0,69.5,2361
2013-02-19 00:00:00,69.5,70.0,69.0,69.0,7257
2013-02-18 00:00:00,68.0,69.25,68.0,69.25,3745
2013-02-15 00:00:00,66.5,67.5,66.5,67.5,1697
2013-02-14 00:00:00,67.0,67.0,66.5,66.5,978
2013-02-13 00:00:00,66.5,67.0,66.25,66.5,2656
2013-02-12 00:00:00,67.5,67.5,66.5,66.5,377
2013-02-11 00:00:00,67.5,67.5,67.5,67.5,10
2013-02-08 00:00:00,68.5,68.5,66.0,66.0,2141
2013-02-07 00:00:00,67.75,67.75,67.0,67.0,167
2013-02-06 00:00:00,,68.0,68.0,68.0,0
2013-02-05 00:00:00,69.25,69.25,68.0,68.0,167
2013-02-04 00:00:00,70.0,70.25,67.0,67.0,21720
2013-02-01 00:00:00,66.5,67.0,66.5,67.0,800
2013-01-31 00:00:00,67.0,67.0,65.5,65.5,1409
2013-01-30 00:00:00,66.5,67.5,66.5,67.5,350
2013-01-29 00:00:00,66.25,66.25,65.25,66.0,1026
2013-01-28 00:00:00,66.0,66.25,66.0,66.25,2499
2013-01-25 00:00:00,64.0,65.75,64.0,65.75,7027
2013-01-24 00:00:00,64.75,65.0,64.75,65.0,2650
2013-01-23 00:00:00,63.5,65.0,63.25,64.25,20334
2013-01-22 00:00:00,63.0,65.0,63.0,65.0,3265
2013-01-21 00:00:00,63.0,63.0,61.5,62.0,645
2013-01-18 00:00:00,61.75,62.75,61.75,62.75,750
2013-01-17 00:00:00,63.5,63.5,62.0,62.5,8955
2013-01-16 00:00:00,65.0,65.0,63.25,63.25,8267
2013-01-15 00:00:00,67.0,67.0,65.5,65.5,5858
2013-01-14 00:00:00,67.0,67.25,67.0,67.0,14251
2013-01-11 00:00:00,65.5,67.0,65.5,67.0,1575
2013-01-10 00:00:00,67.0,67.0,67.0,67.0,2700
2013-01-09 00:00:00,66.5,66.5,65.0,66.25,900
2013-01-08 00:00:00,65.5,65.5,65.0,65.0,1100
2013-01-07 00:00:00,65.0,65.25,63.0,65.25,1850
2013-01-04 00:00:00,65.5,66.0,65.5,66.0,50003
2013-01-03 00:00:00,67.0,67.0,66.0,66.0,960
2013-01-02 00:00:00,66.0,66.0,65.5,65.75,2910
2013-01-01 00:00:00,,67.0,67.0,67.0,0
2012-12-31 00:00:00,,67.0,67.0,67.0,0
2012-12-28 00:00:00,65.5,67.0,65.5,67.0,5361
2012-12-27 00:00:00,65.0,66.0,65.0,65.0,15848
2012-12-26 00:00:00,,64.25,64.25,64.25,0
2012-12-25 00:00:00,,64.25,64.25,64.25,0
2012-12-24 00:00:00,,64.25,64.25,64.25,0
2012-12-21 00:00:00,61.75,65.5,61.5,64.25,8511
2012-12-20 00:00:00,62.0,64.0,62.0,64.0,990
2012-12-19 00:00:00,64.5,64.5,61.5,61.5,4314
2012-12-18 00:00:00,63.0,64.5,62.0,64.5,7377
2012-12-17 00:00:00,61.0,63.0,61.0,63.0,9300
2012-12-14 00:00:00,60.5,60.5,60.0,60.0,3432
2012-12-13 00:00:00,60.25,60.25,60.0,60.25,7216
2012-12-12 00:00:00,60.5,60.5,59.5,60.0,25277
2012-12-11 00:00:00,61.0,61.0,60.25,60.5,2600
2012-12-10 00:00:00,61.5,61.5,60.75,61.0,6094
2012-12-07 00:00:00,61.75,61.75,61.25,61.5,1702
2012-12-06 00:00:00,61.75,62.5,61.75,62.0,4375
2012-12-05 00:00:00,62.5,62.5,62.0,62.0,4215
2012-12-04 00:00:00,63.0,63.0,62.25,62.5,5143
2012-12-03 00:00:00,63.0,63.0,63.0,63.0,625
2012-11-30 00:00:00,62.5,63.0,62.5,63.0,3311
2012-11-29 00:00:00,65.0,65.0,64.5,64.5,3244
2012-11-28 00:00:00,65.0,65.5,65.0,65.5,550
2012-11-27 00:00:00,65.75,66.0,64.25,64.25,16260
2012-11-26 00:00:00,65.5,65.5,65.5,65.5,5964
2012-11-23 00:00:00,64.0,65.25,64.0,65.25,211
2012-11-22 00:00:00,,64.75,64.75,64.75,0
2012-11-21 00:00:00,64.75,64.75,64.75,64.75,1000
2012-11-20 00:00:00,65.0,65.0,64.5,64.5,750
2012-11-19 00:00:00,64.5,66.0,64.5,66.0,2000
2012-11-16 00:00:00,,65.0,65.0,65.0,0
2012-11-15 00:00:00,65.0,65.0,65.0,65.0,1000
2012-11-14 00:00:00,,64.0,64.0,64.0,0
2012-11-13 00:00:00,64.0,64.0,63.25,64.0,1275
2012-11-12 00:00:00,65.0,65.0,65.0,65.0,500
2012-11-09 00:00:00,,66.0,66.0,66.0,0
2012-11-08 00:00:00,65.0,66.0,65.0,66.0,5300
2012-11-07 00:00:00,64.75,66.0,64.75,66.0,2971
2012-11-06 00:00:00,64.5,67.0,63.0,67.0,313065
2012-11-05 00:00:00,62.5,64.25,62.5,64.25,2735
2012-11-02 00:00:00,62.0,62.0,61.25,61.25,1200
2012-11-01 00:00:00,63.75,63.75,63.75,63.75,152090
2012-10-31 00:00:00,,65.0,65.0,65.0,0
2012-10-30 00:00:00,65.0,66.25,65.0,65.0,769
2012-10-29 00:00:00,63.0,65.0,63.0,64.75,3680
2012-10-26 00:00:00,64.0,64.75,63.5,64.75,1035
2012-10-25 00:00:00,64.0,64.0,64.0,64.0,200
2012-10-24 00:00:00,65.0,65.0,64.75,64.75,785
2012-10-23 00:00:00,63.5,65.0,63.5,64.5,11005
2012-10-22 00:00:00,62.0,63.0,62.0,63.0,4944
2012-10-19 00:00:00,62.0,62.0,62.0,62.0,572
2012-10-18 00:00:00,61.25,62.0,61.25,61.5,958
2012-10-17 00:00:00,60.75,62.0,60.75,62.0,5300
2012-10-16 00:00:00,61.0,61.0,61.0,61.0,4726
2012-10-15 00:00:00,62.0,62.5,62.0,62.5,2777
2012-10-12 00:00:00,62.25,62.25,62.0,62.0,992
2012-10-11 00:00:00,63.5,63.5,63.0,63.0,5791
2012-10-10 00:00:00,64.0,64.0,64.0,64.0,809
2012-10-09 00:00:00,63.25,63.25,63.25,63.25,350
2012-10-08 00:00:00,62.0,63.25,62.0,63.25,250
2012-10-05 00:00:00,,62.0,62.0,62.0,0
2012-10-04 00:00:00,62.25,62.25,62.0,62.0,1708
2012-10-03 00:00:00,62.5,62.5,62.25,62.25,992
2012-10-02 00:00:00,63.0,63.0,63.0,63.0,2659
2012-10-01 00:00:00,63.5,63.5,63.5,63.5,225
2012-09-28 00:00:00,63.25,63.25,61.5,61.5,1141
2012-09-27 00:00:00,61.25,61.25,61.25,61.25,600
2012-09-26 00:00:00,61.5,61.5,61.25,61.25,1920
2012-09-25 00:00:00,62.0,62.0,62.0,62.0,2440
2012-09-24 00:00:00,62.25,62.25,62.0,62.0,1320
2012-09-21 00:00:00,62.75,62.75,62.25,62.5,525
2012-09-20 00:00:00,64.75,65.75,62.75,62.75,1320
2012-09-19 00:00:00,63.25,65.0,63.25,65.0,4680
2012-09-18 00:00:00,63.75,63.75,63.75,63.75,200
2012-09-17 00:00:00,63.75,63.75,63.75,63.75,50
2012-09-14 00:00:00,64.75,65.0,63.75,63.75,3880
2012-09-13 00:00:00,64.0,64.0,64.0,64.0,490
2012-09-12 00:00:00,63.0,63.75,63.0,63.75,1218
2012-09-11 00:00:00,63.5,63.75,63.5,63.75,2200
2012-09-10 00:00:00,63.5,63.5,62.5,62.5,600
2012-09-07 00:00:00,63.5,63.75,62.5,62.5,1828
2012-09-06 00:00:00,65.5,65.5,65.5,65.5,100
2012-09-05 00:00:00,63.5,65.0,63.5,64.0,1580
2012-09-04 00:00:00,63.5,64.0,63.5,64.0,550
2012-09-03 00:00:00,63.5,63.5,63.5,63.5,100
2012-08-31 00:00:00,,65.0,65.0,65.0,0
2012-08-30 00:00:00,,65.0,65.0,65.0,0
2012-08-29 00:00:00,64.0,65.0,64.0,65.0,10700
2012-08-28 00:00:00,64.0,64.0,63.0,63.0,800
2012-08-27 00:00:00,,64.0,64.0,64.0,0
2012-08-24 00:00:00,64.0,64.0,64.0,64.0,5580
2012-08-23 00:00:00,,63.75,63.75,63.75,0
2012-08-22 00:00:00,63.75,63.75,63.75,63.75,105
2012-08-21 00:00:00,64.25,64.25,64.0,64.0,1051
2012-08-20 00:00:00,64.5,64.5,64.0,64.0,1104
2012-08-17 00:00:00,65.0,65.0,65.0,65.0,500
2012-08-16 00:00:00,67.0,67.0,64.75,64.75,8630
2012-08-15 00:00:00,65.0,67.0,65.0,67.0,4246
2012-08-14 00:00:00,,65.0,65.0,65.0,0
2012-08-13 00:00:00,65.0,65.0,63.5,65.0,3820
2012-08-10 00:00:00,66.0,67.0,66.0,67.0,85
2012-08-09 00:00:00,67.0,67.0,65.0,66.0,1470
2012-08-08 00:00:00,67.0,67.0,67.0,67.0,250
2012-08-07 00:00:00,67.0,67.0,67.0,67.0,300
2012-08-06 00:00:00,66.0,66.0,66.0,66.0,100
2012-08-03 00:00:00,68.0,68.0,68.0,68.0,107
2012-08-02 00:00:00,68.0,68.0,66.75,68.0,1050
2012-08-01 00:00:00,68.25,68.25,68.25,68.25,440
2012-07-31 00:00:00,70.0,70.0,70.0,70.0,447
2012-07-30 00:00:00,70.0,70.25,70.0,70.25,1000
2012-07-27 00:00:00,68.75,69.5,68.75,69.5,1324
2012-07-26 00:00:00,,68.75,68.75,68.75,0
2012-07-25 00:00:00,68.75,68.75,68.75,68.75,447
2012-07-24 00:00:00,,70.0,70.0,70.0,0
2012-07-23 00:00:00,,70.0,70.0,70.0,0
2012-07-20 00:00:00,69.25,70.5,69.25,70.0,1299
2012-07-19 00:00:00,70.0,70.0,70.0,70.0,26036
2012-07-18 00:00:00,70.0,70.0,69.0,70.0,13782
2012-07-17 00:00:00,68.5,68.75,68.5,68.5,3356
2012-07-16 00:00:00,68.0,68.0,68.0,68.0,470
2012-07-13 00:00:00,67.0,70.0,67.0,70.0,12780
2012-07-12 00:00:00,68.5,70.0,67.0,69.5,38512
2012-07-11 00:00:00,66.75,68.0,66.75,68.0,800
2012-07-10 00:00:00,68.0,68.0,68.0,68.0,1500
2012-07-09 00:00:00,,66.25,66.25,66.25,350
2012-07-06 00:00:00,66.25,66.25,66.25,66.25,160
2012-07-05 00:00:00,,66.25,66.25,66.25,0
2012-07-04 00:00:00,66.25,66.25,66.25,66.25,80
2012-07-03 00:00:00,66.5,67.5,66.5,67.5,1809
2012-07-02 00:00:00,,66.75,66.75,66.75,0
2012-06-29 00:00:00,66.0,66.75,66.0,66.75,1560
2012-06-28 00:00:00,66.75,66.75,65.25,65.25,400
2012-06-27 00:00:00,,67.0,67.0,67.0,0
2012-06-26 00:00:00,,67.0,67.0,67.0,0
2012-06-25 00:00:00,64.25,67.0,64.25,67.0,1250
2012-06-22 00:00:00,,65.25,65.25,65.25,0
2012-06-21 00:00:00,65.25,65.25,65.25,65.25,970
2012-06-20 00:00:00,64.5,67.0,64.5,67.0,2515
2012-06-19 00:00:00,67.25,68.0,67.25,67.25,870
2012-06-18 00:00:00,65.0,67.0,64.75,67.0,2270
2012-06-15 00:00:00,,66.5,66.5,66.5,0
2012-06-14 00:00:00,,66.5,66.5,66.5,0
2012-06-13 00:00:00,66.0,66.5,65.0,66.5,3957
2012-06-12 00:00:00,,66.25,66.25,66.25,0
2012-06-11 00:00:00,65.75,66.25,65.0,66.25,1330
2012-06-08 00:00:00,67.0,68.0,67.0,68.0,1400
2012-06-07 00:00:00,67.5,67.5,67.5,67.5,100
2012-06-06 00:00:00,,67.0,67.0,67.0,0
2012-06-05 00:00:00,68.0,68.0,67.0,67.0,61500
2012-06-04 00:00:00,67.25,69.0,67.25,69.0,13807
2012-06-01 00:00:00,68.0,70.0,67.5,68.0,5737
2012-05-31 00:00:00,67.25,67.25,67.25,67.25,470
2012-05-30 00:00:00,,67.0,67.0,67.0,0
2012-05-29 00:00:00,67.0,67.0,67.0,67.0,355
2012-05-28 00:00:00,66.0,66.0,65.0,65.0,214
2012-05-25 00:00:00,69.75,69.75,66.5,66.5,14001
2012-05-24 00:00:00,68.0,69.0,68.0,68.0,2236
2012-05-23 00:00:00,69.5,70.0,69.5,70.0,1670
2012-05-22 00:00:00,68.5,68.75,68.5,68.75,10153
2012-05-21 00:00:00,,70.0,70.0,70.0,0
2012-05-18 00:00:00,69.5,70.0,69.0,70.0,7120
2012-05-17 00:00:00,,69.75,69.75,69.75,0
2012-05-16 00:00:00,71.75,71.75,69.75,69.75,34364
2012-05-15 00:00:00,71.5,73.0,71.5,72.5,50939
2012-05-14 00:00:00,71.75,71.75,70.5,70.75,6922
2012-05-11 00:00:00,70.5,72.5,70.5,71.25,8275
2012-05-10 00:00:00,70.25,71.0,70.0,70.0,10912
2012-05-09 00:00:00,71.0,71.0,71.0,71.0,150
2012-05-08 00:00:00,71.0,73.5,71.0,71.25,2605
2012-05-07 00:00:00,70.0,71.25,68.0,71.25,6037
2012-05-04 00:00:00,73.0,73.0,72.0,72.5,2848
2012-05-03 00:00:00,71.0,73.5,71.0,73.0,4662
2012-05-02 00:00:00,74.0,74.0,73.0,73.0,14031
2012-05-01 00:00:00,,73.5,73.5,73.5,0
2012-04-30 00:00:00,71.25,74.0,71.25,73.5,10668
2012-04-27 00:00:00,69.0,72.0,68.5,72.0,4532
2012-04-26 00:00:00,69.0,73.0,68.5,71.0,2782
2012-04-25 00:00:00,69.0,69.0,68.75,69.0,2071
2012-04-24 00:00:00,72.0,72.0,70.0,71.0,6762
2012-04-23 00:00:00,72.5,72.5,72.5,72.5,50
2012-04-20 00:00:00,72.5,72.5,71.0,72.5,72403
2012-04-19 00:00:00,72.5,72.5,72.0,72.5,12334
2012-04-18 00:00:00,72.5,72.75,72.5,72.5,6618
2012-04-17 00:00:00,71.75,75.0,71.75,72.75,27400
2012-04-16 00:00:00,71.0,72.0,71.0,71.5,4500
2012-04-13 00:00:00,70.5,70.5,70.5,70.5,4650
2012-04-12 00:00:00,70.0,70.0,70.0,70.0,1158
2012-04-11 00:00:00,70.0,70.5,70.0,70.5,4175
2012-04-10 00:00:00,70.0,70.5,70.0,70.25,3975
2012-04-09 00:00:00,,70.5,70.5,70.5,0
2012-04-06 00:00:00,,70.5,70.5,70.5,0
2012-04-05 00:00:00,70.0,70.5,70.0,70.5,1032
2012-04-04 00:00:00,69.5,69.5,69.5,69.5,13956
2012-04-03 00:00:00,69.5,70.0,69.25,70.0,4718
2012-04-02 00:00:00,67.5,69.25,67.5,69.0,32183
2012-03-30 00:00:00,66.25,69.75,66.25,68.0,10043
2012-03-29 00:00:00,66.25,66.25,65.75,66.25,7980
2012-03-28 00:00:00,67.0,67.0,66.25,66.25,1460
2012-03-27 00:00:00,67.0,67.0,67.0,67.0,1542
2012-03-26 00:00:00,66.5,67.0,66.5,67.0,12040
2012-03-23 00:00:00,,65.5,65.5,65.5,0
2012-03-22 00:00:00,65.5,65.5,64.25,65.5,1450
2012-03-21 00:00:00,67.0,68.0,67.0,67.0,5215
2012-03-20 00:00:00,68.0,68.0,66.5,67.0,10355
2012-03-19 00:00:00,67.25,68.0,67.0,68.0,3295
2012-03-16 00:00:00,67.0,67.5,67.0,67.5,9492
2012-03-15 00:00:00,66.5,67.5,66.5,66.5,1316
2012-03-14 00:00:00,66.5,66.75,65.25,66.75,7623
2012-03-13 00:00:00,66.75,66.75,66.25,66.25,700
2012-03-12 00:00:00,67.5,67.5,66.5,66.5,3150
2012-03-09 00:00:00,66.5,67.5,66.5,66.75,82922
2012-03-08 00:00:00,66.0,66.0,65.0,65.5,12434
2012-03-07 00:00:00,64.75,66.25,64.75,65.5,3200
2012-03-06 00:00:00,65.75,65.75,65.0,65.5,12163
2012-03-05 00:00:00,66.0,67.25,65.0,66.0,5732
2012-03-02 00:00:00,65.0,65.75,65.0,65.75,5601
2012-03-01 00:00:00,64.0,65.0,64.0,65.0,4787
2012-02-29 00:00:00,65.0,65.0,64.5,64.75,2733
2012-02-28 00:00:00,66.5,66.5,65.5,65.75,1090
2012-02-27 00:00:00,66.5,66.5,66.25,66.25,725
2012-02-24 00:00:00,68.0,68.0,67.0,67.0,4925
2012-02-23 00:00:00,68.5,68.5,68.0,68.0,670
2012-02-22 00:00:00,68.0,68.25,68.0,68.0,8475
2012-02-21 00:00:00,68.75,69.5,67.0,67.5,1720
2012-02-20 00:00:00,66.25,68.5,66.25,68.25,10030
2012-02-17 00:00:00,65.25,65.25,65.25,65.25,100
2012-02-16 00:00:00,65.0,65.0,65.0,65.0,809
2012-02-15 00:00:00,64.5,65.0,64.5,65.0,989
2012-02-14 00:00:00,64.75,64.75,64.0,64.0,424
2012-02-13 00:00:00,62.5,63.0,62.5,63.0,2509
2012-02-10 00:00:00,64.0,64.25,62.0,62.0,4009
2012-02-09 00:00:00,63.75,63.75,61.25,61.25,800
2012-02-08 00:00:00,65.0,65.0,64.0,64.0,5109
2012-02-07 00:00:00,62.0,65.0,62.0,65.0,4703
2012-02-06 00:00:00,63.5,65.0,61.0,62.0,4410
2012-02-03 00:00:00,61.0,63.5,61.0,63.5,5612
2012-02-02 00:00:00,60.5,60.5,60.5,60.5,60
2012-02-01 00:00:00,60.0,60.5,60.0,60.5,2060
2012-01-31 00:00:00,59.0,59.0,59.0,59.0,135
2012-01-30 00:00:00,59.0,59.25,59.0,59.0,685
2012-01-27 00:00:00,58.5,58.5,58.25,58.25,400
2012-01-26 00:00:00,,58.0,58.0,58.0,0
2012-01-25 00:00:00,58.0,59.0,58.0,58.0,1532
2012-01-24 00:00:00,58.0,58.0,58.0,58.0,1444
2012-01-23 00:00:00,58.0,58.25,58.0,58.25,1125
2012-01-20 00:00:00,57.0,57.0,57.0,57.0,2129
2012-01-19 00:00:00,57.0,57.0,57.0,57.0,298
2012-01-18 00:00:00,57.0,57.0,57.0,57.0,3250
2012-01-17 00:00:00,56.0,57.0,56.0,57.0,2085
2012-01-16 00:00:00,,56.0,56.0,56.0,0
2012-01-13 00:00:00,55.5,56.0,55.5,56.0,560015
2012-01-12 00:00:00,,55.0,55.0,55.0,0
2012-01-11 00:00:00,55.0,55.0,55.0,55.0,796
2012-01-10 00:00:00,54.0,54.0,54.0,54.0,415
2012-01-09 00:00:00,55.0,55.0,54.75,55.0,2879
2012-01-06 00:00:00,,54.5,54.5,54.5,0
2012-01-05 00:00:00,54.5,54.5,54.5,54.5,80
2012-01-04 00:00:00,54.0,54.0,54.0,54.0,250
2012-01-03 00:00:00,,54.0,54.0,54.0,0
2012-01-02 00:00:00,54.0,54.0,54.0,54.0,570
2011-12-30 00:00:00,53.5,55.0,53.5,55.0,4981
2011-12-29 00:00:00,53.5,53.5,52.25,53.5,8035
2011-12-28 00:00:00,52.25,53.0,52.25,52.5,3804
2011-12-27 00:00:00,52.5,52.5,51.5,52.5,6060
2011-12-26 00:00:00,,52.0,52.0,52.0,0
2011-12-23 00:00:00,51.5,52.0,50.75,52.0,15769
2011-12-22 00:00:00,51.0,51.5,51.0,51.5,2427
2011-12-21 00:00:00,50.25,51.0,50.25,51.0,1998
2011-12-20 00:00:00,50.0,50.5,49.9,50.5,2982
2011-12-19 00:00:00,50.0,51.5,50.0,50.0,1035
2011-12-16 00:00:00,51.0,51.5,51.0,51.5,1546
2011-12-15 00:00:00,51.0,51.0,51.0,51.0,500
2011-12-14 00:00:00,50.0,51.0,50.0,51.0,2500
2011-12-13 00:00:00,51.5,51.5,51.5,51.5,436
2011-12-12 00:00:00,50.0,50.0,50.0,50.0,1200
2011-12-09 00:00:00,50.0,51.5,50.0,51.5,2094
2011-12-08 00:00:00,50.75,50.75,50.0,50.0,1648
2011-12-07 00:00:00,51.0,52.0,51.0,52.0,1250
2011-12-06 00:00:00,52.0,52.0,52.0,52.0,1032
2011-12-05 00:00:00,52.0,52.0,52.0,52.0,932
2011-12-02 00:00:00,53.5,53.5,52.5,53.0,7320
2011-12-01 00:00:00,53.0,53.5,53.0,53.0,1617
2011-11-30 00:00:00,53.0,53.0,53.0,53.0,400
2011-11-29 00:00:00,53.0,55.0,53.0,53.5,64511
2011-11-28 00:00:00,51.25,53.0,51.25,53.0,3183
2011-11-25 00:00:00,51.25,51.25,50.75,50.75,112
2011-11-24 00:00:00,51.25,51.25,51.25,51.25,32
2011-11-23 00:00:00,53.0,53.0,53.0,53.0,278
2011-11-22 00:00:00,52.0,53.25,51.25,51.25,685
2011-11-21 00:00:00,52.75,52.75,52.75,52.75,733
2011-11-18 00:00:00,54.0,54.0,53.0,53.0,686
2011-11-17 00:00:00,52.5,53.0,52.5,53.0,793
2011-11-16 00:00:00,53.0,53.0,53.0,53.0,200
2011-11-15 00:00:00,53.5,53.5,53.0,53.0,1500
2011-11-14 00:00:00,55.0,55.0,55.0,55.0,1000
2011-11-11 00:00:00,54.0,54.0,53.0,53.0,4492
2011-11-10 00:00:00,52.75,54.0,52.75,54.0,3087
2011-11-09 00:00:00,53.0,54.5,53.0,53.75,4237
2011-11-08 00:00:00,53.5,53.5,53.5,53.5,700
2011-11-07 00:00:00,55.0,55.0,54.0,55.0,4400
2011-11-04 00:00:00,53.5,53.5,53.5,53.5,138
2011-11-03 00:00:00,53.5,53.5,53.5,53.5,1655
2011-11-02 00:00:00,52.5,52.5,51.0,51.75,5210
2011-11-01 00:00:00,52.0,52.0,50.0,52.0,5928
2011-10-31 00:00:00,53.0,55.0,53.0,54.0,2462
2011-10-28 00:00:00,52.75,52.75,52.75,52.75,730
2011-10-27 00:00:00,52.5,52.75,52.25,52.5,1757
2011-10-26 00:00:00,50.25,52.75,50.25,52.75,1067
2011-10-25 00:00:00,52.5,52.5,50.0,50.25,2025
2011-10-24 00:00:00,53.0,54.75,53.0,53.0,6416
2011-10-21 00:00:00,51.0,52.25,51.0,52.0,2300
2011-10-20 00:00:00,50.5,50.5,50.5,50.5,7494
2011-10-19 00:00:00,50.5,50.5,50.5,50.5,671
2011-10-18 00:00:00,49.8,49.8,49.8,49.8,100
2011-10-17 00:00:00,50.0,50.0,49.8,49.8,4630
2011-10-14 00:00:00,49.2,50.0,49.2,50.0,3777
2011-10-13 00:00:00,49.5,49.5,49.5,49.5,223
2011-10-12 00:00:00,50.0,50.0,50.0,50.0,500
2011-10-11 00:00:00,48.6,49.0,48.6,49.0,121
2011-10-10 00:00:00,49.0,49.9,48.6,48.6,620
2011-10-07 00:00:00,,49.0,49.0,49.0,0
2011-10-06 00:00:00,49.0,49.0,49.0,49.0,915
2011-10-05 00:00:00,,48.0,48.0,48.0,0
2011-10-04 00:00:00,49.5,49.5,48.0,48.0,3940
2011-10-03 00:00:00,,49.5,49.5,49.5,0
2011-09-30 00:00:00,49.5,49.7,49.5,49.5,2089
2011-09-29 00:00:00,50.0,50.0,49.5,49.5,1300
2011-09-28 00:00:00,49.5,49.5,49.5,49.5,270
2011-09-26 00:00:00,49.0,49.0,47.5,48.0,3309
2011-09-23 00:00:00,51.0,51.0,47.4,48.3,16671
2011-09-22 00:00:00,51.75,51.75,51.0,51.0,3814
