Dates,Open,High,Low,Close,Volume
2017-09-08 00:00:00,49.0,49.5,48.8,49.0,30794
2017-09-07 00:00:00,49.2,49.4,49.0,49.2,17631
2017-09-06 00:00:00,49.0,49.4,48.9,49.2,225908
2017-09-04 00:00:00,49.2,49.3,49.0,49.3,28132
2017-09-01 00:00:00,49.0,49.6,48.8,49.3,121466
2017-08-31 00:00:00,51.0,51.0,49.5,49.8,3876
2017-08-30 00:00:00,49.7,50.5,49.6,49.6,12200
2017-08-29 00:00:00,49.2,49.9,49.0,49.7,15413
2017-08-28 00:00:00,49.4,49.7,49.1,49.6,9754
2017-08-25 00:00:00,50.0,50.0,49.2,49.5,8758
2017-08-24 00:00:00,50.0,50.5,49.5,50.0,22490
2017-08-23 00:00:00,50.25,50.75,49.7,50.5,8964
2017-08-22 00:00:00,50.5,51.0,49.6,50.75,20597
2017-08-21 00:00:00,50.75,51.0,50.0,51.0,15166
2017-08-18 00:00:00,50.75,51.25,50.25,50.75,13017
2017-08-17 00:00:00,51.0,51.75,50.75,51.0,882043
2017-08-16 00:00:00,52.0,52.25,50.75,51.25,52870
2017-08-15 00:00:00,52.0,52.0,51.0,51.25,23333
2017-08-14 00:00:00,50.25,51.75,50.25,51.25,114744
2017-08-11 00:00:00,52.0,52.0,50.25,50.5,13977
2017-08-10 00:00:00,53.0,53.0,51.5,52.0,14357
2017-08-09 00:00:00,53.75,53.75,52.5,52.5,512671
2017-08-08 00:00:00,52.5,53.75,52.5,53.5,41179
2017-08-07 00:00:00,53.0,53.25,52.5,52.5,4421
2017-08-04 00:00:00,53.0,53.75,53.0,53.0,6340
2017-08-03 00:00:00,53.5,53.5,53.0,53.0,7438
2017-08-02 00:00:00,52.75,53.5,52.75,53.5,7528
2017-08-01 00:00:00,52.5,53.25,52.25,52.75,16875
2017-07-31 00:00:00,52.5,52.5,52.0,52.0,8172
2017-07-28 00:00:00,52.25,52.5,52.0,52.5,11361
2017-07-27 00:00:00,52.25,52.5,52.25,52.5,7365
2017-07-26 00:00:00,51.5,52.25,51.25,52.25,19762
2017-07-25 00:00:00,51.5,52.0,51.0,51.25,8336
2017-07-24 00:00:00,52.0,52.25,51.25,52.25,23761
2017-07-21 00:00:00,52.0,52.5,51.25,52.0,8727
2017-07-20 00:00:00,53.25,53.25,51.75,52.25,71203
2017-07-19 00:00:00,52.25,53.5,51.5,53.0,10298
2017-07-18 00:00:00,52.5,53.0,52.5,53.0,6485
2017-07-17 00:00:00,51.5,53.0,51.5,53.0,185669
2017-07-14 00:00:00,52.5,52.75,52.25,52.75,16908
2017-07-13 00:00:00,52.25,52.5,52.25,52.5,565613
2017-07-12 00:00:00,52.0,52.25,51.0,52.25,152760
2017-07-11 00:00:00,52.5,52.5,51.5,52.0,14645
2017-07-10 00:00:00,51.75,52.75,51.75,52.5,9151
2017-07-07 00:00:00,52.75,52.75,50.5,51.75,249487
2017-07-06 00:00:00,51.5,52.0,50.5,50.75,5510
2017-07-05 00:00:00,50.25,51.5,50.25,51.25,18950
2017-07-04 00:00:00,51.25,51.75,50.25,50.25,11842
2017-07-03 00:00:00,51.25,51.75,50.5,51.5,6642
2017-06-30 00:00:00,50.5,51.5,50.5,51.25,19587
2017-06-29 00:00:00,50.75,52.5,50.5,50.5,22502
2017-06-28 00:00:00,51.75,52.0,50.5,50.75,120459
2017-06-27 00:00:00,51.0,52.0,51.0,51.5,23946
2017-06-26 00:00:00,50.75,51.75,50.75,51.0,10885
2017-06-23 00:00:00,,50.75,50.75,50.75,0
2017-06-22 00:00:00,52.0,52.0,50.75,50.75,12378
2017-06-21 00:00:00,52.0,52.5,51.25,52.0,10976
2017-06-20 00:00:00,52.0,52.0,51.0,52.0,63087
2017-06-19 00:00:00,52.0,52.0,51.0,51.0,12604
2017-06-16 00:00:00,50.75,52.0,50.75,51.5,63205
2017-06-15 00:00:00,51.0,52.0,50.75,51.75,33623
2017-06-14 00:00:00,51.5,51.5,50.25,51.0,23839
2017-06-13 00:00:00,51.25,52.0,51.0,51.25,66217
2017-06-12 00:00:00,51.5,51.75,51.0,51.25,10323
2017-06-09 00:00:00,50.5,52.0,50.5,51.5,28100
2017-06-08 00:00:00,52.0,52.0,50.75,50.75,12311
2017-06-07 00:00:00,52.75,53.0,51.0,52.0,30569
2017-06-06 00:00:00,,52.5,52.5,52.5,0
2017-06-05 00:00:00,51.0,52.5,50.5,52.5,40053
2017-06-02 00:00:00,49.2,51.75,49.2,50.75,58058
2017-06-01 00:00:00,48.8,49.1,48.2,49.0,67667
2017-05-31 00:00:00,49.0,49.0,48.0,48.8,21546
2017-05-30 00:00:00,47.7,49.0,47.7,49.0,18737
2017-05-29 00:00:00,49.0,49.0,46.6,47.8,43939
2017-05-26 00:00:00,48.0,48.2,47.8,48.2,17391
2017-05-24 00:00:00,47.8,48.0,47.4,48.0,8338
2017-05-23 00:00:00,47.4,47.9,47.3,47.7,29653
2017-05-22 00:00:00,48.9,48.9,47.7,48.0,26973
2017-05-19 00:00:00,48.4,48.9,48.0,48.9,23903
2017-05-18 00:00:00,49.0,49.1,46.9,48.4,49387
2017-05-17 00:00:00,47.0,49.0,46.5,49.0,64274
2017-05-16 00:00:00,46.1,46.8,46.1,46.8,86516
2017-05-15 00:00:00,46.6,46.6,46.0,46.5,17195
2017-05-12 00:00:00,46.8,46.5,46.5,46.5,25266
2017-05-11 00:00:00,46.7,46.7,45.9,46.7,23958
2017-05-10 00:00:00,46.8,46.8,46.0,46.6,96932
2017-05-09 00:00:00,47.0,47.0,45.8,46.8,21620
2017-05-08 00:00:00,46.5,46.5,45.5,46.3,31527
2017-05-05 00:00:00,45.9,47.0,45.9,46.5,134266
2017-05-04 00:00:00,44.9,46.5,44.6,45.9,42414
2017-05-03 00:00:00,44.1,45.0,44.1,44.6,33442
2017-05-02 00:00:00,44.1,44.9,43.6,44.1,22787
2017-05-01 00:00:00,,44.0,44.0,44.0,0
2017-04-28 00:00:00,45.2,45.2,44.0,44.0,22172
2017-04-27 00:00:00,44.3,45.8,44.3,45.4,38463
2017-04-26 00:00:00,44.3,44.8,44.3,44.3,24721
2017-04-25 00:00:00,44.3,45.5,44.2,44.6,31445
2017-04-24 00:00:00,46.0,46.0,44.2,44.2,9581
2017-04-21 00:00:00,45.5,45.7,45.0,45.6,11776
2017-04-20 00:00:00,45.9,45.9,45.2,45.5,4456
2017-04-19 00:00:00,45.0,45.6,44.9,45.6,15963
2017-04-18 00:00:00,44.3,45.0,44.3,45.0,16767
2017-04-13 00:00:00,44.5,45.0,44.2,44.4,6144
2017-04-12 00:00:00,44.9,44.9,44.0,44.4,28409
2017-04-11 00:00:00,44.4,45.0,43.2,45.0,13271
2017-04-10 00:00:00,44.6,44.6,44.0,44.4,13565
2017-04-07 00:00:00,44.9,45.0,44.7,45.0,37659
2017-04-06 00:00:00,43.9,45.0,43.9,45.0,28014
2017-04-05 00:00:00,42.5,44.3,42.3,44.1,235572
2017-04-04 00:00:00,43.2,43.2,42.8,43.1,18994
2017-04-03 00:00:00,43.7,43.7,42.8,43.3,11803
2017-03-31 00:00:00,43.8,43.8,43.5,43.7,28414
2017-03-30 00:00:00,44.0,44.2,43.7,43.8,38295
2017-03-29 00:00:00,44.0,44.3,43.6,44.0,1563
2017-03-28 00:00:00,43.9,45.3,43.4,44.1,11419
2017-03-27 00:00:00,43.1,43.7,42.6,43.5,24199
2017-03-24 00:00:00,42.6,45.4,42.6,43.7,23803
2017-03-23 00:00:00,43.5,45.0,43.0,44.6,19659
2017-03-22 00:00:00,43.7,43.7,43.2,43.5,23165
2017-03-21 00:00:00,44.3,44.4,43.6,43.7,20997
2017-03-20 00:00:00,44.4,44.4,44.1,44.4,18174
2017-03-17 00:00:00,44.5,44.7,44.1,44.4,18618
2017-03-16 00:00:00,44.1,44.7,44.1,44.5,14292
2017-03-15 00:00:00,44.0,44.4,43.5,44.4,25731
2017-03-14 00:00:00,45.5,45.5,44.4,44.6,726349
2017-03-13 00:00:00,44.5,45.0,44.4,44.7,252089
2017-03-10 00:00:00,44.7,44.7,44.7,44.7,13533
2017-03-09 00:00:00,45.4,45.5,44.6,45.0,17373
2017-03-08 00:00:00,44.8,45.6,44.8,45.5,42547
2017-03-07 00:00:00,44.8,45.6,44.5,45.5,96410
2017-03-06 00:00:00,45.9,46.1,43.1,45.8,92180
2017-03-03 00:00:00,46.1,46.2,46.2,46.2,14677
2017-03-02 00:00:00,46.7,47.0,46.2,46.6,22303
2017-03-01 00:00:00,46.0,47.0,46.0,46.7,35088
2017-02-28 00:00:00,46.2,46.4,46.0,46.3,9329
2017-02-27 00:00:00,46.5,46.6,46.1,46.4,20604
2017-02-24 00:00:00,46.5,46.5,46.1,46.4,14081
2017-02-23 00:00:00,46.6,46.6,46.0,46.3,17925
2017-02-22 00:00:00,47.0,47.1,46.5,46.5,16438
2017-02-21 00:00:00,46.6,47.1,45.9,47.0,18143
2017-02-20 00:00:00,47.0,47.1,46.2,46.7,18615
2017-02-17 00:00:00,47.5,47.5,46.6,47.1,35867
2017-02-16 00:00:00,48.0,48.0,47.3,47.4,23819
2017-02-15 00:00:00,47.2,47.9,47.2,47.2,22572
2017-02-14 00:00:00,47.0,47.6,47.0,47.2,14715
2017-02-13 00:00:00,47.4,47.8,47.0,47.0,105711
2017-02-10 00:00:00,48.0,48.0,47.3,47.3,13668
2017-02-09 00:00:00,47.0,47.9,47.0,47.6,40050
2017-02-08 00:00:00,46.1,47.8,46.1,46.9,124359
2017-02-07 00:00:00,44.6,46.2,44.6,46.1,44086
2017-02-06 00:00:00,44.7,45.8,44.7,45.7,60551
2017-02-03 00:00:00,45.0,45.9,45.0,45.3,50366
2017-02-02 00:00:00,44.5,45.2,44.5,45.0,29023
2017-02-01 00:00:00,43.8,44.8,43.8,44.5,29840
2017-01-31 00:00:00,43.3,43.7,43.3,43.6,62875
2017-01-30 00:00:00,43.0,43.7,42.5,43.3,38574
2017-01-27 00:00:00,43.5,44.0,43.5,43.6,17770
2017-01-26 00:00:00,43.0,43.9,43.0,43.5,56485
2017-01-25 00:00:00,43.6,43.6,43.0,43.1,18899
2017-01-24 00:00:00,43.3,43.9,43.3,43.5,18513
2017-01-23 00:00:00,43.2,43.7,42.5,43.2,87961
2017-01-20 00:00:00,43.2,43.7,43.2,43.5,16148
2017-01-19 00:00:00,43.5,43.6,43.3,43.3,16724
2017-01-18 00:00:00,43.6,43.9,43.1,43.3,48310
2017-01-17 00:00:00,43.9,43.9,42.9,43.4,261702
2017-01-16 00:00:00,45.0,45.0,42.2,43.9,31363
2017-01-13 00:00:00,44.5,45.0,44.1,44.7,20332
2017-01-12 00:00:00,45.2,45.2,44.2,44.6,15456
2017-01-11 00:00:00,45.5,45.5,45.0,45.2,4852
2017-01-10 00:00:00,45.7,45.7,45.0,45.0,39975
2017-01-09 00:00:00,46.0,46.4,45.5,45.5,23318
2017-01-06 00:00:00,,45.8,45.8,45.8,0
2017-01-05 00:00:00,46.0,46.3,45.6,45.8,10019
2017-01-04 00:00:00,46.5,46.6,46.0,46.0,21346
2017-01-03 00:00:00,46.4,46.7,46.0,46.0,53904
2017-01-02 00:00:00,46.3,46.6,46.0,46.4,18388
2016-12-30 00:00:00,46.4,46.4,46.1,46.2,10553
2016-12-29 00:00:00,46.0,46.3,46.0,46.1,30489
2016-12-28 00:00:00,46.3,46.3,45.9,46.3,19729
2016-12-27 00:00:00,46.0,46.3,45.9,45.9,29540
2016-12-23 00:00:00,45.4,46.2,45.3,46.2,34198
2016-12-22 00:00:00,46.0,46.0,45.7,45.8,34725
2016-12-21 00:00:00,46.5,46.5,45.8,45.8,32437
2016-12-20 00:00:00,46.6,46.6,46.0,46.2,25282
2016-12-19 00:00:00,46.5,46.6,45.9,46.5,160903
2016-12-16 00:00:00,46.4,46.4,45.9,46.1,26055
2016-12-15 00:00:00,46.5,46.5,45.9,46.1,41606
2016-12-14 00:00:00,46.2,46.7,46.1,46.4,24495
2016-12-13 00:00:00,46.7,46.7,46.1,46.6,43033
2016-12-12 00:00:00,46.1,46.7,46.1,46.6,22841
2016-12-09 00:00:00,46.7,46.8,46.1,46.6,61945
2016-12-08 00:00:00,46.6,46.6,45.9,46.3,136161
2016-12-07 00:00:00,46.3,46.6,46.3,46.3,45998
2016-12-06 00:00:00,46.1,46.5,45.9,46.3,24834
2016-12-05 00:00:00,46.9,47.0,45.9,46.1,62751
2016-12-02 00:00:00,46.5,46.8,46.2,46.8,78335
2016-12-01 00:00:00,46.2,46.5,45.9,46.4,184118
2016-11-30 00:00:00,45.7,46.9,45.3,46.5,265313
2016-11-29 00:00:00,47.8,47.8,45.5,45.7,114378
2016-11-28 00:00:00,47.0,47.9,46.0,46.3,109181
2016-11-25 00:00:00,46.0,47.5,46.0,46.3,114239
2016-11-24 00:00:00,45.0,46.2,45.0,45.6,104800
2016-11-23 00:00:00,45.5,46.6,44.9,44.9,74388
2016-11-22 00:00:00,44.9,45.8,44.7,45.5,76578
2016-11-21 00:00:00,44.4,47.0,44.4,45.0,42634
2016-11-18 00:00:00,46.5,47.0,45.7,46.1,40888
2016-11-17 00:00:00,48.5,48.5,45.8,46.2,20436
2016-11-16 00:00:00,48.2,48.6,45.9,46.8,46512
2016-11-15 00:00:00,49.2,49.2,44.3,48.0,60469
2016-11-14 00:00:00,49.5,50.5,48.8,49.7,26690
2016-11-11 00:00:00,50.25,50.5,48.0,49.0,46042
2016-11-10 00:00:00,52.25,53.5,49.0,49.2,22313
2016-11-09 00:00:00,50.0,52.75,49.4,52.0,64766
2016-11-08 00:00:00,53.25,54.25,52.25,54.25,22925
2016-11-07 00:00:00,53.75,54.0,52.25,53.25,15667
2016-11-04 00:00:00,52.75,53.75,52.75,52.75,4774
2016-11-03 00:00:00,51.5,54.5,51.5,52.75,22138
2016-11-02 00:00:00,52.0,53.0,50.75,52.25,33822
2016-11-01 00:00:00,52.25,53.25,51.5,52.0,21803
2016-10-31 00:00:00,54.75,54.75,51.0,52.25,45573
2016-10-28 00:00:00,52.75,54.5,52.5,54.5,21049
2016-10-27 00:00:00,53.0,53.25,52.25,52.75,45368
2016-10-26 00:00:00,52.5,53.0,52.0,52.75,25730
2016-10-25 00:00:00,52.25,52.75,51.25,52.75,84769
2016-10-24 00:00:00,52.0,53.5,50.0,52.25,42037
2016-10-21 00:00:00,51.5,55.0,50.0,52.0,45570
2016-10-20 00:00:00,52.0,52.75,51.25,51.25,78012
2016-10-19 00:00:00,49.9,52.0,49.7,51.75,76742
2016-10-18 00:00:00,49.8,50.0,49.0,50.0,34995
2016-10-17 00:00:00,49.5,49.8,49.1,49.8,11578
2016-10-14 00:00:00,49.9,50.0,49.2,49.8,84407
2016-10-13 00:00:00,50.0,50.5,49.8,49.9,371455
2016-10-12 00:00:00,50.0,51.0,48.9,50.0,164812
2016-10-11 00:00:00,51.0,51.0,49.5,50.25,121125
2016-10-10 00:00:00,52.25,52.25,50.0,51.5,89691
2016-10-07 00:00:00,54.5,54.5,52.5,53.0,38102
2016-10-06 00:00:00,55.25,56.25,53.25,56.0,42835
2016-10-05 00:00:00,56.25,56.5,55.0,56.25,31557
2016-10-04 00:00:00,58.0,58.0,56.0,56.5,14602
2016-10-03 00:00:00,56.75,58.5,56.75,58.0,29196
2016-09-30 00:00:00,56.0,56.75,54.75,56.75,19962
2016-09-29 00:00:00,54.5,56.75,54.0,55.75,53418
2016-09-28 00:00:00,55.0,55.5,54.25,55.5,21011
2016-09-27 00:00:00,56.0,56.25,54.75,55.75,13144
2016-09-26 00:00:00,56.0,56.0,55.0,56.0,17884
2016-09-23 00:00:00,56.25,56.5,55.25,56.25,17280
2016-09-22 00:00:00,56.5,57.0,56.25,56.25,12537
2016-09-21 00:00:00,56.0,57.25,56.0,56.5,14039
2016-09-20 00:00:00,57.25,57.5,56.0,56.0,10864
2016-09-19 00:00:00,58.25,58.5,55.75,57.25,16105
2016-09-16 00:00:00,55.25,59.75,55.25,59.75,31984
2016-09-15 00:00:00,55.0,55.75,54.0,55.75,15226
2016-09-14 00:00:00,55.25,56.5,54.5,55.25,13835
2016-09-13 00:00:00,54.75,58.0,54.0,56.0,58593
2016-09-12 00:00:00,56.25,56.25,51.75,54.5,64251
2016-09-09 00:00:00,57.0,57.5,55.5,56.75,52873
2016-09-08 00:00:00,59.5,59.5,56.75,57.25,71085
2016-09-07 00:00:00,60.0,60.75,59.5,59.5,50754
2016-09-06 00:00:00,60.25,60.5,59.0,59.75,24584
2016-09-05 00:00:00,60.0,61.0,59.5,60.25,74310
2016-09-02 00:00:00,58.75,61.5,58.5,59.5,57221
2016-09-01 00:00:00,57.25,59.0,56.25,58.75,245360
2016-08-31 00:00:00,56.5,57.75,56.0,57.25,36654
2016-08-30 00:00:00,57.0,57.75,56.25,56.25,36406
2016-08-29 00:00:00,55.25,57.0,55.0,57.0,55016
2016-08-26 00:00:00,55.0,55.0,53.75,54.75,21853
2016-08-25 00:00:00,54.75,55.0,54.0,54.25,100186
2016-08-24 00:00:00,55.0,55.5,54.25,55.0,41750
2016-08-23 00:00:00,53.25,55.0,53.25,54.75,44730
2016-08-22 00:00:00,52.0,53.25,52.0,52.5,23129
2016-08-19 00:00:00,51.5,52.25,50.5,52.0,17768
2016-08-18 00:00:00,51.0,51.5,50.5,51.25,22155
2016-08-17 00:00:00,50.25,50.75,50.0,50.0,41712
2016-08-16 00:00:00,49.9,50.5,49.8,50.25,513819
2016-08-15 00:00:00,49.9,51.0,49.8,49.8,11827
2016-08-12 00:00:00,49.7,50.0,49.4,49.9,22604
2016-08-11 00:00:00,50.0,50.25,49.6,50.0,47397
2016-08-10 00:00:00,50.5,51.0,49.5,49.7,13512
2016-08-09 00:00:00,50.0,51.5,49.0,49.6,37889
2016-08-08 00:00:00,48.5,50.0,47.6,49.6,28782
2016-08-05 00:00:00,48.4,49.9,47.5,48.0,43990
2016-08-04 00:00:00,47.5,48.1,46.8,47.3,19474
2016-08-03 00:00:00,46.8,48.7,46.2,47.6,50668
2016-08-02 00:00:00,45.9,47.3,45.5,46.8,21670
2016-08-01 00:00:00,45.7,46.9,45.7,46.1,26544
2016-07-29 00:00:00,45.5,47.1,45.5,46.5,23577
2016-07-28 00:00:00,45.4,45.7,45.2,45.3,14905
2016-07-27 00:00:00,45.9,46.2,45.0,45.4,18548
2016-07-26 00:00:00,46.4,46.7,45.3,45.4,31655
2016-07-25 00:00:00,45.8,46.7,45.0,45.0,5297
2016-07-22 00:00:00,46.0,46.1,45.5,45.7,5973
2016-07-21 00:00:00,46.3,46.5,45.8,46.0,12857
2016-07-20 00:00:00,47.5,47.5,46.3,46.6,14323
2016-07-19 00:00:00,47.0,47.5,46.3,46.8,15864
2016-07-18 00:00:00,46.7,47.8,45.7,47.5,16736
2016-07-15 00:00:00,47.8,47.8,44.5,47.0,44951
2016-07-14 00:00:00,47.0,48.0,45.5,48.0,52299
2016-07-13 00:00:00,46.1,46.7,46.0,46.5,19772
2016-07-12 00:00:00,46.0,46.9,45.6,46.1,19116
2016-07-11 00:00:00,44.5,45.4,44.4,45.3,29881
2016-07-08 00:00:00,45.0,45.0,44.0,44.2,11289
2016-07-07 00:00:00,45.0,46.0,44.4,44.4,23870
2016-07-06 00:00:00,44.5,44.8,44.1,44.3,8247
2016-07-05 00:00:00,44.8,44.8,44.5,44.5,936
2016-07-04 00:00:00,44.0,44.9,44.0,44.8,14022
2016-07-01 00:00:00,45.0,45.0,44.3,44.4,14567
2016-06-30 00:00:00,44.8,44.9,44.0,44.6,10875
2016-06-29 00:00:00,44.9,44.9,43.7,44.5,4456
2016-06-28 00:00:00,43.1,45.1,43.1,44.6,6065
2016-06-27 00:00:00,43.5,45.2,43.0,44.6,189768
2016-06-24 00:00:00,,45.1,45.1,45.1,0
2016-06-23 00:00:00,44.5,45.7,44.5,45.1,100292
2016-06-22 00:00:00,44.1,44.5,43.8,44.1,20573
2016-06-21 00:00:00,43.5,44.1,43.5,44.1,191221
2016-06-20 00:00:00,41.7,43.9,41.7,43.9,21303
2016-06-17 00:00:00,41.2,43.5,41.2,43.5,18963
2016-06-16 00:00:00,42.0,42.2,41.2,41.2,40832
2016-06-15 00:00:00,42.9,42.9,41.9,42.0,51120
2016-06-14 00:00:00,43.5,43.9,41.6,41.8,145202
2016-06-13 00:00:00,44.0,44.0,43.5,43.6,16288
2016-06-10 00:00:00,44.0,44.7,43.6,44.7,37789
2016-06-09 00:00:00,45.0,45.0,43.8,43.9,21935
2016-06-08 00:00:00,43.4,44.1,43.4,44.0,7316
2016-06-07 00:00:00,43.8,44.0,43.6,43.6,10366
2016-06-06 00:00:00,,44.0,44.0,44.0,0
2016-06-03 00:00:00,44.0,44.2,43.8,44.0,22042
2016-06-02 00:00:00,44.0,44.0,43.7,43.8,12025
2016-06-01 00:00:00,44.0,44.4,43.8,43.9,6722
2016-05-31 00:00:00,44.5,44.5,43.8,44.1,11469
2016-05-30 00:00:00,43.6,44.5,43.6,44.5,8144
2016-05-27 00:00:00,43.2,44.2,43.2,43.8,230595
2016-05-26 00:00:00,44.1,44.2,43.7,43.9,6956
2016-05-25 00:00:00,44.6,44.6,43.8,44.0,3396
2016-05-24 00:00:00,44.0,44.0,43.6,44.0,13185
2016-05-23 00:00:00,44.2,44.2,43.4,43.9,40040
2016-05-20 00:00:00,43.7,44.4,43.7,44.3,5822
2016-05-19 00:00:00,44.4,44.5,44.0,44.3,4418
2016-05-18 00:00:00,43.7,44.4,43.7,44.4,29010
2016-05-17 00:00:00,44.0,44.3,43.8,44.1,10615
2016-05-16 00:00:00,44.8,44.8,43.8,44.1,34795
2016-05-13 00:00:00,45.0,45.0,43.7,43.8,9605
2016-05-12 00:00:00,43.5,44.4,43.2,44.2,28053
2016-05-11 00:00:00,43.9,43.9,43.3,43.5,5806
2016-05-10 00:00:00,44.3,44.4,43.9,44.0,17162
2016-05-09 00:00:00,45.8,45.8,43.9,44.3,75872
2016-05-06 00:00:00,44.8,46.2,44.2,45.9,18389
2016-05-05 00:00:00,44.9,44.9,44.5,44.8,3916
2016-05-04 00:00:00,44.9,44.9,44.5,44.8,3916
2016-05-03 00:00:00,45.9,45.9,44.1,44.9,217916
2016-05-02 00:00:00,45.2,46.6,44.0,45.9,43472
2016-04-29 00:00:00,45.5,45.5,44.4,44.8,36295
2016-04-28 00:00:00,46.6,46.6,43.1,46.1,198615
2016-04-27 00:00:00,46.3,47.2,44.9,46.6,353438
2016-04-26 00:00:00,45.0,45.4,44.7,45.4,59989
2016-04-25 00:00:00,44.5,44.9,44.2,44.9,18278
2016-04-22 00:00:00,44.3,44.7,44.0,44.7,15556
2016-04-21 00:00:00,44.3,44.7,44.1,44.1,327375
2016-04-20 00:00:00,44.4,44.4,44.0,44.1,219690
2016-04-19 00:00:00,44.3,44.4,43.3,44.4,11776
2016-04-18 00:00:00,43.9,44.2,42.5,43.9,230311
2016-04-15 00:00:00,44.0,44.3,42.5,44.3,37437
2016-04-14 00:00:00,44.5,44.5,43.8,44.0,21598
2016-04-13 00:00:00,44.5,44.5,43.9,44.3,16663
2016-04-12 00:00:00,44.0,44.5,43.9,44.5,662275
2016-04-11 00:00:00,44.0,44.6,43.9,43.9,10717
2016-04-08 00:00:00,44.5,44.5,43.1,44.4,18461
2016-04-07 00:00:00,44.3,44.4,43.6,44.3,32946
2016-04-06 00:00:00,43.1,44.5,43.1,43.9,27943
2016-04-05 00:00:00,43.9,43.9,43.2,43.5,10701
2016-04-04 00:00:00,44.5,44.5,43.5,44.0,45101
2016-04-01 00:00:00,44.5,44.5,43.8,44.2,52118
2016-03-31 00:00:00,44.6,44.6,43.8,44.5,22556
2016-03-30 00:00:00,44.0,44.6,43.7,44.0,159490
2016-03-29 00:00:00,43.2,44.4,43.0,44.0,84969
2016-03-28 00:00:00,42.6,43.7,42.9,42.9,29170
2016-03-25 00:00:00,42.6,43.7,42.5,42.9,29170
2016-03-24 00:00:00,42.6,43.7,42.5,42.9,29170
2016-03-23 00:00:00,42.5,42.6,42.4,42.5,20306
2016-03-22 00:00:00,43.9,43.9,42.0,42.6,116253
2016-03-21 00:00:00,44.8,44.8,42.0,42.0,50057
2016-03-18 00:00:00,42.8,43.0,42.8,43.0,8418
2016-03-17 00:00:00,42.3,43.0,42.0,42.8,69640
2016-03-16 00:00:00,42.5,42.5,41.7,42.2,26569
2016-03-15 00:00:00,41.5,42.2,41.1,41.1,47914
2016-03-14 00:00:00,42.0,42.3,41.5,41.9,39678
2016-03-11 00:00:00,42.0,42.0,41.6,42.0,63223
2016-03-10 00:00:00,41.8,41.9,41.3,41.7,38622
2016-03-09 00:00:00,41.1,41.9,40.9,41.2,31051
2016-03-08 00:00:00,41.7,41.7,41.3,41.3,296841
2016-03-07 00:00:00,41.1,41.8,40.1,41.8,68707
2016-03-04 00:00:00,40.8,41.3,40.6,40.8,709434
2016-03-03 00:00:00,41.7,41.7,40.8,40.8,27256
2016-03-02 00:00:00,41.0,41.7,40.6,41.1,39349
2016-03-01 00:00:00,39.4,40.9,39.0,40.4,56397
2016-02-29 00:00:00,38.3,39.7,38.1,39.4,117213
2016-02-26 00:00:00,38.3,38.3,37.9,38.0,25122
2016-02-25 00:00:00,37.5,38.2,37.5,38.0,34834
2016-02-24 00:00:00,38.0,38.4,37.6,37.6,34615
2016-02-23 00:00:00,38.6,38.6,38.0,38.1,29059
2016-02-22 00:00:00,38.2,38.8,38.0,38.8,37011
2016-02-19 00:00:00,38.0,38.3,38.0,38.1,41158
2016-02-18 00:00:00,38.5,38.6,37.5,38.0,76049
2016-02-17 00:00:00,38.6,38.6,37.8,38.0,17019
2016-02-16 00:00:00,38.0,38.5,37.6,37.6,41178
2016-02-15 00:00:00,37.9,38.5,37.4,38.0,28077
2016-02-12 00:00:00,37.1,38.1,37.0,37.9,43317
2016-02-11 00:00:00,38.0,38.4,36.2,37.2,175633
2016-02-10 00:00:00,36.1,37.6,36.0,37.5,20413
2016-02-09 00:00:00,36.6,36.6,35.0,36.1,24088
2016-02-08 00:00:00,37.5,37.5,36.4,36.6,28092
2016-02-05 00:00:00,37.5,37.9,37.4,37.4,35679
2016-02-04 00:00:00,37.4,37.9,37.3,37.3,11833
2016-02-03 00:00:00,36.8,37.8,36.8,37.4,19644
2016-02-02 00:00:00,37.0,37.4,37.0,37.1,10345
2016-02-01 00:00:00,37.0,37.6,37.0,37.5,17199
2016-01-29 00:00:00,37.9,37.9,36.5,37.4,13476
2016-01-28 00:00:00,37.0,37.0,36.4,36.8,82705
2016-01-27 00:00:00,37.2,37.2,36.8,36.8,64328
2016-01-26 00:00:00,37.1,37.7,37.1,37.2,10865
2016-01-25 00:00:00,37.9,38.1,37.1,37.3,13427
2016-01-22 00:00:00,37.8,37.9,37.5,37.9,6116
2016-01-21 00:00:00,37.5,37.5,36.9,37.3,39518
2016-01-20 00:00:00,37.1,37.7,37.0,37.6,33289
2016-01-19 00:00:00,37.2,38.3,36.9,38.1,28402
2016-01-18 00:00:00,37.5,38.0,37.4,38.0,215657
2016-01-15 00:00:00,38.0,38.4,37.5,38.0,1357706
2016-01-14 00:00:00,37.4,38.0,37.2,38.0,528656
2016-01-13 00:00:00,38.2,38.4,38.1,38.3,36351
2016-01-12 00:00:00,38.3,38.3,37.5,38.1,876680
2016-01-11 00:00:00,38.0,38.0,37.3,37.8,260111
2016-01-08 00:00:00,37.6,38.0,37.5,37.9,505642
2016-01-07 00:00:00,37.5,37.7,37.3,37.7,31381
2016-01-06 00:00:00,,38.0,38.0,38.0,0
2016-01-05 00:00:00,38.0,38.1,37.8,38.0,41365
2016-01-04 00:00:00,38.0,38.0,37.6,37.9,72092
2016-01-01 00:00:00,,38.0,38.0,38.0,0
2015-12-31 00:00:00,,38.0,38.0,38.0,0
2015-12-30 00:00:00,37.7,38.5,37.7,38.0,226733
2015-12-29 00:00:00,37.6,38.2,37.6,38.0,160499
2015-12-28 00:00:00,37.7,38.0,37.5,38.0,17646
2015-12-25 00:00:00,38.1,38.3,37.6,37.9,96206
2015-12-24 00:00:00,38.1,38.3,37.6,37.9,96206
2015-12-23 00:00:00,38.1,38.3,37.6,37.9,96206
2015-12-22 00:00:00,38.0,38.0,37.6,38.0,18745
2015-12-21 00:00:00,38.0,38.2,37.6,37.9,255184
2015-12-18 00:00:00,37.6,38.5,37.6,38.0,60869
2015-12-17 00:00:00,37.5,38.1,37.5,37.9,116445
2015-12-16 00:00:00,38.1,38.1,37.5,37.7,276477
2015-12-15 00:00:00,38.5,38.5,37.7,38.0,68680
2015-12-14 00:00:00,38.5,38.5,37.4,38.0,51657
2015-12-11 00:00:00,38.9,38.9,37.9,38.0,40137
2015-12-10 00:00:00,38.7,38.7,38.4,38.4,20297
2015-12-09 00:00:00,39.1,39.1,38.3,38.8,439445
2015-12-08 00:00:00,39.5,39.5,37.7,38.7,127312
2015-12-07 00:00:00,39.5,39.7,38.8,39.4,464173
2015-12-04 00:00:00,39.1,39.1,38.7,39.0,73624
2015-12-03 00:00:00,39.4,39.7,38.9,39.0,78253
2015-12-02 00:00:00,38.5,39.9,38.5,39.2,51179
2015-12-01 00:00:00,38.4,38.5,38.2,38.5,110769
2015-11-30 00:00:00,38.4,38.5,38.1,38.4,254937
2015-11-27 00:00:00,38.4,38.4,38.3,38.4,77229
2015-11-26 00:00:00,38.4,38.5,38.0,38.4,57995
2015-11-25 00:00:00,38.3,38.3,37.7,38.3,31292
2015-11-24 00:00:00,38.0,38.2,37.8,38.2,32378
2015-11-23 00:00:00,38.3,38.3,38.0,38.3,139175
2015-11-20 00:00:00,38.0,38.3,37.8,38.3,58167
2015-11-19 00:00:00,38.0,38.5,37.9,38.2,33834
2015-11-18 00:00:00,38.5,38.5,37.9,38.5,26934
2015-11-17 00:00:00,38.1,38.5,38.1,38.5,10919
2015-11-16 00:00:00,38.5,38.5,37.9,38.0,21743
2015-11-13 00:00:00,38.0,38.3,37.5,38.3,25163
2015-11-12 00:00:00,38.3,38.3,37.7,38.1,34036
2015-11-11 00:00:00,38.5,38.5,38.0,38.3,68066
2015-11-10 00:00:00,38.7,38.7,37.8,38.5,90504
2015-11-09 00:00:00,39.0,39.0,38.3,38.7,177926
2015-11-06 00:00:00,38.5,38.7,38.4,38.7,40617
2015-11-05 00:00:00,38.6,38.9,38.0,38.3,5709966
2015-11-04 00:00:00,39.0,39.0,38.0,38.2,80915
2015-11-03 00:00:00,37.5,38.7,37.1,37.5,191364
2015-11-02 00:00:00,37.1,37.3,36.3,37.3,374636
2015-10-30 00:00:00,36.5,37.0,36.4,37.0,18862
2015-10-29 00:00:00,36.9,36.9,36.3,36.9,11178
2015-10-28 00:00:00,36.5,36.8,36.5,36.7,18806
2015-10-27 00:00:00,36.5,36.5,36.0,36.4,3263
2015-10-26 00:00:00,36.8,36.8,36.0,36.4,47008
2015-10-23 00:00:00,36.7,36.9,36.2,36.7,30014
2015-10-22 00:00:00,35.5,36.5,35.5,36.5,29837
2015-10-21 00:00:00,35.9,36.3,35.9,36.0,532922
2015-10-20 00:00:00,36.3,36.3,35.9,35.9,5580
2015-10-19 00:00:00,36.3,36.3,35.9,36.3,7627
2015-10-16 00:00:00,36.0,36.5,35.6,36.3,28050
2015-10-15 00:00:00,35.2,36.2,35.2,36.2,17427
2015-10-14 00:00:00,35.1,35.4,35.0,35.2,7000
2015-10-13 00:00:00,35.0,35.3,34.8,35.1,4746
2015-10-12 00:00:00,35.5,35.5,34.9,35.5,5587
2015-10-09 00:00:00,35.4,35.9,34.7,35.5,30641
2015-10-08 00:00:00,35.2,35.7,35.2,35.5,7391
2015-10-07 00:00:00,35.5,35.5,34.9,35.2,5515
2015-10-06 00:00:00,35.3,35.8,34.2,35.4,27709
2015-10-05 00:00:00,35.0,35.3,34.6,35.3,17220
2015-10-02 00:00:00,34.7,35.0,34.5,34.8,36034
2015-10-01 00:00:00,34.7,34.7,34.3,34.3,8387
2015-09-30 00:00:00,34.5,34.7,33.8,34.7,64864
2015-09-29 00:00:00,33.7,34.6,33.7,34.4,20846
2015-09-28 00:00:00,34.0,34.5,33.6,34.0,73046
2015-09-25 00:00:00,34.4,34.5,34.1,34.1,52265
2015-09-24 00:00:00,34.3,34.4,34.1,34.4,8015
2015-09-23 00:00:00,34.0,34.4,34.0,34.3,6950
2015-09-22 00:00:00,34.4,34.4,34.0,34.0,7603
2015-09-21 00:00:00,33.7,34.4,33.7,34.4,3352
2015-09-18 00:00:00,34.4,34.5,34.0,34.0,11448
2015-09-17 00:00:00,34.3,34.8,34.3,34.5,5749
2015-09-16 00:00:00,34.9,35.0,34.3,34.3,2568
2015-09-15 00:00:00,34.4,34.5,33.8,34.5,28108
2015-09-14 00:00:00,34.8,35.6,34.5,34.8,32908
2015-09-11 00:00:00,35.0,35.0,34.6,34.8,19340
2015-09-10 00:00:00,34.5,35.2,34.5,34.7,53287
2015-09-09 00:00:00,34.8,35.4,34.5,34.8,69454
2015-09-08 00:00:00,34.2,34.7,33.7,34.5,153085
2015-09-07 00:00:00,34.7,34.7,34.1,34.1,28040
2015-09-04 00:00:00,34.6,34.7,34.3,34.3,66818
2015-09-03 00:00:00,34.0,34.7,34.0,34.3,14110
2015-09-02 00:00:00,34.1,34.5,33.5,34.0,25960
2015-09-01 00:00:00,34.2,34.2,33.6,33.7,117714
2015-08-31 00:00:00,35.1,35.1,33.9,34.3,34294
2015-08-28 00:00:00,33.9,34.4,33.9,33.9,10166
2015-08-27 00:00:00,34.1,34.8,33.7,33.8,32787
2015-08-26 00:00:00,35.1,35.1,33.2,33.2,16478
2015-08-25 00:00:00,34.0,35.9,33.7,34.0,81107
2015-08-24 00:00:00,33.5,33.5,31.1,33.0,43221
2015-08-21 00:00:00,33.9,34.4,33.7,33.8,17889
2015-08-20 00:00:00,34.8,34.8,33.6,34.1,9201
2015-08-19 00:00:00,35.5,35.5,34.9,34.9,23306
2015-08-18 00:00:00,35.9,35.9,34.9,35.3,181781
2015-08-17 00:00:00,35.9,35.9,35.2,35.6,8669
2015-08-14 00:00:00,35.8,36.3,35.4,35.7,86531
2015-08-13 00:00:00,36.0,36.2,35.8,35.8,7154
2015-08-12 00:00:00,35.6,36.0,35.5,35.8,3311
2015-08-11 00:00:00,36.2,36.4,35.6,35.8,16444
2015-08-10 00:00:00,35.6,36.5,35.4,36.1,7166
2015-08-07 00:00:00,36.0,36.4,35.5,35.5,3827
2015-08-06 00:00:00,37.0,37.0,35.6,35.9,25169
2015-08-05 00:00:00,37.0,37.0,36.8,36.8,6010
2015-08-04 00:00:00,36.5,37.0,36.5,36.8,2926
2015-08-03 00:00:00,36.5,37.2,36.5,36.5,5304
2015-07-31 00:00:00,35.5,36.6,35.5,36.3,10296
2015-07-30 00:00:00,35.4,36.4,35.4,35.6,8302
2015-07-29 00:00:00,35.4,36.4,35.4,35.5,3922
2015-07-28 00:00:00,36.9,36.9,35.4,35.5,5756
2015-07-27 00:00:00,35.8,35.8,35.0,35.0,28110
2015-07-24 00:00:00,36.0,36.3,35.8,35.9,22992
2015-07-23 00:00:00,36.2,36.4,36.0,36.0,5599
2015-07-22 00:00:00,36.6,36.6,36.0,36.0,5513
2015-07-21 00:00:00,36.4,37.0,36.4,36.6,2604
2015-07-20 00:00:00,37.1,37.1,36.0,36.4,12482
2015-07-17 00:00:00,37.4,37.5,36.7,36.8,8218
2015-07-16 00:00:00,36.4,37.5,36.4,36.8,12448
2015-07-15 00:00:00,36.0,36.9,36.0,36.2,34145
2015-07-14 00:00:00,36.5,36.5,36.0,36.0,5348
2015-07-13 00:00:00,36.3,37.0,35.0,36.6,10426
2015-07-10 00:00:00,36.4,36.4,36.1,36.2,12494
2015-07-09 00:00:00,36.1,36.3,35.8,36.0,8113
2015-07-08 00:00:00,35.8,36.3,35.0,35.8,12989
2015-07-07 00:00:00,35.2,36.5,35.2,35.8,31779
2015-07-06 00:00:00,35.1,35.4,34.9,35.2,10177
2015-07-03 00:00:00,35.1,35.4,35.1,35.4,50303
2015-07-02 00:00:00,36.0,36.0,34.6,34.6,2626
2015-07-01 00:00:00,34.8,35.4,34.8,35.0,3769
2015-06-30 00:00:00,34.0,34.5,33.7,34.2,8590
2015-06-29 00:00:00,34.5,34.9,33.4,34.6,19421
2015-06-26 00:00:00,36.0,36.1,34.6,35.0,33239
2015-06-25 00:00:00,35.5,36.0,35.5,36.0,4691
2015-06-24 00:00:00,36.4,36.4,34.8,36.0,20859
2015-06-23 00:00:00,36.5,36.5,35.0,36.4,8982
2015-06-22 00:00:00,36.8,37.0,35.8,36.1,30992
2015-06-19 00:00:00,,36.6,36.6,36.6,0
2015-06-18 00:00:00,34.5,36.6,33.5,36.6,167464
2015-06-17 00:00:00,35.0,35.0,33.5,34.5,30514
2015-06-16 00:00:00,34.0,35.0,33.3,34.5,15706
2015-06-15 00:00:00,34.6,34.6,33.3,34.0,97148
2015-06-12 00:00:00,35.0,35.0,34.0,34.9,20962
2015-06-11 00:00:00,34.5,35.5,34.5,35.2,22412
2015-06-10 00:00:00,34.4,34.5,34.2,34.5,11758
2015-06-09 00:00:00,34.1,34.4,33.3,34.4,369478
2015-06-08 00:00:00,34.1,34.2,33.7,34.2,68301
2015-06-05 00:00:00,34.7,34.7,34.1,34.1,11711
2015-06-04 00:00:00,35.0,35.4,34.6,34.7,54812
2015-06-03 00:00:00,34.5,35.2,34.5,35.2,45152
2015-06-02 00:00:00,35.0,35.1,34.5,34.5,39176
2015-06-01 00:00:00,34.7,35.3,34.7,35.2,177447
2015-05-29 00:00:00,35.8,35.8,34.5,34.5,132043
2015-05-28 00:00:00,36.2,36.2,35.5,35.7,9658
2015-05-27 00:00:00,36.2,36.4,35.1,36.1,35822
2015-05-26 00:00:00,36.1,36.4,35.7,36.0,19782
2015-05-25 00:00:00,35.6,36.2,35.6,36.2,133331
2015-05-22 00:00:00,36.6,36.9,35.6,35.6,58117
2015-05-21 00:00:00,36.8,37.0,36.5,36.6,11628
2015-05-20 00:00:00,37.0,37.0,36.4,36.9,13254
2015-05-19 00:00:00,36.5,37.5,36.4,36.8,45695
2015-05-18 00:00:00,38.0,38.0,36.4,36.5,24815
2015-05-15 00:00:00,37.9,37.9,37.0,37.8,23668
2015-05-14 00:00:00,35.5,36.4,35.5,36.3,4834
2015-05-13 00:00:00,35.5,36.4,35.5,36.3,4834
2015-05-12 00:00:00,36.6,36.7,36.0,36.3,288145
2015-05-11 00:00:00,36.1,37.0,36.1,36.7,57068
2015-05-08 00:00:00,36.2,36.2,35.0,36.0,36745
2015-05-07 00:00:00,35.7,37.5,34.5,36.1,175152
2015-05-06 00:00:00,35.3,36.8,35.3,36.0,490031
2015-05-05 00:00:00,37.0,37.0,35.0,35.0,59199
2015-05-04 00:00:00,37.6,37.6,36.8,37.0,55785
2015-05-01 00:00:00,37.2,37.2,36.5,37.0,44828
2015-04-30 00:00:00,37.2,37.2,36.5,37.0,44828
2015-04-29 00:00:00,39.4,39.4,37.2,37.5,76068
2015-04-28 00:00:00,40.1,40.1,38.9,39.4,30069
2015-04-27 00:00:00,39.6,39.7,38.9,39.5,49281
2015-04-24 00:00:00,39.4,39.5,38.6,39.5,26436
2015-04-23 00:00:00,39.6,39.6,38.9,39.4,16898
2015-04-22 00:00:00,39.5,39.6,39.0,39.6,4246
2015-04-21 00:00:00,38.3,39.6,38.3,39.5,19309
2015-04-20 00:00:00,39.5,39.5,38.7,39.3,18727
2015-04-17 00:00:00,39.2,39.6,38.3,39.4,38282
2015-04-16 00:00:00,39.0,39.2,38.8,39.2,19256
2015-04-15 00:00:00,39.0,39.3,38.6,39.1,254804
2015-04-14 00:00:00,38.2,39.8,38.2,38.8,56448
2015-04-13 00:00:00,39.3,39.4,38.0,39.1,23129
2015-04-10 00:00:00,39.1,39.6,39.1,39.5,32093
2015-04-09 00:00:00,40.6,40.6,39.3,39.9,2100
2015-04-08 00:00:00,39.8,40.2,39.0,39.7,43562
2015-04-07 00:00:00,39.3,39.9,39.2,39.8,43372
2015-04-02 00:00:00,39.2,39.2,38.4,38.9,4805
2015-04-01 00:00:00,39.0,39.3,38.0,39.2,83361
2015-03-31 00:00:00,39.2,39.3,39.0,39.0,25719
2015-03-30 00:00:00,38.4,39.5,38.4,39.2,52801
2015-03-27 00:00:00,38.1,39.0,37.7,38.5,18766
2015-03-26 00:00:00,39.2,39.2,38.0,38.4,25507
2015-03-25 00:00:00,38.9,39.4,38.9,39.4,9744
2015-03-24 00:00:00,38.8,39.3,38.5,39.0,39586
2015-03-23 00:00:00,38.0,39.1,38.0,38.8,10500
2015-03-20 00:00:00,39.6,39.6,37.7,39.1,53707
2015-03-19 00:00:00,38.8,39.4,38.7,39.2,73999
2015-03-18 00:00:00,38.6,38.6,37.5,38.1,164716
2015-03-17 00:00:00,38.0,38.0,37.0,37.5,41203
2015-03-16 00:00:00,37.0,39.0,37.0,37.8,113450
2015-03-13 00:00:00,36.3,37.5,36.3,37.0,63380
2015-03-12 00:00:00,36.8,37.3,36.3,36.3,87346
2015-03-11 00:00:00,37.1,38.0,37.0,37.5,213478
2015-03-10 00:00:00,37.8,38.0,36.5,37.3,25060
2015-03-09 00:00:00,38.4,38.4,37.3,37.9,49772
2015-03-06 00:00:00,39.2,39.2,38.5,38.7,22342
2015-03-05 00:00:00,40.3,40.3,38.4,39.2,44123
2015-03-04 00:00:00,40.0,40.0,38.6,39.4,30436
2015-03-03 00:00:00,41.5,41.5,38.4,39.9,50381
2015-03-02 00:00:00,41.9,41.9,40.0,40.7,40970
2015-02-27 00:00:00,41.4,41.4,40.3,40.8,42219
2015-02-26 00:00:00,42.1,42.2,40.3,41.3,39099
2015-02-25 00:00:00,42.5,42.5,41.3,41.3,63277
2015-02-24 00:00:00,42.0,42.5,41.5,41.5,124713
2015-02-23 00:00:00,41.0,41.9,41.0,41.8,137127
2015-02-20 00:00:00,40.3,41.0,40.0,40.9,104726
2015-02-19 00:00:00,39.5,40.9,39.5,40.2,255122
2015-02-18 00:00:00,37.8,39.4,37.8,38.6,62186
2015-02-17 00:00:00,37.5,37.8,37.5,37.6,22880
2015-02-16 00:00:00,38.1,38.1,37.2,37.6,19769
2015-02-13 00:00:00,37.6,38.0,37.1,37.4,32018
2015-02-12 00:00:00,37.0,37.7,36.5,37.4,164927
2015-02-11 00:00:00,36.0,36.8,36.0,36.4,22053
2015-02-10 00:00:00,36.3,36.9,36.0,36.1,76625
2015-02-09 00:00:00,37.1,37.2,36.0,36.3,49778
2015-02-06 00:00:00,37.9,37.9,37.0,37.1,12402
2015-02-05 00:00:00,36.7,37.8,36.3,37.5,52639
2015-02-04 00:00:00,37.0,37.0,36.5,36.8,12413
2015-02-03 00:00:00,35.9,36.8,35.8,36.8,325559
2015-02-02 00:00:00,35.5,35.7,35.5,35.7,21410
2015-01-30 00:00:00,35.6,36.0,35.5,35.7,23771
2015-01-29 00:00:00,35.5,36.0,35.5,35.8,52082
2015-01-28 00:00:00,36.0,36.0,35.2,35.9,74511
2015-01-27 00:00:00,36.0,36.0,35.8,36.0,9813
2015-01-26 00:00:00,35.8,36.0,35.3,35.8,35451
2015-01-23 00:00:00,35.3,36.0,35.2,35.9,212142
2015-01-22 00:00:00,35.5,36.0,35.1,35.4,335970
2015-01-21 00:00:00,35.6,35.6,35.1,35.4,5536
2015-01-20 00:00:00,35.5,35.5,35.0,35.5,12590
2015-01-19 00:00:00,36.0,36.3,35.4,35.6,41266
2015-01-16 00:00:00,35.5,35.6,35.0,35.6,12833
2015-01-15 00:00:00,35.5,35.6,35.4,35.5,40985
2015-01-14 00:00:00,35.0,35.5,34.6,35.5,16510
2015-01-13 00:00:00,35.5,35.6,35.0,35.5,21776
2015-01-12 00:00:00,34.8,35.9,34.2,35.5,60401
2015-01-09 00:00:00,34.2,34.2,33.5,34.0,16323
2015-01-08 00:00:00,33.6,34.8,33.3,34.3,141256
2015-01-07 00:00:00,32.4,33.4,32.4,33.3,10492
2015-01-06 00:00:00,,33.3,33.3,33.3,0
2015-01-05 00:00:00,33.0,33.3,32.8,33.3,7314
2015-01-02 00:00:00,33.5,33.5,33.0,33.0,54576
2015-01-01 00:00:00,33.4,33.5,32.5,33.5,18538
2014-12-30 00:00:00,33.4,33.5,32.5,33.5,18538
2014-12-29 00:00:00,33.0,33.4,32.9,33.4,38156
2014-12-23 00:00:00,33.0,33.2,32.9,33.0,44664
2014-12-22 00:00:00,33.0,33.0,32.4,32.9,28397
2014-12-19 00:00:00,32.3,33.0,32.3,33.0,50231
2014-12-18 00:00:00,32.3,32.8,31.4,32.8,44196
2014-12-17 00:00:00,32.6,32.6,31.5,32.3,17596
2014-12-16 00:00:00,32.8,32.8,31.8,32.4,23819
2014-12-15 00:00:00,33.0,33.0,32.3,32.8,33019
2014-12-12 00:00:00,32.3,32.8,32.3,32.7,6629
2014-12-11 00:00:00,33.0,33.0,32.1,33.0,18991
2014-12-10 00:00:00,33.0,33.1,32.5,33.0,85627
2014-12-09 00:00:00,33.4,33.4,32.7,33.0,482071
2014-12-08 00:00:00,33.0,33.1,32.5,33.0,28799
2014-12-05 00:00:00,32.7,32.9,32.5,32.5,7529
2014-12-04 00:00:00,32.8,33.5,32.6,33.0,143483
2014-12-03 00:00:00,32.0,33.3,32.0,33.3,214327
2014-12-02 00:00:00,31.8,32.0,31.6,31.8,3561869
2014-12-01 00:00:00,30.7,32.1,30.7,32.0,49675
2014-11-28 00:00:00,31.0,31.5,31.0,31.5,294399
2014-11-27 00:00:00,30.7,31.2,30.4,31.2,1006804
2014-11-26 00:00:00,31.1,31.1,30.5,30.8,9656
2014-11-25 00:00:00,31.3,31.3,30.6,31.1,534927
2014-11-24 00:00:00,31.1,31.1,30.6,31.0,138889
2014-11-21 00:00:00,30.0,30.7,30.0,30.5,30361
2014-11-20 00:00:00,30.1,30.2,30.0,30.0,16981
2014-11-19 00:00:00,30.3,30.5,30.1,30.2,416170
2014-11-18 00:00:00,30.5,30.5,29.8,30.2,213833
2014-11-17 00:00:00,30.5,30.5,30.1,30.3,29620
2014-11-14 00:00:00,30.5,30.6,30.2,30.4,112757
2014-11-13 00:00:00,30.6,30.6,30.3,30.3,29837
2014-11-12 00:00:00,30.5,30.7,30.0,30.6,15152
2014-11-11 00:00:00,30.9,31.0,30.5,30.5,128581
2014-11-10 00:00:00,30.1,30.9,30.1,30.8,16158
2014-11-07 00:00:00,30.5,31.0,30.5,30.8,28141
2014-11-06 00:00:00,30.0,31.0,30.0,30.5,461902
2014-11-05 00:00:00,29.7,29.9,29.3,29.9,177837
2014-11-04 00:00:00,29.9,29.9,29.7,29.7,30187
2014-11-03 00:00:00,29.8,29.8,29.5,29.6,146212
2014-10-31 00:00:00,29.5,29.8,29.5,29.8,11567
2014-10-30 00:00:00,29.5,29.5,29.2,29.4,22769
2014-10-29 00:00:00,29.1,29.7,29.1,29.5,22240
2014-10-28 00:00:00,29.1,29.6,28.8,29.4,50178
2014-10-24 00:00:00,29.5,29.5,28.7,29.0,13390
2014-10-23 00:00:00,28.4,29.1,27.7,28.9,12511
2014-10-22 00:00:00,28.7,29.2,28.3,28.4,224616
2014-10-21 00:00:00,28.0,29.3,28.0,28.7,12006
2014-10-20 00:00:00,28.5,28.5,27.7,27.9,7472
2014-10-17 00:00:00,28.1,28.2,27.8,27.9,29101
2014-10-16 00:00:00,28.4,28.4,27.1,27.7,27124
2014-10-15 00:00:00,28.0,28.2,27.5,28.2,53510
2014-10-14 00:00:00,27.5,28.2,27.5,27.9,22777
2014-10-13 00:00:00,28.0,28.4,27.5,27.9,116759
2014-10-10 00:00:00,28.8,28.8,28.1,28.4,19948
2014-10-09 00:00:00,29.0,29.3,28.8,29.0,45651
2014-10-08 00:00:00,29.0,29.0,28.6,29.0,28758
2014-10-07 00:00:00,29.8,29.8,28.8,28.9,28485
2014-10-06 00:00:00,29.8,29.8,29.4,29.7,9316
2014-10-03 00:00:00,29.5,29.9,29.5,29.5,16895
2014-10-02 00:00:00,30.0,30.0,29.5,29.8,12117
2014-10-01 00:00:00,30.0,30.1,29.7,29.9,13818
2014-09-30 00:00:00,30.0,30.0,29.6,30.0,20892
2014-09-29 00:00:00,30.0,30.1,29.9,29.9,39399
2014-09-26 00:00:00,29.6,29.9,29.5,29.8,38903
2014-09-25 00:00:00,29.6,29.7,29.5,29.5,24418
2014-09-24 00:00:00,29.8,29.8,29.3,29.7,20495
2014-09-23 00:00:00,29.7,29.7,29.4,29.7,24932
2014-09-22 00:00:00,30.0,30.0,29.7,29.9,15629
2014-09-19 00:00:00,29.9,30.0,29.6,30.0,17582
2014-09-18 00:00:00,30.0,30.0,29.4,29.8,14459
2014-09-17 00:00:00,29.5,29.9,29.5,29.9,25111
2014-09-16 00:00:00,29.5,29.9,29.4,29.5,16897
2014-09-15 00:00:00,29.5,30.1,29.5,30.0,5477
2014-09-12 00:00:00,29.9,30.1,29.7,30.1,3877
2014-09-11 00:00:00,29.8,30.0,29.7,30.0,5574
2014-09-10 00:00:00,29.6,30.0,29.6,29.7,7683
2014-09-09 00:00:00,30.0,30.3,29.8,29.8,18322
2014-09-08 00:00:00,30.7,30.7,29.6,30.0,21565
2014-09-05 00:00:00,30.7,30.7,29.6,30.1,10442
2014-09-04 00:00:00,29.7,30.2,29.7,30.1,79944
2014-09-03 00:00:00,29.5,30.1,29.5,30.0,67113
2014-09-02 00:00:00,30.0,30.0,29.7,29.9,6400
2014-09-01 00:00:00,30.0,30.0,29.8,30.0,4602
2014-08-29 00:00:00,30.0,30.0,29.8,30.0,23345
2014-08-28 00:00:00,30.0,30.1,29.6,29.9,17627
2014-08-27 00:00:00,30.0,30.0,29.8,30.0,8730
2014-08-26 00:00:00,29.8,30.0,29.8,30.0,11694
2014-08-25 00:00:00,30.0,30.0,29.6,29.6,14126
2014-08-22 00:00:00,30.0,30.1,29.6,29.8,96855
2014-08-21 00:00:00,30.1,30.2,30.0,30.1,2885
2014-08-20 00:00:00,30.0,30.1,29.9,30.1,11006
2014-08-19 00:00:00,30.9,30.9,30.0,30.1,20201
2014-08-18 00:00:00,30.8,30.8,29.9,30.5,20357
2014-08-15 00:00:00,30.4,30.4,30.0,30.4,10270
2014-08-14 00:00:00,30.2,30.5,29.9,30.4,7985
2014-08-13 00:00:00,30.5,30.5,30.0,30.4,19764
2014-08-12 00:00:00,30.3,30.9,29.7,30.5,24800
2014-08-11 00:00:00,29.5,30.2,29.0,29.9,32426
2014-08-08 00:00:00,29.0,30.0,28.9,29.9,26053
2014-08-07 00:00:00,29.3,30.0,29.3,29.6,21580
2014-08-06 00:00:00,30.7,30.7,29.5,29.8,22395
2014-08-05 00:00:00,31.0,31.0,30.8,30.8,2084
2014-08-04 00:00:00,31.0,31.4,30.8,31.0,10440
2014-08-01 00:00:00,31.1,31.7,31.0,31.0,26727
2014-07-31 00:00:00,31.8,32.0,31.1,32.0,21899
2014-07-30 00:00:00,31.3,31.8,31.3,31.8,5184
2014-07-29 00:00:00,31.8,31.8,31.1,31.8,10225
2014-07-28 00:00:00,31.3,32.0,31.3,31.8,12260
2014-07-25 00:00:00,32.0,32.0,31.5,32.0,27789
2014-07-24 00:00:00,30.2,31.8,30.2,31.8,6562
2014-07-23 00:00:00,31.4,31.7,31.1,31.1,6278
2014-07-22 00:00:00,31.1,31.7,31.1,31.6,8805
2014-07-21 00:00:00,32.0,32.0,31.0,31.5,16247
2014-07-18 00:00:00,31.8,31.8,30.7,31.8,20523
2014-07-17 00:00:00,31.5,32.0,31.4,32.0,1819
2014-07-16 00:00:00,31.8,32.0,31.3,31.9,10183
2014-07-15 00:00:00,31.5,31.8,31.2,31.8,15606
2014-07-14 00:00:00,32.1,32.1,31.4,31.6,17426
2014-07-11 00:00:00,31.6,32.0,31.5,32.0,5856
2014-07-10 00:00:00,32.0,32.1,31.1,32.1,18198
2014-07-09 00:00:00,31.5,32.0,31.5,31.7,980329
2014-07-08 00:00:00,32.0,32.5,31.1,31.5,40588
2014-07-07 00:00:00,32.0,32.1,31.8,32.0,16277
2014-07-04 00:00:00,32.0,32.3,31.2,32.0,44178
2014-07-03 00:00:00,32.0,32.3,31.0,31.7,442723
2014-07-02 00:00:00,30.4,32.0,30.4,31.4,219413
2014-07-01 00:00:00,29.6,29.9,29.3,29.9,29746
2014-06-30 00:00:00,29.7,30.1,29.3,30.1,44935
2014-06-27 00:00:00,29.4,29.5,29.1,29.5,52422
2014-06-26 00:00:00,29.2,29.5,29.2,29.4,22592
2014-06-25 00:00:00,29.5,29.5,29.1,29.2,42939
2014-06-24 00:00:00,29.4,29.5,29.1,29.5,39564
2014-06-23 00:00:00,29.1,29.6,29.1,29.4,49846
2014-06-20 00:00:00,,26.6,26.6,26.6,0
2014-06-19 00:00:00,29.7,30.0,26.6,26.6,100048
2014-06-18 00:00:00,29.7,29.8,29.5,29.8,43353
2014-06-17 00:00:00,29.9,29.9,29.5,29.9,46272
2014-06-16 00:00:00,30.9,30.9,29.6,29.9,46742
2014-06-13 00:00:00,31.0,31.0,30.4,30.9,44623
2014-06-12 00:00:00,30.4,31.0,30.4,31.0,114707
2014-06-11 00:00:00,30.8,30.9,30.4,30.4,26037
2014-06-10 00:00:00,30.7,30.8,30.5,30.8,34149
2014-06-09 00:00:00,30.5,30.7,30.3,30.7,64663
2014-06-06 00:00:00,,30.4,30.4,30.4,0
2014-06-05 00:00:00,30.5,30.5,30.2,30.4,12374
2014-06-04 00:00:00,30.1,30.5,30.1,30.5,13014
2014-06-03 00:00:00,30.2,30.6,30.2,30.4,20582
2014-06-02 00:00:00,30.5,30.6,30.3,30.5,34404
2014-05-30 00:00:00,30.4,30.5,30.2,30.5,20964
2014-05-28 00:00:00,30.4,30.5,30.2,30.4,10969
2014-05-27 00:00:00,30.0,30.5,30.0,30.5,19441
2014-05-26 00:00:00,30.3,30.3,29.9,30.3,32031
2014-05-23 00:00:00,30.4,30.4,30.2,30.4,674
2014-05-22 00:00:00,30.8,30.8,30.4,30.4,27734
2014-05-21 00:00:00,30.2,30.5,30.2,30.5,23350
2014-05-20 00:00:00,30.2,30.5,30.0,30.5,17476
2014-05-19 00:00:00,30.2,30.7,30.1,30.7,10201
2014-05-16 00:00:00,30.3,30.5,30.1,30.5,31400
2014-05-15 00:00:00,30.1,30.7,30.1,30.7,38477
2014-05-14 00:00:00,30.9,30.9,30.1,30.7,51279
2014-05-13 00:00:00,30.8,30.9,30.5,30.9,46148
2014-05-12 00:00:00,30.5,30.7,30.5,30.7,54654
2014-05-09 00:00:00,30.5,31.0,30.1,30.1,83698
2014-05-08 00:00:00,30.1,30.6,30.1,30.5,29360
2014-05-07 00:00:00,30.2,30.4,30.1,30.2,16238
2014-05-06 00:00:00,30.1,30.2,29.8,30.2,34921
2014-05-05 00:00:00,30.1,30.1,29.9,30.1,30675
2014-05-02 00:00:00,30.0,30.1,29.8,30.1,26029
2014-05-01 00:00:00,,30.1,30.1,30.1,0
2014-04-30 00:00:00,30.0,30.1,29.7,30.1,17023
2014-04-29 00:00:00,30.0,30.0,29.8,30.0,20807
2014-04-28 00:00:00,30.0,30.2,29.7,30.0,69668
2014-04-25 00:00:00,29.9,30.2,29.7,30.2,98656
2014-04-24 00:00:00,30.0,30.8,29.6,30.8,52826
2014-04-23 00:00:00,29.8,30.3,29.7,30.2,50968
2014-04-22 00:00:00,30.0,30.3,29.6,30.2,55710
2014-04-17 00:00:00,29.6,30.1,29.6,30.1,1923
2014-04-16 00:00:00,30.3,30.3,29.5,30.1,8582
2014-04-15 00:00:00,29.6,30.3,29.5,30.3,24839
2014-04-14 00:00:00,29.5,29.9,29.4,29.9,16306
2014-04-11 00:00:00,29.8,30.1,29.5,29.5,47716
2014-04-10 00:00:00,29.9,30.2,29.8,29.8,37786
2014-04-09 00:00:00,29.9,30.0,29.8,29.9,60403
2014-04-08 00:00:00,29.9,29.9,29.5,29.5,31684
2014-04-07 00:00:00,30.2,30.2,29.7,29.9,9885
2014-04-04 00:00:00,29.6,30.0,29.1,29.9,92463
2014-04-03 00:00:00,29.9,30.0,29.6,29.7,29370
2014-04-02 00:00:00,29.6,29.9,29.6,29.9,27418
2014-04-01 00:00:00,30.0,30.0,29.6,29.9,26094
2014-03-31 00:00:00,29.2,30.0,29.0,30.0,41427
2014-03-28 00:00:00,29.9,29.9,29.0,29.3,126938
2014-03-27 00:00:00,30.0,30.0,29.5,29.8,16385
2014-03-26 00:00:00,30.1,30.1,29.6,29.6,16198
2014-03-25 00:00:00,29.8,30.0,29.6,30.0,28329
2014-03-24 00:00:00,30.0,30.0,29.7,29.9,6475
2014-03-21 00:00:00,29.8,30.2,29.7,30.0,54436
2014-03-20 00:00:00,30.3,30.3,29.9,29.9,12289
2014-03-19 00:00:00,30.5,30.5,30.0,30.3,15127
2014-03-18 00:00:00,30.1,30.3,29.9,30.1,16362
2014-03-17 00:00:00,30.5,30.5,29.9,30.1,692866
2014-03-14 00:00:00,30.6,30.6,29.7,30.1,47982
2014-03-13 00:00:00,30.5,30.5,29.8,30.4,31186
2014-03-12 00:00:00,30.3,30.8,30.2,30.5,16694
2014-03-11 00:00:00,30.7,30.8,30.3,30.3,29415
2014-03-10 00:00:00,30.8,30.8,30.5,30.8,296950
2014-03-07 00:00:00,30.9,30.9,30.5,30.5,25504
2014-03-06 00:00:00,31.2,31.2,30.4,30.4,53644
2014-03-05 00:00:00,31.0,31.3,30.5,31.2,50185
2014-03-04 00:00:00,30.2,30.8,30.2,30.6,41694
2014-03-03 00:00:00,30.0,30.5,29.9,30.2,82137
2014-02-28 00:00:00,30.1,30.8,30.0,30.8,77817
2014-02-27 00:00:00,30.2,30.2,29.9,30.0,33563
2014-02-26 00:00:00,30.3,30.3,30.0,30.2,212742
2014-02-25 00:00:00,30.0,30.3,30.0,30.1,346686
2014-02-24 00:00:00,30.3,30.3,30.0,30.0,255097
2014-02-21 00:00:00,29.8,30.3,29.8,30.1,85211
2014-02-20 00:00:00,29.6,30.0,29.6,30.0,55990
2014-02-19 00:00:00,29.9,30.0,29.6,30.0,236038
2014-02-18 00:00:00,29.8,30.2,29.6,29.8,559933
2014-02-17 00:00:00,29.5,29.7,29.3,29.6,104036
2014-02-14 00:00:00,29.6,29.7,29.3,29.5,44014
2014-02-13 00:00:00,29.9,29.9,28.9,29.2,364609
2014-02-12 00:00:00,30.0,30.0,29.6,29.9,1029903
2014-02-11 00:00:00,28.8,29.5,28.7,29.5,307039
2014-02-10 00:00:00,28.5,28.9,28.2,28.8,61495
2014-02-07 00:00:00,28.3,28.7,28.2,28.6,54021
2014-02-06 00:00:00,28.6,28.7,28.2,28.5,28835
2014-02-05 00:00:00,28.4,28.4,28.1,28.4,115584
2014-02-04 00:00:00,28.8,28.8,28.2,28.4,56630
2014-02-03 00:00:00,28.5,28.9,28.1,28.8,36956
2014-01-31 00:00:00,28.5,28.9,28.3,28.9,363225
2014-01-30 00:00:00,28.2,28.2,28.0,28.2,37315
2014-01-29 00:00:00,28.5,28.8,28.2,28.4,38754
2014-01-28 00:00:00,28.5,28.6,28.3,28.5,28955
2014-01-27 00:00:00,28.6,28.6,28.2,28.4,33462
2014-01-24 00:00:00,28.8,28.8,28.5,28.6,106207
2014-01-23 00:00:00,28.2,28.6,28.2,28.6,108728
2014-01-22 00:00:00,28.3,28.5,28.0,28.5,213141
2014-01-21 00:00:00,28.3,28.3,28.0,28.0,622349
2014-01-20 00:00:00,28.1,28.2,27.7,28.0,98756
2014-01-17 00:00:00,27.6,28.1,27.5,28.1,209312
2014-01-16 00:00:00,27.5,27.6,27.4,27.5,1259010
2014-01-15 00:00:00,27.5,27.7,27.5,27.5,418002
2014-01-14 00:00:00,27.4,27.5,27.2,27.5,273595
2014-01-13 00:00:00,27.0,27.6,27.0,27.4,435016
2014-01-10 00:00:00,27.0,27.1,26.9,27.0,758421
2014-01-09 00:00:00,27.1,27.3,26.9,27.0,670013
2014-01-08 00:00:00,27.0,27.2,26.8,27.1,1388131
2014-01-07 00:00:00,26.5,27.0,26.5,27.0,197511
2014-01-06 00:00:00,,26.6,26.6,26.6,0
2014-01-03 00:00:00,26.6,26.7,26.5,26.6,162258
2014-01-02 00:00:00,27.0,27.0,26.6,26.8,48923
2013-12-31 00:00:00,,27.0,27.0,27.0,0
2013-12-30 00:00:00,26.6,27.0,26.6,27.0,139324
2013-12-27 00:00:00,26.8,27.4,26.5,26.7,131806
2013-12-23 00:00:00,26.8,26.9,26.6,26.8,134058
2013-12-20 00:00:00,26.6,26.7,26.5,26.6,333330
2013-12-19 00:00:00,26.6,26.7,26.5,26.6,171533
2013-12-18 00:00:00,26.6,26.6,26.5,26.6,710813
2013-12-17 00:00:00,26.6,26.6,26.5,26.6,433109
2013-12-16 00:00:00,26.9,26.9,26.5,26.6,726402
2013-12-13 00:00:00,26.9,26.9,26.6,26.7,406361
2013-12-12 00:00:00,26.9,27.0,26.7,27.0,106297
2013-12-11 00:00:00,26.8,27.0,26.7,27.0,365845
2013-12-10 00:00:00,26.9,27.2,26.6,26.7,337490
2013-12-09 00:00:00,27.4,27.4,26.6,26.9,207549
2013-12-06 00:00:00,27.3,27.4,27.0,27.2,140488
2013-12-05 00:00:00,27.2,27.4,27.1,27.3,197636
2013-12-04 00:00:00,27.5,27.5,27.0,27.2,409002
2013-12-03 00:00:00,27.6,27.7,27.3,27.4,185603
2013-12-02 00:00:00,28.4,28.4,27.5,27.7,715563
2013-11-29 00:00:00,28.9,29.0,27.4,27.9,8240619
