Dates,Open,High,Low,Close,Volume
2016-02-26 00:00:00,,24.6,24.6,24.6,0
2016-02-25 00:00:00,,24.6,24.6,24.6,0
2016-02-24 00:00:00,,24.6,24.6,24.6,0
2016-02-23 00:00:00,,24.6,24.6,24.6,0
2016-02-22 00:00:00,,24.6,24.6,24.6,0
2016-02-19 00:00:00,24.6,24.6,24.6,24.6,15326
2016-02-18 00:00:00,24.6,24.6,24.6,24.6,25
2016-02-17 00:00:00,25.0,25.0,24.5,25.0,13381
2016-02-16 00:00:00,25.0,25.1,24.6,25.1,2390
2016-02-15 00:00:00,25.2,25.2,24.9,24.9,5975
2016-02-12 00:00:00,25.0,25.0,24.9,24.9,552
2016-02-11 00:00:00,24.9,24.9,24.9,24.9,2180
2016-02-10 00:00:00,25.1,25.1,24.9,24.9,4237
2016-02-09 00:00:00,24.9,25.0,24.9,25.0,2367
2016-02-08 00:00:00,25.0,25.0,24.9,24.9,11882
2016-02-05 00:00:00,24.9,25.0,24.9,24.9,5909
2016-02-04 00:00:00,24.9,25.0,24.9,24.9,11995
2016-02-03 00:00:00,24.9,25.0,24.9,25.0,10743
2016-02-02 00:00:00,24.9,25.0,24.9,24.9,4204
2016-02-01 00:00:00,24.9,25.0,24.9,24.9,3963
2016-01-29 00:00:00,24.9,25.0,24.9,24.9,7500
2016-01-28 00:00:00,24.6,25.0,24.6,24.8,5646
2016-01-27 00:00:00,24.6,24.6,24.6,24.6,2605
2016-01-26 00:00:00,24.8,24.9,24.3,24.9,21650
2016-01-25 00:00:00,24.8,24.8,24.4,24.8,11622
2016-01-22 00:00:00,24.9,24.9,24.8,24.8,93552
2016-01-21 00:00:00,24.9,24.9,24.8,24.8,35535
2016-01-20 00:00:00,24.9,24.9,24.8,24.9,209409
2016-01-19 00:00:00,25.0,25.0,24.9,24.9,66911
2016-01-18 00:00:00,24.9,25.0,24.9,24.9,26543
2016-01-15 00:00:00,24.9,24.9,24.9,24.9,10516
2016-01-14 00:00:00,24.9,25.0,24.9,24.9,40458
2016-01-13 00:00:00,24.9,25.0,24.9,24.9,35338
2016-01-12 00:00:00,24.9,25.0,24.9,24.9,11286
2016-01-11 00:00:00,24.9,25.0,24.9,24.9,208329
2016-01-08 00:00:00,24.9,25.0,24.9,24.9,25584
2016-01-07 00:00:00,24.9,25.0,24.9,24.9,63503
2016-01-06 00:00:00,,24.9,24.9,24.9,0
2016-01-05 00:00:00,24.9,25.0,24.9,24.9,26201
2016-01-04 00:00:00,24.8,25.1,24.8,25.1,181557
2016-01-01 00:00:00,,24.8,24.8,24.8,0
2015-12-31 00:00:00,,24.8,24.8,24.8,0
2015-12-30 00:00:00,24.8,24.9,24.8,24.8,36604
2015-12-29 00:00:00,24.9,24.9,24.8,24.9,13944
2015-12-28 00:00:00,24.9,25.0,24.8,24.9,10481
2015-12-25 00:00:00,24.8,25.0,24.8,24.9,32067
2015-12-24 00:00:00,24.8,25.0,24.8,24.9,32067
2015-12-23 00:00:00,24.8,25.0,24.8,24.9,32067
2015-12-22 00:00:00,24.8,25.0,24.8,24.8,42640
2015-12-21 00:00:00,24.9,25.0,24.9,24.9,89586
2015-12-18 00:00:00,25.0,25.0,24.9,24.9,39345
2015-12-17 00:00:00,25.0,25.1,24.9,24.9,133146
2015-12-16 00:00:00,25.0,25.0,25.0,25.0,176460
2015-12-15 00:00:00,25.0,25.2,25.0,25.0,159365
2015-12-14 00:00:00,25.1,25.2,25.0,25.0,191993
2015-12-11 00:00:00,25.1,25.3,25.1,25.3,399971
2015-12-10 00:00:00,25.1,25.3,25.1,25.1,120910
2015-12-09 00:00:00,25.1,25.3,25.1,25.1,113707
2015-12-08 00:00:00,25.2,25.3,25.1,25.3,228968
2015-12-07 00:00:00,25.1,25.3,25.1,25.2,1403341
2015-12-04 00:00:00,25.2,25.3,25.1,25.3,201455
2015-12-03 00:00:00,25.1,25.3,25.1,25.2,262193
2015-12-02 00:00:00,25.1,25.4,25.1,25.3,653175
2015-12-01 00:00:00,25.1,25.6,25.0,25.3,922209
2015-11-30 00:00:00,24.8,25.1,24.8,25.0,9331287
2015-11-27 00:00:00,19.1,19.9,19.1,19.9,87479
2015-11-26 00:00:00,19.5,19.5,19.0,19.3,86311
2015-11-25 00:00:00,19.5,19.7,19.2,19.7,63243
2015-11-24 00:00:00,19.7,19.7,18.8,18.9,194143
2015-11-23 00:00:00,19.8,19.8,19.1,19.7,42593
2015-11-20 00:00:00,19.8,19.8,19.6,19.8,65444
2015-11-19 00:00:00,19.7,19.8,19.5,19.7,54091
2015-11-18 00:00:00,19.8,19.8,19.5,19.7,70406
2015-11-17 00:00:00,19.8,19.9,19.7,19.8,50636
2015-11-16 00:00:00,19.6,19.8,19.6,19.7,43274
2015-11-13 00:00:00,19.6,19.9,19.3,19.6,64944
2015-11-12 00:00:00,19.9,19.9,19.5,19.7,48000
2015-11-11 00:00:00,20.0,20.0,19.7,19.8,56828
2015-11-10 00:00:00,19.8,20.2,19.7,19.8,98777
2015-11-09 00:00:00,19.9,19.9,19.7,19.9,36426
2015-11-06 00:00:00,20.0,20.1,19.8,20.0,86516
2015-11-05 00:00:00,19.1,20.2,19.0,19.9,300825
2015-11-04 00:00:00,20.7,20.7,20.3,20.4,94657
2015-11-03 00:00:00,20.2,20.8,20.2,20.6,70578
2015-11-02 00:00:00,20.0,20.7,20.0,20.6,45286
2015-10-30 00:00:00,20.6,20.8,20.2,20.6,16826
2015-10-29 00:00:00,20.8,20.8,20.5,20.5,40699
2015-10-28 00:00:00,20.5,20.9,20.2,20.8,126318
2015-10-27 00:00:00,20.1,20.9,20.1,20.6,81923
2015-10-26 00:00:00,20.8,20.9,20.0,20.5,83947
2015-10-23 00:00:00,20.0,21.0,20.0,21.0,64543
2015-10-22 00:00:00,19.7,20.2,19.7,20.2,29042
2015-10-21 00:00:00,20.2,20.2,19.7,20.1,63835
2015-10-20 00:00:00,19.7,20.0,19.2,19.6,58520
2015-10-19 00:00:00,20.3,20.3,19.8,19.8,88277
2015-10-16 00:00:00,20.0,20.3,20.0,20.3,41370
2015-10-15 00:00:00,19.6,20.5,19.6,20.3,58184
2015-10-14 00:00:00,19.9,19.9,19.4,19.8,40008
2015-10-13 00:00:00,19.5,19.9,19.5,19.9,34005
2015-10-12 00:00:00,19.8,19.8,19.5,19.7,43262
2015-10-09 00:00:00,19.0,19.9,19.0,19.8,33516
2015-10-08 00:00:00,19.2,19.8,19.2,19.6,77903
2015-10-07 00:00:00,18.6,19.3,18.6,19.3,414350
2015-10-06 00:00:00,18.6,18.9,18.6,18.9,37760
2015-10-05 00:00:00,18.3,18.8,18.3,18.6,55639
2015-10-02 00:00:00,18.6,18.7,18.3,18.4,21621
2015-10-01 00:00:00,18.7,18.7,18.2,18.5,104665
2015-09-30 00:00:00,18.4,18.6,17.7,18.6,127496
2015-09-29 00:00:00,18.1,18.3,17.9,17.9,62676
2015-09-28 00:00:00,18.3,18.5,18.1,18.3,102966
2015-09-25 00:00:00,18.0,18.7,18.0,18.2,172728
2015-09-24 00:00:00,18.1,18.5,17.9,17.9,98603
2015-09-23 00:00:00,18.0,18.4,18.0,18.4,38626
2015-09-22 00:00:00,18.5,18.7,18.2,18.5,62495
2015-09-21 00:00:00,18.4,18.6,18.3,18.5,160759
2015-09-18 00:00:00,18.1,18.5,18.1,18.3,68553
2015-09-17 00:00:00,18.3,18.5,18.1,18.1,125693
2015-09-16 00:00:00,18.3,18.5,18.1,18.3,106509
2015-09-15 00:00:00,18.6,18.6,18.0,18.3,155446
2015-09-14 00:00:00,18.4,18.7,18.4,18.4,130521
2015-09-11 00:00:00,18.7,18.9,18.3,18.3,1526436
2015-09-10 00:00:00,18.6,19.0,18.3,18.8,54966
2015-09-09 00:00:00,18.6,18.8,18.4,18.7,100795
2015-09-08 00:00:00,18.7,18.9,18.3,18.4,137912
2015-09-07 00:00:00,18.6,19.5,18.6,18.6,81190
2015-09-04 00:00:00,19.0,19.4,19.0,19.0,34211
2015-09-03 00:00:00,19.0,19.1,18.7,19.1,136739
2015-09-02 00:00:00,18.6,18.9,18.6,18.6,38640
2015-09-01 00:00:00,19.0,19.0,18.5,18.6,78967
2015-08-31 00:00:00,19.3,19.3,18.8,18.9,73911
2015-08-28 00:00:00,19.0,19.2,18.9,19.1,61186
2015-08-27 00:00:00,19.0,19.9,18.8,18.8,120303
2015-08-26 00:00:00,19.1,19.3,18.5,19.0,43628
2015-08-25 00:00:00,18.9,19.1,18.1,19.1,81253
2015-08-24 00:00:00,18.1,18.8,17.6,18.7,445830
2015-08-21 00:00:00,19.4,19.5,19.2,19.2,182851
2015-08-20 00:00:00,20.2,20.2,19.5,19.6,160224
2015-08-19 00:00:00,20.8,20.9,20.1,20.3,215069
2015-08-18 00:00:00,21.4,21.5,20.5,20.9,296021
2015-08-17 00:00:00,21.2,21.4,21.0,21.0,41926
2015-08-14 00:00:00,21.1,21.4,21.0,21.2,10429
2015-08-13 00:00:00,20.8,21.4,20.8,21.4,21102
2015-08-12 00:00:00,21.3,21.3,20.7,20.7,16817
2015-08-11 00:00:00,21.4,21.4,21.0,21.0,25639
2015-08-10 00:00:00,21.0,21.4,21.0,21.2,61898
2015-08-07 00:00:00,21.5,21.5,21.0,21.4,12288
2015-08-06 00:00:00,21.0,21.5,21.0,21.5,13052
2015-08-05 00:00:00,21.1,21.6,20.9,21.4,48821
2015-08-04 00:00:00,20.9,21.2,20.8,21.1,9043
2015-08-03 00:00:00,20.8,21.5,20.8,21.0,26864
2015-07-31 00:00:00,20.9,21.0,20.7,20.9,18675
2015-07-30 00:00:00,21.4,21.4,20.8,20.9,22546
2015-07-29 00:00:00,20.7,21.2,20.7,21.0,39588
2015-07-28 00:00:00,21.1,21.1,20.5,20.7,54860
2015-07-27 00:00:00,21.4,21.4,20.7,20.7,69654
2015-07-24 00:00:00,21.5,21.6,21.4,21.4,25841
2015-07-23 00:00:00,21.6,21.6,21.4,21.5,30826
2015-07-22 00:00:00,21.8,21.8,21.3,21.3,24466
2015-07-21 00:00:00,21.7,21.7,21.5,21.6,84989
2015-07-20 00:00:00,21.6,21.8,21.5,21.7,48042
2015-07-17 00:00:00,21.3,21.7,21.0,21.2,102082
2015-07-16 00:00:00,21.4,21.4,21.2,21.3,80082
2015-07-15 00:00:00,21.3,21.3,21.0,21.0,54753
2015-07-14 00:00:00,21.1,21.4,21.1,21.3,277752
2015-07-13 00:00:00,21.0,22.2,21.0,21.1,174447
2015-07-10 00:00:00,20.2,20.4,20.2,20.3,46054
2015-07-09 00:00:00,19.9,20.4,19.9,20.2,17266
2015-07-08 00:00:00,19.8,20.2,19.7,19.9,29099
2015-07-07 00:00:00,19.8,20.2,19.8,19.8,39383
2015-07-06 00:00:00,20.3,20.3,19.8,19.9,33567
2015-07-03 00:00:00,19.8,20.3,19.8,20.3,30616
2015-07-02 00:00:00,20.2,20.3,19.9,20.1,76628
2015-07-01 00:00:00,19.8,20.4,19.8,20.4,40353
2015-06-30 00:00:00,19.6,20.1,19.6,19.8,30116
2015-06-29 00:00:00,19.9,20.1,19.5,19.8,91414
2015-06-26 00:00:00,20.0,20.4,20.0,20.3,32143
2015-06-25 00:00:00,20.0,20.3,20.0,20.3,43902
2015-06-24 00:00:00,20.5,20.5,20.0,20.2,59139
2015-06-23 00:00:00,20.2,20.6,20.2,20.5,539500
2015-06-22 00:00:00,20.0,20.5,20.0,20.5,48807
2015-06-19 00:00:00,,19.9,19.9,19.9,0
2015-06-18 00:00:00,20.1,20.4,19.9,19.9,124275
2015-06-17 00:00:00,20.3,20.4,20.0,20.1,68506
2015-06-16 00:00:00,20.0,20.5,19.8,20.2,121109
2015-06-15 00:00:00,20.7,20.7,19.9,20.5,143023
2015-06-12 00:00:00,20.8,20.9,20.6,20.9,54391
2015-06-11 00:00:00,20.3,21.1,20.3,21.0,429670
2015-06-10 00:00:00,20.2,20.8,20.2,20.7,168649
2015-06-09 00:00:00,21.0,21.0,20.2,20.2,68807
2015-06-08 00:00:00,20.8,21.1,20.8,21.0,67355
2015-06-05 00:00:00,21.2,21.4,20.8,21.1,753320
2015-06-04 00:00:00,21.6,21.6,21.2,21.3,101235
2015-06-03 00:00:00,21.5,21.6,21.5,21.6,115576
2015-06-02 00:00:00,21.7,21.7,21.3,21.6,46392
2015-06-01 00:00:00,21.5,21.7,21.5,21.6,83908
2015-05-29 00:00:00,20.9,21.5,20.9,21.4,192152
2015-05-28 00:00:00,20.8,21.0,20.7,20.8,110382
2015-05-27 00:00:00,20.7,20.8,20.6,20.7,206560
2015-05-26 00:00:00,20.6,20.7,20.3,20.6,140535
2015-05-25 00:00:00,20.3,20.6,20.3,20.5,124036
2015-05-22 00:00:00,20.0,20.4,20.0,20.3,123407
2015-05-21 00:00:00,20.2,20.4,20.0,20.0,325308
2015-05-20 00:00:00,20.2,20.5,20.1,20.1,46515
2015-05-19 00:00:00,20.4,20.5,20.2,20.2,62427
2015-05-18 00:00:00,20.2,20.5,20.0,20.0,93897
2015-05-15 00:00:00,20.0,20.4,19.5,20.2,107643
2015-05-14 00:00:00,20.3,20.3,19.2,20.0,206425
2015-05-13 00:00:00,20.3,20.3,19.2,20.0,206425
2015-05-12 00:00:00,20.9,20.9,20.1,20.1,124340
2015-05-11 00:00:00,20.7,21.1,20.7,20.8,72804
2015-05-08 00:00:00,20.9,21.1,20.7,20.7,133762
2015-05-07 00:00:00,20.8,21.0,20.4,20.6,88932
2015-05-06 00:00:00,20.3,21.0,20.2,20.7,398651
2015-05-05 00:00:00,20.7,21.0,20.1,20.1,113654
2015-05-04 00:00:00,21.4,21.4,20.5,20.7,98074
2015-05-01 00:00:00,21.5,21.5,20.6,21.0,108771
2015-04-30 00:00:00,21.5,21.5,20.6,21.0,108771
2015-04-29 00:00:00,21.6,21.6,20.5,21.3,208239
2015-04-28 00:00:00,21.5,21.8,21.3,21.6,231510
2015-04-27 00:00:00,21.4,21.5,21.2,21.5,111132
2015-04-24 00:00:00,21.4,21.6,21.0,21.3,110744
2015-04-23 00:00:00,21.8,21.8,21.0,21.2,256378
2015-04-22 00:00:00,20.7,21.5,20.6,21.2,850413
2015-04-21 00:00:00,20.3,20.9,20.3,20.6,268985
2015-04-20 00:00:00,21.3,21.5,20.1,20.2,374136
2015-04-17 00:00:00,23.1,23.1,21.8,22.0,262352
2015-04-16 00:00:00,23.0,23.1,22.7,23.1,30686
2015-04-15 00:00:00,22.7,23.1,22.3,23.0,207519
2015-04-14 00:00:00,23.0,23.0,22.3,22.6,91860
2015-04-13 00:00:00,23.0,23.2,22.5,22.7,87245
2015-04-10 00:00:00,23.0,23.2,22.4,23.0,89991
2015-04-09 00:00:00,23.6,23.6,23.0,23.0,168932
2015-04-08 00:00:00,23.7,23.8,23.5,23.6,45261
2015-04-07 00:00:00,23.5,23.9,23.5,23.7,87633
2015-04-02 00:00:00,23.7,23.8,23.7,23.8,3886
2015-04-01 00:00:00,23.7,23.8,23.5,23.5,10949
2015-03-31 00:00:00,23.8,23.9,23.4,23.6,57296
2015-03-30 00:00:00,23.4,23.8,23.4,23.8,492865
2015-03-27 00:00:00,23.2,23.6,23.2,23.6,332020
2015-03-26 00:00:00,23.1,23.9,23.0,23.6,51786
2015-03-25 00:00:00,23.7,23.8,23.3,23.6,64474
2015-03-24 00:00:00,23.5,23.8,23.2,23.7,192831
2015-03-23 00:00:00,23.4,23.9,23.1,23.5,848422
2015-03-20 00:00:00,22.7,23.5,22.7,23.4,70226
2015-03-19 00:00:00,22.7,23.0,22.7,22.7,93271
2015-03-18 00:00:00,22.6,23.0,22.5,22.7,80782
2015-03-17 00:00:00,22.9,22.9,22.6,22.7,32763
2015-03-16 00:00:00,22.9,23.0,22.7,22.9,124907
2015-03-13 00:00:00,22.9,23.0,22.8,22.9,782999
2015-03-12 00:00:00,23.0,23.0,22.6,22.9,38587
2015-03-11 00:00:00,22.9,23.1,22.7,23.0,104275
2015-03-10 00:00:00,23.4,23.5,22.1,22.9,122909
2015-03-09 00:00:00,23.4,23.9,23.3,23.4,87249
2015-03-06 00:00:00,23.8,23.9,23.4,23.4,41946
2015-03-05 00:00:00,23.5,24.0,23.4,23.9,90194
2015-03-04 00:00:00,24.0,24.0,23.3,23.5,559242
2015-03-03 00:00:00,24.3,24.3,23.7,24.0,297713
2015-03-02 00:00:00,24.0,24.4,24.0,24.2,647432
2015-02-27 00:00:00,23.4,24.0,23.3,23.9,292247
2015-02-26 00:00:00,23.3,23.5,23.0,23.3,135422
2015-02-25 00:00:00,22.9,23.3,22.6,23.2,140925
2015-02-24 00:00:00,22.9,23.3,22.2,22.9,6011082
2015-02-23 00:00:00,23.1,23.3,22.5,22.9,125848
2015-02-20 00:00:00,22.9,23.7,22.9,23.1,675304
2015-02-19 00:00:00,22.3,23.2,22.3,23.1,478457
2015-02-18 00:00:00,22.6,22.9,21.7,22.6,3049562
2015-02-17 00:00:00,21.0,21.1,20.0,20.3,227823
2015-02-16 00:00:00,20.7,21.6,20.7,21.5,163250
2015-02-13 00:00:00,20.0,20.9,19.8,20.7,263818
2015-02-12 00:00:00,19.9,20.3,19.6,20.0,147220
2015-02-11 00:00:00,20.1,20.1,19.6,19.9,33007
2015-02-10 00:00:00,19.9,20.1,19.8,20.1,103866
2015-02-09 00:00:00,19.7,20.0,19.7,19.9,59087
2015-02-06 00:00:00,20.0,20.3,19.7,20.0,165561
2015-02-05 00:00:00,19.5,20.0,19.4,20.0,62265
2015-02-04 00:00:00,20.0,20.0,19.5,19.7,49414
2015-02-03 00:00:00,19.6,20.2,19.6,20.0,127118
2015-02-02 00:00:00,19.9,20.0,19.7,19.8,69075
2015-01-30 00:00:00,20.0,20.0,19.4,20.0,100917
2015-01-29 00:00:00,20.1,20.2,19.8,20.0,85160
2015-01-28 00:00:00,20.0,20.1,19.7,20.1,52831
2015-01-27 00:00:00,19.4,20.0,19.3,19.6,162776
2015-01-26 00:00:00,19.4,19.4,19.1,19.3,82105
2015-01-23 00:00:00,18.8,19.4,18.8,19.2,68921
2015-01-22 00:00:00,19.0,19.2,18.8,19.0,138285
2015-01-21 00:00:00,19.2,19.3,18.7,19.2,109965
2015-01-20 00:00:00,19.0,19.4,18.8,19.2,142120
2015-01-19 00:00:00,18.5,19.1,18.2,19.0,88511
2015-01-16 00:00:00,18.7,18.8,18.4,18.5,57999
2015-01-15 00:00:00,18.8,19.0,18.6,18.6,1148905
2015-01-14 00:00:00,19.5,19.5,18.5,19.0,110275
2015-01-13 00:00:00,20.0,20.0,19.5,19.7,57729
2015-01-12 00:00:00,19.9,20.2,19.7,19.9,96242
2015-01-09 00:00:00,19.9,20.1,19.4,19.5,63697
2015-01-08 00:00:00,20.4,20.5,19.7,19.8,84022
2015-01-07 00:00:00,20.6,20.6,19.7,20.4,105265
2015-01-06 00:00:00,,20.8,20.8,20.8,0
2015-01-05 00:00:00,20.6,20.8,20.5,20.8,40460
2015-01-02 00:00:00,20.7,20.9,20.5,20.6,108874
2015-01-01 00:00:00,20.6,20.8,20.2,20.7,561859
2014-12-30 00:00:00,20.6,20.8,20.2,20.7,561859
2014-12-29 00:00:00,20.5,20.7,20.0,20.6,261688
2014-12-23 00:00:00,19.7,20.5,19.7,20.5,207252
2014-12-22 00:00:00,19.0,19.8,18.7,19.6,239219
2014-12-19 00:00:00,18.8,19.2,18.4,19.1,244450
2014-12-18 00:00:00,18.8,19.3,18.5,18.8,149714
2014-12-17 00:00:00,18.5,18.9,18.0,18.8,157516
2014-12-16 00:00:00,18.9,19.2,18.3,18.5,117703
2014-12-15 00:00:00,19.2,19.2,18.7,18.9,149764
2014-12-12 00:00:00,18.4,19.4,18.1,19.2,436124
2014-12-11 00:00:00,18.6,18.8,18.2,18.6,100832
2014-12-10 00:00:00,19.0,19.4,18.6,18.8,114406
2014-12-09 00:00:00,19.2,19.3,18.7,19.0,198520
2014-12-08 00:00:00,19.3,19.3,18.8,19.1,139371
2014-12-05 00:00:00,18.2,19.2,17.9,19.1,271402
2014-12-04 00:00:00,18.2,18.3,18.0,18.0,284119
2014-12-03 00:00:00,18.1,18.4,18.0,18.2,333390
2014-12-02 00:00:00,18.1,18.4,17.8,18.2,177499
2014-12-01 00:00:00,18.3,18.7,18.0,18.1,147977
2014-11-28 00:00:00,18.3,18.3,17.8,18.1,130132
2014-11-27 00:00:00,18.7,18.7,18.1,18.3,153576
2014-11-26 00:00:00,18.7,18.7,18.2,18.4,229069
2014-11-25 00:00:00,18.0,18.7,18.0,18.4,888753
2014-11-24 00:00:00,17.8,18.6,17.8,17.9,257967
2014-11-21 00:00:00,17.7,17.9,17.6,17.8,129813
2014-11-20 00:00:00,17.8,18.1,17.6,17.7,108849
2014-11-19 00:00:00,18.0,18.0,17.6,18.0,93019
2014-11-18 00:00:00,18.1,18.5,17.8,18.0,171708
2014-11-17 00:00:00,17.0,18.5,16.5,18.1,743659
2014-11-14 00:00:00,17.1,17.4,16.9,16.9,106806
2014-11-13 00:00:00,18.7,18.7,16.8,17.1,519492
2014-11-12 00:00:00,18.2,18.4,17.8,17.9,143339
2014-11-11 00:00:00,18.2,18.4,18.0,18.1,94186
2014-11-10 00:00:00,18.1,18.6,17.8,18.1,147348
2014-11-07 00:00:00,18.5,18.5,17.7,17.8,234989
2014-11-06 00:00:00,18.5,18.9,18.5,18.8,55650
2014-11-05 00:00:00,18.9,19.0,18.5,18.5,63603
2014-11-04 00:00:00,18.7,19.1,18.7,18.7,55234
2014-11-03 00:00:00,18.7,19.1,18.7,18.7,95369
2014-10-31 00:00:00,18.6,18.9,18.6,18.7,114039
2014-10-30 00:00:00,18.6,18.7,18.3,18.3,33957
2014-10-29 00:00:00,18.4,18.8,18.3,18.4,77682
2014-10-28 00:00:00,18.2,19.0,18.0,18.3,52886
2014-10-24 00:00:00,18.3,18.7,18.2,18.4,40232
2014-10-23 00:00:00,18.2,18.8,18.2,18.4,45497
2014-10-22 00:00:00,19.0,19.0,18.1,18.1,64724
2014-10-21 00:00:00,18.9,18.9,18.0,18.7,90214
2014-10-20 00:00:00,18.5,18.5,17.7,18.2,46428
2014-10-17 00:00:00,17.6,18.4,17.5,18.1,103289
2014-10-16 00:00:00,18.5,18.5,17.3,17.6,111479
2014-10-15 00:00:00,19.4,19.5,18.2,18.5,81854
2014-10-14 00:00:00,19.2,19.4,18.6,19.4,161348
2014-10-13 00:00:00,19.1,20.3,18.9,19.2,115754
2014-10-10 00:00:00,19.5,19.8,19.1,19.2,60593
2014-10-09 00:00:00,20.5,20.8,19.5,19.9,58129
2014-10-08 00:00:00,21.9,21.9,20.3,20.4,65998
2014-10-07 00:00:00,21.5,22.0,20.6,20.9,67837
2014-10-06 00:00:00,21.5,22.1,21.0,21.4,53328
2014-10-03 00:00:00,21.0,22.0,21.0,21.5,28464
2014-10-02 00:00:00,21.5,21.9,20.7,20.7,65047
2014-10-01 00:00:00,22.4,22.4,21.4,22.1,45295
2014-09-30 00:00:00,22.3,22.7,22.0,22.4,25213
2014-09-29 00:00:00,22.6,22.9,22.3,22.4,13999
2014-09-26 00:00:00,23.0,23.1,22.5,22.6,37838
2014-09-25 00:00:00,23.7,23.7,23.1,23.3,72067
2014-09-24 00:00:00,23.5,23.6,22.8,23.4,60391
2014-09-23 00:00:00,22.4,22.7,22.4,22.6,29962
2014-09-22 00:00:00,22.4,22.6,22.0,22.6,332215
2014-09-19 00:00:00,23.0,23.1,22.4,22.8,102557
2014-09-18 00:00:00,22.8,23.1,22.8,23.0,85522
2014-09-17 00:00:00,23.1,23.4,23.0,23.1,75328
2014-09-16 00:00:00,23.3,23.3,22.3,23.1,158108
2014-09-15 00:00:00,22.4,23.3,22.1,23.3,56380
2014-09-12 00:00:00,22.6,23.0,22.4,23.0,72440
2014-09-11 00:00:00,22.9,23.4,22.4,22.7,69087
2014-09-10 00:00:00,22.8,23.1,22.7,22.9,69353
2014-09-09 00:00:00,23.5,23.5,22.9,23.3,38925
2014-09-08 00:00:00,23.4,23.7,23.1,23.5,38805
2014-09-05 00:00:00,24.2,24.2,23.5,23.7,60714
2014-09-04 00:00:00,24.9,24.9,24.1,24.1,37366
2014-09-03 00:00:00,24.3,24.7,24.2,24.7,32125
2014-09-02 00:00:00,24.5,24.9,24.4,24.6,23681
2014-09-01 00:00:00,25.0,25.0,24.6,25.0,36881
2014-08-29 00:00:00,24.8,25.1,24.6,25.1,23976
2014-08-28 00:00:00,25.4,25.4,24.5,25.0,43841
2014-08-27 00:00:00,25.5,25.7,25.3,25.4,41350
2014-08-26 00:00:00,25.8,25.9,25.0,25.5,275586
2014-08-25 00:00:00,26.2,26.8,25.7,25.8,247097
2014-08-22 00:00:00,24.7,25.6,24.4,25.0,172674
2014-08-21 00:00:00,24.1,24.4,23.9,24.3,183773
2014-08-20 00:00:00,24.1,24.3,23.9,24.1,32443
2014-08-19 00:00:00,24.3,24.3,23.8,24.3,56598
2014-08-18 00:00:00,24.2,24.6,24.1,24.3,19684
2014-08-15 00:00:00,24.3,24.4,24.0,24.2,19792
2014-08-14 00:00:00,24.4,24.8,24.1,24.3,9553
2014-08-13 00:00:00,24.5,24.8,24.3,24.4,27215
2014-08-12 00:00:00,24.4,24.4,24.2,24.3,11977
2014-08-11 00:00:00,24.1,24.7,24.1,24.4,8959
2014-08-08 00:00:00,24.3,24.7,23.9,24.1,29924
2014-08-07 00:00:00,24.2,24.9,24.1,24.1,27621
2014-08-06 00:00:00,24.9,25.4,24.2,24.2,53217
2014-08-05 00:00:00,24.5,25.0,24.2,24.8,114751
2014-08-04 00:00:00,25.0,25.0,24.6,24.6,16645
2014-08-01 00:00:00,25.2,25.3,24.8,24.9,21450
2014-07-31 00:00:00,25.5,26.0,25.2,25.4,29638
2014-07-30 00:00:00,25.7,25.8,25.5,25.5,15610
2014-07-29 00:00:00,25.5,25.9,25.4,25.7,4730
2014-07-28 00:00:00,25.5,26.0,25.5,25.7,21187
2014-07-25 00:00:00,25.6,26.0,25.5,26.0,8238
2014-07-24 00:00:00,25.9,26.0,25.3,25.3,8838
2014-07-23 00:00:00,25.2,25.8,25.2,25.3,18513
2014-07-22 00:00:00,26.0,26.3,24.9,25.4,68991
2014-07-21 00:00:00,26.7,26.7,25.9,26.0,12283
2014-07-18 00:00:00,27.4,27.4,26.2,26.7,36518
2014-07-17 00:00:00,27.9,27.9,27.4,27.4,20942
2014-07-16 00:00:00,27.5,28.3,27.4,28.3,88854
2014-07-15 00:00:00,27.0,27.8,26.5,27.5,54958
2014-07-14 00:00:00,25.6,26.9,25.6,26.9,28044
2014-07-11 00:00:00,25.9,26.1,25.6,25.9,14840
2014-07-10 00:00:00,26.6,26.6,26.0,26.1,28926
2014-07-09 00:00:00,26.6,27.2,26.6,27.1,29200
2014-07-08 00:00:00,26.8,27.1,26.6,27.0,84383
2014-07-07 00:00:00,27.1,27.3,26.8,27.1,23643
2014-07-04 00:00:00,27.9,27.9,26.8,27.1,44092
2014-07-03 00:00:00,26.8,27.4,26.5,27.4,156415
2014-07-02 00:00:00,26.5,26.9,26.5,26.8,40452
2014-07-01 00:00:00,26.2,26.9,26.2,26.9,98661
2014-06-30 00:00:00,27.0,27.0,26.2,26.6,31333
2014-06-27 00:00:00,26.0,26.6,26.0,26.6,45828
2014-06-26 00:00:00,26.4,26.4,26.0,26.3,152902
2014-06-25 00:00:00,26.7,26.8,26.0,26.4,57985
2014-06-24 00:00:00,27.0,27.0,26.5,26.5,97650
2014-06-23 00:00:00,27.5,27.5,26.4,27.0,50865
2014-06-20 00:00:00,,27.6,27.6,27.6,0
2014-06-19 00:00:00,25.1,27.6,25.1,27.6,525070
2014-06-18 00:00:00,26.0,26.0,25.2,25.7,55343
2014-06-17 00:00:00,26.5,26.7,25.6,25.6,67866
2014-06-16 00:00:00,27.0,27.0,26.2,26.5,35134
2014-06-13 00:00:00,27.0,27.0,26.0,26.7,98651
2014-06-12 00:00:00,25.9,26.9,25.6,26.9,244571
2014-06-11 00:00:00,25.0,26.0,25.0,25.8,190679
2014-06-10 00:00:00,24.9,25.0,24.4,25.0,62438
2014-06-09 00:00:00,24.4,24.8,24.4,24.8,376119
2014-06-06 00:00:00,,24.6,24.6,24.6,0
2014-06-05 00:00:00,24.8,24.8,24.4,24.6,15668
2014-06-04 00:00:00,24.7,24.8,24.5,24.8,40713
2014-06-03 00:00:00,24.3,24.7,24.2,24.7,83085
2014-06-02 00:00:00,24.3,24.7,24.3,24.3,126035
2014-05-30 00:00:00,24.7,24.7,23.9,23.9,55334
2014-05-28 00:00:00,23.8,25.0,23.8,25.0,119348
2014-05-27 00:00:00,23.8,24.5,23.8,24.1,86186
2014-05-26 00:00:00,24.0,24.3,23.8,24.3,40882
2014-05-23 00:00:00,24.5,24.5,23.5,24.3,100463
2014-05-22 00:00:00,24.9,24.9,22.8,24.9,406699
2014-05-21 00:00:00,24.9,25.5,24.7,25.1,40824
2014-05-20 00:00:00,25.0,25.0,24.6,25.0,180376
2014-05-19 00:00:00,24.8,25.1,24.8,25.1,143453
2014-05-16 00:00:00,25.0,25.0,24.3,24.8,47276
2014-05-15 00:00:00,25.0,25.5,24.8,25.1,204358
2014-05-14 00:00:00,25.3,25.5,25.0,25.0,36008
2014-05-13 00:00:00,25.1,25.3,24.9,25.3,221947
2014-05-12 00:00:00,24.6,25.4,24.2,25.1,154077
2014-05-09 00:00:00,23.9,24.6,23.7,24.6,243645
2014-05-08 00:00:00,23.6,24.0,23.6,24.0,181944
2014-05-07 00:00:00,23.7,23.9,23.4,23.7,59205
2014-05-06 00:00:00,23.6,23.8,23.4,23.7,152784
2014-05-05 00:00:00,23.5,23.7,23.4,23.7,40430
2014-05-02 00:00:00,23.3,23.9,23.3,23.5,41140
2014-05-01 00:00:00,,23.7,23.7,23.7,0
2014-04-30 00:00:00,23.5,23.7,23.5,23.7,20086
2014-04-29 00:00:00,23.4,23.8,23.2,23.2,167487
2014-04-28 00:00:00,23.4,23.7,23.3,23.6,37696
2014-04-25 00:00:00,23.1,23.4,23.1,23.4,40548
2014-04-24 00:00:00,23.8,23.8,23.0,23.1,54913
2014-04-23 00:00:00,23.2,23.8,23.2,23.8,14467
2014-04-22 00:00:00,23.0,23.6,23.0,23.6,24680
2014-04-17 00:00:00,23.4,23.4,23.2,23.3,4971
2014-04-16 00:00:00,23.4,23.4,22.9,23.4,57816
2014-04-15 00:00:00,23.3,23.4,22.9,22.9,24538
2014-04-14 00:00:00,23.1,23.3,22.8,23.3,234787
2014-04-11 00:00:00,23.4,23.4,22.5,23.1,241787
2014-04-10 00:00:00,23.9,23.9,23.4,23.4,19912
2014-04-09 00:00:00,23.7,23.8,23.5,23.8,43144
2014-04-08 00:00:00,23.5,23.8,23.5,23.6,34652
2014-04-07 00:00:00,23.6,23.8,23.5,23.7,37624
2014-04-04 00:00:00,24.0,24.1,23.7,24.0,58996
2014-04-03 00:00:00,23.9,24.0,23.7,24.0,38794
2014-04-02 00:00:00,24.5,24.5,23.9,23.9,45197
2014-04-01 00:00:00,24.6,24.7,24.2,24.2,59168
2014-03-31 00:00:00,24.4,24.6,24.2,24.5,52508
2014-03-28 00:00:00,24.3,24.5,24.1,24.1,14095
2014-03-27 00:00:00,24.9,24.9,24.1,24.2,27276
2014-03-26 00:00:00,24.1,24.5,24.1,24.2,40919
2014-03-25 00:00:00,22.9,25.0,22.9,24.0,301567
2014-03-24 00:00:00,23.0,23.2,22.9,23.1,558055
2014-03-21 00:00:00,22.9,23.4,22.9,23.2,45165
2014-03-20 00:00:00,23.4,23.4,23.0,23.0,54597
2014-03-19 00:00:00,24.2,24.2,23.3,23.4,129339
2014-03-18 00:00:00,24.0,24.3,24.0,24.2,13062
2014-03-17 00:00:00,24.1,24.3,23.7,24.0,21515
2014-03-14 00:00:00,24.0,24.3,23.1,24.3,41223
2014-03-13 00:00:00,24.8,24.8,24.1,24.1,48254
2014-03-12 00:00:00,24.9,24.9,24.4,24.6,54662
2014-03-11 00:00:00,24.5,24.9,24.5,24.9,71280
2014-03-10 00:00:00,24.5,24.8,24.3,24.6,20227
2014-03-07 00:00:00,24.9,24.9,24.5,24.5,25295
2014-03-06 00:00:00,24.5,25.0,24.5,25.0,134036
2014-03-05 00:00:00,24.4,25.0,24.4,24.8,72611
2014-03-04 00:00:00,24.0,24.7,24.0,24.6,44490
2014-03-03 00:00:00,24.3,24.4,23.9,24.0,74859
2014-02-28 00:00:00,24.8,25.2,24.4,25.2,77065
2014-02-27 00:00:00,25.0,25.0,24.4,24.7,68643
2014-02-26 00:00:00,25.1,25.3,24.9,25.0,47289
2014-02-25 00:00:00,25.3,25.4,25.0,25.0,102192
2014-02-24 00:00:00,25.3,25.6,25.0,25.3,128994
2014-02-21 00:00:00,24.6,25.7,24.5,25.0,350656
2014-02-20 00:00:00,25.0,25.3,24.2,24.3,1429701
2014-02-19 00:00:00,24.1,24.2,23.9,24.1,31842
2014-02-18 00:00:00,23.9,24.0,23.8,24.0,43848
2014-02-17 00:00:00,23.8,24.2,23.8,23.8,54664
2014-02-14 00:00:00,23.4,24.0,23.4,23.9,91125
2014-02-13 00:00:00,23.2,23.4,23.1,23.4,24135
2014-02-12 00:00:00,23.3,23.7,23.2,23.3,48938
2014-02-11 00:00:00,22.7,23.3,22.7,23.3,537760
2014-02-10 00:00:00,22.9,22.9,22.7,22.7,100565
2014-02-07 00:00:00,22.9,23.3,22.9,22.9,65284
2014-02-06 00:00:00,22.7,23.0,22.7,22.9,40124
2014-02-05 00:00:00,22.8,23.2,22.6,22.6,29273
2014-02-04 00:00:00,23.1,23.1,22.7,22.8,57719
2014-02-03 00:00:00,23.5,24.0,23.3,23.3,63041
2014-01-31 00:00:00,24.0,24.3,23.3,23.9,99795
2014-01-30 00:00:00,24.0,24.0,23.6,23.7,50926
2014-01-29 00:00:00,24.0,24.2,23.6,23.8,394367
2014-01-28 00:00:00,23.6,24.0,23.3,24.0,115099
2014-01-27 00:00:00,23.5,23.6,23.2,23.5,50813
2014-01-24 00:00:00,24.4,24.4,23.6,23.7,102470
2014-01-23 00:00:00,24.5,24.5,24.2,24.4,50018
2014-01-22 00:00:00,24.7,24.7,24.3,24.5,35031
2014-01-21 00:00:00,24.7,25.0,24.4,24.6,313018
2014-01-20 00:00:00,25.0,25.0,24.3,25.0,136027
2014-01-17 00:00:00,24.7,25.0,24.7,25.0,54267
2014-01-16 00:00:00,24.8,25.0,24.7,25.0,50830
2014-01-15 00:00:00,25.3,25.4,24.8,25.0,80768
2014-01-14 00:00:00,25.8,25.8,25.2,25.5,34288
2014-01-13 00:00:00,26.2,26.3,25.5,25.8,747139
2014-01-10 00:00:00,26.4,26.6,26.1,26.5,94873
2014-01-09 00:00:00,26.6,26.7,26.4,26.5,71151
2014-01-08 00:00:00,26.6,26.7,26.5,26.7,63737
2014-01-07 00:00:00,27.0,27.0,26.0,26.5,135077
2014-01-06 00:00:00,,27.1,27.1,27.1,0
2014-01-03 00:00:00,26.8,27.5,26.6,27.1,92284
2014-01-02 00:00:00,26.3,26.7,25.9,26.7,39678
2013-12-31 00:00:00,,26.3,26.3,26.3,0
2013-12-30 00:00:00,25.5,26.5,25.5,26.3,64562
2013-12-27 00:00:00,25.8,26.0,25.2,25.6,40841
2013-12-23 00:00:00,24.8,25.9,24.8,25.8,67857
2013-12-20 00:00:00,24.5,25.0,24.5,24.8,64116
2013-12-19 00:00:00,24.6,24.8,24.3,24.7,57870
2013-12-18 00:00:00,23.8,24.5,23.8,24.4,46807
2013-12-17 00:00:00,24.3,24.3,23.5,23.6,33983
2013-12-16 00:00:00,24.2,24.8,23.8,24.3,85373
2013-12-13 00:00:00,24.1,24.4,23.8,24.1,31120
2013-12-12 00:00:00,24.7,24.7,24.0,24.2,67013
2013-12-11 00:00:00,24.3,24.9,24.3,24.9,49801
2013-12-10 00:00:00,24.9,25.2,24.3,24.6,114204
2013-12-09 00:00:00,25.5,25.5,24.9,25.2,311003
2013-12-06 00:00:00,26.5,26.5,25.9,26.0,60833
2013-12-05 00:00:00,26.0,26.8,25.9,26.3,123107
2013-12-04 00:00:00,27.0,27.0,26.0,26.0,20357
2013-12-03 00:00:00,26.3,26.8,26.2,26.3,100929
2013-12-02 00:00:00,27.0,27.2,26.3,26.3,63043
2013-11-29 00:00:00,27.0,27.6,26.5,27.2,74293
2013-11-28 00:00:00,27.4,27.6,26.7,27.0,167118
2013-11-27 00:00:00,27.6,27.7,26.9,27.3,90065
2013-11-26 00:00:00,26.7,27.4,26.3,27.4,169547
2013-11-25 00:00:00,27.2,27.2,25.9,26.3,94298
2013-11-22 00:00:00,27.0,27.3,26.0,27.3,239948
2013-11-21 00:00:00,26.1,27.8,25.4,27.0,2787044
2013-11-20 00:00:00,24.3,24.5,24.1,24.3,50832
2013-11-19 00:00:00,24.9,25.0,24.7,24.8,20823
2013-11-18 00:00:00,24.4,24.9,24.4,24.8,30052
2013-11-15 00:00:00,24.7,24.7,24.1,24.4,12661
2013-11-14 00:00:00,24.6,24.7,24.5,24.7,24902
2013-11-13 00:00:00,25.1,25.1,23.9,24.8,75841
2013-11-12 00:00:00,26.1,26.1,24.5,25.5,79840
2013-11-11 00:00:00,26.6,26.9,25.7,26.1,35150
2013-11-08 00:00:00,26.0,26.4,25.6,26.4,51532
2013-11-07 00:00:00,26.5,26.5,26.0,26.4,145467
2013-11-06 00:00:00,26.0,26.4,25.6,26.0,66709
2013-11-05 00:00:00,24.6,26.4,24.6,25.5,94269
2013-11-04 00:00:00,24.5,25.3,24.5,24.9,113602
2013-11-01 00:00:00,24.6,24.6,24.2,24.5,6894
2013-10-31 00:00:00,23.9,24.7,23.9,24.7,17213
2013-10-30 00:00:00,23.8,24.7,23.7,24.5,454564
2013-10-29 00:00:00,23.9,24.2,23.6,24.2,185081
2013-10-28 00:00:00,24.3,24.3,23.9,24.3,160909
2013-10-25 00:00:00,24.3,24.5,23.6,24.2,94848
2013-10-24 00:00:00,24.0,24.3,24.0,24.2,19463
2013-10-23 00:00:00,24.5,24.5,24.0,24.0,13162
2013-10-22 00:00:00,24.0,24.6,23.5,24.2,68141
2013-10-21 00:00:00,24.5,24.5,23.8,24.0,224850
2013-10-18 00:00:00,24.0,24.5,24.0,24.4,29936
2013-10-17 00:00:00,24.4,24.4,23.7,24.0,26699
2013-10-16 00:00:00,23.7,23.8,23.3,23.8,52856
2013-10-15 00:00:00,24.0,24.2,23.6,23.9,61054
2013-10-14 00:00:00,23.9,24.3,23.6,23.8,62476
2013-10-11 00:00:00,24.4,24.6,23.5,24.6,91150
2013-10-10 00:00:00,24.3,24.8,24.3,24.4,45920
2013-10-09 00:00:00,24.6,24.8,24.4,24.4,49698
2013-10-08 00:00:00,24.9,25.0,24.4,24.8,55729
2013-10-07 00:00:00,24.9,24.9,24.3,24.9,93558
2013-10-04 00:00:00,24.5,25.0,24.4,25.0,114060
2013-10-03 00:00:00,24.8,24.9,24.5,24.8,103758
2013-10-02 00:00:00,25.0,25.2,24.0,24.8,220229
2013-10-01 00:00:00,24.9,25.1,24.2,25.0,174659
2013-09-30 00:00:00,25.3,25.3,23.5,24.9,178171
2013-09-27 00:00:00,25.5,25.6,25.2,25.3,35654
2013-09-26 00:00:00,25.7,25.9,25.4,25.5,60084
2013-09-25 00:00:00,26.1,26.1,25.3,25.7,65751
2013-09-24 00:00:00,26.6,26.6,25.5,26.2,48358
2013-09-23 00:00:00,25.9,26.5,25.5,25.8,46068
2013-09-20 00:00:00,25.7,25.9,25.4,25.9,26752
2013-09-19 00:00:00,25.9,26.4,25.3,25.5,78162
2013-09-18 00:00:00,25.5,25.8,25.5,25.8,63546
2013-09-17 00:00:00,25.4,25.6,25.3,25.3,4042814
2013-09-16 00:00:00,25.8,25.8,25.3,25.7,43410
2013-09-13 00:00:00,25.6,25.8,25.5,25.6,81567
2013-09-12 00:00:00,25.0,25.6,25.0,25.6,46234
2013-09-11 00:00:00,25.0,25.2,25.0,25.2,71856
2013-09-10 00:00:00,25.0,25.2,25.0,25.1,65915
2013-09-09 00:00:00,25.0,25.0,24.7,25.0,134874
2013-09-06 00:00:00,24.6,24.7,24.1,24.6,166513
2013-09-05 00:00:00,24.9,24.9,24.4,24.5,35603
2013-09-04 00:00:00,24.8,24.9,24.4,24.9,35680
2013-09-03 00:00:00,24.8,25.0,24.4,24.9,25852
2013-09-02 00:00:00,24.2,24.7,24.2,24.7,53260
2013-08-30 00:00:00,24.5,24.6,24.2,24.2,48269
2013-08-29 00:00:00,25.0,25.0,24.5,24.5,28787
2013-08-28 00:00:00,24.5,25.0,24.5,25.0,70715
2013-08-27 00:00:00,25.2,25.2,24.6,25.1,82124
2013-08-26 00:00:00,24.9,25.2,24.7,25.2,68655
2013-08-23 00:00:00,24.0,24.6,23.8,24.5,152542
2013-08-22 00:00:00,24.5,24.8,24.2,24.3,182982
2013-08-21 00:00:00,24.5,25.0,23.8,24.1,538984
2013-08-20 00:00:00,26.0,26.0,25.3,25.5,73147
2013-08-19 00:00:00,25.4,25.9,25.3,25.9,97686
2013-08-16 00:00:00,24.8,25.2,24.4,25.2,77655
2013-08-15 00:00:00,24.8,24.9,24.4,24.9,49892
2013-08-14 00:00:00,24.1,24.8,24.1,24.8,12306
2013-08-13 00:00:00,24.9,24.9,24.0,24.1,64615
2013-08-12 00:00:00,25.0,25.0,24.5,24.5,101682
2013-08-09 00:00:00,25.0,25.0,24.6,24.9,32769
2013-08-08 00:00:00,24.8,25.0,24.4,25.0,62900
2013-08-07 00:00:00,23.9,24.7,23.8,24.3,73084
2013-08-06 00:00:00,24.2,24.9,23.8,23.8,95798
2013-08-05 00:00:00,24.5,24.6,23.6,24.3,119765
2013-08-02 00:00:00,23.4,23.4,22.9,23.2,5287
2013-08-01 00:00:00,22.8,23.3,22.8,23.3,22051
2013-07-31 00:00:00,23.0,23.6,22.8,22.9,32177
2013-07-30 00:00:00,22.6,23.3,22.6,23.0,44585
2013-07-29 00:00:00,23.3,23.8,22.6,22.6,25551
2013-07-26 00:00:00,22.8,23.3,22.8,23.3,11895
2013-07-25 00:00:00,23.1,23.5,23.1,23.3,5250
2013-07-24 00:00:00,22.1,23.9,22.1,23.3,7847
2013-07-23 00:00:00,21.8,23.4,21.8,23.3,23088
2013-07-22 00:00:00,23.6,23.7,22.8,22.8,16661
2013-07-19 00:00:00,23.3,24.0,23.2,24.0,51008
2013-07-18 00:00:00,23.2,23.4,23.2,23.4,11704
2013-07-17 00:00:00,23.7,23.7,22.9,23.4,28101
2013-07-16 00:00:00,23.2,23.6,23.2,23.6,18460
2013-07-15 00:00:00,22.3,23.8,22.3,23.8,10112
2013-07-12 00:00:00,23.5,23.7,23.2,23.4,19005
2013-07-11 00:00:00,22.7,23.6,22.4,23.6,32000
2013-07-10 00:00:00,21.6,23.0,21.5,22.7,82200
2013-07-09 00:00:00,21.3,21.7,21.3,21.5,18000
2013-07-08 00:00:00,21.2,21.9,21.2,21.5,40081
2013-07-05 00:00:00,21.1,21.4,21.0,21.2,17443
2013-07-04 00:00:00,21.5,21.5,21.0,21.1,23749
2013-07-03 00:00:00,20.6,21.4,20.3,21.4,66806
2013-07-02 00:00:00,21.0,21.3,20.2,20.6,69477
2013-07-01 00:00:00,21.7,21.9,20.8,21.0,115074
2013-06-28 00:00:00,21.8,22.0,21.2,21.7,94351
2013-06-27 00:00:00,21.7,21.9,21.7,21.9,41867
2013-06-26 00:00:00,22.1,22.4,21.6,21.8,66436
2013-06-25 00:00:00,22.1,22.2,21.9,22.0,36784
2013-06-24 00:00:00,22.5,22.5,22.0,22.1,71561
2013-06-21 00:00:00,,22.5,22.5,22.5,0
2013-06-20 00:00:00,23.3,23.3,22.2,22.5,124774
2013-06-19 00:00:00,23.7,23.9,23.0,23.3,803173
2013-06-18 00:00:00,24.0,24.1,23.7,23.7,24250
2013-06-17 00:00:00,23.9,24.1,23.7,24.1,45715
2013-06-14 00:00:00,24.5,24.5,23.8,23.9,33258
2013-06-13 00:00:00,23.7,24.3,23.5,24.3,67384
2013-06-12 00:00:00,23.7,24.2,23.7,23.9,21842
2013-06-11 00:00:00,23.8,24.1,23.5,24.1,24978
2013-06-10 00:00:00,24.6,24.6,23.7,24.0,28371
2013-06-07 00:00:00,23.8,24.1,23.8,24.1,48110
2013-06-06 00:00:00,,24.1,24.1,24.1,0
2013-06-05 00:00:00,24.2,24.4,23.9,24.1,59803
2013-06-04 00:00:00,24.1,24.5,23.9,24.3,69932
2013-06-03 00:00:00,24.7,24.7,23.9,24.0,42943
2013-05-31 00:00:00,24.1,24.7,24.1,24.7,71461
2013-05-30 00:00:00,24.1,24.6,24.0,24.3,56222
2013-05-29 00:00:00,24.5,24.5,23.5,24.2,81293
2013-05-28 00:00:00,25.0,25.0,24.5,24.6,122067
2013-05-27 00:00:00,23.5,25.0,23.0,24.7,219527
2013-05-24 00:00:00,22.3,23.3,22.2,23.0,190216
2013-05-23 00:00:00,21.2,22.0,21.2,22.0,133557
2013-05-22 00:00:00,21.9,22.2,21.5,21.9,28694
2013-05-21 00:00:00,21.8,22.1,21.8,22.1,33738
2013-05-20 00:00:00,22.2,22.2,21.6,21.8,15577
2013-05-17 00:00:00,22.0,22.2,21.7,22.2,68818
2013-05-16 00:00:00,22.0,22.3,21.8,22.0,49885
2013-05-15 00:00:00,21.6,22.0,21.3,22.0,83550
2013-05-14 00:00:00,21.6,21.9,21.6,21.6,14633
2013-05-13 00:00:00,21.4,21.8,21.4,21.6,31066
2013-05-10 00:00:00,21.3,21.7,21.3,21.4,34003
2013-05-09 00:00:00,,21.3,21.3,21.3,0
2013-05-08 00:00:00,21.9,22.0,21.2,21.3,90532
2013-05-07 00:00:00,21.9,21.9,21.3,21.8,31358
2013-05-06 00:00:00,22.1,22.1,21.3,21.4,32996
2013-05-03 00:00:00,21.3,22.0,21.3,22.0,26355
2013-05-02 00:00:00,22.2,22.2,21.1,21.2,60259
2013-05-01 00:00:00,,22.2,22.2,22.2,0
2013-04-30 00:00:00,22.0,22.2,21.7,22.2,64458
2013-04-29 00:00:00,21.5,22.0,21.3,21.8,341037
2013-04-26 00:00:00,21.3,21.3,20.8,21.3,14126
2013-04-25 00:00:00,20.7,21.2,20.6,20.9,125369
2013-04-24 00:00:00,21.0,21.1,20.6,20.7,111031
2013-04-23 00:00:00,21.5,21.5,21.1,21.2,61978
2013-04-22 00:00:00,21.8,22.3,21.4,21.5,47081
2013-04-19 00:00:00,22.4,22.6,21.8,21.8,70559
2013-04-18 00:00:00,22.8,22.8,22.0,22.2,59440
2013-04-17 00:00:00,23.4,23.4,22.5,22.6,34020
2013-04-16 00:00:00,22.8,23.5,22.3,23.2,74022
2013-04-15 00:00:00,23.3,23.3,22.8,22.8,25422
2013-04-12 00:00:00,22.7,23.3,22.6,23.3,37577
2013-04-11 00:00:00,23.4,23.6,23.0,23.0,22838
2013-04-10 00:00:00,23.0,23.4,22.8,23.4,25946
2013-04-09 00:00:00,23.0,23.2,22.7,23.0,39078
2013-04-08 00:00:00,23.2,24.0,22.2,23.4,55984
2013-04-05 00:00:00,24.2,24.2,23.1,23.2,28093
2013-04-04 00:00:00,24.5,24.6,24.0,24.1,18369
2013-04-03 00:00:00,24.8,24.8,24.3,24.3,29621
2013-04-02 00:00:00,24.8,24.9,24.1,24.7,41249
2013-04-01 00:00:00,,24.8,24.8,24.8,0
2013-03-29 00:00:00,24.0,24.8,24.8,24.8,93469
2013-03-28 00:00:00,24.0,24.8,24.0,24.4,93469
2013-03-27 00:00:00,24.0,24.8,24.0,24.4,93469
2013-03-26 00:00:00,24.4,24.5,24.3,24.4,69062
2013-03-25 00:00:00,24.5,24.7,24.0,24.3,102234
2013-03-22 00:00:00,24.2,24.5,23.6,24.0,33466
2013-03-21 00:00:00,24.8,24.8,24.0,24.2,44696
2013-03-20 00:00:00,24.5,25.0,24.5,24.6,110947
2013-03-19 00:00:00,24.5,24.8,23.4,24.5,211946
2013-03-18 00:00:00,25.0,25.0,24.4,24.4,58305
2013-03-15 00:00:00,24.9,25.0,24.8,25.0,35585
2013-03-14 00:00:00,25.8,25.8,24.9,24.9,165219
2013-03-13 00:00:00,25.4,25.6,24.8,25.1,81753
2013-03-12 00:00:00,25.6,25.6,25.0,25.4,223788
2013-03-11 00:00:00,25.0,25.2,24.7,25.2,113510
2013-03-08 00:00:00,25.1,25.3,24.7,24.8,109923
2013-03-07 00:00:00,25.5,26.1,24.8,24.9,109294
2013-03-06 00:00:00,26.2,26.5,25.5,25.5,231841
2013-03-05 00:00:00,26.0,27.1,26.0,26.1,274160
2013-03-04 00:00:00,27.0,28.0,24.7,26.0,276472
2013-03-01 00:00:00,24.2,24.4,23.5,24.1,20733
2013-02-28 00:00:00,23.9,24.5,23.7,24.5,133085
2013-02-27 00:00:00,24.5,24.5,23.5,23.8,32106
2013-02-26 00:00:00,24.2,24.9,23.1,24.8,86032
2013-02-25 00:00:00,24.4,25.1,24.1,24.2,189068
2013-02-22 00:00:00,23.6,24.4,22.9,24.4,213616
2013-02-21 00:00:00,24.0,24.1,23.4,23.6,62110
2013-02-20 00:00:00,23.5,24.1,23.3,24.1,80412
2013-02-19 00:00:00,23.5,23.5,21.5,23.5,610448
2013-02-18 00:00:00,23.4,25.0,23.0,24.7,81489
2013-02-15 00:00:00,22.6,24.0,22.4,24.0,97365
2013-02-14 00:00:00,22.5,22.6,22.1,22.2,37687
2013-02-13 00:00:00,21.6,22.6,21.6,22.6,76727
2013-02-12 00:00:00,22.0,22.0,21.5,21.9,23172
2013-02-11 00:00:00,22.0,22.0,21.3,21.7,51775
2013-02-08 00:00:00,22.5,22.5,22.0,22.5,21263
2013-02-07 00:00:00,22.3,22.4,22.3,22.3,14207
2013-02-06 00:00:00,22.4,22.5,22.1,22.5,59405
2013-02-05 00:00:00,22.3,22.5,22.3,22.4,8752
2013-02-04 00:00:00,22.7,22.7,22.2,22.4,31292
2013-02-01 00:00:00,22.1,22.5,22.1,22.4,10287
2013-01-31 00:00:00,22.4,22.4,22.0,22.1,45536
2013-01-30 00:00:00,22.5,22.7,22.3,22.5,62070
2013-01-29 00:00:00,22.0,22.9,22.0,22.7,51953
2013-01-28 00:00:00,22.5,22.5,22.0,22.3,122107
2013-01-25 00:00:00,22.7,22.7,22.2,22.5,73315
2013-01-24 00:00:00,22.2,22.5,22.0,22.2,118224
2013-01-23 00:00:00,22.7,22.7,22.0,22.0,29391
2013-01-22 00:00:00,22.4,22.6,22.4,22.6,4184
2013-01-21 00:00:00,22.6,22.6,22.2,22.6,16339
2013-01-18 00:00:00,22.0,22.6,22.0,22.6,48842
2013-01-17 00:00:00,21.5,22.4,21.5,22.0,28462
2013-01-16 00:00:00,22.3,22.3,22.0,22.0,18421
2013-01-15 00:00:00,21.6,22.4,20.5,22.4,50610
2013-01-14 00:00:00,22.0,22.3,21.6,21.6,17660
2013-01-11 00:00:00,21.6,22.0,21.6,21.9,14650
2013-01-10 00:00:00,21.5,22.0,21.5,22.0,3290
2013-01-09 00:00:00,22.5,22.5,21.6,21.6,23488
2013-01-08 00:00:00,21.7,21.9,21.5,21.5,20044
2013-01-07 00:00:00,21.9,21.9,21.5,21.5,16894
2013-01-04 00:00:00,22.5,22.5,21.5,21.9,61787
2013-01-03 00:00:00,22.4,22.5,22.1,22.5,21634
2013-01-02 00:00:00,23.3,23.5,22.0,22.4,35363
2013-01-01 00:00:00,,22.4,22.4,22.4,0
2012-12-31 00:00:00,,22.4,22.4,22.4,0
2012-12-28 00:00:00,22.0,22.8,22.0,22.4,132178
2012-12-27 00:00:00,21.5,22.3,21.5,22.0,56085
2012-12-26 00:00:00,,21.5,21.5,21.5,0
2012-12-25 00:00:00,,21.5,21.5,21.5,0
2012-12-24 00:00:00,,21.5,21.5,21.5,0
2012-12-21 00:00:00,20.9,21.7,20.9,21.5,60896
2012-12-20 00:00:00,21.4,21.5,20.7,20.9,82148
2012-12-19 00:00:00,19.8,21.2,19.8,21.0,101290
2012-12-18 00:00:00,20.4,20.5,19.3,19.8,116024
2012-12-17 00:00:00,20.8,21.3,20.3,20.7,70985
2012-12-14 00:00:00,20.4,21.6,20.4,21.4,160924
2012-12-13 00:00:00,20.1,20.8,20.1,20.8,50942
2012-12-12 00:00:00,19.8,20.1,19.8,19.9,55751
2012-12-11 00:00:00,19.5,20.2,19.5,19.8,93165
2012-12-10 00:00:00,19.5,19.9,19.1,19.7,69115
2012-12-07 00:00:00,19.1,19.6,18.9,19.0,61380
2012-12-06 00:00:00,18.2,19.0,18.2,18.6,81807
2012-12-05 00:00:00,17.5,18.6,17.5,18.4,41763
2012-12-04 00:00:00,17.6,18.0,17.6,17.8,73079
2012-12-03 00:00:00,17.5,18.0,17.5,17.8,33831
2012-11-30 00:00:00,18.0,18.0,17.2,18.0,103146
2012-11-29 00:00:00,17.5,17.5,17.2,17.5,42642
2012-11-28 00:00:00,17.4,17.7,17.1,17.4,26377
2012-11-27 00:00:00,17.4,17.7,17.3,17.4,116082
2012-11-26 00:00:00,18.0,18.0,16.9,17.4,536235
2012-11-23 00:00:00,18.3,18.3,17.9,18.0,39371
2012-11-22 00:00:00,17.8,18.3,17.2,18.3,292772
2012-11-21 00:00:00,18.0,18.7,16.3,17.8,419440
2012-11-20 00:00:00,18.8,19.2,18.5,19.2,20490
2012-11-19 00:00:00,18.8,19.0,18.6,19.0,211140
2012-11-16 00:00:00,18.3,19.0,18.3,18.8,57030
2012-11-15 00:00:00,18.3,19.0,18.3,19.0,187582
2012-11-14 00:00:00,18.5,19.0,18.4,19.0,31309
2012-11-13 00:00:00,18.4,18.8,18.4,18.6,20361
2012-11-12 00:00:00,19.1,19.5,18.5,18.8,41540
2012-11-09 00:00:00,19.5,19.5,19.0,19.1,22643
2012-11-08 00:00:00,19.3,19.5,19.2,19.4,19409
2012-11-07 00:00:00,19.8,19.9,19.5,19.5,12675
2012-11-06 00:00:00,19.6,20.1,19.3,20.0,124722
2012-11-05 00:00:00,19.5,19.7,19.2,19.6,51961
2012-11-02 00:00:00,19.5,19.5,19.2,19.2,4829
2012-11-01 00:00:00,19.4,19.5,19.2,19.5,317128
2012-10-31 00:00:00,19.2,19.9,19.2,19.2,349290
2012-10-30 00:00:00,19.8,19.8,19.3,19.3,8724
2012-10-29 00:00:00,19.3,20.0,19.2,19.8,29300
2012-10-26 00:00:00,20.0,20.1,19.3,20.0,31248
2012-10-25 00:00:00,20.0,20.0,19.7,20.0,7352
2012-10-24 00:00:00,19.6,20.0,19.6,20.0,19250
2012-10-23 00:00:00,20.3,20.3,19.7,20.0,66045
2012-10-22 00:00:00,20.1,20.5,20.1,20.3,13142
2012-10-19 00:00:00,20.2,20.5,20.2,20.2,12678
2012-10-18 00:00:00,20.4,20.4,20.1,20.2,17522
2012-10-17 00:00:00,20.7,20.7,20.2,20.4,67541
2012-10-16 00:00:00,20.8,20.8,20.4,20.5,42647
2012-10-15 00:00:00,20.6,20.9,20.4,20.7,32346
2012-10-12 00:00:00,20.7,20.9,20.4,20.9,80009
2012-10-11 00:00:00,21.1,21.2,20.6,21.0,80364
2012-10-10 00:00:00,21.6,22.0,21.1,21.1,25838
2012-10-09 00:00:00,22.3,22.6,21.6,21.6,50011
2012-10-08 00:00:00,22.6,22.6,22.3,22.5,17684
2012-10-05 00:00:00,22.5,22.7,22.3,22.7,20011
2012-10-04 00:00:00,22.3,22.7,22.3,22.7,65381
2012-10-03 00:00:00,22.5,22.9,22.5,22.5,13149
2012-10-02 00:00:00,22.7,23.0,22.5,22.5,41163
2012-10-01 00:00:00,23.0,23.0,22.7,22.7,23234
2012-09-28 00:00:00,22.6,23.0,22.6,23.0,29752
2012-09-27 00:00:00,22.8,22.9,22.5,22.9,164404
2012-09-26 00:00:00,23.1,23.1,22.3,22.8,21750
2012-09-25 00:00:00,22.9,23.0,22.8,22.8,28734
2012-09-24 00:00:00,23.0,23.1,22.8,22.9,58918
2012-09-21 00:00:00,22.0,22.5,22.0,22.5,15628
2012-09-20 00:00:00,22.4,22.4,22.0,22.4,31081
2012-09-19 00:00:00,22.7,23.0,22.4,22.6,36184
2012-09-18 00:00:00,22.6,22.9,22.4,22.6,18380
2012-09-17 00:00:00,23.2,23.2,22.5,23.0,46773
2012-09-14 00:00:00,23.1,23.5,23.1,23.2,44891
2012-09-13 00:00:00,22.6,23.1,22.6,23.1,14998
2012-09-12 00:00:00,22.9,23.0,22.4,22.6,20899
2012-09-11 00:00:00,23.2,23.3,22.7,23.1,28847
2012-09-10 00:00:00,23.2,23.5,22.5,23.1,18622
2012-09-07 00:00:00,23.6,23.6,22.6,23.4,39303
2012-09-06 00:00:00,23.3,23.8,22.8,23.8,17959
2012-09-05 00:00:00,23.7,23.7,23.2,23.5,10745
2012-09-04 00:00:00,23.3,23.5,22.8,23.5,28463
2012-09-03 00:00:00,22.8,23.3,22.5,23.1,48985
2012-08-31 00:00:00,22.0,22.7,22.0,22.4,16336
2012-08-30 00:00:00,23.2,23.3,21.9,22.2,25150
2012-08-29 00:00:00,22.0,22.7,22.0,22.5,12915
2012-08-28 00:00:00,22.3,22.9,22.3,22.4,14599
2012-08-27 00:00:00,22.5,23.5,22.5,22.6,34074
2012-08-24 00:00:00,22.9,23.5,22.5,23.5,12530
2012-08-23 00:00:00,23.0,23.5,22.3,22.7,15462
2012-08-22 00:00:00,22.1,22.8,22.1,22.7,10612
2012-08-21 00:00:00,22.2,23.0,22.2,22.8,16268
2012-08-20 00:00:00,22.3,23.0,22.3,23.0,10482
2012-08-17 00:00:00,22.5,22.9,22.1,22.6,23007
2012-08-16 00:00:00,22.2,23.3,22.2,22.3,6347
2012-08-15 00:00:00,23.0,23.1,22.0,22.2,16312
2012-08-14 00:00:00,23.5,23.7,23.0,23.4,3001
2012-08-13 00:00:00,23.1,23.2,23.1,23.1,2977
2012-08-10 00:00:00,23.6,24.0,23.2,23.2,16247
2012-08-09 00:00:00,23.9,24.0,23.8,24.0,16028
2012-08-08 00:00:00,22.9,23.9,22.4,23.9,9641
2012-08-07 00:00:00,22.5,23.3,22.5,23.2,25461
2012-08-06 00:00:00,23.4,24.0,22.5,22.8,44360
2012-08-03 00:00:00,22.1,24.0,22.1,23.4,25509
2012-08-02 00:00:00,21.8,22.8,21.6,22.0,16687
2012-08-01 00:00:00,21.5,22.4,21.5,21.8,11023
2012-07-31 00:00:00,21.1,21.7,21.1,21.5,14304
2012-07-30 00:00:00,21.0,22.3,21.0,21.7,19817
2012-07-27 00:00:00,21.0,22.0,20.9,21.5,29455
2012-07-26 00:00:00,22.1,22.5,20.8,21.3,15955
2012-07-25 00:00:00,21.0,21.8,21.0,21.8,7655
2012-07-24 00:00:00,20.7,21.3,20.7,21.3,14989
2012-07-23 00:00:00,21.9,22.1,20.5,20.5,26157
2012-07-20 00:00:00,22.4,22.4,21.9,21.9,10931
2012-07-19 00:00:00,22.0,22.4,22.0,22.4,9695
2012-07-18 00:00:00,22.5,22.5,21.8,22.4,10434
2012-07-17 00:00:00,22.7,22.7,22.0,22.7,14106
2012-07-16 00:00:00,22.4,22.5,22.1,22.2,12481
2012-07-13 00:00:00,22.6,22.7,22.2,22.3,37496
2012-07-12 00:00:00,23.5,23.5,22.7,22.8,2705
2012-07-11 00:00:00,23.9,23.9,23.1,23.5,23658
2012-07-10 00:00:00,23.7,24.0,23.5,23.9,5011
2012-07-09 00:00:00,23.8,24.4,23.6,24.0,27563
2012-07-06 00:00:00,24.4,24.6,24.0,24.0,19786
2012-07-05 00:00:00,24.5,24.8,23.6,24.8,63084
2012-07-04 00:00:00,24.5,25.0,23.5,24.8,73858
2012-07-03 00:00:00,22.9,25.0,22.3,25.0,112150
2012-07-02 00:00:00,22.4,24.7,22.4,22.9,94186
2012-06-29 00:00:00,20.7,22.9,20.7,22.8,105921
2012-06-28 00:00:00,20.1,20.6,20.1,20.5,32677
2012-06-27 00:00:00,20.5,20.5,20.0,20.0,5909
2012-06-26 00:00:00,19.6,20.1,19.6,20.1,42790
2012-06-25 00:00:00,20.0,20.0,19.3,19.5,62935
2012-06-22 00:00:00,,20.1,20.1,20.1,0
2012-06-21 00:00:00,21.0,21.0,19.7,20.1,48545
2012-06-20 00:00:00,21.1,21.4,20.5,21.0,136355
2012-06-19 00:00:00,21.5,22.0,21.1,21.1,22037
2012-06-18 00:00:00,21.9,22.0,21.5,21.5,30868
2012-06-15 00:00:00,21.6,22.1,21.6,21.7,24984
2012-06-14 00:00:00,21.5,21.6,21.1,21.5,31576
2012-06-13 00:00:00,21.8,22.0,21.6,21.6,33617
2012-06-12 00:00:00,21.8,22.0,21.5,22.0,26140
2012-06-11 00:00:00,21.9,22.5,21.5,21.7,45142
2012-06-08 00:00:00,22.4,22.4,21.9,22.1,15241
2012-06-07 00:00:00,22.2,22.5,22.1,22.5,8498
2012-06-06 00:00:00,,22.0,22.0,22.0,0
2012-06-05 00:00:00,22.0,22.1,21.9,22.0,25241
2012-06-04 00:00:00,22.9,22.9,21.5,21.8,83546
2012-06-01 00:00:00,23.7,23.7,22.8,22.8,137693
2012-05-31 00:00:00,23.0,23.6,22.7,23.6,480815
2012-05-30 00:00:00,23.0,23.0,22.6,22.7,45228
2012-05-29 00:00:00,23.0,23.0,22.6,23.0,22858
2012-05-28 00:00:00,22.8,23.0,22.5,23.0,38046
2012-05-25 00:00:00,23.2,23.2,22.4,22.8,85962
2012-05-24 00:00:00,23.0,23.0,22.5,22.8,52952
2012-05-23 00:00:00,22.9,23.0,22.6,23.0,29205
2012-05-22 00:00:00,23.4,23.5,22.8,22.9,81423
2012-05-21 00:00:00,23.0,23.4,22.7,23.4,68802
2012-05-18 00:00:00,22.5,23.1,22.3,23.1,76831
2012-05-17 00:00:00,,22.9,22.9,22.9,0
2012-05-16 00:00:00,22.9,22.9,22.8,22.9,30103
2012-05-15 00:00:00,23.1,23.1,22.8,23.0,27618
2012-05-14 00:00:00,23.3,23.3,22.5,23.1,83416
2012-05-11 00:00:00,22.1,22.9,22.1,22.5,40354
2012-05-10 00:00:00,22.3,22.7,22.2,22.2,110076
2012-05-09 00:00:00,22.0,22.3,21.8,22.0,129203
2012-05-08 00:00:00,22.0,22.2,21.7,22.0,102936
2012-05-07 00:00:00,21.6,22.0,21.6,22.0,130643
2012-05-04 00:00:00,22.5,22.5,21.6,22.0,126991
2012-05-03 00:00:00,23.6,23.6,22.4,22.6,252840
2012-05-02 00:00:00,24.0,24.5,23.5,24.0,134155
2012-05-01 00:00:00,,24.2,24.2,24.2,0
2012-04-30 00:00:00,24.0,24.6,24.0,24.2,25305
2012-04-27 00:00:00,23.3,24.3,23.3,24.0,135299
2012-04-26 00:00:00,23.5,23.5,23.2,23.3,51332
2012-04-25 00:00:00,23.0,23.7,23.0,23.4,361690
2012-04-24 00:00:00,23.1,24.0,23.1,23.4,56417
2012-04-23 00:00:00,23.4,23.6,23.0,23.4,55715
2012-04-20 00:00:00,24.0,24.4,23.8,23.9,26907
2012-04-19 00:00:00,24.9,24.9,24.0,24.5,121643
2012-04-18 00:00:00,24.3,24.5,23.8,24.3,76536
2012-04-17 00:00:00,24.5,24.5,23.5,24.3,39874
2012-04-16 00:00:00,23.5,24.2,23.2,23.4,37168
2012-04-13 00:00:00,23.7,24.3,23.7,24.0,36205
2012-04-12 00:00:00,24.0,24.0,23.4,23.9,12514
2012-04-11 00:00:00,24.0,24.0,23.1,23.3,38591
2012-04-10 00:00:00,23.6,23.9,23.0,23.1,55325
2012-04-09 00:00:00,,24.0,24.0,24.0,0
2012-04-06 00:00:00,,24.0,24.0,24.0,0
2012-04-05 00:00:00,24.0,24.3,24.0,24.0,24278
2012-04-04 00:00:00,24.6,24.6,23.8,23.9,78410
2012-04-03 00:00:00,25.1,25.4,24.8,24.8,165484
2012-04-02 00:00:00,25.7,25.7,25.1,25.7,16960
2012-03-30 00:00:00,25.1,25.6,24.7,25.6,178165
2012-03-29 00:00:00,25.1,25.5,24.7,25.0,42726
2012-03-28 00:00:00,25.4,25.7,25.0,25.5,39661
2012-03-27 00:00:00,26.1,26.3,25.7,25.7,19173
2012-03-26 00:00:00,25.8,26.0,25.4,26.0,27238
2012-03-23 00:00:00,25.3,25.8,25.0,25.8,64649
2012-03-22 00:00:00,25.7,25.7,25.1,25.5,30076
2012-03-21 00:00:00,25.9,26.2,25.3,25.7,42072
2012-03-20 00:00:00,26.3,26.3,25.5,25.9,42535
2012-03-19 00:00:00,26.1,26.4,25.2,26.3,89870
2012-03-16 00:00:00,25.4,25.5,25.0,25.0,74682
2012-03-15 00:00:00,26.3,26.3,25.0,25.0,167553
2012-03-14 00:00:00,27.2,27.4,26.3,26.3,53828
2012-03-13 00:00:00,26.5,27.5,25.7,27.0,34660
2012-03-12 00:00:00,26.3,26.9,26.1,26.8,34970
2012-03-09 00:00:00,26.2,26.9,25.7,26.4,33897
2012-03-08 00:00:00,24.7,26.4,24.5,26.2,100698
2012-03-07 00:00:00,24.7,25.3,24.5,24.5,54490
2012-03-06 00:00:00,25.5,25.5,24.6,24.7,84021
2012-03-05 00:00:00,25.6,26.4,25.6,26.4,35029
2012-03-02 00:00:00,26.5,26.6,25.8,26.1,115186
2012-03-01 00:00:00,26.6,27.0,26.4,26.4,90281
2012-02-29 00:00:00,27.1,27.4,26.5,27.2,83606
2012-02-28 00:00:00,26.9,27.4,26.9,27.1,48705
2012-02-27 00:00:00,27.4,27.4,26.8,27.1,66829
2012-02-24 00:00:00,27.2,28.0,27.0,27.4,116430
2012-02-23 00:00:00,29.4,29.4,26.6,27.2,191874
2012-02-22 00:00:00,28.0,28.5,27.5,28.3,107286
2012-02-21 00:00:00,27.5,28.4,27.3,28.0,91943
2012-02-20 00:00:00,25.7,27.5,25.7,27.2,230327
2012-02-17 00:00:00,25.5,25.9,25.2,25.7,57149
2012-02-16 00:00:00,24.7,25.3,24.7,24.9,129293
2012-02-15 00:00:00,25.0,25.5,24.5,25.0,66137
2012-02-14 00:00:00,25.7,25.7,25.0,25.2,60918
2012-02-13 00:00:00,25.7,26.4,25.4,25.8,24556
2012-02-10 00:00:00,26.0,26.4,26.0,26.3,63591
2012-02-09 00:00:00,26.4,26.6,26.0,26.0,43445
2012-02-08 00:00:00,27.0,27.0,26.4,26.4,38567
2012-02-07 00:00:00,27.2,27.3,26.5,27.0,34592
2012-02-06 00:00:00,26.5,26.7,26.0,26.7,31501
2012-02-03 00:00:00,26.5,26.9,26.5,26.8,46980
2012-02-02 00:00:00,26.0,26.8,25.9,26.7,169614
2012-02-01 00:00:00,26.2,26.7,25.9,26.2,82408
2012-01-31 00:00:00,26.7,27.1,26.2,26.2,70978
2012-01-30 00:00:00,26.0,27.0,26.0,26.9,41743
2012-01-27 00:00:00,25.9,26.5,25.9,26.3,30528
2012-01-26 00:00:00,25.5,26.2,25.4,25.9,32816
2012-01-25 00:00:00,26.0,26.0,25.3,25.5,13204
2012-01-24 00:00:00,26.0,26.1,25.3,26.1,21247
2012-01-23 00:00:00,26.5,26.5,26.1,26.1,12815
2012-01-20 00:00:00,26.5,26.6,25.8,26.0,113444
2012-01-19 00:00:00,26.4,26.9,25.8,26.8,109242
2012-01-18 00:00:00,26.2,26.4,25.6,26.0,63455
2012-01-17 00:00:00,25.4,26.5,25.4,26.5,216801
2012-01-16 00:00:00,25.7,25.9,25.2,25.9,21803
2012-01-13 00:00:00,25.1,26.0,24.8,25.4,87897
2012-01-12 00:00:00,24.4,25.7,24.0,24.9,67432
2012-01-11 00:00:00,24.5,24.5,24.2,24.4,119003
2012-01-10 00:00:00,23.1,24.5,23.1,24.5,129380
2012-01-09 00:00:00,22.0,23.2,22.0,23.2,76461
2012-01-06 00:00:00,,22.4,22.4,22.4,0
2012-01-05 00:00:00,22.3,22.6,22.3,22.4,5431
2012-01-04 00:00:00,22.8,22.8,22.1,22.5,140494
2012-01-03 00:00:00,22.2,22.9,22.2,22.8,47822
2012-01-02 00:00:00,21.4,22.6,21.4,22.4,16783
2011-12-30 00:00:00,21.4,21.5,21.2,21.5,28792
2011-12-29 00:00:00,21.6,21.6,21.1,21.2,51343
2011-12-28 00:00:00,21.5,22.0,21.0,21.1,127476
2011-12-27 00:00:00,22.1,22.2,22.0,22.1,22776
2011-12-26 00:00:00,,22.0,22.0,22.0,0
2011-12-23 00:00:00,22.0,22.2,21.5,22.0,48550
2011-12-22 00:00:00,21.7,22.0,21.1,22.0,113140
2011-12-21 00:00:00,20.7,22.0,20.7,21.7,114284
2011-12-20 00:00:00,19.5,20.7,19.5,20.7,85069
2011-12-19 00:00:00,19.5,20.2,19.3,19.8,51769
2011-12-16 00:00:00,20.0,20.0,19.5,19.9,17794
2011-12-15 00:00:00,20.5,20.6,19.8,19.8,39802
2011-12-14 00:00:00,20.6,21.0,20.4,20.4,96617
2011-12-13 00:00:00,20.2,20.9,19.6,20.9,83558
2011-12-12 00:00:00,20.6,20.7,19.9,19.9,74650
2011-12-09 00:00:00,20.5,20.7,20.1,20.6,25790
2011-12-08 00:00:00,21.3,21.4,20.5,20.5,69058
2011-12-07 00:00:00,21.4,21.8,21.3,21.5,59394
2011-12-06 00:00:00,21.5,21.8,21.4,21.5,46843
2011-12-05 00:00:00,21.6,22.0,21.6,22.0,42749
2011-12-02 00:00:00,21.6,21.8,21.5,21.6,33015
2011-12-01 00:00:00,22.8,22.8,21.4,21.4,94165
2011-11-30 00:00:00,21.2,22.9,21.0,22.8,160769
2011-11-29 00:00:00,20.8,21.3,20.6,21.3,111384
2011-11-28 00:00:00,20.5,21.0,20.4,21.0,80402
2011-11-25 00:00:00,20.0,20.6,20.0,20.3,75756
2011-11-24 00:00:00,19.6,20.4,19.6,20.3,18634
2011-11-23 00:00:00,21.5,21.5,19.6,19.7,17714
2011-11-22 00:00:00,20.2,20.6,20.1,20.3,17744
2011-11-21 00:00:00,20.7,20.8,20.1,20.1,57147
2011-11-18 00:00:00,21.2,21.5,20.9,20.9,336033
2011-11-17 00:00:00,22.9,22.9,21.4,21.6,104974
2011-11-16 00:00:00,23.2,23.7,22.5,23.0,57473
2011-11-15 00:00:00,23.7,23.7,22.6,23.0,84883
2011-11-14 00:00:00,24.0,24.1,23.6,23.9,29719
2011-11-11 00:00:00,24.4,24.7,23.9,24.2,59713
2011-11-10 00:00:00,23.9,24.5,23.0,23.8,93209
2011-11-09 00:00:00,24.5,24.7,22.3,24.0,479460
2011-11-08 00:00:00,21.0,22.5,20.9,22.3,164489
2011-11-07 00:00:00,20.8,21.3,20.2,20.6,94906
2011-11-04 00:00:00,21.1,21.5,20.3,20.6,76790
2011-11-03 00:00:00,22.1,22.1,20.8,21.1,71971
2011-11-02 00:00:00,22.1,23.5,21.5,21.8,119769
2011-11-01 00:00:00,23.0,23.0,22.2,22.2,63599
2011-10-31 00:00:00,24.8,24.8,22.3,23.2,48375
2011-10-28 00:00:00,24.5,25.0,23.5,24.2,44769
2011-10-27 00:00:00,25.1,25.4,23.9,23.9,32612
2011-10-26 00:00:00,23.4,25.0,23.4,24.6,100734
2011-10-25 00:00:00,23.9,25.8,23.9,24.5,21021
2011-10-24 00:00:00,23.2,24.1,23.2,24.1,42172
2011-10-21 00:00:00,22.1,23.2,22.1,23.1,16389
2011-10-20 00:00:00,23.1,23.2,22.6,22.9,11288
2011-10-19 00:00:00,23.2,23.6,22.9,23.3,50757
2011-10-18 00:00:00,22.0,23.4,21.6,23.3,16550
2011-10-17 00:00:00,23.0,23.0,22.3,22.4,10698
2011-10-14 00:00:00,22.4,23.3,22.4,23.0,131670
2011-10-13 00:00:00,22.3,22.4,22.0,22.4,13902
2011-10-12 00:00:00,21.5,22.3,21.5,22.3,21086
2011-10-11 00:00:00,22.2,22.2,21.0,21.5,120652
2011-10-10 00:00:00,20.8,21.6,20.1,21.6,81868
2011-10-07 00:00:00,20.2,20.8,20.2,20.8,18214
2011-10-06 00:00:00,20.7,20.7,19.8,20.5,42168
2011-10-05 00:00:00,19.9,20.7,19.3,20.7,12643
2011-10-04 00:00:00,19.9,19.9,18.9,19.8,50998
2011-10-03 00:00:00,20.0,20.0,19.8,19.9,11175
2011-09-30 00:00:00,20.7,20.7,19.6,20.2,28393
2011-09-29 00:00:00,21.0,21.0,20.5,20.7,53734
2011-09-28 00:00:00,,,,21.0,0
2011-09-27 00:00:00,19.4,20.5,19.4,20.5,518503
2011-09-26 00:00:00,18.6,19.8,18.4,18.8,58604
2011-09-23 00:00:00,20.4,20.6,18.6,19.9,118177
2011-09-22 00:00:00,21.8,21.8,20.3,20.4,58007
