Dates,Open,High,Low,Close,Volume
2017-09-08 00:00:00,29.7,30.2,29.2,30.2,17638
2017-09-07 00:00:00,28.1,30.0,28.1,29.8,10386
2017-09-06 00:00:00,29.5,29.5,28.0,29.3,38060
2017-09-04 00:00:00,29.7,30.0,28.5,28.5,59989
2017-09-01 00:00:00,29.3,30.1,29.3,29.3,2025231
2017-08-31 00:00:00,30.1,30.7,29.2,29.7,84519
2017-08-30 00:00:00,30.0,30.3,29.5,29.7,185060
2017-08-29 00:00:00,30.4,30.4,29.7,30.0,29310
2017-08-28 00:00:00,30.4,30.4,29.5,29.7,10603
2017-08-25 00:00:00,30.3,30.4,29.5,30.0,22938
2017-08-24 00:00:00,29.8,30.3,29.6,30.3,20740
2017-08-23 00:00:00,30.0,30.0,29.3,29.4,20317
2017-08-22 00:00:00,30.0,30.0,29.6,29.6,7458
2017-08-21 00:00:00,29.9,30.1,29.6,30.0,3833
2017-08-18 00:00:00,30.3,30.3,29.7,29.9,60081
2017-08-17 00:00:00,30.3,30.3,30.2,30.2,14020
2017-08-16 00:00:00,30.5,30.8,30.2,30.2,17619
2017-08-15 00:00:00,30.8,30.9,30.2,30.5,7369
2017-08-14 00:00:00,30.3,30.6,30.3,30.5,17095
2017-08-11 00:00:00,31.0,31.0,30.3,30.6,38538
2017-08-10 00:00:00,31.0,31.1,30.7,31.0,26429
2017-08-09 00:00:00,31.4,31.4,30.8,31.3,26163
2017-08-08 00:00:00,31.5,31.5,31.1,31.1,20515
2017-08-07 00:00:00,31.5,31.5,31.1,31.5,18400
2017-08-04 00:00:00,31.5,31.5,31.2,31.5,12939
2017-08-03 00:00:00,31.6,31.6,31.1,31.5,19058
2017-08-02 00:00:00,31.4,31.6,31.1,31.6,28812
2017-08-01 00:00:00,31.3,31.5,31.0,31.4,36079
2017-07-31 00:00:00,31.5,31.5,31.0,31.1,76369
2017-07-28 00:00:00,31.4,31.6,31.0,31.5,35342
2017-07-27 00:00:00,31.0,31.8,30.8,30.9,121006
2017-07-26 00:00:00,30.0,30.5,29.6,30.0,51341
2017-07-25 00:00:00,30.6,30.6,30.3,30.4,12355
2017-07-24 00:00:00,30.9,31.0,30.1,30.6,10577
2017-07-21 00:00:00,30.9,30.9,30.0,30.4,31503
2017-07-20 00:00:00,30.9,30.9,30.4,30.6,178068
2017-07-19 00:00:00,31.5,31.5,30.8,30.9,11292
2017-07-18 00:00:00,31.2,31.2,30.6,30.8,11210
2017-07-17 00:00:00,30.7,31.2,30.6,30.7,18955
2017-07-14 00:00:00,32.0,32.0,30.5,30.5,30082
2017-07-13 00:00:00,32.2,32.2,31.4,31.6,41950
2017-07-12 00:00:00,31.0,31.5,30.9,31.5,6665
2017-07-11 00:00:00,31.0,31.0,30.5,31.0,19238
2017-07-10 00:00:00,31.2,31.2,30.5,30.5,58627
2017-07-07 00:00:00,31.3,31.3,30.7,31.0,70155
2017-07-06 00:00:00,32.4,32.4,31.1,31.3,20762
2017-07-05 00:00:00,30.4,31.8,30.3,31.7,51462
2017-07-04 00:00:00,31.0,31.0,30.2,30.2,30879
2017-07-03 00:00:00,31.4,31.4,30.6,30.7,19344
2017-06-30 00:00:00,30.2,31.2,30.1,31.2,127710
2017-06-29 00:00:00,30.5,30.9,30.0,30.3,30891
2017-06-28 00:00:00,29.8,30.5,29.2,30.5,78696
2017-06-27 00:00:00,29.9,29.9,29.5,29.9,17901
2017-06-26 00:00:00,29.7,29.9,29.5,29.8,15381
2017-06-23 00:00:00,,29.4,29.4,29.4,0
2017-06-22 00:00:00,29.7,29.9,29.4,29.4,29538
2017-06-21 00:00:00,29.5,29.6,29.2,29.6,33787
2017-06-20 00:00:00,29.3,29.8,29.2,29.2,28561
2017-06-19 00:00:00,29.7,29.9,29.3,29.3,21899
2017-06-16 00:00:00,29.2,29.5,29.2,29.5,155075
2017-06-15 00:00:00,29.3,29.4,28.6,29.2,84775
2017-06-14 00:00:00,29.1,29.3,29.0,29.2,22937
2017-06-13 00:00:00,29.1,29.4,28.9,29.0,20850
2017-06-12 00:00:00,29.2,29.2,28.7,28.9,76569
2017-06-09 00:00:00,29.5,29.5,29.0,29.1,44338
2017-06-08 00:00:00,29.6,29.7,29.1,29.3,50791
2017-06-07 00:00:00,29.8,29.9,29.2,29.6,69258
2017-06-06 00:00:00,,29.6,29.6,29.6,0
2017-06-05 00:00:00,30.1,30.1,29.5,29.6,36731
2017-06-02 00:00:00,30.2,30.2,29.5,30.1,58761
2017-06-01 00:00:00,29.4,30.1,29.4,30.1,276311
2017-05-31 00:00:00,29.5,30.2,28.7,30.1,1451637
2017-05-30 00:00:00,30.0,30.0,29.5,29.5,98107
2017-05-29 00:00:00,30.0,30.7,29.4,30.0,106191
2017-05-26 00:00:00,30.9,30.9,29.7,30.2,95237
2017-05-24 00:00:00,30.5,30.7,29.8,30.0,84475
2017-05-23 00:00:00,29.8,30.1,29.6,30.1,87100
2017-05-22 00:00:00,29.9,29.9,29.2,29.8,95314
2017-05-19 00:00:00,30.6,30.8,29.5,29.9,95490
2017-05-18 00:00:00,30.6,30.9,30.5,30.7,40397
2017-05-17 00:00:00,31.2,31.2,30.6,31.0,53398
2017-05-16 00:00:00,31.3,31.3,30.9,31.2,51686
2017-05-15 00:00:00,31.0,31.5,30.7,31.5,75810
2017-05-12 00:00:00,31.5,31.0,31.0,31.0,45126
2017-05-11 00:00:00,31.2,31.4,30.9,31.3,27714
2017-05-10 00:00:00,31.0,31.5,31.0,31.5,78145
2017-05-09 00:00:00,30.6,31.0,30.5,30.8,70185
2017-05-08 00:00:00,31.2,31.3,30.0,30.6,79626
2017-05-05 00:00:00,31.9,31.9,31.0,31.1,68534
2017-05-04 00:00:00,32.1,32.1,31.1,31.5,73585
2017-05-03 00:00:00,32.8,32.8,31.4,31.6,125295
2017-05-02 00:00:00,33.0,33.1,31.7,32.2,62977
2017-05-01 00:00:00,,33.0,33.0,33.0,0
2017-04-28 00:00:00,32.5,33.0,31.6,33.0,195342
2017-04-27 00:00:00,33.1,33.1,32.2,32.5,92958
2017-04-26 00:00:00,31.6,32.7,31.6,32.6,120602
2017-04-25 00:00:00,33.5,33.5,31.5,31.7,175775
2017-04-24 00:00:00,34.0,34.0,32.4,33.5,166834
2017-04-21 00:00:00,33.9,33.9,33.5,33.5,39660
2017-04-20 00:00:00,33.9,34.4,32.5,33.9,90616
2017-04-19 00:00:00,34.3,34.3,34.0,34.3,93236
2017-04-18 00:00:00,34.2,34.5,34.2,34.3,119689
2017-04-13 00:00:00,34.2,34.4,34.2,34.2,36783
2017-04-12 00:00:00,34.3,34.5,34.2,34.5,15198
2017-04-11 00:00:00,34.5,34.5,34.2,34.3,16506
2017-04-10 00:00:00,34.0,34.5,34.0,34.3,17859
2017-04-07 00:00:00,34.2,34.6,34.0,34.6,106171
2017-04-06 00:00:00,34.5,34.6,34.2,34.2,46313
2017-04-05 00:00:00,34.2,34.5,34.2,34.3,84542
2017-04-04 00:00:00,34.2,34.6,34.2,34.2,67915
2017-04-03 00:00:00,34.3,34.5,34.2,34.3,425819
2017-03-31 00:00:00,34.5,34.5,34.2,34.2,285410
2017-03-30 00:00:00,34.3,34.5,34.2,34.2,280251
2017-03-29 00:00:00,34.4,34.5,34.3,34.3,58758
2017-03-28 00:00:00,34.3,34.5,34.3,34.3,45804
2017-03-27 00:00:00,34.0,34.8,34.0,34.4,36629
2017-03-24 00:00:00,34.8,34.8,34.1,34.6,50048
2017-03-23 00:00:00,34.5,34.9,34.5,34.7,230716
2017-03-22 00:00:00,34.2,34.5,34.2,34.4,435065
2017-03-21 00:00:00,34.4,34.4,34.0,34.3,2105368
2017-03-20 00:00:00,34.4,34.5,34.1,34.3,2137279
2017-03-17 00:00:00,34.5,34.6,34.4,34.5,260860
2017-03-16 00:00:00,34.4,34.8,34.4,34.4,8587251
2017-03-15 00:00:00,33.7,34.6,33.7,34.4,2677322
2017-03-14 00:00:00,34.0,34.3,33.7,33.8,1084703
2017-03-13 00:00:00,34.2,34.3,33.8,34.3,178837
2017-03-10 00:00:00,34.2,34.2,34.2,34.2,41752
2017-03-09 00:00:00,34.3,34.4,33.9,34.2,28304
2017-03-08 00:00:00,34.3,34.5,34.2,34.3,56780
2017-03-07 00:00:00,34.6,34.7,34.3,34.3,262272
2017-03-06 00:00:00,34.7,34.7,34.4,34.5,364690
2017-03-03 00:00:00,34.2,34.6,34.6,34.6,1166964
2017-03-02 00:00:00,34.7,34.7,34.2,34.2,702939
2017-03-01 00:00:00,34.6,34.8,34.6,34.7,445960
2017-02-28 00:00:00,34.7,34.8,34.6,34.6,468062
2017-02-27 00:00:00,34.7,34.9,34.7,34.7,85012
2017-02-24 00:00:00,34.7,34.9,34.7,34.8,482113
2017-02-23 00:00:00,34.7,34.9,34.7,34.8,74619
2017-02-22 00:00:00,34.9,35.1,34.7,34.7,1203465
2017-02-21 00:00:00,34.9,34.9,34.7,34.8,128516
2017-02-20 00:00:00,35.0,35.0,34.8,34.9,325961
2017-02-17 00:00:00,34.9,35.0,34.9,34.9,60857
2017-02-16 00:00:00,34.9,35.0,34.9,34.9,39072
2017-02-15 00:00:00,35.0,35.0,34.9,35.0,35465
2017-02-14 00:00:00,34.9,35.0,34.9,35.0,27802
2017-02-13 00:00:00,34.9,35.0,34.9,35.0,90982
2017-02-10 00:00:00,34.9,35.0,34.8,34.9,139821
2017-02-09 00:00:00,34.9,35.2,34.9,35.0,145765
2017-02-08 00:00:00,35.0,35.0,34.9,34.9,67747
2017-02-07 00:00:00,35.0,35.0,34.9,35.0,178746
2017-02-06 00:00:00,35.0,35.1,34.9,35.0,40803
2017-02-03 00:00:00,35.0,35.1,34.9,34.9,94963
2017-02-02 00:00:00,35.3,35.3,35.0,35.1,25367
2017-02-01 00:00:00,35.3,35.3,35.1,35.1,30915
2017-01-31 00:00:00,35.0,35.3,34.9,35.3,51907
2017-01-30 00:00:00,35.0,35.2,34.9,34.9,45769
2017-01-27 00:00:00,35.0,35.2,35.0,35.0,9521
2017-01-26 00:00:00,35.0,35.2,35.0,35.2,21817
2017-01-25 00:00:00,35.0,35.2,34.9,34.9,47049
2017-01-24 00:00:00,34.9,35.2,34.9,35.0,134227
2017-01-23 00:00:00,34.9,35.2,34.9,35.2,53695
2017-01-20 00:00:00,35.2,35.3,34.9,35.0,173778
2017-01-19 00:00:00,35.0,35.5,35.0,35.0,49438
2017-01-18 00:00:00,35.0,35.1,35.0,35.0,39135
2017-01-17 00:00:00,35.1,35.3,35.0,35.1,36318
2017-01-16 00:00:00,35.1,35.4,35.1,35.2,32567
2017-01-13 00:00:00,35.2,35.5,35.0,35.3,32283
2017-01-12 00:00:00,35.3,35.4,35.0,35.2,76470
2017-01-11 00:00:00,35.2,35.6,35.0,35.3,49509
2017-01-10 00:00:00,35.5,35.8,35.2,35.4,74040
2017-01-09 00:00:00,35.1,35.4,34.8,35.3,191401
2017-01-06 00:00:00,,35.9,35.9,35.9,0
2017-01-05 00:00:00,35.7,36.2,35.7,35.9,11828
2017-01-04 00:00:00,35.7,36.1,35.7,36.0,117272
2017-01-03 00:00:00,36.4,36.4,35.5,36.0,50146
2017-01-02 00:00:00,35.0,36.6,35.0,36.4,286969
2016-12-30 00:00:00,34.8,35.5,34.8,35.5,180594
2016-12-29 00:00:00,34.8,35.2,34.8,35.2,41068
2016-12-28 00:00:00,35.0,35.2,34.8,34.8,111789
2016-12-27 00:00:00,34.9,35.2,34.9,35.1,59959
2016-12-23 00:00:00,35.9,36.0,34.9,34.9,890349
2016-12-22 00:00:00,37.0,37.3,36.8,37.2,47413
2016-12-21 00:00:00,36.1,37.3,36.1,36.7,349797
2016-12-20 00:00:00,37.2,37.2,35.5,36.0,75816
2016-12-19 00:00:00,37.0,37.1,36.4,36.9,62864
2016-12-16 00:00:00,37.5,37.8,36.4,37.0,212407
2016-12-15 00:00:00,37.9,37.9,36.1,37.5,69888
2016-12-14 00:00:00,37.1,37.6,36.9,37.0,157902
2016-12-13 00:00:00,36.4,37.6,36.2,37.1,75150
2016-12-12 00:00:00,36.1,36.8,36.1,36.6,36686
2016-12-09 00:00:00,35.9,37.3,35.9,36.4,100280
2016-12-08 00:00:00,36.0,36.0,35.7,35.9,90676
2016-12-07 00:00:00,34.7,35.7,34.7,35.4,57351
2016-12-06 00:00:00,34.0,35.8,34.0,35.8,52634
2016-12-05 00:00:00,34.0,35.1,33.7,35.1,193457
2016-12-02 00:00:00,33.5,34.4,33.5,34.0,109734
2016-12-01 00:00:00,33.9,34.4,33.3,34.4,50448
2016-11-30 00:00:00,34.5,34.5,33.1,33.1,2301425
2016-11-29 00:00:00,34.3,34.8,33.8,34.0,1046116
2016-11-28 00:00:00,34.9,34.9,33.5,33.7,94554
2016-11-25 00:00:00,34.0,34.8,34.0,34.2,108942
2016-11-24 00:00:00,34.4,34.8,34.1,34.1,90048
2016-11-23 00:00:00,34.7,34.8,33.9,34.3,270986
2016-11-22 00:00:00,35.7,35.7,34.8,34.8,94157
2016-11-21 00:00:00,36.1,36.1,34.8,34.9,41122
2016-11-18 00:00:00,35.5,35.8,35.0,35.8,36202
2016-11-17 00:00:00,35.3,35.8,34.9,35.2,46636
2016-11-16 00:00:00,36.0,36.1,35.4,36.0,62141
2016-11-15 00:00:00,34.8,36.8,34.8,36.8,25320
2016-11-14 00:00:00,34.3,36.3,34.3,35.0,52346
2016-11-11 00:00:00,34.8,36.0,34.3,34.3,54549
2016-11-10 00:00:00,36.4,36.4,34.5,34.7,130672
2016-11-09 00:00:00,34.0,35.1,34.0,34.8,220056
2016-11-08 00:00:00,36.0,36.0,34.9,35.5,264441
2016-11-07 00:00:00,35.0,35.4,34.5,35.2,93645
2016-11-04 00:00:00,35.2,35.5,35.0,35.0,88663
2016-11-03 00:00:00,35.8,35.8,35.1,35.2,94199
2016-11-02 00:00:00,36.0,36.5,35.8,36.3,88954
2016-11-01 00:00:00,38.0,38.0,35.4,36.6,48899
2016-10-31 00:00:00,36.8,37.1,36.5,36.9,210236
2016-10-28 00:00:00,36.5,37.4,36.5,37.0,76354
2016-10-27 00:00:00,36.5,37.1,36.5,37.0,27642
2016-10-26 00:00:00,37.9,37.9,36.4,36.6,75962
2016-10-25 00:00:00,35.9,37.9,33.9,37.9,311556
2016-10-24 00:00:00,36.0,38.4,35.9,38.4,144207
2016-10-21 00:00:00,36.8,37.0,36.2,36.9,35529
2016-10-20 00:00:00,35.5,36.6,35.3,36.5,61757
2016-10-19 00:00:00,35.4,35.8,35.2,35.5,19173
2016-10-18 00:00:00,35.1,36.3,35.1,35.4,37217
2016-10-17 00:00:00,35.0,35.7,35.0,35.6,21720
2016-10-14 00:00:00,35.5,36.3,35.1,35.9,37900
2016-10-13 00:00:00,34.5,35.6,34.4,35.4,36472
2016-10-12 00:00:00,35.0,35.3,34.6,34.7,56818
2016-10-11 00:00:00,35.8,36.2,35.6,35.6,15503
2016-10-10 00:00:00,36.0,36.3,35.5,35.8,36108
2016-10-07 00:00:00,36.8,36.8,36.0,36.1,26399
2016-10-06 00:00:00,36.2,36.5,35.9,36.4,11009
2016-10-05 00:00:00,36.4,36.8,36.1,36.4,27170
2016-10-04 00:00:00,36.3,37.2,36.2,36.5,45049
2016-10-03 00:00:00,37.4,37.5,36.8,36.8,10783
2016-09-30 00:00:00,36.0,37.3,36.0,37.3,41892
2016-09-29 00:00:00,36.4,36.6,36.1,36.5,33332
2016-09-28 00:00:00,36.0,36.5,35.8,36.4,66455
2016-09-27 00:00:00,36.7,37.0,35.6,35.7,78182
2016-09-26 00:00:00,37.0,37.0,36.7,36.7,25218
2016-09-23 00:00:00,37.8,37.8,36.5,37.0,36878
2016-09-22 00:00:00,36.5,37.3,36.3,37.3,50502
2016-09-21 00:00:00,36.0,36.4,36.0,36.1,12480
2016-09-20 00:00:00,36.7,36.7,36.0,36.1,54012
2016-09-19 00:00:00,36.5,36.6,36.1,36.4,14889
2016-09-16 00:00:00,36.6,37.1,35.9,36.7,98629
2016-09-15 00:00:00,36.5,36.9,36.4,36.9,30396
2016-09-14 00:00:00,38.9,38.9,36.0,36.5,194676
2016-09-13 00:00:00,39.0,39.0,36.5,36.6,49942
2016-09-12 00:00:00,39.2,39.2,37.5,37.5,50637
2016-09-09 00:00:00,39.2,39.7,39.1,39.3,73891
2016-09-08 00:00:00,38.9,39.0,38.5,39.0,131552
2016-09-07 00:00:00,38.0,38.8,37.4,38.6,71273
2016-09-06 00:00:00,37.6,38.0,37.3,38.0,36663
2016-09-05 00:00:00,36.8,37.8,36.6,37.7,23101
2016-09-02 00:00:00,37.0,37.3,36.9,37.1,48422
2016-09-01 00:00:00,37.5,37.9,37.0,37.0,17909
2016-08-31 00:00:00,37.9,38.3,37.3,37.6,47635
2016-08-30 00:00:00,37.2,37.8,37.2,37.7,103650
2016-08-29 00:00:00,37.0,37.5,36.5,37.2,20912
2016-08-26 00:00:00,36.8,37.3,36.6,36.6,119969
2016-08-25 00:00:00,37.4,37.4,36.7,37.0,41342
2016-08-24 00:00:00,37.4,37.7,36.9,37.1,49967
2016-08-23 00:00:00,37.0,37.4,36.8,37.4,343219
2016-08-22 00:00:00,37.0,37.3,36.5,36.7,54012
2016-08-19 00:00:00,37.3,37.4,36.8,37.0,43237
2016-08-18 00:00:00,37.5,37.5,36.8,37.2,67430
2016-08-17 00:00:00,35.8,37.3,35.8,36.7,62368
2016-08-16 00:00:00,36.5,36.8,36.0,36.3,53611
2016-08-15 00:00:00,36.3,36.7,36.3,36.5,25663
2016-08-12 00:00:00,35.7,36.3,35.7,36.2,40684
2016-08-11 00:00:00,35.7,36.6,35.7,36.3,72917
2016-08-10 00:00:00,36.6,36.6,35.2,36.3,54857
2016-08-09 00:00:00,36.7,36.7,35.3,36.6,100288
2016-08-08 00:00:00,35.9,36.2,35.3,35.4,33630
2016-08-05 00:00:00,35.5,36.1,35.5,35.9,80619
2016-08-04 00:00:00,35.1,35.6,34.8,35.5,61839
2016-08-03 00:00:00,35.0,35.3,35.0,35.0,23899
2016-08-02 00:00:00,35.2,35.4,35.1,35.3,70182
2016-08-01 00:00:00,35.6,35.7,35.1,35.3,23956
2016-07-29 00:00:00,35.4,35.6,35.3,35.6,23102
2016-07-28 00:00:00,35.4,35.7,35.3,35.4,9090
2016-07-27 00:00:00,35.7,35.7,35.1,35.5,107603
2016-07-26 00:00:00,34.8,35.2,34.7,35.1,152977
2016-07-25 00:00:00,34.4,35.0,34.4,34.9,201522
2016-07-22 00:00:00,34.3,35.1,34.2,34.4,17600
2016-07-21 00:00:00,34.1,35.2,34.1,35.0,175666
2016-07-20 00:00:00,35.5,35.5,34.5,35.1,37353
2016-07-19 00:00:00,35.0,35.2,34.8,35.2,53462
2016-07-18 00:00:00,35.0,35.5,34.8,35.0,112983
2016-07-15 00:00:00,34.5,35.5,34.5,35.0,32596
2016-07-14 00:00:00,35.8,35.8,34.8,34.8,83774
2016-07-13 00:00:00,35.8,35.8,34.5,34.5,42952
2016-07-12 00:00:00,35.3,35.5,34.9,35.0,331586
2016-07-11 00:00:00,35.3,35.3,34.2,34.9,65776
2016-07-08 00:00:00,33.7,34.3,33.6,34.2,141988
2016-07-07 00:00:00,33.6,33.9,33.4,33.8,36747
2016-07-06 00:00:00,33.8,33.9,33.5,33.6,36472
2016-07-05 00:00:00,34.1,34.6,33.4,33.7,41072
2016-07-04 00:00:00,34.0,35.0,34.0,34.1,67084
2016-07-01 00:00:00,35.1,35.4,34.5,34.5,61964
2016-06-30 00:00:00,34.0,35.4,33.8,34.9,1436931
2016-06-29 00:00:00,34.5,34.5,33.9,34.0,164643
2016-06-28 00:00:00,34.2,34.2,34.0,34.0,162732
2016-06-27 00:00:00,34.0,35.0,33.9,33.9,209143
2016-06-24 00:00:00,,35.7,35.7,35.7,0
2016-06-23 00:00:00,35.3,35.8,35.0,35.7,92422
2016-06-22 00:00:00,35.3,35.5,35.0,35.5,144849
2016-06-21 00:00:00,35.3,35.3,34.7,35.0,240288
2016-06-20 00:00:00,35.5,35.9,35.1,35.1,88587
2016-06-17 00:00:00,34.2,35.5,34.1,35.5,589698
2016-06-16 00:00:00,34.0,34.4,34.0,34.1,114594
2016-06-15 00:00:00,34.1,35.1,34.1,35.0,57891
2016-06-14 00:00:00,35.2,36.5,33.6,34.9,338941
2016-06-13 00:00:00,34.8,34.8,33.8,34.1,71369
2016-06-10 00:00:00,34.6,35.3,34.6,35.0,115338
2016-06-09 00:00:00,35.2,35.5,34.5,35.5,107035
2016-06-08 00:00:00,34.5,35.0,34.3,35.0,92885
2016-06-07 00:00:00,34.1,34.7,34.1,34.4,127168
2016-06-06 00:00:00,,34.2,34.2,34.2,0
2016-06-03 00:00:00,33.9,34.3,33.8,34.2,85199
2016-06-02 00:00:00,34.4,34.4,33.8,34.0,55766
2016-06-01 00:00:00,34.4,34.4,33.7,34.0,113549
2016-05-31 00:00:00,33.0,34.4,33.0,34.4,348073
2016-05-30 00:00:00,33.1,33.5,33.1,33.4,23762
2016-05-27 00:00:00,33.0,33.3,33.0,33.0,111039
2016-05-26 00:00:00,33.0,33.4,32.8,33.1,150383
2016-05-25 00:00:00,32.9,33.6,32.9,33.0,166685
2016-05-24 00:00:00,33.0,33.6,32.7,32.7,197024
2016-05-23 00:00:00,33.2,34.0,33.0,33.3,314277
2016-05-20 00:00:00,32.9,33.2,32.6,33.0,83158
2016-05-19 00:00:00,32.7,33.2,32.4,32.6,52303
2016-05-18 00:00:00,31.3,33.1,31.3,32.7,218974
2016-05-17 00:00:00,31.6,32.2,31.3,31.8,107091
2016-05-16 00:00:00,32.0,32.0,31.6,31.7,53107
2016-05-13 00:00:00,32.3,32.7,31.5,31.9,244547
2016-05-12 00:00:00,32.2,32.4,31.9,32.0,147299
2016-05-11 00:00:00,33.6,33.6,32.1,32.1,151144
2016-05-10 00:00:00,33.7,33.7,32.7,33.0,215630
2016-05-09 00:00:00,32.9,33.6,32.9,33.0,132339
2016-05-06 00:00:00,33.7,33.7,32.9,32.9,302198
2016-05-05 00:00:00,33.7,33.9,33.3,33.7,345025
2016-05-04 00:00:00,33.7,33.9,33.3,33.7,345025
2016-05-03 00:00:00,34.0,34.0,33.5,33.8,128288
2016-05-02 00:00:00,34.0,34.2,33.6,34.0,175457
2016-04-29 00:00:00,34.1,35.0,33.9,34.0,425636
2016-04-28 00:00:00,34.5,35.7,33.7,34.1,610349
2016-04-27 00:00:00,32.0,32.3,31.4,32.1,236686
2016-04-26 00:00:00,32.3,33.0,31.7,32.0,165315
2016-04-25 00:00:00,33.2,33.4,32.1,32.3,256310
2016-04-22 00:00:00,31.6,33.9,31.6,33.2,214696
2016-04-21 00:00:00,35.6,35.6,32.2,34.7,1015688
2016-04-20 00:00:00,36.9,36.9,35.9,36.6,133151
2016-04-19 00:00:00,35.5,37.4,35.4,37.0,334395
2016-04-18 00:00:00,35.7,35.7,35.3,35.7,149218
2016-04-15 00:00:00,36.5,36.5,35.6,35.7,85514
2016-04-14 00:00:00,36.4,36.8,36.0,36.5,71146
2016-04-13 00:00:00,36.8,36.8,36.4,36.4,382814
2016-04-12 00:00:00,36.1,36.6,35.8,36.3,103099
2016-04-11 00:00:00,36.0,36.3,35.8,36.2,239476
2016-04-08 00:00:00,34.8,35.5,34.7,35.4,219095
2016-04-07 00:00:00,35.0,35.2,34.5,35.0,152683
2016-04-06 00:00:00,35.5,36.3,35.0,35.0,166700
2016-04-05 00:00:00,35.3,36.5,35.3,36.2,124172
2016-04-04 00:00:00,37.0,37.0,36.4,37.0,40060
2016-04-01 00:00:00,38.5,38.5,36.2,37.0,181249
2016-03-31 00:00:00,36.9,38.4,36.3,38.4,137210
2016-03-30 00:00:00,36.0,36.8,36.0,36.8,155242
2016-03-29 00:00:00,36.9,36.9,35.6,36.2,102235
2016-03-28 00:00:00,36.9,36.9,36.0,36.0,18729
2016-03-25 00:00:00,36.9,36.9,35.4,36.0,18729
2016-03-24 00:00:00,36.9,36.9,35.4,36.0,18729
2016-03-23 00:00:00,35.0,36.1,35.0,36.1,100206
2016-03-22 00:00:00,35.8,35.8,34.0,35.7,144773
2016-03-21 00:00:00,36.5,36.5,35.2,35.5,113721
2016-03-18 00:00:00,34.5,36.0,34.4,36.0,206418
2016-03-17 00:00:00,36.5,36.5,35.2,35.6,171493
2016-03-16 00:00:00,36.5,36.5,35.6,36.0,209360
2016-03-15 00:00:00,36.0,36.3,34.7,35.9,91802
2016-03-14 00:00:00,34.2,35.0,34.1,34.8,301705
2016-03-11 00:00:00,33.5,34.5,33.5,34.2,145491
2016-03-10 00:00:00,34.5,34.6,33.7,33.7,185936
2016-03-09 00:00:00,35.8,35.8,34.6,34.8,188453
2016-03-08 00:00:00,36.7,36.8,35.6,35.8,104763
2016-03-07 00:00:00,36.9,37.0,36.2,36.6,58025
2016-03-04 00:00:00,36.2,37.1,35.3,36.9,193766
2016-03-03 00:00:00,35.2,38.5,35.1,37.6,242005
2016-03-02 00:00:00,35.1,35.4,34.4,34.7,178877
2016-03-01 00:00:00,35.0,35.1,34.5,35.0,314928
2016-02-29 00:00:00,34.0,35.0,33.9,35.0,206806
2016-02-26 00:00:00,33.9,34.0,33.5,34.0,185015
2016-02-25 00:00:00,33.4,33.9,33.2,33.9,153360
2016-02-24 00:00:00,33.0,33.3,32.8,33.0,202544
2016-02-23 00:00:00,32.8,33.3,32.3,32.9,229467
2016-02-22 00:00:00,32.5,32.5,31.7,32.3,267435
2016-02-19 00:00:00,32.3,32.8,31.5,32.0,171415
2016-02-18 00:00:00,32.1,32.7,31.4,32.5,281393
2016-02-17 00:00:00,29.6,32.0,29.5,31.8,258675
2016-02-16 00:00:00,30.0,30.6,28.9,29.0,160004
2016-02-15 00:00:00,27.0,28.5,27.0,28.3,180203
2016-02-12 00:00:00,26.0,27.1,25.9,27.1,1282300
2016-02-11 00:00:00,27.0,27.0,25.2,25.7,145099
2016-02-10 00:00:00,25.5,26.5,25.5,26.1,190746
2016-02-09 00:00:00,26.9,26.9,25.2,25.5,229067
2016-02-08 00:00:00,27.6,27.6,25.2,26.3,410696
2016-02-05 00:00:00,28.0,28.3,27.6,27.7,62510
2016-02-04 00:00:00,28.0,28.4,27.5,27.7,66219
2016-02-03 00:00:00,29.0,29.0,27.7,27.8,91518
2016-02-02 00:00:00,29.0,29.4,28.2,28.5,47998
2016-02-01 00:00:00,29.9,29.9,29.0,29.5,127504
2016-01-29 00:00:00,29.0,29.5,28.6,29.3,275570
2016-01-28 00:00:00,29.9,29.9,28.3,29.0,139130
2016-01-27 00:00:00,29.5,29.6,28.4,28.7,115427
2016-01-26 00:00:00,28.4,29.7,27.9,29.6,198305
2016-01-25 00:00:00,28.8,30.0,27.7,28.5,228782
2016-01-22 00:00:00,27.5,28.9,27.2,28.5,317706
2016-01-21 00:00:00,25.6,26.7,25.6,26.7,592925
2016-01-20 00:00:00,26.7,26.8,25.7,25.8,258994
2016-01-19 00:00:00,27.0,27.8,27.0,27.0,87511
2016-01-18 00:00:00,26.6,27.9,26.6,27.2,62854
2016-01-15 00:00:00,28.0,28.3,27.0,27.4,51693
2016-01-14 00:00:00,28.9,28.9,27.8,28.1,202944
2016-01-13 00:00:00,29.0,29.3,28.7,29.1,59029
2016-01-12 00:00:00,28.6,29.2,28.5,28.9,463236
2016-01-11 00:00:00,28.6,29.1,28.5,28.6,79175
2016-01-08 00:00:00,29.1,29.5,29.0,29.2,166305
2016-01-07 00:00:00,29.0,29.2,28.3,29.1,125055
2016-01-06 00:00:00,,29.7,29.7,29.7,0
2016-01-05 00:00:00,30.2,30.4,29.6,29.7,132792
2016-01-04 00:00:00,30.4,30.9,29.9,30.1,143747
2016-01-01 00:00:00,,31.2,31.2,31.2,0
2015-12-31 00:00:00,,31.2,31.2,31.2,0
2015-12-30 00:00:00,30.8,31.3,30.6,31.2,184910
2015-12-29 00:00:00,30.7,31.2,30.6,30.8,146194
2015-12-28 00:00:00,31.4,31.4,30.5,30.9,89975
2015-12-25 00:00:00,31.2,31.7,31.1,31.4,92022
2015-12-24 00:00:00,31.2,31.7,31.1,31.4,92022
2015-12-23 00:00:00,31.2,31.7,31.1,31.4,92022
2015-12-22 00:00:00,31.2,31.6,31.1,31.5,48600
2015-12-21 00:00:00,31.5,31.9,31.2,31.4,85649
2015-12-18 00:00:00,32.8,32.8,31.6,32.0,145541
2015-12-17 00:00:00,32.0,32.8,32.0,32.5,125258
2015-12-16 00:00:00,31.9,32.8,31.3,32.4,116518
2015-12-15 00:00:00,31.4,31.9,30.8,31.7,105643
2015-12-14 00:00:00,32.1,32.1,30.4,30.8,177746
2015-12-11 00:00:00,31.3,31.6,30.7,31.2,99631
2015-12-10 00:00:00,31.3,31.6,31.2,31.6,121677
2015-12-09 00:00:00,32.0,32.0,31.1,31.5,157515
2015-12-08 00:00:00,33.0,33.0,32.0,32.1,169098
2015-12-07 00:00:00,32.2,33.5,32.2,33.0,245984
2015-12-04 00:00:00,32.4,32.4,31.8,32.0,233688
2015-12-03 00:00:00,32.8,32.8,32.0,32.0,435859
2015-12-02 00:00:00,31.9,32.6,31.4,32.5,348851
2015-12-01 00:00:00,32.5,32.6,31.6,31.6,684102
2015-11-30 00:00:00,33.9,33.9,32.0,32.0,1161959
2015-11-27 00:00:00,33.3,33.5,33.1,33.1,73206
2015-11-26 00:00:00,33.9,33.9,33.5,33.5,55377
2015-11-25 00:00:00,33.0,33.9,32.6,33.4,434831
2015-11-24 00:00:00,34.6,34.7,33.1,33.1,1799567
2015-11-23 00:00:00,34.3,35.2,34.3,34.6,97097
2015-11-20 00:00:00,34.9,35.2,34.1,34.2,204408
2015-11-19 00:00:00,35.9,36.0,34.7,34.9,192237
2015-11-18 00:00:00,33.8,36.0,33.6,35.6,469806
2015-11-17 00:00:00,34.0,34.4,33.6,33.8,283259
2015-11-16 00:00:00,34.0,35.5,34.0,34.1,108084
2015-11-13 00:00:00,35.1,35.1,34.6,34.8,61092
2015-11-12 00:00:00,35.4,35.5,34.8,35.3,44368
2015-11-11 00:00:00,36.5,36.5,35.3,35.6,105199
2015-11-10 00:00:00,37.2,37.2,35.8,36.1,40661
2015-11-09 00:00:00,36.0,36.8,35.9,36.8,373121
2015-11-06 00:00:00,35.0,36.0,34.9,36.0,236860
2015-11-05 00:00:00,35.4,35.5,34.7,35.1,63869
2015-11-04 00:00:00,35.3,35.5,35.0,35.5,241836
2015-11-03 00:00:00,36.0,36.4,34.9,34.9,230625
2015-11-02 00:00:00,36.6,37.0,35.6,36.0,79318
2015-10-30 00:00:00,34.6,36.3,34.6,36.3,66618
2015-10-29 00:00:00,36.2,36.2,34.9,35.2,134069
2015-10-28 00:00:00,35.8,36.1,35.5,36.0,179704
2015-10-27 00:00:00,37.0,37.0,35.7,36.1,51160
2015-10-26 00:00:00,37.0,37.0,35.2,35.8,83094
2015-10-23 00:00:00,37.0,37.0,35.9,35.9,131689
2015-10-22 00:00:00,34.5,37.3,34.3,37.3,650525
2015-10-21 00:00:00,32.8,33.9,32.6,33.9,110515
2015-10-20 00:00:00,31.7,32.8,31.7,32.6,75239
2015-10-19 00:00:00,31.0,31.9,31.0,31.7,89422
2015-10-16 00:00:00,32.0,32.0,31.1,31.1,1449766
2015-10-15 00:00:00,30.9,31.8,30.9,31.3,232714
2015-10-14 00:00:00,32.5,32.5,31.7,32.1,15393
2015-10-13 00:00:00,32.2,32.5,32.0,32.5,85292
2015-10-12 00:00:00,32.1,32.5,32.0,32.5,276786
2015-10-09 00:00:00,32.0,32.0,31.0,31.8,441277
2015-10-08 00:00:00,32.4,32.4,31.0,31.3,101235
2015-10-07 00:00:00,33.0,33.0,31.7,31.7,123783
2015-10-06 00:00:00,32.3,32.8,32.0,32.0,77076
2015-10-05 00:00:00,32.0,32.5,31.7,32.5,72496
2015-10-02 00:00:00,32.0,32.4,31.4,31.9,123552
2015-10-01 00:00:00,30.9,32.1,30.9,32.1,140451
2015-09-30 00:00:00,31.7,32.2,30.5,32.2,126804
2015-09-29 00:00:00,30.2,31.6,29.5,31.4,116314
2015-09-28 00:00:00,31.1,31.1,30.0,30.4,253307
2015-09-25 00:00:00,32.0,32.0,30.8,31.2,27876
2015-09-24 00:00:00,33.2,33.2,30.5,31.2,162714
2015-09-23 00:00:00,32.3,32.9,32.0,32.9,43671
2015-09-22 00:00:00,33.0,33.6,32.3,32.3,90751
2015-09-21 00:00:00,33.0,33.4,32.9,33.1,55054
2015-09-18 00:00:00,34.0,34.0,32.9,33.0,40762
2015-09-17 00:00:00,33.3,34.0,33.2,33.9,93288
2015-09-16 00:00:00,33.0,33.2,32.5,33.1,181697
2015-09-15 00:00:00,33.3,33.3,32.1,33.0,481739
2015-09-14 00:00:00,33.0,33.3,32.7,33.2,34936
2015-09-11 00:00:00,33.5,33.5,32.8,33.2,41255
2015-09-10 00:00:00,32.6,33.4,32.4,33.1,106659
2015-09-09 00:00:00,33.0,33.5,32.3,32.3,396665
2015-09-08 00:00:00,33.0,33.3,32.5,33.1,171343
2015-09-07 00:00:00,34.0,34.0,32.6,32.9,62091
2015-09-04 00:00:00,34.0,34.0,32.4,33.3,63175
2015-09-03 00:00:00,33.9,33.9,33.5,33.5,67196
2015-09-02 00:00:00,33.8,34.2,33.7,33.8,42744
2015-09-01 00:00:00,34.0,34.6,34.0,34.1,88231
2015-08-31 00:00:00,35.0,35.5,33.8,35.0,112485
2015-08-28 00:00:00,35.0,35.0,33.9,34.5,130273
2015-08-27 00:00:00,34.6,34.9,34.3,34.9,195344
2015-08-26 00:00:00,35.0,35.0,34.1,34.5,85902
2015-08-25 00:00:00,34.5,35.1,34.1,35.0,67191
2015-08-24 00:00:00,34.0,35.5,33.2,34.5,57621
2015-08-21 00:00:00,34.9,36.1,34.2,35.6,195608
2015-08-20 00:00:00,35.5,35.7,34.8,35.0,55851
2015-08-19 00:00:00,35.8,36.4,35.1,35.7,284556
2015-08-18 00:00:00,36.3,36.3,35.9,36.0,27174
2015-08-17 00:00:00,36.7,36.7,36.2,36.4,35828
2015-08-14 00:00:00,37.1,37.1,36.0,36.7,49716
2015-08-13 00:00:00,37.0,37.5,36.8,37.0,78018
2015-08-12 00:00:00,37.0,37.3,35.8,36.9,68722
2015-08-11 00:00:00,38.8,38.8,38.3,38.6,28811
2015-08-10 00:00:00,39.5,39.5,38.7,38.8,53447
2015-08-07 00:00:00,39.0,39.0,38.6,38.7,26251
2015-08-06 00:00:00,40.0,40.0,39.1,39.1,74604
2015-08-05 00:00:00,39.5,40.0,39.3,40.0,364742
2015-08-04 00:00:00,39.3,39.4,38.9,39.1,61309
2015-08-03 00:00:00,39.1,39.3,38.9,39.0,47612
2015-07-31 00:00:00,38.9,39.4,37.6,39.3,85499
2015-07-30 00:00:00,37.0,39.1,37.0,39.1,70626
2015-07-29 00:00:00,38.8,38.8,37.1,37.9,31736
2015-07-28 00:00:00,38.8,38.8,37.3,37.8,36774
2015-07-27 00:00:00,39.0,39.0,37.4,37.5,119404
2015-07-24 00:00:00,37.9,39.0,37.6,38.9,53766
2015-07-23 00:00:00,36.5,37.8,35.9,37.8,113616
2015-07-22 00:00:00,36.0,36.5,35.9,36.3,70926
2015-07-21 00:00:00,35.7,36.3,35.4,36.3,52671
2015-07-20 00:00:00,36.0,36.0,35.3,35.7,27554
2015-07-17 00:00:00,36.5,36.5,35.6,35.7,35759
2015-07-16 00:00:00,35.2,36.0,35.2,36.0,26951
2015-07-15 00:00:00,35.0,35.8,35.0,35.5,31930
2015-07-14 00:00:00,35.6,36.0,35.4,36.0,29764
2015-07-13 00:00:00,35.0,36.0,34.8,35.7,114740
2015-07-10 00:00:00,34.0,35.0,34.0,34.9,36506
2015-07-09 00:00:00,32.5,34.0,32.5,34.0,27923
2015-07-08 00:00:00,32.6,33.3,32.6,33.1,23094
2015-07-07 00:00:00,32.6,33.6,32.6,33.5,54055
2015-07-06 00:00:00,32.6,32.9,32.6,32.7,14020
2015-07-03 00:00:00,33.0,33.3,33.0,33.1,16839
2015-07-02 00:00:00,33.3,33.7,32.9,33.7,17481
2015-07-01 00:00:00,32.5,33.8,32.5,33.4,55089
2015-06-30 00:00:00,34.0,34.0,32.3,33.0,94740
2015-06-29 00:00:00,33.0,34.0,32.3,33.3,98991
2015-06-26 00:00:00,34.5,34.5,33.7,34.0,273337
2015-06-25 00:00:00,35.5,35.6,34.4,34.5,55068
2015-06-24 00:00:00,35.5,36.7,35.2,35.6,139308
2015-06-23 00:00:00,36.5,37.4,36.3,36.8,3450265
2015-06-22 00:00:00,34.3,35.8,34.2,35.8,47397
2015-06-19 00:00:00,,34.6,34.6,34.6,0
2015-06-18 00:00:00,35.0,35.3,34.4,34.6,81775
2015-06-17 00:00:00,35.2,35.3,34.7,35.0,28578
2015-06-16 00:00:00,34.8,35.4,34.5,35.0,118520
2015-06-15 00:00:00,36.2,36.2,34.9,34.9,130959
2015-06-12 00:00:00,38.0,38.5,37.1,37.4,48951
2015-06-11 00:00:00,36.6,38.0,36.4,37.9,63050
2015-06-10 00:00:00,37.2,37.2,36.2,36.8,73837
2015-06-09 00:00:00,36.9,36.9,36.3,36.5,46066
2015-06-08 00:00:00,37.0,37.0,36.7,36.9,22687
2015-06-05 00:00:00,37.0,37.9,36.7,37.2,36120
2015-06-04 00:00:00,38.0,38.0,37.2,37.9,382135
2015-06-03 00:00:00,37.6,38.5,37.2,38.0,68831
2015-06-02 00:00:00,37.2,38.1,36.8,37.0,80252
2015-06-01 00:00:00,38.9,38.9,36.3,37.0,68629
2015-05-29 00:00:00,38.0,38.0,36.4,37.5,339363
2015-05-28 00:00:00,38.0,38.0,37.1,37.5,70582
2015-05-27 00:00:00,38.0,38.0,37.5,38.0,229393
2015-05-26 00:00:00,39.3,39.3,37.5,38.2,409489
2015-05-25 00:00:00,40.0,40.1,38.5,38.7,439884
2015-05-22 00:00:00,36.3,38.1,35.6,38.1,421395
2015-05-21 00:00:00,36.0,36.2,35.5,35.8,35144
2015-05-20 00:00:00,36.4,36.4,35.5,35.9,30294
2015-05-19 00:00:00,36.3,36.8,35.2,36.0,64350
2015-05-18 00:00:00,37.1,37.1,35.5,36.0,332604
2015-05-15 00:00:00,36.2,37.0,36.2,36.7,63538
2015-05-14 00:00:00,37.1,37.5,36.2,36.2,53674
2015-05-13 00:00:00,37.1,37.5,36.2,36.2,53674
2015-05-12 00:00:00,37.3,38.0,36.7,38.0,475141
2015-05-11 00:00:00,35.0,38.0,35.0,37.4,409332
2015-05-08 00:00:00,34.1,35.1,33.8,35.1,49525
2015-05-07 00:00:00,34.1,34.2,32.8,34.2,285791
2015-05-06 00:00:00,34.7,34.7,33.7,34.3,251397
2015-05-05 00:00:00,35.8,35.8,34.3,34.6,60969
2015-05-04 00:00:00,35.0,35.5,34.9,35.2,74277
2015-05-01 00:00:00,34.1,35.5,34.1,35.5,67268
2015-04-30 00:00:00,34.1,35.5,34.1,35.5,67268
2015-04-29 00:00:00,35.7,35.9,34.3,35.0,190863
2015-04-28 00:00:00,34.0,35.0,33.8,35.0,349604
2015-04-27 00:00:00,33.2,33.8,32.5,33.6,129397
2015-04-24 00:00:00,32.6,33.9,32.1,33.2,420378
2015-04-23 00:00:00,33.0,33.6,32.8,33.2,111245
2015-04-22 00:00:00,32.9,33.6,32.9,33.1,55751
2015-04-21 00:00:00,33.2,33.5,33.0,33.3,212656
2015-04-20 00:00:00,32.8,33.4,32.8,33.0,40514
2015-04-17 00:00:00,33.2,34.0,32.9,32.9,98676
2015-04-16 00:00:00,33.6,33.6,33.2,33.4,108222
2015-04-15 00:00:00,33.0,33.6,33.0,33.6,82933
2015-04-14 00:00:00,33.1,33.9,33.0,33.0,83034
2015-04-13 00:00:00,34.5,34.5,33.1,33.6,433911
2015-04-10 00:00:00,33.4,35.0,33.0,34.6,172332
2015-04-09 00:00:00,33.2,33.9,32.7,33.0,174257
2015-04-08 00:00:00,32.7,33.2,32.5,32.7,122609
2015-04-07 00:00:00,32.6,32.6,32.1,32.2,57949
2015-04-02 00:00:00,32.0,32.7,31.9,32.3,37333
2015-04-01 00:00:00,32.7,32.9,31.8,32.0,187638
2015-03-31 00:00:00,32.6,32.7,32.1,32.4,116475
2015-03-30 00:00:00,32.5,32.5,32.0,32.4,115890
2015-03-27 00:00:00,32.4,32.4,31.8,32.0,77299
2015-03-26 00:00:00,32.5,32.5,31.7,32.0,612043
2015-03-25 00:00:00,32.5,32.6,31.6,32.1,477261
2015-03-24 00:00:00,32.2,32.5,32.1,32.5,3516309
2015-03-23 00:00:00,32.4,32.5,31.9,32.2,100726
2015-03-20 00:00:00,32.2,32.2,31.6,31.9,70227
2015-03-19 00:00:00,32.1,32.4,31.8,32.2,47446
2015-03-18 00:00:00,32.5,32.5,31.8,32.0,77361
2015-03-17 00:00:00,32.2,32.5,31.9,32.2,36356
2015-03-16 00:00:00,31.7,32.5,31.7,32.2,467686
2015-03-13 00:00:00,32.2,32.3,31.7,32.0,83100
2015-03-12 00:00:00,31.7,32.5,31.3,32.4,122644
2015-03-11 00:00:00,31.7,31.7,31.1,31.7,33268
2015-03-10 00:00:00,31.7,31.7,31.0,31.1,56985
2015-03-09 00:00:00,32.1,32.3,31.1,31.4,92728
2015-03-06 00:00:00,32.5,32.5,31.7,32.1,35390
2015-03-05 00:00:00,32.3,32.7,32.1,32.2,69678
2015-03-04 00:00:00,33.1,33.1,31.4,31.9,179271
2015-03-03 00:00:00,33.5,33.5,32.5,33.1,95907
2015-03-02 00:00:00,33.7,33.7,32.4,33.3,136281
2015-02-27 00:00:00,32.3,33.7,32.3,33.6,173599
2015-02-26 00:00:00,32.9,32.9,32.3,32.6,66493
2015-02-25 00:00:00,32.0,32.9,31.9,32.9,153920
2015-02-24 00:00:00,31.9,32.0,31.6,31.8,97775
2015-02-23 00:00:00,31.0,31.9,30.9,31.8,233571
2015-02-20 00:00:00,29.5,31.0,29.5,30.5,109655
2015-02-19 00:00:00,29.3,30.6,29.3,30.3,327344
2015-02-18 00:00:00,29.1,29.7,28.7,29.3,856942
2015-02-17 00:00:00,30.5,30.5,28.4,29.4,550904
2015-02-16 00:00:00,31.9,31.9,30.8,31.0,133004
2015-02-13 00:00:00,31.9,32.5,30.7,31.0,238322
2015-02-12 00:00:00,31.1,32.5,30.8,31.9,154668
2015-02-11 00:00:00,32.2,32.3,31.3,31.5,209538
2015-02-10 00:00:00,32.0,33.0,31.9,32.2,155053
2015-02-09 00:00:00,31.5,32.2,31.5,32.0,77526
2015-02-06 00:00:00,31.6,32.0,31.0,31.5,124626
2015-02-05 00:00:00,31.0,32.0,31.0,31.2,884428
2015-02-04 00:00:00,31.4,31.8,30.9,31.4,58695
2015-02-03 00:00:00,31.3,31.6,31.3,31.5,93750
2015-02-02 00:00:00,30.9,31.5,30.6,31.5,74332
2015-01-30 00:00:00,30.5,31.1,30.5,31.0,131215
2015-01-29 00:00:00,31.2,31.4,30.6,31.0,98818
2015-01-28 00:00:00,30.6,31.2,30.4,31.2,199279
2015-01-27 00:00:00,30.8,30.9,30.3,30.5,91664
2015-01-26 00:00:00,30.0,30.9,29.9,30.8,56398
2015-01-23 00:00:00,30.7,30.7,29.8,30.0,84856
2015-01-22 00:00:00,29.3,30.7,29.3,30.5,227217
2015-01-21 00:00:00,28.4,29.3,28.4,29.3,320094
2015-01-20 00:00:00,28.6,28.8,28.5,28.5,88407
2015-01-19 00:00:00,28.2,28.9,28.2,28.6,592686
2015-01-16 00:00:00,27.9,28.5,27.5,28.0,459554
2015-01-15 00:00:00,27.9,27.9,27.4,27.8,183548
2015-01-14 00:00:00,27.7,27.8,26.8,27.2,272010
2015-01-13 00:00:00,28.3,28.6,27.8,27.9,849566
2015-01-12 00:00:00,28.7,28.7,28.2,28.3,79438
2015-01-09 00:00:00,28.5,28.6,28.1,28.2,135378
2015-01-08 00:00:00,27.7,28.5,27.5,28.2,144518
2015-01-07 00:00:00,28.5,28.5,27.4,27.6,185504
2015-01-06 00:00:00,,28.5,28.5,28.5,0
2015-01-05 00:00:00,27.8,28.5,27.7,28.5,59928
2015-01-02 00:00:00,28.0,28.5,27.5,27.8,110420
2015-01-01 00:00:00,27.3,28.3,26.9,28.1,252746
2014-12-30 00:00:00,27.3,28.3,26.9,28.1,252746
2014-12-29 00:00:00,27.2,27.9,26.8,27.4,375720
2014-12-23 00:00:00,27.0,27.3,26.6,27.3,728044
2014-12-22 00:00:00,27.4,27.5,26.2,27.0,510515
2014-12-19 00:00:00,28.4,28.4,27.0,27.5,2050503
2014-12-18 00:00:00,30.9,32.6,30.9,32.5,388196
2014-12-17 00:00:00,31.5,31.6,30.0,30.8,252324
2014-12-16 00:00:00,31.6,32.2,31.3,31.5,233777
2014-12-15 00:00:00,32.3,32.7,31.6,31.9,121298
2014-12-12 00:00:00,31.8,32.6,31.7,32.2,695898
2014-12-11 00:00:00,31.2,31.9,31.0,31.8,234883
2014-12-10 00:00:00,31.0,31.7,30.5,31.4,461498
2014-12-09 00:00:00,31.4,31.4,30.3,30.9,267325
2014-12-08 00:00:00,32.0,32.0,31.3,31.6,120914
2014-12-05 00:00:00,32.0,32.2,31.4,31.9,251731
2014-12-04 00:00:00,32.2,32.4,31.6,31.7,229116
2014-12-03 00:00:00,32.0,32.5,31.3,32.0,6913378
2014-12-02 00:00:00,32.4,32.5,31.6,31.9,57091
2014-12-01 00:00:00,33.7,33.7,31.8,32.1,239313
2014-11-28 00:00:00,34.0,34.0,32.8,33.7,170070
2014-11-27 00:00:00,33.0,33.9,33.0,33.9,189325
2014-11-26 00:00:00,33.4,34.3,32.7,33.2,216221
2014-11-25 00:00:00,34.6,34.6,33.4,34.0,77764
2014-11-24 00:00:00,33.5,34.7,33.4,34.5,158917
2014-11-21 00:00:00,32.8,33.5,32.8,33.5,75867
2014-11-20 00:00:00,32.4,32.8,32.0,32.7,109373
2014-11-19 00:00:00,32.4,32.4,32.0,32.2,46329
2014-11-18 00:00:00,32.1,32.2,31.9,32.1,60514
2014-11-17 00:00:00,33.0,33.0,32.0,32.0,63904
2014-11-14 00:00:00,33.4,33.4,32.4,32.4,117477
2014-11-13 00:00:00,32.4,33.4,32.4,33.1,159081
2014-11-12 00:00:00,32.4,33.5,31.9,32.2,184458
2014-11-11 00:00:00,31.1,31.4,31.1,31.2,29292
2014-11-10 00:00:00,31.8,31.8,31.1,31.2,45172
2014-11-07 00:00:00,31.4,31.4,30.9,31.2,75765
2014-11-06 00:00:00,31.9,31.9,30.9,31.0,187495
2014-11-05 00:00:00,32.3,32.5,31.4,31.5,83506
2014-11-04 00:00:00,32.8,32.8,31.2,31.5,63306
2014-11-03 00:00:00,32.2,32.8,31.9,32.6,85333
2014-10-31 00:00:00,32.3,32.4,31.8,32.4,37570
2014-10-30 00:00:00,32.0,32.3,31.4,31.7,66817
2014-10-29 00:00:00,33.1,33.3,31.9,31.9,440995
2014-10-28 00:00:00,32.0,33.0,32.0,32.7,307788
2014-10-24 00:00:00,32.0,32.8,30.2,32.5,879631
2014-10-23 00:00:00,29.0,29.0,28.2,28.4,283485
2014-10-22 00:00:00,28.5,29.8,28.2,28.9,764190
2014-10-21 00:00:00,27.8,28.5,27.8,28.0,633224
2014-10-20 00:00:00,28.4,28.4,27.5,27.7,105789
2014-10-17 00:00:00,29.6,29.6,27.8,28.3,139311
2014-10-16 00:00:00,29.0,29.8,27.4,27.9,1618710
2014-10-15 00:00:00,30.7,30.7,28.6,29.0,130043
2014-10-14 00:00:00,30.1,30.1,28.5,29.7,275549
2014-10-13 00:00:00,28.8,29.8,28.1,28.5,100413
2014-10-10 00:00:00,29.4,29.4,28.4,28.8,156154
2014-10-09 00:00:00,30.5,31.6,29.3,29.4,76700
2014-10-08 00:00:00,31.0,31.0,29.8,29.9,110389
2014-10-07 00:00:00,31.9,31.9,30.4,30.7,42811
2014-10-06 00:00:00,31.1,31.7,31.0,31.4,179522
2014-10-03 00:00:00,31.7,32.3,30.7,31.5,58422
2014-10-02 00:00:00,31.8,32.6,30.7,31.3,270588
2014-10-01 00:00:00,33.4,33.4,31.8,31.8,549100
2014-09-30 00:00:00,33.6,34.0,33.4,33.7,350603
2014-09-29 00:00:00,34.0,34.0,33.3,33.6,79779
2014-09-26 00:00:00,34.0,34.1,33.2,34.0,23535
2014-09-25 00:00:00,35.2,35.2,33.8,34.3,75315
2014-09-24 00:00:00,34.3,35.0,34.1,34.8,207655
2014-09-23 00:00:00,35.1,35.5,34.1,34.1,302525
2014-09-22 00:00:00,34.0,34.2,33.8,34.0,47698
2014-09-19 00:00:00,34.4,35.5,34.0,34.0,130457
2014-09-18 00:00:00,34.0,34.6,33.9,34.0,85128
2014-09-17 00:00:00,34.2,35.0,33.8,33.9,136865
2014-09-16 00:00:00,34.9,35.2,33.9,34.5,57324
2014-09-15 00:00:00,35.5,35.5,35.1,35.1,18387
2014-09-12 00:00:00,36.5,36.5,35.5,35.7,28913
2014-09-11 00:00:00,36.1,36.9,36.1,36.1,39552
2014-09-10 00:00:00,36.3,36.9,35.7,36.9,121144
2014-09-09 00:00:00,37.4,37.5,36.7,36.9,110671
2014-09-08 00:00:00,37.4,38.0,37.1,37.3,103960
2014-09-05 00:00:00,39.5,39.5,37.1,38.0,452330
2014-09-04 00:00:00,40.0,40.0,38.9,39.5,20925
2014-09-03 00:00:00,39.2,40.0,39.2,39.9,40605
2014-09-02 00:00:00,39.2,39.9,39.2,39.5,46410
2014-09-01 00:00:00,38.6,39.6,38.6,39.5,163493
2014-08-29 00:00:00,38.7,39.4,38.7,39.0,30732
2014-08-28 00:00:00,38.7,39.5,38.7,39.3,93701
2014-08-27 00:00:00,38.8,39.3,38.8,39.1,37391
2014-08-26 00:00:00,39.4,39.8,38.6,39.1,43448
2014-08-25 00:00:00,39.9,39.9,39.2,39.7,10063
2014-08-22 00:00:00,39.5,39.8,39.2,39.7,565558
2014-08-21 00:00:00,38.5,40.0,38.5,39.9,29605
2014-08-20 00:00:00,38.9,39.7,38.6,39.7,96109
2014-08-19 00:00:00,38.9,39.3,38.9,38.9,18395
2014-08-18 00:00:00,37.9,38.9,37.9,38.8,15127
2014-08-15 00:00:00,38.0,38.4,37.4,38.2,9897
2014-08-14 00:00:00,38.6,38.6,37.7,38.3,9504
2014-08-13 00:00:00,37.9,38.4,37.5,38.1,31124
2014-08-12 00:00:00,37.6,38.2,37.2,37.8,25538
2014-08-11 00:00:00,37.3,38.3,36.9,38.3,28704
2014-08-08 00:00:00,37.1,37.7,36.2,37.7,66885
2014-08-07 00:00:00,38.0,38.6,36.6,38.2,100233
2014-08-06 00:00:00,36.3,37.5,35.7,37.5,142095
2014-08-05 00:00:00,36.3,37.3,36.3,37.0,58077
2014-08-04 00:00:00,37.1,37.6,36.4,37.4,78243
2014-08-01 00:00:00,38.8,38.8,36.6,37.5,68180
2014-07-31 00:00:00,38.7,38.9,37.3,38.5,92159
2014-07-30 00:00:00,39.5,39.5,38.7,38.7,54903
2014-07-29 00:00:00,39.0,40.4,38.8,39.5,35555
2014-07-28 00:00:00,39.5,40.0,38.9,39.0,35723
2014-07-25 00:00:00,40.4,40.4,39.3,39.5,38302
2014-07-24 00:00:00,39.8,41.3,39.5,40.0,87074
2014-07-23 00:00:00,40.1,40.1,38.7,39.5,143459
2014-07-22 00:00:00,40.8,41.4,40.2,40.3,41484
2014-07-21 00:00:00,41.0,43.1,40.2,40.2,68225
2014-07-18 00:00:00,41.9,41.9,40.9,41.0,50864
2014-07-17 00:00:00,41.8,42.5,41.5,41.9,66954
2014-07-16 00:00:00,42.0,42.9,41.8,42.0,80430
2014-07-15 00:00:00,42.4,42.6,41.5,42.0,79674
2014-07-14 00:00:00,43.0,43.6,42.4,42.5,34045
2014-07-11 00:00:00,42.6,44.3,42.6,43.4,46665
2014-07-10 00:00:00,43.7,44.5,42.9,43.0,111987
2014-07-09 00:00:00,44.0,44.6,43.9,43.9,55416
2014-07-08 00:00:00,44.3,44.6,43.8,44.0,76925
2014-07-07 00:00:00,44.7,44.7,44.2,44.5,58316
2014-07-04 00:00:00,44.8,44.8,43.9,44.2,71764
2014-07-03 00:00:00,44.0,44.8,44.0,44.5,42761
2014-07-02 00:00:00,43.9,44.7,43.4,44.0,75404
2014-07-01 00:00:00,44.5,44.7,44.0,44.5,66361
2014-06-30 00:00:00,44.0,44.2,43.0,44.2,114469
2014-06-27 00:00:00,43.2,43.7,43.0,43.1,46559
2014-06-26 00:00:00,43.3,43.7,42.7,43.0,559652
2014-06-25 00:00:00,43.4,43.4,42.6,43.2,128119
2014-06-24 00:00:00,43.5,43.6,42.8,43.0,96093
2014-06-23 00:00:00,42.8,43.4,42.8,42.8,99345
2014-06-20 00:00:00,,42.8,42.8,42.8,0
2014-06-19 00:00:00,42.1,43.0,42.1,42.8,139645
2014-06-18 00:00:00,43.5,43.5,42.0,42.1,423203
2014-06-17 00:00:00,43.7,44.2,42.7,42.8,174517
2014-06-16 00:00:00,44.9,44.9,43.7,43.7,188641
2014-06-13 00:00:00,45.6,45.6,44.4,44.9,99472
2014-06-12 00:00:00,46.0,46.6,45.4,45.6,173085
2014-06-11 00:00:00,47.0,47.0,44.7,46.1,244064
2014-06-10 00:00:00,45.0,47.0,44.7,46.4,1108940
2014-06-09 00:00:00,44.9,44.9,44.3,44.4,31375
2014-06-06 00:00:00,,44.0,44.0,44.0,0
2014-06-05 00:00:00,45.0,45.0,43.8,44.0,142290
2014-06-04 00:00:00,44.0,45.0,43.7,44.5,196866
2014-06-03 00:00:00,43.5,44.0,43.0,44.0,114882
2014-06-02 00:00:00,43.1,43.5,42.8,43.5,56057
2014-05-30 00:00:00,43.0,43.3,42.1,42.7,304842
2014-05-28 00:00:00,43.0,43.2,42.6,43.0,40781
2014-05-27 00:00:00,42.6,43.0,41.7,42.5,103183
2014-05-26 00:00:00,40.9,42.4,40.8,42.0,166240
2014-05-23 00:00:00,40.7,40.7,39.5,40.4,156792
2014-05-22 00:00:00,40.9,40.9,39.6,40.4,42924
2014-05-21 00:00:00,40.3,40.5,39.9,40.2,61107
2014-05-20 00:00:00,40.5,40.8,40.3,40.3,193371
2014-05-19 00:00:00,40.9,41.0,40.0,40.5,122751
2014-05-16 00:00:00,40.6,40.9,40.0,40.2,256128
2014-05-15 00:00:00,42.0,42.0,40.4,40.5,298035
2014-05-14 00:00:00,42.4,42.5,40.5,41.3,536635
2014-05-13 00:00:00,41.7,42.6,41.0,42.1,370826
2014-05-12 00:00:00,39.8,41.6,39.7,41.5,160035
2014-05-09 00:00:00,39.9,39.9,39.2,39.5,38472
2014-05-08 00:00:00,39.4,39.6,38.5,39.5,88166
2014-05-07 00:00:00,38.9,39.7,38.9,39.3,460624
2014-05-06 00:00:00,38.5,39.9,38.3,39.5,193136
2014-05-05 00:00:00,39.9,40.6,38.3,38.8,191607
2014-05-02 00:00:00,40.3,40.5,39.6,40.0,322409
2014-05-01 00:00:00,,40.4,40.4,40.4,0
2014-04-30 00:00:00,40.0,40.4,39.5,40.4,13417
2014-04-29 00:00:00,38.6,40.0,37.1,40.0,1251641
2014-04-28 00:00:00,39.2,39.8,39.0,39.2,77589
2014-04-25 00:00:00,43.0,43.0,39.2,39.9,54676
2014-04-24 00:00:00,42.6,42.8,41.2,42.0,78264
2014-04-23 00:00:00,42.7,43.0,42.1,42.6,25906
2014-04-22 00:00:00,41.2,43.4,41.2,42.7,35913
2014-04-17 00:00:00,42.2,43.0,41.3,41.7,1203864
2014-04-16 00:00:00,42.4,43.3,41.3,41.7,461585
2014-04-15 00:00:00,43.5,43.5,42.2,42.4,23169
2014-04-14 00:00:00,42.9,43.0,42.4,42.6,97825
2014-04-11 00:00:00,43.4,43.7,42.3,42.8,89578
2014-04-10 00:00:00,42.7,43.9,42.7,43.8,20908
2014-04-09 00:00:00,42.6,43.9,42.6,43.9,24718
2014-04-08 00:00:00,43.9,43.9,42.5,43.1,31335
2014-04-07 00:00:00,43.4,43.8,42.8,43.4,25251
2014-04-04 00:00:00,43.8,43.9,43.0,43.4,51137
2014-04-03 00:00:00,44.1,44.1,43.2,43.4,82034
2014-04-02 00:00:00,44.0,44.1,43.5,43.6,23733
2014-04-01 00:00:00,43.3,44.0,43.0,44.0,43621
2014-03-31 00:00:00,43.0,44.0,43.0,43.9,60057
2014-03-28 00:00:00,43.5,43.9,43.2,43.5,17674
2014-03-27 00:00:00,44.0,44.0,43.4,43.9,60030
2014-03-26 00:00:00,44.0,44.0,43.2,43.6,37147
2014-03-25 00:00:00,42.6,43.9,42.5,43.9,1271359
2014-03-24 00:00:00,42.4,42.8,42.3,42.5,20371
2014-03-21 00:00:00,43.0,43.7,42.5,42.5,82317
2014-03-20 00:00:00,44.5,44.5,43.0,43.2,56233
2014-03-19 00:00:00,44.0,45.0,44.0,44.7,63465
2014-03-18 00:00:00,44.9,45.0,44.2,44.4,97751
2014-03-17 00:00:00,43.7,44.5,43.3,44.0,14209
2014-03-14 00:00:00,44.1,44.1,43.4,43.7,100488
2014-03-13 00:00:00,42.6,44.4,42.6,44.1,36365
2014-03-12 00:00:00,43.9,43.9,42.7,42.8,67491
2014-03-11 00:00:00,44.0,44.3,43.2,43.6,84909
2014-03-10 00:00:00,44.5,44.8,44.0,44.4,68811
2014-03-07 00:00:00,45.6,45.9,44.2,44.2,31830
2014-03-06 00:00:00,45.6,45.9,44.6,45.1,35330
2014-03-05 00:00:00,45.8,46.0,44.8,45.3,51240
2014-03-04 00:00:00,44.4,45.7,44.4,45.7,32892
2014-03-03 00:00:00,46.7,46.7,44.1,44.1,91021
2014-02-28 00:00:00,46.0,46.7,45.6,46.7,170628
2014-02-27 00:00:00,46.0,46.0,45.2,45.8,46165
2014-02-26 00:00:00,46.0,46.0,44.7,45.9,72744
2014-02-25 00:00:00,45.4,46.0,45.3,46.0,61434
2014-02-24 00:00:00,45.0,45.6,44.7,45.1,37744
2014-02-21 00:00:00,44.6,45.5,44.6,45.4,120863
2014-02-20 00:00:00,44.9,45.2,44.3,45.0,116758
2014-02-19 00:00:00,44.4,45.1,44.0,44.8,43694
2014-02-18 00:00:00,45.6,45.6,44.6,44.8,67265
2014-02-17 00:00:00,47.0,47.0,45.1,45.7,80506
2014-02-14 00:00:00,44.5,46.2,44.5,46.1,353335
2014-02-13 00:00:00,45.0,45.0,44.1,44.5,81278
2014-02-12 00:00:00,44.5,44.8,44.5,44.8,219345
2014-02-11 00:00:00,43.6,44.7,43.6,44.7,204354
2014-02-10 00:00:00,43.5,44.9,43.5,44.5,171167
2014-02-07 00:00:00,45.5,45.7,43.9,44.6,596336
2014-02-06 00:00:00,44.0,46.0,44.0,46.0,93475
2014-02-05 00:00:00,43.8,44.9,43.7,44.1,28440
2014-02-04 00:00:00,44.0,44.0,42.6,43.8,41683
2014-02-03 00:00:00,44.7,44.7,43.4,43.9,64374
2014-01-31 00:00:00,46.0,46.2,44.4,44.9,41716
2014-01-30 00:00:00,44.2,46.1,44.2,45.5,75756
2014-01-29 00:00:00,45.8,46.9,44.6,45.0,301174
2014-01-28 00:00:00,44.5,46.0,44.1,45.8,120007
2014-01-27 00:00:00,43.9,44.4,43.4,44.1,114052
2014-01-24 00:00:00,44.0,45.0,43.5,44.0,74079
2014-01-23 00:00:00,43.8,45.5,43.7,44.8,80671
2014-01-22 00:00:00,44.0,45.1,43.7,44.0,131730
2014-01-21 00:00:00,45.0,45.0,43.4,44.6,2264758
2014-01-20 00:00:00,46.4,46.4,45.5,45.5,74442
2014-01-17 00:00:00,45.3,46.4,45.3,46.0,186225
2014-01-16 00:00:00,45.0,45.4,44.8,45.2,96275
2014-01-15 00:00:00,46.0,46.1,45.2,45.5,186439
2014-01-14 00:00:00,44.5,46.0,44.3,46.0,301481
2014-01-13 00:00:00,44.8,45.5,44.4,44.5,170700
2014-01-10 00:00:00,44.0,45.0,44.0,44.5,2197585
2014-01-09 00:00:00,43.0,45.0,42.5,44.8,1559908
2014-01-08 00:00:00,40.0,43.5,39.8,43.0,450296
2014-01-07 00:00:00,40.0,40.0,39.1,39.2,51312
2014-01-06 00:00:00,,39.1,39.1,39.1,0
2014-01-03 00:00:00,39.2,39.3,38.7,39.1,24451
2014-01-02 00:00:00,39.5,39.5,38.4,38.4,51715
2013-12-31 00:00:00,,40.0,40.0,40.0,0
2013-12-30 00:00:00,38.6,40.0,38.6,40.0,215094
2013-12-27 00:00:00,38.7,38.7,38.1,38.6,104218
2013-12-23 00:00:00,38.0,38.7,37.7,38.5,105735
2013-12-20 00:00:00,36.5,38.0,36.4,38.0,84842
2013-12-19 00:00:00,35.4,36.6,35.4,36.5,114944
2013-12-18 00:00:00,35.9,35.9,35.0,35.6,35306
2013-12-17 00:00:00,36.2,36.2,35.4,36.0,40224
2013-12-16 00:00:00,35.1,36.5,35.1,36.2,179656
2013-12-13 00:00:00,35.4,36.5,35.0,35.8,84709
2013-12-12 00:00:00,34.5,35.4,33.3,35.0,175650
2013-12-11 00:00:00,35.6,35.6,34.7,35.0,78921
2013-12-10 00:00:00,35.8,36.1,35.5,35.6,77231
2013-12-09 00:00:00,36.1,36.8,35.8,36.2,23526
2013-12-06 00:00:00,36.7,36.7,35.8,36.5,39267
2013-12-05 00:00:00,36.4,36.5,36.0,36.4,96955
2013-12-04 00:00:00,36.5,36.7,36.0,36.1,57938
2013-12-03 00:00:00,37.7,37.7,36.2,36.5,111459
2013-12-02 00:00:00,37.4,38.1,37.2,37.5,17712
2013-11-29 00:00:00,37.5,37.8,37.3,37.4,62975
2013-11-28 00:00:00,36.8,37.8,36.7,37.5,47389
2013-11-27 00:00:00,36.8,37.0,36.6,36.8,128948
2013-11-26 00:00:00,36.8,37.0,36.5,36.8,53417
2013-11-25 00:00:00,37.5,37.7,36.7,37.0,26353
2013-11-22 00:00:00,36.6,37.5,36.6,37.0,67020
2013-11-21 00:00:00,36.9,37.2,36.3,36.6,82349
2013-11-20 00:00:00,37.3,37.3,36.2,36.7,39959
2013-11-19 00:00:00,37.5,37.5,37.0,37.3,32715
2013-11-18 00:00:00,37.9,37.9,36.9,37.5,71529
2013-11-15 00:00:00,37.2,38.5,36.9,37.9,74256
2013-11-14 00:00:00,37.3,37.5,36.6,37.0,200102
2013-11-13 00:00:00,35.8,37.1,35.3,37.0,7554310
2013-11-12 00:00:00,35.7,36.0,35.6,36.0,527728
2013-11-11 00:00:00,36.5,36.5,35.3,35.8,229419
2013-11-08 00:00:00,36.9,36.9,35.9,36.2,87920
2013-11-07 00:00:00,36.7,36.8,36.4,36.6,92210
2013-11-06 00:00:00,36.5,36.5,35.9,36.4,148502
2013-11-05 00:00:00,36.5,36.8,35.9,36.0,47377
2013-11-04 00:00:00,38.0,38.3,36.5,36.5,111186
2013-11-01 00:00:00,37.5,37.9,36.9,37.9,28321
2013-10-31 00:00:00,37.3,37.5,36.9,36.9,62706
2013-10-30 00:00:00,37.3,37.4,36.9,36.9,328573
2013-10-29 00:00:00,36.8,37.4,36.4,36.7,173816
2013-10-28 00:00:00,37.6,37.6,36.6,37.1,54580
2013-10-25 00:00:00,38.2,38.3,37.6,37.6,15262
2013-10-24 00:00:00,38.3,38.4,38.2,38.2,36001
2013-10-23 00:00:00,39.9,39.9,37.9,38.3,71079
2013-10-22 00:00:00,38.0,39.8,37.8,39.8,216022
2013-10-21 00:00:00,37.9,38.0,37.4,37.5,78948
2013-10-18 00:00:00,37.4,37.6,36.7,37.6,131455
2013-10-17 00:00:00,35.7,37.2,35.7,36.6,644219
2013-10-16 00:00:00,35.5,35.7,35.2,35.6,80914
2013-10-15 00:00:00,36.0,36.2,35.6,35.6,102769
2013-10-14 00:00:00,35.9,35.9,35.3,35.3,23469
2013-10-11 00:00:00,36.0,36.0,35.6,35.6,47722
2013-10-10 00:00:00,36.0,36.5,35.6,35.8,171555
2013-10-09 00:00:00,36.5,36.5,35.5,35.8,219501
2013-10-08 00:00:00,38.2,38.2,36.8,36.8,140986
2013-10-07 00:00:00,38.5,38.5,37.7,38.2,23159
2013-10-04 00:00:00,38.3,38.4,37.9,38.4,10272
2013-10-03 00:00:00,38.7,38.9,38.0,38.3,51229
2013-10-02 00:00:00,38.2,39.3,38.2,38.7,42475
2013-10-01 00:00:00,39.0,39.0,38.2,38.8,552338
2013-09-30 00:00:00,39.4,39.4,38.5,39.4,35836
2013-09-27 00:00:00,40.2,40.2,38.9,39.4,92406
2013-09-26 00:00:00,38.5,40.4,38.5,40.0,208465
2013-09-25 00:00:00,38.1,38.7,37.4,38.7,237080
2013-09-24 00:00:00,37.9,38.4,37.3,38.1,1249644
2013-09-23 00:00:00,36.5,37.7,36.4,37.1,302422
2013-09-20 00:00:00,37.6,37.6,36.3,37.1,393408
2013-09-19 00:00:00,37.9,37.9,37.2,37.5,73411
2013-09-18 00:00:00,38.0,38.0,36.9,37.5,50148
2013-09-17 00:00:00,37.4,38.0,36.7,37.4,58816
2013-09-16 00:00:00,36.0,38.2,36.0,37.6,2371466
2013-09-13 00:00:00,35.5,36.4,35.2,36.0,280973
2013-09-12 00:00:00,34.8,36.0,34.7,35.7,102583
2013-09-11 00:00:00,35.0,35.4,34.8,35.2,50901
2013-09-10 00:00:00,34.8,35.3,34.5,35.0,187607
2013-09-09 00:00:00,34.9,35.0,34.2,34.8,268492
2013-09-06 00:00:00,35.0,35.0,33.7,34.9,280873
2013-09-05 00:00:00,34.0,34.9,33.6,34.7,126109
2013-09-04 00:00:00,34.5,34.5,33.6,34.0,125696
2013-09-03 00:00:00,34.0,34.3,33.1,34.0,140065
2013-09-02 00:00:00,33.0,34.1,32.9,33.8,260224
2013-08-30 00:00:00,32.7,32.8,32.4,32.5,125689
2013-08-29 00:00:00,32.9,32.9,32.5,32.5,450890
2013-08-28 00:00:00,33.0,33.0,32.4,32.5,43243
2013-08-27 00:00:00,33.0,33.0,32.4,32.4,130147
2013-08-26 00:00:00,33.6,33.6,32.6,33.0,34968
2013-08-23 00:00:00,34.0,34.0,33.1,33.6,64093
2013-08-22 00:00:00,34.4,34.6,33.7,34.1,193710
2013-08-21 00:00:00,34.0,34.8,33.5,33.8,227515
2013-08-20 00:00:00,34.0,34.0,33.4,33.5,129655
2013-08-19 00:00:00,34.7,35.0,33.5,34.0,67958
2013-08-16 00:00:00,35.0,35.0,33.6,34.7,86817
2013-08-15 00:00:00,35.1,35.2,34.2,34.7,62074
2013-08-14 00:00:00,34.6,35.8,34.6,35.7,87855
2013-08-13 00:00:00,34.9,35.3,34.6,34.6,75901
2013-08-12 00:00:00,35.5,35.7,35.0,35.0,21685
2013-08-09 00:00:00,35.7,35.7,35.0,35.5,51297
2013-08-08 00:00:00,35.8,36.0,35.6,35.7,28399
2013-08-07 00:00:00,35.6,35.9,35.4,35.4,79574
2013-08-06 00:00:00,36.2,36.3,35.6,35.6,16262
2013-08-05 00:00:00,35.6,36.5,35.6,36.5,17309
2013-08-02 00:00:00,35.1,36.2,35.1,36.0,15423
2013-08-01 00:00:00,35.0,36.0,35.0,35.8,13915
2013-07-31 00:00:00,35.7,36.0,35.3,35.5,14063
2013-07-30 00:00:00,35.8,36.1,35.3,35.8,28568
2013-07-29 00:00:00,36.0,36.3,35.0,35.8,47776
2013-07-26 00:00:00,35.1,36.5,35.1,36.0,32011
2013-07-25 00:00:00,35.5,37.0,35.2,36.1,115636
2013-07-24 00:00:00,34.9,35.8,34.8,35.7,90085
2013-07-23 00:00:00,35.4,35.4,34.4,35.0,31178
2013-07-22 00:00:00,35.5,35.6,34.0,35.4,46534
2013-07-19 00:00:00,36.5,36.5,35.1,35.9,57506
2013-07-18 00:00:00,34.9,36.7,34.3,36.7,111779
2013-07-17 00:00:00,33.7,35.0,33.3,34.9,186359
2013-07-16 00:00:00,32.7,33.0,32.0,32.1,44286
2013-07-15 00:00:00,33.0,33.9,32.8,33.1,94318
2013-07-12 00:00:00,32.9,33.2,32.5,33.0,21201
2013-07-11 00:00:00,32.5,33.0,32.3,32.8,12718
2013-07-10 00:00:00,33.4,33.6,32.0,32.6,109397
2013-07-09 00:00:00,32.9,33.3,32.0,33.2,51825
2013-07-08 00:00:00,33.7,34.2,33.0,33.0,87323
2013-07-05 00:00:00,32.7,33.8,32.5,33.3,44055
2013-07-04 00:00:00,31.8,32.7,31.6,32.6,28511
2013-07-03 00:00:00,31.0,31.8,31.0,31.7,135996
2013-07-02 00:00:00,32.3,32.3,31.0,31.2,20999
2013-07-01 00:00:00,31.0,31.9,30.6,31.9,147946
2013-06-28 00:00:00,30.4,31.0,30.4,31.0,20010
2013-06-27 00:00:00,30.0,30.5,30.0,30.3,33580
2013-06-26 00:00:00,29.2,30.7,29.2,30.0,63996
2013-06-25 00:00:00,28.8,30.6,28.7,30.1,41529
2013-06-24 00:00:00,30.7,30.7,28.8,29.1,78894
2013-06-21 00:00:00,,30.1,30.1,30.1,0
2013-06-20 00:00:00,32.0,32.0,30.1,30.1,140285
2013-06-19 00:00:00,32.0,32.0,31.2,32.0,82951
2013-06-18 00:00:00,30.0,31.8,30.0,31.6,115010
2013-06-17 00:00:00,30.2,31.1,30.2,31.1,67056
2013-06-14 00:00:00,30.5,31.0,30.0,30.2,408952
2013-06-13 00:00:00,29.2,30.5,29.2,30.5,194065
2013-06-12 00:00:00,29.7,30.0,29.5,29.7,75961
2013-06-11 00:00:00,29.2,30.4,29.2,29.7,734913
2013-06-10 00:00:00,30.3,30.8,29.7,29.7,370901
2013-06-07 00:00:00,29.0,30.1,29.0,30.1,25336
2013-06-06 00:00:00,,29.3,29.3,29.3,0
2013-06-05 00:00:00,29.1,29.6,29.0,29.3,152813
2013-06-04 00:00:00,29.0,30.3,29.0,29.6,42971
2013-06-03 00:00:00,29.6,30.0,29.0,29.0,65706
2013-05-31 00:00:00,29.7,29.8,29.5,29.6,104744
2013-05-30 00:00:00,29.0,29.9,29.0,29.0,54028
2013-05-29 00:00:00,29.8,29.8,29.0,29.0,22718
2013-05-28 00:00:00,29.3,30.1,29.2,29.7,700514
2013-05-27 00:00:00,28.8,28.8,28.4,28.8,14872
2013-05-24 00:00:00,28.6,29.3,28.4,28.9,156600
2013-05-23 00:00:00,29.3,29.3,28.6,28.6,165581
2013-05-22 00:00:00,29.7,29.7,29.0,29.5,31575
2013-05-21 00:00:00,29.9,29.9,29.2,29.7,27916
2013-05-20 00:00:00,29.9,29.9,29.3,29.9,14306
2013-05-17 00:00:00,29.9,29.9,29.6,29.9,13409
2013-05-16 00:00:00,29.9,29.9,29.3,29.7,30627
2013-05-15 00:00:00,29.7,30.0,29.5,29.9,34131
2013-05-14 00:00:00,29.8,29.9,29.3,29.7,142554
2013-05-13 00:00:00,30.0,30.1,29.3,29.7,34071
2013-05-10 00:00:00,30.0,30.1,29.6,30.0,31863
2013-05-09 00:00:00,,30.0,30.0,30.0,0
2013-05-08 00:00:00,30.1,30.1,29.6,30.0,65850
2013-05-07 00:00:00,29.4,29.9,29.3,29.7,47648
2013-05-06 00:00:00,29.5,30.0,29.2,29.5,41412
2013-05-03 00:00:00,30.0,30.2,29.2,29.2,38773
2013-05-02 00:00:00,31.3,31.3,29.2,29.8,51121
2013-05-01 00:00:00,,30.7,30.7,30.7,0
2013-04-30 00:00:00,30.0,31.1,30.0,30.7,65327
2013-04-29 00:00:00,27.6,30.7,27.6,30.0,79439
2013-04-26 00:00:00,28.5,28.6,27.7,27.7,25326
2013-04-25 00:00:00,27.5,28.6,27.5,28.6,199937
2013-04-24 00:00:00,28.0,28.0,27.1,27.7,147746
2013-04-23 00:00:00,27.1,27.9,27.1,27.5,1251444
2013-04-22 00:00:00,27.9,28.0,27.3,27.6,20846
2013-04-19 00:00:00,28.0,28.0,27.6,27.8,32591
2013-04-18 00:00:00,28.0,28.4,27.8,28.0,45335
2013-04-17 00:00:00,28.8,28.9,28.0,28.0,62862
2013-04-16 00:00:00,29.9,29.9,28.5,28.7,234143
2013-04-15 00:00:00,30.5,30.8,29.9,30.0,87396
2013-04-12 00:00:00,30.3,30.7,30.3,30.5,13359
2013-04-11 00:00:00,30.4,30.8,30.2,30.4,13596
2013-04-10 00:00:00,30.5,30.7,30.2,30.7,27827
2013-04-09 00:00:00,30.4,30.6,30.2,30.5,27380
2013-04-08 00:00:00,30.3,31.8,30.2,30.2,51057
2013-04-05 00:00:00,30.2,30.5,29.8,30.5,29704
2013-04-04 00:00:00,31.0,31.0,30.3,30.6,18837
2013-04-03 00:00:00,31.6,31.6,30.6,31.2,24979
2013-04-02 00:00:00,31.5,31.7,31.0,31.4,51225
2013-04-01 00:00:00,,31.5,31.5,31.5,0
2013-03-29 00:00:00,30.3,31.5,31.5,31.5,32236
2013-03-28 00:00:00,30.3,30.5,29.8,30.5,32236
2013-03-27 00:00:00,30.3,30.5,29.8,30.5,32236
2013-03-26 00:00:00,30.8,30.8,29.7,30.1,50691
2013-03-25 00:00:00,30.0,30.8,30.0,30.8,39015
2013-03-22 00:00:00,30.4,30.5,29.7,29.9,31767
2013-03-21 00:00:00,30.1,30.4,29.7,30.0,136363
2013-03-20 00:00:00,29.5,29.5,28.5,29.5,32421
2013-03-19 00:00:00,29.9,30.0,28.7,29.2,47757
2013-03-18 00:00:00,29.8,30.0,29.5,30.0,41671
2013-03-15 00:00:00,30.4,30.5,29.8,30.5,69495
2013-03-14 00:00:00,30.0,30.8,29.8,30.8,92467
2013-03-13 00:00:00,29.8,30.2,29.6,29.6,43830
2013-03-12 00:00:00,30.5,30.6,30.0,30.5,45644
2013-03-11 00:00:00,31.0,31.0,30.5,30.6,41683
2013-03-08 00:00:00,30.8,31.0,30.1,31.0,57910
2013-03-07 00:00:00,30.6,30.8,29.9,30.6,99463
2013-03-06 00:00:00,30.3,30.9,30.3,30.5,450244
2013-03-05 00:00:00,30.5,31.0,30.3,30.7,74865
2013-03-04 00:00:00,30.2,30.9,30.0,30.6,34020
2013-03-01 00:00:00,31.0,31.0,29.9,30.2,61919
2013-02-28 00:00:00,31.0,31.0,30.5,30.9,118254
2013-02-27 00:00:00,30.5,31.1,30.4,30.6,33772
2013-02-26 00:00:00,31.1,31.3,30.2,30.6,74390
2013-02-25 00:00:00,31.9,31.9,31.1,31.6,51695
2013-02-22 00:00:00,31.0,31.8,30.8,31.4,70024
2013-02-21 00:00:00,31.0,31.4,30.0,31.0,92868
2013-02-20 00:00:00,31.5,31.6,30.4,31.5,142689
2013-02-19 00:00:00,31.2,31.4,30.5,31.2,99547
2013-02-18 00:00:00,30.4,30.9,29.8,30.7,120171
2013-02-15 00:00:00,30.0,30.3,29.8,29.8,231165
2013-02-14 00:00:00,31.9,31.9,28.4,29.6,599692
2013-02-13 00:00:00,30.5,32.0,30.5,31.5,184755
2013-02-12 00:00:00,30.1,30.7,30.1,30.5,109121
2013-02-11 00:00:00,30.0,30.5,29.6,30.0,97577
2013-02-08 00:00:00,29.9,29.9,29.3,29.9,421314
2013-02-07 00:00:00,29.8,30.3,29.3,29.8,1231006
2013-02-06 00:00:00,28.4,29.3,28.4,29.1,1246160
2013-02-05 00:00:00,29.0,29.2,28.2,28.4,197970
2013-02-04 00:00:00,29.0,30.0,28.3,28.5,258332
2013-02-01 00:00:00,27.9,29.0,27.2,28.8,306605
2013-01-31 00:00:00,27.0,27.8,26.4,27.8,1102418
2013-01-30 00:00:00,27.5,27.5,26.6,27.2,25044
2013-01-29 00:00:00,27.3,27.4,27.0,27.2,45271
2013-01-28 00:00:00,27.3,27.5,27.1,27.3,132937
2013-01-25 00:00:00,27.0,27.4,26.8,27.3,98078
2013-01-24 00:00:00,27.8,27.8,27.0,27.3,836164
2013-01-23 00:00:00,26.6,27.0,26.2,26.4,115837
2013-01-22 00:00:00,25.9,26.9,25.4,26.7,437045
2013-01-21 00:00:00,24.7,25.8,24.7,25.8,288728
2013-01-18 00:00:00,24.9,25.5,24.8,25.4,147379
2013-01-17 00:00:00,24.4,24.8,24.4,24.8,58143
2013-01-16 00:00:00,24.4,24.7,24.4,24.6,22608
2013-01-15 00:00:00,24.9,24.9,23.7,24.6,99151
2013-01-14 00:00:00,24.7,25.2,24.5,24.7,26059
2013-01-11 00:00:00,24.8,24.9,24.4,24.7,26087
2013-01-10 00:00:00,25.0,25.4,24.7,24.9,144088
2013-01-09 00:00:00,24.9,25.0,24.6,24.9,21583
2013-01-08 00:00:00,24.4,24.9,24.3,24.6,32636
2013-01-07 00:00:00,24.0,24.5,23.9,24.4,125285
2013-01-04 00:00:00,24.0,24.3,23.7,24.3,48536
2013-01-03 00:00:00,24.3,24.3,23.9,24.0,26951
2013-01-02 00:00:00,23.5,24.3,23.4,24.1,177512
2013-01-01 00:00:00,,23.2,23.2,23.2,0
2012-12-31 00:00:00,,23.2,23.2,23.2,0
2012-12-28 00:00:00,23.3,23.3,23.0,23.2,46156
2012-12-27 00:00:00,23.4,24.0,22.9,23.4,33144
2012-12-26 00:00:00,,23.4,23.4,23.4,0
2012-12-25 00:00:00,,23.4,23.4,23.4,0
2012-12-24 00:00:00,,23.4,23.4,23.4,0
2012-12-21 00:00:00,23.8,24.0,23.0,23.4,75439
2012-12-20 00:00:00,23.7,23.9,23.6,23.8,104972
2012-12-19 00:00:00,23.8,23.8,23.5,23.6,43467
2012-12-18 00:00:00,23.2,23.6,23.2,23.6,61906
2012-12-17 00:00:00,23.8,23.9,22.9,23.3,116298
2012-12-14 00:00:00,23.0,23.9,23.0,23.9,78251
2012-12-13 00:00:00,23.2,23.2,22.5,22.8,14991
2012-12-12 00:00:00,23.0,23.1,22.6,22.8,201332
2012-12-11 00:00:00,23.0,23.0,22.7,22.8,20218
2012-12-10 00:00:00,22.5,23.2,22.5,23.0,55979
2012-12-07 00:00:00,22.7,23.0,22.3,22.8,99274
2012-12-06 00:00:00,22.7,23.0,22.5,22.7,45085
2012-12-05 00:00:00,22.0,22.9,22.0,22.5,39237
2012-12-04 00:00:00,22.2,22.4,21.9,22.2,38853
2012-12-03 00:00:00,23.0,23.0,21.9,22.0,216012
2012-11-30 00:00:00,22.0,22.7,22.0,22.7,267178
2012-11-29 00:00:00,21.9,22.1,21.7,22.0,56719
2012-11-28 00:00:00,21.9,21.9,21.7,21.9,51532
2012-11-27 00:00:00,22.0,22.0,21.5,22.0,78558
2012-11-26 00:00:00,22.2,22.2,21.1,21.3,84074
2012-11-23 00:00:00,22.0,22.2,21.9,22.2,25866
2012-11-22 00:00:00,21.9,22.0,21.8,22.0,21350
2012-11-21 00:00:00,21.0,22.0,21.0,21.9,8858
2012-11-20 00:00:00,22.0,22.2,21.5,21.5,16646
2012-11-19 00:00:00,22.0,22.0,21.6,21.9,122108
2012-11-16 00:00:00,21.6,22.0,21.5,21.5,241491
2012-11-15 00:00:00,21.5,22.0,21.5,21.8,75222
2012-11-14 00:00:00,22.0,22.0,20.5,21.7,296750
2012-11-13 00:00:00,22.2,22.2,21.8,22.0,21214
2012-11-12 00:00:00,22.7,22.7,22.0,22.4,140810
2012-11-09 00:00:00,23.0,23.0,22.2,22.4,218844
2012-11-08 00:00:00,23.3,23.3,22.8,22.9,43110
2012-11-07 00:00:00,23.4,23.5,23.2,23.3,22792
2012-11-06 00:00:00,23.7,23.7,23.4,23.6,115524
2012-11-05 00:00:00,23.8,23.8,23.2,23.6,44544
2012-11-02 00:00:00,23.9,24.0,23.7,23.8,6825
2012-11-01 00:00:00,23.6,23.7,23.4,23.7,38020
2012-10-31 00:00:00,23.9,24.0,23.6,23.6,51935
2012-10-30 00:00:00,23.4,24.0,23.4,23.9,61729
2012-10-29 00:00:00,24.1,24.4,23.4,23.4,98749
2012-10-26 00:00:00,24.5,25.0,24.5,24.9,48871
2012-10-25 00:00:00,24.6,24.8,24.5,24.7,50610
2012-10-24 00:00:00,25.0,25.7,24.3,24.6,232763
2012-10-23 00:00:00,25.0,25.0,24.3,24.8,25673
2012-10-22 00:00:00,25.4,25.4,24.8,25.0,34379
2012-10-19 00:00:00,24.9,25.5,24.9,25.2,350152
2012-10-18 00:00:00,25.0,25.4,24.8,25.3,58813
2012-10-17 00:00:00,24.9,25.2,24.4,24.8,21004
2012-10-16 00:00:00,24.9,25.5,24.1,24.8,523110
2012-10-15 00:00:00,24.1,25.0,23.6,24.7,113446
2012-10-12 00:00:00,24.6,24.6,23.6,23.9,47765
2012-10-11 00:00:00,23.6,24.5,23.6,23.6,56218
2012-10-10 00:00:00,24.5,24.5,23.6,23.7,80739
2012-10-09 00:00:00,24.7,24.7,24.1,24.4,63486
2012-10-08 00:00:00,25.5,25.7,24.5,24.7,73284
2012-10-05 00:00:00,24.7,25.7,24.5,25.3,799778
2012-10-04 00:00:00,24.9,24.9,24.4,24.8,65536
2012-10-03 00:00:00,25.1,25.8,24.7,24.7,103702
2012-10-02 00:00:00,24.9,25.3,24.8,25.1,369808
2012-10-01 00:00:00,25.0,25.0,24.6,24.7,217575
2012-09-28 00:00:00,24.9,25.4,24.7,24.8,54975
2012-09-27 00:00:00,25.2,25.2,24.9,25.0,107062
2012-09-26 00:00:00,25.0,25.2,24.9,25.0,159535
2012-09-25 00:00:00,25.3,25.3,25.0,25.1,84820
2012-09-24 00:00:00,24.7,25.4,24.6,25.0,214950
2012-09-21 00:00:00,24.6,25.9,24.6,25.1,465738
2012-09-20 00:00:00,24.3,24.6,24.2,24.5,73262
2012-09-19 00:00:00,24.6,24.7,24.4,24.6,90609
2012-09-18 00:00:00,24.5,24.7,24.4,24.6,171140
2012-09-17 00:00:00,24.6,24.7,24.5,24.7,190598
2012-09-14 00:00:00,24.7,24.9,24.5,24.6,247131
2012-09-13 00:00:00,24.6,24.8,24.1,24.5,72452
2012-09-12 00:00:00,24.0,24.8,23.7,24.8,202142
2012-09-11 00:00:00,24.6,24.6,23.6,24.2,39891
2012-09-10 00:00:00,24.6,24.9,24.1,24.5,79126
2012-09-07 00:00:00,24.2,24.8,24.0,24.5,237447
2012-09-06 00:00:00,23.4,23.5,23.1,23.5,332874
2012-09-05 00:00:00,23.0,23.3,22.9,23.3,33783
2012-09-04 00:00:00,23.0,23.0,22.6,22.9,587977
2012-09-03 00:00:00,23.0,23.0,22.6,22.7,37520
2012-08-31 00:00:00,22.8,23.4,22.8,23.0,13824
2012-08-30 00:00:00,23.3,23.3,22.9,22.9,59933
2012-08-29 00:00:00,22.6,23.7,22.6,23.3,27739
2012-08-28 00:00:00,22.7,23.8,22.7,22.8,158574
2012-08-27 00:00:00,23.0,23.1,22.7,22.9,33388
2012-08-24 00:00:00,23.2,23.4,22.8,23.3,41800
2012-08-23 00:00:00,23.1,23.6,23.1,23.1,13993
2012-08-22 00:00:00,23.8,23.8,23.4,23.4,6702
2012-08-21 00:00:00,23.8,24.1,23.5,24.0,17493
2012-08-20 00:00:00,23.6,24.2,23.4,23.8,12866
2012-08-17 00:00:00,23.8,24.1,23.3,23.8,28429
2012-08-16 00:00:00,23.4,24.0,23.4,23.8,101177
2012-08-15 00:00:00,24.0,24.3,23.7,23.7,99271
2012-08-14 00:00:00,24.2,24.2,23.5,23.9,60971
2012-08-13 00:00:00,23.5,24.2,23.4,24.2,58526
2012-08-10 00:00:00,23.1,23.5,23.1,23.2,7490
2012-08-09 00:00:00,22.9,23.4,22.9,23.3,53005
2012-08-08 00:00:00,22.4,23.0,22.1,22.7,147255
2012-08-07 00:00:00,22.4,22.9,22.4,22.9,63962
2012-08-06 00:00:00,22.4,22.7,22.3,22.7,22477
2012-08-03 00:00:00,22.0,22.5,21.7,22.4,79201
2012-08-02 00:00:00,22.6,22.7,22.3,22.3,12903
2012-08-01 00:00:00,23.4,23.4,22.5,22.5,49859
2012-07-31 00:00:00,23.2,23.2,22.5,22.9,51684
2012-07-30 00:00:00,22.4,23.4,22.4,23.1,43449
2012-07-27 00:00:00,22.4,22.5,22.0,22.3,33237
2012-07-26 00:00:00,22.2,22.8,22.2,22.5,122195
2012-07-25 00:00:00,22.2,22.8,22.2,22.4,26568
2012-07-24 00:00:00,22.8,23.0,22.5,22.5,20613
2012-07-23 00:00:00,23.1,23.1,22.5,22.5,33062
2012-07-20 00:00:00,23.2,23.5,22.9,22.9,44766
2012-07-19 00:00:00,23.4,23.6,23.0,23.5,31910
2012-07-18 00:00:00,23.3,23.4,23.0,23.2,22323
2012-07-17 00:00:00,23.2,23.4,23.0,23.3,93495
2012-07-16 00:00:00,22.5,23.3,22.3,23.3,115847
2012-07-13 00:00:00,21.1,22.6,21.1,22.0,217075
2012-07-12 00:00:00,21.0,21.0,20.2,20.6,52494
2012-07-11 00:00:00,21.4,21.7,20.8,20.8,135134
2012-07-10 00:00:00,21.4,21.8,21.2,21.2,22089
2012-07-09 00:00:00,22.0,22.1,21.0,21.2,31562
2012-07-06 00:00:00,22.6,22.8,22.0,22.5,38595
2012-07-05 00:00:00,23.3,23.3,22.7,23.2,27699
2012-07-04 00:00:00,24.2,24.2,22.8,23.6,42796
2012-07-03 00:00:00,23.4,24.0,23.4,23.6,21344
2012-07-02 00:00:00,24.3,24.4,23.5,23.5,134915
2012-06-29 00:00:00,24.1,24.4,23.8,24.0,67815
2012-06-28 00:00:00,24.3,24.3,23.2,23.4,45673
2012-06-27 00:00:00,23.7,24.3,23.6,24.2,75859
2012-06-26 00:00:00,23.9,23.9,23.5,23.6,90099
2012-06-25 00:00:00,23.9,24.0,23.3,23.9,2170776
2012-06-22 00:00:00,,24.2,24.2,24.2,0
2012-06-21 00:00:00,24.1,25.2,24.1,24.2,172630
2012-06-20 00:00:00,24.0,24.8,24.0,24.8,73970
2012-06-19 00:00:00,24.1,24.6,23.9,24.4,64585
2012-06-18 00:00:00,24.4,24.6,23.6,24.0,41201
2012-06-15 00:00:00,22.4,24.2,22.4,24.2,466248
2012-06-14 00:00:00,23.0,23.0,22.1,22.4,24472
2012-06-13 00:00:00,23.1,23.7,22.8,22.9,43739
2012-06-12 00:00:00,24.0,24.1,23.2,23.3,38509
2012-06-11 00:00:00,24.8,25.2,23.7,23.8,78932
2012-06-08 00:00:00,24.3,25.0,24.3,24.4,7793
2012-06-07 00:00:00,24.5,25.4,23.9,25.4,61765
2012-06-06 00:00:00,,24.0,24.0,24.0,0
2012-06-05 00:00:00,23.8,24.1,23.4,24.0,139980
2012-06-04 00:00:00,22.7,23.7,21.9,23.7,1400512
2012-06-01 00:00:00,23.2,23.5,22.3,22.7,186182
2012-05-31 00:00:00,24.2,25.2,22.9,23.0,855505
2012-05-30 00:00:00,24.8,24.9,23.4,24.2,133706
2012-05-29 00:00:00,25.0,25.2,24.8,25.0,90737
2012-05-28 00:00:00,25.9,25.9,24.2,25.0,82877
2012-05-25 00:00:00,24.7,25.9,24.7,25.3,48240
2012-05-24 00:00:00,25.6,26.0,25.5,25.8,226697
2012-05-23 00:00:00,26.0,26.0,25.0,25.6,29157
2012-05-22 00:00:00,25.2,26.3,25.2,26.0,73274
2012-05-21 00:00:00,24.6,25.8,24.6,25.2,33428
2012-05-18 00:00:00,25.9,25.9,24.7,24.8,30483
2012-05-17 00:00:00,,25.9,25.9,25.9,0
2012-05-16 00:00:00,25.6,25.9,25.4,25.9,17872
2012-05-15 00:00:00,26.9,26.9,24.5,25.7,47810
2012-05-14 00:00:00,27.2,27.5,26.0,26.0,49850
2012-05-11 00:00:00,26.9,27.0,26.4,26.9,49406
2012-05-10 00:00:00,27.0,27.1,26.7,27.0,222114
2012-05-09 00:00:00,27.0,27.2,26.7,27.0,393163
2012-05-08 00:00:00,27.8,27.9,26.3,27.0,274766
2012-05-07 00:00:00,27.5,27.7,26.9,27.7,319981
2012-05-04 00:00:00,27.8,28.4,27.3,27.6,70477
2012-05-03 00:00:00,27.0,28.3,26.8,28.0,495406
2012-05-02 00:00:00,26.4,27.2,26.1,27.0,164701
2012-05-01 00:00:00,,26.5,26.5,26.5,0
2012-04-30 00:00:00,26.0,26.7,26.0,26.5,64126
2012-04-27 00:00:00,23.9,26.3,23.9,25.7,129020
2012-04-26 00:00:00,25.0,25.0,24.6,25.0,473576
2012-04-25 00:00:00,24.9,25.0,24.5,25.0,134820
2012-04-24 00:00:00,24.7,25.0,24.0,24.4,88759
2012-04-23 00:00:00,24.9,25.0,23.8,23.9,48475
2012-04-20 00:00:00,25.6,25.6,25.2,25.4,17286
2012-04-19 00:00:00,25.1,25.5,25.1,25.5,34021
2012-04-18 00:00:00,25.5,25.8,25.0,25.1,24128
2012-04-17 00:00:00,24.5,25.5,24.5,25.5,26312
2012-04-16 00:00:00,24.9,25.5,24.5,24.5,44992
2012-04-13 00:00:00,24.9,25.4,24.7,24.7,47729
2012-04-12 00:00:00,24.1,24.8,24.1,24.4,76046
2012-04-11 00:00:00,23.4,23.6,23.1,23.1,24152
2012-04-10 00:00:00,23.5,23.5,22.9,22.9,23934
2012-04-09 00:00:00,,23.6,23.6,23.6,0
2012-04-06 00:00:00,,23.6,23.6,23.6,0
2012-04-05 00:00:00,24.6,24.6,23.6,23.6,9153
2012-04-04 00:00:00,23.8,24.2,23.8,24.1,28050
2012-04-03 00:00:00,24.5,24.8,24.1,24.3,34244
2012-04-02 00:00:00,24.0,24.5,23.6,24.4,30066
2012-03-30 00:00:00,23.7,24.3,23.2,23.8,127743
2012-03-29 00:00:00,23.7,23.7,23.1,23.6,30730
2012-03-28 00:00:00,23.4,23.8,23.1,23.3,970370
2012-03-27 00:00:00,23.0,23.4,23.0,23.2,26536
2012-03-26 00:00:00,22.2,23.2,22.2,23.2,63540
2012-03-23 00:00:00,22.5,22.5,21.1,22.1,49562
2012-03-22 00:00:00,22.9,22.9,20.2,21.6,270152
2012-03-21 00:00:00,22.7,22.9,22.2,22.3,33208
2012-03-20 00:00:00,22.8,23.0,22.7,23.0,28307
2012-03-19 00:00:00,23.3,23.3,22.7,22.9,19076
2012-03-16 00:00:00,23.0,23.2,22.6,22.6,56674
2012-03-15 00:00:00,23.1,23.3,22.9,23.0,78340
2012-03-14 00:00:00,23.6,23.9,23.3,23.7,165541
2012-03-13 00:00:00,23.3,23.9,23.3,23.6,25392
2012-03-12 00:00:00,23.6,24.2,23.0,23.6,34376
2012-03-09 00:00:00,24.5,24.7,23.6,24.0,143836
2012-03-08 00:00:00,24.9,25.5,24.2,24.2,92135
2012-03-07 00:00:00,24.1,24.8,23.6,24.6,80001
2012-03-06 00:00:00,24.3,25.4,23.9,23.9,62571
2012-03-05 00:00:00,25.4,25.4,24.2,25.0,36982
2012-03-02 00:00:00,24.5,25.3,24.4,25.3,446903
2012-03-01 00:00:00,25.2,25.2,24.7,25.1,17307
2012-02-29 00:00:00,25.3,25.3,24.5,25.0,38989
2012-02-28 00:00:00,25.3,25.6,24.2,24.5,18366
2012-02-27 00:00:00,24.8,25.2,24.7,24.8,19141
2012-02-24 00:00:00,24.5,24.9,24.2,24.8,36699
2012-02-23 00:00:00,24.8,25.0,24.4,24.5,63030
2012-02-22 00:00:00,25.2,25.5,24.2,24.7,119197
2012-02-21 00:00:00,26.2,26.5,25.6,25.8,56711
2012-02-20 00:00:00,26.0,27.0,26.0,26.3,55777
2012-02-17 00:00:00,25.0,26.0,25.0,26.0,43959
2012-02-16 00:00:00,25.0,25.3,24.6,25.0,33043
2012-02-15 00:00:00,25.4,25.8,24.3,25.3,320479
2012-02-14 00:00:00,25.1,26.5,25.0,25.8,107975
2012-02-13 00:00:00,26.0,27.0,26.0,26.7,64606
2012-02-10 00:00:00,27.0,27.0,26.0,26.0,94953
2012-02-09 00:00:00,26.7,27.2,26.7,27.0,28274
2012-02-08 00:00:00,26.1,27.1,26.1,26.7,540681
2012-02-07 00:00:00,26.6,26.7,25.9,26.4,17793
2012-02-06 00:00:00,27.0,27.0,25.0,27.0,44361
2012-02-03 00:00:00,26.4,27.3,26.0,27.1,325093
2012-02-02 00:00:00,26.4,26.4,25.5,26.0,107626
2012-02-01 00:00:00,26.0,26.2,25.6,26.0,71817
2012-01-31 00:00:00,26.5,26.5,25.2,25.7,33494
2012-01-30 00:00:00,25.6,25.7,24.8,25.2,45635
2012-01-27 00:00:00,26.8,26.9,26.3,26.4,27046
2012-01-26 00:00:00,26.4,27.0,26.0,26.8,48515
2012-01-25 00:00:00,26.5,26.5,26.0,26.5,20765
2012-01-24 00:00:00,26.6,26.6,25.7,26.5,46246
2012-01-23 00:00:00,25.3,26.5,25.3,26.5,207008
2012-01-20 00:00:00,25.0,26.2,24.6,25.6,35256
2012-01-19 00:00:00,24.8,25.0,24.6,24.7,262567
2012-01-18 00:00:00,24.1,24.5,24.1,24.3,105763
2012-01-17 00:00:00,23.5,24.9,23.5,24.3,22433
2012-01-16 00:00:00,23.8,24.5,23.8,24.0,51133
2012-01-13 00:00:00,23.6,24.4,23.6,24.0,67102
2012-01-12 00:00:00,22.8,24.0,22.8,24.0,79712
2012-01-11 00:00:00,23.1,23.1,22.7,23.1,22870
2012-01-10 00:00:00,23.1,23.1,22.6,22.9,23430
2012-01-09 00:00:00,23.1,23.1,22.4,23.0,100054
2012-01-06 00:00:00,,22.8,22.8,22.8,0
2012-01-05 00:00:00,23.0,23.0,22.8,22.8,4624
2012-01-04 00:00:00,23.2,23.2,22.9,23.0,4854
2012-01-03 00:00:00,23.0,23.0,22.7,23.0,308111
2012-01-02 00:00:00,22.1,23.0,22.1,23.0,23279
2011-12-30 00:00:00,21.2,22.4,21.0,22.1,113797
2011-12-29 00:00:00,21.8,22.3,21.6,22.0,165766
2011-12-28 00:00:00,21.1,22.3,21.1,22.2,79965
2011-12-27 00:00:00,21.4,21.9,20.9,21.5,132359
2011-12-26 00:00:00,,21.8,21.8,21.8,0
2011-12-23 00:00:00,22.0,22.2,21.7,21.8,96424
2011-12-22 00:00:00,21.5,22.2,21.5,22.0,36923
2011-12-21 00:00:00,22.3,22.8,21.8,21.8,76034
2011-12-20 00:00:00,22.3,22.6,22.1,22.6,50526
2011-12-19 00:00:00,20.6,22.3,20.6,22.3,82421
2011-12-16 00:00:00,21.3,21.8,21.0,21.0,47514
2011-12-15 00:00:00,22.0,22.2,21.2,21.2,35534
2011-12-14 00:00:00,22.0,22.8,21.8,21.8,68749
2011-12-13 00:00:00,21.6,22.5,21.5,22.5,537670
2011-12-12 00:00:00,22.1,22.2,21.3,21.4,66099
2011-12-09 00:00:00,21.9,22.8,21.5,22.1,50306
2011-12-08 00:00:00,22.3,23.3,22.1,22.3,47889
2011-12-07 00:00:00,22.8,23.1,22.6,22.6,121774
2011-12-06 00:00:00,22.4,23.0,22.0,22.8,83036
2011-12-05 00:00:00,21.0,23.1,21.0,22.6,448396
2011-12-02 00:00:00,21.7,21.9,21.0,21.2,140805
2011-12-01 00:00:00,21.5,21.5,20.5,21.0,129656
2011-11-30 00:00:00,19.0,21.2,18.8,21.1,730782
2011-11-29 00:00:00,18.0,19.3,18.0,19.3,265898
2011-11-28 00:00:00,18.0,18.9,18.0,18.5,181940
2011-11-25 00:00:00,17.0,17.9,16.8,17.7,224459
2011-11-24 00:00:00,17.0,17.6,16.8,17.1,125858
2011-11-23 00:00:00,16.5,17.3,16.3,16.7,207774
2011-11-22 00:00:00,17.7,17.7,16.7,17.0,147613
2011-11-21 00:00:00,17.7,17.7,16.6,17.0,109255
2011-11-18 00:00:00,18.4,18.9,17.6,17.8,70166
2011-11-17 00:00:00,19.1,19.5,18.3,18.3,98936
2011-11-16 00:00:00,20.0,20.0,19.1,19.5,137769
2011-11-15 00:00:00,20.2,20.9,19.1,19.6,48836
2011-11-14 00:00:00,20.9,20.9,19.6,20.0,72785
2011-11-11 00:00:00,19.9,20.9,19.2,20.3,94824
2011-11-10 00:00:00,19.7,19.8,19.1,19.5,150575
2011-11-09 00:00:00,19.8,20.0,18.8,19.8,76014
2011-11-08 00:00:00,20.5,20.5,19.2,19.7,103378
2011-11-07 00:00:00,20.5,20.7,19.7,20.0,158124
2011-11-04 00:00:00,21.0,21.9,20.5,20.9,64494
2011-11-03 00:00:00,21.3,21.9,21.0,21.5,110778
2011-11-02 00:00:00,22.1,22.4,21.3,21.3,86766
2011-11-01 00:00:00,22.5,23.4,21.1,22.1,141720
2011-10-31 00:00:00,23.3,24.0,22.8,23.6,50380
2011-10-28 00:00:00,24.5,24.9,23.4,23.6,65615
2011-10-27 00:00:00,23.8,24.5,23.6,24.5,128676
2011-10-26 00:00:00,23.0,23.6,23.0,23.5,28575
2011-10-25 00:00:00,22.9,24.4,22.9,24.0,29901
2011-10-24 00:00:00,23.5,24.7,22.8,24.4,53749
2011-10-21 00:00:00,22.6,23.8,22.1,23.5,29604
2011-10-20 00:00:00,23.0,23.5,23.0,23.3,545784
2011-10-19 00:00:00,23.5,23.7,23.3,23.6,5332
2011-10-18 00:00:00,22.7,23.5,22.7,23.5,31590
2011-10-17 00:00:00,23.0,23.0,22.5,22.7,46518
2011-10-14 00:00:00,22.4,23.0,22.4,22.6,12802
2011-10-13 00:00:00,22.9,23.2,21.9,22.3,87002
2011-10-12 00:00:00,22.0,23.0,21.6,22.7,98078
2011-10-11 00:00:00,21.4,22.0,20.6,22.0,81560
2011-10-10 00:00:00,19.4,21.9,19.4,21.3,133095
2011-10-07 00:00:00,19.0,19.2,18.4,19.2,376102
2011-10-06 00:00:00,19.5,19.6,18.5,18.5,28430
2011-10-05 00:00:00,19.0,20.1,18.8,18.9,65756
2011-10-04 00:00:00,19.9,19.9,18.3,18.9,100221
2011-10-03 00:00:00,20.1,20.4,19.5,19.9,50403
2011-09-30 00:00:00,21.4,22.6,19.5,20.1,542213
2011-09-29 00:00:00,21.9,22.6,20.5,20.8,65225
2011-09-28 00:00:00,,,,20.9,0
2011-09-27 00:00:00,21.7,21.8,20.6,21.3,66653
2011-09-26 00:00:00,20.8,21.2,19.8,20.1,130549
2011-09-23 00:00:00,21.5,21.5,19.6,20.3,115566
2011-09-22 00:00:00,22.7,22.7,21.5,21.5,49505
