Dates,Open,High,Low,Close,Volume
2017-09-08 00:00:00,100.5,101.9,99.05,99.4,31706
2017-09-07 00:00:00,100.5,101.0,100.5,100.5,7325
2017-09-06 00:00:00,101.1,101.1,99.8,100.5,28656
2017-09-04 00:00:00,100.5,101.4,99.75,101.0,32148
2017-09-01 00:00:00,100.0,101.8,100.0,100.4,40670
2017-08-31 00:00:00,105.0,105.0,99.1,100.0,29638
2017-08-30 00:00:00,102.0,104.5,100.0,101.0,14222
2017-08-29 00:00:00,102.5,103.5,102.5,102.5,19578
2017-08-28 00:00:00,103.1,103.1,101.6,102.1,10536
2017-08-25 00:00:00,105.0,105.4,103.5,103.7,208650
2017-08-24 00:00:00,104.8,105.0,103.1,105.0,5254
2017-08-23 00:00:00,100.4,104.7,100.1,104.2,281373
2017-08-22 00:00:00,100.9,101.8,99.7,100.4,64531
2017-08-21 00:00:00,103.0,104.4,101.2,101.3,72135
2017-08-18 00:00:00,105.0,105.0,101.0,102.0,5539
2017-08-17 00:00:00,102.0,105.0,101.9,105.0,3907
2017-08-16 00:00:00,104.0,105.0,102.1,104.0,9775
2017-08-15 00:00:00,101.5,104.0,101.3,104.0,3919
2017-08-14 00:00:00,101.5,105.0,101.3,104.0,6299
2017-08-11 00:00:00,104.0,104.0,100.5,101.9,16637
2017-08-10 00:00:00,104.1,105.8,104.1,104.7,2662
2017-08-09 00:00:00,108.7,108.8,105.9,106.2,11740
2017-08-08 00:00:00,108.0,108.8,106.7,107.7,10649
2017-08-07 00:00:00,106.0,109.5,105.9,108.0,7832
2017-08-04 00:00:00,108.1,108.1,104.8,107.4,9220
2017-08-03 00:00:00,103.5,106.7,103.5,106.7,50203
2017-08-02 00:00:00,106.0,106.0,104.5,105.3,10632
2017-08-01 00:00:00,103.0,105.9,102.1,105.9,7898
2017-07-31 00:00:00,101.7,101.9,100.1,101.7,1978
2017-07-28 00:00:00,101.9,102.0,100.8,101.9,2259
2017-07-27 00:00:00,102.9,102.9,101.6,102.4,3693
2017-07-26 00:00:00,99.85,103.0,99.85,102.9,7601
2017-07-25 00:00:00,101.2,102.5,99.0,99.85,8215
2017-07-24 00:00:00,104.3,104.3,101.2,101.2,6524
2017-07-21 00:00:00,104.0,104.5,101.8,104.4,8621
2017-07-20 00:00:00,99.5,105.0,98.1,104.4,29385
2017-07-19 00:00:00,101.5,102.0,98.0,99.05,17927
2017-07-18 00:00:00,103.1,105.0,101.3,101.3,5205
2017-07-17 00:00:00,105.0,106.0,102.9,103.1,16359
2017-07-14 00:00:00,103.0,104.0,101.0,103.4,5133
2017-07-13 00:00:00,101.0,104.0,99.55,103.9,5836
2017-07-12 00:00:00,100.0,102.4,99.1,101.7,10797
2017-07-11 00:00:00,101.7,102.0,100.3,100.3,3112
2017-07-10 00:00:00,100.7,102.5,100.7,101.0,1611
2017-07-07 00:00:00,102.5,102.5,100.6,101.0,4161
2017-07-06 00:00:00,102.7,104.1,100.1,100.6,8547
2017-07-05 00:00:00,103.3,103.3,101.0,101.4,5935
2017-07-04 00:00:00,101.2,102.5,101.0,102.0,13123
2017-07-03 00:00:00,102.4,103.9,101.0,101.2,13578
2017-06-30 00:00:00,98.0,101.0,96.0,101.0,18471
2017-06-29 00:00:00,100.5,101.0,99.25,99.55,15457
2017-06-28 00:00:00,102.0,103.6,99.2,101.0,196491
2017-06-27 00:00:00,103.8,104.4,102.6,102.9,10799
2017-06-26 00:00:00,103.3,104.9,101.4,101.4,11147
2017-06-23 00:00:00,,103.4,103.4,103.4,0
2017-06-22 00:00:00,103.6,104.3,102.4,103.4,11210
2017-06-21 00:00:00,101.0,104.3,101.0,103.2,36119
2017-06-20 00:00:00,104.0,105.6,103.3,103.6,8897
2017-06-19 00:00:00,107.0,107.0,103.2,104.0,17153
2017-06-16 00:00:00,102.5,107.5,101.6,107.5,24663
2017-06-15 00:00:00,102.9,103.7,102.5,102.5,24600
2017-06-14 00:00:00,103.2,103.8,101.6,102.6,6519
2017-06-13 00:00:00,102.5,104.3,101.6,103.2,14346
2017-06-12 00:00:00,104.8,105.0,102.6,103.2,61185
2017-06-09 00:00:00,101.0,105.8,100.8,104.8,13974
2017-06-08 00:00:00,103.0,104.2,100.7,102.6,15020
2017-06-07 00:00:00,99.95,105.0,99.85,102.6,25908
2017-06-06 00:00:00,,99.95,99.95,99.95,0
2017-06-05 00:00:00,97.95,100.8,97.95,99.95,20423
2017-06-02 00:00:00,96.85,98.0,96.85,97.2,10237
2017-06-01 00:00:00,94.0,97.4,93.95,96.15,34711
2017-05-31 00:00:00,94.5,96.9,93.6,94.0,25702
2017-05-30 00:00:00,93.55,94.5,93.0,94.4,2486
2017-05-29 00:00:00,94.6,94.6,93.45,93.55,10062
2017-05-26 00:00:00,94.0,94.5,93.65,93.85,5903
2017-05-24 00:00:00,94.35,94.4,94.0,94.0,3714
2017-05-23 00:00:00,93.0,93.9,93.0,93.55,19523
2017-05-22 00:00:00,93.0,95.75,92.2,93.75,9579
2017-05-19 00:00:00,93.5,94.0,92.6,93.85,28199
2017-05-18 00:00:00,90.5,93.35,90.5,93.0,20159
2017-05-17 00:00:00,94.9,94.9,94.0,94.05,35676
2017-05-16 00:00:00,91.9,94.3,91.9,94.1,37825
2017-05-15 00:00:00,92.75,95.0,92.7,94.2,47929
2017-05-12 00:00:00,89.95,92.7,92.7,92.7,26832
2017-05-11 00:00:00,88.2,93.2,88.2,91.1,26281
2017-05-10 00:00:00,91.2,91.2,89.9,91.2,52346
2017-05-09 00:00:00,88.0,91.25,88.0,91.25,21688
2017-05-08 00:00:00,90.5,92.9,87.5,87.5,33476
2017-05-05 00:00:00,89.8,90.3,88.5,90.25,6642
2017-05-04 00:00:00,89.4,91.75,88.85,89.95,8678
2017-05-03 00:00:00,91.4,91.95,88.65,89.4,18440
2017-05-02 00:00:00,91.95,92.6,90.8,91.4,17323
2017-05-01 00:00:00,,92.05,92.05,92.05,0
2017-04-28 00:00:00,93.0,93.0,91.1,92.05,14914
2017-04-27 00:00:00,93.0,93.0,92.0,92.45,17919
2017-04-26 00:00:00,90.05,93.95,90.05,93.55,82765
2017-04-25 00:00:00,91.5,92.6,90.55,91.5,174941
2017-04-24 00:00:00,92.0,92.9,91.0,91.5,52470
2017-04-21 00:00:00,93.0,93.0,90.6,90.7,11342
2017-04-20 00:00:00,93.0,93.0,90.2,93.0,14068
2017-04-19 00:00:00,90.75,92.95,90.75,92.5,11307
2017-04-18 00:00:00,90.5,90.95,90.15,90.65,38501
2017-04-13 00:00:00,90.0,90.05,89.0,90.05,7380
2017-04-12 00:00:00,90.0,90.8,89.75,90.2,4527
2017-04-11 00:00:00,90.95,90.95,88.85,89.85,26365
2017-04-10 00:00:00,91.65,91.65,89.4,90.25,7248
2017-04-07 00:00:00,86.85,91.0,86.5,89.0,31750
2017-04-06 00:00:00,86.5,87.25,86.5,86.5,7157
2017-04-05 00:00:00,86.5,87.45,86.5,87.35,11123
2017-04-04 00:00:00,86.85,86.85,85.4,86.5,156539
2017-04-03 00:00:00,86.6,87.15,84.8,86.0,405858
2017-03-31 00:00:00,84.4,86.95,84.4,85.75,116005
2017-03-30 00:00:00,88.0,88.9,85.7,88.1,110342
2017-03-29 00:00:00,83.2,88.25,83.1,88.25,222784
2017-03-28 00:00:00,84.4,84.4,83.05,83.7,104353
2017-03-27 00:00:00,85.45,85.45,84.15,84.4,154791
2017-03-24 00:00:00,86.5,86.5,85.0,85.5,19309
2017-03-23 00:00:00,86.65,88.0,86.0,86.5,10048
2017-03-22 00:00:00,87.1,88.05,85.45,86.65,20866
2017-03-21 00:00:00,87.75,87.75,84.6,87.65,51005
2017-03-20 00:00:00,86.5,88.0,86.5,87.75,99503
2017-03-17 00:00:00,87.0,87.05,85.85,86.5,142196
2017-03-16 00:00:00,85.0,87.2,84.15,87.0,74877
2017-03-15 00:00:00,86.0,86.0,84.55,85.0,14621
2017-03-14 00:00:00,85.6,86.85,84.3,86.85,20707
2017-03-13 00:00:00,88.0,88.0,85.3,86.85,34871
2017-03-10 00:00:00,84.0,86.55,86.55,86.55,556005
2017-03-09 00:00:00,85.45,85.45,83.6,85.0,17195
2017-03-08 00:00:00,85.45,86.2,82.9,85.55,10582
2017-03-07 00:00:00,85.5,86.75,84.8,85.45,17736
2017-03-06 00:00:00,87.0,88.5,85.95,87.0,26929
2017-03-03 00:00:00,87.5,87.0,87.0,87.0,44449
2017-03-02 00:00:00,86.95,88.25,86.75,87.8,21805
2017-03-01 00:00:00,85.0,88.45,85.0,87.0,32682
2017-02-28 00:00:00,89.95,89.95,85.8,87.3,11394
2017-02-27 00:00:00,89.0,89.5,87.1,87.5,14073
2017-02-24 00:00:00,88.5,89.4,88.45,89.0,5503
2017-02-23 00:00:00,90.85,90.85,89.2,89.65,22860
2017-02-22 00:00:00,90.9,90.9,88.15,89.9,18951
2017-02-21 00:00:00,91.45,91.45,88.7,90.0,216920
2017-02-20 00:00:00,92.95,93.75,90.4,93.75,10982
2017-02-17 00:00:00,94.0,94.0,89.0,92.95,76175
2017-02-16 00:00:00,90.5,92.2,90.0,92.2,18696
2017-02-15 00:00:00,89.6,90.8,89.6,90.5,361261
2017-02-14 00:00:00,88.7,91.0,88.55,89.7,75280
2017-02-13 00:00:00,86.0,89.1,85.95,88.0,302487
2017-02-10 00:00:00,86.2,86.65,83.05,85.5,26479
2017-02-09 00:00:00,87.25,88.0,85.05,85.5,13171
2017-02-08 00:00:00,85.0,87.25,84.0,87.25,15859
2017-02-07 00:00:00,83.0,84.5,83.0,84.5,191373
2017-02-06 00:00:00,81.85,83.0,81.0,83.0,15558
2017-02-03 00:00:00,81.5,81.85,80.85,81.85,26058
2017-02-02 00:00:00,81.0,81.8,81.0,81.0,20562
2017-02-01 00:00:00,79.45,81.0,79.2,81.0,21075
2017-01-31 00:00:00,78.75,79.45,78.75,79.45,26542
2017-01-30 00:00:00,79.0,79.3,78.5,78.7,57820
2017-01-27 00:00:00,78.55,79.3,77.7,79.0,18868
2017-01-26 00:00:00,78.0,79.0,77.7,78.55,26865
2017-01-25 00:00:00,77.5,78.25,77.45,78.0,42610
2017-01-24 00:00:00,78.1,78.9,78.0,78.0,16416
2017-01-23 00:00:00,78.25,78.55,77.8,78.2,10472
2017-01-20 00:00:00,77.5,79.15,77.4,78.0,17530
2017-01-19 00:00:00,77.5,77.95,77.2,77.5,106401
2017-01-18 00:00:00,77.75,79.45,77.25,77.85,15288
2017-01-17 00:00:00,77.75,80.45,77.75,77.75,48565
2017-01-16 00:00:00,77.75,79.2,77.05,77.75,16476
2017-01-13 00:00:00,80.0,80.3,76.25,77.75,142108
2017-01-12 00:00:00,79.1,80.4,79.1,79.75,84431
2017-01-11 00:00:00,80.3,80.35,79.5,80.0,311794
2017-01-10 00:00:00,78.25,80.45,78.25,80.25,51261
2017-01-09 00:00:00,80.0,80.95,79.3,80.05,194387
2017-01-06 00:00:00,,79.5,79.5,79.5,0
2017-01-05 00:00:00,79.4,80.85,79.1,79.5,3667
2017-01-04 00:00:00,81.8,81.8,79.4,79.4,167227
2017-01-03 00:00:00,82.0,83.05,79.5,79.5,73614
2017-01-02 00:00:00,82.0,84.5,82.0,82.0,28934
2016-12-30 00:00:00,82.5,82.5,81.0,81.75,7652
2016-12-29 00:00:00,81.0,82.5,81.0,81.0,12602
2016-12-28 00:00:00,82.0,82.0,80.0,81.0,57120
2016-12-27 00:00:00,81.5,82.25,80.0,80.0,7496
2016-12-23 00:00:00,80.5,81.0,79.25,80.75,8511
2016-12-22 00:00:00,81.75,81.75,80.25,80.25,19582
2016-12-21 00:00:00,81.25,81.75,80.5,80.5,18174
2016-12-20 00:00:00,81.25,81.25,80.0,80.75,37422
2016-12-19 00:00:00,79.75,81.5,79.75,80.25,61500
2016-12-16 00:00:00,80.25,80.75,79.75,80.0,22394
2016-12-15 00:00:00,81.75,82.0,80.5,81.0,58968
2016-12-14 00:00:00,79.0,81.75,79.0,81.75,200953
2016-12-13 00:00:00,78.5,81.25,76.5,79.0,21867
2016-12-12 00:00:00,81.75,82.5,79.75,80.5,42018
2016-12-09 00:00:00,81.5,82.25,81.0,81.75,13469
2016-12-08 00:00:00,80.75,81.5,79.0,81.0,139300
2016-12-07 00:00:00,81.25,82.0,79.25,79.25,47805
2016-12-06 00:00:00,80.0,81.25,79.75,81.25,147111
2016-12-05 00:00:00,81.75,81.75,79.0,80.0,22504
2016-12-02 00:00:00,81.5,84.25,80.0,80.0,101788
2016-12-01 00:00:00,82.75,82.75,80.75,81.25,50936
2016-11-30 00:00:00,79.75,82.75,79.25,82.75,332255
2016-11-29 00:00:00,78.0,79.5,76.25,79.25,170580
2016-11-28 00:00:00,77.5,79.0,77.25,78.0,59894
2016-11-25 00:00:00,75.25,77.25,75.25,77.25,33196
2016-11-24 00:00:00,76.0,76.5,75.5,76.25,9368
2016-11-23 00:00:00,75.25,77.75,75.25,76.25,24899
2016-11-22 00:00:00,77.0,77.0,75.25,75.25,18861
2016-11-21 00:00:00,77.75,79.0,75.75,76.25,27024
2016-11-18 00:00:00,77.0,80.0,75.75,77.25,194318
2016-11-17 00:00:00,79.5,80.5,75.5,77.0,137194
2016-11-16 00:00:00,78.5,80.25,76.0,80.25,47927
2016-11-15 00:00:00,76.5,77.5,75.75,77.5,59239
2016-11-14 00:00:00,75.25,77.5,75.25,76.5,321728
2016-11-11 00:00:00,75.0,76.0,73.25,76.0,99787
2016-11-10 00:00:00,78.75,79.0,73.75,73.75,297150
2016-11-09 00:00:00,75.5,78.0,75.5,78.0,40024
2016-11-08 00:00:00,78.0,79.5,78.0,79.25,16103
2016-11-07 00:00:00,76.5,78.5,76.5,78.0,21776
2016-11-04 00:00:00,78.25,78.25,77.0,77.0,16931
2016-11-03 00:00:00,82.0,82.0,78.0,78.25,114002
2016-11-02 00:00:00,77.5,80.0,76.0,80.0,33753
2016-11-01 00:00:00,79.75,79.75,77.75,77.75,8598
2016-10-31 00:00:00,81.0,81.0,78.75,79.75,22234
2016-10-28 00:00:00,79.75,81.0,77.25,81.0,140696
2016-10-27 00:00:00,80.5,81.75,78.0,79.75,46150
2016-10-26 00:00:00,80.25,80.25,78.25,79.75,137331
2016-10-25 00:00:00,81.75,81.75,80.25,80.25,11234
2016-10-24 00:00:00,81.75,84.25,81.25,81.75,21019
2016-10-21 00:00:00,81.25,82.25,81.0,81.75,24487
2016-10-20 00:00:00,81.75,82.0,79.25,81.75,65265
2016-10-19 00:00:00,81.5,81.5,79.75,81.25,15973
2016-10-18 00:00:00,81.25,81.75,80.5,80.75,92362
2016-10-17 00:00:00,80.25,81.75,80.25,80.5,48123
2016-10-14 00:00:00,83.75,83.75,80.5,81.75,38107
2016-10-13 00:00:00,82.25,83.25,80.25,82.0,37337
2016-10-12 00:00:00,83.0,83.75,80.0,82.25,62888
2016-10-11 00:00:00,83.5,85.5,82.0,83.75,34756
2016-10-10 00:00:00,85.25,85.75,82.0,85.75,92073
2016-10-07 00:00:00,85.5,87.0,83.75,85.25,53084
2016-10-06 00:00:00,88.5,88.5,83.75,85.75,38723
2016-10-05 00:00:00,88.0,88.5,86.0,88.5,24192
2016-10-04 00:00:00,90.0,90.5,88.0,88.0,66785
2016-10-03 00:00:00,91.25,91.75,89.25,90.75,33355
2016-09-30 00:00:00,93.0,93.0,91.0,91.25,22366
2016-09-29 00:00:00,95.0,95.0,92.5,93.25,13148
2016-09-28 00:00:00,96.0,96.0,92.5,94.0,22884
2016-09-27 00:00:00,94.25,97.5,94.25,94.25,22442
2016-09-26 00:00:00,92.25,96.0,90.75,94.25,37892
2016-09-23 00:00:00,94.5,94.5,92.5,94.0,15880
2016-09-22 00:00:00,98.5,98.5,94.25,94.5,25902
2016-09-21 00:00:00,96.0,98.5,95.0,95.5,24142
2016-09-20 00:00:00,97.75,98.0,96.0,96.0,8685
2016-09-19 00:00:00,98.25,100.0,97.25,97.5,25618
2016-09-16 00:00:00,100.5,100.5,98.5,98.5,26782
2016-09-15 00:00:00,99.0,100.0,98.25,99.25,19561
2016-09-14 00:00:00,98.5,98.5,96.5,97.5,11756
2016-09-13 00:00:00,101.0,101.5,98.0,98.5,26923
2016-09-12 00:00:00,100.0,101.0,96.5,101.0,22877
2016-09-09 00:00:00,102.0,102.0,99.0,100.5,65423
2016-09-08 00:00:00,99.5,103.25,99.5,101.0,31989
2016-09-07 00:00:00,99.0,99.5,98.5,99.25,80833
2016-09-06 00:00:00,98.5,98.5,97.5,98.0,123547
2016-09-05 00:00:00,98.25,98.5,97.25,98.25,40864
2016-09-02 00:00:00,97.0,98.5,96.25,97.75,12491
2016-09-01 00:00:00,96.5,98.0,93.5,95.0,20465
2016-08-31 00:00:00,98.0,102.0,97.0,98.5,42254
2016-08-30 00:00:00,94.0,97.25,92.25,97.0,25281
2016-08-29 00:00:00,93.0,94.0,92.0,93.25,54814
2016-08-26 00:00:00,92.0,92.5,91.0,92.0,63499
2016-08-25 00:00:00,89.0,93.75,89.0,92.0,28071
2016-08-24 00:00:00,90.0,90.75,89.0,89.75,111981
2016-08-23 00:00:00,91.25,92.0,90.0,90.5,36074
2016-08-22 00:00:00,89.25,92.25,89.25,91.25,25475
2016-08-19 00:00:00,91.25,94.25,89.0,90.75,29595
2016-08-18 00:00:00,92.0,92.0,89.0,91.25,17334
2016-08-17 00:00:00,91.0,91.0,88.5,89.0,13406
2016-08-16 00:00:00,92.25,92.25,90.0,91.0,19879
2016-08-15 00:00:00,91.5,93.25,89.75,92.0,41789
2016-08-12 00:00:00,92.0,93.25,91.5,91.5,12926
2016-08-11 00:00:00,91.0,93.25,91.0,92.0,37241
2016-08-10 00:00:00,91.75,91.75,90.25,91.0,27286
2016-08-09 00:00:00,90.25,92.75,89.0,91.0,71986
2016-08-08 00:00:00,90.0,91.0,89.75,90.0,18129
2016-08-05 00:00:00,91.75,91.75,89.0,89.5,18305
2016-08-04 00:00:00,88.5,90.0,88.5,90.0,21713
2016-08-03 00:00:00,88.75,88.75,87.0,88.5,9798
2016-08-02 00:00:00,89.5,89.5,87.0,88.75,12052
2016-08-01 00:00:00,85.5,90.75,85.25,88.75,25824
2016-07-29 00:00:00,85.75,85.75,84.75,85.5,7703
2016-07-28 00:00:00,86.0,86.0,83.75,86.0,306538
2016-07-27 00:00:00,82.75,85.0,82.75,84.75,15885
2016-07-26 00:00:00,82.5,84.0,81.25,83.5,4569
2016-07-25 00:00:00,83.0,84.25,81.0,81.25,12496
2016-07-22 00:00:00,81.75,83.25,80.5,82.75,3706
2016-07-21 00:00:00,81.0,82.0,80.0,81.75,3520
2016-07-20 00:00:00,81.5,83.75,81.5,81.75,10645
2016-07-19 00:00:00,78.5,81.5,78.5,81.0,15057
2016-07-18 00:00:00,78.75,78.75,77.25,78.5,4874
2016-07-15 00:00:00,78.5,79.25,77.0,78.5,12005
2016-07-14 00:00:00,77.0,80.0,77.0,78.0,13804
2016-07-13 00:00:00,80.0,82.0,76.0,76.75,40303
2016-07-12 00:00:00,79.0,83.5,77.5,79.25,32679
2016-07-11 00:00:00,79.0,82.0,77.25,77.5,17047
2016-07-08 00:00:00,77.0,79.0,75.0,79.0,14604
2016-07-07 00:00:00,75.25,77.0,73.5,77.0,28181
2016-07-06 00:00:00,76.25,76.25,75.0,75.25,28954
2016-07-05 00:00:00,76.25,76.75,75.75,76.75,15545
2016-07-04 00:00:00,76.25,76.5,75.25,76.25,2915
2016-07-01 00:00:00,75.25,77.0,74.75,76.0,10710
2016-06-30 00:00:00,72.5,75.25,72.5,75.25,12189
2016-06-29 00:00:00,72.25,73.25,70.5,72.5,42279
2016-06-28 00:00:00,69.0,72.5,69.0,71.0,11100
2016-06-27 00:00:00,68.75,71.0,68.5,69.25,11311
2016-06-24 00:00:00,,72.5,72.5,72.5,0
2016-06-23 00:00:00,72.5,73.0,72.0,72.5,6713
2016-06-22 00:00:00,71.5,73.0,71.25,72.25,108209
2016-06-21 00:00:00,72.0,72.25,71.0,71.5,12328
2016-06-20 00:00:00,70.0,71.75,70.0,70.75,107430
2016-06-17 00:00:00,71.0,71.0,70.0,70.0,190870
2016-06-16 00:00:00,71.25,72.0,70.5,71.0,1440
2016-06-15 00:00:00,72.5,73.0,70.5,73.0,2469
2016-06-14 00:00:00,73.5,73.75,69.75,72.25,13642
2016-06-13 00:00:00,72.25,74.25,72.25,73.25,16716
2016-06-10 00:00:00,73.5,75.25,72.5,75.25,16387
2016-06-09 00:00:00,74.25,75.25,73.0,75.25,16281
2016-06-08 00:00:00,73.25,74.25,72.75,74.25,21065
2016-06-07 00:00:00,74.75,74.75,71.0,72.75,20683
2016-06-06 00:00:00,,72.75,72.75,72.75,0
2016-06-03 00:00:00,72.5,74.25,71.25,72.75,25839
2016-06-02 00:00:00,74.5,74.5,70.25,72.5,41561
2016-06-01 00:00:00,75.0,75.0,73.75,74.25,14206
2016-05-31 00:00:00,74.5,75.25,73.25,75.0,13833
2016-05-30 00:00:00,74.0,74.25,73.5,74.25,9278
2016-05-27 00:00:00,75.0,75.25,73.75,74.0,13434
2016-05-26 00:00:00,76.0,76.0,73.0,75.0,8501
2016-05-25 00:00:00,73.5,76.0,71.5,76.0,61794
2016-05-24 00:00:00,72.0,74.0,71.25,71.75,24999
2016-05-23 00:00:00,70.5,72.0,70.25,71.5,24359
2016-05-20 00:00:00,71.5,72.0,70.5,71.5,41648
2016-05-19 00:00:00,71.75,72.5,71.5,71.5,2495
2016-05-18 00:00:00,73.0,73.0,71.5,71.5,4637
2016-05-17 00:00:00,71.5,73.0,71.5,72.25,12537
2016-05-16 00:00:00,72.5,72.75,71.5,71.5,21587
2016-05-13 00:00:00,72.5,73.0,71.25,73.0,37596
2016-05-12 00:00:00,73.0,73.0,72.5,72.5,6459
2016-05-11 00:00:00,73.0,73.0,71.5,72.75,4212
2016-05-10 00:00:00,72.0,73.0,72.0,72.75,34490
2016-05-09 00:00:00,71.0,72.75,70.0,72.0,28706
2016-05-06 00:00:00,68.0,70.5,68.0,70.25,11111
2016-05-05 00:00:00,69.0,69.0,66.0,68.0,18380
2016-05-04 00:00:00,69.0,69.0,66.0,68.0,18380
2016-05-03 00:00:00,73.0,73.0,70.0,70.75,20976
2016-05-02 00:00:00,70.0,72.0,70.0,71.0,8085
2016-04-29 00:00:00,70.75,72.0,68.5,69.25,11985
2016-04-28 00:00:00,73.0,73.0,70.75,70.75,7963
2016-04-27 00:00:00,73.0,73.0,72.0,73.0,24189
2016-04-26 00:00:00,72.75,73.0,71.5,73.0,5777
2016-04-25 00:00:00,73.0,73.0,68.25,70.5,15550
2016-04-22 00:00:00,72.0,73.0,71.25,71.25,11109
2016-04-21 00:00:00,72.5,75.0,72.0,73.0,8454
2016-04-20 00:00:00,72.75,74.0,72.5,72.5,4753
2016-04-19 00:00:00,73.75,73.75,72.0,72.75,12605
2016-04-18 00:00:00,73.0,74.0,71.25,71.75,14962
2016-04-15 00:00:00,73.0,73.0,71.25,72.0,3725
2016-04-14 00:00:00,73.0,73.5,70.5,72.0,18895
2016-04-13 00:00:00,72.25,74.75,72.25,73.5,11065
2016-04-12 00:00:00,74.75,78.0,71.5,72.5,19959
2016-04-11 00:00:00,74.5,74.5,73.5,74.0,112481
2016-04-08 00:00:00,72.5,75.0,72.0,74.5,180063
2016-04-07 00:00:00,70.0,72.5,70.0,72.5,11835
2016-04-06 00:00:00,69.0,71.25,68.75,71.0,25678
2016-04-05 00:00:00,70.0,70.0,67.75,70.0,21865
2016-04-04 00:00:00,69.75,69.75,67.25,69.75,16405
2016-04-01 00:00:00,67.5,69.5,67.5,69.5,3091
2016-03-31 00:00:00,68.75,68.75,66.0,67.75,6329
2016-03-30 00:00:00,67.0,68.75,67.0,68.75,151523
2016-03-29 00:00:00,68.5,68.5,66.5,67.25,4311
2016-03-28 00:00:00,66.75,66.75,66.75,66.75,389
2016-03-25 00:00:00,66.75,66.75,66.5,66.75,389
2016-03-24 00:00:00,66.75,66.75,66.5,66.75,389
2016-03-23 00:00:00,67.25,67.25,66.0,66.25,2378
2016-03-22 00:00:00,67.5,68.25,66.75,67.25,8510
2016-03-21 00:00:00,66.0,68.5,66.0,68.0,15679
2016-03-18 00:00:00,69.5,70.0,65.5,66.5,2150
2016-03-17 00:00:00,65.75,68.75,65.0,66.0,4238
2016-03-16 00:00:00,64.75,65.75,63.0,65.75,6375
2016-03-15 00:00:00,65.5,65.5,62.5,64.75,6588
2016-03-14 00:00:00,63.25,64.0,62.25,64.0,9577
2016-03-11 00:00:00,62.25,63.75,61.5,63.75,20988
2016-03-10 00:00:00,62.75,63.0,61.75,62.0,13368
2016-03-09 00:00:00,63.0,63.0,62.0,62.75,20785
2016-03-08 00:00:00,61.75,63.75,61.5,63.5,11188
2016-03-07 00:00:00,63.5,63.5,60.5,63.0,17213
2016-03-04 00:00:00,65.25,65.25,63.75,63.75,25099
2016-03-03 00:00:00,65.25,65.25,64.0,64.0,1507
2016-03-02 00:00:00,65.0,65.5,64.5,64.75,233612
2016-03-01 00:00:00,62.0,65.25,62.0,65.0,58301
2016-02-29 00:00:00,65.0,65.25,64.25,64.75,15911
2016-02-26 00:00:00,65.5,65.5,64.25,64.5,101471
2016-02-25 00:00:00,65.5,65.5,64.25,65.5,8623
2016-02-24 00:00:00,65.5,65.5,63.0,63.0,47967
2016-02-23 00:00:00,65.25,65.25,64.25,64.5,64183
2016-02-22 00:00:00,63.75,66.25,63.75,65.25,14426
2016-02-19 00:00:00,63.25,64.25,63.25,63.75,4183
2016-02-18 00:00:00,64.75,64.75,63.75,63.75,16157
2016-02-17 00:00:00,63.0,64.5,63.0,64.5,30359
2016-02-16 00:00:00,63.75,64.0,62.25,62.25,20428
2016-02-15 00:00:00,64.75,65.25,62.5,62.5,40538
2016-02-12 00:00:00,62.5,65.0,60.0,62.25,182251
2016-02-11 00:00:00,64.0,64.0,60.0,61.5,27082
2016-02-10 00:00:00,62.0,62.5,60.5,62.5,12684
2016-02-09 00:00:00,58.75,60.25,56.75,59.75,28917
2016-02-08 00:00:00,63.5,63.5,58.25,58.25,20430
2016-02-05 00:00:00,62.75,62.75,62.25,62.25,10226
2016-02-04 00:00:00,63.25,63.25,61.25,62.25,10895
2016-02-03 00:00:00,62.25,63.5,62.0,63.0,17662
2016-02-02 00:00:00,64.0,64.0,62.25,62.25,7368
2016-02-01 00:00:00,64.75,64.75,62.75,63.5,51781
2016-01-29 00:00:00,64.75,66.0,62.5,62.5,53255
2016-01-28 00:00:00,62.0,64.5,62.0,64.5,13477
2016-01-27 00:00:00,64.75,65.0,62.0,63.5,17050
2016-01-26 00:00:00,64.75,64.75,61.5,63.0,11986
2016-01-25 00:00:00,65.5,65.5,63.25,63.75,13260
2016-01-22 00:00:00,63.5,66.75,62.25,65.5,34773
2016-01-21 00:00:00,61.5,61.5,59.0,61.0,69898
2016-01-20 00:00:00,63.75,63.75,61.25,61.25,16927
2016-01-19 00:00:00,65.25,65.25,63.0,64.0,33532
2016-01-18 00:00:00,64.0,64.5,63.0,63.5,20699
2016-01-15 00:00:00,68.0,68.0,63.25,64.25,80054
2016-01-14 00:00:00,66.5,69.0,66.5,68.0,32301
2016-01-13 00:00:00,71.5,71.5,68.5,69.0,7257
2016-01-12 00:00:00,71.5,71.5,68.5,71.25,12441
2016-01-11 00:00:00,71.0,72.5,70.0,71.0,22884
2016-01-08 00:00:00,70.5,71.0,68.5,71.0,34180
2016-01-07 00:00:00,69.5,71.25,66.75,71.25,27412
2016-01-06 00:00:00,,70.0,70.0,70.0,0
2016-01-05 00:00:00,71.0,72.0,69.75,70.0,26707
2016-01-04 00:00:00,70.0,71.0,68.5,71.0,40677
2016-01-01 00:00:00,,71.75,71.75,71.75,0
2015-12-31 00:00:00,,71.75,71.75,71.75,0
2015-12-30 00:00:00,71.25,71.75,69.75,71.75,24450
2015-12-29 00:00:00,73.5,74.25,71.25,72.75,11996
2015-12-28 00:00:00,71.0,73.5,70.25,72.75,12321
2015-12-25 00:00:00,71.75,72.25,70.75,71.0,14899
2015-12-24 00:00:00,71.75,72.25,70.75,71.0,14899
2015-12-23 00:00:00,71.75,72.25,70.75,71.0,14899
2015-12-22 00:00:00,71.75,72.75,71.0,72.25,47575
2015-12-21 00:00:00,69.75,74.5,68.75,73.0,32701
2015-12-18 00:00:00,70.5,70.5,66.75,70.25,36180
2015-12-17 00:00:00,69.0,70.0,68.5,69.25,109095
2015-12-16 00:00:00,63.25,68.25,63.25,67.75,36335
2015-12-15 00:00:00,67.25,67.75,65.5,65.5,69908
2015-12-14 00:00:00,67.5,67.5,65.25,66.5,9538
2015-12-11 00:00:00,68.5,68.75,65.25,67.25,6661
2015-12-10 00:00:00,68.75,69.5,67.25,68.75,5958
2015-12-09 00:00:00,70.0,70.0,67.75,68.5,31411
2015-12-08 00:00:00,72.0,72.0,67.5,69.25,121107
2015-12-07 00:00:00,68.0,71.25,67.5,70.5,46454
2015-12-04 00:00:00,64.5,68.25,64.5,68.25,41572
2015-12-03 00:00:00,65.5,66.25,64.75,64.75,131207
2015-12-02 00:00:00,66.5,68.0,65.75,65.75,17119
2015-12-01 00:00:00,64.5,67.0,64.5,66.25,97659
2015-11-30 00:00:00,64.5,66.5,64.25,64.5,67496
2015-11-27 00:00:00,66.5,66.5,64.25,65.0,11227
2015-11-26 00:00:00,68.0,68.0,66.25,66.5,7770
2015-11-25 00:00:00,67.0,68.0,67.0,68.0,3876
2015-11-24 00:00:00,67.0,67.5,66.0,67.0,9801
2015-11-23 00:00:00,66.75,67.0,65.5,67.0,9343
2015-11-20 00:00:00,68.25,68.25,65.5,66.5,6816
2015-11-19 00:00:00,67.5,67.5,67.25,67.5,3587
2015-11-18 00:00:00,68.5,68.5,67.0,67.0,14524
2015-11-17 00:00:00,69.0,69.0,66.5,67.25,57985
2015-11-16 00:00:00,65.25,66.25,64.0,66.25,12981
2015-11-13 00:00:00,65.25,66.0,64.75,65.25,2654
2015-11-12 00:00:00,65.25,66.0,64.5,66.0,13860
2015-11-11 00:00:00,66.5,67.25,63.5,66.0,36578
2015-11-10 00:00:00,63.0,68.0,63.0,66.5,67895
2015-11-09 00:00:00,68.0,70.0,67.0,68.75,76453
2015-11-06 00:00:00,68.5,70.0,66.75,69.25,10702
2015-11-05 00:00:00,70.0,70.0,65.5,68.5,23176
2015-11-04 00:00:00,69.0,69.5,67.25,69.0,17517
2015-11-03 00:00:00,67.5,68.75,66.75,68.5,35313
2015-11-02 00:00:00,68.0,69.0,67.0,68.0,72912
2015-10-30 00:00:00,69.0,69.25,68.5,68.5,7199
2015-10-29 00:00:00,68.75,69.0,66.5,68.25,14332
2015-10-28 00:00:00,68.25,69.0,67.5,68.75,15722
2015-10-27 00:00:00,69.5,69.5,66.0,68.0,61478
2015-10-26 00:00:00,69.75,69.75,68.25,69.75,97633
2015-10-23 00:00:00,70.0,70.0,67.0,69.75,53417
2015-10-22 00:00:00,67.0,70.25,65.0,69.25,165523
2015-10-21 00:00:00,66.75,66.75,65.5,66.75,313335
2015-10-20 00:00:00,65.0,66.0,64.5,65.5,59246
2015-10-19 00:00:00,63.0,65.0,63.0,65.0,18721
2015-10-16 00:00:00,66.0,66.0,62.5,63.25,33767
2015-10-15 00:00:00,64.5,69.25,63.5,66.5,276407
2015-10-14 00:00:00,64.75,64.75,63.0,64.0,309903
2015-10-13 00:00:00,63.75,65.0,62.0,64.5,30771
2015-10-12 00:00:00,62.25,63.75,62.25,63.5,107450
2015-10-09 00:00:00,62.5,63.5,61.25,62.25,21691
2015-10-08 00:00:00,62.0,62.25,59.5,62.25,16857
2015-10-07 00:00:00,62.0,62.5,61.75,61.75,32027
2015-10-06 00:00:00,61.5,62.25,60.75,62.0,51900
2015-10-05 00:00:00,60.0,61.75,58.5,61.75,32984
2015-10-02 00:00:00,56.5,59.75,56.5,59.0,21318
2015-10-01 00:00:00,58.0,58.75,57.75,58.25,8150
2015-09-30 00:00:00,59.5,59.75,57.75,59.25,33908
2015-09-29 00:00:00,57.0,59.0,56.0,59.0,68263
2015-09-28 00:00:00,58.0,59.0,56.75,57.5,15875
2015-09-25 00:00:00,58.0,58.25,57.0,58.0,14762
2015-09-24 00:00:00,57.25,58.25,56.75,57.0,19166
2015-09-23 00:00:00,57.5,58.5,57.25,58.5,9849
2015-09-22 00:00:00,58.0,58.25,57.0,57.75,15167
2015-09-21 00:00:00,55.5,58.25,55.5,58.25,24950
2015-09-18 00:00:00,58.75,58.75,57.0,57.0,149157
2015-09-17 00:00:00,57.25,58.25,57.25,57.5,26071
2015-09-16 00:00:00,58.75,58.75,56.0,57.75,169325
2015-09-15 00:00:00,57.5,58.0,54.75,57.75,23293
2015-09-14 00:00:00,58.75,60.0,58.5,58.75,161071
2015-09-11 00:00:00,59.5,59.5,58.0,58.5,10852
2015-09-10 00:00:00,59.25,59.75,58.0,59.75,34365
2015-09-09 00:00:00,59.75,60.5,59.0,59.25,11682
2015-09-08 00:00:00,58.5,59.75,57.5,59.25,38968
2015-09-07 00:00:00,57.5,58.0,56.5,57.5,11442
2015-09-04 00:00:00,59.5,59.5,57.25,57.25,7464
2015-09-03 00:00:00,57.5,58.75,57.5,58.0,16046
2015-09-02 00:00:00,58.25,59.75,57.5,57.5,17689
2015-09-01 00:00:00,60.0,61.0,58.0,58.25,54573
2015-08-31 00:00:00,60.0,61.25,59.25,61.25,408374
2015-08-28 00:00:00,58.75,60.0,57.75,59.75,56112
2015-08-27 00:00:00,57.25,60.5,57.25,58.75,171616
2015-08-26 00:00:00,56.0,57.75,54.75,57.0,287785
2015-08-25 00:00:00,51.5,56.75,51.5,56.0,53251
2015-08-24 00:00:00,55.0,55.0,51.5,53.25,66862
2015-08-21 00:00:00,55.0,57.0,54.5,55.0,56305
2015-08-20 00:00:00,56.75,58.25,55.0,55.25,15727
2015-08-19 00:00:00,59.25,59.25,57.25,57.25,64639
2015-08-18 00:00:00,58.0,59.5,57.25,58.5,37895
2015-08-17 00:00:00,60.25,60.25,58.75,60.0,40724
2015-08-14 00:00:00,57.25,59.0,57.25,59.0,2908
2015-08-13 00:00:00,56.25,59.5,56.25,58.5,15777
2015-08-12 00:00:00,56.0,58.0,56.0,56.5,209184
2015-08-11 00:00:00,57.5,59.75,57.0,58.0,636
2015-08-10 00:00:00,57.0,58.25,56.75,58.0,8815
2015-08-07 00:00:00,58.0,58.0,54.5,55.5,29151
2015-08-06 00:00:00,57.25,58.0,56.75,56.75,2742
2015-08-05 00:00:00,58.0,58.5,57.25,58.5,816
2015-08-04 00:00:00,58.0,58.5,56.0,58.5,3966
2015-08-03 00:00:00,57.0,58.0,57.0,58.0,9621
2015-07-31 00:00:00,57.25,57.5,56.75,57.5,5721
2015-07-30 00:00:00,57.0,58.0,57.0,57.5,3686
2015-07-29 00:00:00,57.75,59.5,56.75,58.0,12066
2015-07-28 00:00:00,57.0,58.25,57.0,58.25,11417
2015-07-27 00:00:00,56.0,57.75,56.0,57.5,4057
2015-07-24 00:00:00,59.75,59.75,58.25,58.25,11564
2015-07-23 00:00:00,58.0,59.0,57.75,58.5,4457
2015-07-22 00:00:00,55.5,61.75,55.5,59.5,17225
2015-07-21 00:00:00,61.0,61.0,58.25,58.25,74562
2015-07-20 00:00:00,61.25,63.0,60.25,60.75,33115
2015-07-17 00:00:00,57.75,61.25,57.75,61.25,7470
2015-07-16 00:00:00,58.5,61.0,58.0,59.5,10053
2015-07-15 00:00:00,58.0,59.25,58.0,59.0,3633
2015-07-14 00:00:00,59.0,60.25,58.25,58.5,6631
2015-07-13 00:00:00,58.25,60.0,58.0,59.25,15083
2015-07-10 00:00:00,57.5,59.0,57.5,57.75,4846
2015-07-09 00:00:00,54.5,57.5,54.5,56.25,32176
2015-07-08 00:00:00,51.25,54.5,50.5,54.5,38522
2015-07-07 00:00:00,54.75,54.75,51.75,52.5,20714
2015-07-06 00:00:00,52.75,53.75,50.75,53.5,24088
2015-07-03 00:00:00,54.0,54.25,52.75,53.0,34383
2015-07-02 00:00:00,55.0,55.0,54.0,54.25,29663
2015-07-01 00:00:00,54.25,54.25,54.0,54.0,68969
2015-06-30 00:00:00,52.25,53.5,52.25,53.25,17402
2015-06-29 00:00:00,53.5,53.75,52.5,53.5,2984
2015-06-26 00:00:00,52.5,55.0,52.5,54.25,39687
2015-06-25 00:00:00,55.0,55.0,54.25,54.25,6030
2015-06-24 00:00:00,55.0,55.75,55.0,55.0,4759
2015-06-23 00:00:00,55.0,55.5,54.0,54.25,14949
2015-06-22 00:00:00,55.0,55.5,53.5,53.5,192677
2015-06-19 00:00:00,,54.0,54.0,54.0,0
2015-06-18 00:00:00,55.0,55.75,53.0,54.0,65707
2015-06-17 00:00:00,56.0,56.0,54.25,54.75,211299
2015-06-16 00:00:00,53.0,56.0,53.0,56.0,24987
2015-06-15 00:00:00,56.75,56.75,54.25,54.25,32189
2015-06-12 00:00:00,57.75,57.75,56.0,56.75,31525
2015-06-11 00:00:00,59.0,59.25,56.5,56.5,39397
2015-06-10 00:00:00,55.25,57.75,54.5,57.5,41376
2015-06-09 00:00:00,54.5,56.75,54.0,55.25,35928
2015-06-08 00:00:00,56.0,56.0,54.75,55.5,21902
2015-06-05 00:00:00,58.75,59.25,55.75,56.0,39852
2015-06-04 00:00:00,60.25,60.75,57.5,59.75,33678
2015-06-03 00:00:00,58.25,60.0,57.5,59.75,28742
2015-06-02 00:00:00,59.25,60.25,58.5,58.5,39955
2015-06-01 00:00:00,60.5,61.0,59.25,59.5,23980
2015-05-29 00:00:00,59.0,61.5,58.0,61.0,1044122
2015-05-28 00:00:00,60.75,60.75,58.75,60.0,101320
2015-05-27 00:00:00,60.25,62.0,59.5,61.0,250217
2015-05-26 00:00:00,61.0,61.5,60.25,61.0,29038
2015-05-25 00:00:00,60.0,61.5,60.0,61.5,25451
2015-05-22 00:00:00,60.75,61.5,60.25,61.5,37221
2015-05-21 00:00:00,63.0,63.0,61.0,61.75,31761
2015-05-20 00:00:00,63.0,63.0,61.25,62.5,28036
2015-05-19 00:00:00,63.25,63.5,61.75,63.0,31489
2015-05-18 00:00:00,60.0,63.25,59.25,63.25,41855
2015-05-15 00:00:00,61.0,61.0,59.75,60.5,54176
2015-05-14 00:00:00,64.25,64.25,58.75,60.0,49121
2015-05-13 00:00:00,64.25,64.25,58.75,60.0,49121
2015-05-12 00:00:00,62.25,62.25,58.75,60.0,79950
2015-05-11 00:00:00,62.0,63.5,58.75,63.0,202767
2015-05-08 00:00:00,59.5,64.5,56.0,62.75,176563
2015-05-07 00:00:00,51.75,60.0,51.75,60.0,731033
2015-05-06 00:00:00,53.0,54.0,51.0,52.5,77240
2015-05-05 00:00:00,57.0,57.0,54.5,54.5,24220
2015-05-04 00:00:00,57.75,57.75,55.75,57.0,14486
2015-05-01 00:00:00,54.5,57.75,54.5,57.75,26041
2015-04-30 00:00:00,54.5,57.75,54.5,57.75,26041
2015-04-29 00:00:00,55.5,55.5,54.0,55.25,62751
2015-04-28 00:00:00,55.5,56.5,55.25,55.25,17642
2015-04-27 00:00:00,57.0,58.0,56.25,56.5,24692
2015-04-24 00:00:00,55.5,57.5,55.0,56.75,11999
2015-04-23 00:00:00,57.5,57.5,56.5,56.5,19787
2015-04-22 00:00:00,57.0,57.0,56.5,56.75,7928
2015-04-21 00:00:00,57.0,57.0,56.75,57.0,10256
2015-04-20 00:00:00,56.0,58.25,56.0,58.25,135628
2015-04-17 00:00:00,57.0,57.0,56.25,57.0,9790
2015-04-16 00:00:00,57.5,57.5,56.0,57.0,17055
2015-04-15 00:00:00,54.5,58.25,54.5,57.5,223111
2015-04-14 00:00:00,56.25,56.25,55.25,55.75,9647
2015-04-13 00:00:00,54.75,59.0,54.0,57.25,59388
2015-04-10 00:00:00,56.5,56.75,54.75,56.0,14324
2015-04-09 00:00:00,56.75,57.75,56.0,56.75,12481
2015-04-08 00:00:00,56.75,56.75,55.25,56.75,13756
2015-04-07 00:00:00,57.5,57.5,56.0,56.5,11230
2015-04-02 00:00:00,58.0,58.75,57.25,57.25,3997
2015-04-01 00:00:00,57.0,58.5,56.5,57.75,33400
2015-03-31 00:00:00,55.0,56.5,54.75,56.25,22447
2015-03-30 00:00:00,53.0,55.0,52.75,55.0,26312
2015-03-27 00:00:00,54.75,54.75,52.5,53.0,26304
2015-03-26 00:00:00,53.75,54.0,52.5,54.0,640946
2015-03-25 00:00:00,52.75,53.75,52.25,53.75,43239
2015-03-24 00:00:00,54.75,55.25,53.5,53.5,17031
2015-03-23 00:00:00,56.25,56.25,53.75,54.5,22908
2015-03-20 00:00:00,55.75,56.5,55.0,55.75,9306
2015-03-19 00:00:00,56.0,57.0,55.0,56.5,22322
2015-03-18 00:00:00,53.75,56.0,53.5,55.5,52315
2015-03-17 00:00:00,56.25,56.25,54.0,55.0,20373
2015-03-16 00:00:00,54.75,56.0,54.0,55.25,48685
2015-03-13 00:00:00,55.0,56.75,54.75,54.75,164541
2015-03-12 00:00:00,54.5,57.0,54.5,54.75,57764
2015-03-11 00:00:00,54.0,55.5,53.0,55.25,190296
2015-03-10 00:00:00,57.25,57.5,54.5,55.5,119744
2015-03-09 00:00:00,57.5,58.0,56.5,57.25,89876
2015-03-06 00:00:00,59.0,60.25,58.0,58.75,149373
2015-03-05 00:00:00,57.75,60.0,57.75,59.75,17164
2015-03-04 00:00:00,60.5,61.5,57.25,60.0,45444
2015-03-03 00:00:00,63.75,63.75,60.5,61.5,18057
2015-03-02 00:00:00,63.5,64.0,61.5,63.0,529107
2015-02-27 00:00:00,64.0,64.75,61.75,63.5,35231
2015-02-26 00:00:00,65.0,65.0,62.25,63.5,10190
2015-02-25 00:00:00,63.0,65.5,63.0,65.0,15961
2015-02-24 00:00:00,61.5,62.75,59.0,62.0,83275
2015-02-23 00:00:00,64.5,65.25,61.5,61.5,26372
2015-02-20 00:00:00,64.75,64.75,62.0,64.0,36346
2015-02-19 00:00:00,64.0,64.75,62.75,64.75,73882
2015-02-18 00:00:00,64.0,65.0,62.75,64.0,9822
2015-02-17 00:00:00,64.5,64.5,61.5,63.5,58777
2015-02-16 00:00:00,67.0,67.0,64.0,65.0,51886
2015-02-13 00:00:00,68.0,68.0,61.0,67.25,133934
2015-02-12 00:00:00,57.0,66.75,57.0,65.0,79008
2015-02-11 00:00:00,57.0,57.0,56.5,57.0,42719
2015-02-10 00:00:00,57.0,58.0,56.0,57.0,48434
2015-02-09 00:00:00,58.0,58.0,54.25,56.25,49200
2015-02-06 00:00:00,56.25,57.0,55.5,56.0,49994
2015-02-05 00:00:00,56.0,57.0,55.5,56.0,43213
2015-02-04 00:00:00,56.5,57.0,54.5,56.0,49916
2015-02-03 00:00:00,55.5,56.75,55.5,56.0,55983
2015-02-02 00:00:00,56.75,56.75,54.75,55.25,189424
2015-01-30 00:00:00,54.0,56.25,50.25,55.0,62378
2015-01-29 00:00:00,56.0,56.0,53.75,54.0,26062
2015-01-28 00:00:00,55.25,55.25,53.75,54.75,41121
2015-01-27 00:00:00,55.0,56.0,53.25,55.25,24100
2015-01-26 00:00:00,53.25,55.25,52.25,55.25,76219
2015-01-23 00:00:00,53.0,53.25,52.0,52.75,22495
2015-01-22 00:00:00,54.25,54.25,51.75,53.0,65722
2015-01-21 00:00:00,52.0,55.25,51.25,52.75,121783
2015-01-20 00:00:00,49.2,50.75,48.8,50.75,59612
2015-01-19 00:00:00,48.6,49.4,48.0,48.9,19964
2015-01-16 00:00:00,48.7,49.5,48.7,49.0,97344
2015-01-15 00:00:00,49.0,49.3,48.7,49.0,31279
2015-01-14 00:00:00,49.7,49.7,48.8,49.3,14068
2015-01-13 00:00:00,48.1,50.0,48.1,49.7,69129
2015-01-12 00:00:00,46.6,50.0,46.6,48.7,21567
2015-01-09 00:00:00,45.1,46.4,45.1,46.2,36542
2015-01-08 00:00:00,46.9,46.9,44.3,45.3,2822
2015-01-07 00:00:00,47.9,47.9,43.5,44.8,14310
2015-01-06 00:00:00,,43.9,43.9,43.9,0
2015-01-05 00:00:00,44.0,44.1,43.8,43.9,11682
2015-01-02 00:00:00,44.7,44.7,43.7,43.7,29330
2015-01-01 00:00:00,44.3,44.4,43.1,44.0,19990
2014-12-30 00:00:00,44.3,44.4,43.1,44.0,19990
2014-12-29 00:00:00,42.8,46.0,42.8,44.3,32393
2014-12-23 00:00:00,42.4,43.0,42.3,42.8,11357
2014-12-22 00:00:00,41.7,43.0,41.7,42.7,9210
2014-12-19 00:00:00,43.0,43.0,42.4,42.8,5699
2014-12-18 00:00:00,43.1,43.5,42.5,43.0,25934
2014-12-17 00:00:00,43.5,43.6,40.8,42.8,28345
2014-12-16 00:00:00,48.0,48.0,42.1,42.8,262507
2014-12-15 00:00:00,43.0,43.1,42.3,43.1,41196
2014-12-12 00:00:00,41.3,43.1,41.3,43.0,33915
2014-12-11 00:00:00,41.1,41.7,40.7,41.2,6119
2014-12-10 00:00:00,40.9,42.5,40.0,41.8,13546
2014-12-09 00:00:00,42.5,42.5,41.5,41.9,12022
2014-12-08 00:00:00,42.0,43.0,41.9,42.7,12935
2014-12-05 00:00:00,41.4,42.0,40.0,41.6,30050
2014-12-04 00:00:00,41.5,41.7,41.2,41.7,61347
2014-12-03 00:00:00,39.0,41.5,39.0,41.0,20047
2014-12-02 00:00:00,39.6,40.5,39.6,39.6,2952
2014-12-01 00:00:00,41.0,41.0,40.0,40.0,164884
2014-11-28 00:00:00,39.8,40.8,39.8,40.8,134480
2014-11-27 00:00:00,39.7,40.3,39.7,40.3,7527
2014-11-26 00:00:00,41.0,41.0,39.0,39.6,13084
2014-11-25 00:00:00,39.9,40.6,39.2,40.6,61956
2014-11-24 00:00:00,38.5,40.0,38.5,39.2,57654
2014-11-21 00:00:00,37.5,38.6,37.5,38.1,160185
2014-11-20 00:00:00,37.3,38.5,37.3,38.5,28351
2014-11-19 00:00:00,37.3,38.4,37.3,38.0,65672
2014-11-18 00:00:00,37.9,38.1,37.7,38.0,42765
2014-11-17 00:00:00,38.0,38.1,36.7,38.0,22305
2014-11-14 00:00:00,38.6,38.6,37.3,37.3,729
2014-11-13 00:00:00,37.7,38.4,37.3,38.3,205435
2014-11-12 00:00:00,38.3,38.8,37.2,38.1,211868
2014-11-11 00:00:00,38.0,38.5,38.0,38.5,32314
2014-11-10 00:00:00,37.4,39.0,37.4,38.3,160556
2014-11-07 00:00:00,37.0,37.9,37.0,37.9,172473
2014-11-06 00:00:00,38.0,38.0,37.0,37.7,134655
2014-11-05 00:00:00,37.9,37.9,36.4,36.7,4787
2014-11-04 00:00:00,35.2,36.4,35.2,36.2,61374
2014-11-03 00:00:00,36.6,36.6,35.8,35.8,22693
2014-10-31 00:00:00,35.4,38.3,35.4,36.6,41265
2014-10-30 00:00:00,35.5,35.5,35.2,35.4,28151
2014-10-29 00:00:00,35.6,35.6,35.0,35.0,9385
2014-10-28 00:00:00,35.0,35.6,34.9,35.4,1281
2014-10-24 00:00:00,35.0,36.0,35.0,35.6,9575
2014-10-23 00:00:00,35.2,35.5,34.4,35.5,4370
2014-10-22 00:00:00,34.7,35.5,34.0,35.0,222061
2014-10-21 00:00:00,34.3,34.7,34.0,34.7,7181
2014-10-20 00:00:00,35.4,35.4,33.0,33.8,8238
2014-10-17 00:00:00,31.7,35.9,31.7,35.6,13634
2014-10-16 00:00:00,31.1,32.5,31.0,31.5,74607
2014-10-15 00:00:00,32.9,33.0,31.5,31.6,35018
2014-10-14 00:00:00,31.5,33.1,31.5,33.1,4314
2014-10-13 00:00:00,32.7,33.0,32.0,32.7,27162
2014-10-10 00:00:00,33.3,33.8,32.3,33.2,20885
2014-10-09 00:00:00,34.9,34.9,33.2,33.3,3468
2014-10-08 00:00:00,33.5,34.5,32.7,34.5,33943
2014-10-07 00:00:00,35.0,35.0,33.9,33.9,16817
2014-10-06 00:00:00,34.4,35.4,34.4,35.1,8676
2014-10-03 00:00:00,35.0,35.3,34.3,34.8,28939
2014-10-02 00:00:00,35.5,35.5,34.7,35.3,38742
2014-10-01 00:00:00,36.2,36.3,35.8,36.3,33337
2014-09-30 00:00:00,35.6,36.0,35.6,35.8,4593
2014-09-29 00:00:00,35.6,36.5,35.6,36.2,20786
2014-09-26 00:00:00,35.6,36.2,35.0,36.2,10673
2014-09-25 00:00:00,36.5,36.5,35.5,36.5,20432
2014-09-24 00:00:00,36.3,36.3,35.5,36.3,7682
2014-09-23 00:00:00,35.6,36.5,35.6,36.4,65597
2014-09-22 00:00:00,36.5,36.5,35.3,36.0,12664
2014-09-19 00:00:00,36.0,36.5,35.0,36.5,103634
2014-09-18 00:00:00,35.6,36.0,34.8,36.0,5815
2014-09-17 00:00:00,36.0,36.5,34.8,36.1,16033
2014-09-16 00:00:00,35.5,35.8,35.4,35.4,4569
2014-09-15 00:00:00,35.0,35.4,35.0,35.0,2366
2014-09-12 00:00:00,35.0,35.8,35.0,35.3,7688
2014-09-11 00:00:00,34.8,35.8,34.8,35.5,9451
2014-09-10 00:00:00,35.0,35.9,35.0,35.6,8839
2014-09-09 00:00:00,35.5,35.9,35.3,35.5,5874
2014-09-08 00:00:00,36.3,36.8,33.0,36.5,30260
2014-09-05 00:00:00,36.3,36.3,35.6,36.2,8527
2014-09-04 00:00:00,36.0,36.0,34.6,35.5,10118
2014-09-03 00:00:00,36.5,36.5,35.1,35.5,2940
2014-09-02 00:00:00,35.0,35.3,34.6,35.3,7015
2014-09-01 00:00:00,35.5,36.3,34.7,34.8,24355
2014-08-29 00:00:00,35.0,35.0,34.0,35.0,10682
2014-08-28 00:00:00,36.2,36.2,34.8,35.0,288756
2014-08-27 00:00:00,34.5,36.2,33.8,36.2,28029
2014-08-26 00:00:00,34.9,35.0,34.3,34.5,4679
2014-08-25 00:00:00,35.2,35.4,34.5,35.1,44334
2014-08-22 00:00:00,34.0,35.0,34.0,34.7,9527
2014-08-21 00:00:00,34.5,35.2,33.5,35.2,35581
2014-08-20 00:00:00,34.9,35.0,34.2,35.0,20626
2014-08-19 00:00:00,34.3,34.6,33.6,34.5,8627
2014-08-18 00:00:00,35.0,35.5,34.6,34.7,19836
2014-08-15 00:00:00,35.2,35.2,34.5,34.6,20605
2014-08-14 00:00:00,35.1,35.4,35.1,35.3,11695
2014-08-13 00:00:00,35.2,35.3,34.7,35.3,1456
2014-08-12 00:00:00,36.5,36.9,35.1,35.2,7811
2014-08-11 00:00:00,34.8,36.0,34.8,35.8,9957
2014-08-08 00:00:00,34.3,34.5,33.8,34.5,6142
2014-08-07 00:00:00,35.6,35.6,34.2,34.6,9552
2014-08-06 00:00:00,35.5,35.5,34.4,35.2,3245
2014-08-05 00:00:00,35.0,35.5,35.0,35.5,6692
2014-08-04 00:00:00,34.3,37.0,34.3,36.7,4757
2014-08-01 00:00:00,36.8,36.8,35.0,36.0,8261
2014-07-31 00:00:00,36.2,36.9,35.2,36.9,22720
2014-07-30 00:00:00,36.5,36.5,36.2,36.2,1995
2014-07-29 00:00:00,36.0,36.9,36.0,36.9,1377
2014-07-28 00:00:00,37.0,37.0,35.7,35.8,6073
2014-07-25 00:00:00,36.9,36.9,35.8,36.3,4629
2014-07-24 00:00:00,36.0,36.0,35.0,35.1,51457
2014-07-23 00:00:00,37.0,37.0,35.2,35.2,17776
2014-07-22 00:00:00,37.0,37.0,35.5,35.8,4393
2014-07-21 00:00:00,36.5,37.0,35.1,37.0,24014
2014-07-18 00:00:00,39.0,39.0,35.7,37.5,16168
2014-07-17 00:00:00,37.0,38.1,36.9,36.9,4833
2014-07-16 00:00:00,38.5,38.5,36.3,36.8,17915
2014-07-15 00:00:00,38.3,38.3,37.8,37.8,16442
2014-07-14 00:00:00,39.0,39.0,38.1,38.2,9437
2014-07-11 00:00:00,38.9,38.9,38.0,38.2,6770
2014-07-10 00:00:00,39.9,39.9,38.1,38.1,1423
2014-07-09 00:00:00,38.2,38.9,38.2,38.9,1599
2014-07-08 00:00:00,40.0,40.0,37.8,38.2,18064
2014-07-07 00:00:00,39.1,39.9,39.1,39.8,29627
2014-07-04 00:00:00,38.6,39.3,38.2,39.0,42389
2014-07-03 00:00:00,38.0,38.8,37.4,38.4,33415
2014-07-02 00:00:00,36.6,37.9,36.6,37.2,44186
2014-07-01 00:00:00,36.6,37.5,36.5,36.5,88466
2014-06-30 00:00:00,36.5,37.3,36.3,36.3,10696
2014-06-27 00:00:00,37.7,37.7,35.8,35.8,15205
2014-06-26 00:00:00,37.5,37.8,36.9,36.9,17710
2014-06-25 00:00:00,38.5,38.5,36.7,36.7,23596
2014-06-24 00:00:00,36.1,38.7,36.1,37.0,41574
2014-06-23 00:00:00,37.9,37.9,36.1,36.1,26419
2014-06-20 00:00:00,,36.5,36.5,36.5,0
2014-06-19 00:00:00,39.4,39.4,36.5,36.5,44730
2014-06-18 00:00:00,38.7,38.7,38.0,38.5,20021
2014-06-17 00:00:00,39.5,39.5,38.9,39.0,30602
2014-06-16 00:00:00,40.0,40.0,38.5,39.8,150241
2014-06-13 00:00:00,39.7,40.0,38.0,39.0,47842
2014-06-12 00:00:00,40.2,40.2,38.1,39.7,22368
2014-06-11 00:00:00,40.5,40.9,39.0,39.7,1001740
2014-06-10 00:00:00,39.4,40.5,39.2,40.2,48757
2014-06-09 00:00:00,38.5,38.9,37.6,38.9,38189
2014-06-06 00:00:00,,38.6,38.6,38.6,0
2014-06-05 00:00:00,39.4,39.4,38.5,38.6,24458
2014-06-04 00:00:00,39.5,39.9,39.1,39.2,13529
2014-06-03 00:00:00,40.9,40.9,39.1,39.1,51028
2014-06-02 00:00:00,39.0,42.5,38.8,39.7,159835
2014-05-30 00:00:00,35.7,37.5,34.5,37.5,26826
2014-05-28 00:00:00,35.9,35.9,34.3,35.7,34459
2014-05-27 00:00:00,32.7,35.5,32.7,34.8,26219
2014-05-26 00:00:00,33.5,33.5,33.3,33.4,2663
2014-05-23 00:00:00,33.2,33.5,33.2,33.5,14037
2014-05-22 00:00:00,33.0,33.2,32.7,33.2,14321
2014-05-21 00:00:00,33.0,33.0,32.9,33.0,31044
2014-05-20 00:00:00,32.5,33.2,32.5,32.9,27863
2014-05-19 00:00:00,33.4,33.4,32.3,32.5,15494
2014-05-16 00:00:00,34.0,34.0,33.2,33.5,38479
2014-05-15 00:00:00,34.0,34.0,33.5,33.8,4005314
2014-05-14 00:00:00,34.5,34.5,34.0,34.0,25674
2014-05-13 00:00:00,35.9,35.9,33.0,34.5,23659
2014-05-12 00:00:00,34.6,34.8,34.2,34.8,3756
2014-05-09 00:00:00,34.5,35.0,33.8,34.6,50147
2014-05-08 00:00:00,34.4,34.5,33.5,34.5,33502
2014-05-07 00:00:00,32.5,34.2,32.5,33.7,8261
2014-05-06 00:00:00,31.9,32.4,31.8,32.4,5850
2014-05-05 00:00:00,31.3,32.3,31.3,31.8,7315
2014-05-02 00:00:00,31.0,31.6,31.0,31.3,18971
2014-05-01 00:00:00,,31.1,31.1,31.1,0
2014-04-30 00:00:00,31.3,31.3,31.1,31.1,8000
2014-04-29 00:00:00,31.5,31.8,30.9,31.5,36083
2014-04-28 00:00:00,31.9,31.9,31.3,31.5,101598
2014-04-25 00:00:00,32.1,32.1,31.7,32.0,116872
2014-04-24 00:00:00,32.0,32.6,32.0,32.0,720
2014-04-23 00:00:00,33.0,33.0,32.0,32.0,18699
2014-04-22 00:00:00,32.9,33.0,32.4,32.4,12315
2014-04-17 00:00:00,33.0,33.0,33.0,33.0,100
2014-04-16 00:00:00,32.0,33.0,31.7,32.2,8325
2014-04-15 00:00:00,32.9,32.9,32.1,32.4,17255
2014-04-14 00:00:00,31.9,32.9,31.2,32.9,12214
2014-04-11 00:00:00,31.8,32.0,31.3,31.8,2317
2014-04-10 00:00:00,32.8,32.8,32.6,32.6,5765
2014-04-09 00:00:00,32.7,33.2,32.7,32.9,53164
2014-04-08 00:00:00,33.1,34.1,32.7,32.7,60136
2014-04-07 00:00:00,32.8,34.4,32.7,33.3,18798
2014-04-04 00:00:00,33.4,33.4,32.7,33.0,21312
2014-04-03 00:00:00,33.0,33.0,32.6,32.8,6886
2014-04-02 00:00:00,32.7,33.6,32.7,33.4,12981
2014-04-01 00:00:00,32.0,32.5,32.0,32.5,11469
2014-03-31 00:00:00,32.0,32.3,32.0,32.0,7459
2014-03-28 00:00:00,30.8,32.0,30.8,32.0,373102
2014-03-27 00:00:00,29.8,30.4,29.8,30.2,4495
2014-03-26 00:00:00,30.3,30.3,30.0,30.3,13591
2014-03-25 00:00:00,29.6,30.1,29.5,30.1,1620
2014-03-24 00:00:00,30.2,30.2,29.1,30.1,15460
2014-03-21 00:00:00,30.0,30.2,29.4,30.1,64016
2014-03-20 00:00:00,30.9,30.9,29.5,29.7,16793
2014-03-19 00:00:00,30.0,30.0,29.9,29.9,1500
2014-03-18 00:00:00,29.9,30.3,29.8,29.8,11235
2014-03-17 00:00:00,31.4,31.4,30.5,30.8,6080
2014-03-14 00:00:00,30.3,31.0,30.3,30.6,3540
2014-03-13 00:00:00,31.0,31.0,31.0,31.0,669
2014-03-12 00:00:00,30.5,31.9,29.6,31.4,25564
2014-03-11 00:00:00,30.5,31.0,30.5,31.0,12344
2014-03-10 00:00:00,31.0,31.0,30.5,30.5,16240
2014-03-07 00:00:00,32.0,32.8,31.3,31.4,9029
2014-03-06 00:00:00,31.5,31.5,29.2,31.4,56794
2014-03-05 00:00:00,31.2,31.5,30.5,31.5,24159
2014-03-04 00:00:00,30.5,33.0,30.5,31.0,68130
2014-03-03 00:00:00,31.9,31.9,30.4,30.5,37410
2014-02-28 00:00:00,31.9,31.9,30.5,31.5,1119806
2014-02-27 00:00:00,33.0,33.0,31.0,31.4,62081
2014-02-26 00:00:00,32.4,33.0,32.4,32.9,33583
2014-02-25 00:00:00,32.8,33.7,32.1,32.3,16585
2014-02-24 00:00:00,32.0,33.5,32.0,32.8,35236
2014-02-21 00:00:00,33.0,33.2,31.3,32.0,51111
2014-02-20 00:00:00,30.0,31.7,30.0,31.6,22735
2014-02-19 00:00:00,31.1,31.1,29.2,29.6,41910
2014-02-18 00:00:00,30.6,32.0,30.1,30.5,40374
2014-02-17 00:00:00,28.9,31.9,28.9,30.6,26209
2014-02-14 00:00:00,29.0,29.4,28.7,29.2,311564
2014-02-13 00:00:00,29.3,31.0,28.8,29.0,46668
2014-02-12 00:00:00,28.2,29.4,28.2,29.4,30845
2014-02-11 00:00:00,28.0,28.2,27.5,28.2,1007133
2014-02-10 00:00:00,27.5,28.0,27.5,28.0,59969
2014-02-07 00:00:00,28.0,28.0,27.4,27.9,15660
2014-02-06 00:00:00,26.7,28.8,26.1,27.8,20532
2014-02-05 00:00:00,26.4,26.7,26.4,26.7,17750
2014-02-04 00:00:00,26.0,26.4,25.5,26.4,10281
2014-02-03 00:00:00,26.8,26.9,25.9,26.6,3278
2014-01-31 00:00:00,26.5,27.5,26.5,26.7,19749
2014-01-30 00:00:00,26.4,26.4,25.8,26.3,9645
2014-01-29 00:00:00,25.8,26.4,25.5,26.4,693736
2014-01-28 00:00:00,26.0,26.0,25.6,26.0,9730
2014-01-27 00:00:00,26.0,26.2,25.3,25.9,12179
2014-01-24 00:00:00,26.6,26.6,26.3,26.5,4180
2014-01-23 00:00:00,26.4,26.9,26.4,26.9,21655
2014-01-22 00:00:00,26.3,27.1,26.3,26.9,37483
2014-01-21 00:00:00,24.8,26.9,24.8,26.3,51009
2014-01-20 00:00:00,24.3,25.0,24.3,24.8,21382
2014-01-17 00:00:00,24.5,24.5,24.1,24.5,1681985
2014-01-16 00:00:00,24.3,24.3,24.1,24.3,12864
2014-01-15 00:00:00,24.7,24.7,24.2,24.3,631241
2014-01-14 00:00:00,24.1,24.8,24.1,24.7,1268802
2014-01-13 00:00:00,24.5,24.5,24.3,24.5,229765
2014-01-10 00:00:00,24.5,24.5,24.3,24.5,148870
2014-01-09 00:00:00,24.5,24.5,24.2,24.5,41768
2014-01-08 00:00:00,24.5,24.6,24.0,24.5,276552
2014-01-07 00:00:00,24.3,24.4,24.0,24.3,28728
2014-01-06 00:00:00,,24.4,24.4,24.4,0
2014-01-03 00:00:00,24.1,24.4,24.0,24.4,20700
2014-01-02 00:00:00,24.3,24.3,23.9,24.3,1620
2013-12-31 00:00:00,,24.2,24.2,24.2,0
2013-12-30 00:00:00,24.1,24.2,23.8,24.2,23951
2013-12-27 00:00:00,23.5,24.1,23.5,23.9,4111
2013-12-23 00:00:00,24.1,24.1,23.4,24.0,17961
2013-12-20 00:00:00,23.9,24.0,23.8,24.0,445003
2013-12-19 00:00:00,23.9,24.1,23.7,24.1,10387
2013-12-18 00:00:00,23.8,24.0,23.5,24.0,192624
2013-12-17 00:00:00,24.0,24.0,23.5,23.8,67246
2013-12-16 00:00:00,23.3,24.2,23.3,24.1,1548777
2013-12-13 00:00:00,23.4,23.5,23.3,23.5,20500
2013-12-12 00:00:00,23.7,23.8,23.3,23.5,14035
2013-12-11 00:00:00,23.5,23.8,23.5,23.8,1250
2013-12-10 00:00:00,23.6,23.8,23.6,23.8,1822
2013-12-09 00:00:00,23.5,24.0,23.3,23.9,504534
2013-12-06 00:00:00,23.7,23.8,23.3,23.8,19649
2013-12-05 00:00:00,23.3,23.7,23.3,23.7,14780
2013-12-04 00:00:00,23.6,23.8,23.3,23.3,61782
2013-12-03 00:00:00,23.9,24.1,23.5,24.0,10700
2013-12-02 00:00:00,23.7,24.2,23.5,23.8,117683
2013-11-29 00:00:00,23.2,23.6,23.2,23.6,4200
2013-11-28 00:00:00,23.1,23.6,23.1,23.6,630
2013-11-27 00:00:00,23.3,23.6,23.1,23.6,30501
2013-11-26 00:00:00,23.1,23.3,23.1,23.3,27554
2013-11-25 00:00:00,23.5,23.5,23.1,23.4,36270
2013-11-22 00:00:00,23.1,23.2,23.0,23.1,22534
2013-11-21 00:00:00,23.5,23.7,23.1,23.2,10944
2013-11-20 00:00:00,23.4,23.8,23.4,23.7,2760
2013-11-19 00:00:00,23.2,23.7,23.1,23.7,1270
2013-11-18 00:00:00,23.5,24.0,23.5,23.8,17071
2013-11-15 00:00:00,22.8,23.5,22.8,23.5,1830
2013-11-14 00:00:00,23.0,23.4,23.0,23.3,14230
2013-11-13 00:00:00,23.1,23.1,23.0,23.0,14950
2013-11-12 00:00:00,22.9,23.3,22.6,23.3,175480
2013-11-11 00:00:00,23.5,23.5,23.5,23.5,1430
2013-11-08 00:00:00,23.1,23.3,23.1,23.3,5500
2013-11-07 00:00:00,23.0,23.5,22.9,23.5,8000
2013-11-06 00:00:00,22.9,23.4,22.9,23.4,12150
2013-11-05 00:00:00,23.5,23.5,23.0,23.5,82800
2013-11-04 00:00:00,23.1,23.6,23.0,23.6,5583
2013-11-01 00:00:00,23.4,23.6,23.4,23.6,1500
2013-10-31 00:00:00,23.5,23.6,23.5,23.6,14610
2013-10-30 00:00:00,23.0,23.5,23.0,23.5,15661
2013-10-29 00:00:00,23.0,23.0,23.0,23.0,6705
2013-10-28 00:00:00,23.0,23.0,22.6,23.0,17435
2013-10-25 00:00:00,22.5,23.0,22.5,23.0,28276
2013-10-24 00:00:00,22.6,23.3,22.5,22.7,84212
2013-10-23 00:00:00,22.9,23.3,22.9,22.9,1200
2013-10-22 00:00:00,22.5,23.4,22.5,23.4,421300
2013-10-21 00:00:00,22.5,22.9,22.5,22.9,15543
2013-10-18 00:00:00,22.9,22.9,22.4,22.9,21096
2013-10-17 00:00:00,22.1,22.9,22.1,22.9,122500
2013-10-16 00:00:00,22.1,22.6,22.1,22.5,10650
2013-10-15 00:00:00,22.3,22.7,22.3,22.6,7402
2013-10-14 00:00:00,22.4,22.4,22.0,22.1,2305
2013-10-11 00:00:00,22.6,22.6,22.1,22.5,175148
2013-10-10 00:00:00,22.2,22.7,22.2,22.6,181496
2013-10-09 00:00:00,22.1,22.8,22.1,22.7,222061
2013-10-08 00:00:00,22.5,22.5,22.2,22.2,113600
2013-10-07 00:00:00,22.2,22.4,22.2,22.2,179045
2013-10-04 00:00:00,22.1,22.4,22.1,22.4,42895
2013-10-03 00:00:00,22.5,22.5,22.1,22.1,10905
2013-10-02 00:00:00,22.2,22.6,22.1,22.6,309911
2013-10-01 00:00:00,22.2,22.4,21.7,22.4,17051
2013-09-30 00:00:00,22.4,22.4,21.2,22.0,9233
2013-09-27 00:00:00,22.4,22.7,22.2,22.2,4045
2013-09-26 00:00:00,22.6,22.8,22.2,22.6,21879
2013-09-25 00:00:00,22.7,22.7,22.3,22.4,19359
2013-09-24 00:00:00,22.7,22.9,22.2,22.7,14650
2013-09-23 00:00:00,24.1,24.1,22.7,22.7,20185
2013-09-20 00:00:00,22.3,24.2,22.3,24.2,290160
2013-09-19 00:00:00,22.5,22.6,22.5,22.6,31131
2013-09-18 00:00:00,22.3,22.4,22.1,22.4,16100
2013-09-17 00:00:00,22.4,23.2,22.2,22.2,29840
2013-09-16 00:00:00,22.0,22.3,22.0,22.3,38038
2013-09-13 00:00:00,21.8,22.0,21.7,21.8,18070
2013-09-12 00:00:00,22.1,22.3,21.8,22.0,14090
2013-09-11 00:00:00,22.3,22.7,22.2,22.6,5800
2013-09-10 00:00:00,22.4,23.0,22.4,23.0,261000
2013-09-09 00:00:00,22.4,22.4,22.2,22.4,12840
2013-09-06 00:00:00,22.6,22.8,21.6,22.8,230383
2013-09-05 00:00:00,23.5,23.5,22.8,23.0,6977
2013-09-04 00:00:00,23.0,23.5,22.9,23.5,8403
2013-09-03 00:00:00,23.5,23.5,23.4,23.5,22765
2013-09-02 00:00:00,23.4,23.5,22.9,23.5,75399
2013-08-30 00:00:00,23.6,23.6,23.0,23.2,18152
2013-08-29 00:00:00,23.3,23.6,22.9,23.6,25824
2013-08-28 00:00:00,23.0,23.6,22.5,23.6,3071
2013-08-27 00:00:00,23.5,23.8,23.4,23.8,7709
2013-08-26 00:00:00,24.3,24.3,23.6,23.6,4600
2013-08-23 00:00:00,23.9,24.0,23.7,23.7,756400
2013-08-22 00:00:00,23.5,24.1,23.4,23.6,512317
2013-08-21 00:00:00,22.6,24.0,22.6,23.5,40576
2013-08-20 00:00:00,22.3,22.5,22.1,22.5,9137
2013-08-19 00:00:00,22.3,22.3,22.0,22.1,29760
2013-08-16 00:00:00,21.6,22.5,21.6,22.0,14950
2013-08-15 00:00:00,21.6,21.8,21.6,21.6,6998
2013-08-14 00:00:00,22.0,22.0,22.0,22.0,2850
2013-08-13 00:00:00,21.8,22.0,21.6,22.0,54877
2013-08-12 00:00:00,22.2,22.4,22.0,22.0,5280
2013-08-09 00:00:00,22.5,22.5,22.0,22.4,5620
2013-08-08 00:00:00,22.7,22.8,22.5,22.7,5865
2013-08-07 00:00:00,22.3,22.7,22.3,22.4,6432
2013-08-06 00:00:00,22.7,23.0,22.7,22.7,1350
2013-08-05 00:00:00,22.7,23.2,22.6,23.2,7325
2013-08-02 00:00:00,23.1,23.2,22.7,23.2,2350
2013-08-01 00:00:00,23.0,23.2,22.7,23.2,5110
2013-07-31 00:00:00,22.4,23.3,22.0,23.3,23046
2013-07-30 00:00:00,23.2,23.3,22.0,22.9,14479
2013-07-29 00:00:00,23.8,23.8,22.8,23.3,3650
2013-07-26 00:00:00,23.7,23.8,23.0,23.5,6253
2013-07-25 00:00:00,23.6,23.6,23.6,23.6,400
2013-07-24 00:00:00,23.8,23.8,23.0,23.3,22350
2013-07-23 00:00:00,23.0,23.3,23.0,23.3,8650
2013-07-22 00:00:00,23.5,23.8,23.5,23.5,5100
2013-07-19 00:00:00,23.3,23.6,23.2,23.5,6770
2013-07-18 00:00:00,23.5,23.7,23.5,23.7,7385
2013-07-17 00:00:00,23.3,23.6,23.0,23.6,3870
2013-07-16 00:00:00,22.8,23.4,22.8,23.4,1995
2013-07-15 00:00:00,23.0,23.7,23.0,23.7,1500
2013-07-12 00:00:00,23.1,23.5,23.1,23.5,2545
2013-07-11 00:00:00,22.8,23.5,22.8,23.5,1530
2013-07-10 00:00:00,23.0,23.5,22.9,23.5,4970
2013-07-09 00:00:00,23.8,23.8,23.8,23.8,1500
2013-07-08 00:00:00,23.0,23.8,23.0,23.8,3230
2013-07-05 00:00:00,23.0,23.0,22.6,23.0,5550
2013-07-04 00:00:00,23.0,23.5,23.0,23.0,14150
2013-07-03 00:00:00,23.1,23.1,22.3,22.8,17945
2013-07-02 00:00:00,23.5,23.5,22.8,23.3,15880
2013-07-01 00:00:00,24.5,24.5,23.0,23.8,25317
2013-06-28 00:00:00,23.4,23.5,23.2,23.4,12600
2013-06-27 00:00:00,22.6,22.6,22.6,22.6,250
2013-06-26 00:00:00,23.2,24.3,23.0,23.4,7675
2013-06-25 00:00:00,23.4,23.9,22.9,23.0,73781
2013-06-24 00:00:00,23.5,23.5,22.4,22.8,10555
2013-06-21 00:00:00,,24.2,24.2,24.2,0
2013-06-20 00:00:00,24.2,24.2,23.6,24.2,301900
2013-06-19 00:00:00,24.3,24.5,24.1,24.3,47910
2013-06-18 00:00:00,24.0,24.4,23.9,24.4,1332445
2013-06-17 00:00:00,23.9,24.4,23.9,24.4,4180
2013-06-14 00:00:00,23.9,24.5,23.9,24.5,116900
2013-06-13 00:00:00,24.0,24.5,23.5,24.5,58678
2013-06-12 00:00:00,24.9,24.9,24.1,24.5,13300
2013-06-11 00:00:00,24.3,24.9,24.0,24.0,12020
2013-06-10 00:00:00,25.0,25.2,24.6,24.9,111570
2013-06-07 00:00:00,24.5,24.8,24.2,24.8,6606
2013-06-06 00:00:00,,24.8,24.8,24.8,0
2013-06-05 00:00:00,24.7,24.8,23.9,24.8,188823
2013-06-04 00:00:00,23.3,25.0,23.3,24.0,14793
2013-06-03 00:00:00,23.5,25.0,23.2,24.3,38755
2013-05-31 00:00:00,24.0,24.5,23.5,23.5,40076
2013-05-30 00:00:00,24.0,25.0,24.0,24.5,32835
2013-05-29 00:00:00,23.5,24.0,23.3,24.0,56780
2013-05-28 00:00:00,22.7,24.1,22.7,23.1,119268
2013-05-27 00:00:00,22.3,22.4,22.0,22.4,43696
2013-05-24 00:00:00,21.4,22.6,21.4,22.0,4246
2013-05-23 00:00:00,21.2,22.0,21.2,21.4,10892
2013-05-22 00:00:00,22.8,22.9,22.0,22.0,4665
2013-05-21 00:00:00,21.6,22.9,21.6,22.0,18435
2013-05-20 00:00:00,21.0,21.6,21.0,21.6,11410
2013-05-17 00:00:00,21.4,21.9,21.4,21.4,7358
2013-05-16 00:00:00,21.8,21.8,21.3,21.3,8596
2013-05-15 00:00:00,21.6,21.6,21.6,21.6,2001500
2013-05-14 00:00:00,21.6,21.6,21.5,21.6,67597
2013-05-13 00:00:00,20.5,21.6,20.5,21.6,35043
2013-05-10 00:00:00,20.8,21.2,20.8,21.2,3100
2013-05-09 00:00:00,,21.2,21.2,21.2,0
2013-05-08 00:00:00,21.2,21.5,20.5,21.2,6630
2013-05-07 00:00:00,21.7,21.9,21.3,21.8,16889
2013-05-06 00:00:00,21.0,21.5,21.0,21.5,71498
2013-05-03 00:00:00,20.6,21.0,20.5,21.0,20450
2013-05-02 00:00:00,20.5,21.5,20.5,21.0,42200
2013-05-01 00:00:00,,21.0,21.0,21.0,0
2013-04-30 00:00:00,21.3,21.3,20.9,21.0,7280
2013-04-29 00:00:00,20.8,20.9,20.3,20.9,4580
2013-04-26 00:00:00,19.9,20.7,19.5,20.7,98626
2013-04-25 00:00:00,19.55,20.1,19.3,19.9,72509
2013-04-24 00:00:00,19.2,19.8,19.2,19.8,7000
2013-04-23 00:00:00,19.8,20.0,19.2,19.8,10765
2013-04-22 00:00:00,19.7,20.4,19.6,19.7,6100
2013-04-19 00:00:00,19.0,19.4,19.0,19.4,7120
2013-04-18 00:00:00,19.0,19.1,18.9,18.9,3300
2013-04-17 00:00:00,19.6,19.8,18.3,19.3,102960
2013-04-16 00:00:00,20.6,20.6,20.0,20.1,15080
2013-04-15 00:00:00,21.2,21.2,20.7,20.7,8615
2013-04-12 00:00:00,,21.4,21.4,21.4,0
2013-04-11 00:00:00,21.2,21.4,21.2,21.4,4335
2013-04-10 00:00:00,20.7,21.0,20.5,21.0,5480
2013-04-09 00:00:00,21.5,21.5,20.3,21.1,4060
2013-04-08 00:00:00,23.0,23.3,21.0,21.5,9215
