Dates,Open,High,Low,Close,Volume
2017-09-08 00:00:00,155.9,155.9,153.4,153.9,61475
2017-09-07 00:00:00,152.9,155.8,152.8,155.8,98044
2017-09-06 00:00:00,154.5,154.7,152.6,152.8,67777
2017-09-04 00:00:00,156.0,156.0,153.6,154.4,110284
2017-09-01 00:00:00,152.4,157.4,152.4,157.1,233083
2017-08-31 00:00:00,152.4,153.2,151.7,152.2,186094
2017-08-30 00:00:00,152.0,152.8,151.5,152.6,78610
2017-08-29 00:00:00,154.5,155.0,150.6,151.0,202670
2017-08-28 00:00:00,156.7,156.8,154.3,155.2,34308
2017-08-25 00:00:00,155.0,156.9,155.0,156.2,59565
2017-08-24 00:00:00,155.7,156.0,155.0,155.0,154731
2017-08-23 00:00:00,156.1,157.8,155.4,155.5,190884
2017-08-22 00:00:00,156.1,157.1,155.0,156.0,201711
2017-08-21 00:00:00,155.2,159.5,155.0,155.5,135500
2017-08-18 00:00:00,157.7,157.7,154.5,155.2,83325
2017-08-17 00:00:00,157.8,160.6,157.3,158.5,333031
2017-08-16 00:00:00,156.1,157.8,156.1,157.3,101650
2017-08-15 00:00:00,158.0,158.5,156.3,156.4,62844
2017-08-14 00:00:00,155.0,158.0,155.0,158.0,179794
2017-08-11 00:00:00,157.7,157.7,154.1,155.6,102444
2017-08-10 00:00:00,158.5,159.1,157.3,157.7,93213
2017-08-09 00:00:00,161.9,161.9,158.3,159.0,59489
2017-08-08 00:00:00,160.3,162.0,159.5,161.9,68186
2017-08-07 00:00:00,160.5,160.5,159.3,160.0,76046
2017-08-04 00:00:00,160.0,160.1,158.8,159.7,140585
2017-08-03 00:00:00,160.0,160.3,159.0,159.7,83573
2017-08-02 00:00:00,159.5,160.9,159.4,160.0,97250
2017-08-01 00:00:00,158.0,160.2,157.0,159.4,117207
2017-07-31 00:00:00,157.0,158.5,156.4,157.2,56090
2017-07-28 00:00:00,157.8,158.6,156.5,157.1,179156
2017-07-27 00:00:00,157.5,159.5,157.4,158.2,69559
2017-07-26 00:00:00,157.9,158.4,157.1,157.6,97501
2017-07-25 00:00:00,159.9,160.7,157.5,157.9,81650
2017-07-24 00:00:00,161.9,162.3,158.5,159.9,150336
2017-07-21 00:00:00,161.0,161.3,158.3,161.3,216467
2017-07-20 00:00:00,166.0,166.8,159.2,159.9,612363
2017-07-19 00:00:00,160.5,163.5,159.0,162.3,284177
2017-07-18 00:00:00,165.0,165.0,161.8,163.2,143592
2017-07-17 00:00:00,164.5,166.1,163.2,166.1,335662
2017-07-14 00:00:00,164.1,164.5,162.7,164.0,126314
2017-07-13 00:00:00,164.1,165.6,163.0,163.8,126690
2017-07-12 00:00:00,160.2,164.1,160.2,164.1,80866
2017-07-11 00:00:00,160.1,162.6,159.0,160.2,105679
2017-07-10 00:00:00,159.7,160.7,158.3,159.7,70780
2017-07-07 00:00:00,158.0,159.6,156.9,159.5,73743
2017-07-06 00:00:00,159.2,160.3,157.1,158.2,91501
2017-07-05 00:00:00,158.5,160.3,157.7,158.9,89903
2017-07-04 00:00:00,157.4,159.1,156.2,159.1,104360
2017-07-03 00:00:00,157.7,161.4,156.0,157.4,250692
2017-06-30 00:00:00,159.0,159.6,157.4,158.1,107758
2017-06-29 00:00:00,160.4,161.3,157.5,158.5,150542
2017-06-28 00:00:00,161.2,162.0,160.0,161.0,110947
2017-06-27 00:00:00,163.4,163.4,160.1,161.2,119105
2017-06-26 00:00:00,165.0,166.9,162.8,163.1,118119
2017-06-23 00:00:00,,164.8,164.8,164.8,0
2017-06-22 00:00:00,165.0,165.8,163.9,164.8,85028
2017-06-21 00:00:00,165.7,165.7,165.0,165.0,212684
2017-06-20 00:00:00,165.6,167.5,165.6,166.2,261574
2017-06-19 00:00:00,165.0,166.7,164.8,165.1,103230
2017-06-16 00:00:00,163.7,165.0,163.7,164.7,95709
2017-06-15 00:00:00,164.9,164.9,162.2,162.8,176793
2017-06-14 00:00:00,164.7,165.0,163.1,164.8,144998
2017-06-13 00:00:00,161.7,164.0,161.6,163.7,158952
2017-06-12 00:00:00,163.9,164.3,160.6,161.7,106823
2017-06-09 00:00:00,162.3,164.4,161.4,163.9,159308
2017-06-08 00:00:00,164.4,164.5,161.7,162.3,208249
2017-06-07 00:00:00,166.5,166.5,163.5,163.9,253343
2017-06-06 00:00:00,,165.9,165.9,165.9,0
2017-06-05 00:00:00,166.9,167.3,165.9,165.9,110288
2017-06-02 00:00:00,165.0,167.9,164.5,166.5,215989
2017-06-01 00:00:00,162.6,166.0,162.6,165.1,161108
2017-05-31 00:00:00,164.5,165.0,161.7,163.2,350073
2017-05-30 00:00:00,163.3,164.5,161.5,164.5,350630
2017-05-29 00:00:00,163.8,164.0,162.6,163.3,207315
2017-05-26 00:00:00,161.6,163.8,161.1,163.5,181396
2017-05-24 00:00:00,162.0,162.4,158.2,162.2,139921
2017-05-23 00:00:00,158.5,163.9,158.5,162.3,326709
2017-05-22 00:00:00,157.7,158.2,157.0,157.5,223864
2017-05-19 00:00:00,156.0,158.5,154.7,157.6,130987
2017-05-18 00:00:00,155.4,156.0,151.5,156.0,271770
2017-05-17 00:00:00,157.1,157.4,155.5,156.5,115025
2017-05-16 00:00:00,158.5,159.3,156.5,157.1,150522
2017-05-15 00:00:00,158.8,160.5,157.0,158.4,128755
2017-05-12 00:00:00,159.8,158.5,158.5,158.5,176690
2017-05-11 00:00:00,160.5,161.6,159.4,159.8,119026
2017-05-10 00:00:00,161.0,162.6,158.2,161.3,340484
2017-05-09 00:00:00,157.8,161.3,156.6,160.8,246639
2017-05-08 00:00:00,158.7,158.7,155.1,157.5,298182
2017-05-05 00:00:00,157.0,157.9,156.3,157.6,138255
2017-05-04 00:00:00,154.5,157.0,153.8,157.0,280989
2017-05-03 00:00:00,154.0,154.6,152.7,154.5,215871
2017-05-02 00:00:00,154.2,154.4,151.0,153.8,392206
2017-05-01 00:00:00,,153.7,153.7,153.7,0
2017-04-28 00:00:00,157.7,157.7,152.4,153.7,252475
2017-04-27 00:00:00,153.3,157.1,152.7,157.0,508073
2017-04-26 00:00:00,161.3,167.0,160.0,162.5,617501
2017-04-25 00:00:00,154.5,155.2,152.6,155.2,363582
2017-04-24 00:00:00,149.7,154.5,148.9,154.5,321814
2017-04-21 00:00:00,148.8,150.0,148.0,148.2,255292
2017-04-20 00:00:00,150.1,151.5,147.3,148.2,307778
2017-04-19 00:00:00,151.7,152.0,150.7,150.8,131371
2017-04-18 00:00:00,152.0,154.1,151.5,151.7,212325
2017-04-13 00:00:00,152.3,152.7,151.0,151.5,84904
2017-04-12 00:00:00,151.5,152.7,151.0,151.9,254266
2017-04-11 00:00:00,152.3,153.2,150.5,150.7,131623
2017-04-10 00:00:00,152.6,153.4,151.2,152.3,143228
2017-04-07 00:00:00,152.1,152.4,150.1,152.4,247600
2017-04-06 00:00:00,150.0,152.4,148.4,152.1,351903
2017-04-05 00:00:00,150.3,150.9,147.2,148.2,233254
2017-04-04 00:00:00,152.9,152.9,150.1,150.3,114825
2017-04-03 00:00:00,151.0,152.9,150.3,151.6,199863
2017-03-31 00:00:00,147.0,150.3,146.6,150.3,136857
2017-03-30 00:00:00,147.8,148.5,145.8,146.5,196225
2017-03-29 00:00:00,147.6,147.6,146.0,146.9,197859
2017-03-28 00:00:00,146.3,147.2,144.3,147.2,71607
2017-03-27 00:00:00,146.2,146.2,143.5,145.5,110533
2017-03-24 00:00:00,146.3,146.3,145.1,146.0,88926
2017-03-23 00:00:00,145.0,146.2,144.5,145.6,71446
2017-03-22 00:00:00,144.1,145.3,142.0,144.6,155607
2017-03-21 00:00:00,147.2,147.5,144.1,144.1,342073
2017-03-20 00:00:00,148.0,148.3,146.3,147.2,199045
2017-03-17 00:00:00,148.0,148.9,146.5,147.7,115750
2017-03-16 00:00:00,147.0,148.0,146.5,147.7,130442
2017-03-15 00:00:00,147.5,147.6,145.6,146.4,233182
2017-03-14 00:00:00,147.0,147.4,146.1,147.3,273125
2017-03-13 00:00:00,146.7,146.9,145.9,146.8,125847
2017-03-10 00:00:00,145.9,146.4,146.4,146.4,169229
2017-03-09 00:00:00,147.1,147.5,145.3,145.7,602300
2017-03-08 00:00:00,144.6,148.0,144.6,146.9,1128742
2017-03-07 00:00:00,146.3,146.3,144.4,144.4,119542
2017-03-06 00:00:00,146.0,146.1,144.5,145.5,125453
2017-03-03 00:00:00,147.4,145.3,145.3,145.3,188138
2017-03-02 00:00:00,146.1,147.0,146.1,147.0,263355
2017-03-01 00:00:00,145.5,146.6,145.0,145.5,168287
2017-02-28 00:00:00,144.3,144.8,142.9,144.3,115375
2017-02-27 00:00:00,143.5,144.4,142.0,143.2,132359
2017-02-24 00:00:00,146.2,146.2,142.5,142.9,138849
2017-02-23 00:00:00,146.1,147.5,145.5,145.8,185209
2017-02-22 00:00:00,146.6,147.0,144.8,145.2,161014
2017-02-21 00:00:00,147.1,148.0,146.4,146.4,151210
2017-02-20 00:00:00,147.0,147.4,146.0,147.1,252958
2017-02-17 00:00:00,144.7,147.3,144.3,145.3,764974
2017-02-16 00:00:00,146.0,146.8,143.2,144.4,159359
2017-02-15 00:00:00,146.0,146.8,144.7,146.5,249344
2017-02-14 00:00:00,143.5,146.3,142.3,146.0,1198947
2017-02-13 00:00:00,149.0,149.9,142.0,143.1,277696
2017-02-10 00:00:00,150.0,152.0,146.0,148.9,451187
2017-02-09 00:00:00,142.0,144.8,141.3,143.8,375843
2017-02-08 00:00:00,142.0,142.3,140.8,141.2,52351
2017-02-07 00:00:00,141.5,142.9,141.5,141.6,37455
2017-02-06 00:00:00,142.1,142.3,141.0,141.5,60491
2017-02-03 00:00:00,142.6,143.0,142.0,142.3,79121
2017-02-02 00:00:00,143.0,143.8,142.1,142.7,115221
2017-02-01 00:00:00,141.4,142.9,141.4,142.5,71571
2017-01-31 00:00:00,141.8,141.9,140.2,141.9,190274
2017-01-30 00:00:00,141.6,142.5,137.0,141.0,261646
2017-01-27 00:00:00,142.1,142.7,140.4,141.7,90547
2017-01-26 00:00:00,140.2,142.6,140.2,142.1,46411
2017-01-25 00:00:00,139.8,142.0,139.1,141.2,99236
2017-01-24 00:00:00,140.0,141.0,138.0,139.8,270426
2017-01-23 00:00:00,139.3,140.7,137.3,137.8,77454
2017-01-20 00:00:00,136.3,139.3,135.8,139.3,133042
2017-01-19 00:00:00,139.5,139.5,136.5,136.5,63062
2017-01-18 00:00:00,137.1,139.1,136.6,138.4,49183
2017-01-17 00:00:00,137.0,139.9,136.7,137.1,62027
2017-01-16 00:00:00,139.5,141.2,138.3,139.0,90991
2017-01-13 00:00:00,136.0,139.9,136.0,139.5,243533
2017-01-12 00:00:00,138.1,138.2,136.0,136.0,37064
2017-01-11 00:00:00,137.0,138.6,137.0,138.1,54287
2017-01-10 00:00:00,139.0,139.0,136.2,137.3,64606
2017-01-09 00:00:00,138.0,140.0,137.4,138.0,51954
2017-01-06 00:00:00,,138.0,138.0,138.0,0
2017-01-05 00:00:00,139.0,139.4,137.0,138.0,31722
2017-01-04 00:00:00,137.4,139.8,137.4,138.5,85622
2017-01-03 00:00:00,142.5,143.6,137.0,137.2,129773
2017-01-02 00:00:00,142.5,145.6,140.0,141.3,92557
2016-12-30 00:00:00,140.0,144.25,139.25,142.5,134254
2016-12-29 00:00:00,140.5,140.5,138.5,139.25,31989
2016-12-28 00:00:00,140.75,141.5,139.0,140.0,92477
2016-12-27 00:00:00,140.0,141.25,139.25,140.75,59192
2016-12-23 00:00:00,137.5,139.25,137.0,139.0,61991
2016-12-22 00:00:00,137.0,137.5,133.75,137.5,150284
2016-12-21 00:00:00,135.75,138.25,135.75,137.0,81787
2016-12-20 00:00:00,136.0,137.0,135.0,135.75,138907
2016-12-19 00:00:00,134.75,137.75,134.0,136.0,177737
2016-12-16 00:00:00,134.25,135.0,133.5,134.75,70327
2016-12-15 00:00:00,134.0,134.75,131.75,134.0,88684
2016-12-14 00:00:00,133.25,134.25,131.25,132.75,140175
2016-12-13 00:00:00,133.5,135.0,130.75,132.0,241644
2016-12-12 00:00:00,132.75,135.0,129.5,133.5,248358
2016-12-09 00:00:00,130.0,133.0,129.25,133.0,80818
2016-12-08 00:00:00,127.0,130.0,127.0,129.75,121452
2016-12-07 00:00:00,127.0,128.75,126.5,126.75,324611
2016-12-06 00:00:00,127.0,127.5,126.0,127.25,211926
2016-12-05 00:00:00,126.5,127.5,126.25,126.25,154798
2016-12-02 00:00:00,126.75,128.0,125.25,125.5,152047
2016-12-01 00:00:00,129.0,129.0,126.25,128.0,189031
2016-11-30 00:00:00,126.25,129.0,125.5,128.75,1365905
2016-11-29 00:00:00,126.0,129.5,125.0,126.25,215659
2016-11-28 00:00:00,128.0,128.75,125.25,126.25,424193
2016-11-25 00:00:00,129.75,130.0,128.0,128.5,159853
2016-11-24 00:00:00,131.25,131.25,129.5,129.5,201767
2016-11-23 00:00:00,132.5,133.25,129.75,129.75,138797
2016-11-22 00:00:00,132.0,133.5,132.0,132.5,195985
2016-11-21 00:00:00,134.25,134.25,130.25,132.0,130418
2016-11-18 00:00:00,130.5,134.75,130.5,133.25,131174
2016-11-17 00:00:00,129.75,132.0,129.25,130.5,80485
2016-11-16 00:00:00,131.0,132.0,128.5,129.75,132396
2016-11-15 00:00:00,127.25,130.25,127.25,129.75,219060
2016-11-14 00:00:00,130.0,131.75,126.5,126.75,189519
2016-11-11 00:00:00,132.25,132.5,129.0,129.0,227320
2016-11-10 00:00:00,134.5,134.75,132.0,132.0,281678
2016-11-09 00:00:00,126.75,134.0,125.25,133.0,297784
2016-11-08 00:00:00,134.0,134.0,130.0,131.5,89299
2016-11-07 00:00:00,130.5,132.25,128.0,131.75,179645
2016-11-04 00:00:00,134.5,134.75,130.5,130.5,103862
2016-11-03 00:00:00,136.0,136.0,130.75,134.5,280992
2016-11-02 00:00:00,135.0,136.25,133.25,134.0,160863
2016-11-01 00:00:00,141.0,141.0,135.0,136.25,162505
2016-10-31 00:00:00,139.0,141.0,137.0,139.5,130952
2016-10-28 00:00:00,132.5,139.0,132.0,139.0,588519
2016-10-27 00:00:00,139.75,139.75,133.0,133.75,113489
2016-10-26 00:00:00,136.0,138.75,134.25,138.5,90157
2016-10-25 00:00:00,139.5,139.5,136.0,136.5,117452
2016-10-24 00:00:00,140.0,140.5,135.75,138.5,175979
2016-10-21 00:00:00,146.25,146.25,137.25,140.0,423026
2016-10-20 00:00:00,147.25,147.25,144.75,146.0,59166
2016-10-19 00:00:00,146.5,148.5,145.5,147.25,55752
2016-10-18 00:00:00,145.0,147.0,143.75,145.5,88278
2016-10-17 00:00:00,144.75,144.75,142.25,144.25,91036
2016-10-14 00:00:00,143.0,145.0,141.5,145.0,126133
2016-10-13 00:00:00,142.25,143.25,141.25,142.75,33768
2016-10-12 00:00:00,140.5,144.25,140.5,142.5,64153
2016-10-11 00:00:00,143.5,144.5,140.5,142.0,74840
2016-10-10 00:00:00,142.5,144.5,142.25,143.25,41264
2016-10-07 00:00:00,144.0,144.25,140.75,142.0,72165
2016-10-06 00:00:00,145.0,145.25,142.75,144.0,360953
2016-10-05 00:00:00,146.0,146.0,144.0,145.25,555014
2016-10-04 00:00:00,148.25,148.25,145.25,146.0,88570
2016-10-03 00:00:00,148.0,148.0,146.5,146.75,246783
2016-09-30 00:00:00,142.0,148.0,141.75,146.5,116629
2016-09-29 00:00:00,143.0,145.25,142.75,143.5,92519
2016-09-28 00:00:00,142.0,145.0,140.0,143.0,290466
2016-09-27 00:00:00,141.0,141.5,139.0,140.0,176209
2016-09-26 00:00:00,140.75,142.5,139.75,141.25,144794
2016-09-23 00:00:00,141.5,142.0,138.25,140.5,123841
2016-09-22 00:00:00,143.0,143.0,140.5,140.5,107991
2016-09-21 00:00:00,142.75,143.5,141.75,142.0,61011
2016-09-20 00:00:00,143.0,143.5,141.75,141.75,170984
2016-09-19 00:00:00,143.5,148.0,141.75,142.5,72093
2016-09-16 00:00:00,142.75,143.25,140.5,142.0,103120
2016-09-15 00:00:00,140.0,142.25,138.0,142.0,103748
2016-09-14 00:00:00,139.5,141.25,137.5,139.75,42832
2016-09-13 00:00:00,140.0,141.5,138.75,139.5,115273
2016-09-12 00:00:00,142.0,142.0,134.5,139.25,151470
2016-09-09 00:00:00,143.5,148.0,142.0,142.5,52301
2016-09-08 00:00:00,146.0,147.25,144.0,144.0,299549
2016-09-07 00:00:00,143.25,146.0,142.5,146.0,87883
2016-09-06 00:00:00,144.0,144.0,142.0,143.0,83580
2016-09-05 00:00:00,143.75,144.0,142.0,142.0,24772
2016-09-02 00:00:00,142.0,142.25,140.25,142.0,122654
2016-09-01 00:00:00,139.5,143.0,138.25,142.25,120639
2016-08-31 00:00:00,139.0,139.5,137.5,138.25,242411
2016-08-30 00:00:00,137.5,140.0,137.25,139.0,56617
2016-08-29 00:00:00,137.5,138.75,135.75,137.5,110821
2016-08-26 00:00:00,136.0,138.0,135.25,138.0,149541
2016-08-25 00:00:00,135.75,136.75,135.25,136.0,48797
2016-08-24 00:00:00,135.75,136.5,134.0,135.75,117712
2016-08-23 00:00:00,136.0,136.5,135.5,135.75,53701
2016-08-22 00:00:00,136.5,138.0,134.0,135.75,33861
2016-08-19 00:00:00,139.25,139.25,135.25,136.5,41822
2016-08-18 00:00:00,136.0,139.25,136.0,139.0,32056
2016-08-17 00:00:00,138.5,138.5,136.5,136.5,44987
2016-08-16 00:00:00,139.5,139.5,137.5,138.0,156888
2016-08-15 00:00:00,139.0,139.75,138.5,139.0,60549
2016-08-12 00:00:00,140.75,140.75,138.75,138.75,60807
2016-08-11 00:00:00,141.25,141.75,140.5,140.75,34488
2016-08-10 00:00:00,141.5,141.5,140.25,141.0,27656
2016-08-09 00:00:00,141.0,142.0,139.5,141.5,23117
2016-08-08 00:00:00,141.0,141.0,139.25,140.5,74496
2016-08-05 00:00:00,140.25,142.25,139.75,140.5,59412
2016-08-04 00:00:00,139.25,140.0,138.5,139.5,72662
2016-08-03 00:00:00,138.5,139.5,136.0,138.75,109535
2016-08-02 00:00:00,136.0,138.25,134.75,138.25,207319
2016-08-01 00:00:00,138.0,138.5,135.5,136.0,108905
2016-07-29 00:00:00,137.25,137.75,135.75,137.25,40918
2016-07-28 00:00:00,138.0,139.0,136.75,137.0,50220
2016-07-27 00:00:00,138.0,139.75,137.0,138.0,48144
2016-07-26 00:00:00,139.25,139.5,136.75,137.75,54267
2016-07-25 00:00:00,138.5,138.75,133.5,138.25,79189
2016-07-22 00:00:00,131.5,140.5,131.25,138.25,888795
2016-07-21 00:00:00,136.0,136.0,127.5,132.5,192794
2016-07-20 00:00:00,131.25,133.75,131.25,133.75,139892
2016-07-19 00:00:00,126.25,131.25,125.75,130.5,135498
2016-07-18 00:00:00,124.5,126.25,124.5,126.25,66877
2016-07-15 00:00:00,125.0,125.5,123.0,124.0,92840
2016-07-14 00:00:00,127.25,128.25,125.75,125.75,107413
2016-07-13 00:00:00,128.0,128.5,127.5,128.25,198227
2016-07-12 00:00:00,128.25,129.0,127.25,128.25,45937
2016-07-11 00:00:00,126.25,130.5,125.25,128.25,153157
2016-07-08 00:00:00,123.5,125.0,122.75,123.75,84877
2016-07-07 00:00:00,120.75,124.75,120.75,123.75,59556
2016-07-06 00:00:00,121.75,122.25,119.5,120.5,61226
2016-07-05 00:00:00,124.75,124.75,120.25,121.25,73764
2016-07-04 00:00:00,125.5,126.75,123.75,124.0,202567
2016-07-01 00:00:00,121.0,124.25,118.5,123.5,95823
2016-06-30 00:00:00,119.25,120.25,117.25,120.25,216722
2016-06-29 00:00:00,116.0,119.5,115.5,119.25,72794
2016-06-28 00:00:00,114.5,116.25,113.5,114.25,216091
2016-06-27 00:00:00,119.75,119.75,113.0,113.0,235395
2016-06-24 00:00:00,,123.5,123.5,123.5,0
2016-06-23 00:00:00,124.25,126.0,123.25,123.5,75370
2016-06-22 00:00:00,124.75,125.0,123.75,124.25,107456
2016-06-21 00:00:00,122.75,124.5,122.25,124.25,64030
2016-06-20 00:00:00,120.0,123.75,120.0,123.75,88310
2016-06-17 00:00:00,117.75,119.75,117.75,119.25,219414
2016-06-16 00:00:00,119.25,120.5,117.5,117.5,121403
2016-06-15 00:00:00,119.0,121.0,118.75,119.5,357018
2016-06-14 00:00:00,121.0,122.25,118.5,119.5,242986
2016-06-13 00:00:00,122.75,123.0,120.75,120.75,194108
2016-06-10 00:00:00,126.25,126.25,123.0,124.75,182376
2016-06-09 00:00:00,125.75,127.25,124.75,126.5,116621
2016-06-08 00:00:00,126.5,127.0,125.25,125.5,112320
2016-06-07 00:00:00,127.0,127.0,125.0,126.5,68427
2016-06-06 00:00:00,,124.75,124.75,124.75,0
2016-06-03 00:00:00,126.0,126.0,121.5,124.75,182916
2016-06-02 00:00:00,125.5,125.75,125.0,125.5,143523
2016-06-01 00:00:00,128.0,128.0,125.25,125.5,191348
2016-05-31 00:00:00,129.5,129.5,127.0,128.0,2044346
2016-05-30 00:00:00,127.5,129.0,126.25,129.0,62605
2016-05-27 00:00:00,127.75,129.0,126.5,128.25,135852
2016-05-26 00:00:00,127.5,128.5,126.25,128.5,132374
2016-05-25 00:00:00,126.75,127.25,125.5,126.25,166822
2016-05-24 00:00:00,123.0,127.75,122.5,126.75,134496
2016-05-23 00:00:00,122.5,124.25,122.0,122.75,237544
2016-05-20 00:00:00,121.0,123.0,121.0,122.5,66857
2016-05-19 00:00:00,122.0,122.0,120.75,121.0,92420
2016-05-18 00:00:00,122.25,123.75,121.25,122.0,338374
2016-05-17 00:00:00,122.5,123.0,122.0,122.25,45148
2016-05-16 00:00:00,124.0,124.0,121.5,122.25,70233
2016-05-13 00:00:00,121.0,125.0,120.75,124.0,109421
2016-05-12 00:00:00,122.0,123.0,121.0,121.0,251635
2016-05-11 00:00:00,122.75,123.75,119.75,122.0,288488
2016-05-10 00:00:00,122.75,124.0,122.75,123.5,195486
2016-05-09 00:00:00,124.25,124.25,120.75,122.5,85960
2016-05-06 00:00:00,118.0,124.5,117.0,124.5,343222
2016-05-05 00:00:00,119.0,121.75,119.0,120.0,860005
2016-05-04 00:00:00,119.0,121.75,119.0,120.0,860005
2016-05-03 00:00:00,116.0,119.25,116.0,119.0,803892
2016-05-02 00:00:00,115.5,117.5,114.5,116.5,96878
2016-04-29 00:00:00,115.75,118.0,115.0,115.5,301285
2016-04-28 00:00:00,113.0,116.75,113.0,116.25,11662353
2016-04-27 00:00:00,113.0,114.25,112.5,113.0,297138
2016-04-26 00:00:00,113.5,114.25,110.0,110.5,593723
2016-04-25 00:00:00,111.25,111.25,107.5,109.25,39199
2016-04-22 00:00:00,109.0,110.75,108.25,109.0,41196
2016-04-21 00:00:00,109.75,110.25,109.0,109.0,40827
2016-04-20 00:00:00,109.5,111.25,109.5,110.5,84386
2016-04-19 00:00:00,110.0,110.75,109.25,110.0,414615
2016-04-18 00:00:00,109.5,110.75,105.0,110.0,63835
2016-04-15 00:00:00,110.5,111.75,109.75,110.0,2074078
2016-04-14 00:00:00,110.25,111.75,110.0,110.25,133971
2016-04-13 00:00:00,110.25,112.0,110.25,111.0,12993
2016-04-12 00:00:00,111.0,111.5,110.0,110.75,18172
2016-04-11 00:00:00,111.75,111.75,109.5,111.25,27298
2016-04-08 00:00:00,112.0,113.5,108.0,112.0,15256
2016-04-07 00:00:00,112.0,112.25,110.75,112.0,16451
2016-04-06 00:00:00,113.0,113.5,109.75,112.0,104578
2016-04-05 00:00:00,112.0,113.0,111.5,112.5,32483
2016-04-04 00:00:00,113.75,116.25,112.75,113.0,38301
2016-04-01 00:00:00,112.0,114.0,110.75,113.75,82342
2016-03-31 00:00:00,110.75,112.0,110.5,112.0,38020
2016-03-30 00:00:00,113.0,113.0,110.5,110.75,102430
2016-03-29 00:00:00,111.0,111.0,109.0,110.0,39800
2016-03-28 00:00:00,110.25,112.25,111.0,111.0,115967
2016-03-25 00:00:00,110.25,112.25,110.25,111.0,115967
2016-03-24 00:00:00,110.25,112.25,110.25,111.0,115967
2016-03-23 00:00:00,111.0,111.75,110.5,111.25,83198
2016-03-22 00:00:00,111.5,111.5,109.75,111.25,29814
2016-03-21 00:00:00,112.25,113.25,110.5,111.75,118486
2016-03-18 00:00:00,111.75,112.5,110.75,112.25,245988
2016-03-17 00:00:00,111.0,112.75,111.0,111.25,226589
2016-03-16 00:00:00,110.0,111.75,110.0,110.75,125225
2016-03-15 00:00:00,110.0,111.0,109.25,110.25,160890
2016-03-14 00:00:00,108.0,110.25,108.0,110.0,128716
2016-03-11 00:00:00,106.25,108.0,106.25,107.75,152709
2016-03-10 00:00:00,108.0,108.0,105.75,105.75,90044
2016-03-09 00:00:00,107.25,108.0,107.0,107.25,96549
2016-03-08 00:00:00,108.0,108.5,107.25,107.5,30535
2016-03-07 00:00:00,107.75,109.0,107.75,108.75,56957
2016-03-04 00:00:00,108.0,109.75,107.25,108.75,334867
2016-03-03 00:00:00,107.5,107.75,107.25,107.5,58322
2016-03-02 00:00:00,107.5,108.25,105.75,108.0,184069
2016-03-01 00:00:00,106.75,107.75,106.0,107.5,113264
2016-02-29 00:00:00,106.0,106.75,105.25,106.0,374266
2016-02-26 00:00:00,107.5,107.5,105.75,106.5,262878
2016-02-25 00:00:00,105.0,106.25,105.0,106.0,238856
2016-02-24 00:00:00,106.0,106.25,104.0,105.0,391126
2016-02-23 00:00:00,106.0,106.75,105.5,106.0,21024241
2016-02-22 00:00:00,112.0,113.5,109.0,110.0,241146
2016-02-19 00:00:00,111.75,112.0,108.25,111.75,147351
2016-02-18 00:00:00,108.0,110.25,105.5,110.0,67753
2016-02-17 00:00:00,106.0,107.25,104.75,106.0,74242
2016-02-16 00:00:00,104.5,105.75,101.5,104.75,136021
2016-02-15 00:00:00,103.5,105.25,101.0,102.5,168324
2016-02-12 00:00:00,98.5,98.75,96.25,97.75,89047
2016-02-11 00:00:00,100.5,100.5,96.5,97.5,48164
2016-02-10 00:00:00,100.75,104.25,100.0,100.5,114731
2016-02-09 00:00:00,99.25,100.0,96.75,100.0,169610
2016-02-08 00:00:00,103.75,104.25,97.0,99.0,86046
2016-02-05 00:00:00,105.0,106.25,104.75,104.75,69908
2016-02-04 00:00:00,108.0,108.0,104.75,105.0,56696
2016-02-03 00:00:00,108.25,108.25,105.25,105.5,88102
2016-02-02 00:00:00,105.0,106.25,103.75,106.25,50690
2016-02-01 00:00:00,102.75,106.0,102.5,105.75,64679
2016-01-29 00:00:00,102.5,103.0,101.5,102.0,163776
2016-01-28 00:00:00,107.25,108.25,102.25,102.5,115395
2016-01-27 00:00:00,105.75,106.25,104.25,105.0,23428
2016-01-26 00:00:00,103.25,105.5,102.75,104.75,55807
2016-01-25 00:00:00,104.0,107.5,103.5,104.25,92302
2016-01-22 00:00:00,105.5,107.0,103.75,107.0,38524
2016-01-21 00:00:00,103.25,105.0,101.75,102.25,79336
2016-01-20 00:00:00,106.25,109.0,104.25,104.5,24931
2016-01-19 00:00:00,110.0,110.25,108.25,108.5,49472
2016-01-18 00:00:00,108.0,109.75,107.75,107.75,151875
2016-01-15 00:00:00,112.0,114.5,108.25,109.0,145835
2016-01-14 00:00:00,111.25,114.0,111.25,112.5,565399
2016-01-13 00:00:00,112.75,114.75,110.5,114.75,124773
2016-01-12 00:00:00,107.75,111.0,106.0,110.0,1131302
2016-01-11 00:00:00,109.0,109.5,106.25,106.75,82686
2016-01-08 00:00:00,108.75,111.25,108.75,109.0,139647
2016-01-07 00:00:00,115.25,115.25,108.5,108.75,99365
2016-01-06 00:00:00,,114.5,114.5,114.5,0
2016-01-05 00:00:00,114.0,115.0,113.5,114.5,88989
2016-01-04 00:00:00,114.0,115.75,112.0,114.25,107201
2016-01-01 00:00:00,,115.75,115.75,115.75,0
2015-12-31 00:00:00,,115.75,115.75,115.75,0
2015-12-30 00:00:00,115.5,117.0,115.5,115.75,33802
2015-12-29 00:00:00,114.5,116.25,114.0,115.75,47958
2015-12-28 00:00:00,114.0,115.0,113.25,114.0,15441
2015-12-25 00:00:00,113.75,114.25,113.0,114.0,23411
2015-12-24 00:00:00,113.75,114.25,113.0,114.0,23411
2015-12-23 00:00:00,113.75,114.25,113.0,114.0,23411
2015-12-22 00:00:00,113.0,114.5,112.25,113.5,51846
2015-12-21 00:00:00,110.5,113.5,109.5,113.0,63578
2015-12-18 00:00:00,110.0,110.5,110.0,110.5,27998
2015-12-17 00:00:00,110.25,111.0,110.0,110.0,125795
2015-12-16 00:00:00,110.25,110.5,110.0,110.0,49316
2015-12-15 00:00:00,110.75,110.75,110.0,110.0,58403
2015-12-14 00:00:00,110.5,110.5,108.5,110.5,101738
2015-12-11 00:00:00,111.0,111.5,109.5,110.25,123814
2015-12-10 00:00:00,110.0,111.25,109.0,111.0,81848
2015-12-09 00:00:00,113.5,113.5,110.0,111.0,78822
2015-12-08 00:00:00,112.5,113.75,112.0,113.25,147378
2015-12-07 00:00:00,114.25,114.25,112.0,112.5,62592
2015-12-04 00:00:00,110.5,113.0,110.5,112.75,28863
2015-12-03 00:00:00,112.25,114.5,111.0,112.25,160430
2015-12-02 00:00:00,117.0,117.0,112.75,113.75,126482
2015-12-01 00:00:00,117.0,118.5,116.0,117.25,143537
2015-11-30 00:00:00,114.5,116.75,114.0,116.75,269826
2015-11-27 00:00:00,115.0,115.0,113.5,114.5,55641
2015-11-26 00:00:00,115.0,116.5,113.0,115.0,169104
2015-11-25 00:00:00,112.0,115.0,111.25,115.0,1283241
2015-11-24 00:00:00,112.25,112.25,110.0,112.0,514493
2015-11-23 00:00:00,111.25,112.0,109.25,112.0,338454
2015-11-20 00:00:00,111.25,111.25,109.5,111.0,148574
2015-11-19 00:00:00,109.25,111.5,108.75,111.25,732200
2015-11-18 00:00:00,105.75,109.0,105.75,109.0,209756
2015-11-17 00:00:00,105.0,107.0,104.5,106.0,16354604
2015-11-16 00:00:00,108.25,110.0,105.0,109.75,35868
2015-11-13 00:00:00,111.75,111.75,108.0,108.75,28870
2015-11-12 00:00:00,111.75,113.75,110.25,111.75,35454
2015-11-11 00:00:00,110.25,116.5,110.25,111.75,62795
2015-11-10 00:00:00,111.0,112.75,109.5,110.25,349659
2015-11-09 00:00:00,111.0,113.0,110.25,111.0,60541
2015-11-06 00:00:00,109.25,111.0,109.0,110.0,33499
2015-11-05 00:00:00,107.0,110.75,107.0,109.25,55578
2015-11-04 00:00:00,110.0,113.5,108.25,108.25,89000
2015-11-03 00:00:00,104.0,107.75,104.0,107.0,44220
2015-11-02 00:00:00,106.0,106.0,103.5,104.0,7945
2015-10-30 00:00:00,106.0,106.75,103.75,106.0,10200
2015-10-29 00:00:00,104.5,105.5,103.75,105.5,40633
2015-10-28 00:00:00,104.5,106.5,103.5,104.5,29901
2015-10-27 00:00:00,106.0,107.5,104.5,106.0,38430
2015-10-26 00:00:00,105.75,107.25,102.25,106.25,60046
2015-10-23 00:00:00,104.75,107.5,104.75,106.25,111962
2015-10-22 00:00:00,110.0,110.0,104.75,108.0,192671
2015-10-21 00:00:00,108.5,109.25,107.0,109.0,82555
2015-10-20 00:00:00,101.0,108.5,101.0,107.25,45488
2015-10-19 00:00:00,103.25,106.0,102.75,105.25,70453
2015-10-16 00:00:00,102.0,103.0,101.0,103.0,27670
2015-10-15 00:00:00,101.5,102.25,101.0,102.25,20071
2015-10-14 00:00:00,97.0,101.75,97.0,101.5,8643
2015-10-13 00:00:00,101.75,102.25,100.75,102.25,51503
2015-10-12 00:00:00,100.75,101.5,98.75,101.5,17991
2015-10-09 00:00:00,100.5,102.0,99.0,100.25,24647
2015-10-08 00:00:00,97.75,99.5,97.75,98.5,233861
2015-10-07 00:00:00,101.5,101.5,98.5,98.5,85809
2015-10-06 00:00:00,99.75,101.5,97.0,101.5,245584
2015-10-05 00:00:00,97.75,98.5,94.0,97.75,20983
2015-10-02 00:00:00,93.75,96.75,93.75,95.25,23903
2015-10-01 00:00:00,95.25,96.75,94.75,95.75,75585
2015-09-30 00:00:00,94.0,96.5,92.0,96.0,67543
2015-09-29 00:00:00,94.0,95.5,91.75,93.5,47636
2015-09-28 00:00:00,93.5,98.25,93.5,95.5,291013
2015-09-25 00:00:00,96.25,98.25,95.0,97.25,31396
2015-09-24 00:00:00,96.5,98.5,93.5,95.5,48776
2015-09-23 00:00:00,96.75,99.25,96.75,98.75,17912
2015-09-22 00:00:00,100.25,100.5,96.75,97.75,27113
2015-09-21 00:00:00,103.0,103.0,100.0,100.25,33404
2015-09-18 00:00:00,100.25,105.0,98.75,103.5,46312
2015-09-17 00:00:00,100.0,100.5,98.75,100.25,15229
2015-09-16 00:00:00,99.75,100.5,97.0,99.25,36091
2015-09-15 00:00:00,100.25,101.0,98.0,98.25,15322
2015-09-14 00:00:00,102.75,103.25,100.75,100.75,21266
2015-09-11 00:00:00,102.75,103.75,100.0,102.75,16742
2015-09-10 00:00:00,102.25,102.75,101.25,102.5,20117
2015-09-09 00:00:00,104.5,104.75,101.5,102.25,200863
2015-09-08 00:00:00,100.5,103.75,100.5,102.5,128788
2015-09-07 00:00:00,102.0,102.5,99.5,100.75,174702
2015-09-04 00:00:00,104.0,104.0,100.25,101.75,108049
2015-09-03 00:00:00,103.75,103.75,100.5,103.75,88293
2015-09-02 00:00:00,102.0,103.25,100.5,102.0,136585
2015-09-01 00:00:00,101.0,101.25,94.5,98.0,49186
2015-08-31 00:00:00,97.0,103.25,95.5,101.5,186613
2015-08-28 00:00:00,98.75,98.75,97.0,97.5,23585
2015-08-27 00:00:00,98.5,98.5,95.0,96.5,75220
2015-08-26 00:00:00,96.75,98.0,95.25,96.0,33229
2015-08-25 00:00:00,95.5,100.0,95.25,99.0,58543
2015-08-24 00:00:00,98.0,98.0,91.5,95.5,201878
2015-08-21 00:00:00,100.75,101.0,97.25,100.25,38368
2015-08-20 00:00:00,103.0,103.0,100.75,102.0,9703
2015-08-19 00:00:00,101.0,103.25,100.75,102.0,43513
2015-08-18 00:00:00,101.5,102.5,100.75,100.75,18511
2015-08-17 00:00:00,104.0,104.25,101.5,103.0,11796
2015-08-14 00:00:00,100.5,104.0,100.5,104.0,17751
2015-08-13 00:00:00,102.5,102.5,100.5,100.5,11322
2015-08-12 00:00:00,101.25,103.75,101.25,102.25,226681
2015-08-11 00:00:00,102.0,104.0,100.5,104.0,89598
2015-08-10 00:00:00,102.75,103.75,102.25,102.5,3334
2015-08-07 00:00:00,103.25,104.25,103.0,104.0,19353
2015-08-06 00:00:00,104.0,104.75,101.25,104.5,29862
2015-08-05 00:00:00,103.0,105.0,101.75,103.5,49730
2015-08-04 00:00:00,102.25,103.0,101.75,103.0,23767
2015-08-03 00:00:00,103.0,103.0,100.5,100.5,12398
2015-07-31 00:00:00,103.0,103.0,101.5,103.0,18254
2015-07-30 00:00:00,106.5,107.0,103.0,103.0,23273
2015-07-29 00:00:00,103.0,106.75,103.0,106.75,20484
2015-07-28 00:00:00,100.75,103.0,100.25,102.0,567718
2015-07-27 00:00:00,104.5,104.5,100.75,100.75,389010
2015-07-24 00:00:00,104.5,104.5,102.5,104.0,16328
2015-07-23 00:00:00,103.5,104.75,103.0,104.25,68187
2015-07-22 00:00:00,113.25,113.25,103.0,103.0,284216
2015-07-21 00:00:00,114.0,114.0,103.5,110.0,134318
2015-07-20 00:00:00,106.5,106.5,103.75,105.75,39027
2015-07-17 00:00:00,103.0,103.0,102.0,103.0,48368
2015-07-16 00:00:00,99.75,103.25,99.75,103.0,24801
2015-07-15 00:00:00,102.25,104.75,101.5,102.5,43744
2015-07-14 00:00:00,102.5,102.5,101.5,102.5,63717
2015-07-13 00:00:00,100.25,105.0,100.25,102.5,59782
2015-07-10 00:00:00,99.25,100.0,99.0,100.0,612104
2015-07-09 00:00:00,98.25,100.0,98.25,99.0,25966
2015-07-08 00:00:00,98.75,100.0,98.25,98.5,64894
2015-07-07 00:00:00,98.25,100.0,98.0,100.0,82345
2015-07-06 00:00:00,99.25,100.0,97.75,98.25,13675
2015-07-03 00:00:00,99.25,99.5,98.5,99.5,7008
2015-07-02 00:00:00,102.0,102.0,98.25,99.75,22221
2015-07-01 00:00:00,100.25,103.0,100.25,101.75,17944
2015-06-30 00:00:00,100.0,102.5,100.0,100.75,199485
2015-06-29 00:00:00,99.75,102.5,99.0,101.0,31370
2015-06-26 00:00:00,101.5,103.75,101.5,102.75,60528
2015-06-25 00:00:00,100.5,105.5,100.5,103.5,91059
2015-06-24 00:00:00,98.0,101.75,97.5,100.5,426346
2015-06-23 00:00:00,95.0,97.5,95.0,97.5,302265
2015-06-22 00:00:00,95.5,97.0,95.25,95.75,156477
2015-06-19 00:00:00,,95.5,95.5,95.5,0
2015-06-18 00:00:00,96.75,96.75,93.5,95.5,578377
2015-06-17 00:00:00,95.0,97.0,94.25,95.5,159436
2015-06-16 00:00:00,97.0,97.5,94.75,96.5,49770
2015-06-15 00:00:00,98.5,98.5,97.0,97.0,84152
2015-06-12 00:00:00,98.0,98.5,97.5,98.5,225612
2015-06-11 00:00:00,98.0,98.0,97.5,98.0,402656
2015-06-10 00:00:00,97.75,98.25,96.25,98.0,21073195
2015-06-09 00:00:00,99.75,101.0,98.0,100.75,276083
2015-06-08 00:00:00,100.0,101.0,99.75,100.0,26962
2015-06-05 00:00:00,100.0,103.5,100.0,103.5,9642
2015-06-04 00:00:00,99.75,101.25,96.75,101.0,376798
2015-06-03 00:00:00,101.0,102.75,99.75,99.75,21450
2015-06-02 00:00:00,101.0,103.5,100.25,102.0,13063
2015-06-01 00:00:00,103.0,104.75,100.25,102.75,221975
2015-05-29 00:00:00,105.75,106.0,102.75,102.75,362683
2015-05-28 00:00:00,107.0,107.25,105.25,105.75,29954
2015-05-27 00:00:00,104.25,107.5,104.25,107.0,88521
2015-05-26 00:00:00,106.0,106.75,104.0,104.0,20277
2015-05-25 00:00:00,105.25,107.25,105.25,107.0,8388
2015-05-22 00:00:00,108.0,109.25,105.25,105.25,36934
2015-05-21 00:00:00,109.75,109.75,107.75,108.0,31341
2015-05-20 00:00:00,111.25,111.5,108.5,109.75,25473
2015-05-19 00:00:00,108.0,110.0,107.25,110.0,28851
2015-05-18 00:00:00,110.0,112.0,107.5,108.0,60761
2015-05-15 00:00:00,107.75,110.0,105.5,109.0,151973
2015-05-14 00:00:00,104.25,110.0,104.0,108.0,44677
2015-05-13 00:00:00,104.25,110.0,104.0,108.0,44677
2015-05-12 00:00:00,100.25,104.5,100.0,104.25,705744
2015-05-11 00:00:00,102.75,103.5,99.25,101.75,156610
2015-05-08 00:00:00,96.25,103.25,96.25,103.25,292819
2015-05-07 00:00:00,99.0,99.0,94.0,98.5,19997
2015-05-06 00:00:00,98.25,100.25,96.25,99.0,70083
2015-05-05 00:00:00,98.0,99.0,97.5,98.0,84514
2015-05-04 00:00:00,96.5,101.75,96.5,96.5,35581
2015-05-01 00:00:00,95.5,98.0,94.5,95.0,63905
2015-04-30 00:00:00,95.5,98.0,94.5,95.0,63905
2015-04-29 00:00:00,93.75,101.5,92.0,98.0,986653
2015-04-28 00:00:00,91.5,93.5,91.5,93.5,9395
2015-04-27 00:00:00,91.5,93.75,91.5,92.25,13542
2015-04-24 00:00:00,92.0,93.5,92.0,92.25,3870
2015-04-23 00:00:00,92.0,93.75,91.75,91.75,58184
2015-04-22 00:00:00,92.0,93.5,92.0,92.0,4125
2015-04-21 00:00:00,92.5,93.75,91.5,92.0,57398
2015-04-20 00:00:00,93.25,93.5,91.0,91.25,73952
2015-04-17 00:00:00,92.75,93.5,91.75,93.25,25068
2015-04-16 00:00:00,94.5,95.0,92.0,92.5,411613
2015-04-15 00:00:00,92.5,94.0,91.75,94.0,328673
2015-04-14 00:00:00,93.0,93.0,91.5,92.5,11654
2015-04-13 00:00:00,94.0,94.0,91.25,92.75,61903
2015-04-10 00:00:00,92.5,93.75,91.0,93.75,13141
2015-04-09 00:00:00,91.5,93.25,91.5,92.5,14445
2015-04-08 00:00:00,91.5,94.0,91.5,91.75,29733
2015-04-07 00:00:00,91.75,93.0,91.5,91.75,6062
2015-04-02 00:00:00,92.0,92.75,91.0,91.75,19552
2015-04-01 00:00:00,93.0,93.0,91.0,91.25,20151
2015-03-31 00:00:00,94.75,95.0,92.5,92.5,14773
2015-03-30 00:00:00,93.0,94.0,92.0,92.25,53706
2015-03-27 00:00:00,92.5,93.5,91.25,92.5,76747
2015-03-26 00:00:00,92.75,94.0,92.25,92.5,49207
2015-03-25 00:00:00,92.75,94.0,92.75,94.0,788737
2015-03-24 00:00:00,94.0,95.75,92.25,93.75,6907
2015-03-23 00:00:00,96.0,96.0,93.5,93.5,15353
2015-03-20 00:00:00,95.0,96.0,93.25,96.0,123176
2015-03-19 00:00:00,95.0,97.0,95.0,95.5,46252
2015-03-18 00:00:00,94.25,96.0,94.25,96.0,703791
2015-03-17 00:00:00,95.75,95.75,93.5,94.5,7480
2015-03-16 00:00:00,93.25,96.0,93.0,95.75,48020
2015-03-13 00:00:00,94.0,94.0,93.0,93.5,102522
2015-03-12 00:00:00,95.0,95.0,92.75,93.75,3670
2015-03-11 00:00:00,94.25,95.0,92.75,95.0,7370
2015-03-10 00:00:00,94.5,94.5,91.75,94.5,9642
2015-03-09 00:00:00,94.0,96.25,92.0,94.25,14468
2015-03-06 00:00:00,96.0,96.75,93.25,94.5,29802
2015-03-05 00:00:00,90.0,96.5,90.0,96.0,510952
2015-03-04 00:00:00,92.5,92.5,88.0,91.0,17368
2015-03-03 00:00:00,95.5,95.5,91.75,91.75,28473
2015-03-02 00:00:00,96.0,96.0,94.0,94.0,35995
2015-02-27 00:00:00,95.5,95.75,94.0,94.0,5659
2015-02-26 00:00:00,95.25,95.25,94.0,95.0,6960
2015-02-25 00:00:00,92.75,94.0,92.75,93.5,121892
2015-02-24 00:00:00,93.0,93.0,90.75,93.0,12306
2015-02-23 00:00:00,91.5,93.25,88.75,93.0,48137
2015-02-20 00:00:00,90.25,93.25,90.25,91.5,12890
2015-02-19 00:00:00,94.75,94.75,91.5,93.0,151044
2015-02-18 00:00:00,93.0,95.0,93.0,95.0,71639
2015-02-17 00:00:00,92.5,93.5,90.75,92.0,103155
2015-02-16 00:00:00,94.0,94.0,91.25,91.75,16896
2015-02-13 00:00:00,92.5,94.0,88.25,94.0,148774
2015-02-12 00:00:00,90.0,93.5,85.25,92.0,330824
2015-02-11 00:00:00,92.5,96.0,92.0,94.0,61057
2015-02-10 00:00:00,90.75,92.5,88.25,92.5,116507
2015-02-09 00:00:00,94.75,94.75,90.25,90.25,16172
2015-02-06 00:00:00,94.0,94.0,92.25,92.75,53341
2015-02-05 00:00:00,95.0,95.0,90.25,94.0,38198
2015-02-04 00:00:00,92.5,97.25,92.0,92.5,49457
2015-02-03 00:00:00,91.75,93.0,90.75,92.0,18853
2015-02-02 00:00:00,91.5,92.0,90.0,90.0,10283
2015-01-30 00:00:00,91.5,91.5,88.25,91.5,41649
2015-01-29 00:00:00,90.0,91.0,89.5,90.5,175081
2015-01-28 00:00:00,88.5,90.0,87.75,90.0,175157
2015-01-27 00:00:00,90.0,90.0,88.0,88.0,62382
2015-01-26 00:00:00,88.0,89.0,88.0,89.0,30084
2015-01-23 00:00:00,86.5,88.5,86.5,87.5,184859
2015-01-22 00:00:00,87.5,88.0,86.0,86.5,140500
2015-01-21 00:00:00,87.25,87.5,85.5,87.5,29997
2015-01-20 00:00:00,85.75,87.75,85.5,87.0,39811
2015-01-19 00:00:00,88.0,88.0,85.75,85.75,9071
2015-01-16 00:00:00,87.75,87.75,86.5,87.0,2619
2015-01-15 00:00:00,86.0,88.0,85.0,88.0,37258
2015-01-14 00:00:00,88.0,88.0,86.75,87.0,5062
2015-01-13 00:00:00,88.5,88.5,86.0,88.0,134390
2015-01-12 00:00:00,85.0,88.0,85.0,88.0,41848
2015-01-09 00:00:00,86.5,87.5,85.0,85.0,278405
2015-01-08 00:00:00,89.0,89.0,85.5,86.0,111147
2015-01-07 00:00:00,90.0,90.0,85.5,87.0,276818
2015-01-06 00:00:00,,90.0,90.0,90.0,0
2015-01-05 00:00:00,87.75,90.0,87.75,90.0,5093
2015-01-02 00:00:00,90.0,91.0,87.75,87.75,7887
2015-01-01 00:00:00,89.0,90.0,88.0,89.5,50874
2014-12-30 00:00:00,89.0,90.0,88.0,89.5,50874
2014-12-29 00:00:00,88.75,90.0,85.25,89.0,19386
2014-12-23 00:00:00,88.5,93.75,85.5,89.0,39139
2014-12-22 00:00:00,85.75,88.5,83.25,88.5,59412
2014-12-19 00:00:00,85.0,86.0,85.0,85.0,59239
2014-12-18 00:00:00,84.0,86.0,81.75,86.0,376321
2014-12-17 00:00:00,81.75,84.0,80.0,82.75,11352
2014-12-16 00:00:00,83.25,83.75,80.75,83.75,30233
2014-12-15 00:00:00,85.0,85.0,83.25,83.25,30684
2014-12-12 00:00:00,85.25,88.0,82.75,85.0,115470
2014-12-11 00:00:00,84.25,85.25,83.75,84.75,38763
2014-12-10 00:00:00,82.0,85.0,82.0,84.25,217237
2014-12-09 00:00:00,84.25,84.25,83.0,83.0,78168
2014-12-08 00:00:00,84.5,84.75,84.0,84.5,573998
2014-12-05 00:00:00,83.0,85.0,82.0,84.0,112003
2014-12-04 00:00:00,84.5,84.5,82.75,83.75,75879
2014-12-03 00:00:00,83.75,84.25,82.5,84.0,307367
2014-12-02 00:00:00,85.5,85.5,82.0,83.5,479859
2014-12-01 00:00:00,80.0,85.5,79.0,85.5,952841
2014-11-28 00:00:00,78.0,80.25,75.5,79.75,226055
2014-11-27 00:00:00,78.75,79.25,76.5,78.0,672999
2014-11-26 00:00:00,80.0,81.5,75.0,78.0,6230228
