Dates,Open,High,Low,Close,Volume
2017-09-08 00:00:00,28.3,28.3,27.8,27.9,55508
2017-09-07 00:00:00,27.8,28.3,27.8,28.3,69236
2017-09-06 00:00:00,27.9,28.0,27.5,27.8,123816
2017-09-04 00:00:00,27.6,28.6,27.6,28.5,50577
2017-09-01 00:00:00,28.9,28.9,28.5,28.9,87377
2017-08-31 00:00:00,28.2,28.7,28.2,28.4,109748
2017-08-30 00:00:00,27.9,28.3,27.7,28.1,169519
2017-08-29 00:00:00,28.2,28.5,27.9,28.0,76799
2017-08-28 00:00:00,28.7,28.7,28.2,28.5,83265
2017-08-25 00:00:00,28.9,29.0,28.5,28.7,50393
2017-08-24 00:00:00,28.8,28.8,28.5,28.8,68132
2017-08-23 00:00:00,28.5,28.8,28.3,28.6,39702
2017-08-22 00:00:00,28.5,28.7,28.2,28.5,52727
2017-08-21 00:00:00,28.5,28.7,28.3,28.5,54721
2017-08-18 00:00:00,28.8,28.8,28.3,28.4,89964
2017-08-17 00:00:00,29.3,29.3,28.7,29.0,74919
2017-08-16 00:00:00,29.5,29.8,29.1,29.2,182834
2017-08-15 00:00:00,29.4,29.5,29.0,29.4,83481
2017-08-14 00:00:00,29.5,29.6,29.1,29.4,138440
2017-08-11 00:00:00,29.4,29.4,28.8,29.0,222201
2017-08-10 00:00:00,29.9,29.9,29.4,29.4,133265
2017-08-09 00:00:00,29.7,29.9,29.0,29.9,96610
2017-08-08 00:00:00,29.8,30.0,29.6,29.6,116063
2017-08-07 00:00:00,29.5,29.9,29.4,29.8,368709
2017-08-04 00:00:00,28.1,28.8,27.9,28.6,180987
2017-08-03 00:00:00,28.1,28.2,28.0,28.1,63029
2017-08-02 00:00:00,27.9,28.5,27.5,28.1,181709
2017-08-01 00:00:00,27.1,27.9,27.1,27.9,106694
2017-07-31 00:00:00,27.5,27.7,27.5,27.5,73026
2017-07-28 00:00:00,27.9,27.9,27.4,27.5,54304
2017-07-27 00:00:00,27.6,27.9,27.3,27.9,25999
2017-07-26 00:00:00,27.6,28.0,27.5,27.5,74122
2017-07-25 00:00:00,28.1,28.1,27.3,27.6,66830
2017-07-24 00:00:00,28.2,28.2,27.5,28.0,183903
2017-07-21 00:00:00,28.5,28.5,28.1,28.1,81358
2017-07-20 00:00:00,28.1,28.2,28.1,28.2,130862
2017-07-19 00:00:00,28.3,28.6,28.1,28.2,59026
2017-07-18 00:00:00,28.2,28.4,27.8,28.1,316587
2017-07-17 00:00:00,28.4,28.6,28.0,28.2,110787
2017-07-14 00:00:00,28.3,28.4,28.2,28.4,55328
2017-07-13 00:00:00,28.2,28.5,28.1,28.3,105610
2017-07-12 00:00:00,28.9,29.0,28.1,28.2,338144
2017-07-11 00:00:00,28.1,28.2,27.6,27.9,391720
2017-07-10 00:00:00,27.7,28.1,27.6,27.8,473587
2017-07-07 00:00:00,27.5,27.8,27.5,27.7,478545
2017-07-06 00:00:00,27.7,28.0,27.5,27.5,216729
2017-07-05 00:00:00,28.0,28.1,27.9,28.0,131150
2017-07-04 00:00:00,28.1,28.1,27.8,28.0,121658
2017-07-03 00:00:00,28.2,28.5,28.1,28.2,269163
2017-06-30 00:00:00,28.5,28.5,28.1,28.1,168796
2017-06-29 00:00:00,28.2,28.4,27.9,28.3,207865
2017-06-28 00:00:00,28.5,28.5,27.5,28.2,257002
2017-06-27 00:00:00,28.6,29.1,28.3,28.4,98974
2017-06-26 00:00:00,28.9,29.4,28.6,28.6,89713
2017-06-23 00:00:00,,28.9,28.9,28.9,0
2017-06-22 00:00:00,29.2,29.3,28.6,28.9,145230
2017-06-21 00:00:00,29.5,29.5,28.7,29.1,210033
2017-06-20 00:00:00,29.9,29.9,29.4,29.4,217415
2017-06-19 00:00:00,29.2,29.9,29.1,29.5,376537
2017-06-16 00:00:00,28.6,28.7,28.1,28.2,204721
2017-06-15 00:00:00,29.0,29.2,28.6,28.7,80393
2017-06-14 00:00:00,29.0,29.1,28.7,28.7,63732
2017-06-13 00:00:00,28.2,29.1,28.1,28.7,121828
2017-06-12 00:00:00,29.0,29.0,28.3,28.3,169612
2017-06-09 00:00:00,29.4,29.4,28.7,29.0,203225
2017-06-08 00:00:00,29.7,29.9,29.5,29.6,214492
2017-06-07 00:00:00,28.2,29.7,28.2,29.4,457015
2017-06-06 00:00:00,,27.8,27.8,27.8,0
2017-06-05 00:00:00,28.2,28.2,27.4,27.8,166494
2017-06-02 00:00:00,28.0,28.7,28.0,28.2,438776
2017-06-01 00:00:00,27.5,28.2,27.1,28.1,220609
2017-05-31 00:00:00,27.5,27.5,27.1,27.5,1181957
2017-05-30 00:00:00,26.7,27.4,26.6,27.1,269569
2017-05-29 00:00:00,27.0,27.1,26.6,26.6,75318
2017-05-26 00:00:00,26.8,27.0,26.6,26.8,237881
2017-05-24 00:00:00,26.8,27.0,26.6,26.8,522230
2017-05-23 00:00:00,26.3,26.6,25.9,26.6,165048
2017-05-22 00:00:00,26.4,26.6,26.0,26.3,77614
2017-05-19 00:00:00,25.9,26.5,25.9,26.4,53404
2017-05-18 00:00:00,26.3,26.5,25.5,25.9,145795
2017-05-17 00:00:00,26.1,26.9,25.7,26.6,373751
2017-05-16 00:00:00,25.8,26.0,25.7,26.0,312255
2017-05-15 00:00:00,25.6,25.9,25.6,25.6,62989
2017-05-12 00:00:00,25.8,25.6,25.6,25.6,62105
2017-05-11 00:00:00,25.8,25.9,25.1,25.6,78494
2017-05-10 00:00:00,25.6,25.9,25.4,25.7,35830
2017-05-09 00:00:00,25.5,25.6,25.3,25.5,106062
2017-05-08 00:00:00,25.1,25.5,25.1,25.4,96604
2017-05-05 00:00:00,25.3,25.3,25.0,25.2,33555
2017-05-04 00:00:00,25.0,25.3,24.9,25.3,95181
2017-05-03 00:00:00,25.3,25.4,24.9,25.3,172474
2017-05-02 00:00:00,24.8,25.3,24.5,25.3,682031
2017-05-01 00:00:00,,24.7,24.7,24.7,0
2017-04-28 00:00:00,24.6,25.0,24.5,24.7,146125
2017-04-27 00:00:00,24.3,24.5,24.1,24.5,209153
2017-04-26 00:00:00,24.7,24.7,24.2,24.3,122707
2017-04-25 00:00:00,24.3,25.2,24.2,24.6,311806
2017-04-24 00:00:00,24.3,24.5,24.1,24.1,128329
2017-04-21 00:00:00,24.3,24.3,24.0,24.0,114176
2017-04-20 00:00:00,24.3,24.5,24.1,24.2,174566
2017-04-19 00:00:00,24.0,24.4,23.8,24.3,215626
2017-04-18 00:00:00,24.1,24.2,23.7,24.0,65649
2017-04-13 00:00:00,24.2,24.3,23.9,24.1,14310
2017-04-12 00:00:00,24.0,24.3,24.0,24.1,45856
2017-04-11 00:00:00,24.3,24.3,24.0,24.2,36347
2017-04-10 00:00:00,24.0,24.6,23.6,24.4,204261
2017-04-07 00:00:00,24.3,24.3,23.8,24.0,71397
2017-04-06 00:00:00,24.6,24.6,24.2,24.5,60183
2017-04-05 00:00:00,23.9,24.7,23.7,24.6,113379
2017-04-04 00:00:00,24.2,24.2,23.5,23.7,99679
2017-04-03 00:00:00,23.6,23.9,23.4,23.7,299296
2017-03-31 00:00:00,23.4,23.8,23.2,23.6,154525
2017-03-30 00:00:00,23.7,23.7,23.1,23.2,367626
2017-03-29 00:00:00,23.6,23.7,23.3,23.4,147687
2017-03-28 00:00:00,23.7,24.2,23.0,23.3,207471
2017-03-27 00:00:00,24.6,24.8,23.7,23.7,346328
2017-03-24 00:00:00,24.6,24.6,24.0,24.3,421519
2017-03-23 00:00:00,24.5,24.7,24.4,24.5,260380
2017-03-22 00:00:00,25.0,25.0,24.3,24.5,117694
2017-03-21 00:00:00,24.5,25.0,24.5,25.0,383603
2017-03-20 00:00:00,24.8,24.9,24.0,24.7,1309619
2017-03-17 00:00:00,24.8,24.9,24.6,24.8,76263
2017-03-16 00:00:00,23.8,24.9,23.8,24.3,313551
2017-03-15 00:00:00,23.6,23.6,23.1,23.3,191291
2017-03-14 00:00:00,23.8,24.0,23.2,23.7,159188
2017-03-13 00:00:00,24.2,24.3,23.7,23.8,155837
2017-03-10 00:00:00,24.1,24.2,24.2,24.2,55052
2017-03-09 00:00:00,24.5,24.5,23.9,24.1,90544
2017-03-08 00:00:00,24.5,24.7,24.4,24.5,413432
2017-03-07 00:00:00,24.9,24.9,24.5,24.5,204341
2017-03-06 00:00:00,25.2,25.2,24.8,24.8,87306
2017-03-03 00:00:00,24.9,25.2,25.2,25.2,106117
2017-03-02 00:00:00,25.0,25.1,24.8,24.9,96438
2017-03-01 00:00:00,25.2,25.5,24.7,25.0,67687
2017-02-28 00:00:00,25.0,25.2,24.8,25.2,81400
2017-02-27 00:00:00,25.1,25.2,24.6,25.0,221654
2017-02-24 00:00:00,24.9,25.0,24.7,24.9,75846
2017-02-23 00:00:00,24.8,25.0,24.6,24.9,63976
2017-02-22 00:00:00,25.1,25.3,24.7,24.8,131401
2017-02-21 00:00:00,24.9,25.4,24.9,25.2,164469
2017-02-20 00:00:00,24.7,25.1,24.6,25.1,405424
2017-02-17 00:00:00,25.9,25.9,24.6,24.7,280187
2017-02-16 00:00:00,26.0,26.0,25.5,25.6,321295
2017-02-15 00:00:00,26.0,26.0,25.5,25.8,155319
2017-02-14 00:00:00,25.0,25.9,25.0,25.8,200950
2017-02-13 00:00:00,24.8,25.3,24.6,25.0,240660
2017-02-10 00:00:00,24.2,24.8,24.2,24.6,185257
2017-02-09 00:00:00,24.4,24.6,24.3,24.5,111070
2017-02-08 00:00:00,24.4,24.5,24.2,24.4,110476
2017-02-07 00:00:00,24.0,24.4,24.0,24.4,96607
2017-02-06 00:00:00,24.1,24.1,23.8,24.0,190093
2017-02-03 00:00:00,23.0,24.3,23.0,24.0,148074
2017-02-02 00:00:00,23.0,23.6,23.0,23.5,162449
2017-02-01 00:00:00,22.9,23.1,22.5,23.0,157406
2017-01-31 00:00:00,22.6,23.0,22.4,22.5,225679
2017-01-30 00:00:00,23.0,23.0,22.6,22.6,76388
2017-01-27 00:00:00,22.8,22.9,22.7,22.8,63103
2017-01-26 00:00:00,22.6,23.0,22.3,22.7,150952
2017-01-25 00:00:00,22.5,22.7,22.3,22.3,218528
2017-01-24 00:00:00,22.5,22.8,22.3,22.4,76739
2017-01-23 00:00:00,22.6,22.9,22.5,22.8,145060
2017-01-20 00:00:00,23.0,23.0,22.5,22.6,65511
2017-01-19 00:00:00,23.1,23.2,22.5,22.5,318791
2017-01-18 00:00:00,23.1,23.5,23.1,23.1,59502
2017-01-17 00:00:00,23.1,23.4,22.5,23.1,92921
2017-01-16 00:00:00,23.7,23.7,23.0,23.1,90429
2017-01-13 00:00:00,23.3,23.6,23.3,23.4,77866
2017-01-12 00:00:00,23.9,23.9,23.0,23.0,178404
2017-01-11 00:00:00,23.9,24.6,23.3,23.7,345717
2017-01-10 00:00:00,22.5,23.9,22.4,23.8,560542
2017-01-09 00:00:00,21.8,22.4,21.7,22.3,169215
2017-01-06 00:00:00,,21.8,21.8,21.8,0
2017-01-05 00:00:00,22.2,22.2,21.7,21.8,63983
2017-01-04 00:00:00,22.2,22.2,22.0,22.2,83626
2017-01-03 00:00:00,22.3,22.4,22.0,22.0,255861
2017-01-02 00:00:00,22.5,22.5,21.9,22.4,184226
2016-12-30 00:00:00,21.9,22.4,21.7,22.4,140000
2016-12-29 00:00:00,22.0,22.0,21.8,22.0,106363
2016-12-28 00:00:00,21.9,22.0,21.7,22.0,130938
2016-12-27 00:00:00,22.1,22.1,21.7,21.9,94329
2016-12-23 00:00:00,22.4,22.4,22.0,22.0,29339
2016-12-22 00:00:00,22.2,22.3,21.8,22.0,149584
2016-12-21 00:00:00,21.9,22.3,21.9,22.2,96908
2016-12-20 00:00:00,21.8,22.1,21.8,21.9,292874
2016-12-19 00:00:00,21.8,22.0,21.5,21.9,195965
2016-12-16 00:00:00,22.0,22.0,21.8,21.8,113504
2016-12-15 00:00:00,22.0,22.1,21.7,21.9,98064
2016-12-14 00:00:00,22.3,22.3,21.8,22.0,70124
2016-12-13 00:00:00,22.1,22.4,21.9,22.2,194301
2016-12-12 00:00:00,22.0,22.0,21.7,21.9,146455
2016-12-09 00:00:00,21.6,22.2,21.6,22.0,198688
2016-12-08 00:00:00,22.1,22.5,21.8,21.8,173782
2016-12-07 00:00:00,22.4,22.6,22.0,22.1,118631
2016-12-06 00:00:00,22.5,22.6,22.1,22.5,96190
2016-12-05 00:00:00,22.3,22.6,22.0,22.5,154294
2016-12-02 00:00:00,22.3,22.4,22.0,22.4,96414
2016-12-01 00:00:00,22.5,22.5,21.8,22.1,136146
2016-11-30 00:00:00,22.4,22.5,21.8,22.3,268436
2016-11-29 00:00:00,22.4,22.7,22.3,22.4,275799
2016-11-28 00:00:00,22.4,22.6,22.0,22.3,128832
2016-11-25 00:00:00,22.6,22.7,22.3,22.3,66029
2016-11-24 00:00:00,23.0,23.0,22.5,22.6,81400
2016-11-23 00:00:00,22.5,22.8,22.3,22.6,637107
2016-11-22 00:00:00,22.6,22.6,21.8,22.4,65729
2016-11-21 00:00:00,22.5,22.6,22.3,22.3,129875
2016-11-18 00:00:00,22.5,22.5,22.1,22.2,159377
2016-11-17 00:00:00,21.5,22.8,21.3,21.9,403752
2016-11-16 00:00:00,21.2,21.8,21.2,21.5,174211
2016-11-15 00:00:00,20.8,21.3,20.7,21.2,129629
2016-11-14 00:00:00,21.7,21.7,20.7,20.7,226702
2016-11-11 00:00:00,21.8,22.1,21.3,21.4,192857
2016-11-10 00:00:00,21.7,22.8,21.6,21.7,453634
2016-11-09 00:00:00,20.4,21.6,20.3,21.6,247979
2016-11-08 00:00:00,21.6,22.0,21.5,21.7,88944
2016-11-07 00:00:00,21.1,21.8,21.1,21.6,175634
2016-11-04 00:00:00,21.9,22.1,21.1,21.1,118399
2016-11-03 00:00:00,21.8,22.2,21.6,21.6,178074
2016-11-02 00:00:00,21.5,21.8,21.0,21.7,388249
2016-11-01 00:00:00,22.5,22.5,21.6,21.9,247145
2016-10-31 00:00:00,22.6,22.8,22.0,22.3,281082
2016-10-28 00:00:00,21.9,22.5,21.8,22.4,309138
2016-10-27 00:00:00,21.5,22.0,21.2,21.8,331640
2016-10-26 00:00:00,21.5,22.0,20.7,21.4,505538
2016-10-25 00:00:00,21.3,21.6,20.0,21.3,496382
2016-10-24 00:00:00,21.2,21.6,20.9,21.2,308451
2016-10-21 00:00:00,21.4,21.6,20.9,21.2,609268
2016-10-20 00:00:00,22.0,22.0,21.1,21.3,311433
2016-10-19 00:00:00,22.0,22.0,21.3,22.0,228194
2016-10-18 00:00:00,21.5,22.1,21.2,21.8,193188
2016-10-17 00:00:00,22.0,22.2,21.3,21.5,269374
2016-10-14 00:00:00,21.7,22.4,21.6,21.9,264218
2016-10-13 00:00:00,21.7,21.8,21.5,21.7,342872
2016-10-12 00:00:00,21.2,21.7,20.7,21.7,538022
2016-10-11 00:00:00,22.1,22.1,21.2,21.7,944802
2016-10-10 00:00:00,22.7,22.7,21.6,22.3,481890
2016-10-07 00:00:00,22.8,23.2,22.2,22.7,363083
2016-10-06 00:00:00,24.0,24.2,22.7,23.2,422143
2016-10-05 00:00:00,24.8,24.8,24.3,24.3,164395
2016-10-04 00:00:00,25.2,25.4,24.8,24.8,120496
2016-10-03 00:00:00,24.6,25.4,24.6,25.4,204184
2016-09-30 00:00:00,24.6,24.8,24.2,24.5,169467
2016-09-29 00:00:00,24.8,25.0,24.3,24.7,210990
2016-09-28 00:00:00,23.9,25.0,23.7,24.7,479143
2016-09-27 00:00:00,22.9,23.3,22.5,23.2,188509
2016-09-26 00:00:00,24.0,24.0,22.9,23.0,551589
2016-09-23 00:00:00,24.1,24.2,23.5,23.8,330962
2016-09-22 00:00:00,24.1,24.1,23.9,24.1,188169
2016-09-21 00:00:00,24.1,24.2,24.0,24.1,293029
2016-09-20 00:00:00,24.3,24.3,23.9,24.1,354352
2016-09-19 00:00:00,24.2,24.7,24.2,24.2,302105
2016-09-16 00:00:00,24.2,24.3,24.0,24.2,395489
2016-09-15 00:00:00,24.1,24.2,24.0,24.1,518552
2016-09-14 00:00:00,24.0,24.4,23.9,24.1,3024522
2016-09-13 00:00:00,26.8,26.8,25.7,25.8,133696
2016-09-12 00:00:00,26.8,26.9,25.6,26.9,374885
2016-09-09 00:00:00,27.3,27.3,26.7,27.0,118293
2016-09-08 00:00:00,27.4,27.5,27.0,27.3,134061
2016-09-07 00:00:00,26.5,27.4,26.5,27.4,245303
2016-09-06 00:00:00,26.0,26.5,26.0,26.4,112132
2016-09-05 00:00:00,25.9,26.1,25.4,26.0,125533
2016-09-02 00:00:00,26.5,26.5,25.4,25.9,368023
2016-09-01 00:00:00,26.4,26.5,26.0,26.4,104669
2016-08-31 00:00:00,26.5,26.6,26.1,26.5,169695
2016-08-30 00:00:00,26.5,26.5,26.0,26.3,73467
2016-08-29 00:00:00,26.5,26.5,25.9,26.4,130747
2016-08-26 00:00:00,26.3,26.5,26.1,26.5,107798
2016-08-25 00:00:00,26.3,26.4,25.6,26.3,123938
2016-08-24 00:00:00,25.8,26.5,25.8,26.3,149323
2016-08-23 00:00:00,25.0,25.7,24.6,25.7,1276787
2016-08-22 00:00:00,26.0,26.0,24.1,24.9,511383
2016-08-19 00:00:00,27.1,27.1,25.5,26.0,295247
2016-08-18 00:00:00,27.0,27.0,26.7,26.8,128578
2016-08-17 00:00:00,27.7,27.7,26.2,26.8,272149
2016-08-16 00:00:00,27.7,27.7,27.1,27.6,217976
2016-08-15 00:00:00,27.4,27.6,27.0,27.3,376512
2016-08-12 00:00:00,27.7,27.7,26.5,27.4,240119
2016-08-11 00:00:00,27.2,27.7,26.7,27.4,260747
2016-08-10 00:00:00,28.0,28.0,27.1,27.3,339450
2016-08-09 00:00:00,28.6,28.7,27.1,28.0,293771
2016-08-08 00:00:00,29.0,29.0,28.0,28.3,301353
2016-08-05 00:00:00,28.1,28.7,27.7,28.4,147837
2016-08-04 00:00:00,26.8,28.1,26.8,27.5,196316
2016-08-03 00:00:00,27.9,28.0,26.5,26.8,357441
2016-08-02 00:00:00,29.5,29.5,26.8,27.9,556037
2016-08-01 00:00:00,29.4,29.8,29.0,29.4,339237
2016-07-29 00:00:00,28.0,29.7,28.0,28.9,693280
2016-07-28 00:00:00,26.3,27.8,25.8,27.3,452567
2016-07-27 00:00:00,25.9,26.5,25.6,25.9,238763
2016-07-26 00:00:00,25.8,26.8,25.4,25.4,280025
2016-07-25 00:00:00,24.3,25.5,24.1,25.3,111564
2016-07-22 00:00:00,24.8,25.0,23.7,24.1,169876
2016-07-21 00:00:00,23.0,25.0,23.0,24.8,662067
2016-07-20 00:00:00,22.3,23.1,22.3,22.9,126785
2016-07-19 00:00:00,22.0,22.5,21.7,22.3,270542
2016-07-18 00:00:00,21.6,22.1,21.6,21.8,137695
2016-07-15 00:00:00,22.2,22.4,21.5,21.7,185205
2016-07-14 00:00:00,21.5,22.9,21.4,22.5,330117
2016-07-13 00:00:00,19.8,20.0,19.4,20.0,181331
2016-07-12 00:00:00,19.1,19.5,18.9,19.4,153866
2016-07-11 00:00:00,19.0,19.2,18.9,19.1,121418
2016-07-08 00:00:00,18.9,19.0,18.8,18.8,64852
2016-07-07 00:00:00,18.9,19.0,18.6,18.9,105113
2016-07-06 00:00:00,18.9,18.9,18.5,18.8,78143
2016-07-05 00:00:00,19.4,19.4,18.8,18.9,59093
2016-07-04 00:00:00,19.1,19.4,18.9,19.2,61505
2016-07-01 00:00:00,19.4,19.5,19.0,19.1,143888
2016-06-30 00:00:00,18.9,19.3,18.6,19.1,108108
2016-06-29 00:00:00,18.1,18.6,18.1,18.2,58504
2016-06-28 00:00:00,17.8,18.3,17.7,18.0,117896
2016-06-27 00:00:00,17.0,17.8,16.6,17.6,144301
2016-06-24 00:00:00,,18.1,18.1,18.1,0
2016-06-23 00:00:00,18.2,18.2,17.6,18.1,33061
2016-06-22 00:00:00,18.0,18.4,17.7,18.2,85996
2016-06-21 00:00:00,18.0,18.2,17.4,18.1,81970
2016-06-20 00:00:00,17.6,18.0,17.5,17.8,82188
2016-06-17 00:00:00,17.3,17.7,17.3,17.5,29367
2016-06-16 00:00:00,17.8,17.8,17.3,17.4,91699
2016-06-15 00:00:00,17.5,18.0,17.5,17.8,44811
2016-06-14 00:00:00,18.1,18.1,17.3,17.7,157618
2016-06-13 00:00:00,18.4,18.5,17.3,18.5,272990
2016-06-10 00:00:00,19.0,19.0,18.4,18.7,250093
2016-06-09 00:00:00,19.0,19.1,18.6,19.0,93435
2016-06-08 00:00:00,19.2,19.4,18.3,18.7,273902
2016-06-07 00:00:00,19.1,19.4,18.6,19.1,124261
2016-06-06 00:00:00,,19.1,19.1,19.1,0
2016-06-03 00:00:00,19.0,19.2,18.7,19.1,66211
2016-06-02 00:00:00,18.5,19.5,17.7,18.8,418882
2016-06-01 00:00:00,19.1,19.8,18.5,18.7,301357
2016-05-31 00:00:00,19.8,19.8,19.1,19.1,199398
2016-05-30 00:00:00,19.8,19.8,19.5,19.6,132415
2016-05-27 00:00:00,19.5,19.5,19.0,19.5,66745
2016-05-26 00:00:00,19.0,19.4,18.8,19.4,94341
2016-05-25 00:00:00,19.0,19.4,18.7,18.8,254447
2016-05-24 00:00:00,18.5,18.6,18.2,18.6,117898
2016-05-23 00:00:00,17.6,18.5,17.5,18.3,235936
2016-05-20 00:00:00,17.6,17.8,17.5,17.5,19533
2016-05-19 00:00:00,18.0,18.0,17.5,17.6,102144
2016-05-18 00:00:00,18.1,18.1,17.7,17.9,28152
2016-05-17 00:00:00,17.6,18.2,17.6,18.1,166159
2016-05-16 00:00:00,18.0,18.0,17.1,17.6,177757
2016-05-13 00:00:00,18.5,18.5,17.8,17.9,430258
2016-05-12 00:00:00,18.3,18.6,17.7,18.2,217409
2016-05-11 00:00:00,17.9,18.4,17.9,18.3,80990
2016-05-10 00:00:00,18.5,18.5,18.0,18.0,25194
2016-05-09 00:00:00,18.4,18.5,18.0,18.1,62175
2016-05-06 00:00:00,18.3,18.6,18.1,18.4,54784
2016-05-05 00:00:00,18.0,18.3,18.0,18.1,40718
2016-05-04 00:00:00,18.0,18.3,18.0,18.1,40718
2016-05-03 00:00:00,18.5,18.7,17.6,18.3,322538
2016-05-02 00:00:00,19.0,19.0,18.2,18.5,74542
2016-04-29 00:00:00,18.9,19.0,18.7,19.0,110160
2016-04-28 00:00:00,20.1,20.1,18.9,19.0,111434
2016-04-27 00:00:00,19.0,19.9,18.7,19.8,205838
2016-04-26 00:00:00,19.7,19.9,18.9,19.1,597143
2016-04-25 00:00:00,20.5,20.5,19.2,19.5,207941
2016-04-22 00:00:00,20.0,20.6,19.9,20.5,366313
2016-04-21 00:00:00,20.0,20.6,19.4,20.0,492475
2016-04-20 00:00:00,19.6,20.5,19.3,20.0,347794
2016-04-19 00:00:00,19.6,19.6,19.2,19.6,200879
2016-04-18 00:00:00,19.3,19.6,19.0,19.6,167682
2016-04-15 00:00:00,19.4,19.4,19.2,19.2,74436
2016-04-14 00:00:00,19.0,19.4,19.0,19.3,192349
2016-04-13 00:00:00,18.6,18.9,18.4,18.9,127992
2016-04-12 00:00:00,18.3,18.5,18.1,18.5,106924
2016-04-11 00:00:00,18.7,18.7,18.3,18.4,85840
2016-04-08 00:00:00,18.5,18.8,18.2,18.4,143300
2016-04-07 00:00:00,18.0,18.5,17.9,17.9,68939
2016-04-06 00:00:00,17.9,17.9,17.6,17.9,30771
2016-04-05 00:00:00,18.0,18.0,17.6,17.8,59993
2016-04-04 00:00:00,17.5,18.0,17.4,18.0,61746
2016-04-01 00:00:00,17.7,17.7,17.3,17.5,25463
2016-03-31 00:00:00,17.6,17.7,17.2,17.5,61022
2016-03-30 00:00:00,17.6,17.6,17.2,17.4,53858
2016-03-29 00:00:00,17.1,17.7,17.0,17.1,137990
2016-03-28 00:00:00,17.2,17.2,17.1,17.1,36362
2016-03-25 00:00:00,17.2,17.2,17.0,17.1,36362
2016-03-24 00:00:00,17.2,17.2,17.0,17.1,36362
2016-03-23 00:00:00,17.0,17.2,16.9,17.2,31581
2016-03-22 00:00:00,17.0,17.1,16.9,16.9,21311
2016-03-21 00:00:00,16.3,17.0,16.3,16.9,108071
2016-03-18 00:00:00,16.1,16.4,16.1,16.4,44710
2016-03-17 00:00:00,16.1,16.2,16.0,16.2,22989
2016-03-16 00:00:00,16.3,16.3,16.1,16.1,51150
2016-03-15 00:00:00,16.3,16.3,16.0,16.3,75105
2016-03-14 00:00:00,16.0,16.5,15.9,16.0,79494
2016-03-11 00:00:00,16.0,16.0,15.6,15.8,19616
2016-03-10 00:00:00,16.1,16.1,15.6,15.8,32967
2016-03-09 00:00:00,16.0,16.0,15.6,15.8,21933
2016-03-08 00:00:00,15.6,16.4,15.6,16.0,50809
2016-03-07 00:00:00,16.1,16.3,16.0,16.1,63405
2016-03-04 00:00:00,15.8,16.1,15.8,16.0,100678
2016-03-03 00:00:00,15.8,15.8,15.7,15.8,1704257
2016-03-02 00:00:00,15.7,16.1,15.6,15.6,59424
2016-03-01 00:00:00,15.5,15.9,15.5,15.7,71999
2016-02-29 00:00:00,15.8,16.0,15.6,15.7,61714
2016-02-26 00:00:00,15.7,16.0,15.1,15.9,710273
2016-02-25 00:00:00,15.8,15.8,15.4,15.7,103403
2016-02-24 00:00:00,15.7,15.8,15.6,15.6,56949
2016-02-23 00:00:00,15.5,15.7,15.3,15.7,78737
2016-02-22 00:00:00,15.7,15.7,15.3,15.3,63112
2016-02-19 00:00:00,15.6,15.6,15.4,15.6,160412
2016-02-18 00:00:00,15.1,15.7,15.1,15.2,250898
2016-02-17 00:00:00,14.15,14.7,14.05,14.7,122797
2016-02-16 00:00:00,14.2,14.35,13.95,14.05,104657
2016-02-15 00:00:00,14.05,14.2,13.9,14.0,55421
2016-02-12 00:00:00,13.85,14.05,13.6,14.0,27746
2016-02-11 00:00:00,14.0,14.0,13.5,13.9,78092
2016-02-10 00:00:00,13.7,14.1,13.7,14.0,145651
2016-02-09 00:00:00,13.9,13.9,13.55,13.7,120944
2016-02-08 00:00:00,14.45,14.45,13.7,13.95,193316
2016-02-05 00:00:00,14.95,14.95,14.6,14.6,93568
2016-02-04 00:00:00,14.65,14.95,14.6,14.95,57966
2016-02-03 00:00:00,14.75,14.75,14.5,14.65,108137
2016-02-02 00:00:00,14.7,14.75,14.55,14.6,121781
2016-02-01 00:00:00,14.75,14.8,14.6,14.65,31939
2016-01-29 00:00:00,14.6,14.8,14.55,14.7,40042
2016-01-28 00:00:00,14.7,14.9,14.55,14.6,69991
2016-01-27 00:00:00,14.85,15.0,14.65,14.7,54631
2016-01-26 00:00:00,14.3,14.9,14.3,14.85,41615
2016-01-25 00:00:00,14.6,14.9,14.35,14.5,57432
2016-01-22 00:00:00,14.5,15.0,14.5,14.6,40061
2016-01-21 00:00:00,14.0,14.85,14.0,14.45,91232
2016-01-20 00:00:00,14.5,14.75,14.3,14.45,187020
2016-01-19 00:00:00,14.5,14.9,13.1,14.7,56795
2016-01-18 00:00:00,14.2,14.75,14.0,14.5,105128
2016-01-15 00:00:00,15.2,15.3,14.8,14.95,563923
2016-01-14 00:00:00,15.2,15.2,14.8,14.95,303342
2016-01-13 00:00:00,15.0,15.5,15.0,15.2,275574
2016-01-12 00:00:00,14.75,15.3,14.75,15.0,225376
2016-01-11 00:00:00,14.85,14.85,14.2,14.75,83919
2016-01-08 00:00:00,15.0,15.0,14.6,14.85,134766
2016-01-07 00:00:00,14.7,15.0,13.9,14.7,294016
2016-01-06 00:00:00,,14.75,14.75,14.75,0
2016-01-05 00:00:00,14.6,14.8,14.6,14.75,30741
2016-01-04 00:00:00,14.95,14.95,14.15,14.6,80786
2016-01-01 00:00:00,,15.0,15.0,15.0,0
2015-12-31 00:00:00,,15.0,15.0,15.0,0
2015-12-30 00:00:00,14.8,15.2,14.6,15.0,115042
2015-12-29 00:00:00,15.0,15.3,14.8,14.9,107906
2015-12-28 00:00:00,15.3,15.3,14.85,15.1,103886
2015-12-25 00:00:00,15.4,15.5,15.0,15.3,157273
2015-12-24 00:00:00,15.4,15.5,15.0,15.3,157273
2015-12-23 00:00:00,15.4,15.5,15.0,15.3,157273
2015-12-22 00:00:00,15.1,15.4,14.65,15.4,141762
2015-12-21 00:00:00,14.95,15.1,14.4,14.85,228446
2015-12-18 00:00:00,14.7,15.1,14.55,14.9,95998
2015-12-17 00:00:00,15.0,15.2,14.65,14.7,269902
2015-12-16 00:00:00,15.1,15.3,14.6,14.7,176497
2015-12-15 00:00:00,15.5,16.2,14.9,15.2,182036
2015-12-14 00:00:00,14.9,15.9,14.85,15.2,637499
2015-12-11 00:00:00,15.7,15.8,15.0,15.0,203963
2015-12-10 00:00:00,15.9,15.9,15.3,15.7,582049
2015-12-09 00:00:00,15.7,15.9,15.2,15.7,175162
2015-12-08 00:00:00,15.7,15.7,15.4,15.6,182690
2015-12-07 00:00:00,15.9,16.4,15.7,15.8,236393
2015-12-04 00:00:00,15.8,15.8,15.5,15.6,92514
2015-12-03 00:00:00,16.5,16.5,15.4,15.6,253891
2015-12-02 00:00:00,15.9,16.5,15.9,16.0,212860
2015-12-01 00:00:00,16.0,16.3,15.8,16.0,273735
2015-11-30 00:00:00,15.8,17.8,15.8,15.9,473823
2015-11-27 00:00:00,15.8,16.0,15.5,15.7,547592
2015-11-26 00:00:00,15.1,15.8,14.9,15.8,316182
2015-11-25 00:00:00,14.7,14.85,14.65,14.7,40867
2015-11-24 00:00:00,15.2,15.2,14.7,14.7,124159
2015-11-23 00:00:00,14.75,15.0,14.75,14.95,104419
2015-11-20 00:00:00,14.65,14.9,14.6,14.8,222397
2015-11-19 00:00:00,14.45,14.7,14.4,14.65,166598
2015-11-18 00:00:00,14.4,14.45,14.3,14.45,1225677
2015-11-17 00:00:00,14.05,14.35,14.0,14.35,625531
2015-11-16 00:00:00,13.9,14.05,13.85,14.0,604005
2015-11-13 00:00:00,14.0,14.0,13.8,13.9,86066
2015-11-12 00:00:00,13.9,14.1,13.85,14.0,318182
2015-11-11 00:00:00,14.0,14.2,13.75,14.0,1632055
2015-11-10 00:00:00,14.0,14.4,13.6,14.25,185969
2015-11-09 00:00:00,13.95,14.0,13.9,13.95,142053
2015-11-06 00:00:00,13.5,13.95,13.5,13.8,676172
2015-11-05 00:00:00,13.9,13.95,13.55,13.7,167019
2015-11-04 00:00:00,14.0,14.0,13.75,13.9,146725
2015-11-03 00:00:00,14.2,14.25,13.9,14.0,68273
2015-11-02 00:00:00,14.0,14.0,13.65,14.0,154385
2015-10-30 00:00:00,14.25,14.25,14.0,14.0,76074
2015-10-29 00:00:00,14.25,14.25,14.0,14.15,314743
2015-10-28 00:00:00,13.5,14.0,13.1,14.0,501211
2015-10-27 00:00:00,14.25,14.25,13.2,13.55,274952
2015-10-26 00:00:00,14.3,14.35,13.9,14.2,364522
2015-10-23 00:00:00,14.45,14.45,14.25,14.25,529254
2015-10-22 00:00:00,14.5,14.75,14.35,14.35,349929
2015-10-21 00:00:00,14.25,14.45,14.0,14.4,223144
2015-10-20 00:00:00,14.4,14.45,13.75,14.15,258282
2015-10-19 00:00:00,13.35,14.5,13.15,14.2,561809
2015-10-16 00:00:00,13.15,13.5,13.15,13.35,387980
2015-10-15 00:00:00,12.5,13.25,12.5,13.1,379404
2015-10-14 00:00:00,12.15,12.4,12.05,12.4,2594825
2015-10-13 00:00:00,12.0,12.15,12.0,12.15,81711
2015-10-12 00:00:00,12.0,12.1,12.0,12.0,63695
2015-10-09 00:00:00,12.0,12.05,11.85,12.0,185409
2015-10-08 00:00:00,12.0,12.15,11.95,12.0,202557
2015-10-07 00:00:00,12.0,12.2,11.8,12.0,453582
2015-10-06 00:00:00,11.85,12.0,11.5,11.95,282433
2015-10-05 00:00:00,11.6,11.8,11.6,11.7,154729
2015-10-02 00:00:00,11.7,11.7,11.4,11.55,117915
2015-10-01 00:00:00,11.6,11.65,11.4,11.65,117636
2015-09-30 00:00:00,11.5,11.7,11.35,11.5,1368264
2015-09-29 00:00:00,11.2,11.5,10.9,11.5,1871434
2015-09-28 00:00:00,11.2,11.5,11.1,11.2,307972
2015-09-25 00:00:00,10.95,11.2,10.95,11.2,225255
2015-09-24 00:00:00,11.0,11.1,10.7,10.95,297486
2015-09-23 00:00:00,10.9,11.15,10.9,11.0,96864
2015-09-22 00:00:00,11.1,11.15,11.0,11.0,97014
2015-09-21 00:00:00,10.95,11.2,10.75,11.2,411597
2015-09-18 00:00:00,10.75,10.85,10.6,10.85,419434
2015-09-17 00:00:00,10.95,10.95,10.7,10.75,61928
2015-09-16 00:00:00,10.6,10.95,10.5,10.65,163681
2015-09-15 00:00:00,10.6,10.65,10.45,10.55,103101
2015-09-14 00:00:00,10.45,10.6,10.4,10.55,911979
2015-09-11 00:00:00,10.45,10.5,10.4,10.45,167007
2015-09-10 00:00:00,10.3,10.55,10.3,10.45,411402
2015-09-09 00:00:00,10.45,10.5,10.2,10.45,160203
2015-09-08 00:00:00,10.35,10.5,10.3,10.4,60969
2015-09-07 00:00:00,10.5,10.65,10.35,10.5,122028
2015-09-04 00:00:00,10.5,10.5,10.35,10.5,145967
2015-09-03 00:00:00,10.6,10.6,10.45,10.5,761643
2015-09-02 00:00:00,10.3,10.5,10.2,10.45,398746
2015-09-01 00:00:00,9.8,10.45,9.8,10.15,621930
2015-08-31 00:00:00,9.5,9.9,9.5,9.7,147327
2015-08-28 00:00:00,9.65,9.65,9.3,9.5,60939
2015-08-27 00:00:00,9.5,9.5,9.35,9.5,79746
2015-08-26 00:00:00,9.05,9.5,9.05,9.35,138166
2015-08-25 00:00:00,8.8,9.2,8.8,9.0,78680
2015-08-24 00:00:00,9.15,9.15,8.55,8.8,326230
2015-08-21 00:00:00,9.2,9.4,9.2,9.35,200066
2015-08-20 00:00:00,9.4,9.65,9.25,9.45,194769
2015-08-19 00:00:00,9.55,9.55,9.45,9.5,100711
2015-08-18 00:00:00,9.6,9.7,9.55,9.6,100712
2015-08-17 00:00:00,9.5,9.75,9.5,9.75,152452
2015-08-14 00:00:00,9.65,9.7,9.5,9.5,53796
2015-08-13 00:00:00,9.8,9.8,9.5,9.6,19540
2015-08-12 00:00:00,9.6,9.8,9.4,9.8,59637
2015-08-11 00:00:00,9.8,9.9,9.6,9.6,92479
2015-08-10 00:00:00,9.7,9.75,9.6,9.75,33364
2015-08-07 00:00:00,9.75,9.8,9.55,9.65,48645
2015-08-06 00:00:00,9.65,9.8,9.65,9.65,56312
2015-08-05 00:00:00,9.85,9.85,9.65,9.8,61648
2015-08-04 00:00:00,9.8,9.95,9.8,9.85,12605
2015-08-03 00:00:00,9.85,10.0,9.65,9.8,34938
2015-07-31 00:00:00,9.8,9.8,9.7,9.8,21164
2015-07-30 00:00:00,9.95,9.95,9.65,9.8,62333
2015-07-29 00:00:00,9.95,9.95,9.7,9.8,62863
2015-07-28 00:00:00,9.65,9.9,9.6,9.85,70312
2015-07-27 00:00:00,9.85,9.85,9.65,9.75,15549
2015-07-24 00:00:00,10.0,10.0,9.85,9.85,54918
2015-07-23 00:00:00,10.05,10.05,9.9,9.95,118855
2015-07-22 00:00:00,10.15,10.15,10.0,10.0,57931
2015-07-21 00:00:00,10.2,10.2,10.0,10.15,54228
2015-07-20 00:00:00,10.1,10.15,9.9,10.1,53026
2015-07-17 00:00:00,10.3,10.3,9.9,10.1,58728
2015-07-16 00:00:00,9.8,10.2,9.8,10.2,81446
2015-07-15 00:00:00,10.0,10.0,9.8,9.85,75523
2015-07-14 00:00:00,10.15,10.2,9.9,10.0,128756
2015-07-13 00:00:00,10.3,10.3,10.1,10.15,88474
2015-07-10 00:00:00,10.25,10.4,10.1,10.3,285059
2015-07-09 00:00:00,10.1,10.2,10.0,10.1,187192
2015-07-08 00:00:00,9.85,9.9,9.75,9.9,82864
2015-07-07 00:00:00,9.55,9.85,9.5,9.75,225703
2015-07-06 00:00:00,9.5,9.75,9.45,9.55,47657
2015-07-03 00:00:00,9.8,9.95,9.65,9.65,50936
2015-07-02 00:00:00,9.8,9.85,9.8,9.8,35376
2015-07-01 00:00:00,9.5,9.85,9.45,9.7,241985
2015-06-30 00:00:00,9.2,9.4,9.2,9.35,48563
2015-06-29 00:00:00,9.65,9.65,9.05,9.4,329509
2015-06-26 00:00:00,9.7,9.7,9.55,9.7,161296
2015-06-25 00:00:00,9.85,9.85,9.65,9.75,92182
2015-06-24 00:00:00,10.1,10.1,9.55,9.65,241785
2015-06-23 00:00:00,10.15,10.2,9.85,10.0,359247
2015-06-22 00:00:00,10.1,10.25,9.95,10.0,175580
2015-06-19 00:00:00,,10.0,10.0,10.0,0
2015-06-18 00:00:00,10.1,10.1,9.9,10.0,114761
2015-06-17 00:00:00,9.9,10.35,9.9,10.1,709219
2015-06-16 00:00:00,9.7,9.9,9.55,9.9,290948
2015-06-15 00:00:00,10.3,10.3,9.3,9.7,655933
2015-06-12 00:00:00,10.05,10.35,10.0,10.2,162194
2015-06-11 00:00:00,10.25,10.25,10.0,10.05,888222
2015-06-10 00:00:00,10.1,10.3,10.1,10.3,102585
2015-06-09 00:00:00,10.3,10.3,10.1,10.2,757676
2015-06-08 00:00:00,10.1,10.35,10.1,10.3,89364
2015-06-05 00:00:00,10.5,10.5,10.1,10.15,82971
2015-06-04 00:00:00,10.5,10.5,10.25,10.4,96061
2015-06-03 00:00:00,10.45,10.5,10.35,10.5,116122
2015-06-02 00:00:00,10.5,10.5,10.3,10.3,118857
2015-06-01 00:00:00,10.25,10.45,10.2,10.45,319539
2015-05-29 00:00:00,10.15,10.2,10.05,10.1,83243
2015-05-28 00:00:00,10.2,10.3,10.15,10.15,19060
2015-05-27 00:00:00,10.25,10.3,10.15,10.15,63813
2015-05-26 00:00:00,10.15,10.4,10.15,10.3,25124
2015-05-25 00:00:00,10.2,10.3,10.1,10.2,525175
2015-05-22 00:00:00,10.1,10.35,10.1,10.2,165997
2015-05-21 00:00:00,10.25,10.35,10.15,10.15,65143
2015-05-20 00:00:00,10.25,10.3,10.2,10.2,9939
2015-05-19 00:00:00,10.05,10.4,10.05,10.25,91470
2015-05-18 00:00:00,10.35,10.4,10.05,10.05,173533
2015-05-15 00:00:00,10.35,10.45,10.35,10.35,72353
2015-05-14 00:00:00,10.05,10.45,10.05,10.15,11623
2015-05-13 00:00:00,10.05,10.45,10.05,10.15,11623
2015-05-12 00:00:00,10.1,10.2,10.0,10.15,131507
2015-05-11 00:00:00,10.35,10.35,10.0,10.1,145030
2015-05-08 00:00:00,10.15,10.4,10.15,10.35,100699
2015-05-07 00:00:00,10.15,10.2,9.9,10.15,410351
2015-05-06 00:00:00,10.0,10.1,9.9,9.95,184670
2015-05-05 00:00:00,10.0,10.0,9.8,10.0,214973
2015-05-04 00:00:00,10.0,10.05,9.9,10.0,119434
2015-05-01 00:00:00,10.1,10.1,9.85,9.95,530265
2015-04-30 00:00:00,10.1,10.1,9.85,9.95,530265
2015-04-29 00:00:00,10.0,10.2,10.0,10.15,266191
2015-04-28 00:00:00,9.95,10.15,9.95,10.0,231614
2015-04-27 00:00:00,10.3,10.3,10.05,10.1,227496
2015-04-24 00:00:00,10.3,10.5,10.2,10.35,167668
2015-04-23 00:00:00,10.0,10.55,9.8,10.35,860469
2015-04-22 00:00:00,9.9,10.0,9.75,9.85,152021
2015-04-21 00:00:00,9.4,9.95,9.4,9.9,198913
2015-04-20 00:00:00,9.45,9.45,9.4,9.4,104013
2015-04-17 00:00:00,9.3,9.55,9.3,9.35,205213
2015-04-16 00:00:00,9.35,9.55,9.25,9.35,162105
2015-04-15 00:00:00,9.2,9.35,9.2,9.3,118942
2015-04-14 00:00:00,9.25,9.35,9.2,9.3,58126
2015-04-13 00:00:00,9.1,9.3,9.1,9.3,161877
2015-04-10 00:00:00,9.15,9.2,9.1,9.2,130439
2015-04-09 00:00:00,9.25,9.25,9.1,9.15,156560
2015-04-08 00:00:00,9.1,9.2,9.05,9.2,204173
2015-04-07 00:00:00,9.2,9.25,9.05,9.1,183825
2015-04-02 00:00:00,9.2,9.2,9.1,9.15,57699
2015-04-01 00:00:00,9.3,9.35,9.05,9.05,239640
2015-03-31 00:00:00,9.2,9.35,9.15,9.3,88960
2015-03-30 00:00:00,9.35,9.45,9.2,9.3,141451
2015-03-27 00:00:00,9.25,9.35,9.15,9.3,96788
2015-03-26 00:00:00,9.25,9.35,9.05,9.3,135314
2015-03-25 00:00:00,9.3,9.55,9.3,9.3,151578
2015-03-24 00:00:00,9.25,9.4,9.25,9.4,39410
2015-03-23 00:00:00,9.25,9.4,9.15,9.3,190419
2015-03-20 00:00:00,9.3,9.3,9.1,9.25,133500
2015-03-19 00:00:00,9.5,9.5,9.3,9.3,140547
2015-03-18 00:00:00,9.3,9.5,9.1,9.35,372537
2015-03-17 00:00:00,9.45,9.5,9.25,9.3,89010
2015-03-16 00:00:00,9.55,9.55,9.4,9.45,139876
2015-03-13 00:00:00,9.3,9.6,9.25,9.25,374078
2015-03-12 00:00:00,9.5,9.6,9.05,9.3,119502
2015-03-11 00:00:00,8.8,9.45,8.8,9.45,230533
2015-03-10 00:00:00,9.2,9.2,8.75,8.8,528895
2015-03-09 00:00:00,9.5,9.65,9.15,9.2,270903
2015-03-06 00:00:00,10.15,10.2,9.45,9.7,511487
2015-03-05 00:00:00,9.5,10.7,9.5,9.9,609798
2015-03-04 00:00:00,10.0,10.1,9.05,9.6,1126691
2015-03-03 00:00:00,10.3,11.0,10.2,10.3,1281633
2015-03-02 00:00:00,9.7,10.4,9.6,10.2,800404
2015-02-27 00:00:00,9.5,9.6,9.45,9.55,254340
2015-02-26 00:00:00,9.25,9.9,9.2,9.5,637133
2015-02-25 00:00:00,8.8,9.5,8.8,9.05,549342
2015-02-24 00:00:00,8.8,8.8,8.6,8.8,91620
2015-02-23 00:00:00,8.8,8.8,8.65,8.65,146677
2015-02-20 00:00:00,8.7,8.8,8.6,8.65,110236
2015-02-19 00:00:00,8.7,8.8,8.65,8.7,155369
2015-02-18 00:00:00,8.7,8.85,8.7,8.8,1225909
2015-02-17 00:00:00,8.85,8.85,8.6,8.65,206349
2015-02-16 00:00:00,8.9,8.9,8.75,8.85,90358
2015-02-13 00:00:00,8.55,9.0,8.55,8.85,270528
2015-02-12 00:00:00,9.0,9.0,8.0,8.8,604635
2015-02-11 00:00:00,8.6,9.0,8.6,9.0,411802
2015-02-10 00:00:00,8.5,8.7,8.35,8.55,249283
2015-02-09 00:00:00,8.9,8.95,8.35,8.7,220839
2015-02-06 00:00:00,8.65,8.9,8.5,8.75,226909
2015-02-05 00:00:00,8.65,8.65,8.35,8.6,119921
2015-02-04 00:00:00,8.65,8.7,8.4,8.65,314751
2015-02-03 00:00:00,8.2,8.9,8.2,8.45,588257
2015-02-02 00:00:00,7.8,8.25,7.75,8.15,338449
2015-01-30 00:00:00,7.7,7.9,7.65,7.8,181193
2015-01-29 00:00:00,7.7,7.9,7.6,7.65,186843
2015-01-28 00:00:00,7.45,7.65,7.4,7.6,163101
2015-01-27 00:00:00,7.5,7.6,7.4,7.5,275390
2015-01-26 00:00:00,7.2,7.4,7.05,7.35,401604
2015-01-23 00:00:00,7.15,7.2,7.05,7.2,103826
2015-01-22 00:00:00,7.2,7.25,6.95,7.15,178700
2015-01-21 00:00:00,6.9,7.2,6.9,7.15,1383382
2015-01-20 00:00:00,6.75,6.9,6.6,6.9,2274544
2015-01-19 00:00:00,6.8,6.95,6.75,6.75,80123
2015-01-16 00:00:00,6.7,6.8,6.6,6.8,297233
2015-01-15 00:00:00,6.9,6.95,6.7,6.85,174111
2015-01-14 00:00:00,7.0,7.0,6.75,6.85,260028
2015-01-13 00:00:00,6.95,7.0,6.8,7.0,605646
2015-01-12 00:00:00,6.6,6.95,6.45,6.8,2423830
2015-01-09 00:00:00,6.2,6.25,6.15,6.2,232826
2015-01-08 00:00:00,6.15,6.4,6.1,6.2,236702
2015-01-07 00:00:00,6.2,6.25,6.1,6.15,57695
2015-01-06 00:00:00,,6.2,6.2,6.2,0
2015-01-05 00:00:00,6.15,6.25,6.15,6.2,34850
2015-01-02 00:00:00,6.2,6.35,6.2,6.25,68494
2015-01-01 00:00:00,6.2,6.3,6.15,6.15,56070
2014-12-30 00:00:00,6.2,6.3,6.15,6.15,56070
2014-12-29 00:00:00,6.2,6.35,6.2,6.25,139981
2014-12-23 00:00:00,6.3,6.45,6.3,6.35,72781
2014-12-22 00:00:00,6.45,6.55,6.35,6.4,330525
2014-12-19 00:00:00,6.5,6.5,6.35,6.35,66724
2014-12-18 00:00:00,6.35,6.6,6.3,6.6,321435
2014-12-17 00:00:00,6.0,6.4,5.9,6.4,481232
2014-12-16 00:00:00,6.0,6.0,5.9,5.95,230050
2014-12-15 00:00:00,6.1,6.1,6.0,6.0,93405
2014-12-12 00:00:00,6.1,6.1,6.05,6.1,80725
2014-12-11 00:00:00,6.1,6.15,6.1,6.1,22300
2014-12-10 00:00:00,6.25,6.35,6.1,6.1,69038
2014-12-09 00:00:00,6.1,6.35,6.1,6.25,42539
2014-12-08 00:00:00,6.25,6.35,6.2,6.35,53546
2014-12-05 00:00:00,6.1,6.25,6.1,6.2,39330
2014-12-04 00:00:00,6.05,6.15,6.05,6.1,35642
2014-12-03 00:00:00,6.2,6.2,6.1,6.15,62967
2014-12-02 00:00:00,6.2,6.2,6.05,6.05,63647
2014-12-01 00:00:00,6.3,6.3,6.15,6.2,46386
2014-11-28 00:00:00,6.25,6.25,6.2,6.2,71898
2014-11-27 00:00:00,6.35,6.35,6.2,6.25,53501
2014-11-26 00:00:00,6.35,6.35,6.25,6.35,61720
2014-11-25 00:00:00,6.4,6.45,6.3,6.4,113960
2014-11-24 00:00:00,6.3,6.45,6.3,6.45,133800
2014-11-21 00:00:00,6.4,6.5,6.3,6.5,53676
2014-11-20 00:00:00,6.3,6.5,6.3,6.5,780480
2014-11-19 00:00:00,6.4,6.4,6.25,6.4,241590
2014-11-18 00:00:00,6.3,6.4,6.1,6.3,78690
2014-11-17 00:00:00,6.5,6.5,6.3,6.35,257465
2014-11-14 00:00:00,6.35,6.5,6.3,6.4,194904
2014-11-13 00:00:00,6.35,6.4,6.2,6.35,67132
2014-11-12 00:00:00,6.4,6.4,6.3,6.3,16200
2014-11-11 00:00:00,6.4,6.4,6.35,6.35,36058
2014-11-10 00:00:00,6.5,6.5,6.3,6.35,50955
2014-11-07 00:00:00,6.6,6.6,6.35,6.45,33549
2014-11-06 00:00:00,6.5,6.5,6.3,6.5,47100
2014-11-05 00:00:00,6.5,6.6,6.35,6.55,158461
2014-11-04 00:00:00,6.6,6.6,6.4,6.5,61375
2014-11-03 00:00:00,6.6,6.6,6.4,6.55,17396
2014-10-31 00:00:00,6.7,6.75,6.6,6.6,89681
2014-10-30 00:00:00,6.55,6.65,6.55,6.65,152573
2014-10-29 00:00:00,6.65,6.7,6.6,6.65,189982
2014-10-28 00:00:00,6.55,6.6,6.5,6.55,91074
2014-10-27 00:00:00,6.65,6.65,6.5,6.55,32278
2014-10-24 00:00:00,6.65,6.65,6.35,6.55,51901
2014-10-23 00:00:00,6.55,6.65,6.4,6.5,119584
2014-10-22 00:00:00,6.65,6.65,6.45,6.45,419526
2014-10-21 00:00:00,6.4,6.6,6.4,6.5,182601
2014-10-20 00:00:00,6.25,6.4,6.15,6.4,76116
2014-10-17 00:00:00,6.05,6.2,5.95,6.15,31174
2014-10-16 00:00:00,5.8,5.85,5.6,5.85,170065
2014-10-15 00:00:00,6.1,6.1,5.7,5.8,45431
2014-10-14 00:00:00,5.6,6.1,5.6,6.1,61950
2014-10-13 00:00:00,5.6,6.0,5.6,5.95,148487
2014-10-10 00:00:00,6.1,6.1,5.9,6.05,125886
2014-10-09 00:00:00,6.4,6.4,6.1,6.25,65710
2014-10-08 00:00:00,6.25,6.25,6.1,6.25,63680
2014-10-07 00:00:00,6.3,6.35,6.2,6.25,109972
2014-10-06 00:00:00,6.4,6.45,6.25,6.35,36750
2014-10-03 00:00:00,6.3,6.4,6.25,6.4,84150
2014-10-02 00:00:00,6.3,6.35,6.2,6.2,573150
2014-10-01 00:00:00,6.55,6.55,6.45,6.45,44200
2014-09-30 00:00:00,6.65,6.65,6.4,6.45,35404
2014-09-29 00:00:00,6.65,6.65,6.45,6.45,58476
2014-09-26 00:00:00,6.6,6.6,6.5,6.5,33208
2014-09-25 00:00:00,6.6,6.6,6.55,6.6,110171
2014-09-24 00:00:00,6.6,6.6,6.55,6.6,66870
2014-09-23 00:00:00,6.65,6.65,6.55,6.6,706050
2014-09-22 00:00:00,6.5,6.65,6.45,6.6,504461
2014-09-19 00:00:00,6.45,6.45,6.3,6.35,161486
2014-09-18 00:00:00,6.3,6.45,6.3,6.35,54576
2014-09-17 00:00:00,6.2,6.3,6.15,6.25,88906
2014-09-16 00:00:00,6.1,6.3,6.1,6.2,194160
2014-09-15 00:00:00,6.4,6.4,6.25,6.3,61940
2014-09-12 00:00:00,6.45,6.45,6.3,6.45,34504
2014-09-11 00:00:00,6.5,6.5,6.3,6.4,151715
2014-09-10 00:00:00,6.5,6.55,6.45,6.45,152681
2014-09-09 00:00:00,6.5,6.55,6.4,6.5,242696
2014-09-08 00:00:00,6.6,6.65,6.3,6.45,58198
2014-09-05 00:00:00,6.55,6.6,6.5,6.55,66155
2014-09-04 00:00:00,6.6,6.6,6.55,6.6,121990
2014-09-03 00:00:00,6.5,6.6,6.4,6.55,242825
2014-09-02 00:00:00,6.7,6.7,6.3,6.5,136400
2014-09-01 00:00:00,6.7,6.85,6.6,6.65,136488
2014-08-29 00:00:00,6.6,6.85,6.4,6.75,431877
2014-08-28 00:00:00,6.4,6.55,6.35,6.55,135702
2014-08-27 00:00:00,6.45,6.45,6.35,6.35,154280
2014-08-26 00:00:00,6.3,6.55,6.3,6.35,213469
2014-08-25 00:00:00,6.2,6.45,6.2,6.45,133690
2014-08-22 00:00:00,6.0,6.45,6.0,6.25,302092
2014-08-21 00:00:00,5.95,6.05,5.9,6.05,335905
2014-08-20 00:00:00,5.9,5.9,5.85,5.9,98957
2014-08-19 00:00:00,5.9,5.9,5.85,5.9,26185
2014-08-18 00:00:00,5.9,5.95,5.9,5.9,69233
2014-08-15 00:00:00,5.85,5.9,5.85,5.9,10460
2014-08-14 00:00:00,5.8,5.9,5.8,5.9,7782
2014-08-13 00:00:00,5.8,5.95,5.8,5.8,99382
2014-08-12 00:00:00,5.85,5.9,5.75,5.9,60900
2014-08-11 00:00:00,5.9,6.0,5.9,6.0,88450
2014-08-08 00:00:00,5.95,6.0,5.75,6.0,102177
2014-08-07 00:00:00,5.9,5.9,5.85,5.9,18016
2014-08-06 00:00:00,5.8,5.9,5.8,5.9,90202
2014-08-05 00:00:00,5.9,5.9,5.8,5.9,7644
2014-08-04 00:00:00,5.7,5.9,5.7,5.9,25346
2014-08-01 00:00:00,5.8,5.8,5.8,5.8,10869
2014-07-31 00:00:00,5.8,5.9,5.8,5.8,40070
2014-07-30 00:00:00,5.95,6.0,5.8,5.8,35486
2014-07-29 00:00:00,5.9,6.0,5.8,6.0,38246
2014-07-28 00:00:00,5.95,5.95,5.85,5.85,51342
2014-07-25 00:00:00,5.75,6.0,5.75,5.95,72779
2014-07-24 00:00:00,5.95,6.05,5.9,6.05,151585
2014-07-23 00:00:00,5.7,5.95,5.7,5.95,334638
2014-07-22 00:00:00,5.6,5.7,5.6,5.7,24858
2014-07-21 00:00:00,5.65,5.65,5.5,5.6,144800
2014-07-18 00:00:00,5.55,5.65,5.5,5.65,89880
2014-07-17 00:00:00,5.65,5.65,5.55,5.65,112248
2014-07-16 00:00:00,5.6,5.7,5.6,5.65,111410
2014-07-15 00:00:00,5.9,5.9,5.55,5.65,293101
2014-07-14 00:00:00,5.45,5.9,5.45,5.9,2373029
2014-07-11 00:00:00,5.5,5.7,5.45,5.45,722100
2014-07-10 00:00:00,5.4,5.45,5.3,5.45,413146
2014-07-09 00:00:00,5.45,5.45,5.35,5.4,194640
2014-07-08 00:00:00,5.45,5.5,5.45,5.45,489190
2014-07-07 00:00:00,5.5,5.6,5.35,5.45,166920
2014-07-04 00:00:00,5.45,5.55,5.4,5.4,258923
2014-07-03 00:00:00,5.5,5.6,5.4,5.45,2296712
2014-07-02 00:00:00,5.6,5.6,5.5,5.55,246562
2014-07-01 00:00:00,5.8,5.8,5.6,5.65,79200
2014-06-30 00:00:00,5.6,5.85,5.6,5.75,83776
2014-06-27 00:00:00,5.5,5.7,5.5,5.6,91879
2014-06-26 00:00:00,5.4,5.65,5.4,5.65,93892
2014-06-25 00:00:00,5.35,5.55,5.35,5.5,68574
2014-06-24 00:00:00,5.6,5.65,5.3,5.4,228747
2014-06-23 00:00:00,5.7,5.7,5.3,5.6,93412
2014-06-20 00:00:00,,5.65,5.65,5.65,0
2014-06-19 00:00:00,5.6,5.7,5.6,5.65,87253
2014-06-18 00:00:00,5.55,5.65,5.55,5.6,42206
2014-06-17 00:00:00,5.7,5.7,5.55,5.55,52693
2014-06-16 00:00:00,5.85,5.85,5.6,5.7,168250
2014-06-13 00:00:00,5.6,5.85,5.6,5.85,212501
2014-06-12 00:00:00,5.65,5.7,5.5,5.55,446022
2014-06-11 00:00:00,5.75,5.85,5.65,5.85,215907
2014-06-10 00:00:00,5.95,5.95,5.75,5.85,192654
2014-06-09 00:00:00,6.3,6.3,5.8,5.95,201364
2014-06-06 00:00:00,,6.3,6.3,6.3,0
2014-06-05 00:00:00,6.2,6.3,6.1,6.3,109404
2014-06-04 00:00:00,6.2,6.2,6.1,6.2,62882
2014-06-03 00:00:00,6.3,6.3,6.2,6.25,102037
2014-06-02 00:00:00,6.5,6.55,6.35,6.35,146670
2014-05-30 00:00:00,6.6,6.6,6.4,6.55,109321
2014-05-28 00:00:00,6.5,6.6,6.5,6.6,55446
2014-05-27 00:00:00,6.6,6.7,6.5,6.6,128796
2014-05-26 00:00:00,6.8,6.8,6.45,6.65,241996
2014-05-23 00:00:00,6.8,6.8,6.65,6.7,33762
2014-05-22 00:00:00,6.85,6.9,6.65,6.8,1760183
2014-05-21 00:00:00,6.7,6.85,6.5,6.85,442380
2014-05-20 00:00:00,6.85,6.9,6.75,6.75,275366
2014-05-19 00:00:00,7.5,7.5,6.7,6.85,279090
