Dates,Open,High,Low,Close,Volume
2017-09-08 00:00:00,28.1,28.1,27.7,28.0,4205
2017-09-07 00:00:00,27.8,28.0,27.8,28.0,17431
2017-09-06 00:00:00,27.8,27.9,27.3,27.7,239804
2017-09-04 00:00:00,27.7,28.4,27.7,28.2,9867
2017-09-01 00:00:00,28.4,28.7,28.0,28.0,15860
2017-08-31 00:00:00,28.4,28.5,28.0,28.5,5428
2017-08-30 00:00:00,28.0,28.3,27.6,28.1,4721
2017-08-29 00:00:00,28.5,28.5,27.8,28.0,31214
2017-08-28 00:00:00,28.4,28.6,28.2,28.5,17531
2017-08-25 00:00:00,29.0,29.0,28.3,28.3,3820
2017-08-24 00:00:00,28.3,28.7,28.3,28.4,3918
2017-08-23 00:00:00,28.2,28.5,28.2,28.3,214814
2017-08-22 00:00:00,28.5,28.7,28.1,28.2,46174
2017-08-21 00:00:00,28.2,28.6,28.2,28.5,13786
2017-08-18 00:00:00,28.8,28.8,28.2,28.5,12737
2017-08-17 00:00:00,29.2,29.2,28.8,28.8,3424
2017-08-16 00:00:00,29.7,29.7,29.0,29.0,16841
2017-08-15 00:00:00,29.0,29.4,28.9,29.4,5737
2017-08-14 00:00:00,28.8,29.4,28.8,29.4,18477
2017-08-11 00:00:00,29.0,29.2,28.7,28.8,94234
2017-08-10 00:00:00,29.8,29.8,29.2,29.4,12621
2017-08-09 00:00:00,29.6,29.6,29.2,29.5,17199
2017-08-08 00:00:00,29.7,29.8,29.4,29.6,55499
2017-08-07 00:00:00,29.2,29.8,29.2,29.6,70575
2017-08-04 00:00:00,27.9,28.8,27.8,28.6,184571
2017-08-03 00:00:00,27.5,27.9,27.5,27.9,9332
2017-08-02 00:00:00,27.0,28.0,27.0,27.6,150648
2017-08-01 00:00:00,27.5,27.6,27.5,27.6,15793
2017-07-31 00:00:00,27.5,28.0,27.5,27.5,21818
2017-07-28 00:00:00,27.1,27.6,27.1,27.5,38891
2017-07-27 00:00:00,27.5,27.5,27.0,27.5,3740
2017-07-26 00:00:00,27.2,27.6,27.2,27.5,5011
2017-07-25 00:00:00,27.8,27.8,27.1,27.2,23613
2017-07-24 00:00:00,27.9,27.9,27.3,27.8,24620
2017-07-21 00:00:00,27.9,28.0,27.7,27.9,6196
2017-07-20 00:00:00,27.7,27.9,27.7,27.9,33013
2017-07-19 00:00:00,28.0,28.2,27.7,27.9,29211
2017-07-18 00:00:00,28.3,28.3,27.7,27.9,81563
2017-07-17 00:00:00,28.3,28.4,27.9,27.9,18003
2017-07-14 00:00:00,28.3,28.3,28.1,28.3,17420
2017-07-13 00:00:00,28.5,28.5,27.9,28.1,24663
2017-07-12 00:00:00,28.9,28.9,28.0,28.3,67960
2017-07-11 00:00:00,27.5,28.0,27.5,28.0,60646
2017-07-10 00:00:00,27.8,28.0,27.3,27.3,31623
2017-07-07 00:00:00,27.7,27.7,27.5,27.7,12372
2017-07-06 00:00:00,27.9,28.0,27.3,27.4,32521
2017-07-05 00:00:00,28.1,28.1,27.7,27.9,15909
2017-07-04 00:00:00,27.7,28.0,27.7,28.0,36214
2017-07-03 00:00:00,28.1,28.1,27.8,28.0,36480
2017-06-30 00:00:00,28.1,28.1,27.7,27.8,13097
2017-06-29 00:00:00,28.3,28.3,27.8,27.9,9529
2017-06-28 00:00:00,28.9,28.9,27.0,28.0,36935
2017-06-27 00:00:00,28.7,28.7,28.5,28.5,10431
2017-06-26 00:00:00,28.7,29.0,28.5,28.5,24150
2017-06-23 00:00:00,,28.7,28.7,28.7,0
2017-06-22 00:00:00,29.2,29.2,28.4,28.7,94492
2017-06-21 00:00:00,29.5,29.5,28.6,28.8,26089
2017-06-20 00:00:00,29.5,29.7,29.1,29.3,76487
2017-06-19 00:00:00,28.8,29.6,28.8,29.1,77097
2017-06-16 00:00:00,28.4,28.4,28.0,28.2,20489
2017-06-15 00:00:00,29.0,29.0,28.2,28.4,23543
2017-06-14 00:00:00,28.4,28.8,28.4,28.7,16261
2017-06-13 00:00:00,28.1,28.9,28.0,28.4,86008
2017-06-12 00:00:00,28.7,29.0,28.1,28.1,20546
2017-06-09 00:00:00,29.4,29.4,28.6,28.7,33872
2017-06-08 00:00:00,29.3,29.7,29.3,29.4,39258
2017-06-07 00:00:00,27.9,29.4,27.9,29.1,79932
2017-06-06 00:00:00,,27.6,27.6,27.6,0
2017-06-05 00:00:00,28.2,28.2,27.0,27.6,38204
2017-06-02 00:00:00,27.8,28.4,27.8,28.1,56112
2017-06-01 00:00:00,27.8,27.9,27.1,27.8,78713
2017-05-31 00:00:00,27.5,27.6,27.2,27.3,84280
2017-05-30 00:00:00,26.7,27.1,26.4,26.9,39043
2017-05-29 00:00:00,27.4,27.4,26.6,26.7,21416
2017-05-26 00:00:00,26.8,27.0,26.7,26.7,37766
2017-05-24 00:00:00,26.5,26.9,26.5,26.8,22290
2017-05-23 00:00:00,26.5,26.5,25.7,26.4,52101
2017-05-22 00:00:00,26.5,26.5,25.9,26.2,21342
2017-05-19 00:00:00,26.0,26.4,25.9,26.3,31300
2017-05-18 00:00:00,26.2,26.5,25.6,26.0,18400
2017-05-17 00:00:00,26.0,26.6,25.5,26.4,156488
2017-05-16 00:00:00,25.9,26.0,25.8,26.0,8276
2017-05-15 00:00:00,25.8,25.9,25.6,25.7,19369
2017-05-12 00:00:00,25.5,25.8,25.8,25.8,131690
2017-05-11 00:00:00,25.8,25.8,25.4,25.5,7880
2017-05-10 00:00:00,25.5,25.8,25.3,25.8,8160
2017-05-09 00:00:00,25.3,25.4,25.1,25.4,20941
2017-05-08 00:00:00,25.0,25.4,24.9,25.0,45805
2017-05-05 00:00:00,25.2,25.2,24.9,25.0,11594
2017-05-04 00:00:00,24.7,25.2,24.7,24.9,3143
2017-05-03 00:00:00,25.2,25.4,24.8,25.0,7456
2017-05-02 00:00:00,24.6,25.2,24.4,24.9,38898
2017-05-01 00:00:00,,24.6,24.6,24.6,0
2017-04-28 00:00:00,24.5,24.8,24.4,24.6,259909
2017-04-27 00:00:00,25.1,25.1,24.1,24.5,3165
2017-04-26 00:00:00,24.8,24.9,24.4,24.6,8166
2017-04-25 00:00:00,24.1,24.9,24.1,24.5,62040
2017-04-24 00:00:00,24.2,24.2,24.0,24.1,33931
2017-04-21 00:00:00,24.2,24.2,24.0,24.2,14033
2017-04-20 00:00:00,24.2,24.3,24.0,24.2,12326
2017-04-19 00:00:00,23.8,24.2,23.8,24.2,25429
2017-04-18 00:00:00,24.2,24.2,23.8,23.9,8647
2017-04-13 00:00:00,24.1,24.2,24.0,24.2,5129
2017-04-12 00:00:00,24.0,24.2,24.0,24.0,10950
2017-04-11 00:00:00,24.3,24.3,24.0,24.0,9879
2017-04-10 00:00:00,24.0,24.4,23.8,24.3,27498
2017-04-07 00:00:00,24.0,24.2,23.8,23.8,26749
2017-04-06 00:00:00,24.4,24.4,24.2,24.2,10375
2017-04-05 00:00:00,23.6,24.4,23.5,24.3,22623
2017-04-04 00:00:00,24.0,24.0,23.5,23.5,13099
2017-04-03 00:00:00,24.0,24.0,23.3,23.3,51329
2017-03-31 00:00:00,23.7,23.7,23.2,23.4,15059
2017-03-30 00:00:00,23.7,23.7,23.0,23.1,11856
2017-03-29 00:00:00,23.7,23.7,23.2,23.3,48626
2017-03-28 00:00:00,24.0,24.1,23.0,23.2,47991
2017-03-27 00:00:00,24.3,24.7,23.7,23.7,44373
2017-03-24 00:00:00,24.9,24.9,23.9,24.3,121840
2017-03-23 00:00:00,24.6,24.8,24.6,24.7,5331
2017-03-22 00:00:00,25.0,25.0,24.3,24.3,12541
2017-03-21 00:00:00,25.1,25.2,24.7,25.0,9688
2017-03-20 00:00:00,24.7,25.0,24.5,24.9,1242982
2017-03-17 00:00:00,24.9,25.4,24.7,24.7,19219
2017-03-16 00:00:00,23.7,24.8,23.7,24.4,68035
2017-03-15 00:00:00,23.5,23.5,23.1,23.4,25092
2017-03-14 00:00:00,23.9,23.9,23.3,23.5,17391
2017-03-13 00:00:00,25.4,25.4,23.7,23.7,25182
2017-03-10 00:00:00,24.7,24.2,24.2,24.2,11170
2017-03-09 00:00:00,24.5,24.7,23.7,24.7,19853
2017-03-08 00:00:00,24.7,25.3,24.3,24.5,20480
2017-03-07 00:00:00,24.9,25.4,24.5,24.7,12999
2017-03-06 00:00:00,25.9,25.9,25.4,25.4,2531
2017-03-03 00:00:00,25.7,25.7,25.7,25.7,2471
2017-03-02 00:00:00,26.1,26.1,25.1,25.7,3967
2017-03-01 00:00:00,25.8,26.2,25.4,25.6,8423
2017-02-28 00:00:00,26.7,26.7,25.4,26.2,3181
2017-02-27 00:00:00,25.4,26.7,25.0,25.1,167974
2017-02-24 00:00:00,24.9,25.1,24.6,25.1,4650
2017-02-23 00:00:00,24.9,25.0,24.8,24.8,6779
2017-02-22 00:00:00,25.0,25.5,24.6,24.9,37639
2017-02-21 00:00:00,25.0,25.7,25.0,25.1,28849
2017-02-20 00:00:00,25.0,25.6,24.8,25.4,29303
2017-02-17 00:00:00,26.0,26.0,24.5,24.9,27080
2017-02-16 00:00:00,26.0,26.0,25.8,25.8,28117
2017-02-15 00:00:00,26.0,26.0,25.5,25.8,38858
2017-02-14 00:00:00,25.1,26.0,25.1,25.8,36250
2017-02-13 00:00:00,24.5,25.5,24.4,24.8,41063
2017-02-10 00:00:00,24.5,24.7,24.2,24.5,19474
2017-02-09 00:00:00,24.4,24.5,24.2,24.3,25116
2017-02-08 00:00:00,24.5,24.5,24.3,24.4,34243
2017-02-07 00:00:00,24.3,24.4,24.0,24.4,9672
2017-02-06 00:00:00,24.0,24.3,23.8,24.0,15992
2017-02-03 00:00:00,23.2,24.3,23.2,23.9,38487
2017-02-02 00:00:00,23.1,23.6,23.0,23.2,13083
2017-02-01 00:00:00,22.6,23.2,22.4,23.1,16997
2017-01-31 00:00:00,22.6,23.2,22.3,22.4,77734
2017-01-30 00:00:00,22.7,22.9,22.6,22.6,15939
2017-01-27 00:00:00,22.5,22.9,22.4,22.7,27012
2017-01-26 00:00:00,22.6,23.1,21.9,22.4,89188
2017-01-25 00:00:00,22.4,22.8,22.4,22.5,6705
2017-01-24 00:00:00,22.9,22.9,22.5,22.5,8942
2017-01-23 00:00:00,22.6,23.0,22.3,22.6,78363
2017-01-20 00:00:00,22.8,23.0,22.5,22.6,14656
2017-01-19 00:00:00,23.4,23.4,22.6,22.7,11578
2017-01-18 00:00:00,23.7,23.7,22.9,23.4,7447
2017-01-17 00:00:00,23.1,23.7,22.8,23.7,24217
2017-01-16 00:00:00,23.8,23.9,23.3,23.3,5301
2017-01-13 00:00:00,24.0,24.0,23.0,23.6,17742
2017-01-12 00:00:00,23.9,23.9,23.0,23.0,74053
2017-01-11 00:00:00,24.0,24.5,23.5,23.6,89221
2017-01-10 00:00:00,22.7,23.9,22.7,23.9,32501
2017-01-09 00:00:00,21.6,22.6,21.6,22.6,49280
2017-01-06 00:00:00,,21.9,21.9,21.9,0
2017-01-05 00:00:00,22.2,22.2,21.9,21.9,5401
2017-01-04 00:00:00,22.4,22.4,21.9,22.2,29868
2017-01-03 00:00:00,22.3,22.3,22.0,22.2,39037
2017-01-02 00:00:00,23.3,23.3,22.0,22.3,39243
2016-12-30 00:00:00,22.0,22.3,22.0,22.3,26518
2016-12-29 00:00:00,22.2,22.2,21.8,22.0,15854
2016-12-28 00:00:00,22.2,22.2,22.0,22.1,33767
2016-12-27 00:00:00,22.1,22.1,21.9,22.1,40865
2016-12-23 00:00:00,22.3,22.3,22.1,22.1,15393
2016-12-22 00:00:00,22.0,22.1,21.8,22.0,157870
2016-12-21 00:00:00,22.0,22.4,22.0,22.2,45091
2016-12-20 00:00:00,21.8,22.1,21.8,22.0,217963
2016-12-19 00:00:00,22.1,22.1,21.6,22.0,42036
2016-12-16 00:00:00,22.5,22.5,21.8,22.0,50581
2016-12-15 00:00:00,22.0,22.2,21.8,22.0,76653
2016-12-14 00:00:00,22.5,22.5,22.0,22.0,11680
2016-12-13 00:00:00,22.0,22.4,22.0,22.2,73840
2016-12-12 00:00:00,22.2,22.2,21.8,21.8,39842
2016-12-09 00:00:00,21.7,22.4,21.7,22.2,25328
2016-12-08 00:00:00,22.3,22.5,21.7,21.7,134753
2016-12-07 00:00:00,22.2,22.6,22.2,22.2,9683
2016-12-06 00:00:00,22.7,22.7,22.3,22.6,13712
2016-12-05 00:00:00,22.3,22.8,22.0,22.8,11122
2016-12-02 00:00:00,22.2,22.5,22.1,22.5,33684
2016-12-01 00:00:00,23.0,23.0,22.1,22.2,15464
2016-11-30 00:00:00,22.5,22.9,22.1,22.5,242563
2016-11-29 00:00:00,22.5,22.7,22.4,22.5,45655
2016-11-28 00:00:00,23.0,24.0,22.1,22.5,349688
2016-11-25 00:00:00,23.5,23.5,22.9,23.0,13994
2016-11-24 00:00:00,23.3,23.3,22.6,23.0,36393
2016-11-23 00:00:00,23.0,23.3,22.5,23.1,15271
2016-11-22 00:00:00,23.3,23.3,22.5,22.5,17950
2016-11-21 00:00:00,23.2,23.4,22.9,22.9,10575
2016-11-18 00:00:00,23.9,23.9,22.9,23.0,22691
2016-11-17 00:00:00,23.1,24.5,23.1,23.2,31512
2016-11-16 00:00:00,23.5,23.5,21.6,22.9,52551
2016-11-15 00:00:00,22.0,23.2,21.8,22.5,15777
2016-11-14 00:00:00,23.0,23.7,22.4,22.6,18752
2016-11-11 00:00:00,24.0,24.0,22.2,22.3,62755
2016-11-10 00:00:00,24.0,24.0,22.8,23.7,58958
2016-11-09 00:00:00,21.5,25.0,20.6,24.2,98376
2016-11-08 00:00:00,22.1,22.3,21.5,22.0,71084
2016-11-07 00:00:00,21.5,22.9,21.5,22.1,6311
2016-11-04 00:00:00,23.0,23.0,21.6,21.6,10938
2016-11-03 00:00:00,21.7,23.0,21.7,22.5,41746
2016-11-02 00:00:00,21.9,21.9,21.2,21.6,62906
2016-11-01 00:00:00,22.8,22.8,21.9,21.9,38745
2016-10-31 00:00:00,22.6,23.1,22.2,22.8,119528
2016-10-28 00:00:00,21.9,22.7,21.8,22.4,54285
2016-10-27 00:00:00,22.1,22.1,21.4,21.9,89997
2016-10-26 00:00:00,21.4,22.1,20.8,22.1,211150
2016-10-25 00:00:00,21.3,21.7,19.9,21.4,138690
2016-10-24 00:00:00,21.1,21.8,20.9,21.1,41504
2016-10-21 00:00:00,21.4,21.5,21.1,21.1,66195
2016-10-20 00:00:00,21.9,22.0,20.9,21.4,69019
2016-10-19 00:00:00,21.8,22.1,21.3,21.9,14267
2016-10-18 00:00:00,21.5,22.1,21.3,21.7,47168
2016-10-17 00:00:00,22.1,22.1,21.3,21.5,28565
2016-10-14 00:00:00,21.7,22.4,21.5,22.0,112597
2016-10-13 00:00:00,21.6,21.9,21.5,21.7,32977
2016-10-12 00:00:00,21.0,21.9,20.6,21.6,67135
2016-10-11 00:00:00,22.0,22.0,21.3,21.4,161189
2016-10-10 00:00:00,23.0,23.0,21.7,22.3,119191
2016-10-07 00:00:00,23.0,23.4,22.2,23.0,67999
2016-10-06 00:00:00,24.5,24.5,22.9,23.5,77088
2016-10-05 00:00:00,25.0,25.2,24.3,24.4,68443
2016-10-04 00:00:00,25.4,25.5,25.0,25.2,35310
2016-10-03 00:00:00,24.5,25.4,24.5,25.4,61934
2016-09-30 00:00:00,24.8,24.8,24.3,24.7,21236
2016-09-29 00:00:00,25.0,25.2,24.2,24.9,69437
2016-09-28 00:00:00,24.0,25.0,23.9,24.8,99657
2016-09-27 00:00:00,22.8,23.4,22.8,23.3,94403
2016-09-26 00:00:00,24.0,24.4,22.4,22.9,183712
2016-09-23 00:00:00,24.0,24.3,24.0,24.0,21059
2016-09-22 00:00:00,24.5,24.5,24.1,24.1,14238
2016-09-21 00:00:00,24.2,24.6,24.2,24.6,14210
2016-09-20 00:00:00,24.5,24.6,24.2,24.2,17922
2016-09-19 00:00:00,24.4,25.3,24.4,24.4,30309
2016-09-16 00:00:00,24.1,24.3,24.1,24.2,105960
2016-09-15 00:00:00,24.2,24.5,24.2,24.3,141840
2016-09-14 00:00:00,24.5,24.5,24.0,24.3,357624
2016-09-13 00:00:00,26.4,26.6,25.6,25.8,16045
2016-09-12 00:00:00,26.4,26.4,25.4,26.3,96527
2016-09-09 00:00:00,27.2,27.2,26.4,26.6,62123
2016-09-08 00:00:00,27.0,27.2,27.0,27.2,52813
2016-09-07 00:00:00,26.5,27.3,26.5,26.9,101262
2016-09-06 00:00:00,26.0,26.3,26.0,26.1,56985
2016-09-05 00:00:00,25.3,25.9,25.3,25.7,69008
2016-09-02 00:00:00,26.0,26.0,25.1,25.4,70050
2016-09-01 00:00:00,26.1,26.3,26.0,26.1,57409
2016-08-31 00:00:00,26.3,26.4,26.0,26.3,50822
2016-08-30 00:00:00,26.4,26.5,26.1,26.3,40479
2016-08-29 00:00:00,26.3,26.5,26.0,26.4,59534
2016-08-26 00:00:00,26.2,26.8,26.2,26.5,70572
2016-08-25 00:00:00,26.6,26.6,25.6,26.1,82081
2016-08-24 00:00:00,25.6,26.3,25.5,26.3,120493
2016-08-23 00:00:00,25.5,25.5,24.8,25.5,1224931
2016-08-22 00:00:00,26.2,26.2,24.3,25.1,210913
2016-08-19 00:00:00,26.9,26.9,25.7,26.2,114380
2016-08-18 00:00:00,27.0,27.3,26.9,26.9,72256
2016-08-17 00:00:00,27.6,27.6,26.4,26.9,184901
2016-08-16 00:00:00,27.5,27.6,27.2,27.5,105036
2016-08-15 00:00:00,27.4,27.5,27.1,27.3,122778
2016-08-12 00:00:00,27.5,27.7,26.6,27.4,69529
2016-08-11 00:00:00,27.4,27.7,26.7,27.5,42084
2016-08-10 00:00:00,28.0,28.0,27.0,27.2,96252
2016-08-09 00:00:00,28.2,29.1,27.2,28.0,187924
2016-08-08 00:00:00,28.8,29.1,28.0,28.1,79470
2016-08-05 00:00:00,27.6,28.6,27.6,28.3,55643
2016-08-04 00:00:00,26.7,28.0,26.7,27.4,32570
2016-08-03 00:00:00,27.9,28.0,26.3,26.7,203378
2016-08-02 00:00:00,29.5,29.5,26.9,27.9,199586
2016-08-01 00:00:00,29.5,29.6,29.0,29.3,208039
2016-07-29 00:00:00,27.5,29.5,27.5,28.8,251153
2016-07-28 00:00:00,25.8,27.4,25.8,27.4,235978
2016-07-27 00:00:00,25.5,26.0,25.2,25.6,145221
2016-07-26 00:00:00,25.2,26.7,24.9,24.9,197511
2016-07-25 00:00:00,23.8,25.0,23.8,25.0,114118
2016-07-22 00:00:00,24.0,24.9,23.7,23.8,95721
2016-07-21 00:00:00,23.1,24.8,23.1,24.5,362008
2016-07-20 00:00:00,22.2,23.0,22.0,23.0,120274
2016-07-19 00:00:00,21.7,22.2,21.5,22.2,210824
2016-07-18 00:00:00,21.8,21.8,21.5,21.5,48838
2016-07-15 00:00:00,21.7,21.9,21.3,21.5,127711
2016-07-14 00:00:00,20.2,23.0,20.1,21.5,131066
2016-07-13 00:00:00,19.3,19.7,19.3,19.7,80258
2016-07-12 00:00:00,18.7,19.2,18.7,19.2,21896
2016-07-11 00:00:00,18.9,19.2,18.9,19.0,30254
2016-07-08 00:00:00,18.7,18.9,18.7,18.9,7415
2016-07-07 00:00:00,18.7,18.9,18.6,18.8,12973
2016-07-06 00:00:00,18.5,18.9,18.5,18.6,72917
2016-07-05 00:00:00,18.7,19.1,18.6,18.6,13227
2016-07-04 00:00:00,19.0,19.4,18.7,18.8,23489
2016-07-01 00:00:00,19.1,19.4,19.0,19.0,96534
2016-06-30 00:00:00,18.1,19.1,18.1,18.8,79919
2016-06-29 00:00:00,18.0,18.6,18.0,18.1,37930
2016-06-28 00:00:00,17.6,18.1,17.6,18.0,45466
2016-06-27 00:00:00,17.0,17.8,16.4,17.6,120830
2016-06-24 00:00:00,,18.0,18.0,18.0,0
2016-06-23 00:00:00,17.7,18.2,17.7,18.0,5559
2016-06-22 00:00:00,17.9,18.2,17.5,18.0,32003
2016-06-21 00:00:00,17.0,18.0,17.0,17.9,57840
2016-06-20 00:00:00,17.3,17.9,17.3,17.5,82272
2016-06-17 00:00:00,17.4,17.7,17.4,17.7,8909
2016-06-16 00:00:00,17.3,17.8,17.1,17.4,22979
2016-06-15 00:00:00,17.9,17.9,17.6,17.9,26379
2016-06-14 00:00:00,18.0,18.0,17.3,17.6,68801
2016-06-13 00:00:00,18.0,18.6,17.3,18.6,89198
2016-06-10 00:00:00,18.9,18.9,18.5,18.8,33894
2016-06-09 00:00:00,18.8,18.9,18.5,18.9,47132
2016-06-08 00:00:00,18.1,19.1,18.1,18.5,95009
2016-06-07 00:00:00,19.0,19.1,18.7,19.0,43979
2016-06-06 00:00:00,,18.7,18.7,18.7,0
2016-06-03 00:00:00,18.9,19.0,18.4,18.7,35106
2016-06-02 00:00:00,18.6,19.3,17.9,18.7,164365
2016-06-01 00:00:00,19.0,19.6,18.6,18.7,154283
2016-05-31 00:00:00,19.1,19.7,19.0,19.1,77007
2016-05-30 00:00:00,19.2,19.6,19.2,19.6,57884
2016-05-27 00:00:00,19.3,19.3,19.0,19.2,37567
2016-05-26 00:00:00,18.9,19.2,18.6,19.2,18270
2016-05-25 00:00:00,18.5,19.3,18.5,18.9,162078
2016-05-24 00:00:00,18.4,18.5,18.2,18.4,43109
2016-05-23 00:00:00,17.3,18.4,17.3,18.3,69412
2016-05-20 00:00:00,17.6,17.7,17.4,17.4,6925
2016-05-19 00:00:00,17.6,17.9,17.5,17.6,15069
2016-05-18 00:00:00,17.9,18.0,17.7,17.9,8849
2016-05-17 00:00:00,17.4,18.5,17.4,18.1,40566
2016-05-16 00:00:00,17.5,17.8,17.4,17.7,51865
2016-05-13 00:00:00,18.1,18.3,17.8,17.8,286400
2016-05-12 00:00:00,18.0,18.5,17.9,18.2,186193
2016-05-11 00:00:00,17.9,18.5,17.9,18.1,58387
2016-05-10 00:00:00,18.2,18.2,17.9,18.0,32209
2016-05-09 00:00:00,18.4,18.4,17.9,18.1,57101
2016-05-06 00:00:00,18.8,18.8,18.2,18.4,28084
2016-05-05 00:00:00,17.7,18.2,17.7,18.2,33504
2016-05-04 00:00:00,17.7,18.2,17.7,18.2,33504
2016-05-03 00:00:00,18.7,18.7,17.7,18.2,114903
2016-05-02 00:00:00,19.2,19.2,18.0,18.7,110380
2016-04-29 00:00:00,18.7,19.0,18.7,18.9,54830
2016-04-28 00:00:00,19.4,19.6,18.7,18.8,74495
2016-04-27 00:00:00,18.9,19.5,18.5,19.5,64761
2016-04-26 00:00:00,19.5,19.6,18.1,18.8,504853
2016-04-25 00:00:00,19.7,19.8,19.0,19.3,139593
2016-04-22 00:00:00,19.5,19.7,19.1,19.5,137514
2016-04-21 00:00:00,19.7,19.9,19.2,19.2,154347
2016-04-20 00:00:00,19.3,19.6,19.1,19.5,218562
2016-04-19 00:00:00,19.0,19.4,19.0,19.3,81808
2016-04-18 00:00:00,18.8,19.0,18.6,19.0,107185
2016-04-15 00:00:00,19.2,19.4,18.7,18.8,82321
2016-04-14 00:00:00,18.2,19.2,18.2,19.2,127942
2016-04-13 00:00:00,18.1,18.3,18.0,18.0,16218
2016-04-12 00:00:00,18.0,18.4,17.8,17.9,24594
2016-04-11 00:00:00,18.5,18.5,17.8,18.4,68873
2016-04-08 00:00:00,17.7,18.5,17.7,18.1,38686
2016-04-07 00:00:00,17.7,18.0,17.6,17.6,35366
2016-04-06 00:00:00,17.7,17.8,17.6,17.7,24967
2016-04-05 00:00:00,17.5,17.7,17.5,17.6,19190
2016-04-04 00:00:00,17.8,17.8,17.4,17.6,43637
2016-04-01 00:00:00,17.4,17.5,17.3,17.4,32819
2016-03-31 00:00:00,17.5,17.6,17.3,17.4,30034
2016-03-30 00:00:00,17.1,17.3,17.0,17.1,65661
2016-03-29 00:00:00,17.0,17.3,16.9,17.1,72208
2016-03-28 00:00:00,16.7,17.1,16.9,16.9,19761
2016-03-25 00:00:00,16.7,17.1,16.7,16.9,19761
2016-03-24 00:00:00,16.7,17.1,16.7,16.9,19761
2016-03-23 00:00:00,16.9,16.9,16.6,16.7,59602
2016-03-22 00:00:00,16.4,16.5,16.3,16.4,13892
2016-03-21 00:00:00,16.0,16.4,15.8,16.4,102448
2016-03-18 00:00:00,15.6,16.0,15.6,15.9,25549
2016-03-17 00:00:00,15.8,15.8,15.5,15.5,3116
2016-03-16 00:00:00,15.6,15.9,15.5,15.5,4883
2016-03-15 00:00:00,15.9,15.9,15.6,15.8,29324
2016-03-14 00:00:00,15.6,15.9,15.6,15.7,104880
2016-03-11 00:00:00,15.7,15.7,15.0,15.0,10779
2016-03-10 00:00:00,15.5,15.6,15.5,15.5,18484
2016-03-09 00:00:00,15.8,15.8,15.4,15.5,19897
2016-03-08 00:00:00,15.5,15.7,15.5,15.5,18022
2016-03-07 00:00:00,15.7,15.9,15.5,15.7,47910
2016-03-04 00:00:00,15.7,15.8,15.5,15.7,25541
2016-03-03 00:00:00,15.7,15.7,15.4,15.5,59861
2016-03-02 00:00:00,15.8,15.8,15.5,15.5,17180
2016-03-01 00:00:00,15.5,15.8,15.5,15.6,20233
2016-02-29 00:00:00,15.7,15.7,15.2,15.5,16750
2016-02-26 00:00:00,15.5,15.7,15.1,15.7,200625
2016-02-25 00:00:00,15.6,15.7,15.3,15.4,33255
2016-02-24 00:00:00,15.5,15.6,15.4,15.4,13114
2016-02-23 00:00:00,15.2,15.7,15.2,15.5,36417
2016-02-22 00:00:00,15.7,15.7,15.4,15.5,27404
2016-02-19 00:00:00,15.4,15.7,15.3,15.4,61286
2016-02-18 00:00:00,15.3,15.5,15.0,15.0,134520
2016-02-17 00:00:00,14.4,14.75,14.1,14.75,99265
2016-02-16 00:00:00,14.95,14.95,14.15,14.2,17717
2016-02-15 00:00:00,14.0,14.2,13.85,14.1,64431
2016-02-12 00:00:00,13.6,13.95,13.6,13.95,15485
2016-02-11 00:00:00,13.9,14.05,13.4,13.9,44575
2016-02-10 00:00:00,13.75,14.0,13.75,13.9,127110
2016-02-09 00:00:00,13.65,14.2,13.65,13.7,87403
2016-02-08 00:00:00,14.15,14.4,13.75,14.2,222926
2016-02-05 00:00:00,15.1,15.1,14.5,14.65,54886
2016-02-04 00:00:00,14.6,15.3,14.5,15.3,55990
2016-02-03 00:00:00,14.5,14.9,14.5,14.6,29834
2016-02-02 00:00:00,14.05,14.8,14.05,14.6,10390
2016-02-01 00:00:00,14.65,15.2,14.55,14.6,35481
2016-01-29 00:00:00,14.85,14.85,14.65,14.65,8799
2016-01-28 00:00:00,14.7,14.8,14.65,14.65,59445
2016-01-27 00:00:00,14.7,14.8,14.7,14.75,36927
2016-01-26 00:00:00,14.2,14.8,14.2,14.7,158814
2016-01-25 00:00:00,14.9,14.9,14.6,14.75,25295
2016-01-22 00:00:00,14.45,14.9,14.45,14.9,18297
2016-01-21 00:00:00,14.4,14.5,14.2,14.45,50756
2016-01-20 00:00:00,14.7,14.7,13.65,14.4,103855
2016-01-19 00:00:00,14.6,14.85,14.6,14.6,19884
2016-01-18 00:00:00,13.55,14.85,13.2,14.4,50009
2016-01-15 00:00:00,15.0,15.1,14.75,14.8,47454
2016-01-14 00:00:00,15.1,15.1,14.6,14.9,68095
2016-01-13 00:00:00,15.0,15.5,15.0,15.1,65991
2016-01-12 00:00:00,15.0,15.3,14.9,14.9,36420
2016-01-11 00:00:00,15.1,15.1,14.5,14.7,39530
2016-01-08 00:00:00,14.1,15.2,14.1,15.1,117421
2016-01-07 00:00:00,14.85,15.5,14.0,15.5,236027
2016-01-06 00:00:00,,14.8,14.8,14.8,0
2016-01-05 00:00:00,14.95,15.0,14.55,14.8,14263
2016-01-04 00:00:00,15.1,15.1,14.3,14.75,46910
2016-01-01 00:00:00,,14.9,14.9,14.9,0
2015-12-31 00:00:00,,14.9,14.9,14.9,0
2015-12-30 00:00:00,15.0,15.1,14.7,14.9,52755
2015-12-29 00:00:00,14.95,15.4,14.9,15.1,73517
2015-12-28 00:00:00,14.15,15.6,14.15,15.3,94299
2015-12-25 00:00:00,15.7,15.7,14.7,15.1,100585
2015-12-24 00:00:00,15.7,15.7,14.7,15.1,100585
2015-12-23 00:00:00,15.7,15.7,14.7,15.1,100585
2015-12-22 00:00:00,15.4,15.4,14.75,15.0,48632
2015-12-21 00:00:00,14.85,15.0,14.65,14.8,110835
2015-12-18 00:00:00,14.95,14.95,14.45,14.8,81941
2015-12-17 00:00:00,15.0,15.2,14.6,14.95,48269
2015-12-16 00:00:00,15.0,15.0,14.65,14.7,41770
2015-12-15 00:00:00,15.5,15.7,14.9,15.2,88700
2015-12-14 00:00:00,15.3,15.9,15.1,15.3,63242
2015-12-11 00:00:00,15.8,15.8,15.1,15.1,57724
2015-12-10 00:00:00,15.7,15.9,15.6,15.8,90500
2015-12-09 00:00:00,16.4,16.4,15.6,15.6,77180
2015-12-08 00:00:00,15.8,16.5,15.5,16.5,248530
2015-12-07 00:00:00,16.2,16.4,15.8,15.8,97661
2015-12-04 00:00:00,15.7,16.4,15.6,15.9,59426
2015-12-03 00:00:00,16.5,16.5,15.5,15.6,133994
2015-12-02 00:00:00,16.0,16.5,16.0,16.2,61488
2015-12-01 00:00:00,16.3,16.5,15.9,16.0,205166
2015-11-30 00:00:00,16.1,16.9,15.9,16.2,233646
2015-11-27 00:00:00,15.5,16.0,15.3,15.9,225325
2015-11-26 00:00:00,14.55,15.6,14.55,15.5,351909
2015-11-25 00:00:00,14.6,14.7,14.45,14.55,28361
2015-11-24 00:00:00,14.45,14.7,14.4,14.55,136363
2015-11-23 00:00:00,14.45,14.5,14.35,14.4,192355
2015-11-20 00:00:00,14.4,14.5,14.4,14.4,127469
2015-11-19 00:00:00,14.2,14.45,14.2,14.4,91028
2015-11-18 00:00:00,14.2,14.3,14.1,14.2,11366
2015-11-17 00:00:00,13.9,14.2,13.9,14.15,565455
2015-11-16 00:00:00,14.0,14.0,13.85,13.9,11261
2015-11-13 00:00:00,14.0,14.0,13.85,13.85,20815
2015-11-12 00:00:00,13.9,14.0,13.85,14.0,136004
2015-11-11 00:00:00,14.0,14.15,13.9,13.9,1526567
2015-11-10 00:00:00,13.9,14.25,13.75,14.1,106576
2015-11-09 00:00:00,13.85,13.9,13.7,13.9,39414
2015-11-06 00:00:00,13.65,13.9,13.55,13.9,407087
2015-11-05 00:00:00,13.95,14.0,13.55,13.9,104749
2015-11-04 00:00:00,14.05,14.05,13.8,13.95,40590
2015-11-03 00:00:00,14.4,14.4,14.0,14.05,33423
2015-11-02 00:00:00,14.0,14.0,13.8,13.9,33489
2015-10-30 00:00:00,14.35,14.5,14.05,14.2,76465
2015-10-29 00:00:00,14.3,14.3,13.9,14.1,62325
2015-10-28 00:00:00,13.8,14.0,13.4,14.0,98073
2015-10-27 00:00:00,14.45,14.45,13.3,13.3,96917
2015-10-26 00:00:00,14.2,14.5,13.9,14.5,252343
2015-10-23 00:00:00,14.5,14.5,14.15,14.25,483584
2015-10-22 00:00:00,14.4,14.5,14.35,14.4,176738
2015-10-21 00:00:00,14.1,14.7,14.05,14.15,61617
2015-10-20 00:00:00,14.25,14.5,13.8,14.15,131255
2015-10-19 00:00:00,13.1,14.5,13.05,14.35,171968
2015-10-16 00:00:00,13.2,13.6,13.15,13.2,372218
2015-10-15 00:00:00,12.5,13.2,12.5,13.2,382795
2015-10-14 00:00:00,12.1,12.3,12.1,12.3,79173
2015-10-13 00:00:00,12.1,12.1,11.85,12.1,45035
2015-10-12 00:00:00,12.0,12.15,12.0,12.15,60757
2015-10-09 00:00:00,11.95,12.1,11.95,12.0,67177
2015-10-08 00:00:00,12.05,12.15,11.9,11.95,53344
2015-10-07 00:00:00,12.0,12.1,11.8,12.05,134584
2015-10-06 00:00:00,11.9,12.0,11.25,11.85,297907
2015-10-05 00:00:00,11.8,11.9,11.7,11.7,65028
2015-10-02 00:00:00,11.85,11.85,11.45,11.65,40606
2015-10-01 00:00:00,11.35,11.9,11.35,11.9,76294
2015-09-30 00:00:00,11.45,11.9,11.3,11.3,159638
2015-09-29 00:00:00,11.25,11.4,10.85,11.3,1029999
2015-09-28 00:00:00,11.05,11.3,11.0,11.25,118540
2015-09-25 00:00:00,11.05,11.4,10.8,11.05,107657
2015-09-24 00:00:00,11.1,11.1,10.75,10.85,128235
2015-09-23 00:00:00,11.15,11.15,11.05,11.05,53201
2015-09-22 00:00:00,11.0,11.15,11.0,11.05,75368
2015-09-21 00:00:00,11.0,11.0,10.75,10.9,55195
2015-09-18 00:00:00,10.65,10.8,10.65,10.7,24081
2015-09-17 00:00:00,10.75,11.0,10.55,10.6,65522
2015-09-16 00:00:00,10.6,10.7,10.5,10.7,61700
2015-09-15 00:00:00,10.6,10.6,10.45,10.5,49242
2015-09-14 00:00:00,10.5,10.65,10.45,10.5,149717
2015-09-11 00:00:00,10.5,10.55,10.45,10.45,238859
2015-09-10 00:00:00,10.6,10.65,10.35,10.55,306518
2015-09-09 00:00:00,10.85,10.85,10.4,10.65,320587
2015-09-08 00:00:00,10.45,10.5,10.35,10.5,97574
2015-09-07 00:00:00,10.6,10.75,10.45,10.45,118371
2015-09-04 00:00:00,10.6,10.7,10.45,10.6,80826
2015-09-03 00:00:00,10.65,10.7,10.6,10.6,80042
2015-09-02 00:00:00,10.7,10.7,10.45,10.45,281379
2015-09-01 00:00:00,10.15,10.7,10.1,10.45,432997
2015-08-31 00:00:00,10.0,10.3,9.85,10.0,37264
2015-08-28 00:00:00,9.4,9.9,9.35,9.85,26614
2015-08-27 00:00:00,9.45,10.0,9.45,10.0,30210
2015-08-26 00:00:00,9.4,9.7,9.2,9.5,43427
2015-08-25 00:00:00,9.4,9.6,9.0,9.2,90336
2015-08-24 00:00:00,9.1,10.05,8.9,10.05,379418
2015-08-21 00:00:00,9.25,9.55,9.25,9.35,163223
2015-08-20 00:00:00,9.5,9.65,9.05,9.5,123950
2015-08-19 00:00:00,9.7,9.7,9.45,9.6,194871
2015-08-18 00:00:00,9.75,9.9,9.75,9.85,1073
2015-08-17 00:00:00,9.8,9.9,9.6,9.75,87618
2015-08-14 00:00:00,9.7,9.8,9.6,9.8,17926
2015-08-13 00:00:00,10.0,10.0,9.7,9.7,12658
2015-08-12 00:00:00,9.75,9.95,9.7,9.75,17351
2015-08-11 00:00:00,10.1,10.1,9.75,9.85,99590
2015-08-10 00:00:00,9.75,9.95,9.75,9.95,38487
2015-08-07 00:00:00,9.75,9.9,9.75,9.75,11474
2015-08-06 00:00:00,9.8,9.85,9.8,9.8,22758
2015-08-05 00:00:00,9.8,9.85,9.75,9.85,37957
2015-08-04 00:00:00,9.85,9.85,9.7,9.75,23000
2015-08-03 00:00:00,9.9,9.9,9.75,9.85,20511
2015-07-31 00:00:00,10.0,10.0,9.75,9.75,4400
2015-07-30 00:00:00,9.95,10.0,9.8,9.9,35615
2015-07-29 00:00:00,9.85,10.0,9.85,9.9,10606
2015-07-28 00:00:00,9.55,10.05,9.55,10.0,31274
2015-07-27 00:00:00,10.1,10.15,9.8,9.8,60740
2015-07-24 00:00:00,9.95,10.1,9.95,10.1,13093
2015-07-23 00:00:00,10.15,10.15,10.05,10.05,12680
2015-07-22 00:00:00,10.0,10.05,10.0,10.0,27456
2015-07-21 00:00:00,10.1,10.15,9.85,10.0,48277
2015-07-20 00:00:00,10.2,10.2,10.0,10.1,9446
2015-07-17 00:00:00,10.0,10.25,9.9,10.0,57007
2015-07-16 00:00:00,9.8,10.3,9.8,10.1,60872
2015-07-15 00:00:00,10.35,10.35,9.5,9.95,47894
2015-07-14 00:00:00,10.35,10.35,10.0,10.0,31926
2015-07-13 00:00:00,9.85,10.5,9.85,10.35,104369
2015-07-10 00:00:00,10.2,10.4,10.15,10.25,72921
2015-07-09 00:00:00,9.95,10.2,9.95,10.15,103722
2015-07-08 00:00:00,9.7,10.0,9.7,10.0,39104
2015-07-07 00:00:00,9.6,9.95,9.6,9.8,55621
2015-07-06 00:00:00,9.3,9.95,9.3,9.5,60337
2015-07-03 00:00:00,9.75,9.9,9.6,9.75,72972
2015-07-02 00:00:00,9.95,9.95,9.5,9.7,84248
2015-07-01 00:00:00,9.55,9.75,9.4,9.7,139875
2015-06-30 00:00:00,9.45,9.6,9.3,9.55,28609
2015-06-29 00:00:00,9.3,9.75,9.3,9.45,192273
2015-06-26 00:00:00,9.95,9.95,9.75,9.9,21107
2015-06-25 00:00:00,9.85,9.85,9.55,9.8,68349
2015-06-24 00:00:00,10.1,10.1,9.65,9.75,68157
2015-06-23 00:00:00,10.05,10.2,10.0,10.05,104601
2015-06-22 00:00:00,10.0,10.2,10.0,10.1,154515
2015-06-19 00:00:00,,9.95,9.95,9.95,0
2015-06-18 00:00:00,10.0,10.0,9.9,9.95,75530
2015-06-17 00:00:00,10.0,10.2,9.95,10.0,85498
2015-06-16 00:00:00,9.65,9.95,9.6,9.95,42473
2015-06-15 00:00:00,10.45,10.45,9.45,9.65,116036
2015-06-12 00:00:00,10.0,10.35,10.0,10.35,14009
2015-06-11 00:00:00,10.15,10.2,10.05,10.1,117749
2015-06-10 00:00:00,10.0,10.35,10.0,10.2,42672
2015-06-09 00:00:00,10.4,10.4,10.15,10.2,59617
2015-06-08 00:00:00,10.3,10.5,10.3,10.4,58750
2015-06-05 00:00:00,10.5,10.65,9.8,10.25,68838
2015-06-04 00:00:00,10.6,10.6,10.5,10.5,21574
2015-06-03 00:00:00,10.5,10.65,10.5,10.6,17715
2015-06-02 00:00:00,10.7,10.7,10.5,10.5,69599
2015-06-01 00:00:00,10.65,10.7,10.4,10.6,55329
2015-05-29 00:00:00,10.4,10.4,10.3,10.4,6795
2015-05-28 00:00:00,10.3,10.4,10.3,10.4,27119
2015-05-27 00:00:00,10.5,10.5,10.3,10.3,46325
2015-05-26 00:00:00,10.4,10.55,10.3,10.5,19603
2015-05-25 00:00:00,10.35,10.65,10.2,10.4,22865
2015-05-22 00:00:00,10.35,10.45,10.3,10.35,81662
2015-05-21 00:00:00,10.35,10.35,10.2,10.35,56297
2015-05-20 00:00:00,10.35,10.35,10.1,10.15,42818
2015-05-19 00:00:00,10.15,10.4,10.15,10.35,40517
2015-05-18 00:00:00,10.35,10.45,10.1,10.15,51086
2015-05-15 00:00:00,10.25,10.5,10.25,10.4,5965
2015-05-14 00:00:00,10.15,10.45,10.15,10.2,21200
2015-05-13 00:00:00,10.15,10.45,10.15,10.2,21200
2015-05-12 00:00:00,10.15,10.3,10.1,10.2,28296
2015-05-11 00:00:00,10.45,10.45,10.1,10.4,66963
2015-05-08 00:00:00,10.1,10.45,10.05,10.25,53489
2015-05-07 00:00:00,10.45,10.45,10.0,10.2,53558
2015-05-06 00:00:00,10.3,10.5,10.05,10.05,101285
2015-05-05 00:00:00,10.5,10.5,10.0,10.3,71645
2015-05-04 00:00:00,10.45,10.45,9.9,10.4,170842
2015-05-01 00:00:00,10.1,10.25,10.05,10.05,37944
2015-04-30 00:00:00,10.1,10.25,10.05,10.05,37944
2015-04-29 00:00:00,10.05,10.25,9.85,10.25,123624
2015-04-28 00:00:00,10.15,10.2,9.95,10.05,58581
2015-04-27 00:00:00,10.4,10.4,10.05,10.1,76513
2015-04-24 00:00:00,10.65,10.75,10.4,10.4,9147
2015-04-23 00:00:00,10.35,10.65,10.0,10.55,121523
2015-04-22 00:00:00,9.8,10.0,9.7,10.0,157349
2015-04-21 00:00:00,9.45,9.85,9.45,9.8,172201
2015-04-20 00:00:00,9.4,9.6,9.4,9.55,36497
2015-04-17 00:00:00,9.55,9.6,9.5,9.55,57087
2015-04-16 00:00:00,9.55,9.6,9.45,9.5,33685
2015-04-15 00:00:00,9.4,9.55,9.35,9.55,36514
2015-04-14 00:00:00,9.4,9.5,9.2,9.4,26956
2015-04-13 00:00:00,9.35,9.4,9.25,9.4,125888
2015-04-10 00:00:00,9.3,9.3,9.2,9.3,61234
2015-04-09 00:00:00,9.15,9.3,9.15,9.3,39631
2015-04-08 00:00:00,9.2,9.3,9.05,9.3,77297
2015-04-07 00:00:00,9.25,9.4,9.2,9.3,116012
2015-04-02 00:00:00,9.4,9.4,9.1,9.35,13550
2015-04-01 00:00:00,9.45,9.65,9.25,9.3,18670
2015-03-31 00:00:00,9.7,9.7,9.4,9.4,42700
2015-03-30 00:00:00,9.8,9.9,9.45,9.6,49131
2015-03-27 00:00:00,9.7,9.8,9.55,9.8,63613
2015-03-26 00:00:00,9.9,9.9,9.5,9.7,63094
2015-03-25 00:00:00,9.95,9.95,9.8,9.8,43273
2015-03-24 00:00:00,9.95,9.95,9.85,9.95,18169
2015-03-23 00:00:00,9.75,10.0,9.75,9.8,67740
2015-03-20 00:00:00,9.85,9.95,9.8,9.95,54911
2015-03-19 00:00:00,9.85,9.95,9.85,9.95,55412
2015-03-18 00:00:00,9.55,10.1,9.55,9.9,100246
2015-03-17 00:00:00,10.2,10.2,9.8,9.8,58213
2015-03-16 00:00:00,10.05,10.25,9.8,9.9,65424
2015-03-13 00:00:00,9.95,10.0,9.5,9.65,94865
2015-03-12 00:00:00,10.1,10.1,9.55,9.6,52478
2015-03-11 00:00:00,10.0,10.35,9.75,10.1,120560
2015-03-10 00:00:00,10.0,10.0,9.2,9.55,176782
2015-03-09 00:00:00,10.35,10.45,9.95,10.0,196140
2015-03-06 00:00:00,11.6,11.6,10.25,10.35,222608
2015-03-05 00:00:00,10.6,11.75,10.35,11.25,239006
2015-03-04 00:00:00,10.6,10.6,9.9,10.55,233562
2015-03-03 00:00:00,11.0,12.8,10.55,11.15,577426
2015-03-02 00:00:00,10.1,11.0,10.1,10.85,322148
2015-02-27 00:00:00,9.85,10.0,9.7,9.75,166637
2015-02-26 00:00:00,9.3,9.9,9.3,9.75,429646
2015-02-25 00:00:00,9.1,9.35,9.05,9.2,131706
2015-02-24 00:00:00,8.8,9.05,8.65,9.05,354773
2015-02-23 00:00:00,8.85,8.9,8.7,8.75,158810
2015-02-20 00:00:00,8.75,8.85,8.75,8.8,167752
2015-02-19 00:00:00,8.9,8.9,8.7,8.75,190715
2015-02-18 00:00:00,8.8,8.95,8.8,8.9,1051913
2015-02-17 00:00:00,9.0,9.0,8.65,8.8,151548
2015-02-16 00:00:00,9.0,9.0,8.9,8.9,32885
2015-02-13 00:00:00,8.8,8.95,8.8,8.95,268695
2015-02-12 00:00:00,9.25,9.25,8.25,9.0,551165
2015-02-11 00:00:00,8.7,9.25,8.65,9.25,465038
2015-02-10 00:00:00,8.55,8.75,8.55,8.65,179575
2015-02-09 00:00:00,8.85,8.85,8.6,8.65,70733
2015-02-06 00:00:00,8.7,8.8,8.6,8.7,158005
2015-02-05 00:00:00,8.7,8.7,8.6,8.7,229572
2015-02-04 00:00:00,8.9,8.9,8.6,8.6,381765
2015-02-03 00:00:00,8.25,8.9,8.25,8.75,360228
2015-02-02 00:00:00,7.95,8.25,7.95,8.25,323579
2015-01-30 00:00:00,7.95,7.95,7.8,7.9,201355
2015-01-29 00:00:00,7.65,7.95,7.65,7.9,280881
2015-01-28 00:00:00,7.6,7.7,7.6,7.7,432249
2015-01-27 00:00:00,7.7,7.7,7.55,7.6,286028
2015-01-26 00:00:00,7.4,7.75,7.3,7.65,502773
2015-01-23 00:00:00,7.2,7.3,7.1,7.3,130477
2015-01-22 00:00:00,7.1,7.2,7.0,7.2,301094
2015-01-21 00:00:00,6.9,7.1,6.9,7.0,1849199
2015-01-20 00:00:00,6.95,7.0,6.8,7.0,176458
2015-01-19 00:00:00,6.85,6.95,6.85,6.95,118068
2015-01-16 00:00:00,6.7,6.9,6.7,6.9,112033
2015-01-15 00:00:00,6.9,6.9,6.6,6.85,124572
2015-01-14 00:00:00,7.0,7.0,6.8,6.85,99573
2015-01-13 00:00:00,7.1,7.1,6.9,7.0,278200
2015-01-12 00:00:00,6.4,7.05,6.4,6.9,485767
2015-01-09 00:00:00,6.25,6.3,6.1,6.2,130652
2015-01-08 00:00:00,6.15,6.35,6.15,6.25,150720
2015-01-07 00:00:00,6.15,6.25,6.1,6.15,25340
2015-01-06 00:00:00,,6.25,6.25,6.25,0
2015-01-05 00:00:00,6.3,6.3,6.25,6.25,1534
2015-01-02 00:00:00,6.2,6.4,6.2,6.3,50789
2015-01-01 00:00:00,6.2,6.3,6.2,6.2,72759
2014-12-30 00:00:00,6.2,6.3,6.2,6.2,72759
2014-12-29 00:00:00,6.35,6.4,6.2,6.25,218036
2014-12-23 00:00:00,6.4,6.5,6.25,6.3,62540
2014-12-22 00:00:00,6.5,6.5,6.4,6.4,41755
2014-12-19 00:00:00,6.5,6.5,6.45,6.5,111452
2014-12-18 00:00:00,6.5,6.55,6.4,6.5,150374
2014-12-17 00:00:00,6.05,6.5,6.0,6.5,550694
2014-12-16 00:00:00,6.1,6.2,5.9,6.2,92317
2014-12-15 00:00:00,6.0,6.1,6.0,6.0,64083
2014-12-12 00:00:00,6.25,6.25,6.0,6.05,90346
2014-12-11 00:00:00,6.2,6.2,6.05,6.15,10184
2014-12-10 00:00:00,6.2,6.25,6.15,6.2,5929
2014-12-09 00:00:00,6.25,6.3,6.1,6.2,101115
2014-12-08 00:00:00,6.2,6.25,6.2,6.2,150676
2014-12-05 00:00:00,6.2,6.3,6.1,6.2,70053
2014-12-04 00:00:00,6.05,6.2,6.05,6.2,81666
2014-12-03 00:00:00,6.1,6.2,6.05,6.15,47519
2014-12-02 00:00:00,6.2,6.2,6.05,6.15,99714
2014-12-01 00:00:00,6.4,6.4,6.15,6.15,52482
2014-11-28 00:00:00,6.3,6.3,6.2,6.3,27052
2014-11-27 00:00:00,6.4,6.45,6.3,6.35,40661
2014-11-26 00:00:00,6.3,6.35,6.25,6.35,21932
2014-11-25 00:00:00,6.45,6.45,6.3,6.3,46684
2014-11-24 00:00:00,6.45,6.45,6.3,6.3,26569
2014-11-21 00:00:00,6.5,6.5,6.35,6.4,79495
2014-11-20 00:00:00,6.3,6.45,6.3,6.45,47162
2014-11-19 00:00:00,6.3,6.4,6.3,6.35,81600
2014-11-18 00:00:00,6.35,6.4,6.3,6.4,49650
2014-11-17 00:00:00,6.3,6.45,6.25,6.4,79663
2014-11-14 00:00:00,6.4,6.45,6.35,6.45,33483
2014-11-13 00:00:00,6.5,6.5,6.25,6.4,41051
2014-11-12 00:00:00,6.55,6.55,6.3,6.4,41669
2014-11-11 00:00:00,6.5,6.5,6.35,6.5,29596
2014-11-10 00:00:00,6.6,6.6,6.4,6.5,25290
2014-11-07 00:00:00,6.45,6.5,6.35,6.5,16405
2014-11-06 00:00:00,6.45,6.55,6.4,6.55,29827
2014-11-05 00:00:00,6.6,6.65,6.3,6.5,48807
2014-11-04 00:00:00,6.65,6.65,6.5,6.6,10413
2014-11-03 00:00:00,6.55,6.6,6.55,6.55,35528
2014-10-31 00:00:00,6.7,6.75,6.65,6.75,25888
2014-10-30 00:00:00,6.7,6.7,6.55,6.7,59840
2014-10-29 00:00:00,6.7,6.75,6.65,6.75,106305
2014-10-28 00:00:00,6.7,6.8,6.6,6.6,168698
2014-10-27 00:00:00,6.75,6.75,6.55,6.65,59913
2014-10-24 00:00:00,6.75,6.75,6.5,6.65,126773
2014-10-23 00:00:00,6.7,6.7,6.5,6.65,54532
2014-10-22 00:00:00,6.55,6.75,6.5,6.5,84485
2014-10-21 00:00:00,6.35,6.55,6.35,6.55,99647
2014-10-20 00:00:00,6.1,6.35,6.1,6.35,41000
2014-10-17 00:00:00,5.9,6.15,5.85,6.15,78715
2014-10-16 00:00:00,5.7,5.85,5.55,5.85,66615
2014-10-15 00:00:00,6.0,6.1,5.75,5.75,172498
2014-10-14 00:00:00,5.7,5.95,5.7,5.95,38022
2014-10-13 00:00:00,5.95,6.1,5.65,5.9,124180
2014-10-10 00:00:00,6.25,6.25,5.8,6.15,85713
2014-10-09 00:00:00,6.1,6.3,6.1,6.3,9670
2014-10-08 00:00:00,6.2,6.3,6.1,6.3,59126
2014-10-07 00:00:00,6.3,6.3,6.2,6.2,25625
2014-10-06 00:00:00,6.35,6.45,6.3,6.3,25600
2014-10-03 00:00:00,6.3,6.4,6.3,6.3,34350
2014-10-02 00:00:00,6.55,6.55,6.2,6.3,73384
2014-10-01 00:00:00,6.6,6.6,6.4,6.55,15040
2014-09-30 00:00:00,6.6,6.6,6.45,6.6,17998
2014-09-29 00:00:00,6.65,6.65,6.5,6.6,3992
2014-09-26 00:00:00,6.7,6.75,6.5,6.65,49493
2014-09-25 00:00:00,6.8,6.8,6.55,6.65,75914
2014-09-24 00:00:00,6.75,6.85,6.55,6.85,38299
2014-09-23 00:00:00,6.8,6.85,6.65,6.75,68353
2014-09-22 00:00:00,6.55,6.75,6.55,6.75,171067
2014-09-19 00:00:00,6.6,6.65,6.4,6.5,92605
2014-09-18 00:00:00,6.4,6.6,6.2,6.6,38593
2014-09-17 00:00:00,6.5,6.7,6.4,6.65,53921
2014-09-16 00:00:00,6.35,6.5,6.3,6.3,32391
2014-09-15 00:00:00,6.55,6.55,6.3,6.35,34339
2014-09-12 00:00:00,6.4,6.55,6.4,6.5,61360
2014-09-11 00:00:00,6.6,6.6,6.4,6.5,149233
2014-09-10 00:00:00,6.65,6.65,6.55,6.6,107593
2014-09-09 00:00:00,6.6,6.6,6.5,6.55,226674
2014-09-08 00:00:00,6.7,6.7,6.55,6.6,151225
2014-09-05 00:00:00,6.65,6.65,6.55,6.65,92355
2014-09-04 00:00:00,6.65,6.7,6.6,6.65,167670
2014-09-03 00:00:00,6.55,6.65,6.35,6.55,191258
2014-09-02 00:00:00,6.7,6.7,6.55,6.55,215448
2014-09-01 00:00:00,6.9,7.0,6.6,6.7,96150
2014-08-29 00:00:00,6.6,6.95,6.35,6.85,765443
2014-08-28 00:00:00,6.25,6.55,6.25,6.55,395871
2014-08-27 00:00:00,6.35,6.4,6.3,6.3,207260
2014-08-26 00:00:00,6.4,6.4,6.25,6.35,272523
2014-08-25 00:00:00,6.35,6.4,6.3,6.4,114821
2014-08-22 00:00:00,6.05,6.5,6.0,6.3,448065
2014-08-21 00:00:00,5.9,6.0,5.9,6.0,88866
2014-08-20 00:00:00,5.9,5.9,5.9,5.9,42645
2014-08-19 00:00:00,5.85,6.0,5.85,5.9,20500
2014-08-18 00:00:00,5.85,5.95,5.85,5.9,20315
2014-08-15 00:00:00,5.85,6.0,5.85,6.0,20108
2014-08-14 00:00:00,5.8,5.85,5.8,5.85,1086
2014-08-13 00:00:00,5.8,5.9,5.8,5.85,23334
2014-08-12 00:00:00,5.85,6.0,5.85,5.95,76495
2014-08-11 00:00:00,6.0,6.0,5.95,5.95,31138
2014-08-08 00:00:00,5.95,6.0,5.8,6.0,39174
2014-08-07 00:00:00,5.9,6.0,5.9,6.0,42432
2014-08-06 00:00:00,5.9,6.0,5.85,5.9,156646
2014-08-05 00:00:00,5.8,6.0,5.8,5.9,33830
2014-08-04 00:00:00,5.75,6.0,5.75,5.85,48375
2014-08-01 00:00:00,6.05,6.1,5.75,5.75,12680
2014-07-31 00:00:00,5.9,6.05,5.9,5.9,16658
2014-07-30 00:00:00,6.05,6.05,5.9,5.9,22500
2014-07-29 00:00:00,6.05,6.1,5.9,5.9,31028
2014-07-28 00:00:00,6.1,6.1,5.95,5.95,8276
2014-07-25 00:00:00,6.0,6.1,6.0,6.05,8812
2014-07-24 00:00:00,6.05,6.1,6.0,6.1,80880
2014-07-23 00:00:00,6.0,6.1,5.95,6.1,118343
2014-07-22 00:00:00,5.95,6.05,5.95,6.0,44680
2014-07-21 00:00:00,5.95,5.95,5.85,5.9,48043
2014-07-18 00:00:00,5.8,5.95,5.75,5.95,79426
2014-07-17 00:00:00,5.9,5.9,5.7,5.8,29002
2014-07-16 00:00:00,5.85,5.9,5.75,5.9,64960
2014-07-15 00:00:00,6.05,6.05,5.7,5.85,88995
2014-07-14 00:00:00,6.0,6.1,5.7,6.05,68383
2014-07-11 00:00:00,5.65,6.05,5.65,5.95,24050
2014-07-10 00:00:00,5.9,5.95,5.65,5.95,17800
2014-07-09 00:00:00,5.9,6.0,5.8,5.95,19202
2014-07-08 00:00:00,5.75,5.9,5.75,5.9,6000
2014-07-07 00:00:00,5.7,5.9,5.7,5.9,14485
2014-07-04 00:00:00,5.7,5.95,5.65,5.8,46730
2014-07-03 00:00:00,5.9,5.95,5.8,5.85,87786
2014-07-02 00:00:00,5.95,5.95,5.85,5.9,6670
2014-07-01 00:00:00,5.95,6.1,5.9,5.9,14500
2014-06-30 00:00:00,5.7,6.1,5.7,5.95,146376
2014-06-27 00:00:00,5.75,5.95,5.7,5.95,39596
2014-06-26 00:00:00,5.75,5.8,5.65,5.8,60711
2014-06-25 00:00:00,5.65,5.7,5.55,5.7,50528
2014-06-24 00:00:00,5.9,5.9,5.7,5.7,41624
2014-06-23 00:00:00,5.85,6.0,5.65,5.85,88149
2014-06-20 00:00:00,,5.9,5.9,5.9,0
2014-06-19 00:00:00,5.85,6.0,5.85,5.9,20100
2014-06-18 00:00:00,5.85,6.0,5.8,6.0,101329
2014-06-17 00:00:00,5.9,6.0,5.7,6.0,70960
2014-06-16 00:00:00,6.0,6.0,5.8,5.9,112725
2014-06-13 00:00:00,5.95,6.05,5.95,6.05,113238
2014-06-12 00:00:00,6.3,6.3,5.9,6.1,203020
2014-06-11 00:00:00,6.2,6.3,6.15,6.3,80757
2014-06-10 00:00:00,6.3,6.35,6.1,6.35,87536
2014-06-09 00:00:00,6.65,6.65,6.35,6.45,117512
2014-06-06 00:00:00,,6.65,6.65,6.65,0
2014-06-05 00:00:00,6.6,6.65,6.55,6.65,42073
2014-06-04 00:00:00,6.65,6.75,6.6,6.7,39264
2014-06-03 00:00:00,6.65,6.8,6.65,6.75,51086
2014-06-02 00:00:00,6.85,6.85,6.6,6.8,43506
2014-05-30 00:00:00,6.7,6.85,6.65,6.8,81740
2014-05-28 00:00:00,6.7,6.8,6.65,6.7,42270
2014-05-27 00:00:00,6.85,6.85,6.65,6.75,53415
2014-05-26 00:00:00,7.05,7.05,6.7,6.85,170228
2014-05-23 00:00:00,6.9,6.95,6.7,6.95,64946
2014-05-22 00:00:00,6.8,6.9,6.8,6.85,1756905
2014-05-21 00:00:00,6.95,6.95,6.7,6.8,384089
2014-05-20 00:00:00,7.1,7.15,6.85,7.0,272703
2014-05-19 00:00:00,7.45,7.45,6.9,7.1,253900
2014-05-16 00:00:00,7.45,7.45,7.2,7.3,236507
2014-05-15 00:00:00,7.45,7.45,7.1,7.4,390418
2014-05-14 00:00:00,6.9,7.75,6.85,7.4,1716872
2014-05-13 00:00:00,6.83,6.94,6.8,6.9,1224626
2014-05-12 00:00:00,6.73,6.9,6.7,6.83,956837
2014-05-09 00:00:00,6.6,6.77,6.46,6.77,568878
2014-05-08 00:00:00,6.43,6.53,6.36,6.53,243332
2014-05-07 00:00:00,6.46,6.46,6.26,6.46,150917
2014-05-06 00:00:00,6.5,6.5,6.36,6.46,119195
2014-05-05 00:00:00,6.56,6.56,6.43,6.43,119810
2014-05-02 00:00:00,6.26,6.46,6.16,6.39,464794
2014-05-01 00:00:00,,6.29,6.29,6.29,0
2014-04-30 00:00:00,6.12,6.29,6.06,6.29,5837526
2014-04-29 00:00:00,6.39,6.39,6.02,6.09,295996
2014-04-28 00:00:00,6.43,6.43,6.26,6.39,291770
2014-04-25 00:00:00,6.43,6.43,6.26,6.43,298047
2014-04-24 00:00:00,6.39,6.43,6.26,6.43,86830
2014-04-23 00:00:00,6.43,6.43,6.23,6.26,463446
2014-04-22 00:00:00,6.63,6.63,6.26,6.43,508630
2014-04-17 00:00:00,6.53,6.6,6.53,6.6,38965
2014-04-16 00:00:00,6.56,6.67,6.53,6.63,209781
2014-04-15 00:00:00,6.5,6.77,6.5,6.56,142027
2014-04-14 00:00:00,6.97,6.97,6.5,6.6,486993
2014-04-11 00:00:00,6.9,6.97,6.87,6.97,237365
2014-04-10 00:00:00,6.97,6.97,6.8,6.94,289541
2014-04-09 00:00:00,6.94,6.97,6.9,6.97,442557
2014-04-08 00:00:00,6.83,6.94,6.8,6.94,450684
2014-04-07 00:00:00,6.67,6.94,6.43,6.83,658624
2014-04-04 00:00:00,6.53,6.67,6.5,6.67,454334
2014-04-03 00:00:00,6.67,6.67,6.5,6.63,312030
2014-04-02 00:00:00,6.67,6.7,6.43,6.67,511101
2014-04-01 00:00:00,6.77,6.77,6.67,6.77,206288
2014-03-31 00:00:00,6.73,6.83,6.7,6.7,121713
2014-03-28 00:00:00,6.87,6.97,6.67,6.7,349964
2014-03-27 00:00:00,7.11,7.11,6.87,6.87,86466
2014-03-26 00:00:00,7.17,7.21,7.04,7.14,190050
2014-03-25 00:00:00,7.24,7.24,7.04,7.14,109945
2014-03-24 00:00:00,6.94,7.24,6.94,7.07,171386
2014-03-21 00:00:00,7.31,7.31,6.94,6.94,123717
2014-03-20 00:00:00,7.11,7.11,6.97,7.0,123605
2014-03-19 00:00:00,7.0,7.27,6.97,7.0,336646
2014-03-18 00:00:00,7.04,7.04,6.9,6.97,314202
2014-03-17 00:00:00,7.11,7.11,6.9,6.97,373806
2014-03-14 00:00:00,7.07,7.07,6.83,6.94,217203
2014-03-13 00:00:00,7.31,7.31,7.0,7.07,246418
2014-03-12 00:00:00,7.07,7.31,6.94,7.31,223888
2014-03-11 00:00:00,7.04,7.34,7.0,7.0,148059
2014-03-10 00:00:00,6.97,7.04,6.87,7.0,179248
2014-03-07 00:00:00,7.24,7.24,6.94,7.0,150884
2014-03-06 00:00:00,7.27,7.27,7.0,7.11,125733
2014-03-05 00:00:00,7.41,7.41,7.11,7.14,474745
2014-03-04 00:00:00,6.94,7.27,6.94,7.27,194366
2014-03-03 00:00:00,7.07,7.11,6.77,7.0,267112
2014-02-28 00:00:00,7.38,7.38,7.11,7.21,177469
2014-02-27 00:00:00,7.41,7.65,7.38,7.38,92676
2014-02-26 00:00:00,7.58,7.58,7.41,7.41,122706
2014-02-25 00:00:00,7.71,7.71,7.55,7.58,165869
2014-02-24 00:00:00,7.65,7.78,7.48,7.75,110075
2014-02-21 00:00:00,7.51,7.65,7.51,7.65,131700
2014-02-20 00:00:00,7.58,7.58,7.44,7.55,106649
2014-02-19 00:00:00,7.58,7.61,7.55,7.58,71804
2014-02-18 00:00:00,7.85,7.85,7.58,7.61,275674
2014-02-17 00:00:00,7.92,7.92,7.71,7.85,97842
2014-02-14 00:00:00,8.12,8.12,7.85,7.85,119050
2014-02-13 00:00:00,8.19,8.22,7.71,7.92,164521
2014-02-12 00:00:00,8.12,8.22,7.88,8.19,208085
2014-02-11 00:00:00,8.05,8.19,8.02,8.19,133586
2014-02-10 00:00:00,7.78,8.12,7.71,7.99,174537
2014-02-07 00:00:00,8.02,8.02,7.65,7.78,136922
2014-02-06 00:00:00,7.78,8.05,7.61,7.99,135421
2014-02-05 00:00:00,7.75,8.05,7.65,7.78,196848
2014-02-04 00:00:00,7.78,8.09,7.65,7.75,267375
2014-02-03 00:00:00,8.12,8.12,7.68,7.92,164813
2014-01-31 00:00:00,8.39,8.39,8.09,8.09,180466
2014-01-30 00:00:00,8.05,8.42,7.95,8.29,321588
2014-01-29 00:00:00,7.68,8.36,7.58,7.99,798248
2014-01-28 00:00:00,7.14,7.41,7.11,7.27,72578
2014-01-27 00:00:00,7.55,7.55,7.14,7.14,135983
2014-01-24 00:00:00,7.55,7.68,7.27,7.44,218692
2014-01-23 00:00:00,7.65,7.65,7.31,7.61,113704
2014-01-22 00:00:00,7.11,7.78,7.11,7.71,274418
2014-01-21 00:00:00,6.94,7.11,6.9,7.0,164367
2014-01-20 00:00:00,6.97,7.04,6.9,6.94,44318
2014-01-17 00:00:00,7.07,7.07,6.87,6.97,68686
2014-01-16 00:00:00,6.83,7.0,6.83,6.87,66259
2014-01-15 00:00:00,6.77,7.11,6.77,6.97,136296
2014-01-14 00:00:00,6.5,7.0,6.46,6.77,217924
2014-01-13 00:00:00,6.7,6.7,6.36,6.53,445692
2014-01-10 00:00:00,7.11,7.11,6.5,6.7,441188
2014-01-09 00:00:00,7.17,7.34,7.11,7.11,158305
2014-01-08 00:00:00,7.44,7.51,7.31,7.38,130426
2014-01-07 00:00:00,7.71,7.71,7.11,7.51,225493
2014-01-06 00:00:00,,7.38,7.38,7.38,0
2014-01-03 00:00:00,7.82,7.92,7.17,7.38,213213
2014-01-02 00:00:00,7.78,8.05,7.78,7.82,183120
2013-12-31 00:00:00,,7.78,7.78,7.78,0
2013-12-30 00:00:00,7.78,8.05,7.78,7.78,178509
2013-12-27 00:00:00,7.75,8.05,7.71,7.78,181610
2013-12-23 00:00:00,7.78,7.78,6.8,7.75,406405
2013-12-20 00:00:00,7.27,7.78,7.21,7.78,476181
2013-12-19 00:00:00,7.27,8.46,7.11,7.21,1153011
2013-12-18 00:00:00,6.46,7.27,6.46,7.27,1263704
2013-12-17 00:00:00,5.41,7.27,5.41,6.36,1000245
2013-12-16 00:00:00,5.01,5.41,4.94,5.31,190718
2013-12-13 00:00:00,4.94,4.94,4.91,4.94,43224
2013-12-12 00:00:00,4.92,4.94,4.91,4.91,76843
2013-12-11 00:00:00,4.92,4.94,4.86,4.92,121489
2013-12-10 00:00:00,4.91,5.01,4.91,4.91,453244
2013-12-09 00:00:00,4.94,4.97,4.8,4.82,156547
2013-12-06 00:00:00,4.97,5.01,4.77,4.91,95534
2013-12-05 00:00:00,4.86,4.94,4.86,4.86,20242
2013-12-04 00:00:00,4.74,4.87,4.58,4.86,50598
2013-12-03 00:00:00,4.86,4.86,4.65,4.65,98341
2013-12-02 00:00:00,4.94,4.94,4.87,4.87,47111
2013-11-29 00:00:00,4.7,4.87,4.7,4.87,132995
2013-11-28 00:00:00,4.5,5.02,4.5,4.7,685883
2013-11-27 00:00:00,4.5,4.52,4.43,4.5,37978
2013-11-26 00:00:00,4.47,4.52,4.4,4.52,50034
2013-11-25 00:00:00,4.48,4.53,4.4,4.53,40517
2013-11-22 00:00:00,4.4,4.45,4.36,4.45,58599
2013-11-21 00:00:00,4.38,4.45,4.36,4.4,116698
2013-11-20 00:00:00,4.4,4.45,4.36,4.36,42766
2013-11-19 00:00:00,4.43,4.48,4.31,4.36,89123
2013-11-18 00:00:00,4.5,4.53,4.45,4.5,40538
2013-11-15 00:00:00,4.5,4.5,4.36,4.5,162162
2013-11-14 00:00:00,4.43,4.5,4.4,4.48,185378
2013-11-13 00:00:00,4.36,4.4,4.36,4.4,109546
2013-11-12 00:00:00,4.4,4.4,4.23,4.4,80316
2013-11-11 00:00:00,4.18,4.47,4.14,4.45,139033
2013-11-08 00:00:00,4.23,4.23,4.18,4.18,8405
2013-11-07 00:00:00,4.21,4.23,4.09,4.23,72824
2013-11-06 00:00:00,4.08,4.2,4.06,4.2,61392
2013-11-05 00:00:00,4.16,4.16,4.06,4.16,44259
2013-11-04 00:00:00,4.23,4.23,4.06,4.21,49132
2013-11-01 00:00:00,4.2,4.2,4.2,4.2,3960
2013-10-31 00:00:00,4.06,4.18,4.06,4.18,70920
2013-10-30 00:00:00,4.06,4.2,3.98,4.08,60529
2013-10-29 00:00:00,4.03,4.16,4.03,4.06,20097
2013-10-28 00:00:00,4.18,4.26,4.01,4.03,182428
2013-10-25 00:00:00,4.23,4.28,4.16,4.2,32239
2013-10-24 00:00:00,4.31,4.36,4.16,4.3,47436
2013-10-23 00:00:00,4.2,4.53,4.18,4.36,164793
2013-10-22 00:00:00,4.16,4.23,4.16,4.23,14367
2013-10-21 00:00:00,4.28,4.28,4.23,4.26,74730
2013-10-18 00:00:00,4.16,4.23,4.16,4.21,33988
2013-10-17 00:00:00,4.2,4.2,4.06,4.06,19013
2013-10-16 00:00:00,4.06,4.2,4.06,4.2,18029
2013-10-15 00:00:00,4.06,4.2,4.06,4.2,31396
2013-10-14 00:00:00,4.23,4.23,4.03,4.03,28875
2013-10-11 00:00:00,4.23,4.23,4.09,4.23,32747
2013-10-10 00:00:00,4.16,4.23,4.16,4.16,75096
2013-10-09 00:00:00,4.06,4.16,3.99,4.16,122668
2013-10-08 00:00:00,4.2,4.23,4.03,4.18,863937
2013-10-07 00:00:00,4.13,4.4,4.06,4.23,106673
2013-10-04 00:00:00,4.26,4.33,4.25,4.25,11485
2013-10-03 00:00:00,4.23,4.36,4.23,4.23,97526
2013-10-02 00:00:00,4.11,4.4,4.11,4.23,66449
2013-10-01 00:00:00,4.4,4.4,4.16,4.23,131005
2013-09-30 00:00:00,4.57,4.57,4.45,4.48,194466
2013-09-27 00:00:00,4.45,4.57,4.45,4.57,91192
2013-09-26 00:00:00,4.53,4.53,4.31,4.4,76178
2013-09-25 00:00:00,4.53,4.53,4.31,4.53,26697
2013-09-24 00:00:00,4.5,4.55,4.43,4.53,45193
2013-09-23 00:00:00,4.5,4.62,4.26,4.4,156789
2013-09-20 00:00:00,4.4,4.7,4.35,4.55,226063
2013-09-19 00:00:00,4.4,4.43,4.36,4.4,106339
2013-09-18 00:00:00,4.23,4.4,4.23,4.38,57390
2013-09-17 00:00:00,4.33,4.4,4.31,4.35,148313
2013-09-16 00:00:00,4.36,4.4,4.3,4.31,55859
2013-09-13 00:00:00,4.13,4.23,4.13,4.18,196895
2013-09-12 00:00:00,3.99,4.06,3.96,4.06,84909
2013-09-11 00:00:00,3.92,4.03,3.86,4.03,3096687
2013-09-10 00:00:00,3.92,4.03,3.76,3.96,204674
2013-09-09 00:00:00,3.91,3.99,3.81,3.96,171942
2013-09-06 00:00:00,4.3,4.3,3.89,4.04,334391
2013-09-05 00:00:00,4.57,4.6,4.2,4.28,615663
2013-09-04 00:00:00,4.48,4.67,4.08,4.38,312671
2013-09-03 00:00:00,4.4,4.57,4.36,4.36,621456
2013-09-02 00:00:00,4.4,4.7,4.21,4.35,4237764
2013-08-30 00:00:00,3.72,4.26,3.72,4.01,379729
2013-08-29 00:00:00,3.55,3.89,3.52,3.86,172223
2013-08-28 00:00:00,3.43,3.52,3.42,3.52,238281
2013-08-27 00:00:00,3.37,3.45,3.35,3.35,359010
2013-08-26 00:00:00,3.38,3.55,3.32,3.37,649143
2013-08-23 00:00:00,3.18,3.52,3.18,3.38,600605
2013-08-22 00:00:00,3.03,3.21,3.03,3.1,324183
2013-08-21 00:00:00,3.01,3.05,2.94,2.94,146297
2013-08-20 00:00:00,2.94,3.05,2.94,3.01,68231
2013-08-19 00:00:00,3.03,3.03,2.96,3.01,237770
2013-08-16 00:00:00,2.99,3.01,2.88,3.01,57233
2013-08-15 00:00:00,2.94,3.01,2.88,2.98,45810
2013-08-14 00:00:00,2.91,2.94,2.88,2.94,272456
2013-08-13 00:00:00,2.86,2.88,2.84,2.88,80939
2013-08-12 00:00:00,2.84,2.91,2.84,2.88,85095
2013-08-09 00:00:00,2.88,2.88,2.81,2.86,82458
2013-08-08 00:00:00,2.91,2.91,2.91,2.91,8069
2013-08-07 00:00:00,2.84,2.91,2.84,2.91,3990
2013-08-06 00:00:00,2.86,2.93,2.86,2.93,44333
2013-08-05 00:00:00,2.88,2.94,2.88,2.88,168360
2013-08-02 00:00:00,2.83,2.88,2.77,2.88,50716
2013-08-01 00:00:00,2.93,2.94,2.77,2.84,116175
2013-07-31 00:00:00,2.84,2.93,2.77,2.93,166788
2013-07-30 00:00:00,2.89,2.94,2.88,2.89,278893
2013-07-29 00:00:00,2.98,3.1,2.88,2.94,445116
2013-07-26 00:00:00,3.01,3.01,2.89,2.99,109147
2013-07-25 00:00:00,3.01,3.01,3.01,3.01,8275
2013-07-24 00:00:00,3.06,3.11,3.01,3.01,14630
2013-07-23 00:00:00,3.06,3.06,3.06,3.06,2512
2013-07-22 00:00:00,3.18,3.18,3.05,3.11,26691
2013-07-19 00:00:00,3.05,3.21,2.99,3.16,81861
2013-07-18 00:00:00,2.86,3.05,2.84,3.05,233097
2013-07-17 00:00:00,2.83,2.86,2.83,2.86,7655
2013-07-16 00:00:00,2.88,2.88,2.67,2.79,64406
2013-07-15 00:00:00,2.88,2.88,2.84,2.88,33161
2013-07-12 00:00:00,2.81,2.89,2.81,2.89,15032
2013-07-11 00:00:00,2.71,2.74,2.71,2.74,10640
2013-07-10 00:00:00,2.71,2.71,2.61,2.67,17414
2013-07-09 00:00:00,2.71,2.81,2.64,2.71,47264
2013-07-08 00:00:00,3.05,3.05,2.74,2.77,59479
2013-07-05 00:00:00,2.98,3.01,2.91,2.98,20097
2013-07-04 00:00:00,3.05,3.05,3.05,3.05,2069
2013-07-03 00:00:00,3.03,3.1,2.98,3.05,77257
2013-07-02 00:00:00,,3.05,3.05,3.05,0
2013-07-01 00:00:00,3.2,3.2,2.98,3.05,79119
2013-06-28 00:00:00,3.05,3.32,3.05,3.21,155507
2013-06-27 00:00:00,2.98,2.98,2.86,2.88,66750
2013-06-26 00:00:00,3.01,3.01,2.84,2.96,108272
2013-06-25 00:00:00,3.32,3.32,2.88,3.11,146333
2013-06-24 00:00:00,3.2,3.35,3.2,3.32,63192
2013-06-21 00:00:00,,3.18,3.18,3.18,0
2013-06-20 00:00:00,3.15,3.18,3.15,3.18,12265
2013-06-19 00:00:00,3.11,3.18,3.06,3.18,22757
2013-06-18 00:00:00,3.15,3.16,3.05,3.16,7989
2013-06-17 00:00:00,3.05,3.05,3.05,3.05,4927
2013-06-14 00:00:00,3.05,3.05,3.03,3.03,9573
2013-06-13 00:00:00,3.13,3.13,3.13,3.13,4794
2013-06-12 00:00:00,3.16,3.16,2.77,3.1,38448
2013-06-11 00:00:00,3.28,3.28,3.18,3.18,11346
2013-06-10 00:00:00,3.03,3.38,3.03,3.28,174590
2013-06-07 00:00:00,3.01,3.01,3.01,3.01,10196
2013-06-06 00:00:00,,2.94,2.94,2.94,0
2013-06-05 00:00:00,2.98,2.98,2.94,2.94,10049
2013-06-04 00:00:00,3.03,3.03,2.98,2.98,46106
2013-06-03 00:00:00,3.01,3.05,3.01,3.05,5556
2013-05-31 00:00:00,3.03,3.03,3.03,3.03,4820
2013-05-30 00:00:00,3.03,3.05,2.96,2.96,58613
2013-05-29 00:00:00,2.94,2.96,2.94,2.96,165399
2013-05-28 00:00:00,2.98,3.03,2.93,3.01,116834
2013-05-27 00:00:00,2.88,3.05,2.86,2.96,295834
2013-05-24 00:00:00,2.79,2.83,2.76,2.79,169590
2013-05-23 00:00:00,2.84,2.88,2.76,2.79,426050
2013-05-22 00:00:00,2.5,2.76,2.5,2.76,386346
2013-05-21 00:00:00,2.5,2.54,2.5,2.54,5024
2013-05-20 00:00:00,2.59,2.59,2.54,2.54,17538
2013-05-17 00:00:00,2.49,2.59,2.47,2.59,10492
2013-05-16 00:00:00,2.52,2.52,2.5,2.5,16870
2013-05-15 00:00:00,2.59,2.59,2.54,2.54,14662
2013-05-14 00:00:00,2.61,2.64,2.5,2.64,44333
2013-05-13 00:00:00,2.71,2.71,2.64,2.64,12898
2013-05-10 00:00:00,2.64,2.74,2.64,2.64,30950
2013-05-09 00:00:00,,2.71,2.71,2.71,0
2013-05-08 00:00:00,2.71,2.71,2.71,2.71,9458
2013-05-07 00:00:00,2.66,2.71,2.62,2.71,33956
2013-05-06 00:00:00,,2.74,2.74,2.74,0
2013-05-03 00:00:00,2.66,2.74,2.66,2.74,7389
2013-05-02 00:00:00,2.86,2.86,2.66,2.74,50054
2013-05-01 00:00:00,,2.76,2.76,2.76,0
2013-04-30 00:00:00,,2.76,2.76,2.76,0
2013-04-29 00:00:00,2.84,2.84,2.76,2.76,17089
2013-04-26 00:00:00,3.11,3.21,2.88,2.88,30968
2013-04-25 00:00:00,2.83,3.3,2.83,3.13,46537
2013-04-24 00:00:00,2.45,2.71,2.45,2.71,27708
2013-04-23 00:00:00,,2.45,2.45,2.45,0
2013-04-22 00:00:00,2.52,2.57,2.45,2.45,22125
2013-04-19 00:00:00,2.5,2.54,2.5,2.5,31559
2013-04-18 00:00:00,2.45,2.5,2.45,2.5,9218
2013-04-17 00:00:00,,2.42,2.42,2.42,0
2013-04-16 00:00:00,2.42,2.42,2.42,2.42,7028
2013-04-15 00:00:00,2.39,2.42,2.35,2.42,14180
2013-04-12 00:00:00,,2.4,2.4,2.4,0
2013-04-11 00:00:00,2.42,2.45,2.39,2.4,104193
2013-04-10 00:00:00,,2.45,2.45,2.45,0
2013-04-09 00:00:00,,2.45,2.45,2.45,0
2013-04-08 00:00:00,,2.45,2.45,2.45,0
2013-04-05 00:00:00,2.45,2.45,2.45,2.45,91174
2013-04-04 00:00:00,2.54,2.54,2.45,2.45,29463
2013-04-03 00:00:00,2.45,2.45,2.44,2.44,10297
2013-04-02 00:00:00,2.45,2.45,2.45,2.45,22166
2013-04-01 00:00:00,,2.47,2.47,2.47,0
2013-03-29 00:00:00,2.44,2.47,2.47,2.47,27309
2013-03-28 00:00:00,2.44,2.52,2.44,2.47,27309
2013-03-27 00:00:00,2.44,2.52,2.44,2.47,27309
2013-03-26 00:00:00,2.39,2.39,2.39,2.39,2956
2013-03-25 00:00:00,2.39,2.39,2.39,2.39,7220
2013-03-22 00:00:00,2.39,2.39,2.39,2.39,928
2013-03-21 00:00:00,2.35,2.35,2.35,2.35,6381
2013-03-20 00:00:00,2.37,2.37,2.37,2.37,6207
2013-03-19 00:00:00,,2.28,2.28,2.28,0
2013-03-18 00:00:00,2.28,2.28,2.28,2.28,887
2013-03-15 00:00:00,2.37,2.37,2.37,2.37,227996
2013-03-14 00:00:00,2.3,2.3,2.3,2.3,148
2013-03-13 00:00:00,2.28,2.28,2.2,2.2,14778
2013-03-12 00:00:00,2.3,2.3,2.3,2.3,14778
2013-03-11 00:00:00,2.3,2.3,2.2,2.28,20689
2013-03-08 00:00:00,2.37,2.37,2.28,2.28,22938
2013-03-07 00:00:00,2.39,2.39,2.39,2.39,6289
2013-03-06 00:00:00,2.39,2.44,2.37,2.37,25400
2013-03-05 00:00:00,2.35,2.35,2.28,2.32,21859
2013-03-04 00:00:00,2.2,2.37,2.2,2.35,22763
2013-03-01 00:00:00,2.18,2.2,2.18,2.2,37461
2013-02-28 00:00:00,2.06,2.15,2.06,2.15,20097
2013-02-27 00:00:00,,2.2,2.2,2.2,0
2013-02-26 00:00:00,,2.2,2.2,2.2,0
2013-02-25 00:00:00,2.11,2.2,2.11,2.2,14778
2013-02-22 00:00:00,2.1,2.11,2.03,2.03,30737
2013-02-21 00:00:00,,2.11,2.11,2.11,0
2013-02-20 00:00:00,2.18,2.18,2.11,2.11,8571
2013-02-19 00:00:00,,2.2,2.2,2.2,0
2013-02-18 00:00:00,2.23,2.23,2.2,2.2,17733
2013-02-15 00:00:00,2.2,2.27,2.2,2.27,30761
2013-02-14 00:00:00,2.22,2.22,2.22,2.22,3499
2013-02-13 00:00:00,2.2,2.2,2.2,2.2,8867
2013-02-12 00:00:00,2.11,2.32,2.11,2.27,51299
2013-02-11 00:00:00,2.08,2.08,2.08,2.08,2956
2013-02-08 00:00:00,,2.06,2.06,2.06,0
2013-02-07 00:00:00,,2.06,2.06,2.06,0
2013-02-06 00:00:00,2.13,2.13,2.06,2.06,22902
2013-02-05 00:00:00,2.13,2.13,2.13,2.13,7980
2013-02-04 00:00:00,2.06,2.13,2.06,2.13,14659
2013-02-01 00:00:00,,2.06,2.06,2.06,0
2013-01-31 00:00:00,,2.06,2.06,2.06,0
2013-01-30 00:00:00,,2.06,2.06,2.06,0
2013-01-29 00:00:00,2.06,2.06,2.06,2.06,7271
2013-01-28 00:00:00,2.05,2.05,2.05,2.05,7093
2013-01-25 00:00:00,2.05,2.05,2.05,2.05,296
2013-01-24 00:00:00,2.11,2.11,2.11,2.11,4138
2013-01-23 00:00:00,2.2,2.2,2.2,2.2,6821
2013-01-22 00:00:00,2.32,2.32,2.2,2.2,39899
2013-01-21 00:00:00,2.18,2.33,2.18,2.33,44309
2013-01-18 00:00:00,2.11,2.2,2.11,2.11,323834
2013-01-17 00:00:00,2.11,2.11,2.1,2.1,6798
2013-01-16 00:00:00,1.98,1.98,1.98,1.98,2956
2013-01-15 00:00:00,1.91,1.98,1.91,1.98,10536
2013-01-14 00:00:00,1.91,1.91,1.91,1.91,296
2013-01-11 00:00:00,1.98,1.98,1.98,1.98,14778
2013-01-10 00:00:00,1.98,1.98,1.98,1.98,13492
2013-01-09 00:00:00,,1.98,1.98,1.98,0
2013-01-08 00:00:00,2.03,2.03,1.98,1.98,26600
2013-01-07 00:00:00,2.1,2.1,2.03,2.03,18029
2013-01-04 00:00:00,2.05,2.11,2.05,2.1,17733
2013-01-03 00:00:00,1.89,1.98,1.89,1.98,12118
2013-01-02 00:00:00,1.89,1.89,1.89,1.89,12457
2013-01-01 00:00:00,,1.86,1.86,1.86,0
2012-12-31 00:00:00,,1.86,1.86,1.86,0
2012-12-28 00:00:00,1.86,1.86,1.86,1.86,5911
2012-12-27 00:00:00,1.86,1.89,1.83,1.89,7093
2012-12-26 00:00:00,,1.86,1.86,1.86,0
2012-12-25 00:00:00,,1.86,1.86,1.86,0
2012-12-24 00:00:00,,1.86,1.86,1.86,0
2012-12-21 00:00:00,1.83,1.86,1.83,1.86,14925
2012-12-20 00:00:00,1.76,1.89,1.76,1.86,47814
2012-12-19 00:00:00,1.76,1.84,1.76,1.83,37765
2012-12-18 00:00:00,1.76,1.83,1.76,1.76,39190
2012-12-17 00:00:00,1.76,1.76,1.69,1.76,43993
2012-12-14 00:00:00,1.58,1.73,1.58,1.73,22181
2012-12-13 00:00:00,1.52,1.52,1.52,1.52,16672
2012-12-12 00:00:00,,1.47,1.47,1.47,0
2012-12-11 00:00:00,,1.47,1.47,1.47,0
2012-12-10 00:00:00,,1.47,1.47,1.47,0
2012-12-07 00:00:00,,1.47,1.47,1.47,0
2012-12-06 00:00:00,1.47,1.47,1.47,1.47,11822
2012-12-05 00:00:00,,1.47,1.47,1.47,0
2012-12-04 00:00:00,,1.47,1.47,1.47,0
2012-12-03 00:00:00,1.47,1.47,1.47,1.47,7093
2012-11-30 00:00:00,,1.49,1.49,1.49,0
2012-11-29 00:00:00,1.49,1.49,1.49,1.49,592282
2012-11-28 00:00:00,,1.49,1.49,1.49,0
2012-11-27 00:00:00,,1.49,1.49,1.49,0
2012-11-26 00:00:00,,1.49,1.49,1.49,0
2012-11-23 00:00:00,1.48,1.49,1.48,1.49,157921
2012-11-22 00:00:00,1.43,1.43,1.43,1.43,76409
2012-11-21 00:00:00,1.42,1.42,1.42,1.42,591
2012-11-20 00:00:00,,1.42,1.42,1.42,0
2012-11-19 00:00:00,1.43,1.43,1.38,1.42,44740
2012-11-16 00:00:00,,1.49,1.49,1.49,0
2012-11-15 00:00:00,1.49,1.49,1.49,1.49,10049
2012-11-14 00:00:00,1.52,1.52,1.52,1.52,5320
2012-11-13 00:00:00,1.52,1.52,1.52,1.52,9898
2012-11-12 00:00:00,,1.56,1.56,1.56,0
2012-11-09 00:00:00,1.59,1.59,1.56,1.56,31033
2012-11-08 00:00:00,1.59,1.59,1.59,1.59,8867
2012-11-07 00:00:00,,1.62,1.62,1.62,0
2012-11-06 00:00:00,,1.62,1.62,1.62,0
2012-11-05 00:00:00,1.65,1.65,1.62,1.62,15147
2012-11-02 00:00:00,,1.62,1.62,1.62,0
2012-11-01 00:00:00,1.62,1.62,1.62,1.62,17210
2012-10-31 00:00:00,,1.62,1.62,1.62,0
2012-10-30 00:00:00,,1.62,1.62,1.62,0
2012-10-29 00:00:00,1.62,1.62,1.62,1.62,38791
2012-10-26 00:00:00,1.66,1.69,1.66,1.69,13300
2012-10-25 00:00:00,1.59,1.62,1.59,1.62,32511
2012-10-24 00:00:00,1.59,1.59,1.59,1.59,23644
2012-10-23 00:00:00,1.61,1.62,1.59,1.59,21256
2012-10-22 00:00:00,1.35,1.61,1.35,1.61,52998
2012-10-19 00:00:00,,1.64,1.64,1.64,0
2012-10-18 00:00:00,1.69,1.69,1.64,1.64,11526
2012-10-17 00:00:00,,1.65,1.65,1.65,0
2012-10-16 00:00:00,1.65,1.65,1.65,1.65,9067
2012-10-15 00:00:00,,1.62,1.62,1.62,0
2012-10-12 00:00:00,,1.62,1.62,1.62,0
2012-10-11 00:00:00,1.65,1.65,1.62,1.62,35667
2012-10-10 00:00:00,1.59,1.65,1.59,1.65,100954
2012-10-09 00:00:00,,1.61,1.61,1.61,0
2012-10-08 00:00:00,1.59,1.61,1.59,1.61,18200
2012-10-05 00:00:00,,1.62,1.62,1.62,0
2012-10-04 00:00:00,,1.62,1.62,1.62,0
2012-10-03 00:00:00,1.61,1.62,1.61,1.62,65021
2012-10-02 00:00:00,1.61,1.61,1.61,1.61,591
2012-10-01 00:00:00,,1.62,1.62,1.62,0
2012-09-28 00:00:00,,1.62,1.62,1.62,0
2012-09-27 00:00:00,1.62,1.62,1.62,1.62,2956
2012-09-26 00:00:00,1.64,1.64,1.64,1.64,2956
2012-09-25 00:00:00,1.69,1.69,1.69,1.69,5911
2012-09-24 00:00:00,1.69,1.69,1.69,1.69,32732
2012-09-21 00:00:00,1.78,1.78,1.78,1.78,420
2012-09-20 00:00:00,1.56,1.78,1.56,1.78,83091
2012-09-19 00:00:00,1.62,1.62,1.61,1.61,29812
2012-09-18 00:00:00,1.69,1.69,1.69,1.69,32511
2012-09-17 00:00:00,1.71,1.71,1.69,1.69,2929
2012-09-14 00:00:00,1.79,1.79,1.69,1.69,21280
2012-09-13 00:00:00,,1.84,1.84,1.84,0
2012-09-12 00:00:00,1.91,1.93,1.84,1.84,21549
2012-09-11 00:00:00,,2.0,2.0,2.0,0
2012-09-10 00:00:00,1.86,2.0,1.86,2.0,68562
2012-09-07 00:00:00,,1.86,1.86,1.86,0
2012-09-06 00:00:00,1.86,1.86,1.86,1.86,5911
2012-09-05 00:00:00,,1.86,1.86,1.86,0
2012-09-04 00:00:00,1.86,1.86,1.86,1.86,96054
2012-09-03 00:00:00,1.93,1.93,1.86,1.86,45367
2012-08-31 00:00:00,,1.93,1.93,1.93,0
2012-08-30 00:00:00,,1.93,1.93,1.93,0
2012-08-29 00:00:00,,1.93,1.93,1.93,0
2012-08-28 00:00:00,1.93,1.93,1.93,1.93,1088
2012-08-27 00:00:00,,1.88,1.88,1.88,0
2012-08-24 00:00:00,1.93,1.93,1.88,1.88,10439
2012-08-23 00:00:00,2.01,2.01,1.96,1.96,14778
2012-08-22 00:00:00,2.03,2.03,2.0,2.0,17142
2012-08-21 00:00:00,2.05,2.05,2.05,2.05,296
2012-08-20 00:00:00,2.03,2.03,2.03,2.03,20689
2012-08-17 00:00:00,2.03,2.03,2.03,2.03,9189
2012-08-16 00:00:00,1.76,2.11,1.74,2.08,62204
2012-08-15 00:00:00,,1.69,1.69,1.69,0
2012-08-14 00:00:00,,1.69,1.69,1.69,0
2012-08-13 00:00:00,,1.69,1.69,1.69,0
2012-08-10 00:00:00,1.69,1.69,1.69,1.69,2979
2012-08-09 00:00:00,,1.69,1.69,1.69,0
2012-08-08 00:00:00,1.71,1.71,1.69,1.69,91621
2012-08-07 00:00:00,1.86,1.86,1.71,1.71,19536
2012-08-06 00:00:00,,1.86,1.86,1.86,0
2012-08-03 00:00:00,,1.86,1.86,1.86,0
2012-08-02 00:00:00,,1.86,1.86,1.86,0
2012-08-01 00:00:00,,1.86,1.86,1.86,0
2012-07-31 00:00:00,,1.86,1.86,1.86,0
2012-07-30 00:00:00,,1.86,1.86,1.86,0
2012-07-27 00:00:00,1.86,1.86,1.86,1.86,5911
2012-07-26 00:00:00,,2.03,2.03,2.03,0
2012-07-25 00:00:00,,2.03,2.03,2.03,0
2012-07-24 00:00:00,1.95,2.11,1.95,2.03,22166
2012-07-23 00:00:00,1.89,2.03,1.86,2.03,6207
2012-07-20 00:00:00,1.93,1.93,1.89,1.89,3694
2012-07-19 00:00:00,,1.86,1.86,1.86,0
2012-07-18 00:00:00,,1.86,1.86,1.86,0
2012-07-17 00:00:00,,1.86,1.86,1.86,0
2012-07-16 00:00:00,1.86,1.86,1.86,1.86,8063
2012-07-13 00:00:00,1.78,1.78,1.78,1.78,443
2012-07-12 00:00:00,,1.88,1.88,1.88,0
2012-07-11 00:00:00,1.88,1.88,1.88,1.88,2956
2012-07-10 00:00:00,1.78,1.89,1.78,1.89,65925
2012-07-09 00:00:00,1.69,1.71,1.69,1.71,8976
2012-07-06 00:00:00,1.66,1.69,1.66,1.69,29443
2012-07-05 00:00:00,1.61,1.61,1.61,1.61,9333
2012-07-04 00:00:00,1.59,1.59,1.59,1.59,2956
2012-07-03 00:00:00,1.45,1.52,1.45,1.52,11597
2012-07-02 00:00:00,1.52,1.52,1.49,1.49,14216
2012-06-29 00:00:00,1.52,1.52,1.52,1.52,7507
2012-06-28 00:00:00,1.42,1.42,1.42,1.42,73888
2012-06-27 00:00:00,1.42,1.42,1.42,1.42,164030
2012-06-26 00:00:00,,1.4,1.4,1.4,0
2012-06-25 00:00:00,,1.4,1.4,1.4,0
2012-06-22 00:00:00,,1.4,1.4,1.4,0
2012-06-21 00:00:00,,1.4,1.4,1.4,0
2012-06-20 00:00:00,,1.4,1.4,1.4,0
2012-06-19 00:00:00,,1.4,1.4,1.4,0
2012-06-18 00:00:00,,1.4,1.4,1.4,0
2012-06-15 00:00:00,,1.4,1.4,1.4,0
2012-06-14 00:00:00,1.42,1.42,1.4,1.4,67078
2012-06-13 00:00:00,1.4,1.42,1.4,1.42,6207
2012-06-12 00:00:00,1.44,1.44,1.44,1.44,59110
2012-06-11 00:00:00,1.44,1.44,1.44,1.44,73888
2012-06-08 00:00:00,,1.45,1.45,1.45,0
2012-06-07 00:00:00,,1.45,1.45,1.45,0
2012-06-06 00:00:00,,1.45,1.45,1.45,0
2012-06-05 00:00:00,1.41,1.45,1.41,1.45,350244
2012-06-04 00:00:00,1.39,1.4,1.39,1.4,32528
2012-06-01 00:00:00,,1.42,1.42,1.42,0
2012-05-31 00:00:00,,1.42,1.42,1.42,0
2012-05-30 00:00:00,,1.42,1.42,1.42,0
2012-05-29 00:00:00,1.39,1.42,1.39,1.42,274862
2012-05-28 00:00:00,1.39,1.39,1.39,1.39,20689
2012-05-25 00:00:00,1.37,1.37,1.37,1.37,5911
2012-05-24 00:00:00,,1.39,1.39,1.39,0
2012-05-23 00:00:00,1.35,1.39,1.35,1.39,149927
2012-05-22 00:00:00,1.39,1.39,1.39,1.39,9750
2012-05-21 00:00:00,,1.42,1.42,1.42,0
2012-05-18 00:00:00,,1.42,1.42,1.42,0
2012-05-17 00:00:00,,1.42,1.42,1.42,0
2012-05-16 00:00:00,,1.42,1.42,1.42,0
2012-05-15 00:00:00,,1.42,1.42,1.42,0
2012-05-14 00:00:00,1.42,1.42,1.42,1.42,5911
2012-05-11 00:00:00,1.39,1.39,1.39,1.39,2956
2012-05-10 00:00:00,1.39,1.42,1.39,1.42,46664
2012-05-09 00:00:00,,1.4,1.4,1.4,0
2012-05-08 00:00:00,,1.4,1.4,1.4,0
2012-05-07 00:00:00,,1.4,1.4,1.4,0
2012-05-04 00:00:00,,1.4,1.4,1.4,0
2012-05-03 00:00:00,,1.4,1.4,1.4,0
2012-05-02 00:00:00,1.44,1.44,1.35,1.4,45958
2012-05-01 00:00:00,,1.44,1.44,1.44,0
2012-04-30 00:00:00,,1.44,1.44,1.44,0
2012-04-27 00:00:00,,1.44,1.44,1.44,0
2012-04-26 00:00:00,1.41,1.44,1.41,1.44,20978
2012-04-25 00:00:00,1.45,1.45,1.38,1.38,20689
2012-04-24 00:00:00,,1.47,1.47,1.47,0
2012-04-23 00:00:00,1.47,1.47,1.47,1.47,8867
2012-04-20 00:00:00,,1.48,1.48,1.48,0
2012-04-19 00:00:00,1.48,1.48,1.48,1.48,14778
2012-04-18 00:00:00,,1.48,1.48,1.48,0
2012-04-17 00:00:00,,1.48,1.48,1.48,0
2012-04-16 00:00:00,,1.48,1.48,1.48,0
2012-04-13 00:00:00,1.48,1.48,1.48,1.48,10146
2012-04-12 00:00:00,1.42,1.44,1.42,1.44,155409
2012-04-11 00:00:00,,1.39,1.39,1.39,0
2012-04-10 00:00:00,,1.39,1.39,1.39,0
2012-04-09 00:00:00,,1.39,1.39,1.39,0
2012-04-06 00:00:00,,1.39,1.39,1.39,0
2012-04-05 00:00:00,,1.39,1.39,1.39,0
2012-04-04 00:00:00,,1.39,1.39,1.39,0
2012-04-03 00:00:00,,1.39,1.39,1.39,0
2012-04-02 00:00:00,,1.39,1.39,1.39,0
2012-03-30 00:00:00,,1.39,1.39,1.39,0
2012-03-29 00:00:00,,1.39,1.39,1.39,0
2012-03-28 00:00:00,,1.39,1.39,1.39,0
2012-03-27 00:00:00,,1.39,1.39,1.39,0
2012-03-26 00:00:00,1.35,1.39,1.35,1.39,21495
2012-03-23 00:00:00,1.35,1.35,1.35,1.35,2956
2012-03-22 00:00:00,1.42,1.42,1.39,1.39,8867
2012-03-21 00:00:00,1.47,1.48,1.47,1.48,893
2012-03-20 00:00:00,1.47,1.47,1.47,1.47,443
2012-03-19 00:00:00,1.45,1.47,1.45,1.47,3402
2012-03-16 00:00:00,,1.4,1.4,1.4,0
2012-03-15 00:00:00,1.4,1.4,1.4,1.4,591
2012-03-14 00:00:00,1.4,1.4,1.4,1.4,2956
2012-03-13 00:00:00,,1.4,1.4,1.4,0
2012-03-12 00:00:00,,1.4,1.4,1.4,0
2012-03-09 00:00:00,,1.4,1.4,1.4,0
2012-03-08 00:00:00,,1.4,1.4,1.4,0
2012-03-07 00:00:00,1.33,1.4,1.33,1.4,25001
2012-03-06 00:00:00,1.31,1.31,1.31,1.31,3694
2012-03-05 00:00:00,1.35,1.35,1.35,1.35,11083
2012-03-02 00:00:00,,1.38,1.38,1.38,0
2012-03-01 00:00:00,,1.38,1.38,1.38,0
2012-02-29 00:00:00,,1.38,1.38,1.38,0
2012-02-28 00:00:00,,1.38,1.38,1.38,0
2012-02-27 00:00:00,,1.38,1.38,1.38,0
2012-02-24 00:00:00,,1.38,1.38,1.38,0
2012-02-23 00:00:00,,1.38,1.38,1.38,0
2012-02-22 00:00:00,,1.38,1.38,1.38,0
2012-02-21 00:00:00,,1.38,1.38,1.38,0
2012-02-20 00:00:00,1.4,1.4,1.38,1.38,10935
2012-02-17 00:00:00,,1.4,1.4,1.4,0
2012-02-16 00:00:00,,1.4,1.4,1.4,0
2012-02-15 00:00:00,1.4,1.4,1.4,1.4,5911
2012-02-14 00:00:00,1.39,1.39,1.39,1.39,5911
2012-02-13 00:00:00,,1.39,1.39,1.39,0
2012-02-10 00:00:00,,1.39,1.39,1.39,0
2012-02-09 00:00:00,,1.39,1.39,1.39,0
2012-02-08 00:00:00,,1.39,1.39,1.39,0
2012-02-07 00:00:00,1.39,1.39,1.39,1.39,1182
2012-02-06 00:00:00,,1.42,1.42,1.42,0
2012-02-03 00:00:00,,1.42,1.42,1.42,0
2012-02-02 00:00:00,1.42,1.42,1.42,1.42,4729
2012-02-01 00:00:00,,1.45,1.45,1.45,0
2012-01-31 00:00:00,,1.45,1.45,1.45,0
2012-01-30 00:00:00,1.45,1.45,1.45,1.45,4392
2012-01-27 00:00:00,,1.44,1.44,1.44,0
2012-01-26 00:00:00,,1.44,1.44,1.44,0
2012-01-25 00:00:00,,1.44,1.44,1.44,0
2012-01-24 00:00:00,1.45,1.45,1.44,1.44,14778
2012-01-23 00:00:00,1.45,1.45,1.45,1.45,2956
2012-01-20 00:00:00,1.45,1.45,1.45,1.45,1773
2012-01-19 00:00:00,,1.5,1.5,1.5,0
2012-01-18 00:00:00,,1.5,1.5,1.5,0
2012-01-17 00:00:00,,1.5,1.5,1.5,0
2012-01-16 00:00:00,,1.5,1.5,1.5,0
2012-01-13 00:00:00,1.5,1.5,1.5,1.5,2956
2012-01-12 00:00:00,,1.48,1.48,1.48,0
2012-01-11 00:00:00,,1.48,1.48,1.48,0
2012-01-10 00:00:00,1.48,1.48,1.48,1.48,2956
2012-01-09 00:00:00,1.44,1.44,1.44,1.44,8867
2012-01-06 00:00:00,,1.44,1.44,1.44,0
2012-01-05 00:00:00,,1.44,1.44,1.44,0
2012-01-04 00:00:00,,1.44,1.44,1.44,0
2012-01-03 00:00:00,1.42,1.44,1.42,1.44,14668
2012-01-02 00:00:00,,1.38,1.38,1.38,0
2011-12-30 00:00:00,1.38,1.38,1.38,1.38,31074
2011-12-29 00:00:00,,1.4,1.4,1.4,0
2011-12-28 00:00:00,,1.4,1.4,1.4,0
2011-12-27 00:00:00,1.4,1.4,1.4,1.4,14778
2011-12-26 00:00:00,,1.38,1.38,1.38,0
2011-12-23 00:00:00,1.3,1.38,1.3,1.38,99976
2011-12-22 00:00:00,1.3,1.35,1.3,1.35,3224
2011-12-21 00:00:00,1.4,1.4,1.35,1.35,29998
2011-12-20 00:00:00,,1.42,1.42,1.42,0
2011-12-19 00:00:00,,1.42,1.42,1.42,0
2011-12-16 00:00:00,,1.42,1.42,1.42,0
2011-12-15 00:00:00,,1.42,1.42,1.42,0
2011-12-14 00:00:00,1.42,1.42,1.42,1.42,2956
2011-12-13 00:00:00,1.42,1.42,1.42,1.42,3913
2011-12-12 00:00:00,,1.42,1.42,1.42,0
2011-12-09 00:00:00,1.42,1.42,1.42,1.42,296
2011-12-08 00:00:00,,1.42,1.42,1.42,0
2011-12-07 00:00:00,1.42,1.42,1.42,1.42,1702
2011-12-06 00:00:00,1.37,1.4,1.37,1.4,15377
2011-12-05 00:00:00,1.39,1.39,1.38,1.38,12082
2011-12-02 00:00:00,,1.39,1.39,1.39,0
2011-12-01 00:00:00,,1.39,1.39,1.39,0
2011-11-30 00:00:00,,1.39,1.39,1.39,0
2011-11-29 00:00:00,,1.39,1.39,1.39,0
2011-11-28 00:00:00,,1.39,1.39,1.39,0
2011-11-25 00:00:00,1.39,1.39,1.39,1.39,296
2011-11-24 00:00:00,,1.42,1.42,1.42,0
2011-11-23 00:00:00,1.42,1.42,1.42,1.42,5911
2011-11-22 00:00:00,1.42,1.42,1.37,1.41,43659
2011-11-21 00:00:00,1.48,1.48,1.48,1.48,2956
2011-11-18 00:00:00,1.48,1.48,1.48,1.48,3
2011-11-17 00:00:00,,1.46,1.46,1.46,0
2011-11-16 00:00:00,,1.46,1.46,1.46,0
2011-11-15 00:00:00,,1.46,1.46,1.46,0
2011-11-14 00:00:00,,1.46,1.46,1.46,0
2011-11-11 00:00:00,,1.46,1.46,1.46,0
2011-11-10 00:00:00,,1.46,1.46,1.46,0
2011-11-09 00:00:00,,1.46,1.46,1.46,0
2011-11-08 00:00:00,,1.46,1.46,1.46,0
2011-11-07 00:00:00,1.4,1.46,1.4,1.46,9458
2011-11-04 00:00:00,,1.45,1.45,1.45,0
2011-11-03 00:00:00,,1.45,1.45,1.45,0
2011-11-02 00:00:00,,1.45,1.45,1.45,0
2011-11-01 00:00:00,,1.45,1.45,1.45,0
2011-10-31 00:00:00,1.45,1.45,1.45,1.45,2956
2011-10-28 00:00:00,1.45,1.45,1.45,1.45,2483
2011-10-27 00:00:00,,1.45,1.45,1.45,0
2011-10-26 00:00:00,,1.45,1.45,1.45,0
2011-10-25 00:00:00,1.45,1.45,1.45,1.45,11494
2011-10-24 00:00:00,1.4,1.4,1.4,1.4,591
2011-10-21 00:00:00,,1.42,1.42,1.42,0
2011-10-20 00:00:00,1.42,1.42,1.42,1.42,171
2011-10-19 00:00:00,1.42,1.42,1.42,1.42,1773
2011-10-18 00:00:00,,1.43,1.43,1.43,0
2011-10-17 00:00:00,,1.43,1.43,1.43,0
2011-10-14 00:00:00,,1.43,1.43,1.43,0
2011-10-13 00:00:00,1.43,1.43,1.43,1.43,2956
2011-10-12 00:00:00,,1.43,1.43,1.43,0
2011-10-11 00:00:00,,1.43,1.43,1.43,0
2011-10-10 00:00:00,,1.43,1.43,1.43,0
2011-10-07 00:00:00,1.43,1.43,1.43,1.43,1478
2011-10-06 00:00:00,1.43,1.43,1.43,1.43,2956
2011-10-05 00:00:00,,1.49,1.49,1.49,0
2011-10-04 00:00:00,,1.49,1.49,1.49,0
2011-10-03 00:00:00,,1.49,1.49,1.49,0
2011-09-30 00:00:00,,1.49,1.49,1.49,0
2011-09-29 00:00:00,,1.49,1.49,1.49,0
2011-09-23 00:00:00,1.49,1.49,1.42,1.49,28668
2011-09-22 00:00:00,,,,1.52,-1
