Dates,Open,High,Low,Close,Volume
2017-09-08 00:00:00,188.1,190.1,187.6,189.6,96192
2017-09-07 00:00:00,185.4,188.1,184.0,188.1,399285
2017-09-06 00:00:00,185.1,185.8,183.1,185.2,303397
2017-09-04 00:00:00,190.0,192.8,190.0,191.0,171112
2017-09-01 00:00:00,194.0,195.2,193.0,193.2,206179
2017-08-31 00:00:00,192.3,193.3,191.5,192.9,121204
2017-08-30 00:00:00,192.4,192.4,190.5,190.8,84547
2017-08-29 00:00:00,190.7,191.0,188.3,190.9,113409
2017-08-28 00:00:00,190.3,191.5,190.1,190.4,74647
2017-08-25 00:00:00,192.3,192.7,189.9,190.3,147431
2017-08-24 00:00:00,193.0,194.8,192.3,192.4,80357
2017-08-23 00:00:00,192.1,194.6,192.1,193.5,113471
2017-08-22 00:00:00,193.0,194.0,192.4,192.6,121418
2017-08-21 00:00:00,195.0,195.4,193.1,193.3,50452
2017-08-18 00:00:00,195.8,196.7,193.6,194.3,103414
2017-08-17 00:00:00,196.1,196.9,195.4,195.9,89490
2017-08-16 00:00:00,196.0,198.8,196.0,196.0,91093
2017-08-15 00:00:00,196.2,197.4,195.3,195.3,85368
2017-08-14 00:00:00,192.1,197.0,192.1,196.2,149568
2017-08-11 00:00:00,196.0,197.4,193.6,193.6,82256
2017-08-10 00:00:00,198.6,199.2,197.2,197.3,63826
2017-08-09 00:00:00,201.8,201.8,198.5,198.9,62322
2017-08-08 00:00:00,200.9,202.0,200.4,201.7,64448
2017-08-07 00:00:00,202.2,202.7,199.4,201.3,108855
2017-08-04 00:00:00,202.7,202.8,200.6,202.2,106086
2017-08-03 00:00:00,200.6,204.2,200.6,202.7,126538
2017-08-02 00:00:00,199.0,201.7,198.7,200.6,99365
2017-08-01 00:00:00,196.4,199.3,196.2,199.0,82835
2017-07-31 00:00:00,195.4,198.0,195.4,196.4,180144
2017-07-28 00:00:00,199.5,199.5,194.7,195.8,98479
2017-07-27 00:00:00,199.5,200.7,198.4,198.4,125881
2017-07-26 00:00:00,199.9,200.3,197.9,198.5,80497
2017-07-25 00:00:00,198.8,200.0,197.8,198.5,74500
2017-07-24 00:00:00,198.5,200.8,198.1,198.9,84198
2017-07-21 00:00:00,200.1,200.5,197.7,198.8,144059
2017-07-20 00:00:00,197.5,202.4,197.5,199.9,308063
2017-07-19 00:00:00,195.7,197.8,195.7,197.0,94916
2017-07-18 00:00:00,193.2,197.3,192.2,195.6,184138
2017-07-17 00:00:00,194.5,195.8,191.6,192.0,70248
2017-07-14 00:00:00,191.3,195.2,191.0,194.5,99893
2017-07-13 00:00:00,190.9,194.3,190.3,191.3,179646
2017-07-12 00:00:00,190.5,192.0,189.0,190.4,156089
2017-07-11 00:00:00,189.0,192.0,186.0,190.0,266501
2017-07-10 00:00:00,184.0,189.2,181.2,189.0,265474
2017-07-07 00:00:00,178.3,181.1,177.0,181.1,122523
2017-07-06 00:00:00,181.5,183.6,177.3,178.4,82703
2017-07-05 00:00:00,179.7,181.3,177.1,181.3,151786
2017-07-04 00:00:00,176.5,178.5,176.0,178.5,88705
2017-07-03 00:00:00,178.6,178.6,176.5,178.0,89741
2017-06-30 00:00:00,176.2,178.3,176.1,178.0,103962
2017-06-29 00:00:00,177.7,178.6,175.9,176.9,120160
2017-06-28 00:00:00,177.0,178.7,176.0,177.1,125104
2017-06-27 00:00:00,179.5,179.5,177.3,177.9,106061
2017-06-26 00:00:00,179.1,180.7,179.1,179.5,88932
2017-06-23 00:00:00,,179.1,179.1,179.1,0
2017-06-22 00:00:00,180.7,180.7,178.0,179.1,109783
2017-06-21 00:00:00,181.0,182.5,180.0,180.7,105479
2017-06-20 00:00:00,182.3,184.9,180.9,182.0,131412
2017-06-19 00:00:00,185.0,186.0,181.7,183.9,95974
2017-06-16 00:00:00,183.8,185.0,181.5,185.0,190550
2017-06-15 00:00:00,187.0,188.1,183.0,183.8,156122
2017-06-14 00:00:00,184.9,187.3,184.7,187.0,125281
2017-06-13 00:00:00,182.5,185.7,182.0,184.9,99571
2017-06-12 00:00:00,183.9,185.2,182.3,182.5,75247
2017-06-09 00:00:00,183.6,185.2,181.6,185.0,88100
2017-06-08 00:00:00,186.3,186.9,183.4,183.8,110687
2017-06-07 00:00:00,182.9,186.7,182.3,186.0,137754
2017-06-06 00:00:00,,182.9,182.9,182.9,0
2017-06-05 00:00:00,182.5,183.7,182.5,182.9,78107
2017-06-02 00:00:00,181.0,182.8,181.0,182.5,94675
2017-06-01 00:00:00,177.8,181.7,177.8,181.0,109812
2017-05-31 00:00:00,178.5,179.6,177.7,177.8,203588
2017-05-30 00:00:00,176.0,178.7,176.0,178.3,223493
2017-05-29 00:00:00,179.0,179.4,176.4,177.0,142537
2017-05-26 00:00:00,177.5,179.9,177.5,179.0,79063
2017-05-24 00:00:00,176.8,178.2,176.0,177.5,63494
2017-05-23 00:00:00,178.2,178.2,175.2,176.1,104181
2017-05-22 00:00:00,176.5,178.9,176.5,178.2,58160
2017-05-19 00:00:00,175.3,177.0,174.5,176.3,83775
2017-05-18 00:00:00,179.6,179.6,174.4,175.1,111041
2017-05-17 00:00:00,180.0,180.8,178.9,180.1,95970
2017-05-16 00:00:00,180.3,181.0,179.8,180.7,101722
2017-05-15 00:00:00,180.5,181.3,178.5,180.0,89872
2017-05-12 00:00:00,180.6,180.8,180.8,180.8,105677
2017-05-11 00:00:00,179.5,181.4,179.5,180.6,79425
2017-05-10 00:00:00,181.0,181.0,178.8,179.5,95625
2017-05-09 00:00:00,179.0,181.6,177.0,181.3,110001
2017-05-08 00:00:00,176.5,179.9,176.4,179.6,157647
2017-05-05 00:00:00,174.8,176.4,174.0,176.4,98254
2017-05-04 00:00:00,175.6,175.6,174.0,174.8,83566
2017-05-03 00:00:00,175.7,175.7,173.6,175.6,115862
2017-05-02 00:00:00,172.3,175.7,172.1,175.7,127779
2017-05-01 00:00:00,,172.6,172.6,172.6,0
2017-04-28 00:00:00,174.2,174.7,172.4,172.6,132459
2017-04-27 00:00:00,178.0,178.0,171.5,174.2,153431
2017-04-26 00:00:00,179.2,180.2,177.1,180.0,370175
2017-04-25 00:00:00,177.9,181.0,175.7,180.8,185357
2017-04-24 00:00:00,179.0,180.2,177.5,178.1,147225
2017-04-21 00:00:00,180.2,180.2,178.4,178.5,100892
2017-04-20 00:00:00,181.1,181.1,179.4,180.2,190776
2017-04-19 00:00:00,182.2,182.6,180.4,181.4,272364
2017-04-18 00:00:00,179.9,182.2,178.3,182.2,135602
2017-04-13 00:00:00,179.6,179.9,177.8,179.4,44488
2017-04-12 00:00:00,178.0,180.0,177.0,179.6,144865
2017-04-11 00:00:00,175.3,177.2,173.2,176.5,257254
2017-04-10 00:00:00,177.0,177.3,175.7,176.2,74961
2017-04-07 00:00:00,174.7,177.3,173.6,177.3,154098
2017-04-06 00:00:00,174.0,175.1,172.6,174.7,158261
2017-04-05 00:00:00,169.6,174.1,168.3,174.0,201895
2017-04-04 00:00:00,167.6,169.5,166.9,168.2,149566
2017-04-03 00:00:00,166.1,170.5,166.0,167.6,158396
2017-03-31 00:00:00,165.1,170.4,165.1,169.9,111152
2017-03-30 00:00:00,167.3,167.9,165.5,166.1,171801
2017-03-29 00:00:00,164.2,167.2,164.0,167.2,154350
2017-03-28 00:00:00,164.5,166.2,163.6,165.1,92854
2017-03-27 00:00:00,167.0,167.0,164.7,164.9,90101
2017-03-24 00:00:00,168.0,168.5,166.8,167.2,112159
2017-03-23 00:00:00,166.7,168.9,166.5,168.0,127146
2017-03-22 00:00:00,170.4,170.5,166.3,166.7,126356
2017-03-21 00:00:00,171.2,171.2,169.5,169.7,109103
2017-03-20 00:00:00,170.8,172.0,170.6,170.7,91139
2017-03-17 00:00:00,170.0,171.6,168.5,171.2,142843
2017-03-16 00:00:00,168.0,170.0,167.8,170.0,142452
2017-03-15 00:00:00,168.0,169.4,167.7,168.0,95117
2017-03-14 00:00:00,167.3,169.5,167.1,169.2,903506
2017-03-13 00:00:00,169.0,169.1,166.6,167.8,157446
2017-03-10 00:00:00,170.7,168.3,168.3,168.3,110080
2017-03-09 00:00:00,168.4,170.4,168.2,170.0,195214
2017-03-08 00:00:00,173.0,173.0,169.3,169.8,193014
2017-03-07 00:00:00,175.3,177.0,172.5,172.8,135298
2017-03-06 00:00:00,176.0,177.0,175.1,175.5,124210
2017-03-03 00:00:00,176.0,175.9,175.9,175.9,136602
2017-03-02 00:00:00,178.0,178.8,175.5,176.8,114939
2017-03-01 00:00:00,180.0,180.0,176.2,177.6,231782
2017-02-28 00:00:00,178.9,179.5,177.4,179.5,160310
2017-02-27 00:00:00,180.3,180.3,178.6,178.9,160078
2017-02-24 00:00:00,181.2,181.4,179.0,179.6,153032
2017-02-23 00:00:00,181.5,182.3,180.2,180.3,85814
2017-02-22 00:00:00,179.3,182.8,179.3,181.2,185596
2017-02-21 00:00:00,179.3,180.1,178.4,179.2,114167
2017-02-20 00:00:00,178.8,180.7,178.2,179.2,194939
2017-02-17 00:00:00,178.5,181.6,177.5,178.8,246839
2017-02-16 00:00:00,179.0,179.5,176.8,178.8,131917
2017-02-15 00:00:00,176.9,179.5,176.4,178.9,135799
2017-02-14 00:00:00,174.0,176.9,173.3,176.6,152358
2017-02-13 00:00:00,172.6,177.4,172.3,173.4,160473
2017-02-10 00:00:00,175.0,178.8,171.9,174.5,127111
2017-02-09 00:00:00,174.0,174.3,171.8,172.7,173254
2017-02-08 00:00:00,169.6,174.2,169.1,174.2,98037
2017-02-07 00:00:00,169.0,170.4,168.2,169.6,126750
2017-02-06 00:00:00,169.0,170.3,168.2,168.7,113782
2017-02-03 00:00:00,169.8,170.3,168.2,168.9,137902
2017-02-02 00:00:00,168.7,169.2,167.3,169.1,95101
2017-02-01 00:00:00,167.1,169.5,166.0,168.8,81005
2017-01-31 00:00:00,164.5,167.1,164.5,167.0,255109
2017-01-30 00:00:00,164.4,164.9,163.1,163.9,130812
2017-01-27 00:00:00,164.8,165.7,163.8,164.2,82677
2017-01-26 00:00:00,166.0,166.0,164.0,165.2,103457
2017-01-25 00:00:00,164.5,165.5,163.7,163.9,85804
2017-01-24 00:00:00,165.4,165.9,164.0,165.0,101243
2017-01-23 00:00:00,164.7,167.8,163.8,164.7,138140
2017-01-20 00:00:00,162.5,164.8,162.0,164.6,133326
2017-01-19 00:00:00,164.3,164.4,162.5,162.9,94132
2017-01-18 00:00:00,166.0,166.0,162.1,164.3,99490
2017-01-17 00:00:00,163.6,163.8,161.7,162.3,143880
2017-01-16 00:00:00,164.0,165.5,163.3,164.1,67821
2017-01-13 00:00:00,164.0,165.0,163.9,164.3,510024
2017-01-12 00:00:00,161.7,164.8,161.0,163.3,194093
2017-01-11 00:00:00,162.0,162.6,160.9,161.7,86237
2017-01-10 00:00:00,162.4,163.2,162.0,162.5,145700
2017-01-09 00:00:00,162.0,164.6,161.1,162.4,244437
2017-01-06 00:00:00,,162.0,162.0,162.0,0
2017-01-05 00:00:00,164.0,164.3,162.0,162.0,82577
2017-01-04 00:00:00,165.9,166.4,163.5,164.5,133309
2017-01-03 00:00:00,172.0,172.2,164.5,165.5,209226
2017-01-02 00:00:00,169.4,172.0,169.0,171.5,33812
2016-12-30 00:00:00,168.1,169.8,167.5,169.4,59086
2016-12-29 00:00:00,167.7,168.5,166.5,168.1,70293
2016-12-28 00:00:00,168.6,168.6,166.8,167.7,92911
2016-12-27 00:00:00,166.0,169.6,165.7,169.0,39688
2016-12-23 00:00:00,166.1,167.5,164.3,166.3,49321
2016-12-22 00:00:00,167.0,167.0,164.2,165.4,97726
2016-12-21 00:00:00,166.7,166.7,164.3,165.8,88172
2016-12-20 00:00:00,167.0,167.4,165.6,165.9,95833
2016-12-19 00:00:00,163.3,167.8,163.3,167.4,142587
2016-12-16 00:00:00,162.3,163.5,162.3,163.2,112273
2016-12-15 00:00:00,164.0,164.0,161.1,162.4,139959
2016-12-14 00:00:00,164.5,165.5,163.4,164.7,174834
2016-12-13 00:00:00,163.0,164.9,162.4,164.5,134444
2016-12-12 00:00:00,165.0,165.0,161.5,163.0,137547
2016-12-09 00:00:00,163.0,166.7,161.2,165.4,111104
2016-12-08 00:00:00,162.5,163.9,161.1,161.9,91940
2016-12-07 00:00:00,164.2,164.6,162.0,162.5,82116
2016-12-06 00:00:00,162.4,164.0,162.1,162.9,121373
2016-12-05 00:00:00,161.9,164.3,161.9,162.4,81840
2016-12-02 00:00:00,163.9,164.7,163.0,163.0,159245
2016-12-01 00:00:00,167.5,167.8,163.6,164.0,342207
2016-11-30 00:00:00,167.4,168.2,165.9,167.6,255890
2016-11-29 00:00:00,167.2,169.4,165.2,167.1,145262
2016-11-28 00:00:00,165.5,166.7,163.9,166.6,116340
2016-11-25 00:00:00,164.7,165.4,163.5,165.2,49260
2016-11-24 00:00:00,164.8,165.4,163.3,164.4,67534
2016-11-23 00:00:00,163.2,167.0,163.1,164.9,117159
2016-11-22 00:00:00,162.3,163.5,161.1,162.5,66941
2016-11-21 00:00:00,162.1,163.2,161.5,162.3,113278
2016-11-18 00:00:00,160.3,163.7,160.3,162.7,169711
2016-11-17 00:00:00,157.4,161.5,157.4,161.1,131751
2016-11-16 00:00:00,161.0,161.8,158.2,158.9,167265
2016-11-15 00:00:00,157.0,162.2,157.0,161.1,110762
2016-11-14 00:00:00,163.3,163.7,157.6,157.6,185502
2016-11-11 00:00:00,161.9,163.8,161.0,161.3,340401
2016-11-10 00:00:00,166.8,167.9,161.6,161.9,320092
2016-11-09 00:00:00,167.2,171.0,164.5,166.8,171048
2016-11-08 00:00:00,170.0,172.0,170.0,171.4,174220
2016-11-07 00:00:00,169.1,170.0,168.4,169.4,242638
2016-11-04 00:00:00,170.3,170.5,168.4,168.4,93506
2016-11-03 00:00:00,170.1,172.1,170.0,170.1,134550
2016-11-02 00:00:00,171.5,171.6,170.0,170.5,134498
2016-11-01 00:00:00,176.3,176.3,171.4,171.6,112693
2016-10-31 00:00:00,173.6,175.6,172.2,175.0,118089
2016-10-28 00:00:00,172.8,175.7,171.0,173.8,145661
2016-10-27 00:00:00,174.6,175.3,172.1,172.8,120344
2016-10-26 00:00:00,178.3,178.5,174.0,174.4,169123
2016-10-25 00:00:00,179.9,180.0,177.7,178.2,153980
2016-10-24 00:00:00,177.0,179.5,176.7,179.1,217083
2016-10-21 00:00:00,171.9,176.9,171.9,176.7,231948
2016-10-20 00:00:00,168.4,172.0,165.9,171.5,143173
2016-10-19 00:00:00,168.7,168.9,167.8,168.4,106466
2016-10-18 00:00:00,167.6,169.0,167.6,168.3,150656
2016-10-17 00:00:00,170.6,170.7,167.0,167.5,114414
2016-10-14 00:00:00,170.1,171.2,169.3,170.5,82922
2016-10-13 00:00:00,169.6,170.8,168.3,170.2,360912
2016-10-12 00:00:00,169.0,169.8,168.4,169.5,157841
2016-10-11 00:00:00,171.6,171.6,168.3,168.5,143623
2016-10-10 00:00:00,171.0,172.0,170.0,171.6,91219
2016-10-07 00:00:00,173.0,173.7,171.7,172.2,383102
2016-10-06 00:00:00,178.0,178.5,172.1,173.0,136678
2016-10-05 00:00:00,180.0,180.0,177.0,177.1,116808
2016-10-04 00:00:00,181.0,181.5,179.1,180.4,105153
2016-10-03 00:00:00,182.5,182.8,179.0,181.0,132618
2016-09-30 00:00:00,179.3,182.5,178.2,182.5,146130
2016-09-29 00:00:00,182.7,183.0,180.2,180.8,138649
2016-09-28 00:00:00,182.0,182.8,181.1,182.2,62534
2016-09-27 00:00:00,181.0,182.2,179.3,181.6,130847
2016-09-26 00:00:00,181.9,182.5,180.3,181.0,67441
2016-09-23 00:00:00,183.3,183.3,182.0,182.6,47019
2016-09-22 00:00:00,181.7,183.3,181.0,182.9,79523
2016-09-21 00:00:00,183.0,183.0,180.2,180.5,56131
2016-09-20 00:00:00,181.1,182.9,180.8,181.9,186112
2016-09-19 00:00:00,181.5,184.4,180.8,181.4,70156
2016-09-16 00:00:00,181.0,182.0,180.4,180.9,231702
2016-09-15 00:00:00,180.0,182.4,179.2,180.7,179660
2016-09-14 00:00:00,180.5,181.4,180.0,180.3,87968
2016-09-13 00:00:00,184.0,184.4,180.6,180.7,64833
2016-09-12 00:00:00,182.0,183.2,180.5,182.6,91883
2016-09-09 00:00:00,188.4,189.4,183.7,184.2,174424
2016-09-08 00:00:00,190.8,190.9,188.3,189.1,102294
2016-09-07 00:00:00,189.9,191.0,189.7,190.4,85268
2016-09-06 00:00:00,188.9,190.5,188.5,189.9,75519
2016-09-05 00:00:00,189.3,189.9,188.0,189.1,82666
2016-09-02 00:00:00,187.1,188.9,186.1,188.9,62986
2016-09-01 00:00:00,186.5,189.0,186.3,187.1,104408
2016-08-31 00:00:00,188.8,189.0,185.7,186.2,153398
2016-08-30 00:00:00,189.0,190.8,188.6,188.9,69748
2016-08-29 00:00:00,188.7,188.8,186.7,188.4,75752
2016-08-26 00:00:00,188.1,189.1,186.2,188.7,88584
2016-08-25 00:00:00,188.5,189.0,187.4,187.7,67905
2016-08-24 00:00:00,188.6,190.8,187.5,188.6,116564
2016-08-23 00:00:00,187.0,190.9,186.9,190.7,258912
2016-08-22 00:00:00,186.0,186.8,183.4,186.4,104402
2016-08-19 00:00:00,186.7,187.6,185.0,186.1,77840
2016-08-18 00:00:00,184.9,187.9,184.3,186.7,41833
2016-08-17 00:00:00,186.6,186.6,182.9,182.9,154989
2016-08-16 00:00:00,192.0,192.0,185.6,186.0,122618
2016-08-15 00:00:00,188.2,189.6,187.9,188.7,43840
2016-08-12 00:00:00,186.3,188.7,186.0,188.2,45437
2016-08-11 00:00:00,187.0,188.2,186.1,187.5,50131
2016-08-10 00:00:00,188.9,188.9,185.6,187.0,88003
2016-08-09 00:00:00,187.7,188.9,186.5,188.9,58412
2016-08-08 00:00:00,187.6,187.9,185.0,187.3,64613
2016-08-05 00:00:00,186.7,188.3,186.3,187.7,57900
2016-08-04 00:00:00,184.7,186.7,182.9,186.7,53203
2016-08-03 00:00:00,188.0,188.0,184.4,184.7,67514
2016-08-02 00:00:00,189.0,189.6,187.7,188.3,89412
2016-08-01 00:00:00,191.5,191.8,188.4,189.4,103969
2016-07-29 00:00:00,186.9,189.7,185.8,189.7,158904
2016-07-28 00:00:00,183.8,186.6,180.4,186.5,71638
2016-07-27 00:00:00,183.8,184.8,182.3,184.3,53257
2016-07-26 00:00:00,184.4,184.6,183.7,183.9,50464
2016-07-25 00:00:00,182.0,184.4,181.9,183.9,63008
2016-07-22 00:00:00,180.0,182.6,179.3,181.9,58566
2016-07-21 00:00:00,184.0,184.0,180.4,181.4,66552
2016-07-20 00:00:00,181.0,185.3,180.8,184.3,134933
2016-07-19 00:00:00,179.7,181.3,177.9,180.7,95208
2016-07-18 00:00:00,175.0,179.8,175.0,178.9,70452
2016-07-15 00:00:00,179.1,179.2,176.7,177.8,81344
2016-07-14 00:00:00,179.9,180.7,177.5,178.6,100120
2016-07-13 00:00:00,178.1,179.4,177.6,179.2,82899
2016-07-12 00:00:00,180.3,181.5,177.4,177.9,131020
2016-07-11 00:00:00,175.0,181.4,175.0,180.1,116080
2016-07-08 00:00:00,166.8,174.3,166.8,173.9,113644
2016-07-07 00:00:00,171.9,172.4,169.9,170.0,133071
2016-07-06 00:00:00,173.1,174.4,168.6,169.7,150906
2016-07-05 00:00:00,175.3,176.8,173.8,174.5,73787
2016-07-04 00:00:00,176.0,179.2,175.0,176.4,102667
2016-07-01 00:00:00,173.0,178.0,173.0,176.3,178803
2016-06-30 00:00:00,172.4,174.4,171.9,172.2,216024
2016-06-29 00:00:00,166.2,173.1,166.0,172.4,103595
2016-06-28 00:00:00,167.8,169.7,165.7,165.7,127320
2016-06-27 00:00:00,167.0,168.9,164.2,165.1,210230
2016-06-24 00:00:00,,173.3,173.3,173.3,0
2016-06-23 00:00:00,172.0,174.2,170.5,173.3,95127
2016-06-22 00:00:00,171.8,173.7,171.2,171.2,145958
2016-06-21 00:00:00,168.6,172.4,168.0,171.8,127707
2016-06-20 00:00:00,167.8,170.8,167.8,169.5,70469
2016-06-17 00:00:00,163.0,166.5,163.0,165.8,292645
2016-06-16 00:00:00,165.9,169.6,161.6,162.0,153066
2016-06-15 00:00:00,165.6,168.3,165.0,165.9,129255
2016-06-14 00:00:00,170.6,171.1,165.5,165.6,174604
2016-06-13 00:00:00,172.1,173.1,171.1,171.1,161235
2016-06-10 00:00:00,177.5,177.5,173.5,174.0,87422
2016-06-09 00:00:00,176.5,177.5,175.7,176.6,87017
2016-06-08 00:00:00,173.0,176.7,172.5,176.5,157460
2016-06-07 00:00:00,169.0,172.5,167.0,172.5,127063
2016-06-06 00:00:00,,170.4,170.4,170.4,0
2016-06-03 00:00:00,167.9,171.5,166.8,170.4,199514
2016-06-02 00:00:00,170.7,170.7,168.1,168.9,83406
2016-06-01 00:00:00,169.9,170.8,169.4,170.0,119225
2016-05-31 00:00:00,168.8,169.8,168.3,169.6,118662
2016-05-30 00:00:00,169.9,169.9,168.4,169.0,38510
2016-05-27 00:00:00,167.0,169.1,166.2,169.1,92203
2016-05-26 00:00:00,165.1,167.0,163.9,166.9,98687
2016-05-25 00:00:00,165.3,165.8,163.8,164.5,128855
2016-05-24 00:00:00,165.0,166.3,163.7,165.1,102135
2016-05-23 00:00:00,163.8,165.6,162.6,164.8,117885
2016-05-20 00:00:00,162.0,163.8,162.0,163.8,94217
2016-05-19 00:00:00,163.0,163.5,161.7,162.0,67035
2016-05-18 00:00:00,164.4,164.8,163.0,163.4,84369
2016-05-17 00:00:00,162.1,166.7,162.1,165.3,138004
2016-05-16 00:00:00,163.4,163.4,160.9,162.9,144959
2016-05-13 00:00:00,162.8,164.2,160.5,163.4,130095
2016-05-12 00:00:00,165.8,165.8,161.7,162.0,200874
2016-05-11 00:00:00,166.0,166.0,164.6,164.8,61649
2016-05-10 00:00:00,167.4,167.4,165.9,166.0,150760
2016-05-09 00:00:00,169.0,170.0,167.0,167.7,112678
2016-05-06 00:00:00,164.5,168.5,163.9,167.9,135848
2016-05-05 00:00:00,164.0,165.5,163.0,164.3,59346
2016-05-04 00:00:00,164.0,165.5,163.0,164.3,59346
2016-05-03 00:00:00,164.5,165.9,163.3,165.1,126563
2016-05-02 00:00:00,165.0,165.7,162.7,164.5,59997
2016-04-29 00:00:00,163.1,168.6,161.7,163.0,150558
2016-04-28 00:00:00,168.9,168.9,165.3,165.3,95740
2016-04-27 00:00:00,170.0,171.1,167.9,168.0,161225
2016-04-26 00:00:00,165.2,168.8,165.1,168.5,183098
2016-04-25 00:00:00,162.0,165.5,162.0,165.3,104912
2016-04-22 00:00:00,165.7,166.7,162.0,162.7,90203
2016-04-21 00:00:00,168.8,168.8,164.6,166.3,94237
2016-04-20 00:00:00,169.0,169.1,167.2,167.7,82059
2016-04-19 00:00:00,167.0,168.4,166.3,167.8,107799
2016-04-18 00:00:00,166.2,167.3,165.2,167.0,86604
2016-04-15 00:00:00,167.0,167.3,165.8,166.6,99408
2016-04-14 00:00:00,170.2,172.0,165.0,166.0,135653
2016-04-13 00:00:00,173.9,175.2,168.3,169.3,163466
2016-04-12 00:00:00,174.0,174.3,171.2,172.6,111758
2016-04-11 00:00:00,172.0,174.2,171.0,173.5,73697
2016-04-08 00:00:00,172.2,172.7,171.4,172.1,122321
2016-04-07 00:00:00,173.2,173.5,170.4,170.6,88489
2016-04-06 00:00:00,173.6,173.6,171.6,173.2,174208
2016-04-05 00:00:00,168.4,172.9,168.0,172.7,211343
2016-04-04 00:00:00,172.5,174.5,168.9,169.5,96284
2016-04-01 00:00:00,172.0,172.7,170.6,172.4,106035
2016-03-31 00:00:00,172.3,172.9,171.0,172.4,58303
2016-03-30 00:00:00,170.0,172.5,170.0,172.3,133561
2016-03-29 00:00:00,171.1,172.5,168.4,170.0,79455
2016-03-28 00:00:00,170.8,171.8,170.9,170.9,36100
2016-03-25 00:00:00,170.8,171.8,169.9,170.9,36100
2016-03-24 00:00:00,170.8,171.8,169.9,170.9,36100
2016-03-23 00:00:00,171.2,172.1,170.1,170.7,89335
2016-03-22 00:00:00,171.2,172.0,168.3,170.9,157406
2016-03-21 00:00:00,173.5,173.6,171.5,171.8,200691
2016-03-18 00:00:00,177.5,178.6,175.1,177.0,309413
2016-03-17 00:00:00,174.0,176.5,172.8,176.5,214349
2016-03-16 00:00:00,172.5,174.3,172.3,173.0,235915
2016-03-15 00:00:00,173.0,173.2,170.9,171.7,124060
2016-03-14 00:00:00,170.5,172.7,170.5,172.7,99300
2016-03-11 00:00:00,168.0,170.9,168.0,170.0,118427
2016-03-10 00:00:00,168.0,170.5,165.4,167.4,139011
2016-03-09 00:00:00,166.0,166.3,164.3,166.0,77579
2016-03-08 00:00:00,166.9,167.0,164.6,165.4,130510
2016-03-07 00:00:00,168.5,168.8,165.8,166.9,88945
2016-03-04 00:00:00,166.4,169.3,165.8,168.0,143657
2016-03-03 00:00:00,168.8,168.8,166.4,166.4,97243
2016-03-02 00:00:00,169.6,172.0,166.7,167.0,174617
2016-03-01 00:00:00,169.0,171.6,167.1,169.9,201844
2016-02-29 00:00:00,167.8,169.9,165.6,169.2,186875
2016-02-26 00:00:00,170.9,170.9,166.8,167.8,97118
2016-02-25 00:00:00,167.8,169.6,167.0,168.7,177325
2016-02-24 00:00:00,167.0,167.9,164.0,165.1,148299
2016-02-23 00:00:00,169.1,171.5,167.1,167.3,154575
2016-02-22 00:00:00,172.0,173.5,170.0,171.5,114075
2016-02-19 00:00:00,166.4,169.8,166.4,169.7,171339
2016-02-18 00:00:00,168.8,170.3,167.5,168.3,131882
2016-02-17 00:00:00,164.0,169.8,162.0,167.8,184596
2016-02-16 00:00:00,165.5,167.8,162.5,164.0,309635
2016-02-15 00:00:00,161.7,167.0,161.7,165.5,232424
2016-02-12 00:00:00,160.5,163.6,158.0,160.0,343608
2016-02-11 00:00:00,160.3,162.9,156.7,160.2,286157
2016-02-10 00:00:00,153.5,162.8,152.5,160.3,527407
2016-02-09 00:00:00,157.6,159.1,151.8,152.4,298333
2016-02-08 00:00:00,166.4,166.4,156.0,157.0,203573
2016-02-05 00:00:00,166.6,168.5,164.4,164.4,210037
2016-02-04 00:00:00,167.0,168.9,164.6,166.6,154999
2016-02-03 00:00:00,164.8,168.4,164.0,166.8,204132
2016-02-02 00:00:00,165.5,167.2,163.5,164.5,165018
2016-02-01 00:00:00,166.5,174.5,164.2,166.3,160851
2016-01-29 00:00:00,161.0,164.7,159.5,164.5,146729
2016-01-28 00:00:00,159.5,160.6,156.4,159.2,131055
2016-01-27 00:00:00,162.0,162.1,158.2,158.5,153323
2016-01-26 00:00:00,156.7,161.9,156.7,161.9,271699
2016-01-25 00:00:00,158.2,159.7,156.5,158.7,89598
2016-01-22 00:00:00,155.7,158.5,154.5,158.1,113279
2016-01-21 00:00:00,151.0,154.8,149.8,152.7,205417
2016-01-20 00:00:00,153.5,156.0,150.0,151.7,162774
2016-01-19 00:00:00,155.0,155.9,152.3,155.2,244932
2016-01-18 00:00:00,157.0,159.4,151.7,152.4,153601
2016-01-15 00:00:00,160.0,161.4,154.2,156.7,226776
2016-01-14 00:00:00,163.9,163.9,159.8,160.8,136854
2016-01-13 00:00:00,165.5,167.5,162.6,163.9,133355
2016-01-12 00:00:00,162.5,167.8,162.5,164.6,180078
2016-01-11 00:00:00,165.0,167.1,162.0,162.6,156255
2016-01-08 00:00:00,168.5,171.4,163.0,164.3,327138
2016-01-07 00:00:00,165.4,169.5,160.9,168.0,194746
2016-01-06 00:00:00,,167.2,167.2,167.2,0
2016-01-05 00:00:00,169.5,172.5,167.2,167.2,42411
2016-01-04 00:00:00,170.9,171.7,166.0,170.5,99820
2016-01-01 00:00:00,,171.0,171.0,171.0,0
2015-12-31 00:00:00,,171.0,171.0,171.0,0
2015-12-30 00:00:00,173.0,173.0,169.0,171.0,62091
2015-12-29 00:00:00,168.5,172.5,168.5,172.5,107399
2015-12-28 00:00:00,170.0,170.5,167.0,169.0,44987
2015-12-25 00:00:00,168.0,171.5,167.0,169.0,83246
2015-12-24 00:00:00,168.0,171.5,167.0,169.0,83246
2015-12-23 00:00:00,168.0,171.5,167.0,169.0,83246
2015-12-22 00:00:00,168.0,169.5,165.5,167.5,96030
2015-12-21 00:00:00,167.0,170.5,166.0,166.5,118040
2015-12-18 00:00:00,167.0,169.5,165.0,167.0,136778
2015-12-17 00:00:00,167.5,173.0,167.5,169.5,195311
2015-12-16 00:00:00,166.0,168.0,165.0,167.0,129142
2015-12-15 00:00:00,164.0,164.5,161.5,164.0,53320
2015-12-14 00:00:00,164.0,164.5,160.5,161.5,82480
2015-12-11 00:00:00,162.0,164.5,159.5,163.0,115875
2015-12-10 00:00:00,165.5,165.5,162.0,164.5,50510
2015-12-09 00:00:00,166.0,166.0,159.0,164.5,183594
2015-12-08 00:00:00,168.0,168.5,165.5,166.0,199349
2015-12-07 00:00:00,167.5,170.5,167.5,169.5,82219
2015-12-04 00:00:00,169.5,169.5,164.5,168.0,160734
2015-12-03 00:00:00,172.0,174.0,170.0,170.0,123811
2015-12-02 00:00:00,173.0,175.0,172.0,172.0,62510
2015-12-01 00:00:00,170.5,175.0,170.0,174.0,135097
2015-11-30 00:00:00,172.0,173.5,171.0,172.0,149143
2015-11-27 00:00:00,172.0,172.5,170.5,172.5,16782
2015-11-26 00:00:00,172.5,173.0,171.5,173.0,23678
2015-11-25 00:00:00,169.5,172.0,169.5,172.0,94629
2015-11-24 00:00:00,171.0,171.0,167.5,170.0,67861
2015-11-23 00:00:00,172.5,173.0,170.5,171.0,117145
2015-11-20 00:00:00,172.0,172.5,171.0,172.0,47297
2015-11-19 00:00:00,169.5,173.5,169.5,172.0,178479
2015-11-18 00:00:00,169.0,169.5,168.0,169.5,51279
2015-11-17 00:00:00,166.0,169.0,166.0,168.5,183723
2015-11-16 00:00:00,165.0,166.5,164.0,165.0,124489
2015-11-13 00:00:00,171.0,171.0,165.5,166.0,102668
2015-11-12 00:00:00,170.0,171.0,168.5,169.0,90909
2015-11-11 00:00:00,173.0,173.0,167.5,170.0,97544
2015-11-10 00:00:00,170.0,170.0,167.0,167.5,150706
2015-11-09 00:00:00,170.0,172.5,168.5,169.5,205602
2015-11-06 00:00:00,173.0,173.5,171.0,172.0,75187
2015-11-05 00:00:00,173.0,174.0,172.5,173.0,136650
2015-11-04 00:00:00,170.0,173.5,169.5,173.5,103488
2015-11-03 00:00:00,171.0,171.0,169.0,169.5,157288
2015-11-02 00:00:00,171.0,173.0,169.0,170.0,81573
2015-10-30 00:00:00,165.0,168.0,165.0,167.0,35124
2015-10-29 00:00:00,166.0,166.0,164.5,165.5,41101
2015-10-28 00:00:00,162.5,165.5,162.5,165.5,79590
2015-10-27 00:00:00,165.0,165.0,162.5,164.0,79737
2015-10-26 00:00:00,164.5,166.5,163.5,164.5,73744
2015-10-23 00:00:00,161.5,165.5,161.5,164.5,135979
2015-10-22 00:00:00,156.5,160.0,156.5,160.0,110243
2015-10-21 00:00:00,160.0,160.0,155.5,156.0,207091
2015-10-20 00:00:00,151.5,154.0,150.5,153.5,133934
2015-10-19 00:00:00,149.0,151.5,149.0,151.5,109114
2015-10-16 00:00:00,150.5,151.0,148.25,148.75,83003
2015-10-15 00:00:00,151.0,154.0,149.5,150.5,97566
2015-10-14 00:00:00,153.0,154.0,150.5,152.0,116747
2015-10-13 00:00:00,154.5,155.0,152.5,153.0,221232
2015-10-12 00:00:00,151.0,155.0,149.25,153.5,172740
2015-10-09 00:00:00,150.0,153.0,150.0,152.0,290428
2015-10-08 00:00:00,148.5,151.5,147.0,150.5,112566
2015-10-07 00:00:00,149.5,152.0,148.0,148.0,169399
2015-10-06 00:00:00,147.0,151.0,146.5,149.75,170243
2015-10-05 00:00:00,148.5,149.0,142.75,148.0,109890
2015-10-02 00:00:00,148.0,148.0,142.75,145.25,70893
2015-10-01 00:00:00,150.5,152.0,145.25,146.0,85752
2015-09-30 00:00:00,151.0,152.0,149.25,150.0,127741
2015-09-29 00:00:00,143.75,148.25,142.25,147.75,136897
2015-09-28 00:00:00,149.75,149.75,146.0,146.0,108147
2015-09-25 00:00:00,145.5,150.5,145.5,149.5,115318
2015-09-24 00:00:00,144.75,146.5,143.25,144.0,79149
2015-09-23 00:00:00,144.0,146.75,143.0,146.0,103196
2015-09-22 00:00:00,145.5,147.25,143.0,144.75,120618
2015-09-21 00:00:00,146.0,148.0,144.5,147.0,140476
2015-09-18 00:00:00,147.0,147.0,143.75,145.5,290390
2015-09-17 00:00:00,145.25,147.25,144.5,147.0,97925
2015-09-16 00:00:00,147.0,147.25,145.25,146.75,92015
2015-09-15 00:00:00,147.0,147.25,144.5,145.75,60404
2015-09-14 00:00:00,149.75,150.5,147.0,148.0,108636
2015-09-11 00:00:00,151.0,151.5,149.5,150.5,36512
2015-09-10 00:00:00,148.0,153.0,148.0,151.0,77706
2015-09-09 00:00:00,150.5,153.0,150.0,151.5,86569
2015-09-08 00:00:00,148.5,151.0,147.25,149.5,73595
2015-09-07 00:00:00,147.25,149.75,146.0,147.0,40113
2015-09-04 00:00:00,147.25,147.75,145.25,147.0,83949
2015-09-03 00:00:00,145.5,148.5,145.25,148.0,123625
2015-09-02 00:00:00,143.5,145.5,142.0,145.0,162560
2015-09-01 00:00:00,146.5,146.5,141.75,142.75,144671
2015-08-31 00:00:00,147.75,154.5,144.5,147.75,74415
2015-08-28 00:00:00,148.25,149.0,145.0,146.0,105708
2015-08-27 00:00:00,145.5,148.75,145.0,147.5,142545
2015-08-26 00:00:00,145.25,146.5,141.75,143.5,163129
2015-08-25 00:00:00,140.75,146.25,140.75,146.0,170041
2015-08-24 00:00:00,146.0,146.0,137.0,140.25,292074
2015-08-21 00:00:00,150.0,151.5,148.0,149.75,230479
2015-08-20 00:00:00,152.0,154.0,150.5,152.0,108112
2015-08-19 00:00:00,158.5,158.5,153.0,153.5,191589
2015-08-18 00:00:00,160.0,162.0,156.5,159.0,170525
2015-08-17 00:00:00,160.0,160.5,158.0,160.0,120659
2015-08-14 00:00:00,156.5,159.5,156.5,159.0,87542
2015-08-13 00:00:00,154.0,158.0,154.0,157.5,134809
2015-08-12 00:00:00,157.5,158.0,153.5,154.5,135470
2015-08-11 00:00:00,157.5,158.0,156.0,158.0,61994
2015-08-10 00:00:00,155.5,157.0,154.5,157.0,134423
2015-08-07 00:00:00,153.5,155.0,153.5,155.0,48792
2015-08-06 00:00:00,154.0,154.0,151.0,153.5,238589
2015-08-05 00:00:00,155.0,156.0,153.0,153.5,106089
2015-08-04 00:00:00,155.0,155.0,152.5,153.5,93043
2015-08-03 00:00:00,150.5,153.5,149.75,153.5,175144
2015-07-31 00:00:00,149.75,151.0,147.5,148.75,145241
2015-07-30 00:00:00,153.0,153.0,150.0,151.0,39973
2015-07-29 00:00:00,151.5,155.0,151.0,151.5,99785
2015-07-28 00:00:00,149.25,152.5,148.75,152.5,47996
2015-07-27 00:00:00,151.0,152.5,149.0,149.75,66454
2015-07-24 00:00:00,152.5,154.5,151.5,152.5,49319
2015-07-23 00:00:00,155.5,156.0,153.5,154.5,52854
2015-07-22 00:00:00,154.5,156.0,154.5,155.5,55772
2015-07-21 00:00:00,155.0,157.5,154.5,156.5,139967
2015-07-20 00:00:00,157.0,157.5,153.5,154.5,61660
2015-07-17 00:00:00,158.0,158.5,155.0,157.5,70267
2015-07-16 00:00:00,155.0,157.0,154.5,157.0,96328
2015-07-15 00:00:00,154.5,157.0,152.5,153.5,148643
2015-07-14 00:00:00,156.5,156.5,152.5,154.0,101952
2015-07-13 00:00:00,155.0,157.0,154.5,156.5,93221
2015-07-10 00:00:00,152.0,153.0,151.5,152.5,84134
2015-07-09 00:00:00,147.0,151.0,147.0,151.0,113681
2015-07-08 00:00:00,145.0,148.25,142.75,147.25,120041
2015-07-07 00:00:00,142.75,145.0,141.25,144.5,198311
2015-07-06 00:00:00,141.0,141.5,137.5,138.0,319898
2015-07-03 00:00:00,138.25,140.5,137.5,140.25,210167
2015-07-02 00:00:00,138.5,139.5,137.75,138.0,131931
2015-07-01 00:00:00,135.0,138.5,135.0,137.5,238365
2015-06-30 00:00:00,135.75,136.0,134.0,135.0,517671
2015-06-29 00:00:00,136.5,138.25,134.25,135.25,292197
2015-06-26 00:00:00,137.75,138.5,136.5,137.75,240121
2015-06-25 00:00:00,138.0,140.0,137.25,137.5,209683
2015-06-24 00:00:00,140.5,141.75,137.75,139.5,156141
2015-06-23 00:00:00,137.0,140.25,137.0,140.25,228998
2015-06-22 00:00:00,136.0,138.0,134.5,136.0,286309
2015-06-19 00:00:00,,135.5,135.5,135.5,0
2015-06-18 00:00:00,136.5,136.75,132.75,135.5,284360
2015-06-17 00:00:00,139.5,139.5,135.25,136.0,150121
2015-06-16 00:00:00,136.75,138.5,134.5,137.75,223200
2015-06-15 00:00:00,138.0,138.5,135.25,137.0,221996
2015-06-12 00:00:00,141.75,142.0,138.25,139.75,263904
2015-06-11 00:00:00,143.0,144.25,141.5,142.0,406088
2015-06-10 00:00:00,140.25,143.5,140.25,143.25,324754
2015-06-09 00:00:00,137.25,141.25,137.25,140.5,306497
2015-06-08 00:00:00,139.25,140.0,137.75,139.0,194812
2015-06-05 00:00:00,139.5,140.25,137.75,139.0,199314
2015-06-04 00:00:00,140.5,143.0,138.75,142.0,233010
2015-06-03 00:00:00,141.5,143.25,139.25,141.0,313740
2015-06-02 00:00:00,144.0,144.75,140.25,140.5,241831
2015-06-01 00:00:00,143.5,145.0,142.5,142.75,413550
2015-05-29 00:00:00,145.5,146.0,143.25,143.25,486863
2015-05-28 00:00:00,149.0,149.75,145.25,146.0,170282
2015-05-27 00:00:00,150.0,151.0,148.0,149.0,140000
2015-05-26 00:00:00,150.0,151.0,149.0,149.25,105421
2015-05-25 00:00:00,150.5,152.0,149.5,150.0,76049
2015-05-22 00:00:00,150.0,152.5,150.0,151.0,115001
2015-05-21 00:00:00,152.0,153.5,150.5,150.5,86777
2015-05-20 00:00:00,158.0,159.0,152.5,153.0,59471
2015-05-19 00:00:00,152.5,157.5,152.5,157.0,106745
2015-05-18 00:00:00,153.5,155.5,152.5,152.5,64728
2015-05-15 00:00:00,150.0,154.5,150.0,154.5,108802
2015-05-14 00:00:00,147.75,151.5,147.75,150.0,104394
2015-05-13 00:00:00,147.75,151.5,147.75,150.0,104394
2015-05-12 00:00:00,148.0,151.0,146.25,149.25,173038
2015-05-11 00:00:00,152.5,152.5,150.5,150.5,137160
2015-05-08 00:00:00,149.25,153.5,148.5,153.0,176200
2015-05-07 00:00:00,148.5,150.5,146.5,148.75,399729
2015-05-06 00:00:00,155.0,156.0,150.5,151.0,106714
2015-05-05 00:00:00,165.0,165.0,155.5,156.5,181109
2015-05-04 00:00:00,161.5,163.0,159.0,161.5,261027
2015-05-01 00:00:00,158.5,161.5,158.5,161.5,170464
2015-04-30 00:00:00,158.5,161.5,158.5,161.5,170464
2015-04-29 00:00:00,169.5,171.0,163.5,165.5,121709
2015-04-28 00:00:00,172.5,174.0,166.5,169.0,107821
2015-04-27 00:00:00,172.0,175.0,171.0,175.0,104472
2015-04-24 00:00:00,172.5,174.0,171.5,172.0,96096
2015-04-23 00:00:00,177.0,177.0,171.5,172.0,86240
2015-04-22 00:00:00,178.0,179.0,174.5,175.5,136425
2015-04-21 00:00:00,174.5,177.0,173.0,177.0,121343
2015-04-20 00:00:00,170.5,175.0,170.5,174.5,74759
2015-04-17 00:00:00,172.0,173.5,170.0,172.0,138364
2015-04-16 00:00:00,177.5,177.5,172.0,173.5,71943
2015-04-15 00:00:00,177.0,178.5,175.0,176.5,149404
2015-04-14 00:00:00,175.0,177.5,173.5,176.5,157180
2015-04-13 00:00:00,176.5,176.5,173.5,175.0,112866
2015-04-10 00:00:00,173.0,175.5,172.5,175.0,82552
2015-04-09 00:00:00,174.0,176.0,173.0,174.0,47110
2015-04-08 00:00:00,171.5,174.0,171.5,171.5,66142
2015-04-07 00:00:00,170.0,173.5,170.0,173.0,94426
2015-04-02 00:00:00,170.0,173.0,169.0,170.0,38128
2015-04-01 00:00:00,166.5,169.5,165.5,169.0,167295
2015-03-31 00:00:00,168.5,172.0,166.0,166.5,246068
2015-03-30 00:00:00,163.0,170.0,163.0,170.0,359014
2015-03-27 00:00:00,164.5,168.5,163.0,165.0,113905
2015-03-26 00:00:00,168.0,168.0,161.0,165.0,110524
2015-03-25 00:00:00,171.0,171.5,167.0,167.5,83028
2015-03-24 00:00:00,166.5,169.0,166.0,169.0,84171
2015-03-23 00:00:00,165.5,167.5,164.0,167.0,149518
2015-03-20 00:00:00,170.0,171.5,166.0,167.0,230451
2015-03-19 00:00:00,168.0,173.0,168.0,171.0,173109
2015-03-18 00:00:00,164.5,171.0,164.0,167.5,173000
2015-03-17 00:00:00,166.5,167.0,164.0,164.5,172920
2015-03-16 00:00:00,162.5,166.5,162.5,166.0,81946
2015-03-13 00:00:00,161.5,163.0,159.5,162.5,164402
2015-03-12 00:00:00,160.0,161.0,158.5,159.5,241075
2015-03-11 00:00:00,156.5,161.0,156.5,160.0,154595
2015-03-10 00:00:00,160.5,162.5,157.5,157.5,174199
2015-03-09 00:00:00,163.0,163.0,159.5,161.5,141662
2015-03-06 00:00:00,168.0,168.5,164.0,164.5,185279
2015-03-05 00:00:00,170.0,172.5,167.5,168.0,93962
2015-03-04 00:00:00,173.0,173.5,167.5,170.5,252322
2015-03-03 00:00:00,175.0,178.0,173.5,173.5,388281
2015-03-02 00:00:00,174.5,177.0,174.5,176.5,168275
2015-02-27 00:00:00,175.5,177.5,174.0,176.0,156493
2015-02-26 00:00:00,173.0,177.5,172.5,177.0,226130
2015-02-25 00:00:00,170.5,174.0,170.5,173.5,383594
2015-02-24 00:00:00,173.0,174.5,170.5,171.5,623340
2015-02-23 00:00:00,174.5,175.0,171.5,174.0,649864
2015-02-20 00:00:00,176.5,177.0,174.5,175.0,160697
2015-02-19 00:00:00,177.5,180.0,175.5,177.0,156759
2015-02-18 00:00:00,174.0,180.0,174.0,180.0,226681
2015-02-17 00:00:00,174.5,175.5,172.5,174.0,248012
2015-02-16 00:00:00,173.5,178.0,172.5,175.5,233249
2015-02-13 00:00:00,173.5,175.5,171.0,173.5,262491
2015-02-12 00:00:00,169.0,175.0,169.0,174.0,121786
2015-02-11 00:00:00,169.0,170.0,169.0,169.5,54266
2015-02-10 00:00:00,167.0,170.5,167.0,169.5,125750
2015-02-09 00:00:00,172.0,172.0,166.5,168.5,166484
2015-02-06 00:00:00,171.5,175.0,170.0,173.0,202006
2015-02-05 00:00:00,168.0,172.0,168.0,172.0,256800
2015-02-04 00:00:00,166.5,170.0,166.0,170.0,218668
2015-02-03 00:00:00,168.0,169.0,166.5,168.0,171273
2015-02-02 00:00:00,162.0,167.5,162.0,167.5,201367
2015-01-30 00:00:00,160.0,164.5,159.5,162.0,209352
2015-01-29 00:00:00,156.0,161.0,156.0,160.0,219719
2015-01-28 00:00:00,156.5,158.0,155.5,158.0,211434
2015-01-27 00:00:00,157.0,159.0,155.5,155.5,209502
2015-01-26 00:00:00,156.0,159.0,154.0,158.5,249340
2015-01-23 00:00:00,157.0,159.0,155.0,156.0,220484
2015-01-22 00:00:00,154.5,157.5,153.5,156.5,201660
2015-01-21 00:00:00,158.5,158.5,154.0,154.0,567978
2015-01-20 00:00:00,152.5,158.5,152.0,158.5,171233
2015-01-19 00:00:00,152.5,153.0,150.0,153.0,119087
2015-01-16 00:00:00,149.5,153.5,148.5,153.5,106763
2015-01-15 00:00:00,148.0,150.5,146.5,150.5,148385
2015-01-14 00:00:00,150.0,152.0,148.75,149.25,144090
2015-01-13 00:00:00,150.0,151.0,149.25,151.0,87015
2015-01-12 00:00:00,149.75,151.0,149.5,150.0,95952
2015-01-09 00:00:00,147.5,149.75,147.25,148.5,106606
2015-01-08 00:00:00,145.75,148.25,145.75,148.0,92926
2015-01-07 00:00:00,144.0,146.25,143.25,145.75,112772
2015-01-06 00:00:00,,145.0,145.0,145.0,0
2015-01-05 00:00:00,144.0,146.0,144.0,145.0,25353
2015-01-02 00:00:00,142.25,145.5,142.25,144.0,189371
2015-01-01 00:00:00,143.0,143.75,141.75,142.75,74673
2014-12-30 00:00:00,143.0,143.75,141.75,142.75,74673
2014-12-29 00:00:00,143.0,144.75,143.0,143.0,49917
2014-12-23 00:00:00,141.75,143.0,141.0,143.0,41391
2014-12-22 00:00:00,140.0,141.5,140.0,141.5,84062
2014-12-19 00:00:00,139.0,140.25,138.75,138.75,237783
2014-12-18 00:00:00,136.5,140.25,136.5,138.5,92825
2014-12-17 00:00:00,135.75,136.5,133.75,135.5,98960
2014-12-16 00:00:00,138.25,138.25,135.0,135.5,288343
2014-12-15 00:00:00,138.0,139.0,136.5,136.75,94066
2014-12-12 00:00:00,138.25,139.0,137.25,137.75,72247
2014-12-11 00:00:00,140.75,140.75,137.0,138.0,109669
2014-12-10 00:00:00,135.0,140.25,135.0,140.0,113588
2014-12-09 00:00:00,138.5,139.5,136.25,137.25,133222
2014-12-08 00:00:00,137.25,140.0,137.25,139.0,113972
2014-12-05 00:00:00,137.25,138.5,137.25,138.5,319966
2014-12-04 00:00:00,137.0,137.25,136.5,137.0,132641
2014-12-03 00:00:00,136.0,137.25,135.75,137.0,200417
2014-12-02 00:00:00,135.0,136.25,135.0,135.75,231283
2014-12-01 00:00:00,133.5,134.5,132.0,134.25,58382
2014-11-28 00:00:00,131.75,133.75,131.75,133.75,80251
2014-11-27 00:00:00,132.25,132.75,131.5,132.5,40551
2014-11-26 00:00:00,132.0,132.5,130.25,131.5,51932
2014-11-25 00:00:00,130.25,132.0,130.25,131.75,86657
2014-11-24 00:00:00,128.5,131.0,128.5,130.5,37798
2014-11-21 00:00:00,128.0,130.75,127.75,129.5,86002
2014-11-20 00:00:00,128.25,129.0,127.0,128.0,38343
2014-11-19 00:00:00,128.5,129.0,127.75,128.0,72693
2014-11-18 00:00:00,128.0,129.0,128.0,128.75,56806
2014-11-17 00:00:00,128.25,128.25,126.5,128.25,54085
2014-11-14 00:00:00,126.5,128.0,126.5,127.5,55149
2014-11-13 00:00:00,126.75,128.25,126.5,127.5,99740
2014-11-12 00:00:00,130.25,130.5,126.75,126.75,89709
2014-11-11 00:00:00,129.0,131.75,129.0,130.5,102292
2014-11-10 00:00:00,128.0,129.0,128.0,128.5,49389
2014-11-07 00:00:00,129.0,129.0,127.5,127.5,405089
2014-11-06 00:00:00,127.75,130.0,126.25,128.25,132745
2014-11-05 00:00:00,128.5,129.5,127.75,127.75,143170
2014-11-04 00:00:00,129.5,131.0,128.0,128.25,73389
2014-11-03 00:00:00,128.0,129.75,127.5,129.5,134145
2014-10-31 00:00:00,127.25,129.25,127.0,129.25,71140
2014-10-30 00:00:00,126.5,127.0,123.5,126.5,124112
2014-10-29 00:00:00,126.0,127.5,125.25,125.5,131341
2014-10-28 00:00:00,123.5,126.75,123.0,126.0,251641
2014-10-24 00:00:00,126.0,126.0,121.25,121.75,114464
2014-10-23 00:00:00,122.75,128.0,120.5,126.0,505796
2014-10-22 00:00:00,123.25,124.25,121.5,123.0,132705
2014-10-21 00:00:00,115.0,125.0,115.0,123.25,232402
2014-10-20 00:00:00,114.75,118.0,113.75,116.25,283844
2014-10-17 00:00:00,110.25,115.5,110.25,115.0,158633
2014-10-16 00:00:00,111.5,114.75,109.0,110.5,275802
2014-10-15 00:00:00,114.5,115.5,112.0,112.75,124360
2014-10-14 00:00:00,113.0,115.25,112.5,114.5,150188
2014-10-13 00:00:00,113.0,115.75,111.75,113.5,109088
2014-10-10 00:00:00,112.5,114.5,111.25,113.75,155256
2014-10-09 00:00:00,115.25,116.0,113.25,113.5,155738
2014-10-08 00:00:00,115.0,115.5,113.0,114.75,84201
2014-10-07 00:00:00,118.5,119.0,115.25,115.5,48574
2014-10-06 00:00:00,119.25,120.25,118.5,118.5,50792
2014-10-03 00:00:00,120.0,121.0,118.25,119.25,75615
2014-10-02 00:00:00,122.0,123.0,119.25,119.25,62854
2014-10-01 00:00:00,122.25,124.0,122.25,122.25,72919
2014-09-30 00:00:00,122.0,124.5,122.0,124.0,70300
2014-09-29 00:00:00,123.25,123.25,121.5,122.0,174240
2014-09-26 00:00:00,122.5,123.5,121.25,123.0,118507
2014-09-25 00:00:00,121.25,123.25,121.25,122.75,88226
2014-09-24 00:00:00,120.25,121.5,119.5,121.25,199158
2014-09-23 00:00:00,120.75,120.75,119.75,120.0,71558
2014-09-22 00:00:00,120.25,122.0,120.25,120.75,83699
2014-09-19 00:00:00,124.25,124.75,120.5,120.5,158823
2014-09-18 00:00:00,123.5,124.25,122.0,123.75,60645
2014-09-17 00:00:00,122.25,124.75,122.25,123.5,95387
2014-09-16 00:00:00,123.5,123.5,121.25,122.0,45203
2014-09-15 00:00:00,122.75,124.0,122.0,123.0,53943
2014-09-12 00:00:00,124.0,125.0,123.5,123.75,42586
2014-09-11 00:00:00,124.75,124.75,123.25,124.25,33569
2014-09-10 00:00:00,125.0,125.25,124.0,124.25,255368
2014-09-09 00:00:00,124.75,126.25,124.25,125.75,51346
2014-09-08 00:00:00,125.25,125.75,124.0,124.75,36474
2014-09-05 00:00:00,126.25,126.5,125.0,125.0,35671
2014-09-04 00:00:00,127.25,127.25,125.5,126.0,23825
2014-09-03 00:00:00,127.25,128.25,126.5,127.25,90690
2014-09-02 00:00:00,128.0,128.0,126.75,127.0,49428
2014-09-01 00:00:00,129.0,129.0,127.25,128.25,39007
2014-08-29 00:00:00,127.5,129.0,127.5,129.0,37682
2014-08-28 00:00:00,128.0,128.0,126.0,127.5,60358
2014-08-27 00:00:00,127.0,128.25,126.75,128.25,62348
2014-08-26 00:00:00,127.25,127.75,126.25,127.5,57273
2014-08-25 00:00:00,126.0,127.75,126.0,127.5,47528
2014-08-22 00:00:00,126.5,126.5,124.5,125.0,55044
2014-08-21 00:00:00,124.75,126.0,124.75,126.0,28725
2014-08-20 00:00:00,126.5,126.5,124.75,125.0,44437
2014-08-19 00:00:00,127.0,127.25,126.25,126.5,44004
2014-08-18 00:00:00,125.5,126.5,125.25,126.25,43672
2014-08-15 00:00:00,126.25,127.5,125.0,125.25,34013
2014-08-14 00:00:00,124.5,126.25,124.5,126.25,30535
2014-08-13 00:00:00,124.75,125.75,124.5,125.25,42829
2014-08-12 00:00:00,124.75,126.0,124.0,124.75,58105
2014-08-11 00:00:00,123.0,125.75,123.0,125.0,47615
2014-08-08 00:00:00,123.0,123.75,121.5,122.75,65581
2014-08-07 00:00:00,125.5,127.0,123.5,123.75,61330
2014-08-06 00:00:00,126.5,127.5,124.0,125.0,88607
2014-08-05 00:00:00,127.5,128.5,126.5,126.5,77897
2014-08-04 00:00:00,127.75,128.5,126.25,126.75,30461
2014-08-01 00:00:00,128.0,128.75,126.5,127.5,66486
2014-07-31 00:00:00,131.0,131.0,128.5,128.5,53759
2014-07-30 00:00:00,133.0,133.0,130.0,131.0,66637
2014-07-29 00:00:00,133.75,134.5,132.0,132.75,57821
2014-07-28 00:00:00,133.5,133.5,131.75,132.25,24883
2014-07-25 00:00:00,134.0,134.5,133.25,133.5,55946
2014-07-24 00:00:00,133.0,134.75,131.25,133.75,75381
2014-07-23 00:00:00,131.75,133.5,131.75,133.0,45009
2014-07-22 00:00:00,132.0,133.0,131.75,132.5,53219
2014-07-21 00:00:00,132.0,132.5,130.5,132.0,56564
2014-07-18 00:00:00,132.25,133.0,131.25,132.5,71381
2014-07-17 00:00:00,132.25,134.0,132.0,133.0,79395
2014-07-16 00:00:00,133.5,134.25,132.0,133.75,53213
2014-07-15 00:00:00,134.25,134.25,132.0,133.5,62564
2014-07-14 00:00:00,134.25,135.75,134.25,135.25,15454
2014-07-11 00:00:00,135.75,136.0,134.0,134.25,39284
2014-07-10 00:00:00,137.0,137.0,134.5,135.75,92246
2014-07-09 00:00:00,136.25,137.25,135.25,136.5,48821
2014-07-08 00:00:00,138.0,138.0,136.25,136.25,97414
2014-07-07 00:00:00,138.0,139.0,136.25,136.5,88322
2014-07-04 00:00:00,136.25,139.0,136.25,138.25,138711
2014-07-03 00:00:00,132.25,137.5,132.0,136.25,255759
2014-07-02 00:00:00,129.5,132.25,129.5,132.0,256433
2014-07-01 00:00:00,128.0,129.5,127.25,129.0,124900
2014-06-30 00:00:00,127.0,128.5,127.0,128.0,139772
2014-06-27 00:00:00,127.75,128.5,127.25,127.25,41195
2014-06-26 00:00:00,127.75,128.5,126.5,127.75,82856
2014-06-25 00:00:00,128.75,129.5,126.25,128.0,116599
2014-06-24 00:00:00,126.5,129.0,126.5,129.0,160785
2014-06-23 00:00:00,124.25,128.25,124.0,126.0,202755
2014-06-20 00:00:00,,124.0,124.0,124.0,0
2014-06-19 00:00:00,125.75,126.0,124.0,124.0,731899
2014-06-18 00:00:00,124.0,127.25,123.75,125.25,203603
2014-06-17 00:00:00,124.25,125.5,123.25,124.25,126441
2014-06-16 00:00:00,126.0,126.75,122.75,124.25,112641
2014-06-13 00:00:00,129.0,129.0,125.5,127.25,135107
2014-06-12 00:00:00,128.75,130.0,128.25,129.5,76801
2014-06-11 00:00:00,131.5,131.5,129.25,129.75,146754
2014-06-10 00:00:00,129.75,131.5,129.5,130.75,286665
2014-06-09 00:00:00,130.0,132.0,130.0,130.5,112131
2014-06-06 00:00:00,,129.75,129.75,129.75,0
2014-06-05 00:00:00,129.0,130.25,128.25,129.75,122532
2014-06-04 00:00:00,130.0,130.0,128.5,129.0,48127
2014-06-03 00:00:00,130.0,131.25,129.25,129.5,115152
2014-06-02 00:00:00,128.0,129.75,127.75,129.25,160404
2014-05-30 00:00:00,128.5,128.75,127.5,128.0,105936
2014-05-28 00:00:00,128.5,129.0,128.25,128.75,83803
2014-05-27 00:00:00,128.75,129.0,128.5,128.75,234837
2014-05-26 00:00:00,129.75,129.75,128.25,128.5,83475
2014-05-23 00:00:00,128.0,129.5,127.0,129.0,82643
2014-05-22 00:00:00,128.0,128.75,126.75,128.0,137082
2014-05-21 00:00:00,127.5,128.0,126.5,128.0,89240
2014-05-20 00:00:00,129.75,130.75,127.5,128.25,135885
2014-05-19 00:00:00,125.75,130.25,125.5,130.0,140082
2014-05-16 00:00:00,127.0,128.0,125.5,125.75,132263
2014-05-15 00:00:00,132.0,132.5,126.75,126.75,276586
2014-05-14 00:00:00,133.5,134.0,131.75,131.75,60408
2014-05-13 00:00:00,134.0,134.0,132.25,133.5,98336
2014-05-12 00:00:00,132.25,133.75,132.25,133.5,198572
2014-05-09 00:00:00,134.25,134.25,132.25,132.5,102724
2014-05-08 00:00:00,131.5,135.0,131.5,134.25,178479
2014-05-07 00:00:00,129.75,132.0,129.75,132.0,123764
2014-05-06 00:00:00,127.0,130.0,127.0,129.75,128813
2014-05-05 00:00:00,127.25,130.5,127.0,127.0,84354
2014-05-02 00:00:00,125.5,126.25,125.0,126.0,124632
2014-05-01 00:00:00,,125.0,125.0,125.0,0
2014-04-30 00:00:00,125.25,127.5,125.0,125.0,84272
2014-04-29 00:00:00,128.75,131.0,128.5,129.0,118702
2014-04-28 00:00:00,129.25,129.5,128.0,129.0,120873
2014-04-25 00:00:00,129.0,130.0,129.0,129.0,86742
2014-04-24 00:00:00,130.0,130.75,128.75,130.0,87529
2014-04-23 00:00:00,130.75,130.75,128.75,129.25,158012
2014-04-22 00:00:00,128.0,130.5,128.0,129.5,82080
2014-04-17 00:00:00,127.5,128.25,127.25,127.75,17175
2014-04-16 00:00:00,127.25,128.75,127.25,127.75,72891
2014-04-15 00:00:00,128.0,129.75,126.25,126.25,129744
2014-04-14 00:00:00,126.0,129.25,126.0,126.75,191629
2014-04-11 00:00:00,126.25,126.5,124.5,124.75,169931
2014-04-10 00:00:00,125.25,127.0,125.25,126.75,139662
2014-04-09 00:00:00,125.25,125.75,124.75,125.0,113597
2014-04-08 00:00:00,125.5,126.0,124.5,125.25,39588
2014-04-07 00:00:00,125.25,125.25,124.5,125.25,71727
2014-04-04 00:00:00,126.0,126.0,125.25,125.5,84854
2014-04-03 00:00:00,126.0,126.5,125.5,125.5,61136
2014-04-02 00:00:00,125.5,126.0,125.5,126.0,161535
2014-04-01 00:00:00,126.25,126.75,125.0,125.5,129964
2014-03-31 00:00:00,126.5,126.5,125.5,126.0,113690
2014-03-28 00:00:00,126.0,126.5,125.25,126.0,37155
2014-03-27 00:00:00,126.5,126.5,125.5,125.5,205337
2014-03-26 00:00:00,126.75,127.75,125.75,125.75,44136
2014-03-25 00:00:00,127.0,127.0,125.25,126.75,36963
2014-03-24 00:00:00,127.0,127.25,125.0,125.0,134778
2014-03-21 00:00:00,126.5,127.25,125.0,127.25,618862
2014-03-20 00:00:00,127.25,128.0,125.5,126.25,152946
2014-03-19 00:00:00,125.75,127.25,125.0,127.25,288196
2014-03-18 00:00:00,126.0,126.25,125.25,125.5,140099
2014-03-17 00:00:00,125.25,126.0,124.75,126.0,98472
2014-03-14 00:00:00,124.0,125.25,123.5,124.25,68453
2014-03-13 00:00:00,124.0,125.75,124.0,124.75,34153
2014-03-12 00:00:00,125.75,125.75,123.75,124.0,68711
2014-03-11 00:00:00,125.75,126.5,125.25,125.5,89394
2014-03-10 00:00:00,125.75,127.0,124.5,126.0,54454
2014-03-07 00:00:00,126.75,127.75,126.0,126.5,49381
2014-03-06 00:00:00,125.0,128.0,124.5,126.75,63420
2014-03-05 00:00:00,128.0,128.0,125.25,125.25,131250
2014-03-04 00:00:00,125.0,127.5,125.0,127.0,54790
2014-03-03 00:00:00,126.75,126.75,124.75,124.75,75084
2014-02-28 00:00:00,128.25,128.75,127.75,128.0,57959
2014-02-27 00:00:00,128.75,129.0,127.5,128.0,37824
2014-02-26 00:00:00,127.0,128.75,127.0,128.75,46287
2014-02-25 00:00:00,128.25,128.75,126.5,127.5,110149
2014-02-24 00:00:00,128.0,128.5,127.25,128.25,59093
2014-02-21 00:00:00,127.0,128.25,127.0,128.0,29706
2014-02-20 00:00:00,125.75,128.0,125.25,127.0,97559
2014-02-19 00:00:00,126.5,126.75,125.75,125.75,65524
2014-02-18 00:00:00,127.25,128.0,126.0,126.5,93302
2014-02-17 00:00:00,127.5,128.0,126.75,127.25,101826
2014-02-14 00:00:00,125.75,128.5,125.0,126.75,118358
2014-02-13 00:00:00,125.25,125.75,124.5,125.75,99278
2014-02-12 00:00:00,124.25,125.75,124.0,124.75,202624
2014-02-11 00:00:00,123.75,124.75,123.25,123.5,172503
2014-02-10 00:00:00,122.25,123.5,122.25,122.75,99882
2014-02-07 00:00:00,122.0,123.0,121.25,122.25,49100
2014-02-06 00:00:00,119.75,122.0,119.75,121.25,166795
2014-02-05 00:00:00,118.0,120.5,118.0,120.25,87743
2014-02-04 00:00:00,118.75,118.75,115.75,117.75,231077
2014-02-03 00:00:00,119.25,121.0,118.75,118.75,87718
2014-01-31 00:00:00,120.5,121.5,119.25,119.75,64441
2014-01-30 00:00:00,119.25,121.5,119.0,120.0,104858
2014-01-29 00:00:00,121.75,123.5,119.5,119.5,56204
2014-01-28 00:00:00,120.25,122.25,120.25,121.75,44257
2014-01-27 00:00:00,119.75,121.0,118.75,120.0,91093
2014-01-24 00:00:00,123.5,124.0,120.75,121.0,80979
2014-01-23 00:00:00,122.25,124.75,122.25,124.0,138855
2014-01-22 00:00:00,122.75,123.5,122.25,123.0,63346
2014-01-21 00:00:00,123.5,125.0,122.5,122.75,89726
2014-01-20 00:00:00,121.5,123.5,121.0,122.5,79041
2014-01-17 00:00:00,119.0,122.0,119.0,121.75,139217
2014-01-16 00:00:00,120.0,121.0,119.0,119.0,97130
2014-01-15 00:00:00,120.25,121.0,119.5,120.0,71661
2014-01-14 00:00:00,120.0,120.5,119.25,119.75,85632
2014-01-13 00:00:00,120.75,121.75,120.75,121.25,75517
2014-01-10 00:00:00,119.0,121.25,119.0,120.5,102584
2014-01-09 00:00:00,118.25,119.5,117.5,118.0,154115
2014-01-08 00:00:00,118.0,118.5,117.5,118.0,102528
2014-01-07 00:00:00,115.5,119.0,114.75,117.5,128837
2014-01-06 00:00:00,,115.5,115.5,115.5,0
2014-01-03 00:00:00,114.75,116.25,114.25,115.5,37453
2014-01-02 00:00:00,116.0,116.0,113.75,114.25,48686
2013-12-31 00:00:00,,115.25,115.25,115.25,0
2013-12-30 00:00:00,115.75,116.0,115.0,115.25,60591
2013-12-27 00:00:00,117.0,117.5,115.25,115.75,40784
2013-12-23 00:00:00,114.5,116.0,114.5,115.5,49116
2013-12-20 00:00:00,114.75,114.75,113.5,114.5,173779
2013-12-19 00:00:00,112.0,114.75,112.0,114.5,342233
2013-12-18 00:00:00,110.0,112.5,110.0,111.75,76088
2013-12-17 00:00:00,110.25,111.0,109.75,110.0,54944
2013-12-16 00:00:00,110.75,111.5,110.25,110.5,83148
2013-12-13 00:00:00,110.0,111.75,110.0,110.5,68365
2013-12-12 00:00:00,111.0,112.0,110.0,110.0,65201
2013-12-11 00:00:00,112.5,112.75,111.0,111.0,105591
2013-12-10 00:00:00,113.25,114.0,112.75,113.0,36849
2013-12-09 00:00:00,112.75,113.75,112.5,113.75,84026
2013-12-06 00:00:00,112.75,114.0,112.25,112.75,111431
2013-12-05 00:00:00,111.75,112.75,111.75,112.5,39797
2013-12-04 00:00:00,112.25,112.5,111.25,112.25,50945
2013-12-03 00:00:00,113.0,113.0,112.0,112.25,40404
2013-12-02 00:00:00,113.75,114.0,113.0,113.25,48979
2013-11-29 00:00:00,114.25,114.75,113.5,113.5,103525
2013-11-28 00:00:00,114.0,114.5,113.5,114.25,69232
2013-11-27 00:00:00,113.75,113.75,113.25,113.75,59057
2013-11-26 00:00:00,112.0,113.75,112.0,113.75,112165
2013-11-25 00:00:00,112.0,112.25,111.25,112.0,31544
2013-11-22 00:00:00,111.5,112.0,110.5,111.5,36139
2013-11-21 00:00:00,112.25,112.25,110.0,111.25,76507
2013-11-20 00:00:00,113.5,113.75,112.0,112.5,74795
2013-11-19 00:00:00,113.5,114.0,113.5,113.5,39954
2013-11-18 00:00:00,113.0,114.25,112.75,113.75,89702
2013-11-15 00:00:00,112.5,113.25,112.0,112.75,103429
2013-11-14 00:00:00,111.5,111.75,111.25,111.5,53577
2013-11-13 00:00:00,111.5,111.5,110.5,110.75,119247
2013-11-12 00:00:00,112.75,113.0,111.75,111.75,90777
2013-11-11 00:00:00,113.0,113.5,112.25,112.5,88839
2013-11-08 00:00:00,113.5,113.75,112.0,112.25,64835
2013-11-07 00:00:00,112.5,114.0,112.5,113.0,93453
2013-11-06 00:00:00,111.0,112.25,111.0,112.0,94701
2013-11-05 00:00:00,111.25,111.5,110.5,111.0,135026
2013-11-04 00:00:00,113.0,113.0,111.25,111.25,52742
2013-11-01 00:00:00,111.75,112.75,111.75,112.5,86359
2013-10-31 00:00:00,113.25,113.25,112.0,112.0,95201
2013-10-30 00:00:00,113.75,114.5,113.25,113.5,62015
2013-10-29 00:00:00,113.75,114.75,113.75,114.0,128882
2013-10-28 00:00:00,113.5,114.0,113.0,113.75,197764
2013-10-25 00:00:00,112.5,113.5,112.25,113.5,49890
2013-10-24 00:00:00,113.0,113.5,112.0,112.75,77129
2013-10-23 00:00:00,112.75,113.0,112.25,112.75,90603
2013-10-22 00:00:00,112.75,112.75,111.25,112.75,379858
2013-10-21 00:00:00,111.0,112.0,110.5,112.0,130905
2013-10-18 00:00:00,109.0,111.0,109.0,111.0,87539
2013-10-17 00:00:00,108.5,109.0,108.0,108.75,78085
2013-10-16 00:00:00,107.5,108.5,106.5,108.5,102277
2013-10-15 00:00:00,106.5,107.75,106.5,107.75,115853
2013-10-14 00:00:00,106.0,106.5,105.75,106.0,91185
2013-10-11 00:00:00,104.5,106.25,104.25,106.0,127334
2013-10-10 00:00:00,102.75,105.0,102.5,104.5,190290
2013-10-09 00:00:00,102.5,102.5,101.75,102.25,236427
2013-10-08 00:00:00,103.25,103.25,102.25,102.25,85145
2013-10-07 00:00:00,104.0,104.0,103.0,103.25,69529
2013-10-04 00:00:00,104.0,105.25,103.25,104.5,207103
2013-10-03 00:00:00,104.75,105.5,104.0,104.0,40179
2013-10-02 00:00:00,105.0,105.5,104.25,104.75,46765
2013-10-01 00:00:00,103.5,105.0,103.0,105.0,175860
2013-09-30 00:00:00,102.5,103.25,101.5,103.25,59496
2013-09-27 00:00:00,104.5,104.5,103.0,103.0,40948
2013-09-26 00:00:00,104.5,104.75,103.5,104.0,57921
2013-09-25 00:00:00,104.25,105.0,103.75,104.0,37327
2013-09-24 00:00:00,104.5,105.25,104.25,104.25,45639
2013-09-23 00:00:00,104.75,105.25,103.75,104.25,58723
2013-09-20 00:00:00,105.5,106.25,104.75,104.75,169672
2013-09-19 00:00:00,104.0,106.0,104.0,105.5,289013
2013-09-18 00:00:00,104.5,104.5,103.0,103.25,174771
2013-09-17 00:00:00,104.5,104.75,103.75,104.25,195035
2013-09-16 00:00:00,104.25,104.75,104.25,104.5,68943
2013-09-13 00:00:00,103.75,104.25,103.75,104.25,17726
2013-09-12 00:00:00,104.5,104.5,103.75,104.25,34359
2013-09-11 00:00:00,104.25,104.75,103.75,104.25,74746
2013-09-10 00:00:00,102.5,104.25,102.5,104.0,128872
2013-09-09 00:00:00,103.0,103.0,102.0,102.25,49447
2013-09-06 00:00:00,103.0,103.5,102.25,103.0,92435
2013-09-05 00:00:00,102.0,103.5,102.0,102.5,148570
2013-09-04 00:00:00,102.75,103.25,101.75,102.0,305698
2013-09-03 00:00:00,104.5,104.5,102.5,102.5,110228
2013-09-02 00:00:00,103.0,104.75,103.0,104.5,69301
2013-08-30 00:00:00,102.5,103.5,102.25,103.0,62313
2013-08-29 00:00:00,103.0,104.0,102.5,102.75,46392
2013-08-28 00:00:00,103.0,104.0,102.25,102.75,61695
2013-08-27 00:00:00,104.75,104.75,103.5,103.75,54711
2013-08-26 00:00:00,104.75,105.75,104.25,105.0,70137
2013-08-23 00:00:00,105.0,105.5,104.5,104.5,187336
2013-08-22 00:00:00,104.25,105.5,104.25,104.75,40305
2013-08-21 00:00:00,105.0,106.25,104.5,104.5,88243
2013-08-20 00:00:00,105.0,106.0,105.0,105.75,33937
2013-08-19 00:00:00,105.0,106.25,104.75,106.25,59268
2013-08-16 00:00:00,105.0,105.25,104.0,105.0,61635
2013-08-15 00:00:00,106.75,106.75,104.5,105.0,119886
2013-08-14 00:00:00,107.5,107.5,106.25,107.0,18321
2013-08-13 00:00:00,107.5,108.25,106.25,107.0,76511
2013-08-12 00:00:00,108.5,108.5,107.0,107.75,48615
2013-08-09 00:00:00,107.25,108.25,107.25,108.25,20785
2013-08-08 00:00:00,107.25,108.25,107.0,107.5,30188
2013-08-07 00:00:00,108.5,108.5,107.25,107.25,54980
2013-08-06 00:00:00,109.5,109.75,108.5,108.75,108916
2013-08-05 00:00:00,108.0,109.75,107.75,109.5,112438
2013-08-02 00:00:00,108.25,108.25,107.5,107.75,55618
2013-08-01 00:00:00,107.25,108.25,107.25,108.25,151772
2013-07-31 00:00:00,107.5,108.0,107.0,107.0,40932
2013-07-30 00:00:00,107.5,108.0,107.5,107.5,34001
2013-07-29 00:00:00,107.75,108.0,107.25,107.5,42678
2013-07-26 00:00:00,108.0,108.0,107.5,108.0,45153
2013-07-25 00:00:00,108.0,108.0,107.5,108.0,74199
2013-07-24 00:00:00,107.75,108.5,107.5,108.5,35525
2013-07-23 00:00:00,107.75,108.25,107.5,108.0,38628
2013-07-22 00:00:00,108.5,108.5,107.5,108.0,31567
2013-07-19 00:00:00,108.0,108.5,107.25,108.5,29719
2013-07-18 00:00:00,108.0,108.0,106.75,107.25,45477
2013-07-17 00:00:00,107.25,108.5,107.25,107.75,49395
2013-07-16 00:00:00,108.75,109.25,107.5,107.5,62538
2013-07-15 00:00:00,109.0,109.5,107.75,108.75,41405
2013-07-12 00:00:00,108.75,109.75,108.25,109.0,50838
2013-07-11 00:00:00,106.75,109.25,106.75,108.5,51263
2013-07-10 00:00:00,107.0,107.0,106.0,106.75,93507
2013-07-09 00:00:00,105.0,106.75,104.5,106.75,72529
2013-07-08 00:00:00,103.25,105.5,103.25,104.75,140942
2013-07-05 00:00:00,102.25,104.25,102.0,103.25,249179
2013-07-04 00:00:00,99.25,101.0,98.75,101.0,76668
2013-07-03 00:00:00,100.25,100.5,98.75,99.25,161089
2013-07-02 00:00:00,98.75,101.25,98.75,101.0,215075
2013-07-01 00:00:00,100.0,102.0,98.75,98.75,100754
2013-06-28 00:00:00,101.0,101.25,99.5,99.5,137592
2013-06-27 00:00:00,100.25,100.75,99.75,100.5,89430
2013-06-26 00:00:00,99.5,101.5,99.5,99.75,129763
2013-06-25 00:00:00,97.0,99.5,97.0,99.0,218978
2013-06-24 00:00:00,98.25,99.0,96.75,96.75,183566
2013-06-21 00:00:00,,99.25,99.25,99.25,0
2013-06-20 00:00:00,101.25,101.5,99.25,99.25,355664
2013-06-19 00:00:00,103.5,103.5,101.75,102.0,79096
2013-06-18 00:00:00,103.25,104.0,102.75,103.0,116082
2013-06-17 00:00:00,102.75,103.75,102.5,103.0,83068
2013-06-14 00:00:00,103.5,105.0,102.75,102.75,144972
2013-06-13 00:00:00,101.25,103.5,101.25,103.0,134272
2013-06-12 00:00:00,102.0,103.25,100.5,102.75,215690
2013-06-11 00:00:00,103.25,103.75,101.25,101.75,96921
2013-06-10 00:00:00,106.0,106.0,104.0,104.0,67664
2013-06-07 00:00:00,105.25,105.25,101.5,105.0,118322
2013-06-06 00:00:00,,105.25,105.25,105.25,0
2013-06-05 00:00:00,107.25,107.75,105.25,105.25,50307
2013-06-04 00:00:00,107.0,108.75,106.75,108.25,114964
2013-06-03 00:00:00,107.0,107.75,106.0,107.0,61265
2013-05-31 00:00:00,110.0,110.0,106.5,108.0,114256
2013-05-30 00:00:00,111.5,111.5,108.25,109.5,139006
2013-05-29 00:00:00,110.25,112.25,109.75,111.0,112924
2013-05-28 00:00:00,112.75,112.75,110.75,110.75,49201
2013-05-27 00:00:00,110.25,111.5,110.25,111.25,19762
2013-05-24 00:00:00,112.25,112.25,110.25,110.25,61071
2013-05-23 00:00:00,112.25,112.5,110.5,110.75,106825
2013-05-22 00:00:00,113.5,114.75,113.25,114.25,71535
2013-05-21 00:00:00,112.5,114.25,111.5,114.25,124185
2013-05-20 00:00:00,113.75,113.75,112.25,112.75,43259
2013-05-17 00:00:00,113.5,113.5,111.5,113.0,49538
2013-05-16 00:00:00,113.75,113.75,112.5,113.0,45411
2013-05-15 00:00:00,113.0,113.5,112.25,112.75,82013
2013-05-14 00:00:00,111.0,113.25,111.0,113.25,53179
2013-05-13 00:00:00,110.0,112.5,110.0,112.5,93629
2013-05-10 00:00:00,110.5,110.5,109.0,110.5,51073
2013-05-09 00:00:00,,110.0,110.0,110.0,0
2013-05-08 00:00:00,108.0,110.25,108.0,110.0,45117
2013-05-07 00:00:00,107.25,108.25,106.0,108.0,85116
2013-05-06 00:00:00,107.75,109.5,106.75,107.0,56235
2013-05-03 00:00:00,107.25,108.5,106.75,108.5,40184
2013-05-02 00:00:00,107.5,107.5,106.25,107.5,139999
2013-05-01 00:00:00,,107.0,107.0,107.0,0
2013-04-30 00:00:00,104.25,107.0,104.25,107.0,55672
2013-04-29 00:00:00,105.0,105.25,103.0,105.0,60555
2013-04-26 00:00:00,106.0,106.0,102.5,104.0,67208
2013-04-25 00:00:00,105.0,107.0,105.0,105.75,120444
2013-04-24 00:00:00,107.75,107.75,102.25,104.5,180739
2013-04-23 00:00:00,105.0,109.0,103.75,109.0,160672
2013-04-22 00:00:00,104.5,105.0,104.25,105.0,75351
2013-04-19 00:00:00,103.0,104.75,103.0,104.5,51941
2013-04-18 00:00:00,105.25,105.25,103.5,104.5,57763
2013-04-17 00:00:00,105.0,105.25,103.5,103.75,70473
2013-04-16 00:00:00,104.75,105.25,104.5,105.25,48176
2013-04-15 00:00:00,105.5,105.75,103.75,105.0,171029
2013-04-12 00:00:00,104.5,105.5,104.5,105.5,131684
2013-04-11 00:00:00,106.75,107.75,104.75,104.75,250443
2013-04-10 00:00:00,106.0,107.75,106.0,107.0,42148
2013-04-09 00:00:00,105.0,107.0,105.0,106.25,48278
2013-04-08 00:00:00,105.75,107.0,103.5,105.25,51794
2013-04-05 00:00:00,107.75,107.75,105.25,106.25,89111
2013-04-04 00:00:00,109.25,109.5,107.0,107.75,55474
2013-04-03 00:00:00,109.0,109.5,108.0,109.25,44621
2013-04-02 00:00:00,107.25,108.75,107.25,108.5,59771
2013-04-01 00:00:00,,107.25,107.25,107.25,0
2013-03-29 00:00:00,106.0,107.25,107.25,107.25,52972
2013-03-28 00:00:00,106.0,106.0,104.5,105.5,52972
2013-03-27 00:00:00,106.0,106.0,104.5,105.5,52972
2013-03-26 00:00:00,104.5,106.0,104.25,105.25,47722
2013-03-25 00:00:00,106.5,106.75,104.0,105.0,54808
2013-03-22 00:00:00,105.5,106.5,105.0,105.25,35291
2013-03-21 00:00:00,105.5,106.25,104.75,105.75,56071
2013-03-20 00:00:00,104.75,106.0,104.75,105.5,13463
2013-03-19 00:00:00,106.5,106.5,104.0,105.0,29973
2013-03-18 00:00:00,105.0,106.25,104.0,106.0,61708
2013-03-15 00:00:00,108.0,108.0,105.0,105.0,368592
2013-03-14 00:00:00,106.75,108.0,106.75,108.0,44611
2013-03-13 00:00:00,106.75,107.0,106.5,106.75,59550
2013-03-12 00:00:00,107.75,108.0,107.0,107.0,131997
2013-03-11 00:00:00,109.5,109.5,107.5,108.5,100569
2013-03-08 00:00:00,109.0,110.5,108.0,108.5,76223
2013-03-07 00:00:00,108.0,110.0,108.0,109.0,80816
2013-03-06 00:00:00,108.0,108.5,107.5,108.0,78917
2013-03-05 00:00:00,106.75,108.75,106.75,108.75,85625
2013-03-04 00:00:00,106.75,107.0,106.0,106.75,56044
2013-03-01 00:00:00,107.75,108.0,106.5,106.75,63504
2013-02-28 00:00:00,107.0,108.0,106.75,107.25,91759
2013-02-27 00:00:00,107.0,108.0,106.75,106.75,38276
2013-02-26 00:00:00,106.25,107.5,105.5,107.0,69368
2013-02-25 00:00:00,108.25,108.25,107.0,107.25,101477
2013-02-22 00:00:00,106.75,108.0,106.75,107.0,53001
2013-02-21 00:00:00,108.0,108.25,106.25,107.25,115473
2013-02-20 00:00:00,109.25,109.5,108.25,108.75,39110
2013-02-19 00:00:00,107.0,109.5,107.0,108.5,84535
2013-02-18 00:00:00,105.25,107.0,104.75,107.0,99627
2013-02-15 00:00:00,104.25,105.0,103.75,104.5,243959
2013-02-14 00:00:00,105.25,105.75,104.0,104.0,38409
2013-02-13 00:00:00,104.0,105.75,104.0,105.25,117373
2013-02-12 00:00:00,103.0,104.25,102.75,104.0,119908
2013-02-11 00:00:00,104.5,104.5,102.0,103.0,114475
2013-02-08 00:00:00,103.5,104.5,103.0,104.25,48464
2013-02-07 00:00:00,103.5,104.25,103.0,103.0,74231
2013-02-06 00:00:00,102.5,104.75,102.25,103.5,47929
2013-02-05 00:00:00,104.25,105.0,103.0,103.0,244174
2013-02-04 00:00:00,104.0,104.25,103.25,103.75,76037
2013-02-01 00:00:00,101.0,104.5,101.0,104.25,190229
2013-01-31 00:00:00,101.0,102.0,100.5,101.75,72744
2013-01-30 00:00:00,101.0,101.75,101.0,101.5,62130
2013-01-29 00:00:00,102.0,102.25,100.75,101.0,94722
2013-01-28 00:00:00,103.25,103.25,101.75,101.75,119417
2013-01-25 00:00:00,102.25,103.5,102.0,103.0,65880
2013-01-24 00:00:00,100.5,102.25,100.5,102.25,181091
2013-01-23 00:00:00,100.25,101.0,100.25,100.5,124775
2013-01-22 00:00:00,101.5,102.0,100.25,100.25,36662
2013-01-21 00:00:00,101.75,102.75,101.5,102.25,21328
2013-01-18 00:00:00,101.5,101.5,101.0,101.25,108215
2013-01-17 00:00:00,102.0,102.0,100.5,101.5,94598
2013-01-16 00:00:00,101.25,102.0,101.0,101.75,24539
2013-01-15 00:00:00,100.25,101.5,100.0,101.0,53081
2013-01-14 00:00:00,100.25,101.0,100.25,100.25,57484
2013-01-11 00:00:00,101.25,101.25,100.25,100.25,99104
2013-01-10 00:00:00,102.25,102.5,100.75,100.75,35312
2013-01-09 00:00:00,102.75,102.75,101.25,102.0,31480
2013-01-08 00:00:00,102.25,102.5,102.0,102.5,52736
2013-01-07 00:00:00,102.0,102.75,101.25,102.5,42508
2013-01-04 00:00:00,103.0,103.0,101.25,101.75,53755
2013-01-03 00:00:00,103.5,103.75,102.5,103.0,26944
2013-01-02 00:00:00,103.0,103.75,102.5,103.75,54178
2013-01-01 00:00:00,,101.5,101.5,101.5,0
2012-12-31 00:00:00,,101.5,101.5,101.5,0
2012-12-28 00:00:00,100.5,101.5,100.25,101.5,76945
2012-12-27 00:00:00,99.0,100.75,99.0,100.5,57761
2012-12-26 00:00:00,,100.0,100.0,100.0,0
2012-12-25 00:00:00,,100.0,100.0,100.0,0
2012-12-24 00:00:00,,100.0,100.0,100.0,0
2012-12-21 00:00:00,100.25,101.0,99.75,100.0,120039
2012-12-20 00:00:00,101.0,101.5,100.25,101.5,50303
2012-12-19 00:00:00,100.5,101.75,100.5,101.75,57511
2012-12-18 00:00:00,100.0,102.0,100.0,101.5,74553
2012-12-17 00:00:00,98.75,100.25,98.75,100.25,175212
2012-12-14 00:00:00,99.5,100.25,99.25,99.25,60416
2012-12-13 00:00:00,101.75,101.75,99.25,99.5,135072
2012-12-12 00:00:00,101.25,101.75,100.25,100.75,87315
2012-12-11 00:00:00,101.25,102.25,101.0,101.75,209583
2012-12-10 00:00:00,101.5,101.5,100.0,101.5,39631
2012-12-07 00:00:00,101.25,101.5,100.0,101.5,36647
2012-12-06 00:00:00,101.5,102.5,101.0,101.5,57467
2012-12-05 00:00:00,102.25,102.5,101.5,101.75,73732
2012-12-04 00:00:00,101.5,102.0,101.0,101.75,60943
2012-12-03 00:00:00,103.0,103.0,100.75,101.25,57564
2012-11-30 00:00:00,101.5,104.75,100.5,101.75,315363
2012-11-29 00:00:00,98.5,101.25,98.5,100.75,307040
2012-11-28 00:00:00,97.75,98.5,97.0,98.5,34531
2012-11-27 00:00:00,96.0,97.75,95.75,97.75,169526
2012-11-26 00:00:00,97.0,97.25,95.5,96.0,110582
2012-11-23 00:00:00,96.5,97.25,96.5,96.75,55573
2012-11-22 00:00:00,95.5,97.0,95.5,96.25,166254
2012-11-21 00:00:00,96.75,96.75,94.5,95.25,104798
2012-11-20 00:00:00,97.25,97.75,96.25,97.0,50647
2012-11-19 00:00:00,96.25,98.25,96.25,98.25,39070
2012-11-16 00:00:00,97.0,97.25,96.0,96.75,57239
2012-11-15 00:00:00,98.0,98.0,96.5,97.25,31014
2012-11-14 00:00:00,97.25,98.0,97.25,98.0,22285
2012-11-13 00:00:00,98.0,98.0,97.0,97.5,56696
2012-11-12 00:00:00,101.0,101.0,98.25,98.25,64985
2012-11-09 00:00:00,100.5,100.75,98.75,100.25,41713
2012-11-08 00:00:00,101.25,101.75,100.0,100.25,64010
2012-11-07 00:00:00,101.5,102.25,101.25,101.5,62920
2012-11-06 00:00:00,99.75,102.0,99.75,102.0,95205
2012-11-05 00:00:00,96.5,100.75,96.5,100.25,101372
2012-11-02 00:00:00,99.25,101.0,99.25,101.0,16935
2012-11-01 00:00:00,101.25,101.5,100.25,100.75,65264
2012-10-31 00:00:00,101.0,102.0,100.0,101.25,73334
2012-10-30 00:00:00,101.0,101.0,100.0,100.75,98087
2012-10-29 00:00:00,98.5,101.0,98.5,100.75,39348
2012-10-26 00:00:00,99.0,100.5,98.75,100.5,27961
2012-10-25 00:00:00,96.5,100.0,96.5,100.0,68574
2012-10-24 00:00:00,98.0,99.5,97.75,99.25,71330
2012-10-23 00:00:00,101.25,101.25,96.75,97.75,105898
2012-10-22 00:00:00,100.5,101.0,99.5,100.5,66751
2012-10-19 00:00:00,99.5,101.0,99.5,100.5,69346
2012-10-18 00:00:00,99.5,100.5,99.5,100.0,73371
2012-10-17 00:00:00,98.0,99.75,97.75,99.25,164675
2012-10-16 00:00:00,97.25,97.75,96.75,97.75,137496
2012-10-15 00:00:00,95.0,97.5,95.0,97.25,108376
2012-10-12 00:00:00,95.25,96.0,95.25,95.75,69953
2012-10-11 00:00:00,96.25,96.25,95.25,95.75,27484
2012-10-10 00:00:00,96.0,96.25,95.0,95.25,56593
2012-10-09 00:00:00,96.25,97.25,96.25,96.25,168031
2012-10-08 00:00:00,95.5,96.5,95.5,96.5,96225
2012-10-05 00:00:00,96.5,97.0,96.25,96.5,211588
2012-10-04 00:00:00,97.0,97.0,96.5,96.5,98941
2012-10-03 00:00:00,96.75,97.25,96.5,96.5,55026
2012-10-02 00:00:00,97.0,97.75,96.75,97.5,167357
2012-10-01 00:00:00,97.5,98.25,97.25,97.25,108344
2012-09-28 00:00:00,98.75,98.75,97.5,98.0,45119
2012-09-27 00:00:00,98.0,99.0,97.25,98.0,53562
2012-09-26 00:00:00,98.5,98.5,97.5,98.25,263513
2012-09-25 00:00:00,97.0,98.75,96.5,98.75,111904
2012-09-24 00:00:00,98.25,98.25,97.0,97.5,29106
2012-09-21 00:00:00,98.5,98.75,98.0,98.25,140315
2012-09-20 00:00:00,98.5,98.5,97.75,98.0,41029
2012-09-19 00:00:00,98.25,99.25,98.25,98.5,104779
2012-09-18 00:00:00,98.75,100.25,98.0,98.5,72127
2012-09-17 00:00:00,101.5,101.5,99.0,99.5,26740
2012-09-14 00:00:00,100.0,100.25,99.25,99.75,122527
2012-09-13 00:00:00,98.25,99.25,97.75,99.25,45047
2012-09-12 00:00:00,98.5,98.75,98.25,98.25,60835
2012-09-11 00:00:00,98.25,98.25,97.5,98.0,64373
2012-09-10 00:00:00,98.0,99.25,97.5,98.0,58162
2012-09-07 00:00:00,98.75,99.5,98.0,99.0,135828
2012-09-06 00:00:00,97.25,98.75,97.25,98.75,87458
2012-09-05 00:00:00,96.25,98.0,96.25,98.0,143971
2012-09-04 00:00:00,96.5,97.25,95.5,97.0,106666
2012-09-03 00:00:00,96.0,96.75,95.75,96.0,69738
2012-08-31 00:00:00,94.5,96.75,94.5,96.5,61784
2012-08-30 00:00:00,95.5,96.0,93.0,95.25,57624
2012-08-29 00:00:00,95.75,97.0,95.25,95.75,47577
2012-08-28 00:00:00,94.75,95.5,94.75,95.0,62626
2012-08-27 00:00:00,95.0,96.0,95.0,95.5,27457
2012-08-24 00:00:00,95.25,96.25,95.0,96.0,32878
2012-08-23 00:00:00,97.0,97.0,95.25,96.0,64202
2012-08-22 00:00:00,96.5,97.25,96.0,96.75,140154
2012-08-21 00:00:00,95.75,98.0,95.75,97.0,158477
2012-08-20 00:00:00,96.0,97.0,95.75,96.0,55895
2012-08-17 00:00:00,96.5,97.0,95.5,96.25,41919
2012-08-16 00:00:00,96.75,97.75,96.25,96.5,56673
2012-08-15 00:00:00,97.75,98.0,97.0,97.75,38447
2012-08-14 00:00:00,98.25,98.75,98.0,98.25,19483
2012-08-13 00:00:00,97.0,98.75,97.0,98.75,26736
2012-08-10 00:00:00,99.0,99.0,98.25,98.75,36015
2012-08-09 00:00:00,98.5,99.25,98.5,99.0,79362
2012-08-08 00:00:00,98.0,99.5,96.75,99.5,147119
2012-08-07 00:00:00,98.25,99.25,97.5,98.25,121639
2012-08-06 00:00:00,99.5,99.5,98.5,98.75,60897
2012-08-03 00:00:00,97.0,100.0,95.75,99.5,37100
2012-08-02 00:00:00,97.5,98.75,97.25,98.0,124692
2012-08-01 00:00:00,98.25,99.0,97.5,98.0,61023
2012-07-31 00:00:00,97.5,98.75,97.5,98.75,180034
2012-07-30 00:00:00,96.5,98.0,96.5,98.0,150051
2012-07-27 00:00:00,96.75,97.0,96.25,97.0,68784
2012-07-26 00:00:00,95.25,97.5,94.75,97.0,364320
2012-07-25 00:00:00,95.5,96.25,95.5,95.75,50733
2012-07-24 00:00:00,94.5,96.0,94.5,95.25,68319
2012-07-23 00:00:00,95.75,96.25,94.0,95.0,117196
2012-07-20 00:00:00,96.75,96.75,95.5,95.75,63282
2012-07-19 00:00:00,96.0,97.0,96.0,96.5,36796
2012-07-18 00:00:00,95.0,96.5,94.75,96.0,146021
2012-07-17 00:00:00,95.25,95.25,94.25,95.0,150174
2012-07-16 00:00:00,95.0,95.0,92.75,95.0,96195
2012-07-13 00:00:00,94.0,94.5,93.0,94.5,42147
2012-07-12 00:00:00,95.25,95.25,92.5,93.25,51933
2012-07-11 00:00:00,95.0,95.25,94.25,95.0,88932
2012-07-10 00:00:00,93.5,95.25,93.5,95.0,60313
2012-07-09 00:00:00,95.0,95.75,93.5,93.75,42800
2012-07-06 00:00:00,95.0,95.0,93.75,95.0,49666
2012-07-05 00:00:00,94.25,95.0,93.5,95.0,161854
2012-07-04 00:00:00,95.0,95.0,93.5,94.0,40842
2012-07-03 00:00:00,95.5,96.0,94.0,94.25,213217
2012-07-02 00:00:00,92.0,95.25,92.0,95.25,171329
2012-06-29 00:00:00,91.25,92.75,90.75,92.75,170043
2012-06-28 00:00:00,89.0,90.0,88.5,88.75,126102
2012-06-27 00:00:00,87.25,89.75,87.25,89.5,58747
2012-06-26 00:00:00,87.25,88.25,87.0,87.25,87735
2012-06-25 00:00:00,88.5,88.5,87.25,87.5,169670
2012-06-22 00:00:00,,88.75,88.75,88.75,0
2012-06-21 00:00:00,90.25,91.0,88.5,88.75,95353
2012-06-20 00:00:00,89.25,91.25,89.25,90.75,65603
2012-06-19 00:00:00,89.0,90.0,89.0,89.75,58788
2012-06-18 00:00:00,91.0,91.0,88.0,88.75,65874
2012-06-15 00:00:00,89.25,90.0,88.5,89.0,302621
2012-06-14 00:00:00,89.25,89.5,87.25,89.0,247377
2012-06-13 00:00:00,88.5,89.25,87.5,88.0,208692
2012-06-12 00:00:00,91.0,91.0,89.0,89.0,224148
2012-06-11 00:00:00,93.75,93.75,90.5,90.5,134703
2012-06-08 00:00:00,92.25,93.25,92.0,92.25,131449
2012-06-07 00:00:00,90.5,94.0,89.25,93.5,206113
2012-06-06 00:00:00,,89.5,89.5,89.5,0
2012-06-05 00:00:00,91.0,91.25,89.25,89.5,129165
2012-06-04 00:00:00,90.25,91.25,89.5,90.25,173457
2012-06-01 00:00:00,95.0,95.0,91.0,91.5,195356
2012-05-31 00:00:00,94.5,94.75,93.5,94.5,369126
2012-05-30 00:00:00,95.25,95.25,93.75,93.75,197627
2012-05-29 00:00:00,93.75,95.75,93.75,95.25,185778
2012-05-28 00:00:00,93.5,95.0,93.0,93.75,97636
2012-05-25 00:00:00,92.0,94.25,92.0,93.5,110800
2012-05-24 00:00:00,92.75,93.5,91.75,93.25,151871
2012-05-23 00:00:00,94.25,94.25,92.5,92.75,59868
2012-05-22 00:00:00,93.0,94.75,93.0,94.75,140144
2012-05-21 00:00:00,91.25,93.5,91.25,93.0,92410
2012-05-18 00:00:00,92.75,93.0,91.25,92.25,128502
2012-05-17 00:00:00,,93.75,93.75,93.75,0
2012-05-16 00:00:00,94.5,94.5,93.5,93.75,140860
2012-05-15 00:00:00,95.0,95.75,94.25,95.0,241684
2012-05-14 00:00:00,94.0,94.5,93.25,94.25,165640
2012-05-11 00:00:00,94.0,95.25,93.25,94.75,135574
2012-05-10 00:00:00,95.0,95.0,93.5,94.25,165452
2012-05-09 00:00:00,95.25,96.0,93.5,93.5,163822
2012-05-08 00:00:00,94.75,96.0,94.25,95.0,234617
2012-05-07 00:00:00,93.0,95.25,92.0,95.0,191437
2012-05-04 00:00:00,95.0,96.0,93.75,94.25,213977
2012-05-03 00:00:00,95.0,96.0,94.75,95.25,208395
2012-05-02 00:00:00,94.0,94.75,92.75,94.75,298439
2012-05-01 00:00:00,,93.25,93.25,93.25,0
2012-04-30 00:00:00,91.25,93.25,91.0,93.25,109690
2012-04-27 00:00:00,91.75,91.75,89.75,90.5,173963
2012-04-26 00:00:00,96.0,97.25,94.75,95.0,211263
2012-04-25 00:00:00,92.5,95.0,92.25,95.0,142052
2012-04-24 00:00:00,92.5,93.5,92.5,93.5,88469
2012-04-23 00:00:00,94.0,94.75,92.0,92.5,60671
2012-04-20 00:00:00,94.75,96.25,94.75,95.0,182475
2012-04-19 00:00:00,96.0,96.25,95.25,96.0,82592
2012-04-18 00:00:00,96.0,96.0,94.5,95.5,191428
2012-04-17 00:00:00,90.75,96.25,90.75,95.75,204121
2012-04-16 00:00:00,91.0,92.75,91.0,91.5,110064
2012-04-13 00:00:00,92.5,92.5,91.0,91.5,169804
2012-04-12 00:00:00,92.25,92.75,91.75,92.25,188910
2012-04-11 00:00:00,91.75,92.75,91.5,92.25,95632
2012-04-10 00:00:00,92.25,93.5,91.5,91.75,94005
2012-04-09 00:00:00,,93.5,93.5,93.5,0
2012-04-06 00:00:00,,93.5,93.5,93.5,0
2012-04-05 00:00:00,93.0,94.25,92.25,93.5,65442
2012-04-04 00:00:00,94.75,95.0,92.75,93.0,74166
2012-04-03 00:00:00,94.75,95.5,94.5,95.5,97869
2012-04-02 00:00:00,93.5,94.75,93.25,94.75,125776
2012-03-30 00:00:00,93.5,94.0,92.75,93.5,163555
2012-03-29 00:00:00,95.0,96.0,93.0,93.25,83331
2012-03-28 00:00:00,96.0,96.25,94.25,95.25,142707
2012-03-27 00:00:00,95.75,96.0,95.25,95.75,102938
2012-03-26 00:00:00,92.5,95.0,92.5,95.0,182381
2012-03-23 00:00:00,92.0,92.75,91.75,92.5,240053
2012-03-22 00:00:00,93.5,93.5,91.75,92.0,145989
2012-03-21 00:00:00,93.5,93.75,92.25,93.25,179756
2012-03-20 00:00:00,94.0,94.25,92.0,93.0,168407
2012-03-19 00:00:00,93.0,93.75,92.75,93.75,289035
2012-03-16 00:00:00,93.0,93.25,92.0,93.0,232833
2012-03-15 00:00:00,93.5,93.5,92.0,92.75,266639
2012-03-14 00:00:00,95.0,95.5,93.25,93.5,162217
2012-03-13 00:00:00,93.75,94.5,93.75,94.5,68546
2012-03-12 00:00:00,93.5,94.5,93.5,93.75,61703
2012-03-09 00:00:00,93.75,94.25,92.75,94.0,188078
2012-03-08 00:00:00,89.75,93.0,89.75,93.0,223763
2012-03-07 00:00:00,89.5,90.25,88.0,90.0,221121
2012-03-06 00:00:00,91.75,91.75,89.25,89.5,351745
2012-03-05 00:00:00,91.75,92.75,91.75,91.75,72841
2012-03-02 00:00:00,93.0,93.75,92.5,93.0,130989
2012-03-01 00:00:00,91.75,93.0,91.5,93.0,92382
2012-02-29 00:00:00,91.0,92.5,91.0,91.5,374598
2012-02-28 00:00:00,90.0,91.75,90.0,90.75,148818
2012-02-27 00:00:00,91.5,91.5,89.75,90.25,177094
2012-02-24 00:00:00,91.5,91.75,90.75,91.5,159361
2012-02-23 00:00:00,91.75,92.5,90.5,90.75,184492
2012-02-22 00:00:00,92.0,92.5,91.25,92.5,148023
2012-02-21 00:00:00,93.75,93.75,91.25,92.5,207505
2012-02-20 00:00:00,93.75,94.75,93.5,94.0,81304
2012-02-17 00:00:00,93.25,94.0,93.25,94.0,132689
2012-02-16 00:00:00,92.75,93.5,92.0,92.75,103108
2012-02-15 00:00:00,92.75,92.75,91.75,92.75,220232
2012-02-14 00:00:00,95.25,95.25,92.25,92.25,324389
2012-02-13 00:00:00,94.0,95.25,94.0,94.75,106692
2012-02-10 00:00:00,94.25,94.5,93.0,94.25,168720
2012-02-09 00:00:00,95.5,95.5,94.0,94.0,219918
2012-02-08 00:00:00,96.25,97.25,95.5,95.5,209653
2012-02-07 00:00:00,97.75,98.5,96.25,96.25,196101
2012-02-06 00:00:00,98.75,99.25,98.25,99.25,159035
2012-02-03 00:00:00,97.75,100.0,96.75,100.0,349789
2012-02-02 00:00:00,95.5,97.25,95.5,97.25,219870
2012-02-01 00:00:00,92.0,96.0,92.0,96.0,216052
2012-01-31 00:00:00,92.5,93.5,92.5,93.0,115352
2012-01-30 00:00:00,92.25,94.0,92.25,92.5,114960
2012-01-27 00:00:00,94.25,94.5,93.25,93.75,164609
2012-01-26 00:00:00,93.25,94.5,93.0,94.25,162745
2012-01-25 00:00:00,93.5,94.0,92.5,92.75,196360
2012-01-24 00:00:00,95.5,95.5,92.75,93.25,275250
2012-01-23 00:00:00,94.75,95.5,94.5,95.5,152858
2012-01-20 00:00:00,95.5,95.5,94.0,94.75,345400
2012-01-19 00:00:00,92.75,96.0,92.25,96.0,631075
2012-01-18 00:00:00,92.0,93.25,91.0,92.75,270257
2012-01-17 00:00:00,91.5,92.5,91.25,91.25,101410
2012-01-16 00:00:00,90.5,91.75,90.5,91.5,129125
2012-01-13 00:00:00,90.25,91.5,89.5,90.75,131837
2012-01-12 00:00:00,89.25,91.0,89.0,89.75,200997
2012-01-11 00:00:00,90.25,90.25,88.75,89.75,127953
2012-01-10 00:00:00,89.0,90.75,89.0,89.5,171214
2012-01-09 00:00:00,90.0,90.5,88.5,89.0,239055
2012-01-06 00:00:00,,90.5,90.5,90.5,0
2012-01-05 00:00:00,91.5,91.5,90.25,90.5,112519
2012-01-04 00:00:00,92.5,93.25,91.0,91.25,278948
2012-01-03 00:00:00,92.75,93.75,92.25,93.25,187017
2012-01-02 00:00:00,91.0,93.25,91.0,93.25,37510
2011-12-30 00:00:00,90.75,91.75,90.0,91.0,133105
2011-12-29 00:00:00,89.5,90.75,89.5,90.25,80218
2011-12-28 00:00:00,90.0,90.75,89.25,89.75,55929
2011-12-27 00:00:00,90.75,90.75,89.5,90.25,24315
2011-12-26 00:00:00,,90.0,90.0,90.0,0
2011-12-23 00:00:00,90.0,90.75,89.5,90.0,149216
2011-12-22 00:00:00,88.0,90.5,88.0,90.0,93506
2011-12-21 00:00:00,88.25,89.5,88.0,88.0,340224
2011-12-20 00:00:00,84.25,88.0,84.25,87.75,184281
2011-12-19 00:00:00,84.0,85.25,84.0,84.75,148314
2011-12-16 00:00:00,83.75,84.25,83.25,84.0,288005
2011-12-15 00:00:00,82.25,83.75,82.0,83.75,197521
2011-12-14 00:00:00,84.0,84.0,82.0,82.25,711133
2011-12-13 00:00:00,83.25,85.75,83.25,84.0,339545
2011-12-12 00:00:00,85.5,85.5,83.75,83.75,201834
2011-12-09 00:00:00,85.0,86.5,85.0,85.5,139226
2011-12-08 00:00:00,87.5,87.75,84.5,85.25,383777
2011-12-07 00:00:00,88.0,88.25,87.0,87.5,271929
2011-12-06 00:00:00,88.25,88.25,86.75,87.25,171263
2011-12-05 00:00:00,88.25,89.0,88.0,88.25,146628
2011-12-02 00:00:00,88.25,88.75,87.5,88.25,142854
2011-12-01 00:00:00,88.0,88.5,86.5,88.0,157307
2011-11-30 00:00:00,85.0,88.5,84.75,88.25,336382
2011-11-29 00:00:00,84.5,85.75,83.75,85.5,246687
2011-11-28 00:00:00,82.0,84.5,82.0,84.5,151535
2011-11-25 00:00:00,81.25,82.0,80.0,81.5,162607
2011-11-24 00:00:00,80.5,82.0,80.5,81.5,168289
2011-11-23 00:00:00,81.0,81.25,79.5,80.25,248245
2011-11-22 00:00:00,81.5,82.25,80.5,80.75,109477
2011-11-21 00:00:00,84.75,85.0,81.25,81.5,261740
2011-11-18 00:00:00,86.0,86.5,85.0,85.0,65444
2011-11-17 00:00:00,87.0,87.0,85.25,86.5,156696
2011-11-16 00:00:00,88.0,89.0,87.25,87.5,151973
2011-11-15 00:00:00,88.5,89.5,88.0,88.5,206774
2011-11-14 00:00:00,89.0,90.0,88.5,89.0,139508
2011-11-11 00:00:00,86.5,89.75,86.0,89.25,136799
2011-11-10 00:00:00,86.25,87.5,86.0,86.25,112959
2011-11-09 00:00:00,87.75,88.0,85.75,87.25,174100
2011-11-08 00:00:00,87.0,88.5,87.0,87.75,428254
2011-11-07 00:00:00,88.0,88.0,87.0,87.25,101719
2011-11-04 00:00:00,88.75,88.75,87.5,88.0,55916
2011-11-03 00:00:00,86.25,88.25,86.0,87.75,72519
2011-11-02 00:00:00,86.75,88.25,86.0,87.0,196969
2011-11-01 00:00:00,88.5,88.5,86.25,86.75,192305
2011-10-31 00:00:00,90.25,90.75,89.5,89.5,77053
2011-10-28 00:00:00,91.0,91.75,90.25,91.0,102157
2011-10-27 00:00:00,91.0,91.25,89.5,91.0,153993
2011-10-26 00:00:00,88.0,89.5,87.75,88.5,212260
2011-10-25 00:00:00,89.5,89.5,88.0,88.5,228161
2011-10-24 00:00:00,89.5,89.75,89.0,89.25,198337
2011-10-21 00:00:00,88.75,89.75,88.75,89.5,82265
2011-10-20 00:00:00,88.25,89.5,87.75,89.0,179344
2011-10-19 00:00:00,90.0,90.5,88.25,89.0,106566
2011-10-18 00:00:00,89.5,90.5,88.25,90.25,166419
2011-10-17 00:00:00,90.25,91.0,88.25,89.25,128805
2011-10-14 00:00:00,88.5,90.5,87.75,90.0,157832
2011-10-13 00:00:00,87.75,89.0,87.0,87.75,185011
2011-10-12 00:00:00,86.0,88.25,85.5,88.25,186440
2011-10-11 00:00:00,87.0,87.75,85.5,86.5,147119
2011-10-10 00:00:00,86.0,87.25,85.25,87.0,127953
2011-10-07 00:00:00,86.25,87.75,85.75,86.0,357219
2011-10-06 00:00:00,86.5,87.0,85.0,87.0,263199
2011-10-05 00:00:00,85.0,85.5,83.5,85.25,367316
2011-10-04 00:00:00,85.5,86.0,83.5,84.0,469617
2011-10-03 00:00:00,86.5,88.5,84.5,87.0,195445
2011-09-30 00:00:00,88.0,88.75,87.25,87.25,199566
2011-09-29 00:00:00,87.25,89.75,87.25,88.5,233459
2011-09-28 00:00:00,,,,87.75,0
2011-09-27 00:00:00,84.25,88.25,84.25,88.0,450060
2011-09-26 00:00:00,81.25,83.75,80.5,83.0,399427
2011-09-23 00:00:00,83.75,84.25,81.75,83.25,244268
2011-09-22 00:00:00,85.0,85.25,83.25,83.75,197506
