Dates,Open,High,Low,Close,Volume
2017-09-08 00:00:00,0.37,0.386,0.353,0.368,247450170
2017-09-07 00:00:00,0.343,0.371,0.336,0.369,121497453
2017-09-06 00:00:00,0.307,0.335,0.3,0.335,99742599
2017-09-04 00:00:00,0.325,0.328,0.304,0.315,128016546
2017-09-01 00:00:00,0.36,0.366,0.335,0.339,73531325
2017-08-31 00:00:00,0.361,0.377,0.343,0.355,218347833
2017-08-30 00:00:00,0.33,0.344,0.327,0.336,90311397
2017-08-29 00:00:00,0.332,0.345,0.323,0.328,125116379
2017-08-28 00:00:00,0.31,0.338,0.303,0.335,143613971
2017-08-25 00:00:00,0.296,0.316,0.291,0.305,69801947
2017-08-24 00:00:00,0.3,0.319,0.283,0.29,65060140
2017-08-23 00:00:00,0.324,0.325,0.296,0.304,172342271
2017-08-22 00:00:00,0.274,0.32,0.256,0.32,161673657
2017-08-21 00:00:00,0.294,0.299,0.273,0.274,70694758
2017-08-18 00:00:00,0.305,0.31,0.284,0.294,81268415
2017-08-17 00:00:00,0.303,0.318,0.3,0.307,66642849
2017-08-16 00:00:00,0.33,0.333,0.305,0.31,75354044
2017-08-15 00:00:00,0.314,0.328,0.306,0.327,106417765
2017-08-14 00:00:00,0.323,0.338,0.314,0.321,141774470
2017-08-11 00:00:00,0.296,0.319,0.286,0.316,192144141
2017-08-10 00:00:00,0.292,0.348,0.281,0.305,415557986
2017-08-09 00:00:00,0.278,0.299,0.255,0.298,225394753
2017-08-08 00:00:00,0.238,0.275,0.238,0.275,190611468
2017-08-07 00:00:00,0.222,0.235,0.222,0.234,59987323
2017-08-04 00:00:00,0.207,0.217,0.206,0.217,16132540
2017-08-03 00:00:00,0.211,0.213,0.204,0.208,32401778
2017-08-02 00:00:00,0.21,0.222,0.21,0.214,49693822
2017-08-01 00:00:00,0.21,0.24,0.198,0.208,205950298
2017-07-31 00:00:00,0.195,0.207,0.194,0.206,32608907
2017-07-28 00:00:00,0.199,0.199,0.19,0.193,16850050
2017-07-27 00:00:00,0.19,0.196,0.189,0.196,38478914
2017-07-26 00:00:00,0.178,0.19,0.175,0.19,29361989
2017-07-25 00:00:00,0.171,0.179,0.17,0.177,12002332
2017-07-24 00:00:00,0.169,0.171,0.168,0.17,5706794
2017-07-21 00:00:00,0.172,0.173,0.168,0.17,5914690
2017-07-20 00:00:00,0.17,0.172,0.168,0.172,6110592
2017-07-19 00:00:00,0.17,0.173,0.169,0.171,10747098
2017-07-18 00:00:00,0.177,0.177,0.167,0.167,16625684
2017-07-17 00:00:00,0.165,0.172,0.162,0.171,22022444
2017-07-14 00:00:00,0.163,0.167,0.161,0.163,15664376
2017-07-13 00:00:00,0.166,0.169,0.163,0.163,23343666
2017-07-12 00:00:00,0.163,0.172,0.162,0.162,21864121
2017-07-11 00:00:00,0.161,0.165,0.16,0.16,15923696
2017-07-10 00:00:00,0.172,0.173,0.165,0.165,13986026
2017-07-07 00:00:00,0.166,0.174,0.163,0.172,22183357
2017-07-06 00:00:00,0.169,0.176,0.158,0.166,28768332
2017-07-05 00:00:00,0.18,0.18,0.174,0.176,15053643
2017-07-04 00:00:00,0.184,0.186,0.178,0.18,15132749
2017-07-03 00:00:00,0.195,0.195,0.186,0.186,21568972
2017-06-30 00:00:00,0.21,0.213,0.19,0.193,29244504
2017-06-29 00:00:00,0.202,0.211,0.2,0.208,35011964
2017-06-28 00:00:00,0.199,0.2,0.196,0.198,7132446
2017-06-27 00:00:00,0.2,0.203,0.196,0.199,15656279
2017-06-26 00:00:00,0.199,0.203,0.195,0.2,22314962
2017-06-23 00:00:00,,0.193,0.193,0.193,0
2017-06-22 00:00:00,0.188,0.196,0.185,0.193,24490072
2017-06-21 00:00:00,0.183,0.189,0.179,0.186,14704913
2017-06-20 00:00:00,0.188,0.188,0.181,0.184,10497153
2017-06-19 00:00:00,0.189,0.193,0.185,0.188,18921839
2017-06-16 00:00:00,0.192,0.192,0.182,0.187,20614584
2017-06-15 00:00:00,0.199,0.199,0.19,0.191,25034355
2017-06-14 00:00:00,0.204,0.212,0.193,0.196,81110779
2017-06-13 00:00:00,0.194,0.207,0.187,0.203,90586042
2017-06-12 00:00:00,0.188,0.197,0.184,0.191,95108458
2017-06-09 00:00:00,0.168,0.179,0.166,0.177,30381364
2017-06-08 00:00:00,0.166,0.167,0.163,0.167,8108143
2017-06-07 00:00:00,0.165,0.168,0.164,0.166,13937113
2017-06-06 00:00:00,,0.165,0.165,0.165,0
2017-06-05 00:00:00,0.162,0.167,0.161,0.165,7816129
2017-06-02 00:00:00,0.165,0.169,0.163,0.165,18491520
2017-06-01 00:00:00,0.166,0.171,0.156,0.166,32231263
2017-05-31 00:00:00,0.165,0.172,0.165,0.165,15771420
2017-05-30 00:00:00,0.168,0.169,0.165,0.166,9243793
2017-05-29 00:00:00,0.171,0.171,0.167,0.168,7880964
2017-05-26 00:00:00,0.173,0.173,0.168,0.17,9643742
2017-05-24 00:00:00,0.173,0.175,0.171,0.175,6427891
2017-05-23 00:00:00,0.174,0.174,0.171,0.173,9165294
2017-05-22 00:00:00,0.174,0.175,0.169,0.172,8095914
2017-05-19 00:00:00,0.173,0.176,0.17,0.172,15290085
2017-05-18 00:00:00,0.17,0.17,0.163,0.166,9263132
2017-05-17 00:00:00,0.174,0.174,0.17,0.171,11098632
2017-05-16 00:00:00,0.18,0.18,0.173,0.175,10511481
2017-05-15 00:00:00,0.179,0.183,0.176,0.178,15451354
2017-05-12 00:00:00,0.177,0.179,0.179,0.179,24652268
2017-05-11 00:00:00,0.18,0.181,0.176,0.179,14966282
2017-05-10 00:00:00,0.173,0.179,0.172,0.179,9202039
2017-05-09 00:00:00,0.173,0.177,0.171,0.172,7396169
2017-05-08 00:00:00,0.18,0.186,0.171,0.173,25129533
2017-05-05 00:00:00,0.177,0.179,0.171,0.178,18543874
2017-05-04 00:00:00,0.166,0.175,0.161,0.174,21665172
2017-05-03 00:00:00,0.164,0.168,0.161,0.166,12228673
2017-05-02 00:00:00,0.178,0.178,0.162,0.164,46208522
2017-05-01 00:00:00,,0.176,0.176,0.176,0
2017-04-28 00:00:00,0.178,0.178,0.174,0.176,16888509
2017-04-27 00:00:00,0.17,0.177,0.17,0.176,24627673
2017-04-26 00:00:00,0.174,0.176,0.171,0.172,23295119
2017-04-25 00:00:00,0.17,0.183,0.168,0.173,54795783
2017-04-24 00:00:00,0.168,0.174,0.165,0.171,35737501
2017-04-21 00:00:00,0.164,0.17,0.16,0.168,50301519
2017-04-20 00:00:00,0.177,0.181,0.163,0.168,67407824
2017-04-19 00:00:00,0.188,0.188,0.169,0.175,123406622
2017-04-18 00:00:00,0.194,0.212,0.186,0.19,249269158
2017-04-13 00:00:00,0.15,0.177,0.145,0.172,252466679
2017-04-12 00:00:00,0.103,0.13,0.097,0.124,206754459
2017-04-11 00:00:00,0.107,0.107,0.101,0.102,12681734
2017-04-10 00:00:00,0.106,0.108,0.104,0.105,7229292
2017-04-07 00:00:00,0.11,0.11,0.104,0.106,12141169
2017-04-06 00:00:00,0.107,0.111,0.102,0.11,12356587
2017-04-05 00:00:00,0.111,0.111,0.106,0.107,6517732
2017-04-04 00:00:00,0.111,0.113,0.109,0.11,5115904
2017-04-03 00:00:00,0.109,0.115,0.108,0.111,10473783
2017-03-31 00:00:00,0.109,0.109,0.107,0.108,5599215
2017-03-30 00:00:00,0.11,0.111,0.108,0.109,8791320
2017-03-29 00:00:00,0.112,0.113,0.109,0.11,10182010
2017-03-28 00:00:00,0.116,0.117,0.11,0.112,13211386
2017-03-27 00:00:00,0.115,0.117,0.111,0.116,9806789
2017-03-24 00:00:00,0.112,0.118,0.112,0.114,21336401
2017-03-23 00:00:00,0.107,0.122,0.107,0.113,56241047
2017-03-22 00:00:00,0.113,0.113,0.105,0.107,26587762
2017-03-21 00:00:00,0.124,0.124,0.107,0.113,82498987
2017-03-20 00:00:00,0.134,0.135,0.125,0.126,31534933
2017-03-17 00:00:00,0.134,0.14,0.133,0.134,27703588
2017-03-16 00:00:00,0.14,0.142,0.135,0.138,10571120
2017-03-15 00:00:00,0.143,0.147,0.138,0.139,11604394
2017-03-14 00:00:00,0.146,0.147,0.143,0.144,6921660
2017-03-13 00:00:00,0.145,0.147,0.144,0.146,5765853
2017-03-10 00:00:00,0.148,0.147,0.147,0.147,4076756
2017-03-09 00:00:00,0.15,0.15,0.146,0.146,4374912
2017-03-08 00:00:00,0.148,0.15,0.146,0.15,5491469
2017-03-07 00:00:00,0.152,0.152,0.148,0.148,8656659
2017-03-06 00:00:00,0.15,0.152,0.146,0.152,10982517
2017-03-03 00:00:00,0.146,0.15,0.15,0.15,11857816
2017-03-02 00:00:00,0.145,0.15,0.143,0.146,14735133
2017-03-01 00:00:00,0.151,0.151,0.144,0.145,19525835
2017-02-28 00:00:00,0.152,0.154,0.148,0.151,17807091
2017-02-27 00:00:00,0.151,0.156,0.151,0.152,8072914
2017-02-24 00:00:00,0.157,0.163,0.154,0.154,26927873
2017-02-23 00:00:00,0.153,0.158,0.153,0.157,9691858
2017-02-22 00:00:00,0.159,0.159,0.155,0.155,7863046
2017-02-21 00:00:00,0.163,0.163,0.157,0.159,9924529
2017-02-20 00:00:00,0.16,0.163,0.158,0.162,6632417
2017-02-17 00:00:00,0.16,0.162,0.158,0.16,5139068
2017-02-16 00:00:00,0.162,0.162,0.157,0.16,8351761
2017-02-15 00:00:00,0.166,0.167,0.16,0.162,19903800
2017-02-14 00:00:00,0.165,0.167,0.162,0.164,11653681
2017-02-13 00:00:00,0.155,0.166,0.155,0.162,23817847
2017-02-10 00:00:00,0.157,0.159,0.155,0.156,7482207
2017-02-09 00:00:00,0.157,0.157,0.154,0.157,9284233
2017-02-08 00:00:00,0.154,0.158,0.153,0.157,10699019
2017-02-07 00:00:00,0.153,0.159,0.152,0.156,19015916
2017-02-06 00:00:00,0.152,0.156,0.15,0.155,11425613
2017-02-03 00:00:00,0.15,0.153,0.148,0.152,13031497
2017-02-02 00:00:00,0.145,0.159,0.141,0.15,54930077
2017-02-01 00:00:00,0.142,0.145,0.139,0.145,18933093
2017-01-31 00:00:00,0.147,0.147,0.142,0.143,9808464
2017-01-30 00:00:00,0.152,0.152,0.144,0.145,12396335
2017-01-27 00:00:00,0.156,0.159,0.148,0.151,19428608
2017-01-26 00:00:00,0.147,0.161,0.147,0.155,30025997
2017-01-25 00:00:00,0.148,0.151,0.145,0.149,7901686
2017-01-24 00:00:00,0.147,0.15,0.145,0.147,7464559
2017-01-23 00:00:00,0.15,0.15,0.145,0.145,6783574
2017-01-20 00:00:00,0.152,0.153,0.144,0.148,15377632
2017-01-19 00:00:00,0.153,0.155,0.152,0.152,6046754
2017-01-18 00:00:00,0.155,0.157,0.153,0.153,6901460
2017-01-17 00:00:00,0.155,0.158,0.154,0.156,11524860
2017-01-16 00:00:00,0.156,0.159,0.155,0.156,6982363
2017-01-13 00:00:00,0.159,0.161,0.155,0.155,12488817
2017-01-12 00:00:00,0.163,0.169,0.156,0.159,36295757
2017-01-11 00:00:00,0.155,0.164,0.154,0.164,17990318
2017-01-10 00:00:00,0.155,0.158,0.154,0.155,9906731
2017-01-09 00:00:00,0.17,0.17,0.155,0.16,19046526
2017-01-06 00:00:00,,0.165,0.165,0.165,0
2017-01-05 00:00:00,0.166,0.17,0.159,0.165,14470891
2017-01-04 00:00:00,0.166,0.175,0.165,0.166,31189769
2017-01-03 00:00:00,0.16,0.17,0.157,0.17,28096988
2017-01-02 00:00:00,0.15,0.164,0.147,0.162,36919148
2016-12-30 00:00:00,0.147,0.15,0.146,0.15,20414027
2016-12-29 00:00:00,0.147,0.149,0.145,0.146,18775508
2016-12-28 00:00:00,0.149,0.15,0.146,0.146,12776675
2016-12-27 00:00:00,0.15,0.151,0.146,0.149,16921703
2016-12-23 00:00:00,0.149,0.152,0.145,0.149,13929174
2016-12-22 00:00:00,0.15,0.151,0.147,0.149,10423855
2016-12-21 00:00:00,0.152,0.152,0.145,0.148,17104835
2016-12-20 00:00:00,0.155,0.155,0.148,0.151,15471232
2016-12-19 00:00:00,0.154,0.158,0.152,0.155,13418940
2016-12-16 00:00:00,0.155,0.155,0.15,0.155,13112144
2016-12-15 00:00:00,0.151,0.155,0.149,0.154,14390532
2016-12-14 00:00:00,0.157,0.157,0.149,0.15,11597870
2016-12-13 00:00:00,0.152,0.155,0.148,0.155,20865974
2016-12-12 00:00:00,0.146,0.156,0.144,0.155,23319235
2016-12-09 00:00:00,0.149,0.152,0.146,0.147,20476582
2016-12-08 00:00:00,0.146,0.148,0.142,0.148,20861432
2016-12-07 00:00:00,0.152,0.153,0.142,0.142,61369358
2016-12-06 00:00:00,0.159,0.159,0.149,0.152,56383540
2016-12-05 00:00:00,0.17,0.176,0.154,0.162,62564469
2016-12-02 00:00:00,0.17,0.171,0.167,0.17,12026788
2016-12-01 00:00:00,0.166,0.171,0.162,0.17,25226421
2016-11-30 00:00:00,0.164,0.169,0.162,0.165,25531259
2016-11-29 00:00:00,0.159,0.18,0.15,0.165,209109209
2016-11-28 00:00:00,0.17,0.17,0.158,0.159,32435479
2016-11-25 00:00:00,0.164,0.175,0.154,0.169,95447774
2016-11-24 00:00:00,0.177,0.177,0.173,0.174,17570819
2016-11-23 00:00:00,0.175,0.178,0.172,0.177,11510896
2016-11-22 00:00:00,0.176,0.179,0.174,0.175,8431719
2016-11-21 00:00:00,0.182,0.182,0.173,0.176,23188229
2016-11-18 00:00:00,0.18,0.18,0.171,0.175,41396073
2016-11-17 00:00:00,0.214,0.217,0.175,0.179,269426241
2016-11-16 00:00:00,0.155,0.218,0.138,0.205,295388060
2016-11-15 00:00:00,0.163,0.171,0.158,0.168,34536516
2016-11-14 00:00:00,0.16,0.164,0.156,0.16,21914526
2016-11-11 00:00:00,0.161,0.165,0.155,0.156,30314733
2016-11-10 00:00:00,0.167,0.174,0.16,0.16,44616669
2016-11-09 00:00:00,0.152,0.165,0.152,0.165,27001822
2016-11-08 00:00:00,0.172,0.172,0.161,0.161,33072654
2016-11-07 00:00:00,0.181,0.183,0.169,0.171,25447210
2016-11-04 00:00:00,0.191,0.193,0.179,0.179,46535731
2016-11-03 00:00:00,0.165,0.199,0.158,0.196,75872704
2016-11-02 00:00:00,0.169,0.17,0.163,0.165,9927042
2016-11-01 00:00:00,0.173,0.174,0.168,0.169,18963088
2016-10-31 00:00:00,0.177,0.18,0.172,0.174,12098613
2016-10-28 00:00:00,0.176,0.181,0.176,0.177,7944556
2016-10-27 00:00:00,0.18,0.18,0.173,0.18,12792227
2016-10-26 00:00:00,0.18,0.181,0.176,0.179,8780600
2016-10-25 00:00:00,0.181,0.183,0.179,0.181,8908177
2016-10-24 00:00:00,0.184,0.187,0.179,0.18,11971082
2016-10-21 00:00:00,0.19,0.193,0.182,0.184,15089665
2016-10-20 00:00:00,0.186,0.19,0.185,0.189,5902340
2016-10-19 00:00:00,0.185,0.19,0.183,0.186,12336278
2016-10-18 00:00:00,0.19,0.19,0.182,0.185,13345119
2016-10-17 00:00:00,0.186,0.193,0.179,0.19,18807356
2016-10-14 00:00:00,0.184,0.187,0.181,0.187,9685071
2016-10-13 00:00:00,0.188,0.188,0.181,0.186,10069974
2016-10-12 00:00:00,0.193,0.193,0.178,0.189,17312702
2016-10-11 00:00:00,0.193,0.194,0.192,0.193,10139276
2016-10-10 00:00:00,0.194,0.197,0.191,0.193,9966022
2016-10-07 00:00:00,0.195,0.197,0.189,0.192,23161706
2016-10-06 00:00:00,0.194,0.195,0.192,0.194,8228418
2016-10-05 00:00:00,0.193,0.196,0.191,0.194,13168716
2016-10-04 00:00:00,0.2,0.2,0.192,0.194,19777716
2016-10-03 00:00:00,0.202,0.205,0.197,0.2,18798019
2016-09-30 00:00:00,0.2,0.2,0.195,0.2,15396422
2016-09-29 00:00:00,0.194,0.2,0.192,0.2,13859032
2016-09-28 00:00:00,0.195,0.197,0.191,0.194,17012310
2016-09-27 00:00:00,0.193,0.196,0.19,0.195,12719566
2016-09-26 00:00:00,0.198,0.2,0.191,0.191,14842846
2016-09-23 00:00:00,0.202,0.209,0.197,0.197,32029325
2016-09-22 00:00:00,0.197,0.202,0.194,0.2,21411957
2016-09-21 00:00:00,0.192,0.196,0.191,0.195,18067262
2016-09-20 00:00:00,0.194,0.201,0.189,0.192,43145090
2016-09-19 00:00:00,0.199,0.208,0.19,0.193,32261744
2016-09-16 00:00:00,0.203,0.206,0.197,0.198,22030823
2016-09-15 00:00:00,0.218,0.218,0.2,0.204,49458230
2016-09-14 00:00:00,0.2,0.219,0.198,0.217,30777616
2016-09-13 00:00:00,0.188,0.209,0.186,0.198,59862883
2016-09-12 00:00:00,0.192,0.193,0.185,0.188,28854381
2016-09-09 00:00:00,0.197,0.198,0.189,0.194,46499010
2016-09-08 00:00:00,0.202,0.202,0.195,0.197,35667444
2016-09-07 00:00:00,0.208,0.209,0.198,0.202,76742296
2016-09-06 00:00:00,0.215,0.215,0.209,0.209,30140504
2016-09-05 00:00:00,0.218,0.218,0.213,0.217,17763412
2016-09-02 00:00:00,0.219,0.219,0.214,0.218,10030666
2016-09-01 00:00:00,0.22,0.22,0.217,0.219,9033856
2016-08-31 00:00:00,0.219,0.22,0.217,0.22,6837309
2016-08-30 00:00:00,0.22,0.22,0.217,0.219,9441382
2016-08-29 00:00:00,0.219,0.22,0.215,0.218,13064743
2016-08-26 00:00:00,0.215,0.219,0.213,0.219,17200077
2016-08-25 00:00:00,0.217,0.218,0.213,0.214,26948796
2016-08-24 00:00:00,0.221,0.223,0.217,0.219,13473790
2016-08-23 00:00:00,0.215,0.222,0.215,0.22,10238035
2016-08-22 00:00:00,0.219,0.221,0.215,0.219,19132473
2016-08-19 00:00:00,0.222,0.223,0.217,0.22,25386572
2016-08-18 00:00:00,0.226,0.226,0.219,0.222,20923978
2016-08-17 00:00:00,0.217,0.229,0.216,0.225,24734990
2016-08-16 00:00:00,0.223,0.224,0.217,0.218,32840415
2016-08-15 00:00:00,0.236,0.236,0.223,0.223,37547941
2016-08-12 00:00:00,0.23,0.235,0.223,0.233,68871319
2016-08-11 00:00:00,0.25,0.254,0.228,0.23,117485878
2016-08-10 00:00:00,0.231,0.231,0.226,0.23,27703323
2016-08-09 00:00:00,0.237,0.237,0.226,0.231,59933189
2016-08-08 00:00:00,0.245,0.245,0.233,0.237,46576088
2016-08-05 00:00:00,0.254,0.254,0.244,0.244,46827168
2016-08-04 00:00:00,0.252,0.262,0.243,0.247,197775983
2016-08-03 00:00:00,0.24,0.243,0.233,0.235,19380801
2016-08-02 00:00:00,0.248,0.248,0.228,0.237,47981215
2016-08-01 00:00:00,0.243,0.256,0.239,0.248,28925805
2016-07-29 00:00:00,0.247,0.26,0.239,0.244,56162401
2016-07-28 00:00:00,0.248,0.257,0.239,0.249,43653110
2016-07-27 00:00:00,0.259,0.263,0.244,0.25,44599473
2016-07-26 00:00:00,0.263,0.271,0.249,0.255,68845291
2016-07-25 00:00:00,0.225,0.259,0.225,0.259,91950287
2016-07-22 00:00:00,0.212,0.219,0.208,0.217,14110083
2016-07-21 00:00:00,0.217,0.217,0.207,0.21,24549581
2016-07-20 00:00:00,0.225,0.225,0.205,0.216,51086736
2016-07-19 00:00:00,0.228,0.232,0.224,0.225,11107389
2016-07-18 00:00:00,0.242,0.256,0.221,0.23,52853377
2016-07-15 00:00:00,0.231,0.233,0.228,0.231,12565918
2016-07-14 00:00:00,0.234,0.234,0.229,0.232,19904278
2016-07-13 00:00:00,0.234,0.237,0.231,0.235,18649328
2016-07-12 00:00:00,0.235,0.237,0.229,0.234,38710277
2016-07-11 00:00:00,0.24,0.244,0.235,0.238,25540132
2016-07-08 00:00:00,0.238,0.242,0.235,0.24,12855887
2016-07-07 00:00:00,0.236,0.242,0.233,0.239,19368278
2016-07-06 00:00:00,0.245,0.245,0.23,0.236,26985520
2016-07-05 00:00:00,0.25,0.251,0.241,0.244,19460625
2016-07-04 00:00:00,0.258,0.267,0.25,0.251,20461136
2016-07-01 00:00:00,0.247,0.262,0.242,0.254,30471746
2016-06-30 00:00:00,0.25,0.25,0.242,0.247,25976988
2016-06-29 00:00:00,0.25,0.253,0.247,0.251,22192702
2016-06-28 00:00:00,0.245,0.253,0.243,0.248,17173064
2016-06-27 00:00:00,0.239,0.254,0.237,0.241,53863896
2016-06-24 00:00:00,,0.269,0.269,0.269,0
2016-06-23 00:00:00,0.273,0.276,0.255,0.269,35013188
2016-06-22 00:00:00,0.281,0.285,0.273,0.273,25791611
2016-06-21 00:00:00,0.278,0.292,0.273,0.276,69078309
2016-06-20 00:00:00,0.26,0.292,0.257,0.276,113346484
2016-06-17 00:00:00,0.242,0.265,0.24,0.258,30804022
2016-06-16 00:00:00,0.24,0.243,0.235,0.24,18954632
2016-06-15 00:00:00,0.24,0.248,0.239,0.243,19019214
2016-06-14 00:00:00,0.249,0.249,0.234,0.243,24378915
2016-06-13 00:00:00,0.253,0.255,0.24,0.249,32034926
2016-06-10 00:00:00,0.265,0.269,0.254,0.258,18860564
2016-06-09 00:00:00,0.258,0.281,0.254,0.265,41918135
2016-06-08 00:00:00,0.259,0.259,0.248,0.255,19721393
2016-06-07 00:00:00,0.258,0.262,0.249,0.255,23389373
2016-06-06 00:00:00,,0.258,0.258,0.258,0
2016-06-03 00:00:00,0.269,0.273,0.25,0.258,69297885
2016-06-02 00:00:00,0.271,0.277,0.262,0.269,25283322
2016-06-01 00:00:00,0.275,0.284,0.262,0.268,27613726
2016-05-31 00:00:00,0.281,0.289,0.268,0.269,39811143
2016-05-30 00:00:00,0.288,0.299,0.275,0.285,85643372
2016-05-27 00:00:00,0.259,0.281,0.252,0.277,76100351
2016-05-26 00:00:00,0.252,0.262,0.24,0.255,55679205
2016-05-25 00:00:00,0.26,0.267,0.251,0.256,22093299
2016-05-24 00:00:00,0.267,0.269,0.247,0.252,36334303
2016-05-23 00:00:00,0.295,0.3,0.265,0.265,46824655
2016-05-20 00:00:00,0.259,0.278,0.249,0.261,56511607
2016-05-19 00:00:00,0.295,0.317,0.246,0.248,121879562
2016-05-18 00:00:00,0.243,0.326,0.24,0.295,125470714
2016-05-17 00:00:00,0.215,0.243,0.207,0.243,32203429
2016-05-16 00:00:00,0.203,0.216,0.201,0.214,26501222
2016-05-13 00:00:00,0.2,0.235,0.19,0.202,47812318
2016-05-12 00:00:00,0.2,0.25,0.191,0.236,51199969
2016-05-11 00:00:00,0.204,0.204,0.196,0.201,10437918
2016-05-10 00:00:00,0.216,0.216,0.2,0.202,11066564
2016-05-09 00:00:00,0.22,0.225,0.209,0.209,12214768
2016-05-06 00:00:00,0.21,0.221,0.197,0.216,17555602
2016-05-05 00:00:00,0.23,0.23,0.208,0.211,21180844
2016-05-04 00:00:00,0.23,0.23,0.208,0.211,21180844
2016-05-03 00:00:00,0.242,0.25,0.233,0.236,9081073
2016-05-02 00:00:00,0.251,0.26,0.243,0.247,16640647
2016-04-29 00:00:00,0.25,0.28,0.242,0.263,25000095
2016-04-28 00:00:00,0.299,0.317,0.295,0.309,18555337
2016-04-27 00:00:00,0.28,0.31,0.28,0.3,23294450
2016-04-26 00:00:00,0.271,0.284,0.258,0.28,27694319
2016-04-25 00:00:00,0.269,0.313,0.251,0.272,80280949
2016-04-22 00:00:00,0.366,0.38,0.355,0.36,14608140
2016-04-21 00:00:00,0.37,0.37,0.351,0.361,13676026
2016-04-20 00:00:00,0.38,0.38,0.359,0.376,15766267
2016-04-19 00:00:00,0.395,0.395,0.364,0.38,28742374
2016-04-18 00:00:00,0.42,0.42,0.391,0.398,12669052
2016-04-15 00:00:00,0.396,0.418,0.396,0.417,12187724
2016-04-14 00:00:00,0.39,0.396,0.377,0.396,10723663
2016-04-13 00:00:00,0.37,0.388,0.361,0.376,11218397
2016-04-12 00:00:00,0.382,0.39,0.358,0.368,16683983
2016-04-11 00:00:00,0.387,0.419,0.371,0.382,26348324
2016-04-08 00:00:00,0.33,0.389,0.33,0.389,47165195
2016-04-07 00:00:00,0.379,0.379,0.328,0.335,41193919
2016-04-06 00:00:00,0.365,0.398,0.352,0.381,45515617
2016-04-05 00:00:00,0.428,0.454,0.37,0.381,62014050
2016-04-04 00:00:00,0.465,0.466,0.425,0.429,46697052
2016-04-01 00:00:00,0.505,0.51,0.461,0.465,41786550
2016-03-31 00:00:00,0.505,0.53,0.505,0.51,14347597
2016-03-30 00:00:00,0.555,0.555,0.499,0.53,44718566
2016-03-29 00:00:00,0.5,0.575,0.48,0.555,74853897
2016-03-28 00:00:00,0.545,0.6,0.535,0.535,147806271
2016-03-25 00:00:00,0.545,0.6,0.52,0.535,147806271
2016-03-24 00:00:00,0.545,0.6,0.52,0.535,147806271
2016-03-23 00:00:00,0.765,0.78,0.755,0.775,7424086
2016-03-22 00:00:00,0.75,0.775,0.73,0.765,26767476
2016-03-21 00:00:00,0.8,0.815,0.785,0.79,5735442
2016-03-18 00:00:00,0.8,0.805,0.79,0.8,3358907
2016-03-17 00:00:00,0.805,0.81,0.79,0.8,5405796
2016-03-16 00:00:00,0.815,0.82,0.8,0.81,4017583
2016-03-15 00:00:00,0.8,0.83,0.795,0.815,6390344
2016-03-14 00:00:00,0.82,0.825,0.795,0.805,6510327
2016-03-11 00:00:00,0.85,0.855,0.81,0.815,8912122
2016-03-10 00:00:00,0.89,0.895,0.84,0.84,16628919
2016-03-09 00:00:00,0.775,0.93,0.755,0.885,68153986
2016-03-08 00:00:00,0.775,0.78,0.76,0.765,8267843
2016-03-07 00:00:00,0.795,0.8,0.77,0.78,10130106
2016-03-04 00:00:00,0.79,0.805,0.77,0.79,8264137
2016-03-03 00:00:00,0.8,0.815,0.775,0.795,11737184
2016-03-02 00:00:00,0.835,0.84,0.8,0.805,17569553
2016-03-01 00:00:00,0.86,0.87,0.835,0.845,7200734
2016-02-29 00:00:00,0.835,0.855,0.78,0.85,14308528
2016-02-26 00:00:00,0.84,0.845,0.82,0.835,6234488
2016-02-25 00:00:00,0.86,0.875,0.81,0.83,9665418
2016-02-24 00:00:00,0.895,0.91,0.835,0.845,16471818
2016-02-23 00:00:00,0.94,0.94,0.895,0.895,14525182
2016-02-22 00:00:00,0.895,0.955,0.87,0.94,28535257
2016-02-19 00:00:00,0.87,0.89,0.835,0.85,17911323
2016-02-18 00:00:00,0.905,0.935,0.87,0.89,11669363
2016-02-17 00:00:00,0.85,0.94,0.83,0.9,14689946
2016-02-16 00:00:00,0.79,0.87,0.785,0.85,12570189
2016-02-15 00:00:00,0.77,0.795,0.76,0.79,7146301
2016-02-12 00:00:00,0.76,0.78,0.74,0.75,7106423
2016-02-11 00:00:00,0.73,0.78,0.7,0.75,19071282
2016-02-10 00:00:00,0.725,0.74,0.68,0.73,23857933
2016-02-09 00:00:00,0.74,0.795,0.71,0.725,16390514
2016-02-08 00:00:00,0.81,0.88,0.69,0.71,50381668
2016-02-05 00:00:00,0.985,0.985,0.89,0.975,16382053
2016-02-04 00:00:00,0.99,1.0,0.93,0.96,15152108
2016-02-03 00:00:00,0.99,1.01,0.96,0.97,8424185
2016-02-02 00:00:00,1.0,1.01,0.97,0.99,10019130
2016-02-01 00:00:00,1.04,1.07,0.985,1.01,12979788
2016-01-29 00:00:00,0.96,1.09,0.93,1.03,13203751
2016-01-28 00:00:00,0.91,0.975,0.91,0.945,11345951
2016-01-27 00:00:00,0.95,0.95,0.915,0.93,5490389
2016-01-26 00:00:00,0.905,0.95,0.905,0.94,9542351
2016-01-25 00:00:00,0.95,0.965,0.92,0.94,23396560
2016-01-22 00:00:00,0.855,0.92,0.835,0.905,18546666
2016-01-21 00:00:00,0.83,0.85,0.805,0.835,7530393
2016-01-20 00:00:00,0.79,0.865,0.77,0.83,16092670
2016-01-19 00:00:00,0.875,0.9,0.805,0.835,34857449
2016-01-18 00:00:00,0.73,0.87,0.675,0.85,37577695
2016-01-15 00:00:00,0.75,0.81,0.72,0.725,20881437
2016-01-14 00:00:00,0.77,0.795,0.705,0.745,43787810
2016-01-13 00:00:00,0.84,0.85,0.765,0.785,35636313
2016-01-12 00:00:00,0.845,0.87,0.835,0.84,13523814
2016-01-11 00:00:00,0.88,0.88,0.84,0.845,14646797
2016-01-08 00:00:00,0.905,0.92,0.875,0.88,14440265
2016-01-07 00:00:00,0.93,0.94,0.875,0.905,16035333
2016-01-06 00:00:00,,0.93,0.93,0.93,0
2016-01-05 00:00:00,0.925,0.945,0.915,0.93,4603563
2016-01-04 00:00:00,0.9,0.98,0.86,0.915,19713175
2016-01-01 00:00:00,,0.9,0.9,0.9,0
2015-12-31 00:00:00,,0.9,0.9,0.9,0
2015-12-30 00:00:00,0.875,0.91,0.825,0.9,44891482
2015-12-29 00:00:00,0.92,0.925,0.895,0.9,18100139
2015-12-28 00:00:00,0.895,0.935,0.885,0.91,22555332
2015-12-25 00:00:00,0.93,0.945,0.885,0.895,24597360
2015-12-24 00:00:00,0.93,0.945,0.885,0.895,24597360
2015-12-23 00:00:00,0.93,0.945,0.885,0.895,24597360
2015-12-22 00:00:00,0.945,0.955,0.925,0.925,10131550
2015-12-21 00:00:00,0.985,0.985,0.94,0.955,23558200
2015-12-18 00:00:00,0.96,1.04,0.94,0.985,39575163
2015-12-17 00:00:00,0.94,0.985,0.925,0.96,30661800
2015-12-16 00:00:00,0.9,0.94,0.9,0.925,9977387
2015-12-15 00:00:00,0.92,0.925,0.88,0.9,23953752
2015-12-14 00:00:00,0.98,0.985,0.915,0.915,18167803
2015-12-11 00:00:00,0.925,1.02,0.92,0.96,27158215
2015-12-10 00:00:00,0.96,0.96,0.89,0.92,35101693
2015-12-09 00:00:00,0.985,1.02,0.955,0.965,45251769
2015-12-08 00:00:00,1.06,1.07,0.98,0.98,59269553
2015-12-07 00:00:00,1.11,1.12,1.06,1.07,31471886
2015-12-04 00:00:00,1.14,1.14,1.07,1.1,50293584
2015-12-03 00:00:00,1.17,1.19,1.13,1.15,28425782
2015-12-02 00:00:00,1.18,1.2,1.16,1.17,34455138
2015-12-01 00:00:00,1.24,1.24,1.17,1.18,32991201
2015-11-30 00:00:00,1.23,1.25,1.2,1.23,37163427
2015-11-27 00:00:00,1.17,1.2,1.15,1.2,34734637
2015-11-26 00:00:00,1.16,1.21,1.14,1.16,92822670
2015-11-25 00:00:00,1.22,1.24,1.2,1.23,11394386
2015-11-24 00:00:00,1.23,1.25,1.2,1.22,17271540
2015-11-23 00:00:00,1.24,1.27,1.21,1.23,18694305
2015-11-20 00:00:00,1.26,1.28,1.22,1.24,21865497
2015-11-19 00:00:00,1.3,1.3,1.24,1.26,23814149
2015-11-18 00:00:00,1.23,1.32,1.21,1.3,30433535
2015-11-17 00:00:00,1.29,1.3,1.24,1.24,43306251
2015-11-16 00:00:00,1.32,1.33,1.27,1.28,31440217
2015-11-13 00:00:00,1.36,1.37,1.32,1.34,27369626
2015-11-12 00:00:00,1.4,1.42,1.34,1.35,36302058
2015-11-11 00:00:00,1.36,1.36,1.3,1.34,22905627
2015-11-10 00:00:00,1.43,1.43,1.35,1.36,37217728
2015-11-09 00:00:00,1.44,1.48,1.39,1.42,69169978
2015-11-06 00:00:00,1.33,1.44,1.28,1.38,202781712
2015-11-05 00:00:00,1.27,1.32,1.23,1.27,23825696
2015-11-04 00:00:00,1.34,1.34,1.28,1.28,35289701
2015-11-03 00:00:00,1.41,1.41,1.35,1.37,28641208
2015-11-02 00:00:00,1.41,1.43,1.36,1.42,17457244
2015-10-30 00:00:00,1.35,1.41,1.3,1.4,18920933
2015-10-29 00:00:00,1.34,1.37,1.3,1.35,16685438
2015-10-28 00:00:00,1.4,1.48,1.26,1.32,72192180
2015-10-27 00:00:00,1.38,1.4,1.37,1.39,23690736
2015-10-26 00:00:00,1.32,1.4,1.3,1.37,31617543
2015-10-23 00:00:00,1.36,1.38,1.31,1.34,30667827
2015-10-22 00:00:00,1.2,1.38,1.16,1.35,76668633
2015-10-21 00:00:00,1.24,1.26,1.2,1.21,13047871
2015-10-20 00:00:00,1.28,1.28,1.19,1.24,32813853
2015-10-19 00:00:00,1.34,1.34,1.26,1.28,26879131
2015-10-16 00:00:00,1.32,1.37,1.3,1.32,28349345
2015-10-15 00:00:00,1.39,1.44,1.33,1.35,45563381
2015-10-14 00:00:00,1.28,1.38,1.26,1.36,44099204
2015-10-13 00:00:00,1.32,1.35,1.23,1.28,58532239
2015-10-12 00:00:00,1.15,1.3,1.13,1.3,39532902
2015-10-09 00:00:00,1.14,1.18,1.13,1.15,17191116
2015-10-08 00:00:00,1.11,1.12,1.09,1.12,5936204
2015-10-07 00:00:00,1.15,1.16,1.11,1.14,12950254
2015-10-06 00:00:00,1.09,1.14,1.08,1.14,11890123
2015-10-05 00:00:00,1.12,1.12,1.08,1.09,8759467
2015-10-02 00:00:00,1.05,1.1,1.04,1.09,7857686
2015-10-01 00:00:00,1.09,1.09,1.04,1.04,10347231
2015-09-30 00:00:00,1.12,1.12,1.07,1.08,13336884
2015-09-29 00:00:00,1.11,1.14,1.11,1.12,8408368
2015-09-28 00:00:00,1.13,1.16,1.12,1.14,8245628
2015-09-25 00:00:00,1.13,1.14,1.11,1.12,7076038
2015-09-24 00:00:00,1.14,1.15,1.1,1.13,8192449
2015-09-23 00:00:00,1.12,1.16,1.11,1.14,18230997
2015-09-22 00:00:00,1.1,1.18,1.09,1.14,35124593
2015-09-21 00:00:00,1.05,1.09,1.04,1.08,9122252
2015-09-18 00:00:00,1.05,1.07,1.0,1.07,23203685
2015-09-17 00:00:00,1.1,1.1,1.05,1.06,16309094
2015-09-16 00:00:00,1.12,1.14,1.08,1.1,12618733
2015-09-15 00:00:00,1.15,1.16,1.1,1.11,17419692
2015-09-14 00:00:00,1.16,1.17,1.1,1.16,30758369
2015-09-11 00:00:00,1.14,1.21,1.12,1.16,24181011
2015-09-10 00:00:00,1.22,1.27,1.09,1.16,81069796
2015-09-09 00:00:00,1.19,1.21,1.16,1.19,15164830
2015-09-08 00:00:00,1.17,1.23,1.1,1.16,43296086
2015-09-07 00:00:00,0.98,1.14,0.98,1.14,39769616
2015-09-04 00:00:00,0.905,0.95,0.87,0.95,20112606
2015-09-03 00:00:00,0.98,0.985,0.9,0.92,23834780
2015-09-02 00:00:00,0.96,1.01,0.955,0.97,14648627
2015-09-01 00:00:00,1.02,1.03,0.96,0.985,16379417
2015-08-31 00:00:00,1.06,1.06,1.0,1.04,11558550
2015-08-28 00:00:00,1.1,1.1,1.03,1.05,18874929
2015-08-27 00:00:00,1.09,1.14,1.05,1.1,28585631
2015-08-26 00:00:00,0.99,1.09,0.965,1.04,29359162
2015-08-25 00:00:00,0.87,1.01,0.87,0.99,37575717
2015-08-24 00:00:00,0.945,0.96,0.84,0.885,60532245
2015-08-21 00:00:00,1.08,1.1,1.02,1.03,26589431
2015-08-20 00:00:00,1.09,1.15,1.04,1.14,27021041
2015-08-19 00:00:00,1.17,1.17,1.08,1.13,24391269
2015-08-18 00:00:00,1.08,1.19,0.98,1.13,83390045
2015-08-17 00:00:00,1.2,1.22,1.09,1.1,32062617
2015-08-14 00:00:00,1.13,1.3,1.06,1.2,50713376
2015-08-13 00:00:00,1.23,1.25,1.16,1.19,35508773
2015-08-12 00:00:00,1.17,1.31,1.08,1.21,80590894
2015-08-11 00:00:00,1.35,1.36,1.11,1.2,111242046
2015-08-10 00:00:00,1.42,1.44,1.36,1.37,39890769
2015-08-07 00:00:00,1.54,1.59,1.39,1.4,121611270
2015-08-06 00:00:00,1.41,1.42,1.4,1.4,13269951
2015-08-05 00:00:00,1.4,1.44,1.38,1.42,24157761
2015-08-04 00:00:00,1.41,1.41,1.38,1.41,10901001
2015-08-03 00:00:00,1.43,1.44,1.41,1.41,14374376
2015-07-31 00:00:00,1.43,1.45,1.37,1.44,26611995
2015-07-30 00:00:00,1.44,1.45,1.41,1.43,15470472
2015-07-29 00:00:00,1.47,1.47,1.42,1.45,11529784
2015-07-28 00:00:00,1.46,1.47,1.33,1.45,26693366
2015-07-27 00:00:00,1.48,1.49,1.44,1.45,16341804
2015-07-24 00:00:00,1.49,1.52,1.46,1.47,37415257
2015-07-23 00:00:00,1.46,1.56,1.43,1.52,40591942
2015-07-22 00:00:00,1.43,1.44,1.41,1.43,11383733
2015-07-21 00:00:00,1.42,1.47,1.4,1.43,21317450
2015-07-20 00:00:00,1.38,1.47,1.34,1.41,32771145
2015-07-17 00:00:00,1.42,1.43,1.33,1.4,29802587
2015-07-16 00:00:00,1.5,1.51,1.4,1.43,35294556
2015-07-15 00:00:00,1.56,1.64,1.3,1.49,88845937
2015-07-14 00:00:00,1.42,1.56,1.38,1.49,72784450
2015-07-13 00:00:00,1.36,1.43,1.35,1.4,56520688
2015-07-10 00:00:00,1.37,1.37,1.31,1.32,25236417
2015-07-09 00:00:00,1.23,1.37,1.18,1.33,85931096
2015-07-08 00:00:00,1.31,1.32,1.08,1.23,75151096
2015-07-07 00:00:00,1.34,1.48,1.2,1.27,116857916
2015-07-06 00:00:00,1.02,1.34,0.995,1.3,112095066
2015-07-03 00:00:00,1.0,1.08,0.995,1.05,23352284
2015-07-02 00:00:00,1.0,1.05,0.965,0.995,13725465
2015-07-01 00:00:00,0.975,0.99,0.935,0.94,13862663
2015-06-30 00:00:00,1.01,1.1,0.94,0.98,62443661
2015-06-29 00:00:00,0.9,1.0,0.83,0.96,36987380
2015-06-26 00:00:00,0.86,0.93,0.845,0.92,35682455
2015-06-25 00:00:00,0.81,0.895,0.8,0.83,22899214
2015-06-24 00:00:00,0.81,0.81,0.785,0.805,6155948
2015-06-23 00:00:00,0.775,0.825,0.77,0.8,10707174
2015-06-22 00:00:00,0.82,0.82,0.765,0.77,18561612
2015-06-19 00:00:00,,0.79,0.79,0.79,0
2015-06-18 00:00:00,0.8,0.82,0.765,0.79,8765646
2015-06-17 00:00:00,0.86,0.86,0.765,0.78,22180172
2015-06-16 00:00:00,0.875,0.875,0.815,0.84,17737963
2015-06-15 00:00:00,0.85,0.93,0.79,0.845,30725382
2015-06-12 00:00:00,0.92,0.92,0.83,0.845,45684044
2015-06-11 00:00:00,0.79,0.925,0.79,0.925,72181980
2015-06-10 00:00:00,0.765,0.785,0.74,0.78,21773590
2015-06-09 00:00:00,0.76,0.805,0.745,0.75,69966898
2015-06-08 00:00:00,0.755,0.78,0.74,0.74,23098160
2015-06-05 00:00:00,0.72,0.765,0.68,0.74,26673551
2015-06-04 00:00:00,0.725,0.77,0.705,0.72,39940294
2015-06-03 00:00:00,0.635,0.75,0.63,0.735,64613240
2015-06-02 00:00:00,0.625,0.64,0.615,0.635,12922770
2015-06-01 00:00:00,0.63,0.64,0.605,0.625,9048539
2015-05-29 00:00:00,0.65,0.68,0.61,0.62,22753127
2015-05-28 00:00:00,0.615,0.62,0.6,0.61,7936727
2015-05-27 00:00:00,0.62,0.62,0.59,0.61,11452227
2015-05-26 00:00:00,0.62,0.63,0.595,0.62,13365020
2015-05-25 00:00:00,0.59,0.65,0.585,0.635,12564695
2015-05-22 00:00:00,0.61,0.61,0.57,0.575,19711137
2015-05-21 00:00:00,0.62,0.63,0.565,0.6,31036330
2015-05-20 00:00:00,0.645,0.705,0.61,0.615,29385094
2015-05-19 00:00:00,0.575,0.66,0.565,0.645,33879685
2015-05-18 00:00:00,0.58,0.585,0.565,0.575,4727911
2015-05-15 00:00:00,0.57,0.585,0.565,0.585,8659466
2015-05-14 00:00:00,0.58,0.585,0.565,0.565,6416042
2015-05-13 00:00:00,0.58,0.585,0.565,0.565,6416042
2015-05-12 00:00:00,0.55,0.585,0.53,0.575,17569122
2015-05-11 00:00:00,0.54,0.55,0.52,0.55,8060246
2015-05-08 00:00:00,0.496,0.53,0.495,0.53,12710041
2015-05-07 00:00:00,0.495,0.499,0.47,0.497,5420218
2015-05-06 00:00:00,0.515,0.515,0.475,0.484,5929191
2015-05-05 00:00:00,0.515,0.54,0.505,0.505,14408446
2015-05-04 00:00:00,0.461,0.5,0.461,0.5,2083290
2015-05-01 00:00:00,0.479,0.488,0.471,0.483,441516
2015-04-30 00:00:00,0.479,0.488,0.471,0.483,441516
2015-04-29 00:00:00,0.491,0.491,0.471,0.488,4328486
2015-04-28 00:00:00,0.498,0.51,0.49,0.495,1962471
2015-04-27 00:00:00,0.505,0.505,0.493,0.498,3563467
2015-04-24 00:00:00,0.52,0.52,0.497,0.51,5245813
2015-04-23 00:00:00,0.525,0.525,0.5,0.51,3412175
2015-04-22 00:00:00,0.525,0.53,0.505,0.52,6835214
2015-04-21 00:00:00,0.52,0.55,0.51,0.515,25459356
2015-04-20 00:00:00,0.515,0.525,0.505,0.52,3143239
2015-04-17 00:00:00,0.525,0.53,0.505,0.515,5522600
2015-04-16 00:00:00,0.525,0.54,0.51,0.535,10665397
2015-04-15 00:00:00,0.55,0.565,0.525,0.525,18792722
2015-04-14 00:00:00,0.53,0.57,0.53,0.57,12909989
2015-04-13 00:00:00,0.535,0.555,0.52,0.53,9464545
2015-04-10 00:00:00,0.52,0.55,0.515,0.535,11112120
2015-04-09 00:00:00,0.505,0.52,0.496,0.52,7352718
2015-04-08 00:00:00,0.52,0.53,0.5,0.52,4707904
2015-04-07 00:00:00,0.545,0.545,0.49,0.52,18170352
2015-04-02 00:00:00,0.51,0.53,0.5,0.525,4572452
2015-04-01 00:00:00,0.525,0.53,0.491,0.51,5438107
2015-03-31 00:00:00,0.56,0.56,0.515,0.515,13162569
2015-03-30 00:00:00,0.5,0.555,0.495,0.55,31484536
2015-03-27 00:00:00,0.5,0.53,0.487,0.495,19227586
2015-03-26 00:00:00,0.5,0.52,0.485,0.487,17396338
2015-03-25 00:00:00,0.52,0.52,0.481,0.489,12549818
2015-03-24 00:00:00,0.53,0.53,0.481,0.52,15438601
2015-03-23 00:00:00,0.47,0.55,0.47,0.54,38043455
2015-03-20 00:00:00,0.474,0.48,0.45,0.464,3917981
2015-03-19 00:00:00,0.5,0.51,0.465,0.471,15424546
2015-03-18 00:00:00,0.452,0.49,0.452,0.467,11143188
2015-03-17 00:00:00,0.461,0.47,0.428,0.45,5591384
2015-03-16 00:00:00,0.483,0.49,0.452,0.461,5796967
2015-03-13 00:00:00,0.489,0.495,0.477,0.483,4213954
2015-03-12 00:00:00,0.492,0.492,0.47,0.481,4190793
2015-03-11 00:00:00,0.52,0.525,0.477,0.488,43155553
2015-03-10 00:00:00,0.474,0.48,0.445,0.455,11211465
2015-03-09 00:00:00,0.49,0.497,0.47,0.474,7368861
2015-03-06 00:00:00,0.482,0.515,0.453,0.505,27504773
2015-03-05 00:00:00,0.52,0.52,0.48,0.48,15631580
2015-03-04 00:00:00,0.535,0.535,0.51,0.52,8765252
2015-03-03 00:00:00,0.57,0.57,0.53,0.535,9022815
2015-03-02 00:00:00,0.58,0.59,0.56,0.57,10404571
2015-02-27 00:00:00,0.57,0.58,0.555,0.565,10853325
2015-02-26 00:00:00,0.55,0.57,0.535,0.57,6158842
2015-02-25 00:00:00,0.53,0.56,0.52,0.55,10549464
2015-02-24 00:00:00,0.54,0.55,0.525,0.535,3507031
2015-02-23 00:00:00,0.55,0.58,0.53,0.535,7471818
2015-02-20 00:00:00,0.56,0.57,0.535,0.55,11216577
2015-02-19 00:00:00,0.59,0.59,0.56,0.56,10591016
2015-02-18 00:00:00,0.59,0.615,0.57,0.575,21793164
2015-02-17 00:00:00,0.555,0.595,0.54,0.58,30943149
2015-02-16 00:00:00,0.565,0.575,0.53,0.56,21684153
2015-02-13 00:00:00,0.545,0.62,0.52,0.555,96711548
2015-02-12 00:00:00,0.433,0.585,0.425,0.55,164538611
2015-02-11 00:00:00,0.445,0.45,0.43,0.433,7464392
2015-02-10 00:00:00,0.45,0.474,0.432,0.445,23610218
2015-02-09 00:00:00,0.435,0.459,0.415,0.446,21122705
2015-02-06 00:00:00,0.465,0.483,0.413,0.415,37879284
2015-02-05 00:00:00,0.42,0.45,0.419,0.449,14740901
2015-02-04 00:00:00,0.418,0.418,0.398,0.412,9244247
2015-02-03 00:00:00,0.425,0.425,0.41,0.418,5068669
2015-02-02 00:00:00,0.446,0.447,0.411,0.416,14251522
2015-01-30 00:00:00,0.435,0.449,0.426,0.44,7637596
2015-01-29 00:00:00,0.44,0.448,0.43,0.433,13698123
2015-01-28 00:00:00,0.419,0.45,0.404,0.434,22682784
2015-01-27 00:00:00,0.417,0.419,0.402,0.419,9329170
2015-01-26 00:00:00,0.427,0.43,0.4,0.414,7473801
2015-01-23 00:00:00,0.414,0.428,0.41,0.427,14976867
2015-01-22 00:00:00,0.419,0.437,0.4,0.41,34557797
2015-01-21 00:00:00,0.437,0.469,0.415,0.427,29024951
2015-01-20 00:00:00,0.439,0.439,0.4,0.426,29143693
2015-01-19 00:00:00,0.394,0.443,0.384,0.439,40200085
2015-01-16 00:00:00,0.35,0.385,0.336,0.384,20185425
2015-01-15 00:00:00,0.37,0.394,0.35,0.36,7850901
2015-01-14 00:00:00,0.391,0.4,0.36,0.37,8752997
2015-01-13 00:00:00,0.418,0.418,0.39,0.398,5137794
2015-01-12 00:00:00,0.349,0.43,0.345,0.405,28622504
2015-01-09 00:00:00,0.417,0.417,0.364,0.371,34788600
2015-01-08 00:00:00,0.439,0.44,0.394,0.415,21626101
2015-01-07 00:00:00,0.462,0.462,0.4,0.426,19413812
2015-01-06 00:00:00,,0.452,0.452,0.452,0
2015-01-05 00:00:00,0.438,0.47,0.438,0.452,26586158
2015-01-02 00:00:00,0.43,0.486,0.372,0.426,94806363
2015-01-01 00:00:00,0.489,0.555,0.401,0.419,146282843
2014-12-30 00:00:00,0.489,0.555,0.401,0.419,146282843
2014-12-29 00:00:00,0.367,0.5,0.356,0.498,75946772
2014-12-23 00:00:00,0.33,0.345,0.319,0.345,11386429
2014-12-22 00:00:00,0.311,0.329,0.31,0.32,11459021
2014-12-19 00:00:00,0.313,0.314,0.29,0.3,6504560
2014-12-18 00:00:00,0.287,0.313,0.286,0.305,6958025
2014-12-17 00:00:00,0.301,0.304,0.281,0.286,8537408
2014-12-16 00:00:00,0.323,0.327,0.291,0.301,10378218
2014-12-15 00:00:00,0.32,0.344,0.317,0.32,13818943
2014-12-12 00:00:00,0.34,0.34,0.3,0.315,11181539
2014-12-11 00:00:00,0.29,0.33,0.286,0.327,18155160
2014-12-10 00:00:00,0.335,0.355,0.283,0.293,59677417
2014-12-09 00:00:00,0.301,0.344,0.301,0.32,45481336
2014-12-08 00:00:00,0.276,0.299,0.271,0.295,33796221
2014-12-05 00:00:00,0.275,0.277,0.265,0.275,14574719
2014-12-04 00:00:00,0.254,0.278,0.254,0.275,10774309
2014-12-03 00:00:00,0.258,0.26,0.25,0.259,2021848
2014-12-02 00:00:00,0.259,0.266,0.25,0.252,7312510
2014-12-01 00:00:00,0.25,0.274,0.249,0.259,13976909
2014-11-28 00:00:00,0.239,0.25,0.235,0.25,2683220
2014-11-27 00:00:00,0.24,0.242,0.232,0.232,1952088
2014-11-26 00:00:00,0.239,0.245,0.229,0.241,3205855
2014-11-25 00:00:00,0.236,0.24,0.23,0.235,2774336
2014-11-24 00:00:00,0.257,0.257,0.236,0.238,4326575
2014-11-21 00:00:00,0.237,0.266,0.23,0.25,5389199
2014-11-20 00:00:00,0.23,0.238,0.226,0.231,868112
2014-11-19 00:00:00,0.233,0.243,0.23,0.235,1049895
2014-11-18 00:00:00,0.235,0.245,0.231,0.233,1997633
2014-11-17 00:00:00,0.238,0.244,0.235,0.239,661625
2014-11-14 00:00:00,0.24,0.247,0.233,0.246,1231517
2014-11-13 00:00:00,0.25,0.25,0.235,0.24,2884095
2014-11-12 00:00:00,0.259,0.263,0.25,0.25,1600764
2014-11-11 00:00:00,0.261,0.266,0.251,0.261,3410061
2014-11-10 00:00:00,0.28,0.29,0.259,0.261,6238725
2014-11-07 00:00:00,0.26,0.28,0.258,0.275,8318292
2014-11-06 00:00:00,0.254,0.3,0.254,0.263,21984075
2014-11-05 00:00:00,0.253,0.254,0.245,0.251,1239147
2014-11-04 00:00:00,0.25,0.253,0.245,0.253,1140900
2014-11-03 00:00:00,0.254,0.254,0.25,0.253,1427018
2014-10-31 00:00:00,0.247,0.25,0.246,0.25,373525
2014-10-30 00:00:00,0.256,0.256,0.25,0.25,1350014
2014-10-29 00:00:00,0.25,0.257,0.25,0.251,1551401
2014-10-28 00:00:00,0.25,0.254,0.245,0.25,1868363
2014-10-24 00:00:00,0.254,0.254,0.247,0.253,1771215
2014-10-23 00:00:00,0.26,0.26,0.242,0.248,1132809
2014-10-22 00:00:00,0.251,0.259,0.243,0.252,4818142
2014-10-21 00:00:00,0.24,0.249,0.238,0.246,4550776
2014-10-20 00:00:00,0.25,0.25,0.231,0.237,4347084
2014-10-17 00:00:00,0.223,0.248,0.22,0.244,13399296
2014-10-16 00:00:00,0.22,0.229,0.219,0.222,1838625
2014-10-15 00:00:00,0.23,0.231,0.217,0.219,3410450
2014-10-14 00:00:00,0.237,0.237,0.22,0.232,5053069
2014-10-13 00:00:00,0.23,0.25,0.222,0.234,5082690
2014-10-10 00:00:00,0.25,0.25,0.218,0.238,4257989
2014-10-09 00:00:00,0.219,0.246,0.215,0.24,11035219
2014-10-08 00:00:00,0.229,0.234,0.213,0.213,6566018
2014-10-07 00:00:00,0.232,0.234,0.223,0.228,4809888
2014-10-06 00:00:00,0.229,0.236,0.223,0.228,5539210
2014-10-03 00:00:00,0.229,0.233,0.217,0.225,8851802
2014-10-02 00:00:00,0.24,0.245,0.222,0.227,29068175
2014-10-01 00:00:00,0.247,0.25,0.24,0.24,3619540
2014-09-30 00:00:00,0.25,0.256,0.247,0.249,3348678
2014-09-29 00:00:00,0.248,0.253,0.247,0.253,832596
2014-09-26 00:00:00,0.25,0.252,0.247,0.25,1082482
2014-09-25 00:00:00,0.25,0.256,0.246,0.252,1983012
2014-09-24 00:00:00,0.25,0.252,0.246,0.25,1242509
2014-09-23 00:00:00,0.257,0.257,0.246,0.249,2235074
2014-09-22 00:00:00,0.261,0.27,0.25,0.254,3187572
2014-09-19 00:00:00,0.255,0.261,0.25,0.261,3638906
2014-09-18 00:00:00,0.25,0.256,0.248,0.256,1546250
2014-09-17 00:00:00,0.26,0.268,0.24,0.255,6891805
2014-09-16 00:00:00,0.25,0.269,0.238,0.256,18616436
2014-09-15 00:00:00,0.25,0.254,0.241,0.251,2164397
2014-09-12 00:00:00,0.253,0.258,0.243,0.253,5969047
2014-09-11 00:00:00,0.261,0.261,0.241,0.253,10345156
2014-09-10 00:00:00,0.275,0.279,0.257,0.263,16980033
2014-09-09 00:00:00,0.274,0.28,0.265,0.27,13274302
2014-09-08 00:00:00,0.289,0.289,0.266,0.269,11478033
2014-09-05 00:00:00,0.29,0.31,0.284,0.285,10908113
2014-09-04 00:00:00,0.374,0.377,0.29,0.29,44806500
2014-09-03 00:00:00,0.44,0.44,0.41,0.43,3744452
2014-09-02 00:00:00,0.467,0.467,0.429,0.44,2275394
2014-09-01 00:00:00,0.47,0.47,0.451,0.455,308983
2014-08-29 00:00:00,0.46,0.47,0.452,0.467,2067403
2014-08-28 00:00:00,0.45,0.47,0.447,0.447,887025
2014-08-27 00:00:00,0.449,0.46,0.44,0.448,756657
2014-08-26 00:00:00,0.418,0.469,0.411,0.442,2718435
2014-08-25 00:00:00,0.42,0.43,0.402,0.418,1263649
2014-08-22 00:00:00,0.42,0.435,0.4,0.42,1931845
2014-08-21 00:00:00,0.43,0.437,0.42,0.421,826995
2014-08-20 00:00:00,0.441,0.444,0.425,0.425,763188
2014-08-19 00:00:00,0.445,0.45,0.43,0.441,733263
2014-08-18 00:00:00,0.442,0.47,0.43,0.449,980459
2014-08-15 00:00:00,0.45,0.469,0.44,0.458,1189317
2014-08-14 00:00:00,0.46,0.48,0.44,0.445,1150599
2014-08-13 00:00:00,0.459,0.46,0.44,0.451,1192847
2014-08-12 00:00:00,0.48,0.485,0.45,0.459,676437
2014-08-11 00:00:00,0.456,0.47,0.451,0.465,881097
2014-08-08 00:00:00,0.46,0.484,0.445,0.47,1447004
2014-08-07 00:00:00,0.49,0.51,0.47,0.49,713734
2014-08-06 00:00:00,0.51,0.51,0.49,0.49,561391
2014-08-05 00:00:00,0.5,0.515,0.495,0.495,740930
2014-08-04 00:00:00,0.488,0.51,0.485,0.505,1129545
2014-08-01 00:00:00,0.5,0.5,0.48,0.495,899259
2014-07-31 00:00:00,0.505,0.51,0.47,0.487,1654509
2014-07-30 00:00:00,0.515,0.525,0.498,0.505,1149034
2014-07-29 00:00:00,0.53,0.53,0.5,0.52,912904
2014-07-28 00:00:00,0.499,0.53,0.497,0.52,1210211
2014-07-25 00:00:00,0.53,0.53,0.5,0.51,2036268
2014-07-24 00:00:00,0.545,0.55,0.52,0.525,1485124
2014-07-23 00:00:00,0.55,0.575,0.535,0.54,3937814
2014-07-22 00:00:00,0.47,0.545,0.47,0.53,3636804
2014-07-21 00:00:00,0.48,0.48,0.46,0.47,669540
2014-07-18 00:00:00,0.472,0.499,0.47,0.487,2056560
2014-07-17 00:00:00,0.505,0.525,0.491,0.491,1278740
2014-07-16 00:00:00,0.54,0.54,0.5,0.52,3303192
2014-07-15 00:00:00,0.575,0.575,0.545,0.545,1342687
2014-07-14 00:00:00,0.575,0.58,0.55,0.57,1932472
2014-07-11 00:00:00,0.56,0.565,0.55,0.56,395525
2014-07-10 00:00:00,0.555,0.58,0.54,0.57,3927548
2014-07-09 00:00:00,0.565,0.58,0.555,0.575,1100667
2014-07-08 00:00:00,0.58,0.59,0.56,0.565,2291701
2014-07-07 00:00:00,0.595,0.6,0.575,0.575,2680080
2014-07-04 00:00:00,0.555,0.6,0.54,0.59,8071876
2014-07-03 00:00:00,0.605,0.62,0.555,0.57,7606427
2014-07-02 00:00:00,0.645,0.645,0.595,0.62,6713859
2014-07-01 00:00:00,0.66,0.66,0.635,0.64,4485062
2014-06-30 00:00:00,0.68,0.68,0.63,0.66,6235057
2014-06-27 00:00:00,0.62,0.69,0.615,0.65,16894240
2014-06-26 00:00:00,0.535,0.6,0.53,0.595,17490937
2014-06-25 00:00:00,0.47,0.53,0.47,0.525,8653579
2014-06-24 00:00:00,0.461,0.469,0.442,0.469,2480655
2014-06-23 00:00:00,0.425,0.47,0.414,0.469,3417721
2014-06-20 00:00:00,,0.43,0.43,0.43,0
2014-06-19 00:00:00,0.41,0.449,0.41,0.43,2098623
2014-06-18 00:00:00,0.427,0.427,0.4,0.41,1437649
2014-06-17 00:00:00,0.41,0.43,0.391,0.42,2106860
2014-06-16 00:00:00,0.43,0.437,0.4,0.414,1784769
2014-06-13 00:00:00,0.44,0.446,0.42,0.43,1534191
2014-06-12 00:00:00,0.45,0.451,0.44,0.446,1226732
2014-06-11 00:00:00,0.454,0.458,0.44,0.45,1075821
2014-06-10 00:00:00,0.455,0.46,0.441,0.455,2094971
2014-06-09 00:00:00,0.46,0.467,0.45,0.45,2412164
2014-06-06 00:00:00,,0.46,0.46,0.46,0
2014-06-05 00:00:00,0.48,0.48,0.46,0.46,722583
2014-06-04 00:00:00,0.5,0.51,0.46,0.47,7816360
2014-06-03 00:00:00,0.47,0.51,0.46,0.49,14050254
2014-06-02 00:00:00,0.42,0.46,0.41,0.46,5638850
2014-05-30 00:00:00,0.4,0.42,0.4,0.42,1202220
2014-05-28 00:00:00,0.4,0.41,0.39,0.4,1365762
2014-05-27 00:00:00,0.41,0.42,0.4,0.41,1294050
2014-05-26 00:00:00,0.4,0.42,0.39,0.41,6367414
2014-05-23 00:00:00,0.38,0.4,0.37,0.4,3494135
2014-05-22 00:00:00,0.41,0.42,0.38,0.39,11324904
2014-05-21 00:00:00,0.42,0.43,0.41,0.41,2997829
2014-05-20 00:00:00,0.43,0.44,0.42,0.42,3986866
2014-05-19 00:00:00,0.45,0.46,0.43,0.44,4488830
2014-05-16 00:00:00,0.45,0.47,0.44,0.45,3768089
2014-05-15 00:00:00,0.42,0.47,0.42,0.46,14279781
2014-05-14 00:00:00,0.43,0.49,0.41,0.43,37416846
2014-05-13 00:00:00,0.45,0.46,0.44,0.44,4549785
2014-05-12 00:00:00,0.46,0.46,0.42,0.45,16470170
2014-05-09 00:00:00,0.56,0.57,0.46,0.47,33004427
2014-05-08 00:00:00,0.55,0.56,0.54,0.56,1886853
2014-05-07 00:00:00,0.55,0.57,0.54,0.55,3049131
2014-05-06 00:00:00,0.56,0.56,0.53,0.56,3644233
2014-05-05 00:00:00,0.56,0.58,0.55,0.55,3119818
2014-05-02 00:00:00,0.58,0.58,0.55,0.58,3437049
2014-05-01 00:00:00,,0.58,0.58,0.58,0
2014-04-30 00:00:00,0.6,0.61,0.57,0.58,2889787
2014-04-29 00:00:00,0.59,0.61,0.56,0.61,5603809
2014-04-28 00:00:00,0.62,0.63,0.57,0.58,5530841
2014-04-25 00:00:00,0.58,0.63,0.58,0.61,6931623
2014-04-24 00:00:00,0.56,0.6,0.55,0.58,9189705
2014-04-23 00:00:00,0.55,0.58,0.52,0.56,15194220
2014-04-22 00:00:00,0.61,0.61,0.54,0.55,14992636
2014-04-17 00:00:00,0.63,0.63,0.57,0.6,8984281
2014-04-16 00:00:00,0.62,0.65,0.62,0.64,1216057
2014-04-15 00:00:00,0.65,0.66,0.63,0.63,2213719
2014-04-14 00:00:00,0.65,0.69,0.63,0.66,6184925
2014-04-11 00:00:00,0.67,0.67,0.64,0.65,8894124
2014-04-10 00:00:00,0.68,0.7,0.67,0.68,8757578
2014-04-09 00:00:00,0.69,0.71,0.65,0.68,14545979
2014-04-08 00:00:00,0.72,0.72,0.67,0.69,5763153
2014-04-07 00:00:00,0.74,0.74,0.7,0.72,2721011
2014-04-04 00:00:00,0.75,0.75,0.72,0.73,2092511
2014-04-03 00:00:00,0.78,0.78,0.74,0.75,7178583
2014-04-02 00:00:00,0.7,0.82,0.69,0.77,40351725
2014-04-01 00:00:00,0.68,0.7,0.67,0.7,3711731
2014-03-31 00:00:00,0.69,0.7,0.68,0.68,3383517
2014-03-28 00:00:00,0.73,0.73,0.68,0.69,4285007
2014-03-27 00:00:00,0.7,0.73,0.69,0.72,7477030
2014-03-26 00:00:00,0.69,0.76,0.67,0.72,24869811
2014-03-25 00:00:00,0.71,0.73,0.67,0.68,17295968
2014-03-24 00:00:00,0.78,0.8,0.68,0.7,23908866
2014-03-21 00:00:00,0.82,0.84,0.79,0.79,6297746
2014-03-20 00:00:00,0.77,0.85,0.77,0.82,9563827
2014-03-19 00:00:00,0.88,0.88,0.78,0.79,11641016
2014-03-18 00:00:00,0.86,0.89,0.85,0.87,4589174
2014-03-17 00:00:00,0.86,0.89,0.84,0.86,8451710
2014-03-14 00:00:00,0.91,0.92,0.83,0.86,13609056
2014-03-13 00:00:00,0.92,0.95,0.9,0.9,8642918
2014-03-12 00:00:00,0.93,0.94,0.89,0.91,11411196
2014-03-11 00:00:00,0.9,0.96,0.89,0.94,17422752
2014-03-10 00:00:00,0.93,0.97,0.87,0.89,54672405
2014-03-07 00:00:00,1.08,1.1,0.96,0.98,42711129
2014-03-06 00:00:00,1.25,1.39,1.0,1.04,133702536
2014-03-05 00:00:00,1.14,1.2,1.09,1.16,36831397
2014-03-04 00:00:00,0.98,1.17,0.98,1.13,37686345
2014-03-03 00:00:00,0.98,1.0,0.91,0.96,26186416
2014-02-28 00:00:00,0.99,1.05,0.99,1.01,22897221
2014-02-27 00:00:00,0.93,1.02,0.89,0.98,34195405
2014-02-26 00:00:00,0.83,0.92,0.83,0.92,25277621
2014-02-25 00:00:00,0.85,0.85,0.82,0.83,5857176
2014-02-24 00:00:00,0.8,0.88,0.8,0.83,16522361
2014-02-21 00:00:00,0.77,0.8,0.77,0.78,7301044
2014-02-20 00:00:00,0.76,0.77,0.74,0.77,5092706
2014-02-19 00:00:00,0.75,0.78,0.75,0.77,3377199
2014-02-18 00:00:00,0.77,0.77,0.74,0.76,7042414
2014-02-17 00:00:00,0.75,0.77,0.74,0.77,3319155
2014-02-14 00:00:00,0.76,0.77,0.73,0.74,5879874
2014-02-13 00:00:00,0.76,0.78,0.73,0.76,5909410
2014-02-12 00:00:00,0.78,0.81,0.76,0.77,16793967
2014-02-11 00:00:00,0.68,0.78,0.67,0.76,21472803
2014-02-10 00:00:00,0.64,0.71,0.64,0.67,16249975
2014-02-07 00:00:00,0.59,0.64,0.59,0.63,8957739
2014-02-06 00:00:00,0.61,0.67,0.55,0.59,41183103
2014-02-05 00:00:00,0.72,0.74,0.67,0.69,18982115
2014-02-04 00:00:00,0.74,0.74,0.7,0.71,21588558
2014-02-03 00:00:00,0.77,0.8,0.74,0.75,24557730
2014-01-31 00:00:00,0.8,0.81,0.72,0.75,19223265
2014-01-30 00:00:00,0.79,0.86,0.72,0.81,61621364
2014-01-29 00:00:00,0.65,0.77,0.65,0.76,55804125
2014-01-28 00:00:00,0.58,0.62,0.54,0.61,16711866
2014-01-27 00:00:00,0.63,0.63,0.55,0.58,15907154
2014-01-24 00:00:00,0.68,0.69,0.63,0.63,9846336
2014-01-23 00:00:00,0.69,0.7,0.63,0.67,12876403
2014-01-22 00:00:00,0.72,0.73,0.66,0.69,15734443
2014-01-21 00:00:00,0.7,0.78,0.6,0.71,116134353
2014-01-20 00:00:00,0.79,0.8,0.67,0.67,46801679
2014-01-17 00:00:00,0.95,0.95,0.77,0.8,96913976
2014-01-16 00:00:00,0.78,1.01,0.76,0.95,112031485
2014-01-15 00:00:00,0.65,0.77,0.63,0.71,59142647
2014-01-14 00:00:00,0.58,0.63,0.54,0.62,36234133
2014-01-13 00:00:00,0.51,0.67,0.51,0.58,82137422
2014-01-10 00:00:00,0.4,0.5,0.39,0.49,27383593
2014-01-09 00:00:00,0.43,0.44,0.39,0.4,13512464
2014-01-08 00:00:00,0.34,0.42,0.34,0.42,19077125
2014-01-07 00:00:00,0.32,0.35,0.32,0.34,4406181
2014-01-06 00:00:00,,0.32,0.32,0.32,0
2014-01-03 00:00:00,0.31,0.32,0.3,0.32,4177860
2014-01-02 00:00:00,0.31,0.32,0.3,0.32,1985343
2013-12-31 00:00:00,,0.31,0.31,0.31,0
2013-12-30 00:00:00,0.3,0.31,0.29,0.31,2013826
2013-12-27 00:00:00,0.3,0.31,0.29,0.3,2457104
2013-12-23 00:00:00,0.3,0.31,0.29,0.3,1860876
2013-12-20 00:00:00,0.3,0.31,0.29,0.3,3525690
2013-12-19 00:00:00,0.32,0.32,0.28,0.3,6611994
2013-12-18 00:00:00,0.31,0.32,0.3,0.32,2375248
2013-12-17 00:00:00,0.32,0.33,0.31,0.33,2046287
2013-12-16 00:00:00,0.34,0.34,0.31,0.33,1134636
2013-12-13 00:00:00,0.34,0.36,0.32,0.34,2052512
2013-12-12 00:00:00,0.35,0.36,0.32,0.36,1513384
2013-12-11 00:00:00,0.38,0.38,0.33,0.34,3179678
2013-12-10 00:00:00,0.36,0.41,0.35,0.37,11551980
2013-12-09 00:00:00,0.36,0.36,0.3,0.34,2252123
2013-12-06 00:00:00,0.3,0.35,0.3,0.35,1064189
2013-12-05 00:00:00,0.32,0.36,0.29,0.32,2202292
2013-12-04 00:00:00,0.36,0.42,0.31,0.32,6751728
2013-12-03 00:00:00,0.29,0.35,0.28,0.34,6777956
2013-12-02 00:00:00,0.31,0.31,0.28,0.29,2501316
2013-11-29 00:00:00,0.31,0.31,0.29,0.31,787078
2013-11-28 00:00:00,0.3,0.32,0.29,0.3,667571
2013-11-27 00:00:00,0.29,0.32,0.29,0.31,265981
2013-11-26 00:00:00,0.3,0.32,0.3,0.31,295816
2013-11-25 00:00:00,0.31,0.33,0.3,0.3,470785
2013-11-22 00:00:00,0.35,0.35,0.3,0.31,985742
2013-11-21 00:00:00,0.37,0.38,0.35,0.35,607758
2013-11-20 00:00:00,0.4,0.4,0.37,0.37,108020
2013-11-19 00:00:00,0.39,0.41,0.38,0.38,575688
2013-11-18 00:00:00,0.4,0.5,0.37,0.39,1466919
2013-11-15 00:00:00,0.52,0.55,0.5,0.51,1208384
2013-11-14 00:00:00,0.52,0.57,0.52,0.55,126178
2013-11-13 00:00:00,0.55,0.55,0.52,0.55,122925
2013-11-12 00:00:00,0.52,0.55,0.52,0.55,132314
2013-11-11 00:00:00,0.53,0.57,0.52,0.53,535318
2013-11-08 00:00:00,0.52,0.54,0.52,0.53,38500
2013-11-07 00:00:00,0.52,0.55,0.51,0.52,288051
2013-11-06 00:00:00,0.5,0.52,0.49,0.52,165089
2013-11-05 00:00:00,0.53,0.54,0.4,0.5,1035571
2013-11-04 00:00:00,0.56,0.57,0.52,0.54,329501
2013-11-01 00:00:00,0.54,0.56,0.53,0.56,499122
2013-10-31 00:00:00,0.53,0.54,0.49,0.54,4399800
2013-10-30 00:00:00,0.57,0.57,0.53,0.54,207560
2013-10-29 00:00:00,0.58,0.59,0.53,0.58,1595191
2013-10-28 00:00:00,0.66,0.66,0.57,0.58,2100736
2013-10-25 00:00:00,0.69,0.7,0.64,0.68,871615
2013-10-24 00:00:00,0.68,0.7,0.68,0.69,110160
2013-10-23 00:00:00,0.7,0.7,0.68,0.7,24800
2013-10-22 00:00:00,0.68,0.7,0.66,0.7,203867
2013-10-21 00:00:00,0.69,0.71,0.67,0.7,230745
2013-10-18 00:00:00,0.74,0.74,0.63,0.68,1381948
2013-10-17 00:00:00,0.88,0.88,0.59,0.71,4590460
2013-10-16 00:00:00,0.91,0.91,0.84,0.9,95650
2013-10-15 00:00:00,0.89,0.93,0.88,0.9,89147
2013-10-14 00:00:00,0.89,0.9,0.88,0.89,324062
2013-10-11 00:00:00,0.82,0.9,0.82,0.88,214703
2013-10-10 00:00:00,0.84,0.84,0.81,0.84,122237
2013-10-09 00:00:00,0.9,0.9,0.82,0.83,303266
2013-10-08 00:00:00,0.86,0.92,0.83,0.88,175767
2013-10-07 00:00:00,0.89,0.92,0.82,0.82,443309
2013-10-04 00:00:00,0.84,0.88,0.84,0.88,226024
2013-10-03 00:00:00,0.83,0.87,0.83,0.85,88335
2013-10-02 00:00:00,0.89,0.89,0.81,0.86,151092
2013-10-01 00:00:00,0.82,0.9,0.8,0.89,1032241
2013-09-30 00:00:00,0.8,0.88,0.8,0.85,348264
2013-09-27 00:00:00,0.85,0.85,0.8,0.82,487333
2013-09-26 00:00:00,0.83,0.84,0.8,0.83,82356
2013-09-25 00:00:00,0.84,0.84,0.76,0.83,205026
2013-09-24 00:00:00,0.78,0.89,0.76,0.84,500031
2013-09-23 00:00:00,0.8,0.8,0.73,0.78,296586
2013-09-20 00:00:00,0.79,0.8,0.75,0.8,246295
2013-09-19 00:00:00,0.79,0.81,0.76,0.79,325400
2013-09-18 00:00:00,0.8,0.8,0.73,0.79,514938
2013-09-17 00:00:00,0.86,0.86,0.7,0.8,905385
2013-09-16 00:00:00,0.9,0.98,0.83,0.85,2805001
2013-09-13 00:00:00,0.75,0.77,0.74,0.76,206996
2013-09-12 00:00:00,0.77,0.77,0.72,0.74,148431
2013-09-11 00:00:00,0.73,0.76,0.72,0.76,353667
2013-09-10 00:00:00,0.67,0.73,0.67,0.72,322600
2013-09-09 00:00:00,0.76,0.84,0.67,0.67,672235
2013-09-06 00:00:00,0.79,0.84,0.7,0.77,685885
2013-09-05 00:00:00,0.8,0.81,0.75,0.79,437991
2013-09-04 00:00:00,0.9,0.92,0.76,0.8,1744716
2013-09-03 00:00:00,0.98,1.06,0.87,0.9,391350
2013-09-02 00:00:00,0.98,0.98,0.95,0.98,44219
2013-08-30 00:00:00,0.92,0.95,0.91,0.94,44073
2013-08-29 00:00:00,0.96,0.96,0.91,0.91,102800
2013-08-28 00:00:00,0.93,1.01,0.88,0.95,110538
2013-08-27 00:00:00,0.9,0.95,0.9,0.91,191628
2013-08-26 00:00:00,1.0,1.03,0.89,0.89,392848
2013-08-23 00:00:00,0.95,1.02,0.95,0.99,253534
2013-08-22 00:00:00,1.1,1.1,0.89,0.96,495054
2013-08-21 00:00:00,1.12,1.12,1.11,1.12,61620
2013-08-20 00:00:00,1.15,1.16,1.13,1.13,54279
2013-08-19 00:00:00,1.2,1.2,1.12,1.14,220983
2013-08-16 00:00:00,1.3,1.3,1.13,1.2,1079828
2013-08-15 00:00:00,1.31,1.32,1.28,1.32,24551
2013-08-14 00:00:00,1.22,1.31,1.2,1.3,86750
2013-08-13 00:00:00,1.35,1.35,1.15,1.23,118850
2013-08-12 00:00:00,1.35,1.35,1.3,1.35,74500
2013-08-09 00:00:00,1.36,1.36,1.35,1.35,7133
2013-08-08 00:00:00,1.27,1.38,1.25,1.3,267804
2013-08-07 00:00:00,1.39,1.39,1.23,1.39,12570
2013-08-06 00:00:00,1.3,1.4,1.3,1.39,25466
2013-08-05 00:00:00,1.31,1.33,1.08,1.33,88600
2013-08-02 00:00:00,1.33,1.4,1.32,1.35,190978
2013-08-01 00:00:00,1.39,1.39,1.39,1.39,2600
2013-07-31 00:00:00,1.37,1.4,1.34,1.4,21280
2013-07-30 00:00:00,1.42,1.42,1.38,1.38,7500
2013-07-29 00:00:00,1.35,1.43,1.34,1.34,90532
2013-07-26 00:00:00,1.44,1.44,1.35,1.35,34947
2013-07-25 00:00:00,1.45,1.46,1.25,1.4,553063
2013-07-24 00:00:00,1.45,1.46,1.45,1.45,20430
2013-07-23 00:00:00,1.51,1.51,1.45,1.46,142798
2013-07-22 00:00:00,1.55,1.58,1.51,1.58,1562
2013-07-19 00:00:00,1.59,1.59,1.57,1.57,5200
2013-07-18 00:00:00,1.56,1.63,1.55,1.59,29850
2013-07-17 00:00:00,1.57,1.57,1.52,1.52,3810
2013-07-16 00:00:00,1.55,1.58,1.55,1.57,34937
2013-07-15 00:00:00,1.6,1.6,1.5,1.55,131797
2013-07-12 00:00:00,1.56,1.66,1.56,1.61,28207
2013-07-11 00:00:00,1.64,1.64,1.63,1.64,28540
2013-07-10 00:00:00,1.65,1.65,1.65,1.65,12600
2013-07-09 00:00:00,,1.63,1.63,1.63,0
2013-07-08 00:00:00,1.63,1.65,1.63,1.63,77700
2013-07-05 00:00:00,1.66,1.67,1.63,1.63,21192
2013-07-04 00:00:00,1.65,1.65,1.65,1.65,372
2013-07-03 00:00:00,1.62,1.72,1.62,1.72,3186
2013-07-02 00:00:00,1.61,1.74,1.61,1.73,16800
2013-07-01 00:00:00,1.6,1.75,1.6,1.7,11804
2013-06-28 00:00:00,1.61,1.65,1.61,1.64,10300
2013-06-27 00:00:00,1.67,1.75,1.67,1.74,20816
2013-06-26 00:00:00,1.7,1.75,1.6,1.75,89352
2013-06-25 00:00:00,1.61,1.7,1.61,1.7,5200
2013-06-24 00:00:00,1.69,1.73,1.66,1.7,54530
2013-06-21 00:00:00,,1.69,1.69,1.69,0
2013-06-20 00:00:00,1.7,1.7,1.69,1.69,20500
2013-06-19 00:00:00,1.79,1.8,1.7,1.7,24200
2013-06-18 00:00:00,1.75,1.8,1.7,1.7,15286
2013-06-17 00:00:00,1.79,1.79,1.7,1.75,30630
2013-06-14 00:00:00,1.65,1.79,1.65,1.79,50332
2013-06-13 00:00:00,1.74,1.75,1.6,1.75,44172
2013-06-12 00:00:00,1.7,1.78,1.7,1.77,6300
2013-06-11 00:00:00,1.7,1.8,1.68,1.76,28066
2013-06-10 00:00:00,1.69,1.8,1.69,1.8,28540
2013-06-07 00:00:00,1.75,1.79,1.75,1.78,29384
2013-06-06 00:00:00,,1.78,1.78,1.78,0
2013-06-05 00:00:00,1.75,1.78,1.71,1.78,31220
2013-06-04 00:00:00,1.72,1.75,1.7,1.75,78128
2013-06-03 00:00:00,1.68,1.75,1.64,1.64,82400
2013-05-31 00:00:00,1.68,1.68,1.68,1.68,1001963
2013-05-30 00:00:00,1.75,1.75,1.7,1.75,218660
2013-05-29 00:00:00,1.75,1.75,1.75,1.75,2333
2013-05-28 00:00:00,1.76,1.78,1.75,1.75,3009
2013-05-27 00:00:00,1.83,1.83,1.75,1.75,13740
2013-05-24 00:00:00,1.7,1.85,1.7,1.8,93630
2013-05-23 00:00:00,1.82,1.82,1.82,1.82,600
2013-05-22 00:00:00,1.76,1.82,1.76,1.82,46938
2013-05-21 00:00:00,1.8,1.8,1.76,1.8,52800
2013-05-20 00:00:00,1.8,1.84,1.77,1.84,69168
2013-05-17 00:00:00,1.78,1.84,1.78,1.82,52958
2013-05-16 00:00:00,1.76,1.8,1.76,1.8,50200
2013-05-15 00:00:00,1.83,1.85,1.8,1.8,168487
2013-05-14 00:00:00,1.83,1.83,1.72,1.8,162923
2013-05-13 00:00:00,1.85,1.85,1.74,1.82,35270
2013-05-10 00:00:00,1.84,1.85,1.8,1.85,28745
2013-05-09 00:00:00,,1.84,1.84,1.84,0
2013-05-08 00:00:00,1.81,1.85,1.81,1.84,168133
2013-05-07 00:00:00,1.82,1.83,1.77,1.83,148700
2013-05-06 00:00:00,1.82,1.86,1.75,1.84,271603
2013-05-03 00:00:00,1.8,1.8,1.75,1.77,162079
2013-05-02 00:00:00,1.8,1.84,1.75,1.81,249896
2013-05-01 00:00:00,,1.78,1.78,1.78,0
2013-04-30 00:00:00,1.75,1.78,1.67,1.78,19455
2013-04-29 00:00:00,1.75,1.76,1.75,1.76,39749
2013-04-26 00:00:00,1.7,1.76,1.7,1.76,37056
2013-04-25 00:00:00,1.67,1.7,1.67,1.7,102390
2013-04-24 00:00:00,1.73,1.75,1.69,1.69,110269
2013-04-23 00:00:00,1.68,1.68,1.67,1.67,1092
2013-04-22 00:00:00,1.67,1.69,1.67,1.68,20956
2013-04-19 00:00:00,1.69,1.77,1.69,1.77,2204
2013-04-18 00:00:00,1.67,1.75,1.67,1.74,44616
2013-04-17 00:00:00,1.8,1.8,1.7,1.78,52076
2013-04-16 00:00:00,1.75,1.75,1.75,1.75,10400
2013-04-15 00:00:00,1.8,1.8,1.7,1.73,27200
2013-04-12 00:00:00,1.72,1.78,1.72,1.77,24900
2013-04-11 00:00:00,1.73,1.77,1.7,1.73,92300
2013-04-10 00:00:00,1.64,1.75,1.64,1.71,124994
2013-04-09 00:00:00,1.58,1.64,1.58,1.64,142653
2013-04-08 00:00:00,1.6,1.7,1.57,1.61,95410
2013-04-05 00:00:00,1.7,1.7,1.63,1.68,37551
2013-04-04 00:00:00,1.7,1.7,1.7,1.7,468
2013-04-03 00:00:00,1.66,1.7,1.66,1.69,39610
2013-04-02 00:00:00,1.7,1.74,1.69,1.69,38183
2013-04-01 00:00:00,,1.75,1.75,1.75,0
2013-03-29 00:00:00,1.79,1.75,1.75,1.75,106237
2013-03-28 00:00:00,1.79,1.81,1.78,1.81,106237
2013-03-27 00:00:00,1.79,1.81,1.78,1.81,106237
2013-03-26 00:00:00,1.81,1.81,1.72,1.77,67958
2013-03-25 00:00:00,1.7,1.75,1.7,1.75,234165
2013-03-22 00:00:00,1.74,1.78,1.72,1.74,347433
2013-03-21 00:00:00,1.75,1.77,1.75,1.75,249200
2013-03-20 00:00:00,1.75,1.77,1.71,1.74,103580
2013-03-19 00:00:00,1.8,1.8,1.73,1.73,58000
2013-03-18 00:00:00,1.66,1.7,1.63,1.7,242372
2013-03-15 00:00:00,1.68,1.68,1.65,1.66,78166
2013-03-14 00:00:00,1.68,1.7,1.65,1.66,217427
2013-03-13 00:00:00,1.7,1.7,1.66,1.7,69554
2013-03-12 00:00:00,1.79,1.8,1.7,1.7,36788
2013-03-11 00:00:00,1.72,1.76,1.7,1.7,43810
2013-03-08 00:00:00,1.68,1.77,1.68,1.7,19150
2013-03-07 00:00:00,1.87,1.87,1.68,1.74,33819
2013-03-06 00:00:00,1.67,1.76,1.67,1.76,37039
2013-03-05 00:00:00,1.87,1.87,1.68,1.8,10715
2013-03-04 00:00:00,1.81,1.84,1.67,1.84,28333
2013-03-01 00:00:00,1.82,1.86,1.8,1.84,113696
2013-02-28 00:00:00,1.79,1.8,1.7,1.8,141294
2013-02-27 00:00:00,1.77,1.78,1.65,1.75,755264
2013-02-26 00:00:00,1.72,1.75,1.65,1.75,158788
2013-02-25 00:00:00,1.7,1.74,1.66,1.73,96971
2013-02-22 00:00:00,1.74,1.74,1.66,1.7,61086
2013-02-21 00:00:00,1.75,1.75,1.67,1.69,47953
2013-02-20 00:00:00,1.75,1.75,1.68,1.68,64905
2013-02-19 00:00:00,1.73,1.74,1.66,1.67,133531
2013-02-18 00:00:00,1.62,1.74,1.6,1.7,405078
2013-02-15 00:00:00,1.63,1.64,1.56,1.63,189427
2013-02-14 00:00:00,1.57,1.63,1.56,1.6,658928
2013-02-13 00:00:00,1.66,1.66,1.55,1.56,678192
2013-02-12 00:00:00,1.71,1.8,1.61,1.69,2133077
2013-02-11 00:00:00,1.88,2.02,1.64,1.74,2240216
2013-02-08 00:00:00,1.84,1.84,1.7,1.75,308076
2013-02-07 00:00:00,1.75,1.85,1.75,1.77,85337
2013-02-06 00:00:00,1.78,1.88,1.75,1.8,119991
2013-02-05 00:00:00,2.0,2.0,1.65,1.78,585567
2013-02-04 00:00:00,3.0,3.0,1.92,2.0,1639988
2013-02-01 00:00:00,2.8,3.49,2.8,3.26,940233
2013-01-31 00:00:00,2.2,2.55,2.2,2.55,295742
2013-01-30 00:00:00,2.01,2.5,2.01,2.16,42730
2013-01-29 00:00:00,2.0,2.05,1.94,1.94,9699
2013-01-28 00:00:00,1.96,2.1,1.95,1.95,16705
2013-01-25 00:00:00,1.9,1.92,1.85,1.92,17253
2013-01-24 00:00:00,1.9,1.9,1.82,1.9,8741
2013-01-23 00:00:00,1.88,1.89,1.82,1.89,22656
2013-01-22 00:00:00,1.89,1.89,1.89,1.89,6500
2013-01-21 00:00:00,1.88,1.88,1.8,1.88,67652
2013-01-18 00:00:00,1.89,1.89,1.85,1.88,16210
2013-01-17 00:00:00,1.81,1.86,1.81,1.84,48317
2013-01-16 00:00:00,1.85,1.85,1.8,1.84,41767
2013-01-15 00:00:00,1.84,1.86,1.8,1.83,31461
2013-01-14 00:00:00,1.85,1.85,1.76,1.76,31300
2013-01-11 00:00:00,1.75,1.84,1.75,1.75,26600
2013-01-10 00:00:00,1.89,1.89,1.75,1.79,179947
2013-01-09 00:00:00,1.8,1.98,1.75,1.79,274921
2013-01-08 00:00:00,1.75,1.77,1.66,1.75,90300
2013-01-07 00:00:00,1.8,1.83,1.75,1.78,79977
2013-01-04 00:00:00,1.67,1.83,1.67,1.8,18550
2013-01-03 00:00:00,1.74,1.74,1.65,1.73,13618
2013-01-02 00:00:00,1.65,1.73,1.6,1.72,41327
2013-01-01 00:00:00,,1.65,1.65,1.65,0
2012-12-31 00:00:00,,1.65,1.65,1.65,0
2012-12-28 00:00:00,1.66,1.66,1.59,1.65,56564
2012-12-27 00:00:00,1.68,1.73,1.6,1.67,51010
2012-12-26 00:00:00,,1.68,1.68,1.68,0
2012-12-25 00:00:00,,1.68,1.68,1.68,0
2012-12-24 00:00:00,,1.68,1.68,1.68,0
2012-12-21 00:00:00,1.67,1.71,1.67,1.68,35597
2012-12-20 00:00:00,1.66,1.7,1.65,1.65,61997
2012-12-19 00:00:00,1.7,1.75,1.65,1.75,61008
2012-12-18 00:00:00,1.66,1.75,1.66,1.7,48266
2012-12-17 00:00:00,1.67,1.7,1.65,1.65,26548
2012-12-14 00:00:00,1.7,1.7,1.65,1.7,191521
2012-12-13 00:00:00,1.71,1.76,1.71,1.75,23524
2012-12-12 00:00:00,1.85,1.85,1.85,1.85,4000
2012-12-11 00:00:00,1.82,1.84,1.82,1.82,12000
2012-12-10 00:00:00,1.62,1.79,1.62,1.79,38833
2012-12-07 00:00:00,1.8,1.8,1.8,1.8,10078
2012-12-06 00:00:00,1.85,1.89,1.8,1.89,14300
2012-12-05 00:00:00,2.1,2.1,1.76,1.84,73851
2012-12-04 00:00:00,2.8,2.8,1.67,2.0,256656
2012-12-03 00:00:00,1.55,1.65,1.55,1.6,5933025
2012-11-30 00:00:00,1.55,1.58,1.5,1.58,14234
2012-11-29 00:00:00,1.6,1.6,1.5,1.55,72732
2012-11-28 00:00:00,1.6,1.67,1.6,1.67,9893
2012-11-27 00:00:00,1.64,1.67,1.63,1.63,57241
2012-11-26 00:00:00,1.65,1.78,1.63,1.63,53300
2012-11-23 00:00:00,1.75,1.8,1.7,1.7,33098
2012-11-22 00:00:00,1.51,1.77,1.51,1.7,34499
2012-11-21 00:00:00,1.81,1.82,1.73,1.76,40623
2012-11-20 00:00:00,1.82,1.94,1.78,1.87,126001
2012-11-19 00:00:00,1.95,1.95,1.76,1.94,23797
2012-11-16 00:00:00,2.0,2.0,1.98,1.98,2930
2012-11-15 00:00:00,2.0,2.0,2.0,2.0,250
2012-11-14 00:00:00,2.05,2.05,2.05,2.05,10000
2012-11-13 00:00:00,2.05,2.05,1.98,2.04,15801
2012-11-12 00:00:00,2.0,2.14,2.0,2.08,70491
2012-11-09 00:00:00,2.12,2.12,2.08,2.08,9200
2012-11-08 00:00:00,2.15,2.2,2.11,2.2,19983
2012-11-07 00:00:00,2.08,2.14,2.08,2.14,5300
2012-11-06 00:00:00,2.12,2.15,2.11,2.12,21108
2012-11-05 00:00:00,2.21,2.21,2.1,2.11,36433
2012-11-02 00:00:00,2.3,2.3,2.1,2.16,34459
2012-11-01 00:00:00,2.3,2.35,2.21,2.21,18475
2012-10-31 00:00:00,2.3,2.39,2.25,2.39,27475
2012-10-30 00:00:00,2.29,2.39,2.26,2.39,12745
2012-10-29 00:00:00,2.24,2.25,2.17,2.25,23288
2012-10-26 00:00:00,2.29,2.29,2.16,2.25,65926
2012-10-25 00:00:00,2.22,2.29,2.22,2.29,9694
2012-10-24 00:00:00,2.11,2.29,2.11,2.27,27119
2012-10-23 00:00:00,2.1,2.25,2.01,2.19,4632
2012-10-22 00:00:00,2.3,2.56,2.21,2.21,12045
2012-10-19 00:00:00,2.3,2.3,2.14,2.3,7499
2012-10-18 00:00:00,2.36,2.4,2.1,2.3,81384
2012-10-17 00:00:00,2.22,2.22,2.22,2.22,6034
2012-10-16 00:00:00,2.4,2.4,2.24,2.24,27256
2012-10-15 00:00:00,2.11,2.4,2.11,2.4,43312
2012-10-12 00:00:00,2.35,2.35,2.26,2.26,192
2012-10-11 00:00:00,2.4,2.44,2.38,2.38,20812
2012-10-10 00:00:00,2.43,2.44,2.43,2.43,20800
2012-10-09 00:00:00,2.33,2.42,2.31,2.39,24533
2012-10-08 00:00:00,2.22,2.39,2.22,2.39,9645
2012-10-05 00:00:00,2.36,2.4,2.35,2.4,11000
2012-10-04 00:00:00,2.4,2.4,2.3,2.35,41289
2012-10-03 00:00:00,2.48,2.5,2.48,2.5,3000
2012-10-02 00:00:00,2.45,2.5,2.45,2.5,29365
2012-10-01 00:00:00,1.89,2.67,1.89,2.5,98960
2012-09-28 00:00:00,2.64,2.65,2.55,2.6,26343
2012-09-27 00:00:00,2.75,2.75,2.72,2.72,6500
2012-09-26 00:00:00,2.74,2.74,2.67,2.71,4100
2012-09-25 00:00:00,2.73,2.74,2.69,2.69,8200
2012-09-24 00:00:00,2.5,2.65,2.5,2.65,33433
2012-09-21 00:00:00,,2.6,2.6,2.6,0
2012-09-20 00:00:00,2.62,2.62,2.6,2.6,1500
2012-09-19 00:00:00,2.53,2.65,2.53,2.64,11928
2012-09-18 00:00:00,2.52,2.65,2.5,2.53,8750
2012-09-17 00:00:00,2.25,2.68,2.25,2.53,7193
2012-09-14 00:00:00,2.53,2.53,2.45,2.52,38240
2012-09-13 00:00:00,2.26,2.6,2.26,2.56,223652
2012-09-12 00:00:00,2.26,2.4,2.25,2.4,9666
2012-09-11 00:00:00,,2.4,2.4,2.4,0
2012-09-10 00:00:00,2.35,2.4,2.35,2.4,7550
