Dates,Open,High,Low,Close,Volume
2017-09-08 00:00:00,67.25,67.5,66.5,67.5,5620
2017-09-07 00:00:00,67.75,67.75,66.0,67.25,3406
2017-09-06 00:00:00,66.0,66.0,63.5,66.0,21949
2017-09-04 00:00:00,65.0,67.0,64.5,65.25,44638
2017-09-01 00:00:00,61.75,61.75,60.0,60.0,1244
2017-08-31 00:00:00,60.0,61.0,59.25,61.0,5760
2017-08-30 00:00:00,60.0,63.0,60.0,60.75,1136
2017-08-29 00:00:00,61.0,62.25,60.0,60.0,1111
2017-08-28 00:00:00,61.0,62.75,61.0,62.25,1614
2017-08-25 00:00:00,62.25,66.0,61.0,61.0,8024
2017-08-24 00:00:00,62.0,62.0,61.75,61.75,1108
2017-08-23 00:00:00,65.0,65.0,61.75,61.75,4570
2017-08-22 00:00:00,60.25,61.0,60.0,60.5,919
2017-08-21 00:00:00,61.75,61.75,60.0,60.25,1190
2017-08-18 00:00:00,60.25,62.0,60.0,61.75,1986
2017-08-17 00:00:00,60.0,61.0,60.0,60.25,309
2017-08-16 00:00:00,60.5,61.5,60.5,61.5,46
2017-08-15 00:00:00,61.5,62.0,59.75,61.25,1764
2017-08-14 00:00:00,61.25,62.0,60.0,61.5,587
2017-08-11 00:00:00,59.75,60.0,59.75,60.0,217
2017-08-10 00:00:00,61.5,61.5,59.75,60.0,3016
2017-08-09 00:00:00,61.0,61.25,60.5,61.25,1016
2017-08-08 00:00:00,62.5,62.5,60.0,61.0,1528
2017-08-07 00:00:00,60.75,62.5,60.75,61.0,2740
2017-08-04 00:00:00,59.75,60.75,59.5,60.75,745
2017-08-03 00:00:00,60.5,60.5,60.0,60.0,552
2017-08-02 00:00:00,61.0,61.0,59.5,59.5,2241
2017-08-01 00:00:00,61.0,61.0,60.0,61.0,2100
2017-07-31 00:00:00,60.75,61.0,60.0,60.0,3891
2017-07-28 00:00:00,60.75,60.75,59.5,60.0,1079
2017-07-27 00:00:00,61.0,61.0,59.5,60.5,2054
2017-07-26 00:00:00,61.75,61.75,60.75,61.0,3504
2017-07-25 00:00:00,61.0,61.75,61.0,61.75,849
2017-07-24 00:00:00,61.25,61.25,61.0,61.0,1061
2017-07-21 00:00:00,61.0,61.5,60.25,61.25,1277
2017-07-20 00:00:00,61.0,61.5,60.75,61.0,1250
2017-07-19 00:00:00,60.0,60.75,59.25,60.75,1428
2017-07-18 00:00:00,61.0,61.25,59.5,61.25,6528
2017-07-17 00:00:00,61.25,61.75,60.25,61.75,1513
2017-07-14 00:00:00,61.25,61.5,61.25,61.25,712
2017-07-13 00:00:00,60.75,61.25,60.75,61.0,2875
2017-07-12 00:00:00,61.5,61.5,59.5,60.75,1043
2017-07-11 00:00:00,61.0,61.75,60.25,60.25,3791
2017-07-10 00:00:00,61.75,61.75,61.0,61.0,51
2017-07-07 00:00:00,60.75,60.75,60.5,60.75,1167
2017-07-06 00:00:00,60.5,60.5,60.5,60.5,138
2017-07-05 00:00:00,61.25,62.0,60.5,60.5,1402
2017-07-04 00:00:00,61.75,62.0,60.25,60.25,1320
2017-07-03 00:00:00,61.0,61.5,61.0,61.5,2020
2017-06-30 00:00:00,59.5,60.75,59.5,60.75,2578
2017-06-29 00:00:00,60.75,60.75,59.5,59.5,786
2017-06-28 00:00:00,61.0,61.0,59.5,59.5,1625
2017-06-27 00:00:00,60.5,61.0,60.5,61.0,1083
2017-06-26 00:00:00,61.5,61.5,59.0,60.0,8411
2017-06-23 00:00:00,,61.0,61.0,61.0,0
2017-06-22 00:00:00,61.0,61.75,60.0,61.0,1898
2017-06-21 00:00:00,62.0,62.0,61.0,61.25,2918
2017-06-20 00:00:00,60.0,60.25,60.0,60.25,28
2017-06-19 00:00:00,60.75,61.5,59.25,60.0,1991
2017-06-16 00:00:00,60.75,60.75,60.75,60.75,565
2017-06-15 00:00:00,60.5,60.5,60.5,60.5,1491
2017-06-14 00:00:00,62.0,62.0,60.5,60.5,1742
2017-06-13 00:00:00,60.5,62.0,60.5,61.75,3542
2017-06-12 00:00:00,60.0,60.5,60.0,60.0,3215
2017-06-09 00:00:00,61.5,61.5,60.25,60.5,2406
2017-06-08 00:00:00,61.0,61.75,61.0,61.75,1929
2017-06-07 00:00:00,60.75,62.0,60.5,61.0,6003
2017-06-06 00:00:00,,62.25,62.25,62.25,0
2017-06-05 00:00:00,62.0,62.5,60.75,62.25,2713
2017-06-02 00:00:00,60.5,62.0,60.5,62.0,10085
2017-06-01 00:00:00,61.5,62.25,60.75,60.75,2280
2017-05-31 00:00:00,62.5,62.5,61.0,62.5,1741
2017-05-30 00:00:00,62.0,62.5,60.75,61.0,3566
2017-05-29 00:00:00,62.0,62.25,60.75,60.75,3344
2017-05-26 00:00:00,60.0,62.0,60.0,62.0,3808
2017-05-24 00:00:00,60.0,61.0,60.0,60.0,3368
2017-05-23 00:00:00,62.0,62.0,59.25,59.5,1751
2017-05-22 00:00:00,61.5,62.0,61.0,61.5,1630
2017-05-19 00:00:00,61.5,61.5,60.5,61.5,1395
2017-05-18 00:00:00,60.0,61.75,58.5,61.75,13202
2017-05-17 00:00:00,60.5,60.5,58.5,58.5,5300
2017-05-16 00:00:00,60.0,60.5,59.25,59.75,3176
2017-05-15 00:00:00,59.5,60.5,59.0,59.0,4689
2017-05-12 00:00:00,59.5,59.5,59.5,59.5,3197
2017-05-11 00:00:00,60.0,61.0,59.5,61.0,19631
2017-05-10 00:00:00,59.75,61.0,59.75,61.0,6785
2017-05-09 00:00:00,61.0,61.25,59.5,61.25,9166
2017-05-08 00:00:00,62.25,62.25,61.0,61.0,1478
2017-05-05 00:00:00,61.5,62.0,60.75,61.25,1557
2017-05-04 00:00:00,61.5,61.5,59.5,61.5,10621
2017-05-03 00:00:00,62.0,62.0,58.75,61.75,11141
2017-05-02 00:00:00,64.0,64.0,62.0,62.0,9618
2017-05-01 00:00:00,,63.5,63.5,63.5,0
2017-04-28 00:00:00,63.5,63.75,63.0,63.5,22578
2017-04-27 00:00:00,64.25,64.5,62.25,63.5,18243
2017-04-26 00:00:00,68.5,69.0,66.0,68.5,20201
2017-04-25 00:00:00,69.0,69.25,67.75,68.25,11144
2017-04-24 00:00:00,68.25,69.5,68.25,68.5,19007
2017-04-21 00:00:00,69.0,72.0,68.25,68.25,18725
2017-04-20 00:00:00,68.5,69.0,67.75,68.0,5554
2017-04-19 00:00:00,68.0,69.0,67.5,68.5,10935
2017-04-18 00:00:00,68.75,68.75,67.0,67.0,21208
2017-04-13 00:00:00,68.75,69.0,67.5,67.5,1319
2017-04-12 00:00:00,67.5,69.0,67.25,67.5,9698
2017-04-11 00:00:00,68.0,68.0,67.5,67.5,13995
2017-04-10 00:00:00,67.5,68.5,67.0,68.0,8516
2017-04-07 00:00:00,68.0,69.0,67.0,68.0,1772
2017-04-06 00:00:00,67.5,68.5,67.5,68.5,5409
2017-04-05 00:00:00,67.0,69.0,67.0,67.5,5724
2017-04-04 00:00:00,67.0,68.0,67.0,67.5,10651
2017-04-03 00:00:00,67.25,67.75,66.5,67.0,6482
2017-03-31 00:00:00,66.25,67.5,66.25,67.25,582
2017-03-30 00:00:00,67.25,69.0,65.5,66.25,6899
2017-03-29 00:00:00,66.0,67.25,66.0,67.25,1525
2017-03-28 00:00:00,66.0,67.0,66.0,67.0,896
2017-03-27 00:00:00,66.25,66.25,65.0,66.0,2371
2017-03-24 00:00:00,66.75,68.0,66.25,66.25,1752
2017-03-23 00:00:00,68.0,68.0,66.5,67.0,2395
2017-03-22 00:00:00,67.5,68.75,66.0,66.0,5445
2017-03-21 00:00:00,68.0,68.0,67.5,67.5,3330
2017-03-20 00:00:00,67.75,68.0,66.5,67.5,12996
2017-03-17 00:00:00,68.0,68.5,67.75,68.25,6290
2017-03-16 00:00:00,68.5,69.0,67.5,68.5,8881
2017-03-15 00:00:00,68.5,69.0,68.5,68.75,1517
2017-03-14 00:00:00,69.0,69.0,68.5,68.75,794
2017-03-13 00:00:00,69.0,69.0,68.5,68.75,5423
2017-03-10 00:00:00,68.75,67.75,67.75,67.75,86
2017-03-09 00:00:00,69.0,69.0,67.25,67.25,861
2017-03-08 00:00:00,69.0,69.0,68.0,68.0,2464
2017-03-07 00:00:00,68.75,70.0,68.0,68.0,2004
2017-03-06 00:00:00,69.0,70.5,68.25,68.25,7731
2017-03-03 00:00:00,69.5,69.25,69.25,69.25,5860
2017-03-02 00:00:00,70.0,71.0,68.75,69.5,11069
2017-03-01 00:00:00,68.5,71.0,68.5,69.75,9164
2017-02-28 00:00:00,69.0,69.0,68.75,68.75,4384
2017-02-27 00:00:00,70.0,70.0,68.0,68.5,11291
2017-02-24 00:00:00,70.0,70.0,68.0,68.0,2364
2017-02-23 00:00:00,68.25,69.5,68.25,69.5,2510
2017-02-22 00:00:00,70.0,70.0,68.75,68.75,2763
2017-02-21 00:00:00,71.0,71.0,70.0,70.25,7347
2017-02-20 00:00:00,71.0,71.5,68.0,70.25,14478
2017-02-17 00:00:00,69.0,69.25,68.5,68.75,2947
2017-02-16 00:00:00,69.25,69.25,66.25,69.0,13875
2017-02-15 00:00:00,69.25,69.25,69.0,69.0,6117
2017-02-14 00:00:00,69.75,69.75,69.25,69.25,3047
2017-02-13 00:00:00,68.75,69.0,68.0,68.75,3865
2017-02-10 00:00:00,69.5,69.5,68.5,68.75,2590
2017-02-09 00:00:00,70.0,70.0,68.5,69.25,9291
2017-02-08 00:00:00,69.0,69.75,68.0,68.0,3871
2017-02-07 00:00:00,69.75,69.75,69.0,69.0,14010
2017-02-06 00:00:00,69.5,70.0,68.75,69.75,14943
2017-02-03 00:00:00,67.75,67.75,67.75,67.75,1357
2017-02-02 00:00:00,67.5,67.75,66.5,66.5,1242
2017-02-01 00:00:00,67.75,67.75,66.25,67.25,1065
2017-01-31 00:00:00,68.0,68.0,66.0,66.25,2157
2017-01-30 00:00:00,67.0,67.0,66.0,66.0,1983
2017-01-27 00:00:00,67.75,71.0,66.75,67.0,5908
2017-01-26 00:00:00,66.0,72.0,64.0,66.25,12486
2017-01-25 00:00:00,66.0,66.0,65.0,65.5,2300
2017-01-24 00:00:00,66.0,66.25,65.0,65.5,1512
2017-01-23 00:00:00,66.0,66.0,65.5,66.0,5679
2017-01-20 00:00:00,66.5,66.5,65.5,66.25,734
2017-01-19 00:00:00,66.5,66.75,65.5,66.75,918
2017-01-18 00:00:00,66.5,66.75,65.25,65.5,2160
2017-01-17 00:00:00,65.75,66.0,64.5,66.0,5640
2017-01-16 00:00:00,68.0,68.0,65.5,65.75,7125
2017-01-13 00:00:00,66.5,66.5,65.0,66.5,1016
2017-01-12 00:00:00,64.5,66.5,64.5,66.5,1539
2017-01-11 00:00:00,66.0,66.0,64.5,65.0,2326
2017-01-10 00:00:00,65.5,66.0,65.5,66.0,239
2017-01-09 00:00:00,66.0,66.5,65.0,65.5,1667
2017-01-06 00:00:00,,66.5,66.5,66.5,0
2017-01-05 00:00:00,65.0,66.5,65.0,66.5,2250
2017-01-04 00:00:00,64.25,66.0,64.25,65.0,2161
2017-01-03 00:00:00,65.0,66.0,65.0,66.0,3684
2017-01-02 00:00:00,65.0,65.75,64.25,65.0,3225
2016-12-30 00:00:00,66.0,66.0,64.5,65.75,2954
2016-12-29 00:00:00,64.5,66.25,64.5,66.0,1164
2016-12-28 00:00:00,65.75,66.5,64.0,64.0,2331
2016-12-27 00:00:00,66.0,66.0,64.25,65.25,3205
2016-12-23 00:00:00,65.0,66.0,65.0,66.0,2720
2016-12-22 00:00:00,64.75,64.75,64.75,64.75,65
2016-12-21 00:00:00,65.0,65.0,65.0,65.0,1045
2016-12-20 00:00:00,65.0,65.0,65.0,65.0,15
2016-12-19 00:00:00,62.5,65.0,62.5,65.0,5651
2016-12-16 00:00:00,63.75,63.75,62.5,63.75,3591
2016-12-15 00:00:00,63.5,64.0,63.5,63.75,1415
2016-12-14 00:00:00,63.25,63.75,63.25,63.5,2336
2016-12-13 00:00:00,64.0,64.25,62.5,63.75,3173
2016-12-12 00:00:00,66.0,66.0,63.25,64.25,3897
2016-12-09 00:00:00,65.0,66.0,63.5,65.0,5580
2016-12-08 00:00:00,66.0,66.0,65.0,66.0,2998
2016-12-07 00:00:00,66.0,66.0,65.0,66.0,1549
2016-12-06 00:00:00,65.0,66.25,64.0,66.25,1147
2016-12-05 00:00:00,65.0,66.25,65.0,66.25,2595
2016-12-02 00:00:00,65.5,66.5,64.5,64.5,5576
2016-12-01 00:00:00,65.5,66.0,64.75,65.0,13425
2016-11-30 00:00:00,64.0,64.0,64.0,64.0,4227
2016-11-29 00:00:00,64.0,64.0,63.75,64.0,567
2016-11-28 00:00:00,63.5,64.5,63.5,64.5,2907
2016-11-25 00:00:00,64.5,64.5,63.75,63.75,1538
2016-11-24 00:00:00,63.5,64.5,63.5,64.5,1831
2016-11-23 00:00:00,63.75,64.25,63.75,63.75,2859
2016-11-22 00:00:00,62.5,63.75,62.25,63.75,1902
2016-11-21 00:00:00,62.75,63.5,62.75,62.75,3371
2016-11-18 00:00:00,62.25,62.25,61.5,61.75,2615
2016-11-17 00:00:00,61.75,62.25,61.75,62.25,2225
2016-11-16 00:00:00,61.75,61.75,61.5,61.5,2330
2016-11-15 00:00:00,62.75,63.0,62.75,62.75,2178
2016-11-14 00:00:00,61.5,62.75,61.5,62.5,813
2016-11-11 00:00:00,62.75,62.75,60.75,61.25,5961
2016-11-10 00:00:00,61.0,62.5,61.0,61.0,5839
2016-11-09 00:00:00,58.25,61.0,58.0,61.0,3393
2016-11-08 00:00:00,61.0,61.0,59.0,59.75,1538
2016-11-07 00:00:00,60.5,61.25,59.0,60.0,5253
2016-11-04 00:00:00,61.0,61.0,60.25,60.25,312
2016-11-03 00:00:00,61.25,62.5,60.5,61.0,1235
2016-11-02 00:00:00,63.0,63.0,61.0,61.75,3945
2016-11-01 00:00:00,62.0,62.75,62.0,62.0,636
2016-10-31 00:00:00,61.75,62.0,61.75,61.75,446
2016-10-28 00:00:00,62.5,62.5,61.75,61.75,59
2016-10-27 00:00:00,63.25,63.25,62.0,62.5,2535
2016-10-26 00:00:00,62.5,63.25,62.5,63.25,360
2016-10-25 00:00:00,63.0,64.0,62.75,62.75,930
2016-10-24 00:00:00,63.5,64.0,62.5,63.0,484
2016-10-21 00:00:00,62.5,64.0,62.5,64.0,2030
2016-10-20 00:00:00,63.0,63.0,63.0,63.0,10
2016-10-19 00:00:00,63.0,64.0,62.75,63.75,2894
2016-10-18 00:00:00,63.0,63.0,62.5,62.5,1794
2016-10-17 00:00:00,62.5,63.0,62.5,63.0,910
2016-10-14 00:00:00,63.0,63.5,62.5,63.0,3616
2016-10-13 00:00:00,63.25,63.5,62.5,62.5,1306
2016-10-12 00:00:00,62.5,63.25,60.5,63.25,8666
2016-10-11 00:00:00,64.5,64.5,62.0,62.75,7133
2016-10-10 00:00:00,64.5,64.5,63.75,64.5,1012
2016-10-07 00:00:00,64.5,65.0,64.0,65.0,2751
2016-10-06 00:00:00,65.0,65.0,63.5,64.5,776
2016-10-05 00:00:00,63.5,65.75,63.5,65.0,9848
2016-10-04 00:00:00,63.0,63.5,61.5,63.5,2809
2016-10-03 00:00:00,63.25,63.5,63.0,63.0,1421
2016-09-30 00:00:00,63.0,64.0,62.5,63.5,766
2016-09-29 00:00:00,64.0,64.5,62.5,63.0,1105
2016-09-28 00:00:00,65.0,65.0,63.0,64.0,1251
2016-09-27 00:00:00,65.0,65.0,63.5,65.0,468
2016-09-26 00:00:00,65.0,65.0,63.25,63.25,3693
2016-09-23 00:00:00,64.0,64.75,64.0,64.5,1230
2016-09-22 00:00:00,64.75,65.0,63.0,64.25,7672
2016-09-21 00:00:00,61.0,62.75,60.5,62.25,973
2016-09-20 00:00:00,61.5,62.75,60.25,62.5,645
2016-09-19 00:00:00,62.75,62.75,62.0,62.0,118
2016-09-16 00:00:00,63.0,63.0,62.5,62.75,2985
2016-09-15 00:00:00,61.75,63.0,61.75,62.75,652
2016-09-14 00:00:00,61.25,62.5,60.75,62.5,6473
2016-09-13 00:00:00,61.0,62.25,61.0,62.0,295
2016-09-12 00:00:00,60.0,63.0,60.0,61.0,11310
2016-09-09 00:00:00,63.5,63.5,62.0,63.5,2932
2016-09-08 00:00:00,63.0,65.0,63.0,63.5,2541
2016-09-07 00:00:00,63.75,64.0,63.0,63.0,5796
2016-09-06 00:00:00,64.75,65.0,63.75,64.0,1661
2016-09-05 00:00:00,63.75,65.0,63.75,64.75,1538
2016-09-02 00:00:00,65.0,65.0,64.5,65.0,2818
2016-09-01 00:00:00,64.0,65.5,64.0,65.0,4577
2016-08-31 00:00:00,64.0,64.5,63.5,64.0,1615
2016-08-30 00:00:00,66.0,66.0,63.75,65.0,1031
2016-08-29 00:00:00,65.0,66.0,63.5,63.5,2792
2016-08-26 00:00:00,65.0,65.0,63.5,64.25,2230
2016-08-25 00:00:00,64.0,64.75,64.0,64.75,290
2016-08-24 00:00:00,64.5,64.75,63.75,64.75,1424
2016-08-23 00:00:00,67.0,67.0,64.75,65.0,7532
2016-08-22 00:00:00,66.25,67.5,66.25,67.25,2552
2016-08-19 00:00:00,67.25,67.25,66.0,66.25,1065
2016-08-18 00:00:00,66.0,66.5,66.0,66.5,1514
2016-08-17 00:00:00,66.5,66.5,66.5,66.5,11
2016-08-16 00:00:00,67.0,67.0,66.0,66.75,4399
2016-08-15 00:00:00,65.75,65.75,65.5,65.5,505
2016-08-12 00:00:00,66.25,66.75,64.0,66.75,655
2016-08-11 00:00:00,66.25,66.75,65.5,66.75,262
2016-08-10 00:00:00,65.0,66.5,65.0,66.25,2569
2016-08-09 00:00:00,65.5,65.5,65.0,65.0,410
2016-08-08 00:00:00,65.75,66.0,65.75,66.0,310
2016-08-05 00:00:00,64.75,64.75,64.0,64.75,1520
2016-08-04 00:00:00,64.75,64.75,64.0,64.0,1156
2016-08-03 00:00:00,64.75,64.75,63.75,64.25,1252
2016-08-02 00:00:00,65.5,65.5,64.0,64.0,3021
2016-08-01 00:00:00,66.5,67.25,66.25,66.5,5243
2016-07-29 00:00:00,66.5,67.0,66.0,66.0,2315
2016-07-28 00:00:00,65.75,66.75,65.5,66.25,704
2016-07-27 00:00:00,66.0,66.75,65.5,66.5,1487
2016-07-26 00:00:00,64.0,66.75,64.0,66.75,936
2016-07-25 00:00:00,64.0,64.75,63.75,64.0,2274
2016-07-22 00:00:00,66.0,66.0,63.5,63.5,4869
2016-07-21 00:00:00,66.0,66.0,65.75,65.75,622
2016-07-20 00:00:00,64.25,66.5,64.25,64.5,2245
2016-07-19 00:00:00,64.25,64.25,64.25,64.25,59
2016-07-18 00:00:00,63.0,64.25,63.0,63.75,10633
2016-07-15 00:00:00,63.5,63.5,62.75,63.0,1243
2016-07-14 00:00:00,61.25,64.25,61.25,62.0,2458
2016-07-13 00:00:00,59.25,61.0,58.5,61.0,7991
2016-07-12 00:00:00,59.5,59.5,59.0,59.0,280
2016-07-11 00:00:00,59.0,59.75,59.0,59.0,957
2016-07-08 00:00:00,59.75,60.0,59.0,59.0,1237
2016-07-07 00:00:00,58.0,59.5,58.0,59.5,431
2016-07-06 00:00:00,59.0,59.0,57.75,58.25,1146
2016-07-05 00:00:00,59.25,59.5,59.0,59.5,545
2016-07-04 00:00:00,59.0,59.75,59.0,59.25,1046
2016-07-01 00:00:00,58.0,59.75,58.0,58.25,2593
2016-06-30 00:00:00,60.0,60.0,58.75,58.75,1779
2016-06-29 00:00:00,59.5,59.75,59.5,59.5,111
2016-06-28 00:00:00,59.0,59.75,58.0,59.5,1937
2016-06-27 00:00:00,58.0,58.75,54.0,57.0,3771
2016-06-24 00:00:00,,59.0,59.0,59.0,0
2016-06-23 00:00:00,59.75,59.75,58.75,59.0,1032
2016-06-22 00:00:00,58.5,59.75,56.0,59.75,4113
2016-06-21 00:00:00,60.0,60.0,58.25,59.0,3890
2016-06-20 00:00:00,60.75,60.75,58.5,60.5,744
2016-06-17 00:00:00,57.75,60.25,57.75,60.25,1263
2016-06-16 00:00:00,57.75,60.0,54.0,57.5,1228
2016-06-15 00:00:00,58.0,60.75,58.0,60.75,1377
2016-06-14 00:00:00,60.5,60.5,57.75,59.75,261
2016-06-13 00:00:00,59.5,60.75,56.0,60.75,1427
2016-06-10 00:00:00,62.0,62.0,59.5,60.0,1567
2016-06-09 00:00:00,61.5,62.0,60.25,60.25,540
2016-06-08 00:00:00,62.5,62.75,61.75,61.75,2115
2016-06-07 00:00:00,62.25,62.25,60.75,61.5,1791
2016-06-06 00:00:00,,60.75,60.75,60.75,0
2016-06-03 00:00:00,60.0,60.75,60.0,60.75,759
2016-06-02 00:00:00,60.75,61.5,60.0,60.0,1529
2016-06-01 00:00:00,60.75,61.0,60.75,60.75,1716
2016-05-31 00:00:00,61.5,61.5,60.25,60.25,1393
2016-05-30 00:00:00,59.75,61.0,59.75,61.0,4159
2016-05-27 00:00:00,60.0,61.5,60.0,60.5,1624
2016-05-26 00:00:00,62.0,62.0,59.75,59.75,1823
2016-05-25 00:00:00,61.5,61.75,59.75,60.25,1919
2016-05-24 00:00:00,60.75,61.75,60.75,61.75,1847
2016-05-23 00:00:00,60.0,61.0,59.75,60.5,2568
2016-05-20 00:00:00,59.5,59.75,59.25,59.5,2260
2016-05-19 00:00:00,60.0,61.25,58.5,59.75,7819
2016-05-18 00:00:00,62.0,62.0,59.5,60.75,4260
2016-05-17 00:00:00,62.75,63.25,60.25,62.0,10410
2016-05-16 00:00:00,63.0,63.5,62.25,62.25,262
2016-05-13 00:00:00,63.25,63.25,63.0,63.0,326
2016-05-12 00:00:00,63.0,64.25,62.25,62.25,1350
2016-05-11 00:00:00,64.75,64.75,63.0,63.0,1332
2016-05-10 00:00:00,66.5,66.5,62.75,65.0,1602
2016-05-09 00:00:00,62.5,67.75,62.5,66.5,3804
2016-05-06 00:00:00,63.25,63.25,62.5,62.5,1358
2016-05-05 00:00:00,63.25,63.25,63.0,63.25,1117
2016-05-04 00:00:00,63.25,63.25,63.0,63.25,1117
2016-05-03 00:00:00,65.0,65.0,63.5,63.5,54
2016-05-02 00:00:00,66.0,67.0,63.5,65.0,1688
2016-04-29 00:00:00,67.75,67.75,63.25,64.0,10322
2016-04-28 00:00:00,72.0,72.0,67.75,68.75,14402
2016-04-27 00:00:00,70.5,71.0,69.0,70.25,3629
2016-04-26 00:00:00,71.0,72.0,70.0,71.75,4227
2016-04-25 00:00:00,71.75,73.0,70.0,71.0,3470
2016-04-22 00:00:00,69.25,71.0,68.25,71.0,1907
2016-04-21 00:00:00,69.75,69.75,68.5,69.25,2689
2016-04-20 00:00:00,69.5,70.0,68.0,68.75,6570
2016-04-19 00:00:00,68.25,70.0,67.0,68.25,9864
2016-04-18 00:00:00,68.0,68.25,67.75,68.25,4259
2016-04-15 00:00:00,66.75,68.0,66.0,68.0,9210
2016-04-14 00:00:00,66.5,67.0,66.5,67.0,2024
2016-04-13 00:00:00,68.0,68.0,65.0,66.5,6309
2016-04-12 00:00:00,66.5,68.0,65.0,65.0,3301
2016-04-11 00:00:00,67.0,68.5,67.0,67.0,3471
2016-04-08 00:00:00,66.5,67.5,65.25,66.5,1285
2016-04-07 00:00:00,68.25,68.25,66.0,66.0,111
2016-04-06 00:00:00,66.75,67.75,66.75,66.75,1186
2016-04-05 00:00:00,66.75,66.75,66.0,66.75,1873
2016-04-04 00:00:00,67.0,68.0,66.5,67.0,1874
2016-04-01 00:00:00,68.0,68.25,67.0,67.0,1880
2016-03-31 00:00:00,67.0,68.5,66.75,67.0,4700
2016-03-30 00:00:00,69.0,69.0,67.0,67.0,6191
2016-03-29 00:00:00,69.0,69.75,66.75,69.5,4477
2016-03-28 00:00:00,68.0,69.0,69.0,69.0,3367
2016-03-25 00:00:00,68.0,69.0,68.0,69.0,3367
2016-03-24 00:00:00,68.0,69.0,68.0,69.0,3367
2016-03-23 00:00:00,66.75,68.75,66.75,68.0,3301
2016-03-22 00:00:00,67.0,68.0,67.0,67.5,1261
2016-03-21 00:00:00,68.0,69.0,66.75,66.75,3637
2016-03-18 00:00:00,68.75,68.75,68.0,68.0,1768
2016-03-17 00:00:00,66.25,67.25,64.25,67.25,1390
2016-03-16 00:00:00,66.75,66.75,66.0,66.25,1919
2016-03-15 00:00:00,66.75,67.75,66.75,67.0,806
2016-03-14 00:00:00,67.0,68.25,65.25,68.25,2508
2016-03-11 00:00:00,66.75,67.0,66.0,66.0,1321
2016-03-10 00:00:00,67.75,67.75,66.5,66.5,1944
2016-03-09 00:00:00,67.25,68.0,66.75,67.5,3143
2016-03-08 00:00:00,68.0,68.0,66.75,67.0,1449
2016-03-07 00:00:00,66.75,68.0,66.75,68.0,1678
2016-03-04 00:00:00,66.75,67.0,66.0,66.75,3726
2016-03-03 00:00:00,69.0,69.0,66.0,66.0,1945
2016-03-02 00:00:00,65.0,69.0,64.25,67.5,8776
2016-03-01 00:00:00,65.0,66.0,65.0,65.0,2753
2016-02-29 00:00:00,63.25,63.5,62.5,63.5,5463
2016-02-26 00:00:00,64.5,64.5,62.25,63.25,3151
2016-02-25 00:00:00,62.0,64.25,62.0,63.5,1274
2016-02-24 00:00:00,63.25,63.5,62.0,63.5,365
2016-02-23 00:00:00,62.0,63.5,62.0,63.25,3903
2016-02-22 00:00:00,63.5,63.5,61.5,62.0,4851
2016-02-19 00:00:00,63.0,63.5,63.0,63.5,790
2016-02-18 00:00:00,64.0,64.0,62.5,62.75,5263
2016-02-17 00:00:00,64.0,64.5,62.5,64.5,1216
2016-02-16 00:00:00,63.75,63.75,62.5,63.75,1161
2016-02-15 00:00:00,62.75,65.0,62.5,62.5,5248
2016-02-12 00:00:00,62.25,63.75,61.25,63.75,1080
2016-02-11 00:00:00,64.5,64.5,62.5,62.5,3268
2016-02-10 00:00:00,64.25,66.5,64.25,66.25,713
2016-02-09 00:00:00,63.5,64.5,63.25,64.25,4892
2016-02-08 00:00:00,65.0,67.25,63.25,63.5,14226
2016-02-05 00:00:00,73.0,73.0,66.0,67.25,12002
2016-02-04 00:00:00,72.75,72.75,72.5,72.75,298
2016-02-03 00:00:00,74.0,74.0,71.0,72.5,1287
2016-02-02 00:00:00,74.0,74.0,74.0,74.0,600
2016-02-01 00:00:00,74.25,74.25,72.0,74.25,204
2016-01-29 00:00:00,75.0,75.0,74.0,74.25,2087
2016-01-28 00:00:00,73.0,73.25,73.0,73.0,282
2016-01-27 00:00:00,72.25,73.25,72.25,73.0,2487
2016-01-26 00:00:00,74.0,74.0,73.25,73.25,2126
2016-01-25 00:00:00,74.0,74.0,73.0,73.75,2444
2016-01-22 00:00:00,72.75,74.0,72.75,73.5,3442
2016-01-21 00:00:00,73.75,73.75,71.25,72.75,9670
2016-01-20 00:00:00,75.5,75.5,73.75,73.75,390
2016-01-19 00:00:00,74.0,75.5,73.75,75.5,1540
2016-01-18 00:00:00,74.5,74.5,73.5,74.0,2684
2016-01-15 00:00:00,75.5,75.5,74.25,74.25,1618
2016-01-14 00:00:00,75.5,76.0,74.5,74.75,6463
2016-01-13 00:00:00,76.25,76.5,76.25,76.25,209
2016-01-12 00:00:00,76.75,77.25,75.75,76.25,2033
2016-01-11 00:00:00,78.5,78.5,76.0,77.0,979
2016-01-08 00:00:00,78.25,78.25,75.5,78.0,1171
2016-01-07 00:00:00,77.0,78.0,77.0,78.0,2507
2016-01-06 00:00:00,,79.0,79.0,79.0,0
2016-01-05 00:00:00,79.25,79.5,79.0,79.0,1015
2016-01-04 00:00:00,80.0,80.0,77.75,79.25,1029
2016-01-01 00:00:00,,79.75,79.75,79.75,0
2015-12-31 00:00:00,,79.75,79.75,79.75,0
2015-12-30 00:00:00,77.0,79.75,77.0,79.75,3279
2015-12-29 00:00:00,77.75,78.75,77.0,78.75,2873
2015-12-28 00:00:00,77.0,78.5,76.75,77.75,4569
2015-12-25 00:00:00,77.5,78.75,77.5,77.75,718
2015-12-24 00:00:00,77.5,78.75,77.5,77.75,718
2015-12-23 00:00:00,77.5,78.75,77.5,77.75,718
2015-12-22 00:00:00,79.5,79.5,76.25,77.0,2530
2015-12-21 00:00:00,80.25,80.5,78.75,79.25,1118
2015-12-18 00:00:00,80.0,80.0,78.0,79.25,802
2015-12-17 00:00:00,80.0,80.5,77.25,78.0,5469
2015-12-16 00:00:00,81.0,81.0,81.0,81.0,65
2015-12-15 00:00:00,80.5,80.5,80.0,80.0,500
2015-12-14 00:00:00,79.25,81.75,79.25,80.5,1205
2015-12-11 00:00:00,80.25,81.0,79.0,79.25,2499
2015-12-10 00:00:00,80.25,80.5,78.0,80.0,2243
2015-12-09 00:00:00,82.25,82.25,80.0,80.0,777
2015-12-08 00:00:00,81.0,82.75,81.0,81.0,573
2015-12-07 00:00:00,80.5,81.0,80.0,81.0,2242
2015-12-04 00:00:00,80.5,83.0,80.5,83.0,4101
2015-12-03 00:00:00,81.75,81.75,79.25,79.25,1181
2015-12-02 00:00:00,81.0,81.0,77.0,79.75,6164
2015-12-01 00:00:00,81.0,81.0,80.25,80.75,2629
2015-11-30 00:00:00,79.75,81.0,78.5,79.0,5393
2015-11-27 00:00:00,80.25,80.5,78.5,79.0,2389
2015-11-26 00:00:00,79.75,80.0,79.0,80.0,1269
2015-11-25 00:00:00,79.25,79.75,79.25,79.75,764
2015-11-24 00:00:00,79.25,79.25,79.25,79.25,33
2015-11-23 00:00:00,79.75,80.25,79.5,79.75,1765
2015-11-20 00:00:00,79.0,79.75,79.0,79.75,1328
2015-11-19 00:00:00,79.5,80.25,79.0,80.25,958
2015-11-18 00:00:00,79.5,79.5,79.0,79.0,1118
2015-11-17 00:00:00,79.5,79.5,78.0,79.5,1424
2015-11-16 00:00:00,78.0,80.0,78.0,79.5,3065
2015-11-13 00:00:00,80.0,80.0,78.0,78.0,2789
2015-11-12 00:00:00,77.0,79.5,76.5,79.0,9240
2015-11-11 00:00:00,75.0,78.0,75.0,77.0,4846
2015-11-10 00:00:00,78.25,78.25,74.0,75.0,17330
2015-11-09 00:00:00,84.0,84.0,78.0,78.0,7734
2015-11-06 00:00:00,79.5,84.0,79.5,83.25,3478
2015-11-05 00:00:00,79.25,84.0,79.25,79.25,4175
2015-11-04 00:00:00,80.75,81.0,80.0,81.0,2060
2015-11-03 00:00:00,81.0,81.0,76.5,80.0,5105
2015-11-02 00:00:00,80.25,81.0,80.0,81.0,5912
2015-10-30 00:00:00,80.0,80.0,77.5,77.5,652
2015-10-29 00:00:00,,77.5,77.5,77.5,0
2015-10-28 00:00:00,78.0,79.5,77.5,77.5,3025
2015-10-27 00:00:00,79.0,79.0,78.25,78.25,1027
2015-10-26 00:00:00,78.5,78.5,78.0,78.0,2626
2015-10-23 00:00:00,79.0,79.0,78.0,78.0,1009
2015-10-22 00:00:00,80.25,80.25,76.25,76.25,2579
2015-10-21 00:00:00,76.0,79.75,76.0,78.0,3330
2015-10-20 00:00:00,74.75,77.0,74.5,76.75,2427
2015-10-19 00:00:00,74.5,74.5,74.0,74.0,453
2015-10-16 00:00:00,74.25,74.5,74.25,74.5,117
2015-10-15 00:00:00,74.0,74.25,73.5,74.25,1781
2015-10-14 00:00:00,74.5,74.75,74.0,74.5,682
2015-10-13 00:00:00,74.5,75.0,74.5,75.0,740
2015-10-12 00:00:00,75.0,75.0,74.0,74.5,626
2015-10-09 00:00:00,75.5,76.0,74.5,74.5,4100
2015-10-08 00:00:00,76.0,76.0,75.5,75.5,416
2015-10-07 00:00:00,76.0,76.0,75.5,75.5,165
2015-10-06 00:00:00,75.0,76.0,74.25,76.0,364
2015-10-05 00:00:00,74.0,75.0,74.0,75.0,1100
2015-10-02 00:00:00,,74.75,74.75,74.75,0
2015-10-01 00:00:00,74.0,74.75,74.0,74.75,120
2015-09-30 00:00:00,74.75,74.75,74.0,74.0,26
2015-09-29 00:00:00,73.5,75.0,73.25,73.5,1158
2015-09-28 00:00:00,73.5,73.5,73.0,73.25,214
2015-09-25 00:00:00,73.5,74.75,73.5,73.5,230
2015-09-24 00:00:00,73.5,75.0,73.5,73.5,1829
2015-09-23 00:00:00,73.0,74.0,72.0,73.25,1753
2015-09-22 00:00:00,73.75,73.75,73.0,73.0,84
2015-09-21 00:00:00,73.0,74.0,72.75,73.0,2052
2015-09-18 00:00:00,73.5,74.0,73.0,73.0,2077
2015-09-17 00:00:00,74.0,74.0,74.0,74.0,505
2015-09-16 00:00:00,,74.75,74.75,74.75,0
2015-09-15 00:00:00,73.0,74.75,72.75,74.75,1033
2015-09-14 00:00:00,74.75,75.0,73.0,75.0,390
2015-09-11 00:00:00,74.75,74.75,73.25,74.5,402
2015-09-10 00:00:00,73.5,73.5,72.75,72.75,398
2015-09-09 00:00:00,75.0,75.0,73.75,75.0,882
2015-09-08 00:00:00,74.75,75.0,74.75,75.0,40
2015-09-07 00:00:00,75.75,75.75,75.5,75.5,160
2015-09-04 00:00:00,74.5,76.75,73.0,75.75,2852
2015-09-03 00:00:00,75.0,76.25,74.5,76.25,1267
2015-09-02 00:00:00,74.5,74.5,74.5,74.5,112
2015-09-01 00:00:00,73.25,74.75,73.0,74.75,3560
2015-08-31 00:00:00,75.25,75.25,72.75,74.75,1680
2015-08-28 00:00:00,76.0,76.0,74.0,75.5,5506
2015-08-27 00:00:00,75.0,76.0,72.0,75.25,2680
2015-08-26 00:00:00,73.75,75.25,72.5,74.5,700
2015-08-25 00:00:00,70.75,76.25,70.75,73.75,13946
2015-08-24 00:00:00,75.0,75.0,73.0,74.0,5297
2015-08-21 00:00:00,77.5,77.5,73.25,76.75,1839
2015-08-20 00:00:00,79.75,79.75,77.75,78.75,4270
2015-08-19 00:00:00,78.75,79.75,78.75,79.5,1703
2015-08-18 00:00:00,79.5,80.0,78.75,78.75,663
2015-08-17 00:00:00,79.5,79.75,78.25,79.75,1220
2015-08-14 00:00:00,79.0,80.5,78.0,79.5,1605
2015-08-13 00:00:00,79.0,79.0,78.75,78.75,170
2015-08-12 00:00:00,77.75,78.5,77.75,78.5,700
2015-08-11 00:00:00,80.75,80.75,78.5,78.75,886
2015-08-10 00:00:00,80.0,80.75,79.0,79.0,634
2015-08-07 00:00:00,79.0,79.5,78.0,79.0,1106
2015-08-06 00:00:00,78.0,79.0,78.0,78.75,989
2015-08-05 00:00:00,78.75,78.75,78.0,78.75,1550
2015-08-04 00:00:00,78.5,80.0,78.5,79.0,941
2015-08-03 00:00:00,80.0,80.0,78.0,78.75,2047
2015-07-31 00:00:00,79.5,80.0,77.5,79.75,1434
2015-07-30 00:00:00,79.5,79.5,77.25,79.25,300
2015-07-29 00:00:00,79.0,79.5,78.5,79.0,415
2015-07-28 00:00:00,77.0,79.0,76.5,79.0,1115
2015-07-27 00:00:00,80.0,80.0,76.5,76.5,1674
2015-07-24 00:00:00,80.0,80.0,78.25,80.0,721
2015-07-23 00:00:00,76.75,80.0,76.75,80.0,2651
2015-07-22 00:00:00,77.0,77.0,77.0,77.0,460
2015-07-21 00:00:00,76.75,77.5,76.75,77.0,2606
2015-07-20 00:00:00,75.5,77.5,75.5,76.25,3532
2015-07-17 00:00:00,75.25,76.0,75.25,75.5,3657
2015-07-16 00:00:00,75.5,75.5,75.0,75.0,2413
2015-07-15 00:00:00,76.5,76.5,75.5,75.5,1537
2015-07-14 00:00:00,75.75,75.75,75.5,75.5,400
2015-07-13 00:00:00,76.25,76.5,75.5,76.5,1862
2015-07-10 00:00:00,77.0,77.0,74.0,76.0,5757
2015-07-09 00:00:00,75.5,76.75,75.25,76.75,1009
2015-07-08 00:00:00,77.0,77.0,76.5,76.5,487
2015-07-07 00:00:00,73.75,77.0,73.75,76.75,2222
2015-07-06 00:00:00,75.0,75.25,73.75,75.0,2848
2015-07-03 00:00:00,74.5,75.5,74.5,75.5,146
2015-07-02 00:00:00,76.75,76.75,75.0,75.0,152
2015-07-01 00:00:00,76.5,76.75,75.75,76.75,779
2015-06-30 00:00:00,74.25,76.5,74.0,74.5,365
2015-06-29 00:00:00,76.25,76.25,71.0,75.0,2582
2015-06-26 00:00:00,,76.0,76.0,76.0,0
2015-06-25 00:00:00,76.0,76.0,75.0,76.0,1940
2015-06-24 00:00:00,76.0,76.0,76.0,76.0,500
2015-06-23 00:00:00,76.5,76.5,76.0,76.0,3275
2015-06-22 00:00:00,75.0,76.0,75.0,76.0,1588
2015-06-19 00:00:00,,75.0,75.0,75.0,0
2015-06-18 00:00:00,75.75,76.0,75.0,75.0,1250
2015-06-17 00:00:00,74.25,76.0,74.25,74.25,3259
2015-06-16 00:00:00,74.0,74.25,72.75,74.25,3707
2015-06-15 00:00:00,75.0,75.25,74.0,74.0,2403
2015-06-12 00:00:00,75.25,75.5,75.0,75.0,1313
2015-06-11 00:00:00,75.25,76.0,74.75,75.5,2197
2015-06-10 00:00:00,75.75,77.0,75.0,77.0,674
2015-06-09 00:00:00,76.25,76.25,75.0,76.0,1362
2015-06-08 00:00:00,77.0,77.5,76.75,77.0,1029
2015-06-05 00:00:00,76.75,79.25,76.75,77.0,105
2015-06-04 00:00:00,78.0,78.5,76.75,77.5,2583
2015-06-03 00:00:00,78.75,79.0,78.0,78.0,3622
2015-06-02 00:00:00,79.0,80.25,78.75,79.5,3364
2015-06-01 00:00:00,79.75,80.0,78.75,79.0,2680
2015-05-29 00:00:00,80.0,80.0,76.25,79.5,2680
2015-05-28 00:00:00,79.5,80.0,79.5,80.0,4839
2015-05-27 00:00:00,78.5,80.0,78.5,79.5,5155
2015-05-26 00:00:00,79.0,79.0,77.0,78.0,1499
2015-05-25 00:00:00,79.5,80.25,78.25,78.25,4651
2015-05-22 00:00:00,76.0,79.25,76.0,79.25,10161
2015-05-21 00:00:00,73.5,75.75,73.5,75.75,3027
2015-05-20 00:00:00,74.25,75.5,73.5,73.5,4483
2015-05-19 00:00:00,76.5,76.5,74.5,75.5,3920
2015-05-18 00:00:00,75.0,77.25,75.0,76.5,1976
2015-05-15 00:00:00,73.0,75.0,73.0,75.0,1778
2015-05-14 00:00:00,73.5,74.5,73.0,73.75,3081
2015-05-13 00:00:00,73.5,74.5,73.0,73.75,3081
2015-05-12 00:00:00,75.0,75.0,72.75,73.0,8642
2015-05-11 00:00:00,76.0,76.25,75.0,76.0,6044
2015-05-08 00:00:00,77.0,77.0,75.5,76.5,2932
2015-05-07 00:00:00,77.25,77.75,74.0,77.25,9462
2015-05-06 00:00:00,81.0,81.0,77.25,78.25,9475
2015-05-05 00:00:00,82.5,82.5,81.5,81.5,4117
2015-05-04 00:00:00,82.0,83.5,82.0,82.0,5792
2015-05-01 00:00:00,86.0,86.0,80.25,81.75,9761
2015-04-30 00:00:00,86.0,86.0,80.25,81.75,9761
2015-04-29 00:00:00,88.0,88.25,86.25,88.0,11007
2015-04-28 00:00:00,94.0,94.0,87.5,88.0,25713
2015-04-27 00:00:00,91.0,92.75,90.0,92.75,16843
2015-04-24 00:00:00,91.5,91.5,91.0,91.25,2952
2015-04-23 00:00:00,89.5,91.5,89.5,91.0,6770
2015-04-22 00:00:00,90.0,90.0,89.5,89.5,2341
2015-04-21 00:00:00,88.0,90.0,88.0,90.0,1776
2015-04-20 00:00:00,88.0,88.25,88.0,88.25,631
2015-04-17 00:00:00,89.0,90.5,88.0,88.0,6343
2015-04-16 00:00:00,90.0,91.0,89.0,90.0,7512
2015-04-15 00:00:00,90.0,90.5,89.5,90.0,5548
2015-04-14 00:00:00,90.5,90.5,88.5,90.0,2869
2015-04-13 00:00:00,89.0,90.25,88.5,89.75,10344
2015-04-10 00:00:00,87.5,88.75,87.5,88.75,3493
2015-04-09 00:00:00,88.75,89.0,87.5,88.5,6423
2015-04-08 00:00:00,88.0,88.75,88.0,88.75,2120
2015-04-07 00:00:00,88.75,88.75,87.25,88.0,5868
2015-04-02 00:00:00,87.0,87.0,86.25,87.0,4972
2015-04-01 00:00:00,87.0,87.0,86.5,86.5,5747
2015-03-31 00:00:00,86.75,87.0,86.25,86.75,2680
2015-03-30 00:00:00,86.25,87.5,86.25,86.75,1887
2015-03-27 00:00:00,87.0,88.0,86.75,86.75,2505
2015-03-26 00:00:00,87.0,87.0,87.0,87.0,460
2015-03-25 00:00:00,87.0,88.0,86.25,88.0,10119
2015-03-24 00:00:00,86.0,87.0,85.75,87.0,1889
2015-03-23 00:00:00,88.5,88.5,86.25,86.5,11207
2015-03-20 00:00:00,87.0,88.5,87.0,88.5,4789
2015-03-19 00:00:00,85.75,87.0,85.5,86.75,4832
2015-03-18 00:00:00,86.5,87.0,85.75,86.0,4306
2015-03-17 00:00:00,87.0,87.0,85.25,86.5,1215
2015-03-16 00:00:00,85.5,88.0,85.5,86.5,1873
2015-03-13 00:00:00,86.0,86.75,84.5,86.75,8926
2015-03-12 00:00:00,86.5,86.5,85.5,86.0,4016
2015-03-11 00:00:00,85.5,87.25,85.5,86.5,2115
2015-03-10 00:00:00,87.0,87.25,85.5,87.25,650
2015-03-09 00:00:00,88.0,88.0,86.5,86.5,3538
2015-03-06 00:00:00,88.25,88.25,87.5,87.5,1176
2015-03-05 00:00:00,86.0,88.25,86.0,88.0,5356
2015-03-04 00:00:00,87.75,87.75,85.5,87.0,5367
2015-03-03 00:00:00,88.5,89.75,86.5,86.5,4057
2015-03-02 00:00:00,86.75,89.0,86.0,88.25,5373
2015-02-27 00:00:00,86.25,86.5,85.5,86.5,6531
2015-02-26 00:00:00,85.75,86.25,85.75,86.0,3290
2015-02-25 00:00:00,85.5,86.25,85.25,86.25,5085
2015-02-24 00:00:00,84.0,85.75,83.0,85.5,6286
2015-02-23 00:00:00,84.0,84.5,83.5,84.5,5421
2015-02-20 00:00:00,82.5,84.0,82.5,84.0,5617
2015-02-19 00:00:00,83.5,83.5,82.5,82.5,4678
2015-02-18 00:00:00,83.0,83.75,83.0,83.5,1529
2015-02-17 00:00:00,83.5,83.75,83.0,83.0,9172
2015-02-16 00:00:00,83.5,84.0,83.25,83.75,10177
2015-02-13 00:00:00,83.5,83.75,82.0,83.25,9082
2015-02-12 00:00:00,82.25,84.0,82.25,84.0,6203
2015-02-11 00:00:00,83.25,84.0,82.75,82.75,4345
2015-02-10 00:00:00,84.25,84.75,84.0,84.0,5392
2015-02-09 00:00:00,85.0,85.75,83.0,84.25,3252
2015-02-06 00:00:00,83.25,86.25,83.25,85.0,17762
2015-02-05 00:00:00,83.5,83.5,82.25,83.25,5486
2015-02-04 00:00:00,81.75,82.0,81.75,82.0,1430
2015-02-03 00:00:00,81.0,82.5,81.0,81.25,2338
2015-02-02 00:00:00,80.0,81.75,80.0,81.0,4062
2015-01-30 00:00:00,82.5,82.5,80.0,81.75,1942
2015-01-29 00:00:00,82.5,82.5,82.5,82.5,506
2015-01-28 00:00:00,81.5,81.5,81.25,81.5,545
2015-01-27 00:00:00,82.0,83.0,81.0,81.0,4154
2015-01-26 00:00:00,81.0,82.5,81.0,82.0,7130
2015-01-23 00:00:00,80.0,82.25,80.0,82.25,5679
2015-01-22 00:00:00,80.5,81.0,80.25,80.5,3758
2015-01-21 00:00:00,80.75,81.0,80.0,80.5,1041
2015-01-20 00:00:00,80.5,81.0,79.5,81.0,7064
2015-01-19 00:00:00,81.0,81.0,80.0,80.25,6295
2015-01-16 00:00:00,81.5,81.5,80.75,81.5,1247
2015-01-15 00:00:00,81.25,81.25,80.5,80.75,2926
2015-01-14 00:00:00,82.5,82.5,81.0,81.0,3176
2015-01-13 00:00:00,81.25,82.0,80.0,82.0,2622
2015-01-12 00:00:00,82.5,82.5,80.5,81.25,6583
2015-01-09 00:00:00,80.75,81.5,80.75,81.5,3683
2015-01-08 00:00:00,80.0,80.5,80.0,80.5,435
2015-01-07 00:00:00,79.0,80.0,78.75,79.75,4302
2015-01-06 00:00:00,,79.0,79.0,79.0,0
2015-01-05 00:00:00,79.5,80.0,79.0,79.0,1490
2015-01-02 00:00:00,78.5,79.5,78.5,79.5,4367
2015-01-01 00:00:00,77.75,78.0,76.75,78.0,3815
2014-12-30 00:00:00,77.75,78.0,76.75,78.0,3815
2014-12-29 00:00:00,78.0,79.0,77.5,78.0,5259
2014-12-23 00:00:00,78.0,78.75,77.5,78.75,5370
2014-12-22 00:00:00,78.5,78.75,78.25,78.25,2530
2014-12-19 00:00:00,79.75,79.75,79.25,79.5,2739
2014-12-18 00:00:00,78.25,79.75,78.25,79.75,5400
2014-12-17 00:00:00,78.5,78.5,78.0,78.0,443
2014-12-16 00:00:00,79.0,79.5,78.5,78.5,3344
2014-12-15 00:00:00,78.5,79.5,78.5,79.5,2185
2014-12-12 00:00:00,79.75,79.75,78.5,78.5,1181
2014-12-11 00:00:00,78.5,78.5,78.5,78.5,41
2014-12-10 00:00:00,78.5,80.5,78.5,79.0,3552
2014-12-09 00:00:00,79.75,79.75,78.25,78.75,2594
2014-12-08 00:00:00,77.75,79.0,77.75,79.0,1497
2014-12-05 00:00:00,78.25,79.0,78.0,79.0,3434
2014-12-04 00:00:00,78.75,78.75,78.0,78.0,1680
2014-12-03 00:00:00,78.0,79.5,78.0,79.5,1944
2014-12-02 00:00:00,79.25,79.25,78.25,79.0,1860
2014-12-01 00:00:00,80.0,80.0,79.25,79.25,1355
2014-11-28 00:00:00,78.0,79.0,78.0,79.0,870
2014-11-27 00:00:00,78.75,79.25,78.0,78.75,3150
2014-11-26 00:00:00,79.5,79.5,78.75,78.75,2151
2014-11-25 00:00:00,79.75,79.75,77.5,78.75,3251
2014-11-24 00:00:00,79.0,80.0,78.5,79.75,1835
2014-11-21 00:00:00,79.75,80.75,77.0,78.75,9144
2014-11-20 00:00:00,78.0,79.5,78.0,79.0,2910
2014-11-19 00:00:00,79.25,79.5,79.25,79.5,446
2014-11-18 00:00:00,78.25,79.25,77.0,79.25,4304
2014-11-17 00:00:00,79.0,80.0,79.0,80.0,1400
2014-11-14 00:00:00,79.75,80.0,79.75,79.75,1400
2014-11-13 00:00:00,78.75,80.25,78.25,80.0,1695
2014-11-12 00:00:00,79.5,79.5,77.5,78.0,6664
2014-11-11 00:00:00,83.0,84.5,79.5,80.0,15348
2014-11-10 00:00:00,79.25,82.0,79.0,82.0,14147
2014-11-07 00:00:00,77.0,79.25,76.0,78.5,7528
2014-11-06 00:00:00,77.5,77.5,76.5,77.25,935
2014-11-05 00:00:00,77.5,77.5,77.5,77.5,207
2014-11-04 00:00:00,78.0,78.0,75.25,76.5,3718
2014-11-03 00:00:00,77.0,79.0,76.0,76.5,3109
2014-10-31 00:00:00,79.0,79.0,77.0,77.0,1590
2014-10-30 00:00:00,75.75,77.0,75.25,77.0,1205
2014-10-29 00:00:00,76.0,76.0,75.0,75.0,1949
2014-10-28 00:00:00,74.5,74.5,72.25,74.0,5573
2014-10-24 00:00:00,76.0,76.0,74.0,74.0,3940
2014-10-23 00:00:00,76.0,77.75,75.0,75.0,3775
2014-10-22 00:00:00,77.0,78.0,75.0,77.0,4776
2014-10-21 00:00:00,75.25,78.0,75.25,77.0,1093
2014-10-20 00:00:00,78.0,78.0,74.0,76.0,5432
2014-10-17 00:00:00,74.0,79.0,73.5,78.0,10633
2014-10-16 00:00:00,77.0,77.0,70.5,73.5,8344
2014-10-15 00:00:00,75.5,77.75,70.0,74.5,17788
2014-10-14 00:00:00,69.5,75.5,69.5,75.0,18369
2014-10-13 00:00:00,68.75,69.5,64.5,68.5,14252
2014-10-10 00:00:00,65.0,67.0,63.5,67.0,8386
2014-10-09 00:00:00,65.0,69.75,65.0,65.5,9923
2014-10-08 00:00:00,67.5,67.5,65.0,67.0,5999
2014-10-07 00:00:00,68.5,68.5,67.0,68.0,4204
2014-10-06 00:00:00,69.5,69.75,68.0,69.5,5767
2014-10-03 00:00:00,71.25,72.0,69.25,70.25,7910
2014-10-02 00:00:00,73.75,73.75,71.75,72.0,2116
2014-10-01 00:00:00,74.0,74.0,73.5,73.75,2695
2014-09-30 00:00:00,72.5,74.25,72.5,74.25,1866
2014-09-29 00:00:00,73.0,75.0,72.5,73.0,12092
2014-09-26 00:00:00,73.25,73.25,73.0,73.0,778
2014-09-25 00:00:00,73.0,74.0,72.5,74.0,2403
2014-09-24 00:00:00,73.5,74.75,73.5,74.0,1935
2014-09-23 00:00:00,74.0,74.0,73.5,73.75,2359
2014-09-22 00:00:00,74.5,74.5,74.0,74.5,2788
2014-09-19 00:00:00,73.5,74.75,73.5,74.75,2689
2014-09-18 00:00:00,74.25,74.25,73.0,74.25,7006
2014-09-17 00:00:00,,75.25,75.25,75.25,0
2014-09-16 00:00:00,74.5,75.25,73.75,75.25,1150
2014-09-15 00:00:00,74.75,75.25,74.0,75.25,809
2014-09-12 00:00:00,74.0,75.25,74.0,75.25,1637
2014-09-11 00:00:00,75.5,75.5,75.0,75.5,815
2014-09-10 00:00:00,74.75,75.5,74.5,75.25,805
2014-09-09 00:00:00,74.75,74.75,74.5,74.5,430
2014-09-08 00:00:00,75.5,75.75,75.0,75.75,1672
2014-09-05 00:00:00,76.25,77.5,75.5,76.25,3408
2014-09-04 00:00:00,78.0,78.0,77.0,77.0,1374
2014-09-03 00:00:00,74.5,78.0,74.5,78.0,11528
2014-09-02 00:00:00,75.0,75.0,73.75,74.0,2515
2014-09-01 00:00:00,75.0,75.0,73.25,75.0,5336
2014-08-29 00:00:00,77.0,77.0,74.25,74.5,16056
2014-08-28 00:00:00,76.0,76.5,76.0,76.5,98
2014-08-27 00:00:00,77.5,77.5,76.0,77.25,4128
2014-08-26 00:00:00,77.5,78.0,76.0,77.25,7670
2014-08-25 00:00:00,79.25,80.0,77.5,77.5,5228
2014-08-22 00:00:00,80.75,80.75,78.0,79.0,8164
2014-08-21 00:00:00,80.0,81.0,80.0,80.0,3532
2014-08-20 00:00:00,82.0,82.75,79.5,80.0,8508
2014-08-19 00:00:00,79.25,80.75,79.25,80.25,2864
2014-08-18 00:00:00,80.5,80.5,79.75,80.25,660
2014-08-15 00:00:00,80.0,80.5,79.25,80.5,456
2014-08-14 00:00:00,80.0,80.0,80.0,80.0,150
2014-08-13 00:00:00,80.0,80.0,79.75,79.75,706
2014-08-12 00:00:00,79.25,79.75,78.5,78.5,1930
2014-08-11 00:00:00,79.0,80.0,78.25,80.0,4847
2014-08-08 00:00:00,77.0,79.0,74.75,79.0,9160
2014-08-07 00:00:00,78.5,79.0,78.0,79.0,1794
2014-08-06 00:00:00,80.0,80.0,78.75,78.75,910
2014-08-05 00:00:00,79.0,79.0,79.0,79.0,1888
2014-08-04 00:00:00,79.0,80.0,78.0,79.5,2972
2014-08-01 00:00:00,80.0,80.0,80.0,80.0,738
2014-07-31 00:00:00,80.25,80.25,80.0,80.0,530
2014-07-30 00:00:00,80.5,80.5,80.5,80.5,251
2014-07-29 00:00:00,81.0,81.0,80.25,80.25,1213
2014-07-28 00:00:00,82.0,82.0,81.0,81.0,438
2014-07-25 00:00:00,80.75,81.75,80.75,81.75,128
2014-07-24 00:00:00,81.0,81.0,81.0,81.0,184
2014-07-23 00:00:00,80.25,81.75,80.25,81.75,1325
2014-07-22 00:00:00,81.75,81.75,80.25,81.0,2995
2014-07-21 00:00:00,82.0,82.25,82.0,82.0,596
2014-07-18 00:00:00,81.75,82.75,81.5,82.0,2387
2014-07-17 00:00:00,82.25,82.5,82.0,82.5,1030
2014-07-16 00:00:00,82.0,82.25,81.75,82.25,825
2014-07-15 00:00:00,81.75,81.75,81.5,81.75,1652
2014-07-14 00:00:00,83.25,83.25,81.5,81.5,727
2014-07-11 00:00:00,80.5,83.25,80.25,83.25,2863
2014-07-10 00:00:00,81.0,81.5,81.0,81.0,583
2014-07-09 00:00:00,82.5,82.5,81.0,81.5,5628
2014-07-08 00:00:00,82.25,83.0,82.25,82.5,716
2014-07-07 00:00:00,82.25,82.25,82.0,82.25,1305
2014-07-04 00:00:00,83.5,83.5,82.0,82.25,3166
2014-07-03 00:00:00,82.25,83.5,82.0,83.5,5743
2014-07-02 00:00:00,83.25,83.25,82.25,83.0,1605
2014-07-01 00:00:00,83.0,83.0,83.0,83.0,408
2014-06-30 00:00:00,82.5,83.75,82.5,83.0,2434
2014-06-27 00:00:00,85.75,85.75,82.0,83.0,3935
2014-06-26 00:00:00,83.5,84.25,83.5,84.25,1116
2014-06-25 00:00:00,83.0,83.75,83.0,83.75,2132
2014-06-24 00:00:00,84.75,85.5,83.25,85.5,14308
2014-06-23 00:00:00,84.75,85.5,84.75,85.5,998
2014-06-20 00:00:00,,85.75,85.75,85.75,0
2014-06-19 00:00:00,85.75,85.75,85.0,85.75,411
2014-06-18 00:00:00,86.0,86.0,84.75,85.75,1289
2014-06-17 00:00:00,86.0,86.25,86.0,86.25,175
2014-06-16 00:00:00,87.0,87.0,85.5,86.0,3494
2014-06-13 00:00:00,87.5,88.0,87.5,87.75,2710
2014-06-12 00:00:00,87.0,88.0,87.0,87.5,1261
2014-06-11 00:00:00,88.25,88.5,87.5,87.75,1633
2014-06-10 00:00:00,89.25,89.25,86.5,88.25,2791
2014-06-09 00:00:00,87.0,90.0,87.0,90.0,14245
2014-06-06 00:00:00,,87.0,87.0,87.0,0
2014-06-05 00:00:00,87.5,87.5,86.0,87.0,2507
2014-06-04 00:00:00,88.0,88.0,87.5,87.5,1457
2014-06-03 00:00:00,88.0,89.0,87.5,89.0,4043
2014-06-02 00:00:00,87.25,88.75,87.25,88.5,3827
2014-05-30 00:00:00,88.75,89.0,86.75,86.75,5273
2014-05-28 00:00:00,86.25,88.75,86.0,88.75,7692
2014-05-27 00:00:00,84.75,86.75,84.75,86.5,8288
2014-05-26 00:00:00,85.75,85.75,82.5,84.5,13021
2014-05-23 00:00:00,84.0,85.75,84.0,85.75,748
2014-05-22 00:00:00,83.5,84.0,83.0,84.0,1139
2014-05-21 00:00:00,84.0,84.0,83.0,83.5,655
2014-05-20 00:00:00,83.75,84.5,83.0,83.25,5107
2014-05-19 00:00:00,86.0,86.0,82.0,83.75,8427
2014-05-16 00:00:00,85.75,86.0,85.25,86.0,4014
2014-05-15 00:00:00,86.25,86.5,86.0,86.5,5462
2014-05-14 00:00:00,87.75,87.75,85.75,86.0,3581
2014-05-13 00:00:00,88.25,88.75,87.75,87.75,2408
2014-05-12 00:00:00,87.25,88.0,87.25,88.0,3325
2014-05-09 00:00:00,86.25,87.25,86.0,87.25,1870
2014-05-08 00:00:00,84.25,86.5,84.25,85.75,8677
2014-05-07 00:00:00,84.5,85.5,84.5,84.75,10972
2014-05-06 00:00:00,87.25,87.25,82.0,84.25,9880
2014-05-05 00:00:00,88.25,88.25,86.5,87.75,5901
2014-05-02 00:00:00,89.25,89.25,88.25,88.25,2184
2014-05-01 00:00:00,,90.25,90.25,90.25,0
2014-04-30 00:00:00,89.25,90.75,88.5,90.25,5476
2014-04-29 00:00:00,88.0,93.0,87.5,91.5,17782
2014-04-28 00:00:00,86.5,88.25,86.5,88.0,15015
2014-04-25 00:00:00,85.0,86.5,85.0,86.0,7592
2014-04-24 00:00:00,86.25,86.5,86.25,86.5,1650
2014-04-23 00:00:00,87.0,87.0,85.0,85.5,1649
2014-04-22 00:00:00,86.5,87.25,86.5,86.5,4216
2014-04-17 00:00:00,86.0,86.0,86.0,86.0,200
2014-04-16 00:00:00,86.0,86.0,85.75,86.0,1195
2014-04-15 00:00:00,84.75,86.0,84.75,86.0,1269
2014-04-14 00:00:00,86.5,86.5,84.75,84.75,2360
2014-04-11 00:00:00,86.0,86.5,85.5,86.0,2406
2014-04-10 00:00:00,86.5,86.5,85.25,85.25,2320
2014-04-09 00:00:00,87.0,87.0,84.5,84.5,5755
2014-04-08 00:00:00,88.0,88.75,86.75,87.0,3028
2014-04-07 00:00:00,86.5,88.0,85.5,88.0,10350
2014-04-04 00:00:00,85.75,86.75,85.75,86.5,1761
2014-04-03 00:00:00,86.25,86.25,84.5,84.75,1777
2014-04-02 00:00:00,86.0,86.5,86.0,86.25,1519
2014-04-01 00:00:00,85.5,86.0,83.75,86.0,1887
2014-03-31 00:00:00,83.75,85.25,83.0,85.25,3714
2014-03-28 00:00:00,84.75,85.0,80.75,84.0,2635
2014-03-27 00:00:00,84.75,84.75,82.5,84.0,3055
2014-03-26 00:00:00,84.75,85.0,84.0,84.5,936
2014-03-25 00:00:00,84.0,84.75,84.0,84.75,2220
2014-03-24 00:00:00,86.25,86.25,83.75,85.0,3330
2014-03-21 00:00:00,86.5,86.5,85.25,86.25,2131
2014-03-20 00:00:00,86.5,86.5,85.5,85.5,1694
2014-03-19 00:00:00,86.75,86.75,85.75,86.5,1830
2014-03-18 00:00:00,86.5,86.5,85.25,86.5,1103
2014-03-17 00:00:00,85.0,86.25,84.5,86.25,1522
2014-03-14 00:00:00,86.0,86.0,84.75,85.75,2732
2014-03-13 00:00:00,85.0,86.0,84.0,85.25,1284
2014-03-12 00:00:00,84.5,85.25,84.0,85.25,5682
2014-03-11 00:00:00,86.0,86.0,84.75,85.75,1300
2014-03-10 00:00:00,86.0,86.0,84.5,86.0,1312
2014-03-07 00:00:00,85.75,85.75,84.5,85.75,4843
2014-03-06 00:00:00,85.5,86.75,85.0,85.75,3092
2014-03-05 00:00:00,85.0,86.25,84.75,86.25,3226
2014-03-04 00:00:00,84.25,86.5,84.0,86.25,6365
2014-03-03 00:00:00,86.25,87.0,84.5,84.5,2635
2014-02-28 00:00:00,87.75,87.75,86.5,87.25,5915
2014-02-27 00:00:00,86.5,87.25,84.5,87.25,15419
2014-02-26 00:00:00,86.75,86.75,85.75,86.75,3498
2014-02-25 00:00:00,86.5,86.75,86.0,86.75,4202
2014-02-24 00:00:00,86.0,87.0,84.75,86.5,7262
2014-02-21 00:00:00,85.5,86.0,84.0,86.0,6615
2014-02-20 00:00:00,84.5,85.75,84.5,85.5,2377
2014-02-19 00:00:00,85.0,85.0,84.25,84.75,4343
2014-02-18 00:00:00,83.75,85.0,83.0,84.75,6694
2014-02-17 00:00:00,82.5,84.0,82.5,83.75,4097
2014-02-14 00:00:00,83.0,83.5,81.5,82.25,5518
2014-02-13 00:00:00,83.25,83.25,81.5,83.0,3853
2014-02-12 00:00:00,83.25,83.25,81.25,81.75,2653
2014-02-11 00:00:00,82.0,83.0,78.0,82.0,12083
2014-02-10 00:00:00,82.25,83.0,81.5,82.0,5738
2014-02-07 00:00:00,79.0,83.75,79.0,80.5,57778
2014-02-06 00:00:00,78.0,79.5,78.0,79.0,12022
2014-02-05 00:00:00,77.5,78.0,76.0,78.0,6335
2014-02-04 00:00:00,76.0,78.0,75.25,77.5,6177
2014-02-03 00:00:00,77.5,78.0,77.25,77.5,2480
2014-01-31 00:00:00,76.5,78.0,75.75,77.75,6591
2014-01-30 00:00:00,78.0,78.0,76.5,78.0,2050
2014-01-29 00:00:00,78.0,78.0,76.0,78.0,4081
2014-01-28 00:00:00,77.25,78.0,76.25,78.0,5015
2014-01-27 00:00:00,77.0,77.5,75.25,77.0,8831
2014-01-24 00:00:00,77.0,78.0,75.75,78.0,4281
2014-01-23 00:00:00,77.0,78.0,75.5,78.0,5660
2014-01-22 00:00:00,77.0,78.0,75.0,77.0,8647
2014-01-21 00:00:00,78.0,79.0,76.0,76.0,11478
2014-01-20 00:00:00,78.25,78.5,77.25,78.0,2822
2014-01-17 00:00:00,77.0,78.5,75.0,77.25,12033
2014-01-16 00:00:00,79.0,80.0,77.75,78.0,7388
2014-01-15 00:00:00,80.0,80.0,78.0,79.25,9251
2014-01-14 00:00:00,82.75,82.75,78.5,80.0,12432
2014-01-13 00:00:00,84.0,84.0,79.25,83.0,29456
2014-01-10 00:00:00,86.25,86.25,84.0,86.25,8279
2014-01-09 00:00:00,86.25,86.25,82.0,86.25,18429
2014-01-08 00:00:00,84.5,88.0,84.25,86.0,21453
2014-01-07 00:00:00,74.0,83.0,74.0,83.0,15909
2014-01-06 00:00:00,,74.5,74.5,74.5,0
2014-01-03 00:00:00,73.5,74.5,73.5,74.5,3913
2014-01-02 00:00:00,74.0,74.0,72.5,73.25,5324
2013-12-31 00:00:00,,73.25,73.25,73.25,0
2013-12-30 00:00:00,74.0,74.0,72.0,73.25,6917
2013-12-27 00:00:00,73.75,75.0,73.75,74.5,6525
2013-12-23 00:00:00,74.25,74.25,72.5,73.5,9690
2013-12-20 00:00:00,77.0,77.0,75.0,75.0,10013
2013-12-19 00:00:00,75.0,77.0,75.0,77.0,5126
2013-12-18 00:00:00,78.5,78.75,75.0,76.5,4154
2013-12-17 00:00:00,79.75,79.75,76.5,78.5,3713
2013-12-16 00:00:00,76.5,79.75,74.0,78.0,8132
2013-12-13 00:00:00,75.0,76.25,74.0,76.25,7448
2013-12-12 00:00:00,77.0,77.0,75.0,76.0,4490
2013-12-11 00:00:00,78.5,78.5,71.25,75.5,12827
2013-12-10 00:00:00,78.75,78.75,77.5,78.5,6006
2013-12-09 00:00:00,79.75,79.75,76.75,79.0,15557
2013-12-06 00:00:00,81.75,81.75,80.5,80.5,5567
2013-12-05 00:00:00,82.25,83.0,80.25,82.0,8244
2013-12-04 00:00:00,84.5,84.75,82.25,83.0,11256
2013-12-03 00:00:00,81.75,85.75,81.75,84.0,62553
2013-12-02 00:00:00,79.75,84.0,79.75,81.25,17986
2013-11-29 00:00:00,81.5,81.5,79.75,79.75,11552
2013-11-28 00:00:00,81.5,82.0,80.0,82.0,15260
2013-11-27 00:00:00,77.75,85.25,77.5,82.0,32789
2013-11-26 00:00:00,72.0,79.0,72.0,77.5,48531
2013-11-25 00:00:00,68.75,72.0,68.75,72.0,47116
2013-11-22 00:00:00,66.25,67.75,66.25,66.75,4620
2013-11-21 00:00:00,65.0,66.75,65.0,66.25,5325
2013-11-20 00:00:00,67.0,67.0,64.5,66.0,11085
2013-11-19 00:00:00,66.25,66.5,64.25,66.5,5189
2013-11-18 00:00:00,66.25,67.0,65.0,66.25,10331
2013-11-15 00:00:00,67.5,67.5,65.5,67.0,12381
2013-11-14 00:00:00,61.0,69.5,61.0,67.75,47561
2013-11-13 00:00:00,60.25,60.5,60.25,60.25,863
2013-11-12 00:00:00,61.5,61.5,59.0,60.0,4375
2013-11-11 00:00:00,61.0,61.5,60.0,61.0,3200
2013-11-08 00:00:00,59.0,61.0,58.5,61.0,7300
2013-11-07 00:00:00,60.5,60.5,59.0,59.25,3318
2013-11-06 00:00:00,61.0,61.0,60.0,60.5,2105
2013-11-05 00:00:00,60.0,61.0,58.0,60.0,10908
2013-11-04 00:00:00,58.0,60.0,57.0,60.0,7233
2013-11-01 00:00:00,,58.75,58.75,58.75,0
2013-10-31 00:00:00,57.75,58.75,57.0,58.75,485
2013-10-30 00:00:00,58.75,61.0,56.0,59.0,7940
2013-10-29 00:00:00,59.5,60.0,59.5,60.0,800
2013-10-28 00:00:00,59.5,60.75,59.0,60.75,2722
2013-10-25 00:00:00,60.75,61.0,59.25,61.0,932
2013-10-24 00:00:00,59.5,61.25,59.5,60.75,1335
2013-10-23 00:00:00,61.0,61.0,59.0,61.0,2143
2013-10-22 00:00:00,60.75,61.25,58.75,60.5,2791
2013-10-21 00:00:00,57.75,61.25,57.0,60.0,7196
2013-10-18 00:00:00,58.0,59.75,58.0,59.75,1905
2013-10-17 00:00:00,60.5,61.75,58.0,58.0,3677
2013-10-16 00:00:00,59.75,60.0,57.5,59.25,4318
2013-10-15 00:00:00,60.5,60.5,58.75,58.75,2620
2013-10-14 00:00:00,58.25,59.0,56.75,59.0,2301
2013-10-11 00:00:00,59.0,60.0,57.75,58.0,5840
2013-10-10 00:00:00,58.25,58.5,57.25,57.25,1704
2013-10-09 00:00:00,55.25,57.0,54.5,57.0,5770
2013-10-08 00:00:00,58.0,58.5,55.0,58.5,8748
2013-10-07 00:00:00,59.75,59.75,58.0,58.0,5209
2013-10-04 00:00:00,59.75,60.75,59.75,60.25,1110
2013-10-03 00:00:00,60.25,61.0,59.75,60.5,4817
2013-10-02 00:00:00,61.75,61.75,60.25,61.25,5810
2013-10-01 00:00:00,60.5,62.0,60.0,62.0,4940
2013-09-30 00:00:00,63.25,63.75,59.75,62.25,11185
2013-09-27 00:00:00,61.5,63.75,59.5,63.75,18586
2013-09-26 00:00:00,60.5,62.0,60.5,61.5,1825
2013-09-25 00:00:00,60.5,61.75,60.5,60.5,4350
2013-09-24 00:00:00,59.75,61.75,59.5,60.5,4404
2013-09-23 00:00:00,62.0,62.0,58.0,62.0,14282
2013-09-20 00:00:00,62.5,62.5,60.0,62.25,7978
2013-09-19 00:00:00,62.5,62.5,60.75,62.5,12471
2013-09-18 00:00:00,62.0,62.75,61.5,62.5,19873
2013-09-17 00:00:00,62.75,62.75,60.0,61.5,31697
2013-09-16 00:00:00,57.25,63.0,57.25,62.75,90730
2013-09-13 00:00:00,52.0,54.0,52.0,53.75,15244
2013-09-12 00:00:00,52.75,53.75,52.0,53.0,4760
2013-09-11 00:00:00,53.0,53.0,52.0,52.5,5232
2013-09-10 00:00:00,51.0,53.5,51.0,53.0,21218
2013-09-09 00:00:00,51.0,52.0,50.75,51.75,23308
2013-09-06 00:00:00,48.5,50.0,48.5,50.0,1600
2013-09-05 00:00:00,48.0,49.3,47.8,49.2,650
2013-09-04 00:00:00,48.0,49.2,48.0,49.2,900
2013-09-03 00:00:00,48.0,49.5,47.6,49.5,3597
2013-09-02 00:00:00,48.0,48.0,47.7,47.7,9833
2013-08-30 00:00:00,48.5,48.5,47.1,48.0,4904
2013-08-29 00:00:00,49.0,49.4,48.3,48.3,3850
2013-08-28 00:00:00,48.5,49.5,48.5,49.5,1408
2013-08-27 00:00:00,49.5,49.5,48.0,49.0,7000
2013-08-26 00:00:00,51.0,52.0,49.3,49.5,10780
2013-08-23 00:00:00,50.0,52.0,48.1,49.2,16954
2013-08-22 00:00:00,47.6,49.0,47.6,49.0,2963
2013-08-21 00:00:00,47.6,47.6,46.7,47.6,247
2013-08-20 00:00:00,46.5,47.5,46.5,47.5,730
2013-08-19 00:00:00,47.0,47.2,46.1,47.2,1000
2013-08-16 00:00:00,46.9,46.9,46.9,46.9,1110
2013-08-15 00:00:00,46.9,46.9,46.7,46.7,351
2013-08-14 00:00:00,45.9,46.9,45.9,46.9,2395
2013-08-13 00:00:00,46.9,46.9,45.0,45.0,7973
2013-08-12 00:00:00,46.8,47.0,46.0,46.0,2918
2013-08-09 00:00:00,45.5,46.8,45.1,46.8,4340
2013-08-08 00:00:00,45.6,46.1,45.6,46.0,3425
2013-08-07 00:00:00,46.0,46.8,46.0,46.8,250
2013-08-06 00:00:00,46.0,46.0,46.0,46.0,1600
2013-08-05 00:00:00,45.9,46.5,45.9,46.0,3600
2013-08-02 00:00:00,44.7,45.4,44.7,45.4,380
2013-08-01 00:00:00,46.0,46.0,44.6,44.6,2800
2013-07-31 00:00:00,45.2,46.0,45.2,46.0,710
2013-07-30 00:00:00,45.2,46.0,45.2,46.0,900
2013-07-29 00:00:00,46.4,46.5,45.2,45.2,370
2013-07-26 00:00:00,45.2,46.0,45.2,46.0,2755
2013-07-25 00:00:00,45.5,46.0,45.5,46.0,2380
2013-07-24 00:00:00,45.9,45.9,45.5,45.5,360
2013-07-23 00:00:00,,45.9,45.9,45.9,0
2013-07-22 00:00:00,,45.9,45.9,45.9,0
2013-07-19 00:00:00,46.8,46.8,45.0,45.9,3779
2013-07-18 00:00:00,46.5,46.5,46.4,46.4,700
2013-07-17 00:00:00,46.0,46.0,46.0,46.0,100
2013-07-16 00:00:00,46.4,46.4,45.9,45.9,750
2013-07-15 00:00:00,45.8,46.0,45.6,46.0,2503
2013-07-12 00:00:00,45.0,46.0,45.0,45.8,6332
2013-07-11 00:00:00,45.7,45.7,44.8,45.5,520
2013-07-10 00:00:00,45.7,45.7,44.7,45.7,1245
2013-07-09 00:00:00,45.0,45.9,44.8,45.9,1400
2013-07-08 00:00:00,45.0,45.7,44.5,45.7,3265
2013-07-05 00:00:00,45.5,45.9,45.5,45.9,335
2013-07-04 00:00:00,45.0,45.5,44.1,45.5,1550
2013-07-03 00:00:00,45.1,45.1,44.4,44.4,2277
2013-07-02 00:00:00,46.9,46.9,45.0,45.0,1782
2013-07-01 00:00:00,46.6,46.9,46.6,46.9,815
2013-06-28 00:00:00,46.3,47.0,46.3,47.0,2401
2013-06-27 00:00:00,46.0,46.0,44.8,46.0,2807
2013-06-26 00:00:00,46.0,46.0,46.0,46.0,11195
2013-06-25 00:00:00,44.8,45.0,44.8,45.0,642
2013-06-24 00:00:00,46.0,46.0,45.2,45.7,1143
2013-06-21 00:00:00,,46.0,46.0,46.0,0
2013-06-20 00:00:00,46.0,46.0,46.0,46.0,2750
2013-06-19 00:00:00,45.2,46.5,45.0,46.5,8230
2013-06-18 00:00:00,46.0,46.4,46.0,46.4,4543
2013-06-17 00:00:00,44.6,46.0,44.5,46.0,4492
2013-06-14 00:00:00,46.0,46.0,46.0,46.0,50
2013-06-13 00:00:00,45.6,46.0,44.0,46.0,7200
2013-06-12 00:00:00,46.0,46.4,45.4,46.4,6000
2013-06-11 00:00:00,46.0,46.2,46.0,46.2,1000
2013-06-10 00:00:00,45.6,45.9,45.6,45.9,600
2013-06-07 00:00:00,45.6,45.6,45.6,45.6,1200
2013-06-06 00:00:00,,46.3,46.3,46.3,0
2013-06-05 00:00:00,,46.3,46.3,46.3,0
2013-06-04 00:00:00,46.4,46.4,45.4,46.3,600
2013-06-03 00:00:00,46.4,46.4,46.4,46.4,1050
2013-05-31 00:00:00,45.5,46.2,45.5,46.2,2282
2013-05-30 00:00:00,46.2,46.2,46.2,46.2,250
2013-05-29 00:00:00,46.0,46.0,45.5,45.9,230
2013-05-28 00:00:00,45.9,46.0,45.0,46.0,1908
2013-05-27 00:00:00,45.5,46.4,45.5,45.5,2981
2013-05-24 00:00:00,44.9,45.5,44.9,45.5,1480
2013-05-23 00:00:00,45.1,46.2,44.8,45.7,7478
2013-05-22 00:00:00,47.9,48.0,46.2,46.2,7557
2013-05-21 00:00:00,47.9,47.9,47.9,47.9,433
2013-05-20 00:00:00,47.4,47.9,46.6,47.9,2886
2013-05-17 00:00:00,47.5,47.5,47.4,47.4,2190
2013-05-16 00:00:00,47.4,47.5,47.4,47.5,2880
2013-05-15 00:00:00,47.4,47.4,47.3,47.4,2600
2013-05-14 00:00:00,46.5,47.4,45.8,46.0,5812
2013-05-13 00:00:00,47.6,47.6,47.0,47.2,1679
2013-05-10 00:00:00,46.9,48.6,46.9,48.6,1013
2013-05-09 00:00:00,,46.9,46.9,46.9,0
2013-05-08 00:00:00,46.5,46.9,46.5,46.9,125
2013-05-07 00:00:00,47.0,47.2,46.5,47.0,3980
2013-05-06 00:00:00,46.5,47.2,46.5,47.1,6270
2013-05-03 00:00:00,48.1,48.1,47.0,47.5,5300
2013-05-02 00:00:00,48.5,48.5,48.1,48.1,3034
2013-05-01 00:00:00,,48.5,48.5,48.5,0
2013-04-30 00:00:00,48.8,49.0,48.5,48.5,1735
2013-04-29 00:00:00,49.8,49.8,48.5,48.5,2580
2013-04-26 00:00:00,50.0,50.0,49.3,49.8,1864
2013-04-25 00:00:00,51.25,51.25,49.5,50.0,14158
2013-04-24 00:00:00,50.25,51.25,49.5,51.25,3820
2013-04-23 00:00:00,53.0,53.25,52.5,53.25,7998
2013-04-22 00:00:00,52.0,52.0,51.5,52.0,1630
2013-04-19 00:00:00,52.5,53.0,52.0,52.5,3721
2013-04-18 00:00:00,53.0,53.0,48.2,53.0,7571
2013-04-17 00:00:00,50.75,51.75,50.25,51.75,6825
2013-04-16 00:00:00,48.5,50.75,46.7,50.75,7253
2013-04-15 00:00:00,51.75,51.75,45.1,50.0,15887
2013-04-12 00:00:00,53.0,53.75,51.75,51.75,4800
2013-04-11 00:00:00,52.0,53.0,52.0,53.0,1870
2013-04-10 00:00:00,52.25,53.0,51.25,52.0,2535
2013-04-09 00:00:00,51.0,52.0,50.75,51.0,2578
2013-04-08 00:00:00,52.0,52.75,51.0,51.0,3723
2013-04-05 00:00:00,52.5,52.5,51.0,51.0,2722
2013-04-04 00:00:00,51.25,52.5,51.25,52.5,1315
2013-04-03 00:00:00,51.5,52.0,51.5,52.0,4461
2013-04-02 00:00:00,52.25,52.25,51.0,51.25,5598
2013-04-01 00:00:00,,52.0,52.0,52.0,0
2013-03-29 00:00:00,51.0,52.0,52.0,52.0,2443
2013-03-28 00:00:00,51.0,51.5,51.0,51.5,2443
2013-03-27 00:00:00,51.0,51.5,51.0,51.5,2443
2013-03-26 00:00:00,51.25,51.25,50.5,51.0,6100
2013-03-25 00:00:00,51.75,52.5,50.0,51.5,33929
2013-03-22 00:00:00,48.4,49.7,48.4,49.7,390
2013-03-21 00:00:00,47.0,49.7,47.0,49.7,129436
2013-03-20 00:00:00,47.8,48.7,47.5,47.9,61245
2013-03-19 00:00:00,48.6,49.0,48.3,49.0,3400
2013-03-18 00:00:00,49.1,49.1,48.6,49.1,1270
2013-03-15 00:00:00,49.1,49.5,49.1,49.1,3730
2013-03-14 00:00:00,49.2,49.2,49.0,49.0,450
2013-03-13 00:00:00,49.5,49.5,49.0,49.2,4710
2013-03-12 00:00:00,50.0,50.5,49.8,49.8,4289
2013-03-11 00:00:00,49.9,49.9,49.0,49.9,2285
2013-03-08 00:00:00,49.9,49.9,49.9,49.9,1003
2013-03-07 00:00:00,49.5,49.9,49.0,49.9,775
2013-03-06 00:00:00,51.25,51.25,49.5,50.0,5205
2013-03-05 00:00:00,51.0,51.5,49.7,49.9,8394
2013-03-04 00:00:00,50.75,51.25,48.3,51.0,6464
2013-03-01 00:00:00,48.5,53.0,48.0,50.75,19975
2013-02-28 00:00:00,46.5,48.0,46.5,48.0,8600
2013-02-27 00:00:00,46.1,46.2,45.5,46.0,4295
2013-02-26 00:00:00,45.2,46.1,45.0,46.1,2933
2013-02-25 00:00:00,45.9,46.0,45.4,45.5,1070
2013-02-22 00:00:00,45.1,46.0,45.1,46.0,4631
2013-02-21 00:00:00,46.0,46.0,45.0,45.0,6500
2013-02-20 00:00:00,47.0,47.0,45.0,46.4,8963
2013-02-19 00:00:00,46.8,47.1,46.5,47.0,3824
2013-02-18 00:00:00,45.8,47.0,45.5,47.0,6811
2013-02-15 00:00:00,44.5,46.0,44.5,45.5,6088
2013-02-14 00:00:00,45.0,45.0,44.0,44.5,8422
2013-02-13 00:00:00,45.0,46.0,44.2,45.8,4654
2013-02-12 00:00:00,45.0,45.3,43.6,45.0,6870
2013-02-11 00:00:00,46.4,46.4,44.8,45.6,7474
2013-02-08 00:00:00,41.7,46.9,41.7,46.5,49001
2013-02-07 00:00:00,41.0,41.0,39.8,40.1,3290
2013-02-06 00:00:00,39.5,41.0,39.5,40.3,2303
2013-02-05 00:00:00,40.0,40.0,39.5,39.5,1800
2013-02-04 00:00:00,40.0,40.0,40.0,40.0,425
2013-02-01 00:00:00,39.3,39.3,38.6,39.0,2509
2013-01-31 00:00:00,40.0,40.0,40.0,40.0,1000
2013-01-30 00:00:00,39.5,39.9,39.1,39.9,2980
2013-01-29 00:00:00,40.0,40.0,39.1,40.0,1623
2013-01-28 00:00:00,39.0,40.0,39.0,40.0,4984
2013-01-25 00:00:00,38.8,39.0,38.3,39.0,2229
2013-01-24 00:00:00,38.9,39.8,38.9,39.5,3759
2013-01-23 00:00:00,39.0,39.5,39.0,39.5,2349
2013-01-22 00:00:00,38.8,39.3,38.8,39.3,1340
2013-01-21 00:00:00,38.9,39.6,38.7,38.7,4580
2013-01-18 00:00:00,39.5,39.5,38.5,38.5,1688
2013-01-17 00:00:00,39.0,39.0,39.0,39.0,900
2013-01-16 00:00:00,38.6,39.0,38.6,39.0,400
2013-01-15 00:00:00,38.2,38.6,37.8,38.6,4678
2013-01-14 00:00:00,38.2,38.2,38.2,38.2,2342
2013-01-11 00:00:00,37.9,38.0,37.9,38.0,6536
2013-01-10 00:00:00,37.8,37.8,37.8,37.8,500
2013-01-09 00:00:00,37.9,38.0,37.9,38.0,300
2013-01-08 00:00:00,38.0,38.0,37.9,37.9,265
2013-01-07 00:00:00,,38.0,38.0,38.0,0
2013-01-04 00:00:00,38.5,38.5,38.0,38.0,1277
2013-01-03 00:00:00,38.3,39.5,37.6,39.5,4054
2013-01-02 00:00:00,,38.9,38.9,38.9,0
2013-01-01 00:00:00,,38.9,38.9,38.9,0
2012-12-31 00:00:00,,38.9,38.9,38.9,0
2012-12-28 00:00:00,37.0,38.9,37.0,38.9,11119
2012-12-27 00:00:00,38.5,38.5,37.1,37.1,2233
2012-12-26 00:00:00,,38.5,38.5,38.5,0
2012-12-25 00:00:00,,38.5,38.5,38.5,0
2012-12-24 00:00:00,,38.5,38.5,38.5,0
2012-12-21 00:00:00,37.1,38.5,37.0,38.5,9117
2012-12-20 00:00:00,37.7,37.7,36.9,37.5,5702
2012-12-19 00:00:00,35.5,38.0,35.5,37.5,27045
2012-12-18 00:00:00,36.0,36.0,35.3,35.8,7760
2012-12-17 00:00:00,,36.1,36.1,36.1,0
2012-12-14 00:00:00,35.9,36.6,35.8,36.1,3721
2012-12-13 00:00:00,36.0,36.1,33.9,35.8,12564
2012-12-12 00:00:00,35.2,36.0,35.2,36.0,4550
2012-12-11 00:00:00,33.4,35.3,33.4,35.0,2923
2012-12-10 00:00:00,33.0,34.0,33.0,34.0,3317
2012-12-07 00:00:00,33.0,33.1,33.0,33.1,1103
2012-12-06 00:00:00,33.0,33.4,33.0,33.4,1534
2012-12-05 00:00:00,33.2,33.4,33.0,33.0,1520
2012-12-04 00:00:00,32.8,33.0,32.7,33.0,6074
2012-12-03 00:00:00,32.9,32.9,32.8,32.8,142
2012-11-30 00:00:00,32.8,32.8,32.5,32.5,3300
2012-11-29 00:00:00,32.7,32.8,32.7,32.8,640
2012-11-28 00:00:00,33.0,33.0,32.8,32.8,4362
2012-11-27 00:00:00,33.0,33.0,33.0,33.0,800
2012-11-26 00:00:00,33.0,33.0,33.0,33.0,4188
2012-11-23 00:00:00,33.1,33.1,33.0,33.0,3286
2012-11-22 00:00:00,33.6,33.9,33.2,33.2,1560
2012-11-21 00:00:00,32.7,32.9,32.7,32.9,1150
2012-11-20 00:00:00,32.9,32.9,32.4,32.7,1850
2012-11-19 00:00:00,32.9,32.9,32.9,32.9,208
2012-11-16 00:00:00,33.2,33.3,32.7,32.9,2085
2012-11-15 00:00:00,33.6,33.6,33.6,33.6,60
2012-11-14 00:00:00,33.5,33.5,33.5,33.5,330
2012-11-13 00:00:00,33.4,33.5,32.9,33.5,3009
2012-11-12 00:00:00,33.5,33.5,32.5,32.5,437
2012-11-09 00:00:00,33.6,33.9,33.6,33.9,1060
2012-11-08 00:00:00,33.5,34.0,33.5,33.6,2230
2012-11-07 00:00:00,34.6,34.6,34.0,34.0,2800
2012-11-06 00:00:00,33.7,34.1,33.7,34.0,2580
2012-11-05 00:00:00,33.4,33.7,33.4,33.7,1000
2012-11-02 00:00:00,32.6,33.8,32.0,33.4,5671
2012-11-01 00:00:00,32.6,32.8,32.5,32.5,2045
2012-10-31 00:00:00,32.7,32.7,32.7,32.7,205
2012-10-30 00:00:00,33.0,33.0,31.7,32.5,3428
2012-10-29 00:00:00,33.0,33.5,33.0,33.0,1550
2012-10-26 00:00:00,33.7,33.7,33.7,33.7,1200
2012-10-25 00:00:00,34.0,34.0,34.0,34.0,1895
2012-10-24 00:00:00,33.9,34.0,33.9,34.0,521
2012-10-23 00:00:00,34.3,34.3,34.0,34.0,2500
2012-10-22 00:00:00,34.6,34.6,34.0,34.0,1000
2012-10-19 00:00:00,35.0,35.0,34.6,34.6,2100
2012-10-18 00:00:00,35.0,35.0,35.0,35.0,300
2012-10-17 00:00:00,37.0,37.0,35.8,35.8,1320
2012-10-16 00:00:00,35.0,36.1,34.8,36.1,3090
2012-10-15 00:00:00,35.0,35.0,35.0,35.0,2585
2012-10-12 00:00:00,35.7,36.0,35.5,35.5,3710
2012-10-11 00:00:00,36.0,36.4,35.0,36.4,6155
2012-10-10 00:00:00,36.5,36.5,35.7,35.7,1000
2012-10-09 00:00:00,37.0,37.0,35.1,36.2,4680
2012-10-08 00:00:00,37.4,37.9,37.2,37.2,2095
2012-10-05 00:00:00,37.5,37.9,37.0,37.0,5915
2012-10-04 00:00:00,38.5,38.5,37.8,38.3,2510
2012-10-03 00:00:00,37.0,38.5,36.9,38.5,19761
2012-10-02 00:00:00,35.5,38.0,35.5,36.9,14542
2012-10-01 00:00:00,33.9,35.5,33.9,35.1,11954
2012-09-28 00:00:00,34.2,34.2,33.6,33.6,2150
2012-09-27 00:00:00,34.0,34.2,33.3,34.2,2288
2012-09-26 00:00:00,33.5,34.1,33.2,34.0,2042
2012-09-25 00:00:00,33.5,34.0,32.5,33.5,27223
2012-09-24 00:00:00,33.0,34.3,33.0,33.5,6691
2012-09-21 00:00:00,32.5,32.5,32.0,32.0,5940
2012-09-20 00:00:00,32.0,32.1,31.8,32.1,6539
2012-09-19 00:00:00,29.2,33.3,29.2,32.2,23992
2012-09-18 00:00:00,28.3,29.0,28.3,29.0,1510
2012-09-17 00:00:00,29.0,29.6,28.7,28.7,215
2012-09-14 00:00:00,29.4,29.4,29.0,29.0,495
2012-09-13 00:00:00,28.4,29.4,28.4,29.4,5758
2012-09-12 00:00:00,28.5,28.5,28.0,28.0,2940
2012-09-11 00:00:00,,28.5,28.5,28.5,0
2012-09-10 00:00:00,28.4,28.5,28.0,28.5,1610
