Dates,Open,High,Low,Close,Volume
2017-09-08 00:00:00,1.87,1.91,1.84,1.91,60491
2017-09-07 00:00:00,1.9,1.9,1.87,1.88,68840
2017-09-06 00:00:00,1.83,1.89,1.83,1.87,103124
2017-09-04 00:00:00,1.84,1.91,1.84,1.87,68599
2017-09-01 00:00:00,1.86,1.9,1.84,1.9,94916
2017-08-31 00:00:00,1.88,1.9,1.83,1.85,185917
2017-08-30 00:00:00,1.88,1.88,1.83,1.88,118171
2017-08-29 00:00:00,1.89,1.9,1.86,1.88,25284
2017-08-28 00:00:00,1.88,1.9,1.86,1.89,83299
2017-08-25 00:00:00,1.87,1.91,1.86,1.87,63275
2017-08-24 00:00:00,1.89,1.89,1.87,1.87,49509
2017-08-23 00:00:00,1.92,1.93,1.87,1.89,152407
2017-08-22 00:00:00,1.93,1.93,1.89,1.91,107535
2017-08-21 00:00:00,1.93,1.93,1.89,1.93,70929
2017-08-18 00:00:00,1.93,1.93,1.9,1.93,51876
2017-08-17 00:00:00,1.91,1.94,1.89,1.93,89359
2017-08-16 00:00:00,1.96,1.96,1.9,1.92,109213
2017-08-15 00:00:00,1.95,1.95,1.91,1.95,28348
2017-08-14 00:00:00,1.9,1.96,1.9,1.93,114863
2017-08-11 00:00:00,1.95,1.98,1.91,1.93,174248
2017-08-10 00:00:00,1.98,1.98,1.93,1.95,134197
2017-08-09 00:00:00,1.98,1.98,1.92,1.97,126239
2017-08-08 00:00:00,2.02,2.07,1.9,1.98,503907
2017-08-07 00:00:00,1.96,2.3,1.95,2.0,1757526
2017-08-04 00:00:00,2.0,2.0,1.96,2.0,103794
2017-08-03 00:00:00,1.98,2.0,1.96,1.98,82510
2017-08-02 00:00:00,2.0,2.0,1.95,1.98,86220
2017-08-01 00:00:00,1.99,2.0,1.95,2.0,83610
2017-07-31 00:00:00,1.94,1.99,1.94,1.99,107788
2017-07-28 00:00:00,1.96,2.0,1.96,1.96,234496
2017-07-27 00:00:00,1.99,1.99,1.96,1.97,71573
2017-07-26 00:00:00,1.98,2.0,1.95,1.99,177772
2017-07-25 00:00:00,1.95,1.98,1.94,1.98,87225
2017-07-24 00:00:00,1.98,1.99,1.94,1.96,99774
2017-07-21 00:00:00,1.99,1.99,1.93,1.98,253455
2017-07-20 00:00:00,1.97,1.99,1.95,1.97,72450
2017-07-19 00:00:00,1.94,1.98,1.94,1.97,57405
2017-07-18 00:00:00,1.96,1.99,1.9,1.94,109977
2017-07-17 00:00:00,2.0,2.0,1.92,1.96,210429
2017-07-14 00:00:00,1.99,2.0,1.95,2.0,168899
2017-07-13 00:00:00,1.88,2.0,1.88,1.99,400088
2017-07-12 00:00:00,1.85,1.89,1.84,1.88,200937
2017-07-11 00:00:00,1.85,1.88,1.82,1.83,162940
2017-07-10 00:00:00,1.81,1.86,1.81,1.84,73254
2017-07-07 00:00:00,1.85,1.88,1.81,1.83,64704
2017-07-06 00:00:00,1.86,1.88,1.83,1.85,73593
2017-07-05 00:00:00,1.87,1.88,1.84,1.87,87359
2017-07-04 00:00:00,1.9,1.9,1.84,1.88,187351
2017-07-03 00:00:00,1.88,1.9,1.86,1.9,44057
2017-06-30 00:00:00,1.89,1.93,1.83,1.88,214713
2017-06-29 00:00:00,1.89,1.89,1.85,1.89,167066
2017-06-28 00:00:00,1.89,1.89,1.85,1.86,121589
2017-06-27 00:00:00,1.88,1.91,1.86,1.89,141278
2017-06-26 00:00:00,1.92,1.92,1.88,1.9,181971
2017-06-23 00:00:00,,1.92,1.92,1.92,0
2017-06-22 00:00:00,1.95,1.95,1.88,1.92,231940
2017-06-21 00:00:00,1.93,1.95,1.91,1.93,163148
2017-06-20 00:00:00,1.93,1.93,1.91,1.92,56700
2017-06-19 00:00:00,1.91,1.94,1.87,1.91,327691
2017-06-16 00:00:00,1.93,1.97,1.92,1.95,114825
2017-06-15 00:00:00,1.97,1.97,1.92,1.93,92971
2017-06-14 00:00:00,1.95,1.97,1.9,1.97,133114
2017-06-13 00:00:00,1.97,1.98,1.93,1.95,112488
2017-06-12 00:00:00,1.94,1.97,1.93,1.97,288865
2017-06-09 00:00:00,1.91,1.98,1.91,1.95,131604
2017-06-08 00:00:00,2.0,2.0,1.92,1.97,107713
2017-06-07 00:00:00,1.99,2.0,1.98,2.0,68524
2017-06-06 00:00:00,,1.99,1.99,1.99,0
2017-06-05 00:00:00,2.02,2.02,1.96,1.99,64902
2017-06-02 00:00:00,2.0,2.0,1.94,1.98,135065
2017-06-01 00:00:00,1.98,1.99,1.95,1.97,61918
2017-05-31 00:00:00,1.95,1.99,1.93,1.98,87208
2017-05-30 00:00:00,2.0,2.0,1.94,1.95,151424
2017-05-29 00:00:00,1.99,2.0,1.96,1.99,237910
2017-05-26 00:00:00,2.0,2.0,1.97,1.99,98536
2017-05-24 00:00:00,2.0,2.0,1.97,1.99,209147
2017-05-23 00:00:00,1.98,2.0,1.98,1.99,142903
2017-05-22 00:00:00,2.0,2.0,1.98,2.0,100792
2017-05-19 00:00:00,2.0,2.04,1.96,2.0,159504
2017-05-18 00:00:00,2.02,2.04,2.0,2.0,123088
2017-05-17 00:00:00,2.05,2.06,2.0,2.02,193315
2017-05-16 00:00:00,2.09,2.1,2.02,2.05,254861
2017-05-15 00:00:00,2.09,2.1,2.06,2.09,154904
2017-05-12 00:00:00,2.07,2.09,2.09,2.09,94502
2017-05-11 00:00:00,2.09,2.09,2.04,2.07,136114
2017-05-10 00:00:00,2.1,2.12,2.07,2.1,152114
2017-05-09 00:00:00,2.13,2.13,2.04,2.07,167461
2017-05-08 00:00:00,2.06,2.1,2.06,2.07,104468
2017-05-05 00:00:00,2.08,2.09,2.06,2.06,150117
2017-05-04 00:00:00,2.11,2.14,2.06,2.08,126024
2017-05-03 00:00:00,2.11,2.14,2.06,2.11,161016
2017-05-02 00:00:00,2.1,2.16,2.03,2.11,375755
2017-05-01 00:00:00,,2.07,2.07,2.07,0
2017-04-28 00:00:00,2.02,2.11,2.02,2.07,239818
2017-04-27 00:00:00,2.11,2.11,2.05,2.08,247602
2017-04-26 00:00:00,2.09,2.13,2.05,2.12,129816
2017-04-25 00:00:00,2.05,2.1,2.04,2.1,198077
2017-04-24 00:00:00,2.16,2.18,2.09,2.09,196019
2017-04-21 00:00:00,2.12,2.15,2.1,2.14,101359
2017-04-20 00:00:00,2.19,2.2,2.11,2.12,88728
2017-04-19 00:00:00,2.13,2.17,2.12,2.17,47571
2017-04-18 00:00:00,2.11,2.16,2.11,2.13,230600
2017-04-13 00:00:00,2.1,2.13,2.06,2.11,33828
2017-04-12 00:00:00,2.15,2.17,2.09,2.13,194954
2017-04-11 00:00:00,2.11,2.16,2.09,2.15,249451
2017-04-10 00:00:00,2.2,2.2,2.11,2.13,89449
2017-04-07 00:00:00,2.16,2.19,2.13,2.16,266538
2017-04-06 00:00:00,2.16,2.19,2.14,2.15,78669
2017-04-05 00:00:00,2.17,2.19,2.15,2.16,200526
2017-04-04 00:00:00,2.17,2.19,2.16,2.17,131805
2017-04-03 00:00:00,2.2,2.22,2.18,2.19,129756
2017-03-31 00:00:00,2.2,2.22,2.18,2.2,37445
2017-03-30 00:00:00,2.21,2.23,2.18,2.19,83525
2017-03-29 00:00:00,2.19,2.21,2.15,2.21,1135281
2017-03-28 00:00:00,2.2,2.2,2.17,2.19,56689
2017-03-27 00:00:00,2.23,2.23,2.18,2.18,63334
2017-03-24 00:00:00,2.23,2.26,2.2,2.23,145512
2017-03-23 00:00:00,2.16,2.25,2.15,2.23,181861
2017-03-22 00:00:00,2.2,2.2,2.16,2.17,109974
2017-03-21 00:00:00,2.23,2.24,2.16,2.21,274898
2017-03-20 00:00:00,2.25,2.25,2.19,2.23,176263
2017-03-17 00:00:00,2.2,2.25,2.15,2.22,223551
2017-03-16 00:00:00,2.26,2.31,2.2,2.2,358229
2017-03-15 00:00:00,2.24,2.35,2.24,2.26,207013
2017-03-14 00:00:00,2.37,2.37,2.2,2.24,533602
2017-03-13 00:00:00,2.4,2.45,2.3,2.37,776019
2017-03-10 00:00:00,2.39,2.35,2.35,2.35,766888
2017-03-09 00:00:00,2.25,2.45,2.25,2.38,1563797
2017-03-08 00:00:00,2.07,2.3,2.04,2.19,953757
2017-03-07 00:00:00,2.06,2.08,2.03,2.05,76941
2017-03-06 00:00:00,2.08,2.17,2.06,2.08,73006
2017-03-03 00:00:00,2.11,2.08,2.08,2.08,85135
2017-03-02 00:00:00,2.13,2.15,2.11,2.11,99540
2017-03-01 00:00:00,2.15,2.15,2.11,2.13,114473
2017-02-28 00:00:00,2.1,2.2,2.1,2.12,96224
2017-02-27 00:00:00,2.2,2.22,2.15,2.17,79822
2017-02-24 00:00:00,2.18,2.22,2.18,2.2,83930
2017-02-23 00:00:00,2.23,2.24,2.16,2.19,258906
2017-02-22 00:00:00,2.27,2.27,2.19,2.23,160377
2017-02-21 00:00:00,2.26,2.28,2.18,2.26,333874
2017-02-20 00:00:00,2.19,2.24,2.19,2.24,264261
2017-02-17 00:00:00,2.18,2.21,2.15,2.19,220207
2017-02-16 00:00:00,2.24,2.24,2.17,2.18,136806
2017-02-15 00:00:00,2.22,2.24,2.21,2.22,197256
2017-02-14 00:00:00,2.18,2.2,2.12,2.2,103051
2017-02-13 00:00:00,2.2,2.22,2.15,2.17,234261
2017-02-10 00:00:00,2.25,2.25,2.16,2.16,199317
2017-02-09 00:00:00,2.21,2.26,2.2,2.2,126769
2017-02-08 00:00:00,2.27,2.29,2.2,2.2,238143
2017-02-07 00:00:00,2.25,2.27,2.19,2.24,134462
2017-02-06 00:00:00,2.29,2.29,2.2,2.25,153741
2017-02-03 00:00:00,2.3,2.3,2.16,2.2,252718
2017-02-02 00:00:00,2.28,2.3,2.24,2.3,608489
2017-02-01 00:00:00,2.08,2.3,2.08,2.24,1014738
2017-01-31 00:00:00,2.1,2.12,2.05,2.08,381930
2017-01-30 00:00:00,1.98,2.06,1.98,2.06,514559
2017-01-27 00:00:00,1.95,1.99,1.95,1.98,121466
2017-01-26 00:00:00,1.97,1.98,1.93,1.96,73577
2017-01-25 00:00:00,1.96,1.97,1.93,1.97,204667
2017-01-24 00:00:00,1.98,1.98,1.93,1.96,100120
2017-01-23 00:00:00,2.0,2.0,1.94,1.96,178276
2017-01-20 00:00:00,2.0,2.0,1.96,2.0,172881
2017-01-19 00:00:00,1.97,2.0,1.95,2.0,110655
2017-01-18 00:00:00,1.95,1.98,1.92,1.97,219581
2017-01-17 00:00:00,2.0,2.0,1.96,1.97,175996
2017-01-16 00:00:00,2.0,2.02,1.97,2.0,156984
2017-01-13 00:00:00,2.05,2.05,2.01,2.03,179848
2017-01-12 00:00:00,2.06,2.06,1.99,2.05,86477
2017-01-11 00:00:00,2.07,2.07,2.04,2.07,43808
2017-01-10 00:00:00,2.07,2.07,2.02,2.07,157298
2017-01-09 00:00:00,2.07,2.09,2.0,2.05,177806
2017-01-06 00:00:00,,2.06,2.06,2.06,0
2017-01-05 00:00:00,2.02,2.06,2.02,2.06,49722
2017-01-04 00:00:00,2.04,2.04,2.02,2.02,205926
2017-01-03 00:00:00,2.0,2.03,1.97,2.01,143829
2017-01-02 00:00:00,1.95,2.0,1.93,1.97,185483
2016-12-30 00:00:00,1.97,2.0,1.92,1.97,611293
2016-12-29 00:00:00,1.95,1.98,1.93,1.95,483665
2016-12-28 00:00:00,1.94,1.98,1.93,1.95,352523
2016-12-27 00:00:00,2.0,2.03,1.93,1.98,391969
2016-12-23 00:00:00,2.03,2.04,1.99,2.0,319072
2016-12-22 00:00:00,2.05,2.05,2.01,2.03,89600
2016-12-21 00:00:00,2.06,2.06,2.01,2.01,175842
2016-12-20 00:00:00,2.05,2.05,2.01,2.02,88325
2016-12-19 00:00:00,2.05,2.1,2.02,2.05,310435
2016-12-16 00:00:00,2.06,2.07,2.02,2.05,187836
2016-12-15 00:00:00,2.07,2.07,2.02,2.06,205330
2016-12-14 00:00:00,2.04,2.04,2.01,2.02,124409
2016-12-13 00:00:00,2.05,2.06,1.97,2.04,321382
2016-12-12 00:00:00,1.99,2.06,1.99,2.05,397684
2016-12-09 00:00:00,1.9,1.99,1.89,1.96,237049
2016-12-08 00:00:00,1.86,1.92,1.84,1.89,545714
2016-12-07 00:00:00,1.92,1.92,1.84,1.86,1136508
2016-12-06 00:00:00,2.01,2.02,1.9,1.92,697978
2016-12-05 00:00:00,2.1,2.1,2.0,2.03,319832
2016-12-02 00:00:00,2.08,2.12,2.0,2.1,280240
2016-12-01 00:00:00,2.12,2.14,2.04,2.08,123683
2016-11-30 00:00:00,2.16,2.16,2.0,2.11,920736
2016-11-29 00:00:00,2.18,2.25,2.15,2.19,403923
2016-11-28 00:00:00,2.3,2.34,2.19,2.25,357019
2016-11-25 00:00:00,2.35,2.36,2.32,2.35,419445
2016-11-24 00:00:00,2.38,2.38,2.32,2.35,134104
2016-11-23 00:00:00,2.38,2.38,2.32,2.35,619404
2016-11-22 00:00:00,2.32,2.38,2.31,2.36,450121
2016-11-21 00:00:00,2.29,2.31,2.24,2.3,585808
2016-11-18 00:00:00,2.24,2.29,2.21,2.21,366064
2016-11-17 00:00:00,2.2,2.3,2.2,2.24,311121
2016-11-16 00:00:00,2.22,2.22,2.17,2.17,250577
2016-11-15 00:00:00,2.27,2.3,2.19,2.22,237805
2016-11-14 00:00:00,2.3,2.38,2.18,2.27,704716
2016-11-11 00:00:00,2.21,2.21,2.12,2.13,358479
2016-11-10 00:00:00,2.23,2.23,2.0,2.21,1355681
2016-11-09 00:00:00,2.25,2.4,2.18,2.35,512998
2016-11-08 00:00:00,2.35,2.38,2.33,2.34,326852
2016-11-07 00:00:00,2.36,2.38,2.32,2.35,230148
2016-11-04 00:00:00,2.4,2.4,2.34,2.34,232995
2016-11-03 00:00:00,2.4,2.42,2.39,2.41,151097
2016-11-02 00:00:00,2.41,2.42,2.36,2.38,147786
2016-11-01 00:00:00,2.4,2.42,2.37,2.4,422133
2016-10-31 00:00:00,2.35,2.39,2.35,2.35,209098
2016-10-28 00:00:00,2.34,2.36,2.31,2.36,144927
2016-10-27 00:00:00,2.36,2.37,2.3,2.34,203131
2016-10-26 00:00:00,2.31,2.36,2.28,2.33,279328
2016-10-25 00:00:00,2.34,2.34,2.28,2.31,279454
2016-10-24 00:00:00,2.31,2.4,2.3,2.34,453975
2016-10-21 00:00:00,2.29,2.31,2.21,2.31,191033
2016-10-20 00:00:00,2.24,2.3,2.24,2.3,940634
2016-10-19 00:00:00,2.23,2.28,2.23,2.24,225810
2016-10-18 00:00:00,2.28,2.28,2.22,2.26,205658
2016-10-17 00:00:00,2.29,2.29,2.25,2.27,183832
2016-10-14 00:00:00,2.29,2.29,2.24,2.27,284932
2016-10-13 00:00:00,2.28,2.28,2.22,2.23,360068
2016-10-12 00:00:00,2.25,2.28,2.25,2.27,91899
2016-10-11 00:00:00,2.29,2.3,2.25,2.27,245619
2016-10-10 00:00:00,2.32,2.32,2.27,2.29,170633
2016-10-07 00:00:00,2.27,2.31,2.26,2.3,478776
2016-10-06 00:00:00,2.25,2.27,2.16,2.25,531415
2016-10-05 00:00:00,2.2,2.23,2.17,2.18,253836
2016-10-04 00:00:00,2.17,2.2,2.16,2.19,234059
2016-10-03 00:00:00,2.18,2.2,2.15,2.17,423395
2016-09-30 00:00:00,2.25,2.25,2.2,2.2,308793
2016-09-29 00:00:00,2.23,2.25,2.22,2.25,299600
2016-09-28 00:00:00,2.26,2.28,2.21,2.22,1598936
2016-09-27 00:00:00,2.31,2.34,2.26,2.29,193012
2016-09-26 00:00:00,2.3,2.34,2.27,2.29,471360
2016-09-23 00:00:00,2.3,2.32,2.27,2.32,410444
2016-09-22 00:00:00,2.28,2.32,2.26,2.3,185864
2016-09-21 00:00:00,2.34,2.34,2.27,2.29,257112
2016-09-20 00:00:00,2.35,2.35,2.3,2.34,246923
2016-09-19 00:00:00,2.36,2.37,2.3,2.35,444050
2016-09-16 00:00:00,2.37,2.42,2.32,2.36,388960
2016-09-15 00:00:00,2.39,2.4,2.36,2.37,175738
2016-09-14 00:00:00,2.38,2.4,2.36,2.37,121506
2016-09-13 00:00:00,2.37,2.45,2.35,2.36,878997
2016-09-12 00:00:00,2.35,2.39,2.35,2.36,180160
2016-09-09 00:00:00,2.38,2.42,2.37,2.4,363683
2016-09-08 00:00:00,2.41,2.43,2.37,2.38,188132
2016-09-07 00:00:00,2.4,2.44,2.39,2.41,285250
2016-09-06 00:00:00,2.43,2.48,2.4,2.4,1023438
2016-09-05 00:00:00,2.28,2.42,2.28,2.42,692753
2016-09-02 00:00:00,2.27,2.29,2.24,2.26,221146
2016-09-01 00:00:00,2.29,2.32,2.25,2.27,291333
2016-08-31 00:00:00,2.3,2.37,2.28,2.28,630050
2016-08-30 00:00:00,2.36,2.37,2.27,2.29,931856
2016-08-29 00:00:00,2.5,2.5,2.38,2.38,627610
2016-08-26 00:00:00,2.49,2.5,2.46,2.5,570558
2016-08-25 00:00:00,2.41,2.48,2.4,2.46,675477
2016-08-24 00:00:00,2.43,2.44,2.39,2.39,775871
2016-08-23 00:00:00,2.35,2.42,2.34,2.42,589890
2016-08-22 00:00:00,2.3,2.37,2.28,2.34,369817
2016-08-19 00:00:00,2.3,2.33,2.26,2.27,412879
2016-08-18 00:00:00,2.29,2.34,2.28,2.31,727550
2016-08-17 00:00:00,2.26,2.39,2.26,2.28,732274
2016-08-16 00:00:00,2.35,2.44,2.26,2.29,1934381
2016-08-15 00:00:00,2.5,2.56,2.31,2.38,4490079
2016-08-12 00:00:00,2.65,2.65,2.42,2.5,4313572
2016-08-11 00:00:00,2.45,2.88,2.44,2.63,11971251
2016-08-10 00:00:00,2.01,2.36,2.01,2.2,2331292
2016-08-09 00:00:00,2.06,2.07,2.0,2.01,351713
2016-08-08 00:00:00,2.06,2.06,2.0,2.05,68752
2016-08-05 00:00:00,2.0,2.03,1.97,2.0,74341
2016-08-04 00:00:00,2.05,2.05,2.0,2.02,48642
2016-08-03 00:00:00,2.06,2.06,1.98,2.05,110937
2016-08-02 00:00:00,2.04,2.05,2.01,2.05,67973
2016-08-01 00:00:00,2.02,2.05,2.02,2.04,107568
2016-07-29 00:00:00,2.0,2.04,2.0,2.03,57353
2016-07-28 00:00:00,2.05,2.05,2.01,2.03,72462
2016-07-27 00:00:00,2.03,2.05,2.03,2.04,89014
2016-07-26 00:00:00,2.01,2.04,2.0,2.03,226582
2016-07-25 00:00:00,1.99,2.01,1.98,2.01,197910
2016-07-22 00:00:00,1.99,1.99,1.94,1.98,121926
2016-07-21 00:00:00,2.02,2.02,1.96,1.98,272103
2016-07-20 00:00:00,2.0,2.0,1.97,1.99,110657
2016-07-19 00:00:00,1.99,2.02,1.98,1.99,105693
2016-07-18 00:00:00,2.0,2.02,1.93,1.98,212665
2016-07-15 00:00:00,2.04,2.08,2.0,2.0,239147
2016-07-14 00:00:00,2.06,2.1,2.0,2.03,290369
2016-07-13 00:00:00,2.06,2.09,2.04,2.08,471477
2016-07-12 00:00:00,2.03,2.07,2.02,2.05,389460
2016-07-11 00:00:00,2.05,2.1,1.92,2.02,1864524
2016-07-08 00:00:00,1.81,1.83,1.76,1.79,81608
2016-07-07 00:00:00,1.8,1.82,1.77,1.8,33745
2016-07-06 00:00:00,1.8,1.82,1.73,1.8,74287
2016-07-05 00:00:00,1.8,1.83,1.77,1.8,100010
2016-07-04 00:00:00,1.8,1.82,1.78,1.8,45331
2016-07-01 00:00:00,1.82,1.85,1.75,1.82,223115
2016-06-30 00:00:00,1.83,1.83,1.75,1.82,169443
2016-06-29 00:00:00,1.8,1.8,1.77,1.78,47219
2016-06-28 00:00:00,1.72,1.77,1.69,1.77,101888
2016-06-27 00:00:00,1.7,1.74,1.66,1.67,321799
2016-06-24 00:00:00,,1.76,1.76,1.76,0
2016-06-23 00:00:00,1.82,1.82,1.76,1.76,149409
2016-06-22 00:00:00,1.74,1.82,1.74,1.8,409305
2016-06-21 00:00:00,1.81,1.81,1.74,1.76,179469
2016-06-20 00:00:00,1.8,1.82,1.75,1.81,198588
2016-06-17 00:00:00,1.71,1.81,1.71,1.77,348091
2016-06-16 00:00:00,1.63,1.74,1.61,1.66,301727
2016-06-15 00:00:00,1.64,1.67,1.61,1.64,188803
2016-06-14 00:00:00,1.66,1.69,1.6,1.64,135892
2016-06-13 00:00:00,1.69,1.69,1.65,1.69,50620
2016-06-10 00:00:00,1.75,1.77,1.65,1.69,257675
2016-06-09 00:00:00,1.7,1.77,1.7,1.72,303514
2016-06-08 00:00:00,1.72,1.72,1.66,1.7,198998
2016-06-07 00:00:00,1.66,1.69,1.62,1.65,219481
2016-06-06 00:00:00,,1.64,1.64,1.64,0
2016-06-03 00:00:00,1.7,1.7,1.64,1.64,498669
2016-06-02 00:00:00,1.7,1.74,1.67,1.67,582591
2016-06-01 00:00:00,1.75,1.75,1.69,1.7,658468
2016-05-31 00:00:00,1.8,1.88,1.72,1.72,1906201
2016-05-30 00:00:00,1.89,1.89,1.8,1.8,187394
2016-05-27 00:00:00,1.87,1.89,1.83,1.86,106322
2016-05-26 00:00:00,1.87,1.94,1.82,1.82,166253
2016-05-25 00:00:00,1.84,1.87,1.82,1.85,110667
2016-05-24 00:00:00,1.85,1.87,1.79,1.81,109964
2016-05-23 00:00:00,1.88,1.88,1.81,1.82,178324
2016-05-20 00:00:00,1.89,1.97,1.77,1.81,681464
2016-05-19 00:00:00,1.75,1.96,1.75,1.89,849558
2016-05-18 00:00:00,1.8,1.8,1.75,1.75,129328
2016-05-17 00:00:00,1.81,1.83,1.75,1.77,286526
2016-05-16 00:00:00,1.81,1.86,1.8,1.83,199111
2016-05-13 00:00:00,1.74,1.82,1.74,1.8,224113
2016-05-12 00:00:00,1.88,1.88,1.68,1.74,1223146
2016-05-11 00:00:00,1.91,1.91,1.87,1.89,208883
2016-05-10 00:00:00,1.87,1.92,1.87,1.9,225225
2016-05-09 00:00:00,1.91,1.93,1.89,1.89,132050
2016-05-06 00:00:00,1.88,1.92,1.88,1.91,171647
2016-05-05 00:00:00,1.96,1.96,1.85,1.87,155985
2016-05-04 00:00:00,1.96,1.96,1.85,1.87,155985
2016-05-03 00:00:00,1.97,1.98,1.92,1.92,182737
2016-05-02 00:00:00,1.96,1.97,1.95,1.95,88159
2016-04-29 00:00:00,1.95,1.99,1.93,1.95,82657
2016-04-28 00:00:00,2.0,2.02,1.92,1.95,117509
2016-04-27 00:00:00,1.94,1.99,1.9,1.99,313669
2016-04-26 00:00:00,1.88,1.92,1.86,1.9,126344
2016-04-25 00:00:00,1.9,1.92,1.87,1.89,117557
2016-04-22 00:00:00,1.92,1.93,1.89,1.92,143382
2016-04-21 00:00:00,1.93,1.95,1.91,1.93,103323
2016-04-20 00:00:00,1.9,1.96,1.9,1.93,223832
2016-04-19 00:00:00,1.92,1.98,1.92,1.96,131478
2016-04-18 00:00:00,1.99,1.99,1.95,1.98,165578
2016-04-15 00:00:00,2.0,2.0,1.97,2.0,134950
2016-04-14 00:00:00,1.97,2.0,1.96,2.0,196090
2016-04-13 00:00:00,1.95,1.98,1.92,1.97,158124
2016-04-12 00:00:00,1.99,2.0,1.95,1.96,113804
2016-04-11 00:00:00,1.99,1.99,1.96,1.99,51087
2016-04-08 00:00:00,1.92,1.99,1.9,1.99,72648
2016-04-07 00:00:00,1.98,1.98,1.93,1.93,122224
2016-04-06 00:00:00,2.02,2.02,1.95,1.99,238364
2016-04-05 00:00:00,2.05,2.05,2.0,2.02,102187
2016-04-04 00:00:00,2.03,2.03,2.0,2.03,178341
2016-04-01 00:00:00,2.03,2.06,2.0,2.03,40132
2016-03-31 00:00:00,2.05,2.06,2.0,2.03,144103
2016-03-30 00:00:00,2.08,2.08,2.0,2.05,82029
2016-03-29 00:00:00,2.03,2.08,2.0,2.08,109469
2016-03-28 00:00:00,2.07,2.07,2.04,2.04,43578
2016-03-25 00:00:00,2.07,2.07,2.0,2.04,43578
2016-03-24 00:00:00,2.07,2.07,2.0,2.04,43578
2016-03-23 00:00:00,2.04,2.08,2.01,2.06,160402
2016-03-22 00:00:00,2.02,2.06,2.0,2.04,148023
2016-03-21 00:00:00,2.08,2.1,2.0,2.06,197350
2016-03-18 00:00:00,1.98,2.12,1.98,2.08,660886
2016-03-17 00:00:00,1.95,1.97,1.94,1.97,377340
2016-03-16 00:00:00,1.93,1.95,1.9,1.94,276551
2016-03-15 00:00:00,1.94,1.94,1.9,1.93,170430
2016-03-14 00:00:00,1.95,1.95,1.9,1.92,76573
2016-03-11 00:00:00,1.92,1.99,1.88,1.89,280267
2016-03-10 00:00:00,1.9,1.92,1.87,1.88,235255
2016-03-09 00:00:00,1.85,1.89,1.85,1.89,101106
2016-03-08 00:00:00,1.86,1.88,1.85,1.85,180384
2016-03-07 00:00:00,1.83,1.86,1.83,1.86,131674
2016-03-04 00:00:00,1.83,1.89,1.8,1.83,368473
2016-03-03 00:00:00,1.86,1.9,1.85,1.85,123364
2016-03-02 00:00:00,1.9,1.9,1.84,1.85,350765
2016-03-01 00:00:00,1.82,1.86,1.82,1.85,86909
2016-02-29 00:00:00,1.85,1.85,1.8,1.83,264442
2016-02-26 00:00:00,1.86,1.87,1.82,1.87,122619
2016-02-25 00:00:00,1.9,1.9,1.81,1.86,196935
2016-02-24 00:00:00,1.87,1.89,1.83,1.89,189619
2016-02-23 00:00:00,1.91,1.93,1.85,1.86,337216
2016-02-22 00:00:00,1.95,1.98,1.91,1.94,180664
2016-02-19 00:00:00,1.96,1.99,1.93,1.95,99494
2016-02-18 00:00:00,1.98,1.99,1.95,1.96,49149
2016-02-17 00:00:00,1.98,1.99,1.92,1.98,67692
2016-02-16 00:00:00,1.96,2.0,1.96,1.96,82974
2016-02-15 00:00:00,1.92,1.96,1.92,1.96,139869
2016-02-12 00:00:00,1.92,1.92,1.88,1.91,186427
2016-02-11 00:00:00,1.92,1.92,1.86,1.88,101072
2016-02-10 00:00:00,1.92,1.92,1.82,1.92,98465
2016-02-09 00:00:00,1.9,1.92,1.88,1.92,117507
2016-02-08 00:00:00,2.0,2.0,1.93,1.93,142005
2016-02-05 00:00:00,2.0,2.02,1.96,2.0,194890
2016-02-04 00:00:00,1.96,2.0,1.95,2.0,140512
2016-02-03 00:00:00,2.0,2.02,1.95,1.96,60540
2016-02-02 00:00:00,2.0,2.02,1.95,2.0,78919
2016-02-01 00:00:00,2.03,2.05,2.0,2.01,103552
2016-01-29 00:00:00,2.0,2.03,1.96,2.03,387637
2016-01-28 00:00:00,1.99,2.07,1.98,2.0,254848
2016-01-27 00:00:00,2.02,2.02,1.97,1.99,73646
2016-01-26 00:00:00,2.02,2.02,1.97,2.02,151729
2016-01-25 00:00:00,2.04,2.04,1.96,1.97,118889
2016-01-22 00:00:00,2.0,2.05,1.95,2.01,167594
2016-01-21 00:00:00,1.94,2.06,1.86,2.0,498751
2016-01-20 00:00:00,1.96,1.96,1.81,1.87,157846
2016-01-19 00:00:00,1.87,1.96,1.86,1.96,131012
2016-01-18 00:00:00,1.85,1.96,1.8,1.86,259752
2016-01-15 00:00:00,1.96,1.96,1.8,1.82,340254
2016-01-14 00:00:00,1.98,1.98,1.88,1.9,289642
2016-01-13 00:00:00,2.02,2.02,1.96,2.0,113344
2016-01-12 00:00:00,2.0,2.02,1.9,2.02,943157
2016-01-11 00:00:00,2.04,2.04,1.95,2.0,245334
2016-01-08 00:00:00,2.08,2.08,2.01,2.04,139745
2016-01-07 00:00:00,2.0,2.01,1.9,2.01,457954
2016-01-06 00:00:00,,2.02,2.02,2.02,0
2016-01-05 00:00:00,2.09,2.09,2.0,2.02,19862
2016-01-04 00:00:00,2.09,2.09,1.99,2.09,209195
2016-01-01 00:00:00,,2.09,2.09,2.09,0
2015-12-31 00:00:00,,2.09,2.09,2.09,0
2015-12-30 00:00:00,2.01,2.09,1.99,2.09,1065562
2015-12-29 00:00:00,2.05,2.08,2.03,2.04,337084
2015-12-28 00:00:00,2.0,2.07,1.99,2.05,584635
2015-12-25 00:00:00,1.97,1.99,1.95,1.99,273945
2015-12-24 00:00:00,1.97,1.99,1.95,1.99,273945
2015-12-23 00:00:00,1.97,1.99,1.95,1.99,273945
2015-12-22 00:00:00,2.0,2.02,1.93,1.98,407275
2015-12-21 00:00:00,2.1,2.14,1.95,2.02,901901
2015-12-18 00:00:00,2.08,2.14,2.05,2.1,250318
2015-12-17 00:00:00,2.14,2.14,2.05,2.08,627139
2015-12-16 00:00:00,2.24,2.24,2.08,2.12,371892
2015-12-15 00:00:00,2.23,2.24,2.17,2.17,572932
2015-12-14 00:00:00,2.16,2.25,2.15,2.19,272657
2015-12-11 00:00:00,2.25,2.25,2.1,2.14,291331
2015-12-10 00:00:00,2.17,2.25,2.11,2.25,327733
2015-12-09 00:00:00,2.19,2.2,2.16,2.17,340827
2015-12-08 00:00:00,2.23,2.23,2.17,2.19,353973
2015-12-07 00:00:00,2.2,2.2,2.12,2.2,533063
2015-12-04 00:00:00,2.23,2.23,2.13,2.19,754301
2015-12-03 00:00:00,2.27,2.28,2.17,2.19,1400985
2015-12-02 00:00:00,2.18,2.35,2.11,2.23,2670955
2015-12-01 00:00:00,2.0,2.25,1.95,2.02,1984892
2015-11-30 00:00:00,2.0,2.02,1.96,1.98,241967
2015-11-27 00:00:00,1.94,1.95,1.93,1.95,286044
2015-11-26 00:00:00,1.91,1.95,1.91,1.94,327144
2015-11-25 00:00:00,1.93,1.94,1.88,1.9,122073
2015-11-24 00:00:00,1.93,1.94,1.84,1.93,503415
2015-11-23 00:00:00,1.89,1.93,1.84,1.92,635348
2015-11-20 00:00:00,1.81,1.86,1.76,1.84,356546
2015-11-19 00:00:00,1.86,1.86,1.77,1.82,243965
2015-11-18 00:00:00,1.82,1.85,1.8,1.83,140635
2015-11-17 00:00:00,1.8,1.85,1.79,1.81,282630
2015-11-16 00:00:00,1.8,1.81,1.78,1.8,383853
2015-11-13 00:00:00,1.81,1.84,1.78,1.84,340622
2015-11-12 00:00:00,1.93,1.93,1.81,1.86,894819
2015-11-11 00:00:00,2.05,2.09,1.98,1.99,319287
2015-11-10 00:00:00,2.12,2.13,2.04,2.08,285821
2015-11-09 00:00:00,2.24,2.29,2.13,2.14,615889
2015-11-06 00:00:00,2.23,2.29,2.13,2.29,822048
2015-11-05 00:00:00,2.1,2.25,2.07,2.24,705620
2015-11-04 00:00:00,2.1,2.17,2.04,2.07,897565
2015-11-03 00:00:00,1.97,2.1,1.96,2.04,959903
2015-11-02 00:00:00,1.97,1.99,1.91,1.94,208055
2015-10-30 00:00:00,1.96,2.01,1.91,1.96,177910
2015-10-29 00:00:00,1.9,1.98,1.89,1.9,341251
2015-10-28 00:00:00,2.03,2.03,1.86,1.91,1067804
2015-10-27 00:00:00,2.12,2.15,2.0,2.02,354134
2015-10-26 00:00:00,2.12,2.15,2.05,2.09,381424
2015-10-23 00:00:00,2.05,2.1,2.01,2.1,258939
2015-10-22 00:00:00,2.13,2.15,2.03,2.1,546239
2015-10-21 00:00:00,2.33,2.33,2.0,2.14,1203144
2015-10-20 00:00:00,2.42,2.42,2.24,2.27,555080
2015-10-19 00:00:00,2.41,2.41,2.34,2.4,367282
2015-10-16 00:00:00,2.52,2.57,2.3,2.38,1156336
2015-10-15 00:00:00,2.3,2.6,2.3,2.52,3552259
2015-10-14 00:00:00,1.97,2.25,1.97,2.24,2217718
2015-10-13 00:00:00,1.76,2.12,1.76,1.97,815955
2015-10-12 00:00:00,1.74,1.76,1.74,1.75,235166
2015-10-09 00:00:00,1.73,1.76,1.72,1.74,180934
2015-10-08 00:00:00,1.73,1.75,1.71,1.73,243788
2015-10-07 00:00:00,1.78,1.78,1.73,1.76,93289
2015-10-06 00:00:00,1.75,1.76,1.71,1.75,177626
2015-10-05 00:00:00,1.77,1.77,1.76,1.77,139638
2015-10-02 00:00:00,1.8,1.81,1.75,1.77,235270
2015-10-01 00:00:00,1.73,1.79,1.73,1.77,155085
2015-09-30 00:00:00,1.69,1.75,1.69,1.73,182796
2015-09-29 00:00:00,1.7,1.73,1.68,1.69,212332
2015-09-28 00:00:00,1.72,1.77,1.68,1.68,224065
2015-09-25 00:00:00,1.69,1.76,1.69,1.72,121674
2015-09-24 00:00:00,1.75,1.75,1.7,1.7,206141
2015-09-23 00:00:00,1.84,1.84,1.7,1.73,131638
2015-09-22 00:00:00,1.82,1.82,1.75,1.75,128490
2015-09-21 00:00:00,1.8,1.86,1.7,1.82,443360
2015-09-18 00:00:00,1.83,1.84,1.78,1.81,364705
2015-09-17 00:00:00,1.86,1.86,1.8,1.83,183385
2015-09-16 00:00:00,1.86,1.89,1.84,1.84,116041
2015-09-15 00:00:00,1.85,1.9,1.81,1.86,304703
2015-09-14 00:00:00,1.86,1.9,1.85,1.85,218877
2015-09-11 00:00:00,1.91,1.91,1.81,1.86,341369
2015-09-10 00:00:00,1.9,1.9,1.88,1.88,191163
2015-09-09 00:00:00,1.9,1.91,1.89,1.9,165757
2015-09-08 00:00:00,1.91,1.91,1.87,1.87,267016
2015-09-07 00:00:00,1.87,1.94,1.87,1.92,342790
2015-09-04 00:00:00,1.98,1.98,1.86,1.86,521149
2015-09-03 00:00:00,2.0,2.0,1.92,1.94,219929
2015-09-02 00:00:00,2.0,2.02,1.93,1.94,614110
2015-09-01 00:00:00,2.08,2.08,1.96,1.98,515297
2015-08-31 00:00:00,2.23,2.23,2.01,2.08,1357001
2015-08-28 00:00:00,2.08,2.25,2.08,2.23,679993
2015-08-27 00:00:00,2.0,2.1,1.99,2.08,411839
2015-08-26 00:00:00,2.0,2.01,1.95,1.99,114626
2015-08-25 00:00:00,1.9,2.05,1.86,1.98,899261
2015-08-24 00:00:00,2.02,2.02,1.8,1.99,1379844
2015-08-21 00:00:00,2.01,2.1,2.0,2.03,557654
2015-08-20 00:00:00,2.1,2.13,2.0,2.02,777064
2015-08-19 00:00:00,2.2,2.2,2.09,2.09,338074
2015-08-18 00:00:00,2.12,2.2,2.1,2.14,578574
2015-08-17 00:00:00,2.13,2.14,2.09,2.1,712420
2015-08-14 00:00:00,2.22,2.22,2.1,2.13,1404006
2015-08-13 00:00:00,2.39,2.4,2.19,2.22,1693469
2015-08-12 00:00:00,2.5,2.5,2.11,2.39,3122233
2015-08-11 00:00:00,2.88,2.89,2.66,2.72,946945
2015-08-10 00:00:00,2.79,2.89,2.78,2.78,438418
2015-08-07 00:00:00,2.88,2.89,2.73,2.76,913545
2015-08-06 00:00:00,2.89,2.89,2.8,2.81,486236
2015-08-05 00:00:00,2.97,2.99,2.84,2.86,870984
2015-08-04 00:00:00,2.74,2.82,2.71,2.77,886518
2015-08-03 00:00:00,2.7,2.74,2.69,2.7,143981
2015-07-31 00:00:00,2.68,2.73,2.67,2.68,104381
2015-07-30 00:00:00,2.73,2.74,2.68,2.68,237683
2015-07-29 00:00:00,2.71,2.75,2.66,2.72,487595
2015-07-28 00:00:00,2.71,2.71,2.65,2.7,129067
2015-07-27 00:00:00,2.7,2.72,2.65,2.65,182039
2015-07-24 00:00:00,2.7,2.71,2.7,2.7,72060
2015-07-23 00:00:00,2.69,2.72,2.67,2.69,495021
2015-07-22 00:00:00,2.71,2.72,2.67,2.69,254067
2015-07-21 00:00:00,2.7,2.71,2.67,2.7,128688
2015-07-20 00:00:00,2.7,2.72,2.69,2.71,186596
2015-07-17 00:00:00,2.7,2.7,2.65,2.66,192327
2015-07-16 00:00:00,2.7,2.7,2.66,2.7,139581
2015-07-15 00:00:00,2.66,2.72,2.64,2.65,440870
2015-07-14 00:00:00,2.68,2.7,2.65,2.65,100363
2015-07-13 00:00:00,2.65,2.7,2.62,2.68,313382
2015-07-10 00:00:00,2.65,2.74,2.64,2.65,401069
2015-07-09 00:00:00,2.7,2.72,2.65,2.65,162356
2015-07-08 00:00:00,2.71,2.73,2.67,2.67,188998
2015-07-07 00:00:00,2.68,2.72,2.67,2.71,165437
2015-07-06 00:00:00,2.67,2.71,2.65,2.68,121879
2015-07-03 00:00:00,2.71,2.71,2.66,2.7,91095
2015-07-02 00:00:00,2.71,2.71,2.65,2.7,431618
2015-07-01 00:00:00,2.62,2.7,2.59,2.7,124699
2015-06-30 00:00:00,2.61,2.64,2.56,2.59,341311
2015-06-29 00:00:00,2.64,2.64,2.5,2.64,244430
2015-06-26 00:00:00,2.78,2.78,2.65,2.66,263249
2015-06-25 00:00:00,2.74,2.79,2.69,2.69,136156
2015-06-24 00:00:00,2.75,2.8,2.7,2.74,142365
2015-06-23 00:00:00,2.77,2.8,2.73,2.75,140713
2015-06-22 00:00:00,2.7,2.75,2.63,2.75,258294
2015-06-19 00:00:00,,2.63,2.63,2.63,0
2015-06-18 00:00:00,2.65,2.75,2.61,2.63,169460
2015-06-17 00:00:00,2.61,2.68,2.61,2.65,92889
2015-06-16 00:00:00,2.65,2.67,2.6,2.61,244964
2015-06-15 00:00:00,2.73,2.77,2.61,2.62,179814
2015-06-12 00:00:00,2.8,2.82,2.69,2.73,177269
2015-06-11 00:00:00,2.81,2.84,2.73,2.8,273420
2015-06-10 00:00:00,2.63,2.76,2.63,2.76,233289
2015-06-09 00:00:00,2.72,2.72,2.63,2.63,312536
2015-06-08 00:00:00,2.66,2.73,2.66,2.71,146423
2015-06-05 00:00:00,2.72,2.76,2.66,2.68,203313
2015-06-04 00:00:00,2.79,2.79,2.7,2.7,279943
2015-06-03 00:00:00,2.75,2.83,2.75,2.79,206125
2015-06-02 00:00:00,2.8,2.83,2.65,2.8,642623
2015-06-01 00:00:00,2.94,2.94,2.76,2.76,908411
2015-05-29 00:00:00,2.86,2.94,2.85,2.92,1485447
2015-05-28 00:00:00,2.77,2.85,2.7,2.78,1687330
2015-05-27 00:00:00,2.6,2.88,2.59,2.66,6331218
2015-05-26 00:00:00,2.61,2.65,2.6,2.6,404673
2015-05-25 00:00:00,2.66,2.7,2.61,2.61,341881
2015-05-22 00:00:00,2.67,2.74,2.65,2.65,591228
2015-05-21 00:00:00,2.7,2.75,2.67,2.67,1024777
2015-05-20 00:00:00,2.79,2.82,2.74,2.74,754596
2015-05-19 00:00:00,2.8,2.87,2.78,2.78,529347
2015-05-18 00:00:00,2.84,2.87,2.79,2.8,407389
2015-05-15 00:00:00,2.83,2.87,2.8,2.8,353648
2015-05-14 00:00:00,2.87,2.93,2.85,2.85,151761
2015-05-13 00:00:00,2.87,2.93,2.85,2.85,151761
2015-05-12 00:00:00,2.84,2.89,2.84,2.87,94290
2015-05-11 00:00:00,2.81,2.92,2.8,2.84,262417
2015-05-08 00:00:00,2.82,2.92,2.81,2.85,314628
2015-05-07 00:00:00,2.94,2.94,2.77,2.84,643684
2015-05-06 00:00:00,2.95,2.97,2.92,2.94,238577
2015-05-05 00:00:00,2.96,2.96,2.9,2.95,221151
2015-05-04 00:00:00,2.94,2.94,2.91,2.94,184635
2015-05-01 00:00:00,2.91,2.95,2.87,2.89,154191
2015-04-30 00:00:00,2.91,2.95,2.87,2.89,154191
2015-04-29 00:00:00,2.97,2.97,2.88,2.88,445885
2015-04-28 00:00:00,2.93,2.98,2.93,2.97,278339
2015-04-27 00:00:00,2.98,2.98,2.9,2.93,822472
2015-04-24 00:00:00,2.97,2.98,2.92,2.98,451720
2015-04-23 00:00:00,2.92,2.98,2.9,2.97,1029105
2015-04-22 00:00:00,2.98,3.01,2.92,3.01,475726
2015-04-21 00:00:00,3.0,3.02,2.95,2.98,491567
2015-04-20 00:00:00,3.0,3.05,3.0,3.0,200080
2015-04-17 00:00:00,3.02,3.03,2.98,3.0,269140
2015-04-16 00:00:00,3.0,3.05,3.0,3.02,141398
2015-04-15 00:00:00,3.01,3.05,3.0,3.01,208574
2015-04-14 00:00:00,3.04,3.05,3.01,3.02,245993
2015-04-13 00:00:00,3.1,3.1,3.04,3.05,151418
2015-04-10 00:00:00,3.04,3.06,3.0,3.03,366276
2015-04-09 00:00:00,3.01,3.09,3.01,3.03,630665
2015-04-08 00:00:00,3.12,3.12,3.03,3.08,447002
2015-04-07 00:00:00,3.05,3.09,3.0,3.06,325505
2015-04-02 00:00:00,3.01,3.07,3.01,3.02,66151
2015-04-01 00:00:00,3.05,3.13,3.0,3.01,283155
2015-03-31 00:00:00,3.0,3.06,2.99,3.05,206092
2015-03-30 00:00:00,3.12,3.19,3.0,3.0,595053
2015-03-27 00:00:00,3.18,3.21,3.1,3.14,80570
2015-03-26 00:00:00,3.14,3.17,3.05,3.17,220412
2015-03-25 00:00:00,3.13,3.13,3.06,3.12,345044
2015-03-24 00:00:00,3.2,3.23,3.1,3.14,299498
2015-03-23 00:00:00,3.05,3.18,3.02,3.18,250345
2015-03-20 00:00:00,3.18,3.24,3.01,3.08,539154
2015-03-19 00:00:00,3.3,3.3,2.98,3.15,1232355
2015-03-18 00:00:00,3.34,3.45,3.34,3.37,474654
2015-03-17 00:00:00,3.33,3.38,3.33,3.36,375576
2015-03-16 00:00:00,3.39,3.39,3.33,3.33,225947
2015-03-13 00:00:00,3.35,3.38,3.34,3.37,158942
2015-03-12 00:00:00,3.38,3.4,3.35,3.37,177160
2015-03-11 00:00:00,3.43,3.43,3.33,3.37,226966
2015-03-10 00:00:00,3.39,3.39,3.31,3.31,293774
2015-03-09 00:00:00,3.41,3.48,3.38,3.43,198943
2015-03-06 00:00:00,3.29,3.45,3.29,3.41,657330
2015-03-05 00:00:00,3.27,3.3,3.23,3.3,831053
2015-03-04 00:00:00,3.37,3.38,3.26,3.3,753058
2015-03-03 00:00:00,3.44,3.47,3.35,3.36,659901
2015-03-02 00:00:00,3.49,3.5,3.44,3.44,461901
2015-02-27 00:00:00,3.49,3.5,3.45,3.48,301211
2015-02-26 00:00:00,3.49,3.5,3.46,3.46,654094
2015-02-25 00:00:00,3.63,3.7,3.43,3.45,1256935
2015-02-24 00:00:00,3.2,3.75,3.17,3.58,2277877
2015-02-23 00:00:00,3.16,3.19,3.14,3.16,220254
2015-02-20 00:00:00,3.14,3.17,3.13,3.15,318718
2015-02-19 00:00:00,3.12,3.13,3.1,3.13,244125
2015-02-18 00:00:00,3.15,3.15,3.1,3.11,413612
2015-02-17 00:00:00,2.99,3.15,2.99,3.15,1339936
2015-02-16 00:00:00,2.94,2.98,2.92,2.95,274913
2015-02-13 00:00:00,2.95,2.97,2.9,2.94,401829
2015-02-12 00:00:00,2.85,2.94,2.81,2.94,337252
2015-02-11 00:00:00,2.94,2.94,2.8,2.86,336299
2015-02-10 00:00:00,2.95,2.96,2.87,2.88,773899
2015-02-09 00:00:00,3.0,3.0,2.93,2.97,241077
2015-02-06 00:00:00,3.0,3.0,2.92,2.94,305721
2015-02-05 00:00:00,2.92,2.97,2.92,2.95,347959
2015-02-04 00:00:00,2.96,3.0,2.91,2.92,341915
2015-02-03 00:00:00,3.0,3.0,2.91,2.96,608178
2015-02-02 00:00:00,2.99,2.99,2.88,2.97,532559
2015-01-30 00:00:00,2.99,3.0,2.88,2.93,317127
2015-01-29 00:00:00,3.05,3.05,2.95,2.96,616896
2015-01-28 00:00:00,3.03,3.09,3.03,3.09,336349
2015-01-27 00:00:00,3.19,3.19,3.0,3.04,988762
2015-01-26 00:00:00,3.2,3.21,3.12,3.14,983970
2015-01-23 00:00:00,3.16,3.23,3.09,3.17,1439126
2015-01-22 00:00:00,3.1,3.2,2.95,3.08,2282708
2015-01-21 00:00:00,2.86,3.08,2.83,3.08,5308342
2015-01-20 00:00:00,2.56,2.69,2.53,2.57,1505390
2015-01-19 00:00:00,2.55,2.56,2.46,2.51,880325
2015-01-16 00:00:00,2.48,2.5,2.45,2.46,655525
2015-01-15 00:00:00,2.5,2.54,2.45,2.45,461470
2015-01-14 00:00:00,2.48,2.63,2.45,2.45,2041973
2015-01-13 00:00:00,2.42,2.45,2.38,2.38,533330
2015-01-12 00:00:00,2.44,2.45,2.36,2.45,657929
2015-01-09 00:00:00,2.42,2.48,2.4,2.45,304786
2015-01-08 00:00:00,2.49,2.49,2.41,2.42,280243
2015-01-07 00:00:00,2.57,2.57,2.42,2.42,609609
2015-01-06 00:00:00,,2.6,2.6,2.6,0
2015-01-05 00:00:00,2.65,2.66,2.57,2.6,246972
2015-01-02 00:00:00,2.36,2.84,2.36,2.65,1014959
2015-01-01 00:00:00,2.39,2.39,2.29,2.36,688035
2014-12-30 00:00:00,2.39,2.39,2.29,2.36,688035
2014-12-29 00:00:00,2.49,2.5,2.32,2.4,1080965
2014-12-23 00:00:00,2.46,2.5,2.45,2.48,792493
2014-12-22 00:00:00,2.55,2.6,2.44,2.5,856020
2014-12-19 00:00:00,2.55,2.67,2.5,2.55,812948
2014-12-18 00:00:00,2.39,2.55,2.39,2.53,693411
2014-12-17 00:00:00,2.38,2.46,2.38,2.39,769080
2014-12-16 00:00:00,2.43,2.46,2.34,2.39,551646
2014-12-15 00:00:00,2.43,2.5,2.42,2.46,402080
2014-12-12 00:00:00,2.42,2.44,2.28,2.42,696687
2014-12-11 00:00:00,2.48,2.55,2.4,2.42,752874
2014-12-10 00:00:00,2.54,2.56,2.44,2.48,1288663
2014-12-09 00:00:00,2.71,2.74,2.51,2.52,738763
2014-12-08 00:00:00,2.81,2.81,2.74,2.76,302652
2014-12-05 00:00:00,2.85,2.85,2.74,2.81,218028
2014-12-04 00:00:00,2.87,2.89,2.71,2.85,1088125
2014-12-03 00:00:00,2.9,2.93,2.84,2.88,304832
2014-12-02 00:00:00,2.94,2.94,2.84,2.84,610821
2014-12-01 00:00:00,2.97,2.98,2.85,2.85,742122
2014-11-28 00:00:00,3.05,3.05,2.98,2.98,581615
2014-11-27 00:00:00,3.06,3.07,3.01,3.04,172244
2014-11-26 00:00:00,3.06,3.08,3.01,3.04,242095
2014-11-25 00:00:00,3.04,3.09,3.01,3.05,298835
2014-11-24 00:00:00,3.11,3.11,3.03,3.04,211049
2014-11-21 00:00:00,3.0,3.1,2.98,3.08,381611
2014-11-20 00:00:00,3.0,3.05,2.95,3.0,410358
2014-11-19 00:00:00,3.1,3.16,2.99,3.0,975092
2014-11-18 00:00:00,3.15,3.17,3.09,3.09,453927
2014-11-17 00:00:00,3.16,3.17,3.15,3.16,219751
2014-11-14 00:00:00,3.19,3.19,3.15,3.16,166760
2014-11-13 00:00:00,3.22,3.22,3.14,3.15,680329
2014-11-12 00:00:00,3.16,3.28,3.14,3.16,401319
2014-11-11 00:00:00,3.2,3.26,3.15,3.16,330031
2014-11-10 00:00:00,3.19,3.21,3.14,3.17,413895
2014-11-07 00:00:00,3.3,3.37,3.18,3.19,857659
2014-11-06 00:00:00,3.43,3.46,3.3,3.3,665769
2014-11-05 00:00:00,3.54,3.58,3.4,3.42,730353
2014-11-04 00:00:00,3.36,3.67,3.36,3.44,1357717
2014-11-03 00:00:00,3.31,3.4,3.26,3.29,504902
2014-10-31 00:00:00,3.33,3.33,3.27,3.28,64366
2014-10-30 00:00:00,3.37,3.37,3.26,3.27,193805
2014-10-29 00:00:00,3.24,3.43,3.2,3.3,398651
2014-10-28 00:00:00,3.28,3.28,3.18,3.18,342691
2014-10-24 00:00:00,3.28,3.28,3.18,3.19,256381
2014-10-23 00:00:00,3.23,3.29,3.18,3.25,202235
2014-10-22 00:00:00,3.29,3.3,3.2,3.23,268894
2014-10-21 00:00:00,3.3,3.35,3.25,3.29,297432
2014-10-20 00:00:00,3.39,3.39,3.25,3.28,127708
2014-10-17 00:00:00,3.15,3.33,3.15,3.26,680860
2014-10-16 00:00:00,3.3,3.3,2.75,3.21,589628
2014-10-15 00:00:00,3.44,3.44,3.25,3.26,129009
2014-10-14 00:00:00,3.31,3.4,3.31,3.39,139190
2014-10-13 00:00:00,3.37,3.37,3.2,3.31,214458
2014-10-10 00:00:00,3.37,3.42,3.2,3.39,277006
2014-10-09 00:00:00,3.4,3.43,3.37,3.37,103122
2014-10-08 00:00:00,3.37,3.42,3.35,3.37,302726
2014-10-07 00:00:00,3.34,3.45,3.34,3.37,426078
2014-10-06 00:00:00,3.43,3.43,3.38,3.4,105075
2014-10-03 00:00:00,3.43,3.53,3.42,3.43,116397
2014-10-02 00:00:00,3.58,3.58,3.42,3.43,156921
2014-10-01 00:00:00,3.6,3.64,3.5,3.5,168324
2014-09-30 00:00:00,3.55,3.6,3.49,3.6,80492
2014-09-29 00:00:00,3.55,3.6,3.5,3.55,157803
2014-09-26 00:00:00,3.5,3.58,3.49,3.5,126727
2014-09-25 00:00:00,3.61,3.61,3.51,3.54,122363
2014-09-24 00:00:00,3.6,3.63,3.45,3.62,276917
2014-09-23 00:00:00,3.54,3.6,3.47,3.53,188328
2014-09-22 00:00:00,3.5,3.6,3.5,3.57,186823
2014-09-19 00:00:00,3.43,3.49,3.31,3.45,244588
2014-09-18 00:00:00,3.48,3.58,3.43,3.43,648339
2014-09-17 00:00:00,3.6,3.6,3.48,3.55,803498
2014-09-16 00:00:00,3.55,3.66,3.54,3.59,223186
2014-09-15 00:00:00,3.68,3.68,3.53,3.63,267494
2014-09-12 00:00:00,3.7,3.72,3.63,3.68,147483
2014-09-11 00:00:00,3.73,3.75,3.65,3.68,355019
2014-09-10 00:00:00,3.78,3.79,3.71,3.72,239162
2014-09-09 00:00:00,3.79,3.79,3.72,3.74,192446
2014-09-08 00:00:00,3.75,3.78,3.73,3.76,390727
2014-09-05 00:00:00,3.81,3.81,3.72,3.73,684127
2014-09-04 00:00:00,3.85,3.89,3.76,3.76,1043026
2014-09-03 00:00:00,3.79,3.95,3.72,3.78,1542263
2014-09-02 00:00:00,3.37,3.83,3.36,3.6,1451952
2014-09-01 00:00:00,3.31,3.34,3.29,3.34,87467
2014-08-29 00:00:00,3.33,3.35,3.28,3.34,160090
2014-08-28 00:00:00,3.35,3.35,3.31,3.35,169638
2014-08-27 00:00:00,3.35,3.35,3.3,3.35,287222
2014-08-26 00:00:00,3.29,3.39,3.29,3.37,214391
2014-08-25 00:00:00,3.35,3.39,3.3,3.35,179898
2014-08-22 00:00:00,3.3,3.35,3.27,3.35,205242
2014-08-21 00:00:00,3.26,3.31,3.25,3.28,114725
2014-08-20 00:00:00,3.28,3.34,3.25,3.25,161664
2014-08-19 00:00:00,3.32,3.39,3.26,3.28,106738
2014-08-18 00:00:00,3.23,3.37,3.2,3.33,137123
2014-08-15 00:00:00,3.34,3.34,3.23,3.23,146507
2014-08-14 00:00:00,3.3,3.35,3.22,3.35,183076
2014-08-13 00:00:00,3.35,3.39,3.27,3.31,170364
2014-08-12 00:00:00,3.27,3.35,3.22,3.35,188186
2014-08-11 00:00:00,3.22,3.27,3.22,3.24,158635
2014-08-08 00:00:00,3.25,3.27,3.16,3.27,235530
2014-08-07 00:00:00,3.25,3.27,3.19,3.25,328367
2014-08-06 00:00:00,3.33,3.36,3.24,3.32,97309
2014-08-05 00:00:00,3.3,3.35,3.29,3.34,163830
2014-08-04 00:00:00,3.37,3.37,3.3,3.32,92978
2014-08-01 00:00:00,3.35,3.37,3.3,3.32,121898
2014-07-31 00:00:00,3.41,3.41,3.35,3.35,148265
2014-07-30 00:00:00,3.4,3.4,3.35,3.4,127849
2014-07-29 00:00:00,3.4,3.4,3.35,3.4,131212
2014-07-28 00:00:00,3.38,3.44,3.38,3.4,74637
2014-07-25 00:00:00,3.4,3.41,3.37,3.38,120615
2014-07-24 00:00:00,3.4,3.44,3.38,3.4,127599
2014-07-23 00:00:00,3.4,3.44,3.4,3.41,51208
2014-07-22 00:00:00,3.44,3.46,3.38,3.42,105666
2014-07-21 00:00:00,3.48,3.48,3.38,3.39,66140
2014-07-18 00:00:00,3.45,3.45,3.35,3.44,251825
2014-07-17 00:00:00,3.5,3.5,3.44,3.45,123848
2014-07-16 00:00:00,3.47,3.51,3.46,3.51,166462
2014-07-15 00:00:00,3.5,3.52,3.47,3.47,125165
2014-07-14 00:00:00,3.49,3.52,3.45,3.51,234843
2014-07-11 00:00:00,3.48,3.5,3.45,3.5,101248
2014-07-10 00:00:00,3.52,3.52,3.45,3.5,183740
2014-07-09 00:00:00,3.54,3.54,3.45,3.5,157182
2014-07-08 00:00:00,3.5,3.55,3.48,3.49,271369
2014-07-07 00:00:00,3.48,3.57,3.47,3.51,201097
2014-07-04 00:00:00,3.55,3.57,3.49,3.5,420546
2014-07-03 00:00:00,3.55,3.58,3.47,3.47,551350
2014-07-02 00:00:00,3.47,3.6,3.46,3.55,351560
2014-07-01 00:00:00,3.48,3.58,3.46,3.47,698571
2014-06-30 00:00:00,3.6,3.6,3.4,3.48,794975
2014-06-27 00:00:00,3.7,3.7,3.2,3.6,1035384
2014-06-26 00:00:00,3.75,3.78,3.55,3.7,1027596
2014-06-25 00:00:00,3.94,3.97,3.83,3.87,145766
2014-06-24 00:00:00,3.81,3.94,3.8,3.94,233889
2014-06-23 00:00:00,3.86,3.88,3.78,3.81,317731
2014-06-20 00:00:00,,3.89,3.89,3.89,0
2014-06-19 00:00:00,3.99,3.99,3.83,3.89,519521
2014-06-18 00:00:00,4.0,4.01,3.94,3.98,110439
2014-06-17 00:00:00,3.99,4.0,3.95,4.0,112163
2014-06-16 00:00:00,4.0,4.05,3.96,3.99,118315
2014-06-13 00:00:00,4.0,4.04,3.95,4.0,256373
2014-06-12 00:00:00,4.04,4.05,3.97,3.97,217508
2014-06-11 00:00:00,4.07,4.07,3.99,4.04,224484
2014-06-10 00:00:00,4.05,4.08,4.02,4.02,143552
2014-06-09 00:00:00,4.15,4.15,4.04,4.07,322867
2014-06-06 00:00:00,,4.04,4.04,4.04,0
2014-06-05 00:00:00,4.04,4.06,4.02,4.04,132420
2014-06-04 00:00:00,4.05,4.05,4.01,4.02,203616
2014-06-03 00:00:00,4.05,4.07,4.0,4.02,326260
2014-06-02 00:00:00,4.2,4.2,4.0,4.0,521235
2014-05-30 00:00:00,3.98,4.15,3.96,4.15,989446
2014-05-28 00:00:00,3.96,3.98,3.9,3.98,95542
2014-05-27 00:00:00,3.99,3.99,3.91,3.96,120741
2014-05-26 00:00:00,4.03,4.05,3.9,3.94,336444
2014-05-23 00:00:00,3.97,4.07,3.97,3.98,435618
2014-05-22 00:00:00,3.85,4.04,3.85,3.97,660318
2014-05-21 00:00:00,3.9,3.9,3.81,3.83,158200
2014-05-20 00:00:00,3.81,3.95,3.81,3.84,172433
2014-05-19 00:00:00,3.86,3.9,3.8,3.81,265110
2014-05-16 00:00:00,3.9,3.91,3.82,3.86,198889
2014-05-15 00:00:00,3.88,3.92,3.81,3.92,316760
2014-05-14 00:00:00,3.82,3.9,3.8,3.8,380343
2014-05-13 00:00:00,3.72,3.85,3.71,3.76,329179
2014-05-12 00:00:00,3.86,3.9,3.77,3.77,279691
2014-05-09 00:00:00,3.95,3.95,3.6,3.83,376632
2014-05-08 00:00:00,3.97,3.97,3.9,3.95,153334
2014-05-07 00:00:00,3.99,3.99,3.9,3.97,123183
2014-05-06 00:00:00,3.98,4.02,3.93,3.95,138765
2014-05-05 00:00:00,3.95,3.99,3.9,3.98,248914
2014-05-02 00:00:00,3.9,4.0,3.85,3.93,121539
2014-05-01 00:00:00,,3.9,3.9,3.9,0
2014-04-30 00:00:00,3.9,3.96,3.9,3.9,75479
2014-04-29 00:00:00,3.97,4.01,3.9,4.0,354939
2014-04-28 00:00:00,4.0,4.04,3.97,3.97,154223
2014-04-25 00:00:00,3.92,4.01,3.91,3.95,107743
2014-04-24 00:00:00,3.99,4.03,3.91,3.91,224810
2014-04-23 00:00:00,4.02,4.02,3.92,3.97,197449
2014-04-22 00:00:00,4.09,4.1,4.01,4.02,358102
2014-04-17 00:00:00,3.9,4.09,3.9,3.99,95741
2014-04-16 00:00:00,4.0,4.0,3.9,3.9,277331
2014-04-15 00:00:00,4.15,4.19,3.96,3.98,343656
2014-04-14 00:00:00,4.19,4.27,4.14,4.15,451164
2014-04-11 00:00:00,4.14,4.2,4.01,4.16,672764
2014-04-10 00:00:00,4.1,4.19,4.07,4.17,716847
2014-04-09 00:00:00,4.0,4.1,3.91,4.09,635410
2014-04-08 00:00:00,3.86,3.98,3.8,3.95,359784
2014-04-07 00:00:00,4.0,4.0,3.86,3.9,547099
2014-04-04 00:00:00,3.7,4.18,3.63,4.05,1825722
2014-04-03 00:00:00,3.5,3.67,3.42,3.58,843974
2014-04-02 00:00:00,3.56,3.56,3.41,3.49,519774
2014-04-01 00:00:00,3.62,3.62,3.45,3.54,1011992
2014-03-31 00:00:00,3.58,3.65,3.55,3.63,370309
2014-03-28 00:00:00,3.69,3.69,3.61,3.64,243835
2014-03-27 00:00:00,3.68,3.73,3.61,3.63,613855
2014-03-26 00:00:00,3.75,3.75,3.68,3.74,315910
2014-03-25 00:00:00,3.85,3.85,3.61,3.74,1205190
2014-03-24 00:00:00,3.95,3.97,3.84,3.85,271404
2014-03-21 00:00:00,3.95,3.99,3.93,3.93,364011
2014-03-20 00:00:00,3.91,4.05,3.89,3.91,443122
2014-03-19 00:00:00,4.0,4.01,3.91,3.93,294294
2014-03-18 00:00:00,4.02,4.09,4.0,4.01,277736
2014-03-17 00:00:00,3.85,4.09,3.85,4.02,237400
2014-03-14 00:00:00,3.81,4.0,3.55,3.9,1030894
2014-03-13 00:00:00,3.98,4.0,3.36,3.84,1733365
2014-03-12 00:00:00,4.14,4.17,4.06,4.15,396112
2014-03-11 00:00:00,4.11,4.15,4.11,4.11,533615
2014-03-10 00:00:00,4.14,4.16,4.11,4.11,264670
2014-03-07 00:00:00,4.16,4.17,4.06,4.12,584534
2014-03-06 00:00:00,4.14,4.18,4.11,4.16,781144
2014-03-05 00:00:00,4.18,4.2,4.13,4.14,575769
2014-03-04 00:00:00,4.0,4.2,4.0,4.15,1117961
2014-03-03 00:00:00,4.07,4.1,3.98,3.98,1522256
2014-02-28 00:00:00,4.16,4.16,4.12,4.14,511551
2014-02-27 00:00:00,4.15,4.17,4.11,4.14,605924
2014-02-26 00:00:00,4.14,4.22,4.1,4.17,932722
2014-02-25 00:00:00,4.21,4.21,4.1,4.13,977089
2014-02-24 00:00:00,4.28,4.28,4.12,4.14,1253067
2014-02-21 00:00:00,4.31,4.31,4.25,4.25,828368
2014-02-20 00:00:00,4.3,4.35,4.25,4.3,1681206
2014-02-19 00:00:00,4.38,4.38,4.22,4.29,1455892
2014-02-18 00:00:00,4.15,4.41,4.15,4.3,2401370
2014-02-17 00:00:00,4.15,4.16,4.09,4.14,717770
2014-02-14 00:00:00,4.15,4.2,4.12,4.15,1084124
2014-02-13 00:00:00,4.15,4.21,4.14,4.15,558118
2014-02-12 00:00:00,4.15,4.19,4.12,4.17,1664731
2014-02-11 00:00:00,4.14,4.165,4.12,4.15,509051
2014-02-10 00:00:00,4.19,4.2,4.11,4.13,697190
2014-02-07 00:00:00,4.15,4.22,4.15,4.19,361994
2014-02-06 00:00:00,4.15,4.2,4.1,4.15,879605
2014-02-05 00:00:00,4.17,4.28,4.15,4.2,595407
2014-02-04 00:00:00,4.12,4.17,4.06,4.13,1033195
2014-02-03 00:00:00,4.23,4.25,4.12,4.12,1319328
2014-01-31 00:00:00,4.3,4.35,4.12,4.2,1599286
2014-01-30 00:00:00,4.32,4.36,4.27,4.3,339990
2014-01-29 00:00:00,4.4,4.48,4.25,4.34,1222740
2014-01-28 00:00:00,4.58,4.58,4.37,4.4,1252234
2014-01-27 00:00:00,4.5,4.6,4.41,4.58,1499357
2014-01-24 00:00:00,4.55,4.55,4.36,4.41,1345310
2014-01-23 00:00:00,4.52,4.58,4.48,4.5,1188503
2014-01-22 00:00:00,4.61,4.63,4.45,4.52,1919119
2014-01-21 00:00:00,4.8,4.8,4.64,4.68,2103784
2014-01-20 00:00:00,4.65,5.2,4.65,4.75,4666846
2014-01-17 00:00:00,4.61,4.95,4.61,4.72,3046271
2014-01-16 00:00:00,4.69,4.73,4.54,4.6,1485593
2014-01-15 00:00:00,4.79,4.91,4.63,4.75,1778529
2014-01-14 00:00:00,5.05,5.05,4.79,4.8,2471467
2014-01-13 00:00:00,5.05,5.15,5.0,5.05,1501032
2014-01-10 00:00:00,5.0,5.05,4.9,5.0,1921579
2014-01-09 00:00:00,5.0,5.15,4.84,5.05,4244099
2014-01-08 00:00:00,4.35,4.95,4.25,4.8,6545470
2014-01-07 00:00:00,4.05,4.15,3.95,4.05,1570097
2014-01-06 00:00:00,,4.05,4.05,4.05,0
2014-01-03 00:00:00,4.0,4.1,4.0,4.05,474449
2014-01-02 00:00:00,3.94,4.09,3.94,4.03,689672
2013-12-31 00:00:00,,3.91,3.91,3.91,0
2013-12-30 00:00:00,3.94,3.95,3.8,3.91,1304506
2013-12-27 00:00:00,4.0,4.02,3.93,3.94,717434
2013-12-23 00:00:00,4.01,4.02,3.95,3.98,719128
2013-12-20 00:00:00,4.03,4.1,4.01,4.02,808524
2013-12-19 00:00:00,4.2,4.2,4.02,4.02,993792
2013-12-18 00:00:00,4.18,4.25,4.14,4.19,630251
2013-12-17 00:00:00,4.03,4.3,3.99,4.13,997605
2013-12-16 00:00:00,4.1,4.15,4.01,4.1,348438
2013-12-13 00:00:00,4.07,4.14,4.0,4.14,463045
2013-12-12 00:00:00,4.19,4.19,3.98,4.11,1034416
2013-12-11 00:00:00,4.45,4.61,4.2,4.2,1646151
2013-12-10 00:00:00,4.21,4.3,4.09,4.15,841875
2013-12-09 00:00:00,4.3,4.33,4.21,4.26,725434
2013-12-06 00:00:00,4.39,4.39,4.25,4.33,494277
2013-12-05 00:00:00,4.38,4.44,4.3,4.33,346671
2013-12-04 00:00:00,4.39,4.47,4.3,4.4,513443
2013-12-03 00:00:00,4.6,4.6,4.37,4.41,771935
2013-12-02 00:00:00,4.5,4.78,4.5,4.58,1457426
2013-11-29 00:00:00,4.5,4.55,4.42,4.46,963468
2013-11-28 00:00:00,4.55,4.59,4.5,4.57,1248584
2013-11-27 00:00:00,4.45,4.5,4.26,4.5,1038475
2013-11-26 00:00:00,4.55,4.55,4.41,4.47,525756
2013-11-25 00:00:00,4.52,4.65,4.48,4.51,631373
2013-11-22 00:00:00,4.55,4.61,4.5,4.57,1139407
2013-11-21 00:00:00,4.34,4.67,4.28,4.4,1896102
2013-11-20 00:00:00,4.45,4.45,4.34,4.36,1264646
2013-11-19 00:00:00,4.57,4.57,4.3,4.47,1209166
2013-11-18 00:00:00,4.87,4.9,4.54,4.59,1902032
2013-11-15 00:00:00,4.99,4.99,4.86,4.86,998612
2013-11-14 00:00:00,5.05,5.05,4.94,5.05,1237114
2013-11-13 00:00:00,5.05,5.1,4.88,5.1,2404518
2013-11-12 00:00:00,5.15,5.2,4.8,5.1,2284859
2013-11-11 00:00:00,5.2,5.4,5.05,5.05,6173437
2013-11-08 00:00:00,4.61,5.55,4.37,4.94,8840997
2013-11-07 00:00:00,4.25,4.78,4.25,4.62,7605011
2013-11-06 00:00:00,4.04,4.24,4.0,4.15,3449658
2013-11-05 00:00:00,4.05,4.05,3.96,4.04,811258
2013-11-04 00:00:00,4.01,4.05,3.95,4.04,2481077
2013-11-01 00:00:00,4.0,4.0,3.86,3.86,293623
2013-10-31 00:00:00,3.95,4.03,3.88,3.94,562520
2013-10-30 00:00:00,3.94,3.96,3.85,3.86,684816
2013-10-29 00:00:00,3.96,4.02,3.9,3.94,861961
2013-10-28 00:00:00,4.02,4.05,3.98,3.99,700661
2013-10-25 00:00:00,4.02,4.04,3.97,4.02,547437
2013-10-24 00:00:00,4.05,4.07,3.97,3.99,742628
2013-10-23 00:00:00,4.04,4.08,3.91,4.03,2501093
2013-10-22 00:00:00,3.98,3.98,3.77,3.84,612810
2013-10-21 00:00:00,3.9,4.09,3.85,3.92,1039474
2013-10-18 00:00:00,3.86,3.92,3.74,3.87,1084461
2013-10-17 00:00:00,3.99,3.99,3.76,3.86,1587841
2013-10-16 00:00:00,3.88,4.04,3.81,4.03,1235142
2013-10-15 00:00:00,4.1,4.15,3.76,3.87,2497455
2013-10-14 00:00:00,3.39,4.04,3.39,4.0,5066141
2013-10-11 00:00:00,3.0,3.39,3.0,3.35,1317181
2013-10-10 00:00:00,3.03,3.09,2.96,2.99,642505
2013-10-09 00:00:00,3.05,3.08,2.96,2.99,513848
2013-10-08 00:00:00,3.05,3.1,2.97,3.05,839674
2013-10-07 00:00:00,3.32,3.38,3.1,3.13,794683
2013-10-04 00:00:00,3.18,3.3,3.02,3.3,804239
2013-10-03 00:00:00,3.4,3.42,3.19,3.21,1016517
2013-10-02 00:00:00,3.3,3.52,3.3,3.38,1097824
2013-10-01 00:00:00,3.65,3.9,3.26,3.3,3517016
2013-09-30 00:00:00,4.25,4.25,3.8,3.84,5215362
2013-09-27 00:00:00,3.69,4.47,3.69,4.25,16185081
2013-09-26 00:00:00,2.4,3.35,2.35,3.32,9770857
2013-09-25 00:00:00,1.96,2.0,1.91,1.91,164785
2013-09-24 00:00:00,1.9,2.05,1.9,1.94,151929
2013-09-23 00:00:00,2.0,2.01,1.9,1.92,96435
2013-09-20 00:00:00,2.0,2.0,1.94,1.94,72077
2013-09-19 00:00:00,2.0,2.0,1.91,1.94,161386
2013-09-18 00:00:00,1.93,2.0,1.93,1.97,93568
2013-09-17 00:00:00,1.99,2.07,1.95,1.95,221151
2013-09-16 00:00:00,2.0,2.1,1.95,1.99,455079
2013-09-13 00:00:00,1.95,2.05,1.85,1.95,856038
2013-09-12 00:00:00,1.75,1.95,1.75,1.9,686932
2013-09-11 00:00:00,1.6,1.69,1.6,1.66,287621
2013-09-10 00:00:00,1.65,1.66,1.59,1.6,98996
2013-09-09 00:00:00,1.64,1.66,1.63,1.65,123484
2013-09-06 00:00:00,1.6,1.64,1.58,1.63,125984
2013-09-05 00:00:00,1.6,1.63,1.58,1.58,115741
2013-09-04 00:00:00,1.65,1.65,1.57,1.59,196963
2013-09-03 00:00:00,1.69,1.69,1.59,1.6,122984
2013-09-02 00:00:00,1.73,1.73,1.56,1.66,222668
2013-08-30 00:00:00,1.68,1.68,1.55,1.58,214084
2013-08-29 00:00:00,1.65,1.7,1.46,1.56,259816
2013-08-28 00:00:00,1.5,1.8,1.44,1.6,1244312
2013-08-27 00:00:00,1.35,1.42,1.35,1.38,69600
2013-08-26 00:00:00,1.39,1.45,1.26,1.37,603177
2013-08-23 00:00:00,1.37,1.39,1.35,1.35,85464
2013-08-22 00:00:00,1.37,1.39,1.35,1.36,65566
2013-08-21 00:00:00,1.38,1.39,1.37,1.37,42671
2013-08-20 00:00:00,1.37,1.41,1.37,1.38,51422
2013-08-19 00:00:00,1.36,1.39,1.36,1.36,107750
2013-08-16 00:00:00,1.41,1.45,1.38,1.38,195722
2013-08-15 00:00:00,1.43,1.45,1.4,1.4,214576
2013-08-14 00:00:00,1.41,1.42,1.39,1.42,92447
2013-08-13 00:00:00,1.43,1.43,1.4,1.41,53510
2013-08-12 00:00:00,1.43,1.45,1.38,1.43,211048
2013-08-09 00:00:00,1.4,1.42,1.38,1.42,229666
2013-08-08 00:00:00,1.26,1.43,1.26,1.39,316913
2013-08-07 00:00:00,1.26,1.29,1.25,1.28,169356
2013-08-06 00:00:00,1.32,1.33,1.26,1.29,159299
2013-08-05 00:00:00,1.38,1.38,1.3,1.32,299261
2013-08-02 00:00:00,1.48,1.56,1.35,1.38,578756
2013-08-01 00:00:00,1.58,1.58,1.42,1.48,785665
2013-07-31 00:00:00,1.2,1.75,1.2,1.56,3172690
2013-07-30 00:00:00,1.18,1.19,1.14,1.17,244130
2013-07-29 00:00:00,1.15,1.16,1.11,1.14,37276
2013-07-26 00:00:00,1.11,1.16,1.1,1.12,130355
2013-07-25 00:00:00,1.12,1.14,1.12,1.12,32864
2013-07-24 00:00:00,1.15,1.15,1.11,1.11,78824
2013-07-23 00:00:00,1.15,1.16,1.1,1.11,225642
2013-07-22 00:00:00,1.17,1.18,1.14,1.15,163230
2013-07-19 00:00:00,1.15,1.19,1.15,1.16,56758
2013-07-18 00:00:00,1.18,1.2,1.15,1.15,165259
2013-07-17 00:00:00,1.15,1.19,1.15,1.19,10010
2013-07-16 00:00:00,1.15,1.2,1.15,1.15,134699
2013-07-15 00:00:00,1.2,1.2,1.15,1.15,84944
2013-07-12 00:00:00,1.15,1.2,1.15,1.15,133694
2013-07-11 00:00:00,1.2,1.2,1.15,1.15,86265
2013-07-10 00:00:00,1.19,1.2,1.15,1.19,66147
2013-07-09 00:00:00,1.2,1.2,1.17,1.17,177903
2013-07-08 00:00:00,1.25,1.25,1.17,1.2,103033
2013-07-05 00:00:00,1.25,1.29,1.17,1.23,234216
2013-07-04 00:00:00,1.25,1.25,1.18,1.2,174758
2013-07-03 00:00:00,1.26,1.26,1.21,1.25,276438
2013-07-02 00:00:00,1.26,1.27,1.23,1.26,85097
2013-07-01 00:00:00,1.3,1.31,1.24,1.27,201485
2013-06-28 00:00:00,1.28,1.32,1.28,1.3,22338
2013-06-27 00:00:00,1.28,1.31,1.26,1.28,133261
2013-06-26 00:00:00,1.3,1.34,1.28,1.28,44755
2013-06-25 00:00:00,1.33,1.36,1.28,1.3,143914
2013-06-24 00:00:00,1.39,1.39,1.33,1.34,36624
2013-06-21 00:00:00,,1.36,1.36,1.36,0
2013-06-20 00:00:00,1.37,1.4,1.35,1.36,170384
2013-06-19 00:00:00,1.44,1.44,1.39,1.41,100425
2013-06-18 00:00:00,1.45,1.45,1.4,1.43,38013
2013-06-17 00:00:00,1.43,1.44,1.43,1.43,26897
2013-06-14 00:00:00,1.43,1.44,1.4,1.41,69609
2013-06-13 00:00:00,1.43,1.43,1.4,1.43,68994
2013-06-12 00:00:00,1.4,1.48,1.4,1.45,124138
2013-06-11 00:00:00,1.49,1.53,1.43,1.45,156948
2013-06-10 00:00:00,1.5,1.55,1.49,1.49,214759
2013-06-07 00:00:00,1.51,1.55,1.49,1.55,105603
2013-06-06 00:00:00,,1.51,1.51,1.51,0
2013-06-05 00:00:00,1.58,1.59,1.5,1.51,438837
2013-06-04 00:00:00,1.64,1.64,1.55,1.55,132584
2013-06-03 00:00:00,1.56,1.6,1.56,1.58,18238
2013-05-31 00:00:00,1.63,1.64,1.59,1.6,666193
2013-05-30 00:00:00,1.63,1.68,1.59,1.63,244929
2013-05-29 00:00:00,1.65,1.69,1.61,1.63,155597
2013-05-28 00:00:00,1.6,1.65,1.6,1.61,73512
2013-05-27 00:00:00,1.68,1.68,1.6,1.62,129254
2013-05-24 00:00:00,1.6,1.61,1.55,1.6,100260
2013-05-23 00:00:00,1.62,1.64,1.54,1.56,196114
2013-05-22 00:00:00,1.59,1.64,1.56,1.58,151760
2013-05-21 00:00:00,1.64,1.7,1.57,1.59,137499
2013-05-20 00:00:00,1.7,1.7,1.6,1.6,217981
2013-05-17 00:00:00,1.8,1.8,1.67,1.68,140540
2013-05-16 00:00:00,1.8,1.81,1.72,1.72,96610
2013-05-15 00:00:00,1.67,1.84,1.67,1.8,489161
2013-05-14 00:00:00,1.7,1.72,1.63,1.67,454933
2013-05-13 00:00:00,1.71,1.82,1.68,1.72,254500
2013-05-10 00:00:00,1.7,1.79,1.7,1.71,291685
2013-05-09 00:00:00,,1.75,1.75,1.75,0
2013-05-08 00:00:00,1.72,1.76,1.7,1.75,168968
2013-05-07 00:00:00,1.71,1.78,1.7,1.73,259235
2013-05-06 00:00:00,1.71,1.72,1.68,1.69,75388
2013-05-03 00:00:00,1.7,1.72,1.66,1.7,70431
2013-05-02 00:00:00,1.7,1.7,1.66,1.7,77981
2013-05-01 00:00:00,,1.7,1.7,1.7,0
2013-04-30 00:00:00,1.72,1.72,1.68,1.7,15800
2013-04-29 00:00:00,1.69,1.72,1.68,1.72,32563
2013-04-26 00:00:00,1.71,1.72,1.7,1.7,34221
2013-04-25 00:00:00,1.71,1.81,1.7,1.71,427546
2013-04-24 00:00:00,1.74,1.76,1.71,1.75,376357
2013-04-23 00:00:00,1.78,1.78,1.71,1.75,34160
2013-04-22 00:00:00,1.69,1.8,1.68,1.72,48990
2013-04-19 00:00:00,1.63,1.72,1.63,1.69,99159
2013-04-18 00:00:00,1.69,1.7,1.54,1.63,295818
2013-04-17 00:00:00,1.72,1.76,1.69,1.73,94034
2013-04-16 00:00:00,1.77,1.77,1.69,1.74,165429
2013-04-15 00:00:00,1.84,1.85,1.75,1.77,97637
2013-04-12 00:00:00,1.8,1.84,1.8,1.84,148971
2013-04-11 00:00:00,1.91,1.91,1.77,1.79,683511
2013-04-10 00:00:00,1.94,1.95,1.9,1.92,317232
2013-04-09 00:00:00,2.0,2.0,1.92,1.95,270582
2013-04-08 00:00:00,2.02,2.04,1.99,1.99,67625
2013-04-05 00:00:00,2.0,2.05,2.0,2.02,91863
2013-04-04 00:00:00,2.06,2.06,2.0,2.0,69694
2013-04-03 00:00:00,2.03,2.08,1.99,2.02,129147
2013-04-02 00:00:00,2.1,2.1,2.02,2.03,85684
2013-04-01 00:00:00,,2.03,2.03,2.03,0
2013-03-29 00:00:00,2.12,2.03,2.03,2.03,39867
2013-03-28 00:00:00,2.12,2.13,2.03,2.05,39867
2013-03-27 00:00:00,2.12,2.13,2.03,2.05,39867
2013-03-26 00:00:00,2.06,2.11,2.02,2.1,113868
2013-03-25 00:00:00,2.0,2.07,2.0,2.07,36703
2013-03-22 00:00:00,2.03,2.07,2.0,2.06,77447
2013-03-21 00:00:00,2.02,2.02,2.0,2.01,50110
2013-03-20 00:00:00,1.99,2.03,1.98,2.0,71236
2013-03-19 00:00:00,2.01,2.08,1.98,1.98,343596
2013-03-18 00:00:00,2.01,2.08,2.0,2.0,78580
2013-03-15 00:00:00,2.05,2.11,1.99,2.03,270109
2013-03-14 00:00:00,2.07,2.1,1.99,2.08,298396
2013-03-13 00:00:00,2.21,2.29,2.08,2.08,464009
2013-03-12 00:00:00,2.25,2.45,2.16,2.21,684914
2013-03-11 00:00:00,2.38,2.38,2.31,2.35,113023
2013-03-08 00:00:00,2.4,2.42,2.32,2.38,122241
2013-03-07 00:00:00,2.23,2.4,2.23,2.38,382277
2013-03-06 00:00:00,2.2,2.23,2.19,2.23,56988
2013-03-05 00:00:00,2.2,2.2,2.16,2.18,46063
2013-03-04 00:00:00,2.2,2.22,2.16,2.22,93450
2013-03-01 00:00:00,2.23,2.25,2.16,2.23,103320
2013-02-28 00:00:00,2.2,2.23,2.17,2.23,101766
2013-02-27 00:00:00,2.16,2.24,2.16,2.16,61422
2013-02-26 00:00:00,2.17,2.2,2.15,2.16,40288
2013-02-25 00:00:00,2.19,2.2,2.13,2.17,236307
2013-02-22 00:00:00,2.25,2.25,2.16,2.2,133942
2013-02-21 00:00:00,2.21,2.25,2.21,2.24,163726
2013-02-20 00:00:00,2.21,2.28,2.21,2.21,128609
2013-02-19 00:00:00,2.27,2.32,2.25,2.28,129911
2013-02-18 00:00:00,2.25,2.3,2.25,2.3,78134
2013-02-15 00:00:00,2.41,2.41,2.25,2.35,264321
2013-02-14 00:00:00,2.41,2.45,2.34,2.4,147021
2013-02-13 00:00:00,2.41,2.43,2.37,2.41,73469
2013-02-12 00:00:00,2.43,2.51,2.38,2.39,54952
2013-02-11 00:00:00,2.39,2.52,2.38,2.45,112843
2013-02-08 00:00:00,2.43,2.45,2.38,2.39,53562
2013-02-07 00:00:00,2.4,2.44,2.38,2.4,18531
2013-02-06 00:00:00,2.44,2.44,2.38,2.43,120561
2013-02-05 00:00:00,2.55,2.55,2.42,2.43,96044
2013-02-04 00:00:00,2.49,2.55,2.45,2.47,135395
2013-02-01 00:00:00,2.55,2.57,2.46,2.48,274392
2013-01-31 00:00:00,2.66,2.79,2.5,2.56,468274
2013-01-30 00:00:00,2.55,2.56,2.43,2.48,158144
2013-01-29 00:00:00,2.45,2.52,2.42,2.48,165640
2013-01-28 00:00:00,2.6,2.6,2.47,2.47,132214
2013-01-25 00:00:00,2.61,2.63,2.57,2.6,205580
2013-01-24 00:00:00,2.6,2.65,2.58,2.61,183822
2013-01-23 00:00:00,2.58,2.65,2.55,2.6,141157
2013-01-22 00:00:00,2.66,2.66,2.52,2.58,157861
2013-01-21 00:00:00,2.66,2.78,2.6,2.62,689573
2013-01-18 00:00:00,2.49,2.74,2.3,2.66,1094952
2013-01-17 00:00:00,2.5,2.5,2.38,2.41,205296
2013-01-16 00:00:00,2.57,2.57,2.45,2.5,129283
2013-01-15 00:00:00,2.66,2.66,2.5,2.57,175078
2013-01-14 00:00:00,2.6,2.68,2.6,2.65,180139
2013-01-11 00:00:00,2.59,2.72,2.55,2.6,257271
2013-01-10 00:00:00,2.68,2.68,2.55,2.59,184693
2013-01-09 00:00:00,2.69,2.71,2.6,2.65,430730
2013-01-08 00:00:00,2.72,2.73,2.62,2.66,752063
2013-01-07 00:00:00,2.48,2.7,2.42,2.58,428471
2013-01-04 00:00:00,2.43,2.48,2.36,2.47,308757
2013-01-03 00:00:00,2.41,2.44,2.36,2.43,242760
2013-01-02 00:00:00,2.3,2.45,2.3,2.4,976202
2013-01-01 00:00:00,,2.18,2.18,2.18,0
2012-12-31 00:00:00,,2.18,2.18,2.18,0
2012-12-28 00:00:00,1.9,2.37,1.9,2.18,1059042
2012-12-27 00:00:00,1.95,1.98,1.81,1.94,645725
2012-12-26 00:00:00,,1.97,1.97,1.97,0
2012-12-25 00:00:00,,1.97,1.97,1.97,0
2012-12-24 00:00:00,,1.97,1.97,1.97,0
2012-12-21 00:00:00,2.0,2.0,1.95,1.97,117443
2012-12-20 00:00:00,1.91,2.0,1.91,2.0,159029
2012-12-19 00:00:00,1.97,2.01,1.93,1.98,328404
2012-12-18 00:00:00,2.0,2.05,1.98,2.05,306129
2012-12-17 00:00:00,1.97,2.04,1.96,2.02,279902
2012-12-14 00:00:00,1.98,2.0,1.93,2.0,272486
2012-12-13 00:00:00,1.96,2.03,1.94,1.98,115474
2012-12-12 00:00:00,2.03,2.03,1.94,1.95,195394
2012-12-11 00:00:00,1.94,2.04,1.94,2.03,201969
2012-12-10 00:00:00,1.9,2.04,1.9,2.02,223660
2012-12-07 00:00:00,1.93,1.99,1.87,1.98,86729
2012-12-06 00:00:00,1.96,2.05,1.96,1.99,177207
2012-12-05 00:00:00,1.94,2.04,1.9,2.0,142223
2012-12-04 00:00:00,1.9,1.94,1.83,1.94,239767
2012-12-03 00:00:00,1.92,1.99,1.89,1.94,174341
2012-11-30 00:00:00,2.05,2.05,1.91,1.95,206582
2012-11-29 00:00:00,2.0,2.05,1.95,1.95,193717
2012-11-28 00:00:00,2.01,2.01,1.85,1.96,235810
2012-11-27 00:00:00,2.1,2.1,2.01,2.01,376063
2012-11-26 00:00:00,2.2,2.23,2.11,2.14,171780
2012-11-23 00:00:00,2.2,2.23,2.17,2.23,61433
2012-11-22 00:00:00,2.23,2.24,2.19,2.2,50453
2012-11-21 00:00:00,2.2,2.24,2.2,2.23,68814
2012-11-20 00:00:00,2.18,2.27,2.18,2.2,33707
2012-11-19 00:00:00,2.28,2.28,2.2,2.26,105018
2012-11-16 00:00:00,2.33,2.33,2.16,2.24,208843
2012-11-15 00:00:00,2.28,2.34,2.28,2.33,70612
2012-11-14 00:00:00,2.34,2.34,2.25,2.28,60474
2012-11-13 00:00:00,2.29,2.35,2.25,2.35,135524
2012-11-12 00:00:00,2.4,2.4,2.28,2.3,229797
2012-11-09 00:00:00,2.31,2.37,2.27,2.37,76361
2012-11-08 00:00:00,2.28,2.45,2.26,2.35,311730
2012-11-07 00:00:00,2.34,2.4,2.3,2.3,87405
2012-11-06 00:00:00,2.34,2.41,2.33,2.4,90783
2012-11-05 00:00:00,2.26,2.35,2.26,2.33,26931
2012-11-02 00:00:00,2.28,2.31,2.27,2.28,79122
2012-11-01 00:00:00,2.31,2.38,2.28,2.34,38203
2012-10-31 00:00:00,2.49,2.49,2.32,2.32,113843
2012-10-30 00:00:00,2.26,2.43,2.26,2.38,29488
2012-10-29 00:00:00,2.3,2.45,2.25,2.35,222207
2012-10-26 00:00:00,2.21,2.4,2.21,2.35,54280
2012-10-25 00:00:00,2.2,2.3,2.2,2.27,16208
2012-10-24 00:00:00,2.22,2.43,2.2,2.24,207053
2012-10-23 00:00:00,2.25,2.3,2.2,2.25,50575
2012-10-22 00:00:00,2.32,2.41,2.26,2.26,74738
2012-10-19 00:00:00,2.31,2.4,2.27,2.33,42136
2012-10-18 00:00:00,2.42,2.45,2.31,2.31,72762
2012-10-17 00:00:00,2.46,2.5,2.38,2.42,86349
2012-10-16 00:00:00,2.38,2.48,2.37,2.4,68488
2012-10-15 00:00:00,2.35,2.35,2.29,2.29,32173
2012-10-12 00:00:00,2.35,2.39,2.28,2.39,42406
2012-10-11 00:00:00,2.39,2.4,2.37,2.37,92130
2012-10-10 00:00:00,2.42,2.42,2.35,2.38,34510
2012-10-09 00:00:00,2.41,2.48,2.38,2.4,145452
2012-10-08 00:00:00,2.4,2.4,2.27,2.39,105556
2012-10-05 00:00:00,2.41,2.47,2.37,2.37,54336
2012-10-04 00:00:00,2.5,2.5,2.37,2.41,91775
2012-10-03 00:00:00,2.42,2.45,2.39,2.4,86006
2012-10-02 00:00:00,2.33,2.69,2.3,2.42,603302
2012-10-01 00:00:00,2.25,2.33,2.25,2.33,193794
2012-09-28 00:00:00,2.3,2.33,2.25,2.25,64103
2012-09-27 00:00:00,2.19,2.28,2.19,2.28,268356
2012-09-26 00:00:00,2.21,2.23,2.1,2.19,66632
2012-09-25 00:00:00,2.2,2.27,2.2,2.2,70770
2012-09-24 00:00:00,2.3,2.3,2.18,2.2,101038
2012-09-21 00:00:00,2.27,2.35,2.27,2.27,54124
2012-09-20 00:00:00,2.26,2.36,2.23,2.27,68769
2012-09-19 00:00:00,2.3,2.32,2.26,2.26,145660
2012-09-18 00:00:00,2.3,2.36,2.27,2.3,69184
2012-09-17 00:00:00,2.27,2.34,2.24,2.33,111675
2012-09-14 00:00:00,2.19,2.25,2.18,2.25,174770
2012-09-13 00:00:00,2.2,2.23,2.2,2.23,46701
2012-09-12 00:00:00,2.23,2.24,2.19,2.19,84591
2012-09-11 00:00:00,2.19,2.2,2.15,2.2,41132
2012-09-10 00:00:00,2.2,2.24,2.19,2.19,59155
