Dates,Open,High,Low,Close,Volume
2017-09-08 00:00:00,97.75,99.0,97.25,98.25,11038
2017-09-07 00:00:00,97.0,98.0,97.0,97.75,5163
2017-09-06 00:00:00,97.75,97.75,97.0,97.0,10650
2017-09-04 00:00:00,99.0,99.0,95.75,96.0,19811
2017-09-01 00:00:00,98.5,99.5,97.5,99.0,12599
2017-08-31 00:00:00,95.5,99.0,95.5,98.5,15927
2017-08-30 00:00:00,93.5,95.75,93.5,95.5,9418
2017-08-29 00:00:00,95.0,95.0,92.75,93.5,10589
2017-08-28 00:00:00,95.0,95.25,93.0,95.0,9558
2017-08-25 00:00:00,95.0,96.0,94.25,95.25,6375
2017-08-24 00:00:00,97.25,97.25,94.0,95.0,4988
2017-08-23 00:00:00,95.0,96.75,94.0,96.25,6635
2017-08-22 00:00:00,94.25,96.0,94.0,95.0,6424
2017-08-21 00:00:00,95.5,95.5,94.0,94.25,8123
2017-08-18 00:00:00,96.75,97.25,95.0,95.75,11333
2017-08-17 00:00:00,98.75,98.75,96.0,98.5,6546
2017-08-16 00:00:00,97.5,99.0,96.25,98.75,6867
2017-08-15 00:00:00,96.75,97.75,96.5,97.75,10300
2017-08-14 00:00:00,95.0,97.0,95.0,96.75,6287
2017-08-11 00:00:00,95.25,95.5,94.0,94.5,13588
2017-08-10 00:00:00,99.0,99.0,95.25,95.75,12754
2017-08-09 00:00:00,99.5,99.5,98.5,98.5,11907
2017-08-08 00:00:00,98.5,101.25,98.25,98.75,33566
2017-08-07 00:00:00,97.25,99.5,95.25,97.75,75305
2017-08-04 00:00:00,93.0,93.0,90.75,91.5,24644
2017-08-03 00:00:00,92.0,92.0,91.5,91.75,20729
2017-08-02 00:00:00,91.5,92.0,91.5,91.75,13490
2017-08-01 00:00:00,93.5,93.5,91.25,91.5,32430
2017-07-31 00:00:00,91.5,93.75,91.5,93.0,16887
2017-07-28 00:00:00,93.0,93.0,90.5,91.25,10608
2017-07-27 00:00:00,92.5,93.25,91.5,92.0,10481
2017-07-26 00:00:00,91.0,94.25,91.0,92.5,8351
2017-07-25 00:00:00,91.5,93.5,90.75,90.75,13916
2017-07-24 00:00:00,93.5,94.5,91.5,91.75,18393
2017-07-21 00:00:00,95.0,95.0,93.0,93.5,21903
2017-07-20 00:00:00,96.75,96.75,92.0,94.5,68742
2017-07-19 00:00:00,100.0,100.0,98.0,98.25,9856
2017-07-18 00:00:00,99.5,101.0,98.0,98.0,10240
2017-07-17 00:00:00,99.0,101.25,99.0,100.0,11754
2017-07-14 00:00:00,98.5,100.0,98.5,99.0,1640
2017-07-13 00:00:00,99.0,99.75,98.25,98.5,5340
2017-07-12 00:00:00,96.75,99.75,96.5,99.75,5041
2017-07-11 00:00:00,99.25,99.5,97.75,98.25,6406
2017-07-10 00:00:00,99.75,99.75,98.75,99.75,2114
2017-07-07 00:00:00,100.0,100.0,98.5,99.75,6444
2017-07-06 00:00:00,100.0,101.75,99.5,100.5,5393
2017-07-05 00:00:00,99.5,101.0,99.5,100.75,5842
2017-07-04 00:00:00,101.0,101.75,99.5,100.25,8008
2017-07-03 00:00:00,101.5,101.75,100.0,101.0,8790
2017-06-30 00:00:00,100.25,102.0,100.0,101.5,15567
2017-06-29 00:00:00,100.25,101.75,100.25,100.5,8569
2017-06-28 00:00:00,100.75,101.25,99.5,100.5,10432
2017-06-27 00:00:00,99.75,102.0,99.25,101.5,13644
2017-06-26 00:00:00,101.75,101.75,99.5,99.75,10035
2017-06-23 00:00:00,,101.5,101.5,101.5,0
2017-06-22 00:00:00,101.25,102.0,99.5,101.5,8389
2017-06-21 00:00:00,100.25,101.25,98.75,101.0,7239
2017-06-20 00:00:00,100.0,101.0,98.25,100.75,8190
2017-06-19 00:00:00,100.0,100.0,98.0,100.0,7506
2017-06-16 00:00:00,98.25,100.5,98.25,100.0,9090
2017-06-15 00:00:00,100.25,100.25,98.75,100.0,15041
2017-06-14 00:00:00,99.25,100.75,99.0,100.25,13146
2017-06-13 00:00:00,96.5,99.5,96.5,99.5,15886
2017-06-12 00:00:00,100.0,100.0,96.5,97.5,27248
2017-06-09 00:00:00,100.75,100.75,98.5,100.0,20699
2017-06-08 00:00:00,100.75,101.5,100.0,100.75,15572
2017-06-07 00:00:00,101.75,102.0,100.25,101.5,25459
2017-06-06 00:00:00,,102.75,102.75,102.75,0
2017-06-05 00:00:00,102.75,102.75,101.25,102.75,13683
2017-06-02 00:00:00,102.5,103.5,101.5,103.0,26529
2017-06-01 00:00:00,104.25,104.25,102.25,103.25,21851
2017-05-31 00:00:00,105.0,107.0,103.75,104.5,27475
2017-05-30 00:00:00,105.25,105.75,102.0,105.0,31658
2017-05-29 00:00:00,106.0,106.0,104.0,105.25,12001
2017-05-26 00:00:00,105.5,107.0,105.0,106.0,10818
2017-05-24 00:00:00,106.0,107.25,105.5,107.0,9445
2017-05-23 00:00:00,107.75,107.75,105.75,106.75,8322
2017-05-22 00:00:00,105.75,107.75,105.25,107.75,22626
2017-05-19 00:00:00,104.0,106.0,104.0,105.75,16592
2017-05-18 00:00:00,104.25,104.5,102.5,104.0,28676
2017-05-17 00:00:00,110.5,111.0,105.0,106.5,21915
2017-05-16 00:00:00,107.75,112.0,107.75,110.5,43236
2017-05-15 00:00:00,104.5,107.75,103.5,107.75,33438
2017-05-12 00:00:00,105.5,104.5,104.5,104.5,11349
2017-05-11 00:00:00,105.0,106.0,104.0,105.25,14388
2017-05-10 00:00:00,104.5,104.5,101.0,103.25,23985
2017-05-09 00:00:00,105.0,106.0,103.5,104.25,11665
2017-05-08 00:00:00,106.5,106.5,103.25,105.0,17028
2017-05-05 00:00:00,104.5,106.5,104.5,106.5,11101
2017-05-04 00:00:00,103.5,106.75,103.5,104.5,19446
2017-05-03 00:00:00,101.75,104.0,101.5,103.5,26242
2017-05-02 00:00:00,105.0,105.0,101.5,101.75,70126
2017-05-01 00:00:00,,106.0,106.0,106.0,0
2017-04-28 00:00:00,107.75,108.25,101.5,106.0,44162
2017-04-27 00:00:00,110.0,110.0,107.0,107.5,25317
2017-04-26 00:00:00,115.75,115.75,108.0,110.25,55462
2017-04-25 00:00:00,117.25,119.0,115.0,116.25,27804
2017-04-24 00:00:00,110.75,120.0,110.5,119.5,91334
2017-04-21 00:00:00,110.0,110.0,107.75,110.0,17360
2017-04-20 00:00:00,108.0,110.0,108.0,110.0,13961
2017-04-19 00:00:00,109.5,110.0,107.25,108.0,14154
2017-04-18 00:00:00,107.5,109.0,106.0,109.0,19435
2017-04-13 00:00:00,107.0,110.0,103.0,107.5,5176
2017-04-12 00:00:00,105.0,106.0,104.5,106.0,9000
2017-04-11 00:00:00,104.0,105.0,103.75,104.75,7234
2017-04-10 00:00:00,103.0,105.0,103.0,103.75,9483
2017-04-07 00:00:00,102.0,103.0,100.5,103.0,10732
2017-04-06 00:00:00,101.75,102.0,99.75,102.0,30256
2017-04-05 00:00:00,102.75,102.75,101.5,101.75,14160
2017-04-04 00:00:00,103.0,104.75,102.5,102.75,14594
2017-04-03 00:00:00,104.25,104.25,102.75,102.75,33719
2017-03-31 00:00:00,104.0,105.25,103.25,103.5,37553
2017-03-30 00:00:00,104.0,105.0,103.25,104.0,31635
2017-03-29 00:00:00,104.25,105.0,103.5,105.0,12944
2017-03-28 00:00:00,103.25,103.25,101.5,103.0,11493
2017-03-27 00:00:00,104.5,104.5,101.0,103.25,22678
2017-03-24 00:00:00,102.0,105.0,100.75,104.75,25898
2017-03-23 00:00:00,103.75,105.5,101.5,103.0,16112
2017-03-22 00:00:00,105.0,105.0,100.0,103.75,45221
2017-03-21 00:00:00,108.75,109.0,105.5,106.0,18477
2017-03-20 00:00:00,110.0,110.0,107.25,108.75,23601
2017-03-17 00:00:00,109.75,111.0,107.0,110.25,45212
2017-03-16 00:00:00,106.5,112.0,105.5,110.5,62856
2017-03-15 00:00:00,103.75,106.0,103.75,105.5,25142
2017-03-14 00:00:00,105.0,106.0,103.75,106.0,44923
2017-03-13 00:00:00,102.5,105.25,101.0,105.0,141544
2017-03-10 00:00:00,95.75,94.75,94.75,94.75,41648
2017-03-09 00:00:00,94.5,95.5,94.0,95.5,44166
2017-03-08 00:00:00,95.0,95.0,92.75,94.5,69087
2017-03-07 00:00:00,96.25,96.25,94.25,94.5,17574
2017-03-06 00:00:00,95.5,97.0,94.5,96.25,15863
2017-03-03 00:00:00,96.25,95.5,95.5,95.5,7237
2017-03-02 00:00:00,96.25,96.5,96.0,96.25,15947
2017-03-01 00:00:00,96.0,97.0,94.75,96.0,31752
2017-02-28 00:00:00,94.0,95.5,93.75,95.0,58548
2017-02-27 00:00:00,93.5,94.5,92.5,94.0,47011
2017-02-24 00:00:00,95.5,96.0,93.0,93.25,28013
2017-02-23 00:00:00,94.5,98.75,94.25,95.5,50527
2017-02-22 00:00:00,97.0,100.0,94.0,94.5,60048
2017-02-21 00:00:00,94.5,97.5,94.5,97.0,35335
2017-02-20 00:00:00,92.75,97.0,92.75,94.5,37881
2017-02-17 00:00:00,88.0,92.75,88.0,92.75,106210
2017-02-16 00:00:00,84.0,85.0,83.75,84.0,25743
2017-02-15 00:00:00,84.25,84.25,83.5,83.75,7634
2017-02-14 00:00:00,85.5,85.5,83.75,84.25,16954
2017-02-13 00:00:00,85.25,85.5,84.5,85.0,15948
2017-02-10 00:00:00,85.25,85.75,84.75,85.25,11734
2017-02-09 00:00:00,86.0,86.0,84.75,85.0,10548
2017-02-08 00:00:00,84.75,86.0,84.5,85.75,13787
2017-02-07 00:00:00,84.0,84.75,83.75,84.75,12540
2017-02-06 00:00:00,85.0,85.0,84.25,84.75,16194
2017-02-03 00:00:00,85.5,85.5,84.5,85.0,15265
2017-02-02 00:00:00,85.25,85.5,85.0,85.25,15033
2017-02-01 00:00:00,84.0,85.0,84.0,85.0,27578
2017-01-31 00:00:00,83.0,84.75,82.25,84.0,42058
2017-01-30 00:00:00,79.5,82.25,79.0,82.25,59665
2017-01-27 00:00:00,79.25,79.5,78.5,79.5,9558
2017-01-26 00:00:00,79.0,79.5,78.0,79.0,4470
2017-01-25 00:00:00,79.5,79.5,78.75,79.0,4191
2017-01-24 00:00:00,78.75,79.5,78.5,79.5,4711
2017-01-23 00:00:00,79.5,79.5,79.0,79.25,5616
2017-01-20 00:00:00,79.5,79.5,79.25,79.25,5202
2017-01-19 00:00:00,79.75,79.75,79.0,79.75,4182
2017-01-18 00:00:00,79.0,80.25,79.0,80.0,4091
2017-01-17 00:00:00,79.25,79.25,78.0,79.0,4268
2017-01-16 00:00:00,80.0,80.0,78.0,79.25,14539
2017-01-13 00:00:00,80.0,80.5,78.0,80.5,7946
2017-01-12 00:00:00,80.0,80.5,80.0,80.5,4040
2017-01-11 00:00:00,80.0,80.75,79.0,80.75,18743
2017-01-10 00:00:00,79.0,80.0,78.75,79.5,5973
2017-01-09 00:00:00,80.0,80.25,78.5,79.0,9238
2017-01-06 00:00:00,,80.0,80.0,80.0,0
2017-01-05 00:00:00,79.5,80.0,79.25,80.0,2600
2017-01-04 00:00:00,79.5,80.0,79.0,79.5,12935
2017-01-03 00:00:00,79.0,79.5,78.25,79.0,3357
2017-01-02 00:00:00,78.5,79.0,78.0,79.0,8742
2016-12-30 00:00:00,77.5,78.0,76.0,78.0,11774
2016-12-29 00:00:00,75.5,77.75,75.5,77.75,6319
2016-12-28 00:00:00,76.0,77.75,76.0,77.75,6038
2016-12-27 00:00:00,77.0,77.5,76.0,77.0,6219
2016-12-23 00:00:00,75.75,77.0,75.5,77.0,4349
2016-12-22 00:00:00,75.5,75.5,74.75,75.25,5041
2016-12-21 00:00:00,76.25,76.5,74.75,75.5,4262
2016-12-20 00:00:00,76.5,77.25,76.0,76.0,2929
2016-12-19 00:00:00,76.5,77.0,75.5,76.5,3414
2016-12-16 00:00:00,76.0,76.25,75.0,76.0,6065
2016-12-15 00:00:00,76.5,76.5,75.0,75.0,7480
2016-12-14 00:00:00,76.0,76.25,74.5,76.0,9735
2016-12-13 00:00:00,74.75,75.5,73.75,75.25,17604
2016-12-12 00:00:00,75.25,75.25,74.0,74.75,7206
2016-12-09 00:00:00,74.5,75.25,74.0,75.0,313578
2016-12-08 00:00:00,74.0,75.25,74.0,74.5,4222
2016-12-07 00:00:00,75.0,75.5,74.25,74.5,4783
2016-12-06 00:00:00,75.0,75.0,74.25,75.0,7964
2016-12-05 00:00:00,75.0,75.5,74.5,75.25,4308
2016-12-02 00:00:00,75.0,75.75,75.0,75.25,1552
2016-12-01 00:00:00,75.5,76.0,74.75,76.0,6241
2016-11-30 00:00:00,76.0,76.0,75.25,75.5,8563
2016-11-29 00:00:00,75.5,76.75,75.0,75.75,18477
2016-11-28 00:00:00,76.75,77.0,75.5,75.5,4495
2016-11-25 00:00:00,75.5,77.0,75.5,77.0,12215
2016-11-24 00:00:00,76.25,76.5,75.5,76.25,4682
2016-11-23 00:00:00,77.0,77.0,76.0,76.5,4324
2016-11-22 00:00:00,75.75,76.5,75.5,76.0,13791
2016-11-21 00:00:00,75.5,75.5,75.0,75.5,4627
2016-11-18 00:00:00,75.25,75.5,74.5,75.5,12471
2016-11-17 00:00:00,75.0,75.5,74.25,75.25,14993
2016-11-16 00:00:00,75.5,76.75,75.0,75.5,7387
2016-11-15 00:00:00,76.5,76.75,75.5,76.0,10039
2016-11-14 00:00:00,76.5,77.0,76.5,76.5,5309
2016-11-11 00:00:00,76.0,77.0,75.75,76.5,3005
2016-11-10 00:00:00,77.0,77.0,75.5,76.0,9282
2016-11-09 00:00:00,74.5,76.0,73.0,76.0,24451
2016-11-08 00:00:00,75.5,76.5,75.25,76.0,3761
2016-11-07 00:00:00,76.0,76.5,75.0,75.5,7519
2016-11-04 00:00:00,76.75,77.0,75.5,75.5,4869
2016-11-03 00:00:00,76.25,77.0,76.0,76.75,4570
2016-11-02 00:00:00,78.0,78.0,75.5,76.5,8162
2016-11-01 00:00:00,78.0,78.0,76.5,77.5,7515
2016-10-31 00:00:00,77.5,78.0,77.25,78.0,8166
2016-10-28 00:00:00,77.0,77.5,76.25,77.5,3363
2016-10-27 00:00:00,79.0,79.0,77.25,77.25,5163
2016-10-26 00:00:00,78.5,78.5,77.5,78.25,5411
2016-10-25 00:00:00,79.5,79.5,77.75,78.0,17896
2016-10-24 00:00:00,77.0,79.5,77.0,79.0,19924
2016-10-21 00:00:00,80.5,81.0,76.5,77.0,55298
2016-10-20 00:00:00,79.0,80.0,78.75,80.0,18066
2016-10-19 00:00:00,76.75,79.0,76.5,78.75,16221
2016-10-18 00:00:00,76.5,76.75,75.25,76.75,6584
2016-10-17 00:00:00,77.0,77.0,75.25,76.0,9093
2016-10-14 00:00:00,77.0,77.0,74.25,76.5,8055
2016-10-13 00:00:00,76.25,76.25,73.75,75.25,10995
2016-10-12 00:00:00,77.25,77.25,75.0,75.5,9746
2016-10-11 00:00:00,77.5,78.0,76.0,76.0,11660
2016-10-10 00:00:00,76.5,77.5,76.5,77.5,23807
2016-10-07 00:00:00,77.25,78.75,75.75,76.0,11437
2016-10-06 00:00:00,79.5,80.0,77.25,77.25,9402
2016-10-05 00:00:00,79.0,79.75,78.0,79.0,23675
2016-10-04 00:00:00,79.25,79.5,77.25,79.0,33172
2016-10-03 00:00:00,79.0,79.5,77.75,79.5,53677
2016-09-30 00:00:00,75.25,77.25,75.0,77.0,18038
2016-09-29 00:00:00,75.0,75.5,74.5,75.25,8153
2016-09-28 00:00:00,75.0,75.0,74.0,74.5,2353
2016-09-27 00:00:00,75.0,75.0,73.5,74.0,4513
2016-09-26 00:00:00,74.75,74.75,73.25,74.5,11041
2016-09-23 00:00:00,74.5,75.25,72.5,75.25,9990
2016-09-22 00:00:00,74.5,74.5,73.5,74.5,7732
2016-09-21 00:00:00,73.0,74.5,72.25,74.5,53521
2016-09-20 00:00:00,72.25,73.25,72.25,72.75,74072
2016-09-19 00:00:00,73.5,74.25,72.0,72.25,44018
2016-09-16 00:00:00,74.0,74.0,73.25,73.5,22691
2016-09-15 00:00:00,74.0,75.75,73.25,74.0,13208
2016-09-14 00:00:00,73.5,73.5,72.25,73.5,7946
2016-09-13 00:00:00,73.75,74.75,72.0,74.0,22568
2016-09-12 00:00:00,74.25,74.25,71.75,73.75,32377
2016-09-09 00:00:00,74.5,75.75,74.25,75.0,18234
2016-09-08 00:00:00,75.75,76.0,75.0,75.5,6266
2016-09-07 00:00:00,76.0,76.0,75.0,75.75,4074
2016-09-06 00:00:00,76.0,76.0,75.25,76.0,4948
2016-09-05 00:00:00,75.25,76.0,74.75,75.75,12120
2016-09-02 00:00:00,75.75,75.75,73.25,74.75,7537
2016-09-01 00:00:00,75.5,76.0,74.0,75.0,24946
2016-08-31 00:00:00,73.0,75.25,72.5,74.75,63428
2016-08-30 00:00:00,72.5,73.75,72.25,73.0,56557
2016-08-29 00:00:00,74.5,74.5,71.75,72.5,50586
2016-08-26 00:00:00,75.0,75.0,73.0,74.0,42478
2016-08-25 00:00:00,75.0,75.0,73.75,73.75,7387
2016-08-24 00:00:00,76.25,76.75,74.25,74.75,8482
2016-08-23 00:00:00,79.0,79.0,76.25,76.25,11435
2016-08-22 00:00:00,74.5,78.25,74.5,77.75,14574
2016-08-19 00:00:00,74.5,74.5,73.75,74.5,8034
2016-08-18 00:00:00,72.75,74.5,72.75,74.5,34166
2016-08-17 00:00:00,74.0,74.0,73.0,73.25,13846
2016-08-16 00:00:00,75.75,75.75,74.0,74.0,14229
2016-08-15 00:00:00,75.0,75.25,74.0,74.25,21372
2016-08-12 00:00:00,74.5,74.75,73.25,74.25,11832
2016-08-11 00:00:00,73.0,74.5,72.25,74.5,6143
2016-08-10 00:00:00,73.0,73.5,72.0,73.0,27311
2016-08-09 00:00:00,72.0,74.0,71.5,73.0,36784
2016-08-08 00:00:00,72.0,72.75,71.25,72.0,23469
2016-08-05 00:00:00,71.5,72.75,71.5,72.0,40243
2016-08-04 00:00:00,72.75,73.0,72.0,72.0,7173
2016-08-03 00:00:00,71.75,72.75,71.0,72.25,33489
2016-08-02 00:00:00,73.25,73.25,71.5,71.75,5383
2016-08-01 00:00:00,73.0,74.0,72.5,73.25,4015
2016-07-29 00:00:00,75.25,75.5,72.75,73.5,7272
2016-07-28 00:00:00,76.0,76.0,75.0,75.25,7745
2016-07-27 00:00:00,76.0,76.0,75.0,76.0,7323
2016-07-26 00:00:00,75.25,76.25,75.25,76.0,942
2016-07-25 00:00:00,76.0,76.0,74.75,75.25,4716
2016-07-22 00:00:00,76.75,76.75,73.75,75.75,17416
2016-07-21 00:00:00,77.0,77.5,76.75,76.75,5803
2016-07-20 00:00:00,78.0,78.5,77.0,77.0,19437
2016-07-19 00:00:00,76.75,77.0,75.0,75.75,11072
2016-07-18 00:00:00,74.0,77.5,74.0,75.0,3514
2016-07-15 00:00:00,70.25,73.75,70.25,72.5,3757
2016-07-14 00:00:00,69.5,71.25,69.5,70.0,12152
2016-07-13 00:00:00,69.5,69.5,68.0,69.25,6518
2016-07-12 00:00:00,69.0,69.5,67.25,69.5,7817
2016-07-11 00:00:00,70.0,70.0,68.5,68.75,7238
2016-07-08 00:00:00,72.0,72.5,69.5,70.0,3983
2016-07-07 00:00:00,69.5,71.0,69.25,69.75,4650
2016-07-06 00:00:00,68.5,69.0,67.0,69.0,3779
2016-07-05 00:00:00,68.0,68.5,68.0,68.25,2474
2016-07-04 00:00:00,67.0,67.5,66.5,67.25,2968
2016-07-01 00:00:00,66.5,67.0,66.25,66.5,7168
2016-06-30 00:00:00,65.75,66.0,64.75,66.0,5123
2016-06-29 00:00:00,64.75,66.0,64.0,65.75,3961
2016-06-28 00:00:00,64.0,65.25,63.5,64.75,6666
2016-06-27 00:00:00,64.25,64.75,62.75,62.75,40486
2016-06-24 00:00:00,,66.25,66.25,66.25,0
2016-06-23 00:00:00,65.5,67.5,65.5,66.25,15129
2016-06-22 00:00:00,65.5,67.0,65.5,67.0,5287
2016-06-21 00:00:00,67.0,67.25,65.5,65.5,2613
2016-06-20 00:00:00,65.25,66.75,65.25,65.75,19847
2016-06-17 00:00:00,64.5,65.75,64.25,65.25,6432
2016-06-16 00:00:00,66.0,66.0,64.75,65.25,10224
2016-06-15 00:00:00,65.5,69.0,65.25,66.0,12060
2016-06-14 00:00:00,64.0,65.5,63.0,65.5,14242
2016-06-13 00:00:00,66.0,66.0,63.75,65.5,32454
2016-06-10 00:00:00,70.0,70.0,66.5,67.75,27150
2016-06-09 00:00:00,70.0,71.25,69.0,69.5,3743
2016-06-08 00:00:00,70.25,70.25,68.75,70.0,14762
2016-06-07 00:00:00,71.0,71.0,70.0,70.25,9183
2016-06-06 00:00:00,,71.0,71.0,71.0,0
2016-06-03 00:00:00,70.5,71.0,70.25,71.0,2013
2016-06-02 00:00:00,70.25,71.0,70.25,70.5,1733
2016-06-01 00:00:00,70.5,71.25,70.25,70.75,8779
2016-05-31 00:00:00,71.5,71.75,70.5,70.5,5797
2016-05-30 00:00:00,72.25,72.25,71.0,71.5,4701
2016-05-27 00:00:00,71.5,72.25,70.5,70.5,8540
2016-05-26 00:00:00,70.75,72.0,70.75,71.0,4255
2016-05-25 00:00:00,72.5,72.5,70.75,70.75,8047
2016-05-24 00:00:00,72.75,72.75,70.75,72.5,5505
2016-05-23 00:00:00,73.0,73.0,70.75,72.5,5134
2016-05-20 00:00:00,71.0,72.0,71.0,72.0,3136
2016-05-19 00:00:00,72.5,72.5,71.75,71.75,2839
2016-05-18 00:00:00,72.0,72.75,71.0,72.5,8495
2016-05-17 00:00:00,72.0,72.0,71.25,72.0,12148
2016-05-16 00:00:00,72.0,72.25,71.25,72.0,3672
2016-05-13 00:00:00,71.75,72.25,71.0,71.25,4097
2016-05-12 00:00:00,72.5,73.5,71.25,71.75,8278
2016-05-11 00:00:00,71.5,72.0,70.75,71.0,3661
2016-05-10 00:00:00,72.0,72.5,71.25,71.5,7319
2016-05-09 00:00:00,73.0,74.75,72.25,72.25,7170
2016-05-06 00:00:00,72.5,73.0,72.0,73.0,4510
2016-05-05 00:00:00,70.75,72.5,70.75,72.25,4297
2016-05-04 00:00:00,70.75,72.5,70.75,72.25,4297
2016-05-03 00:00:00,72.5,72.5,70.5,70.75,11985
2016-05-02 00:00:00,75.0,75.0,72.0,73.0,7506
2016-04-29 00:00:00,75.0,75.0,71.0,74.0,6760
2016-04-28 00:00:00,71.75,73.0,71.5,72.25,10898
2016-04-27 00:00:00,73.5,73.5,72.5,73.25,14996
2016-04-26 00:00:00,75.5,75.5,71.0,73.5,23337
2016-04-25 00:00:00,77.0,77.0,74.0,75.5,18636
2016-04-22 00:00:00,79.5,79.5,78.0,78.5,9873
2016-04-21 00:00:00,80.0,80.0,77.25,79.5,43429
2016-04-20 00:00:00,83.0,86.0,79.75,80.5,42459
2016-04-19 00:00:00,80.75,84.0,80.5,83.75,16184
2016-04-18 00:00:00,81.5,81.75,80.25,80.75,4488
2016-04-15 00:00:00,82.0,82.0,80.5,81.0,5519
2016-04-14 00:00:00,79.5,82.25,79.5,81.5,6588
2016-04-13 00:00:00,79.0,79.5,77.75,78.75,9780
2016-04-12 00:00:00,78.25,78.5,77.5,78.5,17312
2016-04-11 00:00:00,80.0,80.75,78.0,78.5,9468
2016-04-08 00:00:00,80.0,80.75,79.25,80.0,9916
2016-04-07 00:00:00,81.0,81.0,79.5,80.0,4526
2016-04-06 00:00:00,82.0,82.0,79.0,81.0,14106
2016-04-05 00:00:00,82.5,83.0,80.0,81.5,10154
2016-04-04 00:00:00,82.25,82.75,81.75,82.75,10837
2016-04-01 00:00:00,84.0,84.25,81.0,82.0,18575
2016-03-31 00:00:00,82.5,84.25,82.0,83.75,8162
2016-03-30 00:00:00,84.75,84.75,82.5,82.5,11155
2016-03-29 00:00:00,84.5,84.5,83.75,83.75,19255
2016-03-28 00:00:00,84.5,84.5,83.75,83.75,16881
2016-03-25 00:00:00,84.5,84.5,83.0,83.75,16881
2016-03-24 00:00:00,84.5,84.5,83.0,83.75,16881
2016-03-23 00:00:00,83.5,85.0,80.5,82.25,31560
2016-03-22 00:00:00,85.0,85.0,83.5,83.5,21278
2016-03-21 00:00:00,82.0,87.0,82.0,84.75,37269
2016-03-18 00:00:00,79.0,79.0,78.5,79.0,8137
2016-03-17 00:00:00,79.0,79.0,77.75,78.5,6918
2016-03-16 00:00:00,78.0,79.0,78.0,78.75,5850
2016-03-15 00:00:00,79.25,79.25,77.75,78.0,14174
2016-03-14 00:00:00,79.0,79.25,78.75,79.25,21899
2016-03-11 00:00:00,79.0,79.0,77.75,78.25,19824
2016-03-10 00:00:00,77.0,77.75,77.0,77.75,29165
2016-03-09 00:00:00,75.25,77.75,75.25,76.75,37403
2016-03-08 00:00:00,74.0,74.75,72.0,72.0,24695
2016-03-07 00:00:00,73.75,76.0,72.25,73.75,45039
2016-03-04 00:00:00,73.75,74.0,70.5,70.75,18555
2016-03-03 00:00:00,74.25,74.25,72.0,72.75,8714
2016-03-02 00:00:00,71.25,72.5,71.0,71.75,15305
2016-03-01 00:00:00,69.0,71.0,69.0,71.0,21413
2016-02-29 00:00:00,68.0,69.25,67.5,68.5,18875
2016-02-26 00:00:00,66.5,67.75,66.5,67.75,17318
2016-02-25 00:00:00,67.25,67.75,66.0,66.5,6723
2016-02-24 00:00:00,67.75,67.75,66.5,67.25,6807
2016-02-23 00:00:00,68.0,68.0,66.75,66.75,4849
2016-02-22 00:00:00,67.25,67.25,66.0,67.25,17499
2016-02-19 00:00:00,67.0,67.5,64.5,66.0,11196
2016-02-18 00:00:00,70.0,70.5,66.5,67.0,45663
2016-02-17 00:00:00,64.75,68.5,64.75,68.5,22174
2016-02-16 00:00:00,63.5,64.75,63.5,64.0,4135
2016-02-15 00:00:00,63.0,64.5,63.0,63.5,7372
2016-02-12 00:00:00,63.0,64.0,62.25,63.5,10256
2016-02-11 00:00:00,63.0,64.5,62.0,62.0,5681
2016-02-10 00:00:00,61.0,62.75,61.0,62.0,7122
2016-02-09 00:00:00,62.5,63.0,60.5,60.75,33571
2016-02-08 00:00:00,63.0,67.0,62.5,62.5,13705
2016-02-05 00:00:00,65.25,66.75,64.0,64.0,7451
2016-02-04 00:00:00,66.0,66.0,64.75,64.75,3130
2016-02-03 00:00:00,64.75,67.0,64.25,64.75,7694
2016-02-02 00:00:00,63.5,64.75,63.25,64.75,4541
2016-02-01 00:00:00,65.5,66.5,63.5,63.5,10296
2016-01-29 00:00:00,66.75,66.75,65.0,65.5,6357
2016-01-28 00:00:00,66.5,67.25,65.0,65.75,9405
2016-01-27 00:00:00,66.0,66.25,66.0,66.25,5487
2016-01-26 00:00:00,66.75,66.75,65.0,66.0,5690
2016-01-25 00:00:00,66.0,66.5,65.5,66.5,15292
2016-01-22 00:00:00,65.0,65.5,64.0,65.0,17130
2016-01-21 00:00:00,60.75,64.25,59.5,63.5,10662
2016-01-20 00:00:00,63.25,63.25,59.75,60.75,23171
2016-01-19 00:00:00,62.0,64.0,62.0,63.75,20100
2016-01-18 00:00:00,62.75,62.75,59.5,61.0,36673
2016-01-15 00:00:00,60.25,60.25,58.0,58.5,8382
2016-01-14 00:00:00,60.0,60.0,58.0,59.75,16076
2016-01-13 00:00:00,61.0,62.0,60.25,60.75,9802
2016-01-12 00:00:00,61.75,62.0,60.25,61.75,7704
2016-01-11 00:00:00,61.0,62.0,60.0,61.75,7284
2016-01-08 00:00:00,60.5,62.5,60.0,61.0,10074
2016-01-07 00:00:00,61.25,61.25,59.0,60.75,19646
2016-01-06 00:00:00,,62.0,62.0,62.0,0
2016-01-05 00:00:00,62.5,63.5,62.0,62.0,11046
2016-01-04 00:00:00,64.0,64.0,61.0,61.75,19094
2016-01-01 00:00:00,,64.5,64.5,64.5,0
2015-12-31 00:00:00,,64.5,64.5,64.5,0
2015-12-30 00:00:00,67.0,67.0,63.5,64.5,4170
2015-12-29 00:00:00,65.75,65.75,63.0,64.75,9566
2015-12-28 00:00:00,64.25,65.75,64.0,64.75,4902
2015-12-25 00:00:00,63.75,64.5,63.25,64.25,5578
2015-12-24 00:00:00,63.75,64.5,63.25,64.25,5578
2015-12-23 00:00:00,63.75,64.5,63.25,64.25,5578
2015-12-22 00:00:00,65.0,65.0,63.0,63.5,3274
2015-12-21 00:00:00,62.75,64.0,62.5,64.0,4687
2015-12-18 00:00:00,63.75,63.75,61.75,62.75,8832
2015-12-17 00:00:00,62.5,63.25,62.5,62.75,7220
2015-12-16 00:00:00,62.5,62.5,61.0,62.5,16604
2015-12-15 00:00:00,62.25,63.0,61.0,62.5,10002
2015-12-14 00:00:00,63.0,63.75,60.75,62.25,7885
2015-12-11 00:00:00,63.0,63.0,61.5,63.0,15114
2015-12-10 00:00:00,63.5,63.5,61.25,62.5,12462
2015-12-09 00:00:00,63.25,63.75,62.25,63.5,7460
2015-12-08 00:00:00,63.5,63.75,62.75,63.25,15106
2015-12-07 00:00:00,64.75,65.25,63.75,63.75,14215
2015-12-04 00:00:00,66.25,66.25,64.0,64.5,9171
2015-12-03 00:00:00,66.0,66.5,63.75,64.5,25109
2015-12-02 00:00:00,66.0,66.75,65.25,66.0,13505
2015-12-01 00:00:00,65.0,65.5,64.75,65.0,10560
2015-11-30 00:00:00,66.0,66.0,64.5,64.75,16715
2015-11-27 00:00:00,66.25,66.25,65.0,66.0,3448
2015-11-26 00:00:00,65.5,66.5,65.0,66.25,18238
2015-11-25 00:00:00,66.0,66.75,65.25,65.5,5936
2015-11-24 00:00:00,67.0,67.0,65.0,66.25,9484
2015-11-23 00:00:00,67.0,67.75,66.25,67.5,19636
2015-11-20 00:00:00,67.25,67.25,65.75,67.0,8529
2015-11-19 00:00:00,67.0,67.5,65.5,67.5,9171
2015-11-18 00:00:00,67.0,67.5,66.5,67.0,12410
2015-11-17 00:00:00,69.0,69.0,64.5,66.0,24672
2015-11-16 00:00:00,67.75,71.0,66.75,67.75,25726
2015-11-13 00:00:00,65.75,68.0,64.75,67.5,24937
2015-11-12 00:00:00,64.0,66.5,63.0,65.75,43589
2015-11-11 00:00:00,64.5,64.5,62.75,64.5,4861
2015-11-10 00:00:00,64.75,64.75,62.25,62.25,18664
2015-11-09 00:00:00,63.0,65.0,62.75,64.75,37706
2015-11-06 00:00:00,63.5,64.0,62.5,62.75,11560
2015-11-05 00:00:00,63.0,64.0,62.5,63.5,15244
2015-11-04 00:00:00,63.5,64.5,63.0,64.0,22509
2015-11-03 00:00:00,63.75,63.75,61.75,63.0,26043
2015-11-02 00:00:00,63.5,65.0,62.75,63.75,62369
2015-10-30 00:00:00,61.5,63.0,61.5,62.75,38117
2015-10-29 00:00:00,59.0,64.5,58.5,61.0,143111
2015-10-28 00:00:00,59.0,59.0,58.5,59.0,11592
2015-10-27 00:00:00,58.5,59.0,57.75,59.0,79701
2015-10-26 00:00:00,58.75,59.25,58.5,59.0,3624
2015-10-23 00:00:00,58.25,59.5,57.5,59.25,22939
2015-10-22 00:00:00,57.25,58.75,57.0,58.0,83488
2015-10-21 00:00:00,56.0,56.0,55.0,55.25,28850
2015-10-20 00:00:00,54.75,56.0,54.75,55.5,18680
2015-10-19 00:00:00,55.25,55.5,55.0,55.5,8979
2015-10-16 00:00:00,54.75,55.25,54.75,55.0,3164
2015-10-15 00:00:00,55.0,55.0,53.75,54.75,2415
2015-10-14 00:00:00,55.25,55.25,54.25,54.25,4224
2015-10-13 00:00:00,55.25,55.25,54.5,54.75,2440
2015-10-12 00:00:00,54.5,56.0,54.5,55.25,8761
2015-10-09 00:00:00,53.75,54.5,53.75,54.0,6092
2015-10-08 00:00:00,54.0,54.5,53.5,53.75,945
2015-10-07 00:00:00,54.5,54.5,53.0,54.0,1264
2015-10-06 00:00:00,54.0,54.25,52.25,54.25,2853
2015-10-05 00:00:00,54.25,54.5,53.0,54.25,5863
2015-10-02 00:00:00,53.75,54.0,53.25,54.0,3127
2015-10-01 00:00:00,54.25,54.25,53.25,53.25,290
2015-09-30 00:00:00,54.75,54.75,53.0,53.0,7825
2015-09-29 00:00:00,53.5,54.0,52.5,53.5,4485
2015-09-28 00:00:00,52.75,54.25,52.75,53.5,22562
2015-09-25 00:00:00,53.25,54.25,52.75,53.75,13573
2015-09-24 00:00:00,54.5,54.5,53.25,53.25,5197
2015-09-23 00:00:00,54.25,54.5,54.25,54.5,5776
2015-09-22 00:00:00,54.5,54.5,54.0,54.0,22973
2015-09-21 00:00:00,55.25,55.25,52.75,54.0,18363
2015-09-18 00:00:00,55.0,55.0,55.0,55.0,1451
2015-09-17 00:00:00,55.0,55.0,54.25,55.0,9584
2015-09-16 00:00:00,54.75,55.25,54.75,55.0,1150
2015-09-15 00:00:00,54.25,55.25,54.25,55.25,13310
2015-09-14 00:00:00,55.0,56.0,54.25,55.0,10467
2015-09-11 00:00:00,55.25,55.25,54.5,55.0,6301
2015-09-10 00:00:00,55.0,55.25,55.0,55.25,13400
2015-09-09 00:00:00,55.25,55.25,55.0,55.0,11839
2015-09-08 00:00:00,54.75,55.25,54.5,55.25,8027
2015-09-07 00:00:00,55.5,56.75,54.0,55.25,31554
2015-09-04 00:00:00,55.0,55.0,54.75,55.0,11255
2015-09-03 00:00:00,55.0,56.0,55.0,56.0,6550
2015-09-02 00:00:00,53.5,56.0,53.5,56.0,21069
2015-09-01 00:00:00,56.5,56.5,54.0,55.5,28818
2015-08-31 00:00:00,57.0,57.0,55.25,56.75,4634
2015-08-28 00:00:00,57.25,57.25,56.25,57.0,2750
2015-08-27 00:00:00,55.0,56.75,55.0,56.5,494
2015-08-26 00:00:00,55.75,55.75,54.25,55.0,14573
2015-08-25 00:00:00,53.5,57.75,53.5,55.75,16126
2015-08-24 00:00:00,54.5,54.75,52.75,53.75,24509
2015-08-21 00:00:00,56.25,56.25,54.5,55.25,11900
2015-08-20 00:00:00,58.5,59.75,56.0,56.5,19274
2015-08-19 00:00:00,60.0,60.0,58.0,59.25,3942
2015-08-18 00:00:00,59.75,60.0,59.0,60.0,5170
2015-08-17 00:00:00,60.0,60.0,58.25,59.75,7891
2015-08-14 00:00:00,57.75,61.0,57.5,61.0,14630
2015-08-13 00:00:00,57.0,57.75,57.0,57.5,844
2015-08-12 00:00:00,57.75,57.75,56.75,57.0,5438
2015-08-11 00:00:00,57.25,58.25,57.0,57.75,7000
2015-08-10 00:00:00,57.5,58.0,57.0,57.75,7648
2015-08-07 00:00:00,57.25,58.25,57.25,58.0,7468
2015-08-06 00:00:00,58.75,58.75,57.0,58.25,4977
2015-08-05 00:00:00,59.0,59.0,58.0,58.75,5331
2015-08-04 00:00:00,58.75,60.25,58.75,59.5,3445
2015-08-03 00:00:00,59.0,59.75,58.5,59.5,6133
2015-07-31 00:00:00,59.0,59.0,58.5,59.0,5230
2015-07-30 00:00:00,58.75,58.75,58.0,58.5,7120
2015-07-29 00:00:00,59.0,59.0,58.0,58.5,6257
2015-07-28 00:00:00,59.5,59.5,58.5,59.0,14168
2015-07-27 00:00:00,60.0,61.25,58.0,59.75,14420
2015-07-24 00:00:00,60.75,63.0,58.5,59.25,71290
2015-07-23 00:00:00,56.0,56.75,55.0,56.0,15005
2015-07-22 00:00:00,54.0,55.5,53.75,54.0,13461
2015-07-21 00:00:00,53.25,54.0,53.0,54.0,5533
2015-07-20 00:00:00,53.5,53.5,52.5,53.5,3214
2015-07-17 00:00:00,52.0,53.0,52.0,52.75,2144
2015-07-16 00:00:00,52.75,52.75,52.5,52.75,1257
2015-07-15 00:00:00,52.75,52.75,52.25,52.5,5063
2015-07-14 00:00:00,52.5,52.5,52.25,52.25,2459
2015-07-13 00:00:00,51.0,52.25,51.0,52.25,6757
2015-07-10 00:00:00,51.0,51.75,50.25,51.75,4151
2015-07-09 00:00:00,51.0,51.0,49.4,50.25,4258
2015-07-08 00:00:00,49.9,51.75,49.4,50.25,9491
2015-07-07 00:00:00,50.75,50.75,49.8,49.8,639
2015-07-06 00:00:00,50.75,50.75,50.0,50.75,6553
2015-07-03 00:00:00,50.5,51.0,49.3,50.0,5553
2015-07-02 00:00:00,50.0,50.5,50.0,50.0,2020
2015-07-01 00:00:00,49.0,50.5,48.6,50.0,10901
2015-06-30 00:00:00,47.7,50.5,47.5,50.5,15627
2015-06-29 00:00:00,48.5,49.9,47.5,48.6,28644
2015-06-26 00:00:00,50.5,51.5,50.0,50.5,4021
2015-06-25 00:00:00,50.5,50.5,49.9,50.5,242
2015-06-24 00:00:00,50.5,51.75,50.5,50.5,8626
2015-06-23 00:00:00,50.75,50.75,49.8,50.5,5506
2015-06-22 00:00:00,50.5,50.75,49.3,50.75,14284
2015-06-19 00:00:00,,49.8,49.8,49.8,0
2015-06-18 00:00:00,49.7,50.0,48.1,49.8,8712
2015-06-17 00:00:00,50.75,50.75,49.7,50.5,1185
2015-06-16 00:00:00,49.6,50.5,48.4,50.5,14100
2015-06-15 00:00:00,51.0,51.0,49.7,50.75,6236
2015-06-12 00:00:00,50.75,52.0,49.7,51.75,5851
2015-06-11 00:00:00,49.3,51.25,49.0,50.75,5561
2015-06-10 00:00:00,49.2,52.0,49.1,51.0,14873
2015-06-09 00:00:00,49.0,50.25,49.0,50.0,4412
2015-06-08 00:00:00,52.0,52.0,49.6,50.5,8035
2015-06-05 00:00:00,51.0,52.0,50.75,52.0,2320
2015-06-04 00:00:00,51.25,52.0,50.5,51.5,6034
2015-06-03 00:00:00,52.0,52.25,51.25,51.5,13010
2015-06-02 00:00:00,51.75,52.5,51.75,52.0,3657
2015-06-01 00:00:00,53.25,53.25,51.75,51.75,4041
2015-05-29 00:00:00,53.75,54.0,51.5,53.25,4863
2015-05-28 00:00:00,54.75,54.75,53.75,54.5,833
2015-05-27 00:00:00,55.0,55.0,54.0,55.0,2255
2015-05-26 00:00:00,56.0,56.0,54.25,55.0,1949
2015-05-25 00:00:00,56.0,56.0,54.0,55.75,1189
2015-05-22 00:00:00,53.75,56.0,53.75,56.0,10653
2015-05-21 00:00:00,54.0,54.0,53.5,54.0,601
2015-05-20 00:00:00,55.5,55.5,54.0,54.5,3996
2015-05-19 00:00:00,54.5,54.75,53.0,54.0,15646
2015-05-18 00:00:00,52.5,53.5,52.0,53.0,26025
2015-05-15 00:00:00,51.25,52.5,51.25,51.5,19068
2015-05-14 00:00:00,50.25,50.75,50.0,50.5,12682
2015-05-13 00:00:00,50.25,50.75,50.0,50.5,12682
2015-05-12 00:00:00,49.8,49.8,48.2,49.0,12962
2015-05-11 00:00:00,49.8,50.75,49.2,49.8,10742
2015-05-08 00:00:00,49.0,50.5,49.0,50.0,8524
2015-05-07 00:00:00,49.0,50.5,47.2,49.0,26653
2015-05-06 00:00:00,50.5,52.5,49.9,50.5,12716
2015-05-05 00:00:00,50.75,51.5,50.5,51.25,14877
2015-05-04 00:00:00,51.0,51.5,49.7,50.5,15542
2015-05-01 00:00:00,50.25,51.5,50.25,51.0,6308
2015-04-30 00:00:00,50.25,51.5,50.25,51.0,6308
2015-04-29 00:00:00,53.0,53.25,50.25,51.5,16286
2015-04-28 00:00:00,54.0,54.0,52.25,53.0,8722
2015-04-27 00:00:00,53.5,54.25,52.75,54.0,10535
2015-04-24 00:00:00,54.5,54.5,53.5,54.25,9600
2015-04-23 00:00:00,52.0,54.5,52.0,53.75,78585
2015-04-22 00:00:00,59.25,60.75,56.0,58.5,44263
2015-04-21 00:00:00,59.0,59.25,57.75,59.0,17152
2015-04-20 00:00:00,57.75,59.0,57.75,59.0,28005
2015-04-17 00:00:00,58.5,58.5,57.0,57.75,17488
2015-04-16 00:00:00,58.0,58.75,57.75,58.25,31398
2015-04-15 00:00:00,58.0,58.75,57.75,57.75,9304
2015-04-14 00:00:00,58.75,58.75,57.75,58.0,6981
2015-04-13 00:00:00,59.0,59.0,56.25,58.25,19829
2015-04-10 00:00:00,59.5,59.5,58.0,59.0,16201
2015-04-09 00:00:00,57.5,59.0,57.5,58.0,16194
2015-04-08 00:00:00,56.0,57.5,55.25,57.0,20731
2015-04-07 00:00:00,57.0,57.0,55.5,56.0,32234
2015-04-02 00:00:00,57.0,57.5,56.25,56.75,13426
2015-04-01 00:00:00,56.0,57.0,56.0,56.5,19336
2015-03-31 00:00:00,55.5,56.0,55.5,56.0,13949
2015-03-30 00:00:00,55.5,55.5,54.75,55.25,3253
2015-03-27 00:00:00,56.0,56.0,55.25,55.5,2244
2015-03-26 00:00:00,54.75,54.75,53.5,54.5,5477
2015-03-25 00:00:00,55.25,55.25,54.75,54.75,6081
2015-03-24 00:00:00,54.5,55.0,54.5,54.75,6000
2015-03-23 00:00:00,54.0,54.5,53.5,54.25,4906
2015-03-20 00:00:00,53.5,54.0,53.25,54.0,10550
2015-03-19 00:00:00,53.25,53.5,53.0,53.0,2505
2015-03-18 00:00:00,53.25,53.5,52.0,53.5,11375
2015-03-17 00:00:00,53.0,53.25,52.5,52.5,8383
2015-03-16 00:00:00,53.5,53.5,52.5,53.0,5945
2015-03-13 00:00:00,52.5,53.5,52.5,53.5,3933
2015-03-12 00:00:00,53.0,53.5,52.75,53.0,2407
2015-03-11 00:00:00,53.5,53.5,52.75,52.75,1787
2015-03-10 00:00:00,53.25,53.25,52.75,52.75,8248
2015-03-09 00:00:00,53.0,53.5,52.75,53.25,4689
2015-03-06 00:00:00,53.0,53.5,53.0,53.0,12108
2015-03-05 00:00:00,52.75,53.0,52.5,52.75,12398
2015-03-04 00:00:00,52.0,52.25,51.5,52.0,9688
2015-03-03 00:00:00,52.5,53.0,52.0,52.5,12409
2015-03-02 00:00:00,53.25,53.5,52.5,52.5,12380
2015-02-27 00:00:00,52.5,54.0,51.75,53.5,24415
2015-02-26 00:00:00,52.25,52.5,51.75,52.5,18556
2015-02-25 00:00:00,52.0,52.0,51.5,52.0,9272
2015-02-24 00:00:00,52.5,52.5,51.25,52.0,16005
2015-02-23 00:00:00,52.5,52.5,51.75,52.0,19617
2015-02-20 00:00:00,52.5,52.5,51.5,52.0,11291
2015-02-19 00:00:00,52.5,52.5,52.0,52.5,7522
2015-02-18 00:00:00,52.0,52.25,51.5,52.25,19066
2015-02-17 00:00:00,52.0,52.0,51.25,52.0,8392
2015-02-16 00:00:00,53.0,53.0,51.75,52.25,17367
2015-02-13 00:00:00,52.25,52.5,52.0,52.5,25584
2015-02-12 00:00:00,50.5,53.0,50.0,52.0,64837
2015-02-11 00:00:00,50.25,51.5,50.0,50.75,76486
2015-02-10 00:00:00,45.0,46.9,44.9,45.0,15787
2015-02-09 00:00:00,45.7,46.2,45.0,45.0,9581
2015-02-06 00:00:00,46.6,46.6,45.6,46.0,1513
2015-02-05 00:00:00,46.0,46.4,45.3,46.0,2473
2015-02-04 00:00:00,45.8,45.9,45.3,45.7,7322
2015-02-03 00:00:00,44.3,46.0,44.0,45.7,15892
2015-02-02 00:00:00,43.9,44.5,43.9,44.3,8345
2015-01-30 00:00:00,44.2,44.7,44.1,44.7,2578
2015-01-29 00:00:00,44.8,44.8,44.2,44.7,1882
2015-01-28 00:00:00,45.0,45.0,44.2,44.8,7998
2015-01-27 00:00:00,45.0,45.1,44.8,45.0,5645
2015-01-26 00:00:00,43.9,45.0,43.9,44.5,4946
2015-01-23 00:00:00,44.4,45.0,44.4,45.0,8270
2015-01-22 00:00:00,44.0,44.3,43.5,44.3,9800
2015-01-21 00:00:00,44.7,44.7,43.8,44.3,11732
2015-01-20 00:00:00,44.8,45.0,44.3,44.5,5961
2015-01-19 00:00:00,45.1,45.1,44.6,44.6,13609
2015-01-16 00:00:00,46.7,46.7,45.1,45.4,10160
2015-01-15 00:00:00,44.8,45.6,44.8,45.5,5609
2015-01-14 00:00:00,45.9,45.9,43.7,44.6,7292
2015-01-13 00:00:00,45.5,46.1,45.5,45.7,3519
2015-01-12 00:00:00,47.3,47.3,45.6,46.4,7730
2015-01-09 00:00:00,46.4,46.9,45.8,45.8,4314
2015-01-08 00:00:00,46.3,48.0,46.0,47.1,14787
2015-01-07 00:00:00,46.5,46.5,45.4,46.3,4469
2015-01-06 00:00:00,,46.4,46.4,46.4,0
2015-01-05 00:00:00,45.1,46.5,45.1,46.4,11687
2015-01-02 00:00:00,45.0,46.5,45.0,45.1,9796
2015-01-01 00:00:00,44.2,45.0,43.7,45.0,7779
2014-12-30 00:00:00,44.2,45.0,43.7,45.0,7779
2014-12-29 00:00:00,43.5,44.5,43.5,44.3,3808
2014-12-23 00:00:00,44.0,44.3,43.5,43.9,1773
2014-12-22 00:00:00,44.5,44.5,43.9,43.9,5294
2014-12-19 00:00:00,44.1,44.5,44.0,44.5,5029
2014-12-18 00:00:00,44.2,44.5,43.4,44.5,10879
2014-12-17 00:00:00,44.0,44.0,43.4,44.0,3130
2014-12-16 00:00:00,44.3,44.4,43.8,43.8,4617
2014-12-15 00:00:00,43.5,45.1,43.3,44.4,6624
2014-12-12 00:00:00,43.8,44.1,43.4,43.5,8458
2014-12-11 00:00:00,44.4,44.4,43.8,44.0,9376
2014-12-10 00:00:00,43.4,44.5,43.3,44.5,15339
2014-12-09 00:00:00,43.3,43.5,43.0,43.0,14458
2014-12-08 00:00:00,43.8,43.8,43.2,43.3,5496
2014-12-05 00:00:00,42.5,43.5,42.5,43.2,15715
2014-12-04 00:00:00,42.8,43.0,42.8,43.0,5392
2014-12-03 00:00:00,42.1,43.2,42.1,42.5,12372
2014-12-02 00:00:00,43.0,43.0,42.7,42.7,15159
2014-12-01 00:00:00,43.1,43.2,42.4,43.0,25591
2014-11-28 00:00:00,42.3,42.3,42.3,42.3,250
2014-11-27 00:00:00,42.3,42.3,41.8,41.8,4064
2014-11-26 00:00:00,42.0,42.4,41.7,42.4,2306
2014-11-25 00:00:00,41.6,42.0,41.6,42.0,10155
2014-11-24 00:00:00,41.3,42.0,41.2,42.0,3260
2014-11-21 00:00:00,41.6,41.7,41.6,41.7,10200
2014-11-20 00:00:00,41.1,41.9,41.1,41.7,891
2014-11-19 00:00:00,42.0,42.0,42.0,42.0,5
2014-11-18 00:00:00,41.3,42.2,41.2,41.7,20475
2014-11-17 00:00:00,41.7,42.0,41.1,41.8,5043
2014-11-14 00:00:00,41.8,42.0,41.7,41.7,3725
2014-11-13 00:00:00,41.5,41.6,41.2,41.6,5934
2014-11-12 00:00:00,42.0,42.0,41.0,41.5,16877
2014-11-11 00:00:00,42.0,42.0,41.7,42.0,3347
2014-11-10 00:00:00,42.3,42.4,42.0,42.0,8020
2014-11-07 00:00:00,42.2,42.4,42.2,42.4,1200
2014-11-06 00:00:00,42.3,42.9,42.1,42.9,7834
2014-11-05 00:00:00,42.5,42.6,42.1,42.2,10820
2014-11-04 00:00:00,42.6,42.6,42.1,42.1,6684
2014-11-03 00:00:00,42.5,42.7,42.5,42.5,2989
2014-10-31 00:00:00,43.3,43.3,42.0,42.5,5350
2014-10-30 00:00:00,42.9,42.9,42.3,42.7,22299
2014-10-29 00:00:00,42.6,43.0,42.2,42.3,16686
2014-10-28 00:00:00,40.5,41.9,40.5,41.9,8549
2014-10-24 00:00:00,41.9,42.6,41.6,42.0,5526
2014-10-23 00:00:00,39.0,40.9,38.9,40.9,6269
2014-10-22 00:00:00,39.5,40.0,38.9,38.9,4982
2014-10-21 00:00:00,38.0,40.0,38.0,40.0,11562
2014-10-20 00:00:00,37.8,38.4,37.7,38.4,2234
2014-10-17 00:00:00,36.5,38.2,36.5,37.7,49277
2014-10-16 00:00:00,37.5,38.0,36.8,37.1,8447
2014-10-15 00:00:00,37.5,38.2,37.5,37.5,2710
2014-10-14 00:00:00,38.0,38.2,38.0,38.0,1365
2014-10-13 00:00:00,38.3,38.3,36.3,38.0,5973
2014-10-10 00:00:00,39.7,39.7,38.5,39.4,16767
2014-10-09 00:00:00,39.5,40.5,39.5,39.8,12154
2014-10-08 00:00:00,41.2,41.2,39.4,40.0,6198
2014-10-07 00:00:00,40.5,41.2,39.9,41.2,17658
2014-10-06 00:00:00,41.9,41.9,40.9,41.2,4012
2014-10-03 00:00:00,40.7,42.1,40.7,41.9,6751
2014-10-02 00:00:00,42.0,42.0,41.0,42.0,3449
2014-10-01 00:00:00,40.8,42.2,40.8,41.0,2940
2014-09-30 00:00:00,41.7,42.4,41.7,42.4,3557
2014-09-29 00:00:00,41.7,42.0,40.7,42.0,5373
2014-09-26 00:00:00,42.0,42.8,41.5,42.3,95262
2014-09-25 00:00:00,42.2,42.7,41.9,42.4,3447
2014-09-24 00:00:00,41.3,42.2,41.3,42.2,1660
2014-09-23 00:00:00,42.5,42.5,42.0,42.0,2530
2014-09-22 00:00:00,42.0,42.6,41.9,42.6,10760
2014-09-19 00:00:00,42.7,42.7,42.7,42.7,180
2014-09-18 00:00:00,42.0,42.8,42.0,42.8,7511
2014-09-17 00:00:00,42.0,42.5,42.0,42.5,1010
2014-09-16 00:00:00,42.2,42.3,41.3,42.0,4469
2014-09-15 00:00:00,42.7,42.7,41.7,42.3,86670
2014-09-12 00:00:00,43.2,43.3,42.2,42.7,24655
2014-09-11 00:00:00,42.5,42.9,42.3,42.4,3598
2014-09-10 00:00:00,42.3,42.5,42.0,42.5,63227
2014-09-09 00:00:00,42.1,42.8,41.4,42.7,13919
2014-09-08 00:00:00,43.0,43.0,42.1,43.0,3230
2014-09-05 00:00:00,42.6,43.8,42.0,43.1,3806
2014-09-04 00:00:00,43.0,43.0,42.3,42.6,4091
2014-09-03 00:00:00,43.4,43.4,42.5,43.0,6677
2014-09-02 00:00:00,43.2,43.3,43.2,43.3,3183
2014-09-01 00:00:00,42.8,43.3,42.3,43.2,6487
2014-08-29 00:00:00,42.8,42.8,42.2,42.3,6637
2014-08-28 00:00:00,42.2,42.9,41.7,42.8,14018
2014-08-27 00:00:00,42.0,42.7,41.8,42.0,5684
2014-08-26 00:00:00,42.7,42.7,42.1,42.4,38147
2014-08-25 00:00:00,42.9,42.9,42.2,42.7,2975
2014-08-22 00:00:00,41.7,42.4,41.7,42.4,650
2014-08-21 00:00:00,41.3,42.5,41.3,42.4,2140
2014-08-20 00:00:00,42.0,42.3,41.5,42.2,12794
2014-08-19 00:00:00,42.4,42.4,42.3,42.3,1400
2014-08-18 00:00:00,43.0,43.0,41.6,42.0,7946
2014-08-15 00:00:00,42.9,43.0,42.0,42.0,5176
2014-08-14 00:00:00,42.6,42.6,42.0,42.0,5343
2014-08-13 00:00:00,42.0,42.9,41.9,42.6,11360
2014-08-12 00:00:00,41.0,42.0,40.7,42.0,21629
2014-08-11 00:00:00,41.0,41.5,40.3,40.8,21532
2014-08-08 00:00:00,40.6,40.6,39.9,40.5,2396
2014-08-07 00:00:00,40.3,40.3,40.3,40.3,300
2014-08-06 00:00:00,40.9,40.9,40.2,40.2,2947
2014-08-05 00:00:00,41.5,41.5,41.0,41.0,5400
2014-08-04 00:00:00,40.7,41.2,40.5,41.2,8400
2014-08-01 00:00:00,41.0,41.0,40.0,40.5,1590
2014-07-31 00:00:00,40.3,41.0,40.2,40.4,3875
2014-07-30 00:00:00,40.8,41.0,40.8,41.0,9335
2014-07-29 00:00:00,40.9,41.0,40.6,40.8,910
2014-07-28 00:00:00,40.6,41.0,40.6,41.0,5875
2014-07-25 00:00:00,41.6,42.0,40.9,41.0,55840
2014-07-24 00:00:00,41.0,41.2,40.1,40.7,8496
2014-07-23 00:00:00,40.7,41.2,40.7,41.2,2750
2014-07-22 00:00:00,40.1,40.2,40.1,40.2,300
2014-07-21 00:00:00,40.3,40.3,40.2,40.3,2067
2014-07-18 00:00:00,40.5,40.9,40.1,40.5,2865
2014-07-17 00:00:00,40.6,41.0,40.3,40.3,18103
2014-07-16 00:00:00,40.5,41.0,40.5,41.0,1557
2014-07-15 00:00:00,41.2,41.3,40.6,41.3,2360
2014-07-14 00:00:00,41.5,41.5,40.7,41.4,973
2014-07-11 00:00:00,41.5,41.5,40.7,41.0,1420
2014-07-10 00:00:00,42.0,42.0,40.9,41.2,7305
2014-07-09 00:00:00,41.2,41.6,40.8,41.6,6012
2014-07-08 00:00:00,40.7,41.1,40.7,41.1,11101
2014-07-07 00:00:00,40.9,40.9,40.7,40.7,2411
2014-07-04 00:00:00,40.0,41.0,40.0,40.3,18908
2014-07-03 00:00:00,41.2,41.3,40.4,40.7,8096
2014-07-02 00:00:00,41.0,41.4,40.5,41.0,4781
2014-07-01 00:00:00,40.8,41.2,40.8,41.0,13405
2014-06-30 00:00:00,40.2,41.3,40.1,40.8,18950
2014-06-27 00:00:00,40.4,40.8,40.1,40.7,10747
2014-06-26 00:00:00,40.3,40.7,40.1,40.1,4794
2014-06-25 00:00:00,40.1,40.5,40.1,40.1,3418
2014-06-24 00:00:00,40.3,40.3,40.0,40.1,2783
2014-06-23 00:00:00,40.9,40.9,40.1,40.1,6144
2014-06-20 00:00:00,,40.0,40.0,40.0,0
2014-06-19 00:00:00,40.2,40.4,40.0,40.0,6518
2014-06-18 00:00:00,40.1,40.4,40.1,40.2,2895
2014-06-17 00:00:00,40.2,40.4,40.1,40.1,3544
2014-06-16 00:00:00,40.5,40.7,40.2,40.2,5517
2014-06-13 00:00:00,40.3,40.9,40.2,40.8,5751
2014-06-12 00:00:00,40.2,40.8,40.2,40.8,1556
2014-06-11 00:00:00,40.0,40.2,40.0,40.1,3739
2014-06-10 00:00:00,40.2,40.2,40.0,40.0,6830
2014-06-09 00:00:00,40.7,40.7,39.7,40.4,7389
2014-06-06 00:00:00,,40.4,40.4,40.4,0
2014-06-05 00:00:00,40.5,40.5,39.6,40.4,16412
2014-06-04 00:00:00,40.8,40.8,40.2,40.7,5850
2014-06-03 00:00:00,40.8,41.2,40.8,41.0,6987
2014-06-02 00:00:00,40.8,41.2,40.8,41.1,9194
2014-05-30 00:00:00,40.4,41.4,40.4,40.9,15638
2014-05-28 00:00:00,40.9,41.2,40.6,41.1,4474
2014-05-27 00:00:00,40.8,41.0,40.2,40.6,8066
2014-05-26 00:00:00,40.7,40.9,40.4,40.8,9512
2014-05-23 00:00:00,41.1,41.2,40.9,40.9,4743
2014-05-22 00:00:00,41.1,41.6,41.0,41.4,3871
2014-05-21 00:00:00,40.9,40.9,40.7,40.7,643
2014-05-20 00:00:00,40.6,41.0,40.6,40.9,2672
2014-05-19 00:00:00,41.0,41.0,40.1,40.6,7363
2014-05-16 00:00:00,41.4,41.4,40.6,41.0,8543
2014-05-15 00:00:00,41.6,41.6,40.9,41.4,9335
2014-05-14 00:00:00,41.1,41.5,40.4,41.5,15969
2014-05-13 00:00:00,41.8,41.8,41.4,41.4,3743
2014-05-12 00:00:00,42.6,42.6,41.7,41.8,10499
2014-05-09 00:00:00,42.9,42.9,42.6,42.6,14245
2014-05-08 00:00:00,43.0,43.0,42.5,42.9,11467
2014-05-07 00:00:00,42.7,43.0,42.7,42.9,36321
2014-05-06 00:00:00,42.2,42.5,41.9,42.4,21174
2014-05-05 00:00:00,42.2,42.2,41.1,42.0,25937
2014-05-02 00:00:00,42.3,42.4,41.7,42.0,31999
2014-05-01 00:00:00,,42.1,42.1,42.1,0
2014-04-30 00:00:00,41.6,42.3,41.6,42.1,23189
2014-04-29 00:00:00,40.3,41.3,40.3,41.3,31166
2014-04-28 00:00:00,40.7,41.0,40.1,40.1,9719
2014-04-25 00:00:00,40.7,40.7,39.6,40.7,66528
2014-04-24 00:00:00,41.8,42.3,41.2,42.0,49729
2014-04-23 00:00:00,41.8,41.9,41.4,41.7,16314
2014-04-22 00:00:00,41.2,41.8,41.2,41.8,7350
2014-04-17 00:00:00,42.0,42.0,41.2,41.2,2500
2014-04-16 00:00:00,41.1,41.7,41.1,41.3,6423
2014-04-15 00:00:00,41.7,41.7,41.1,41.2,2186
2014-04-14 00:00:00,41.8,41.9,41.1,41.1,13778
2014-04-11 00:00:00,41.1,41.7,41.1,41.7,14917
2014-04-10 00:00:00,41.6,42.0,41.4,41.8,56239
2014-04-09 00:00:00,41.0,41.5,41.0,41.4,7553
2014-04-08 00:00:00,41.2,41.5,41.0,41.0,19700
2014-04-07 00:00:00,41.3,41.4,40.7,41.2,5092
2014-04-04 00:00:00,40.8,41.4,40.8,41.4,2852
2014-04-03 00:00:00,40.8,41.5,40.8,41.5,4444
2014-04-02 00:00:00,41.3,41.5,41.0,41.5,18945
2014-04-01 00:00:00,41.4,41.4,41.0,41.3,5600
2014-03-31 00:00:00,41.1,41.5,41.0,41.4,23358
2014-03-28 00:00:00,41.0,41.0,40.3,40.4,5405
2014-03-27 00:00:00,41.0,41.0,41.0,41.0,1611
2014-03-26 00:00:00,40.2,41.0,40.2,41.0,8916
2014-03-25 00:00:00,40.1,40.9,40.1,40.9,19414
2014-03-24 00:00:00,41.9,41.9,40.0,41.0,14485
2014-03-21 00:00:00,41.9,41.9,41.3,41.7,4540
2014-03-20 00:00:00,41.4,41.4,41.2,41.2,11550
2014-03-19 00:00:00,41.0,41.8,41.0,41.4,254791
2014-03-18 00:00:00,41.1,41.4,41.1,41.1,6650
2014-03-17 00:00:00,41.1,41.5,41.1,41.5,13013
2014-03-14 00:00:00,41.1,41.1,40.6,41.1,7292
2014-03-13 00:00:00,41.1,41.1,40.6,40.8,3866
2014-03-12 00:00:00,41.5,41.5,40.8,41.1,22940
2014-03-11 00:00:00,41.6,41.6,40.9,41.4,15296
2014-03-10 00:00:00,41.7,41.8,41.3,41.5,14775
2014-03-07 00:00:00,41.8,41.9,41.6,41.7,8681
2014-03-06 00:00:00,41.8,42.0,41.4,41.9,22901
2014-03-05 00:00:00,40.6,41.6,40.6,41.6,32006
2014-03-04 00:00:00,40.0,40.6,40.0,40.6,30878
2014-03-03 00:00:00,40.3,40.3,39.4,40.2,31856
2014-02-28 00:00:00,40.4,40.4,40.0,40.3,59895
2014-02-27 00:00:00,40.5,40.6,40.1,40.4,14600
2014-02-26 00:00:00,40.1,40.6,40.0,40.5,19672
2014-02-25 00:00:00,40.7,40.7,40.0,40.4,25469
2014-02-24 00:00:00,40.2,40.5,40.0,40.3,15475
2014-02-21 00:00:00,41.0,41.0,40.0,40.2,34966
2014-02-20 00:00:00,40.0,40.1,39.5,40.0,15148
2014-02-19 00:00:00,40.0,40.0,40.0,40.0,4500
2014-02-18 00:00:00,40.0,40.0,39.5,39.6,7150
2014-02-17 00:00:00,40.0,40.0,39.6,40.0,97079
2014-02-14 00:00:00,40.0,40.0,39.5,40.0,1646
2014-02-13 00:00:00,39.5,40.0,39.5,40.0,2102
2014-02-12 00:00:00,39.5,40.0,39.2,40.0,13994
2014-02-11 00:00:00,40.4,40.4,39.1,39.5,8295
2014-02-10 00:00:00,39.5,40.1,39.5,40.0,800
2014-02-07 00:00:00,39.3,39.5,39.3,39.5,2450
2014-02-06 00:00:00,39.3,39.6,39.0,39.1,8152
2014-02-05 00:00:00,39.8,40.5,39.5,39.6,5145
2014-02-04 00:00:00,40.5,40.5,39.1,39.6,3185
2014-02-03 00:00:00,41.2,41.2,40.2,40.5,2905
2014-01-31 00:00:00,40.5,41.0,40.0,40.9,7125
2014-01-30 00:00:00,40.7,40.9,40.2,40.9,7175
2014-01-29 00:00:00,41.5,41.5,41.0,41.0,10969
2014-01-28 00:00:00,40.4,42.0,40.4,41.9,22805
2014-01-27 00:00:00,41.0,41.0,40.3,40.8,12190
2014-01-24 00:00:00,41.5,41.5,41.4,41.5,630
2014-01-23 00:00:00,41.9,42.0,41.4,42.0,7090
2014-01-22 00:00:00,42.2,42.2,41.5,41.5,35668
2014-01-21 00:00:00,42.0,42.4,42.0,42.2,25400
2014-01-20 00:00:00,42.0,42.3,41.8,42.0,10608
2014-01-17 00:00:00,42.2,42.2,41.8,42.1,54295
2014-01-16 00:00:00,42.2,42.2,42.0,42.2,116230
2014-01-15 00:00:00,41.1,42.4,41.1,42.4,36108
2014-01-14 00:00:00,41.9,42.0,41.0,41.4,13277
2014-01-13 00:00:00,42.2,42.4,42.0,42.0,15672
2014-01-10 00:00:00,41.1,42.1,41.1,41.8,11654
2014-01-09 00:00:00,41.2,41.2,40.9,41.2,12020
2014-01-08 00:00:00,41.2,41.2,41.0,41.2,7400
2014-01-07 00:00:00,40.5,41.8,40.3,41.5,9917
2014-01-06 00:00:00,,40.4,40.4,40.4,0
2014-01-03 00:00:00,40.5,40.6,40.1,40.4,4992
2014-01-02 00:00:00,42.0,42.0,41.0,41.0,21096
2013-12-31 00:00:00,,41.8,41.8,41.8,0
2013-12-30 00:00:00,41.5,42.0,41.0,41.8,2105
2013-12-27 00:00:00,40.7,41.0,40.3,41.0,6302
2013-12-23 00:00:00,40.0,41.0,39.9,40.7,6574
2013-12-20 00:00:00,39.5,40.0,39.5,40.0,11677
2013-12-19 00:00:00,39.7,39.7,39.5,39.5,2907
2013-12-18 00:00:00,40.0,40.0,39.5,39.5,67020
2013-12-17 00:00:00,39.1,40.0,39.1,40.0,3725
2013-12-16 00:00:00,39.6,40.0,39.5,39.5,6175
2013-12-13 00:00:00,39.9,39.9,39.9,39.9,100
2013-12-12 00:00:00,39.2,39.2,39.0,39.1,42170
2013-12-11 00:00:00,40.1,40.2,39.5,39.5,9221
2013-12-10 00:00:00,41.0,41.0,40.5,40.6,10105
2013-12-09 00:00:00,41.2,41.2,41.2,41.2,102000
2013-12-06 00:00:00,41.0,41.2,41.0,41.2,6601
2013-12-05 00:00:00,41.0,41.2,40.6,40.6,4145
2013-12-04 00:00:00,41.0,41.0,40.5,40.5,15206
2013-12-03 00:00:00,41.0,41.0,40.5,41.0,6710
2013-12-02 00:00:00,41.0,41.0,40.5,40.5,5250
2013-11-29 00:00:00,40.0,40.5,40.0,40.5,7516
2013-11-28 00:00:00,40.1,40.1,40.0,40.0,3350
2013-11-27 00:00:00,40.0,40.4,40.0,40.4,7600
2013-11-26 00:00:00,40.4,40.4,39.7,39.8,2950
2013-11-25 00:00:00,39.9,40.5,39.9,40.0,11000
2013-11-22 00:00:00,39.7,39.9,39.1,39.9,1850
2013-11-21 00:00:00,39.0,39.6,39.0,39.6,8067
2013-11-20 00:00:00,39.7,39.9,39.0,39.9,2435
2013-11-19 00:00:00,40.0,40.0,38.9,39.1,25440
2013-11-18 00:00:00,40.5,40.8,39.1,40.8,16109
2013-11-15 00:00:00,40.8,40.8,39.9,40.3,12100
2013-11-14 00:00:00,40.4,41.0,40.4,41.0,2180
2013-11-13 00:00:00,41.0,41.0,40.1,41.0,7538
2013-11-12 00:00:00,41.4,41.5,40.0,41.5,7200
2013-11-11 00:00:00,41.9,41.9,41.0,41.4,3377
2013-11-08 00:00:00,40.0,41.4,40.0,41.4,7285
2013-11-07 00:00:00,40.3,40.3,40.0,40.0,3043
2013-11-06 00:00:00,40.4,40.7,40.4,40.4,5290
2013-11-05 00:00:00,39.5,41.9,39.5,40.6,12275
2013-11-04 00:00:00,39.5,39.5,39.0,39.0,8005
2013-11-01 00:00:00,40.2,40.2,38.7,39.5,7340
2013-10-31 00:00:00,39.6,40.5,39.6,40.5,2269
2013-10-30 00:00:00,39.4,39.6,39.4,39.6,1380
2013-10-29 00:00:00,39.0,39.5,38.5,39.4,12148
2013-10-28 00:00:00,39.6,39.6,39.0,39.0,16521
2013-10-25 00:00:00,40.8,40.9,38.1,39.6,28508
2013-10-24 00:00:00,41.8,41.8,40.3,41.5,25004
2013-10-23 00:00:00,41.5,41.5,40.5,41.3,13065
2013-10-22 00:00:00,41.9,41.9,41.0,41.7,6122
2013-10-21 00:00:00,41.5,42.4,41.0,41.7,11783
2013-10-18 00:00:00,42.0,42.5,42.0,42.0,5828
2013-10-17 00:00:00,42.0,42.5,42.0,42.4,1524
2013-10-16 00:00:00,42.4,42.5,41.5,42.0,6866
2013-10-15 00:00:00,41.9,42.0,41.7,42.0,7200
2013-10-14 00:00:00,41.4,42.0,41.0,41.7,8069
2013-10-11 00:00:00,41.0,41.4,40.8,41.4,12662
2013-10-10 00:00:00,40.3,41.0,40.0,40.8,11163
2013-10-09 00:00:00,39.4,40.5,39.4,40.5,9217
2013-10-08 00:00:00,39.4,39.4,38.9,39.4,15190
2013-10-07 00:00:00,39.0,39.4,39.0,39.2,11875
2013-10-04 00:00:00,38.5,38.9,38.4,38.9,6575
2013-10-03 00:00:00,38.4,39.0,38.4,39.0,3985
2013-10-02 00:00:00,38.9,38.9,38.6,38.9,5614
2013-10-01 00:00:00,39.5,39.5,39.0,39.0,1545
2013-09-30 00:00:00,39.3,39.7,38.6,39.5,3400
2013-09-27 00:00:00,39.0,39.5,38.5,39.3,4242
2013-09-26 00:00:00,39.3,39.3,39.0,39.0,5020
2013-09-25 00:00:00,38.8,39.3,38.4,39.3,23630
2013-09-24 00:00:00,38.6,39.8,38.6,39.8,2575
2013-09-23 00:00:00,39.9,39.9,39.0,39.0,2741
2013-09-20 00:00:00,40.0,40.0,38.8,39.9,4990
2013-09-19 00:00:00,38.5,40.0,38.5,40.0,24391
2013-09-18 00:00:00,38.7,39.1,38.7,39.1,5568
2013-09-17 00:00:00,38.4,39.4,38.4,39.4,2494
2013-09-16 00:00:00,39.8,39.8,38.9,38.9,7289
2013-09-13 00:00:00,38.9,39.5,38.9,39.2,63100
2013-09-12 00:00:00,38.5,39.0,38.5,39.0,10630
2013-09-11 00:00:00,38.8,38.9,38.4,38.5,13628
2013-09-10 00:00:00,38.6,38.7,38.4,38.7,12199
2013-09-09 00:00:00,38.4,38.8,38.4,38.8,1140
2013-09-06 00:00:00,38.0,38.5,38.0,38.4,7600
2013-09-05 00:00:00,38.5,38.8,38.1,38.4,5983
2013-09-04 00:00:00,38.0,38.5,38.0,38.5,4050
2013-09-03 00:00:00,38.5,38.5,38.0,38.5,7751
2013-09-02 00:00:00,38.4,38.5,38.3,38.5,5060
2013-08-30 00:00:00,38.1,38.3,38.1,38.3,6500
2013-08-29 00:00:00,38.0,38.4,38.0,38.4,6785
2013-08-28 00:00:00,38.0,38.4,38.0,38.4,11110
2013-08-27 00:00:00,38.7,38.7,38.2,38.5,10266
2013-08-26 00:00:00,38.3,38.8,38.1,38.8,18483
2013-08-23 00:00:00,38.0,39.2,37.5,38.5,20319
2013-08-22 00:00:00,36.4,37.9,36.4,37.5,25698
2013-08-21 00:00:00,36.1,37.1,36.1,37.1,14298
2013-08-20 00:00:00,36.3,36.4,36.1,36.1,24831
2013-08-19 00:00:00,36.0,36.3,35.8,36.3,2000
2013-08-16 00:00:00,36.0,36.0,35.5,36.0,4622
2013-08-15 00:00:00,35.8,36.5,35.8,36.0,5372
2013-08-14 00:00:00,36.2,36.2,35.7,35.7,5539
2013-08-13 00:00:00,36.0,36.7,36.0,36.2,7178
2013-08-12 00:00:00,37.0,37.0,36.2,36.2,9112
2013-08-09 00:00:00,37.0,37.0,36.1,36.2,14061
2013-08-08 00:00:00,37.0,37.0,36.0,36.5,22576
2013-08-07 00:00:00,35.4,37.0,35.4,36.6,24286
2013-08-06 00:00:00,35.2,35.7,35.2,35.7,3420
2013-08-05 00:00:00,35.5,36.1,35.2,35.6,528154
2013-08-02 00:00:00,35.4,35.5,35.3,35.5,1630
2013-08-01 00:00:00,35.4,35.5,35.4,35.4,8596
2013-07-31 00:00:00,35.0,35.5,35.0,35.4,65102
2013-07-30 00:00:00,35.1,35.2,35.0,35.0,5685
2013-07-29 00:00:00,34.9,35.3,34.9,35.3,6180
2013-07-26 00:00:00,36.9,36.9,35.0,35.3,17425
2013-07-25 00:00:00,36.5,36.9,36.1,36.9,2755
2013-07-24 00:00:00,36.3,37.4,36.3,36.4,5279
2013-07-23 00:00:00,36.5,36.5,36.0,36.0,13000
2013-07-22 00:00:00,36.3,36.5,36.2,36.2,2860
2013-07-19 00:00:00,36.6,36.7,36.2,36.3,5540
2013-07-18 00:00:00,36.8,36.8,36.5,36.7,9500
2013-07-17 00:00:00,37.4,37.4,37.3,37.3,3512
2013-07-16 00:00:00,37.0,37.4,36.8,37.4,4145
2013-07-15 00:00:00,36.5,37.0,36.5,37.0,3180
2013-07-12 00:00:00,36.9,36.9,36.5,36.5,2028
2013-07-11 00:00:00,36.8,36.9,36.3,36.5,2655
2013-07-10 00:00:00,36.5,37.0,36.3,37.0,520
2013-07-09 00:00:00,36.4,37.0,36.3,36.8,7105
2013-07-08 00:00:00,36.9,37.9,36.5,36.8,9384
2013-07-05 00:00:00,36.1,38.4,35.9,37.4,28317
2013-07-04 00:00:00,36.5,36.5,36.0,36.4,2963
2013-07-03 00:00:00,36.0,36.0,36.0,36.0,2223
2013-07-02 00:00:00,36.3,36.8,36.0,36.0,4270
2013-07-01 00:00:00,36.2,37.0,36.2,36.5,3687
2013-06-28 00:00:00,37.0,37.0,36.3,36.7,4500
2013-06-27 00:00:00,36.1,36.9,36.1,36.3,4304
2013-06-26 00:00:00,37.7,37.7,36.5,36.5,15892
2013-06-25 00:00:00,36.5,37.3,36.5,36.6,4034
2013-06-24 00:00:00,38.3,38.3,36.3,37.0,10279
2013-06-21 00:00:00,,37.8,37.8,37.8,0
2013-06-20 00:00:00,37.7,38.0,37.5,37.8,7057
2013-06-19 00:00:00,36.8,40.1,35.0,38.0,43430
2013-06-18 00:00:00,36.9,37.9,36.8,36.8,18602
2013-06-17 00:00:00,37.0,37.5,36.7,36.8,45436
2013-06-14 00:00:00,35.5,35.8,35.5,35.8,7824
2013-06-13 00:00:00,36.9,36.9,35.8,35.8,7375
2013-06-12 00:00:00,35.5,36.8,35.5,36.8,3219
2013-06-11 00:00:00,34.0,35.5,34.0,35.5,376710
2013-06-10 00:00:00,34.8,35.0,34.5,35.0,17590
2013-06-07 00:00:00,34.8,34.9,34.8,34.9,6288
2013-06-06 00:00:00,,35.1,35.1,35.1,0
2013-06-05 00:00:00,35.1,35.5,35.0,35.1,59323
2013-06-04 00:00:00,35.1,35.3,34.8,35.3,1084543
2013-06-03 00:00:00,34.9,36.0,34.8,35.5,7460
2013-05-31 00:00:00,34.3,34.9,34.1,34.9,4620
2013-05-30 00:00:00,34.5,34.9,34.4,34.4,16110
2013-05-29 00:00:00,34.5,35.0,34.4,35.0,102250
2013-05-28 00:00:00,34.6,34.9,34.5,34.6,8230
2013-05-27 00:00:00,34.6,34.6,34.6,34.6,1900
2013-05-24 00:00:00,34.7,35.1,34.6,35.1,450
2013-05-23 00:00:00,34.5,34.7,34.4,34.6,21797
2013-05-22 00:00:00,34.7,35.4,34.6,35.4,879689
2013-05-21 00:00:00,34.8,35.0,34.8,35.0,4865
2013-05-20 00:00:00,35.5,35.5,35.0,35.0,27459
2013-05-17 00:00:00,35.0,35.5,35.0,35.5,8055
2013-05-16 00:00:00,35.5,35.5,35.5,35.5,1000
2013-05-15 00:00:00,35.1,35.5,35.0,35.5,9944
2013-05-14 00:00:00,35.5,35.5,35.0,35.3,7739
2013-05-13 00:00:00,35.0,35.5,35.0,35.5,5200
2013-05-10 00:00:00,35.1,35.9,35.0,35.0,17482
2013-05-09 00:00:00,,35.8,35.8,35.8,0
2013-05-08 00:00:00,35.9,35.9,35.8,35.8,8400
2013-05-07 00:00:00,36.0,36.0,35.9,36.0,12987
2013-05-06 00:00:00,36.0,36.0,35.8,36.0,5865
2013-05-03 00:00:00,36.7,36.7,35.8,36.0,12400
2013-05-02 00:00:00,36.2,36.2,35.9,36.0,1350
2013-05-01 00:00:00,,36.0,36.0,36.0,0
2013-04-30 00:00:00,36.1,36.3,36.0,36.0,9800
2013-04-29 00:00:00,36.2,36.6,36.0,36.0,15521
2013-04-26 00:00:00,36.0,36.7,35.5,36.1,16408
2013-04-25 00:00:00,37.0,37.0,36.0,36.9,112575
2013-04-24 00:00:00,42.0,42.0,39.0,39.0,39442
2013-04-23 00:00:00,42.3,42.3,40.4,41.6,1717
2013-04-22 00:00:00,42.5,42.5,42.4,42.4,275
2013-04-19 00:00:00,42.0,42.5,42.0,42.0,1076
2013-04-18 00:00:00,42.5,42.5,41.5,42.0,1132
2013-04-17 00:00:00,41.5,43.5,41.5,42.0,3588
2013-04-16 00:00:00,42.5,42.5,42.0,42.0,655
2013-04-15 00:00:00,42.6,42.9,41.4,42.0,7786
2013-04-12 00:00:00,42.8,43.0,42.8,43.0,2200
2013-04-11 00:00:00,43.0,43.6,43.0,43.0,1557
2013-04-10 00:00:00,42.0,42.8,42.0,42.7,4650
2013-04-09 00:00:00,41.6,42.0,41.3,42.0,4250
2013-04-08 00:00:00,41.2,41.8,41.2,41.8,250
2013-04-05 00:00:00,41.8,41.8,41.5,41.5,1875
2013-04-04 00:00:00,42.4,42.4,41.5,41.8,3561
2013-04-03 00:00:00,43.0,43.0,42.6,43.0,5231
2013-04-02 00:00:00,43.5,43.5,43.0,43.0,3244
2013-04-01 00:00:00,,43.0,43.0,43.0,0
2013-03-29 00:00:00,42.2,43.0,43.0,43.0,4625
2013-03-28 00:00:00,42.2,43.0,42.2,42.8,4625
2013-03-27 00:00:00,42.2,43.0,42.2,42.8,4625
2013-03-26 00:00:00,42.4,42.9,42.4,42.8,778
2013-03-25 00:00:00,42.0,43.7,42.0,42.4,3148
2013-03-22 00:00:00,42.4,42.4,41.0,42.4,3333
2013-03-21 00:00:00,42.5,42.5,41.4,42.4,8759
2013-03-20 00:00:00,42.6,43.5,42.4,43.0,37074
2013-03-19 00:00:00,43.7,43.7,42.5,43.1,12899
2013-03-18 00:00:00,43.6,43.6,41.6,43.2,29590
2013-03-15 00:00:00,44.0,44.0,43.6,44.0,36375
2013-03-14 00:00:00,43.9,44.4,43.6,43.9,5159
2013-03-13 00:00:00,43.5,43.9,43.5,43.9,15570
2013-03-12 00:00:00,43.0,43.5,43.0,43.5,10340
2013-03-11 00:00:00,43.4,43.4,42.9,42.9,2570
2013-03-08 00:00:00,42.0,43.5,41.7,42.9,11651
2013-03-07 00:00:00,42.8,42.9,42.5,42.5,8070
2013-03-06 00:00:00,43.4,43.4,42.5,43.0,5941
2013-03-05 00:00:00,41.5,43.9,41.5,43.8,40109
2013-03-04 00:00:00,41.0,41.5,40.8,41.5,14249
2013-03-01 00:00:00,42.4,42.4,41.1,41.5,10330
2013-02-28 00:00:00,41.0,42.7,40.4,42.7,23105
2013-02-27 00:00:00,41.0,41.0,40.5,40.9,4270
2013-02-26 00:00:00,40.6,40.7,40.3,40.7,21605
2013-02-25 00:00:00,40.4,40.8,40.4,40.7,18110
2013-02-22 00:00:00,40.6,40.7,40.1,40.4,26210
2013-02-21 00:00:00,40.2,40.6,40.0,40.6,3444
2013-02-20 00:00:00,40.7,41.0,40.5,41.0,25180
2013-02-19 00:00:00,40.9,41.1,40.5,41.1,13915
2013-02-18 00:00:00,40.0,40.9,40.0,40.7,10861
2013-02-15 00:00:00,41.0,41.0,40.0,40.5,21585
2013-02-14 00:00:00,39.7,41.0,39.5,41.0,72371
2013-02-13 00:00:00,39.1,39.5,39.0,39.2,7800
2013-02-12 00:00:00,38.7,39.7,38.7,39.3,12520
2013-02-11 00:00:00,38.8,39.7,38.8,39.5,16856
2013-02-08 00:00:00,38.6,39.4,38.6,39.4,2459
2013-02-07 00:00:00,39.0,39.0,38.6,39.0,10150
2013-02-06 00:00:00,39.0,39.0,39.0,39.0,4565
2013-02-05 00:00:00,39.5,39.5,39.0,39.5,5342
2013-02-04 00:00:00,39.0,39.2,38.9,39.0,7021
2013-02-01 00:00:00,38.9,39.0,38.9,39.0,1775
2013-01-31 00:00:00,38.1,38.8,38.1,38.8,600
2013-01-30 00:00:00,38.6,38.6,38.1,38.5,4445
2013-01-29 00:00:00,38.4,38.8,38.1,38.8,2997
2013-01-28 00:00:00,38.6,38.8,38.5,38.6,4379
2013-01-25 00:00:00,39.4,39.4,38.8,39.3,3640
2013-01-24 00:00:00,38.1,39.6,38.1,39.6,5054
2013-01-23 00:00:00,38.3,38.7,38.3,38.5,1809
2013-01-22 00:00:00,41.0,41.0,38.8,38.8,12865
2013-01-21 00:00:00,40.5,41.0,40.0,40.5,4367
2013-01-18 00:00:00,40.2,40.2,40.0,40.0,11488
2013-01-17 00:00:00,40.1,40.1,39.7,40.1,21954
2013-01-16 00:00:00,39.8,40.1,39.1,40.1,9804
2013-01-15 00:00:00,39.2,39.9,39.0,39.8,14381
2013-01-14 00:00:00,39.0,39.2,38.6,39.2,6489
2013-01-11 00:00:00,39.0,39.0,38.6,38.6,6157
2013-01-10 00:00:00,39.5,39.5,38.7,39.0,3600
2013-01-09 00:00:00,38.0,39.5,38.0,39.5,6653
2013-01-08 00:00:00,37.8,37.9,37.5,37.9,3455
2013-01-07 00:00:00,37.2,37.6,37.2,37.5,14214
2013-01-04 00:00:00,37.5,37.7,37.5,37.7,2115
2013-01-03 00:00:00,38.0,38.0,37.5,37.5,2223
2013-01-02 00:00:00,37.0,38.0,37.0,38.0,2719
2013-01-01 00:00:00,,37.0,37.0,37.0,0
2012-12-31 00:00:00,,37.0,37.0,37.0,0
2012-12-28 00:00:00,37.0,37.2,35.9,37.0,10786
2012-12-27 00:00:00,36.1,37.0,36.0,37.0,12144
2012-12-26 00:00:00,,36.4,36.4,36.4,0
2012-12-25 00:00:00,,36.4,36.4,36.4,0
2012-12-24 00:00:00,,36.4,36.4,36.4,0
2012-12-21 00:00:00,36.5,36.5,36.2,36.4,460
2012-12-20 00:00:00,35.9,36.3,35.9,35.9,1780
2012-12-19 00:00:00,36.3,36.3,36.0,36.0,955
2012-12-18 00:00:00,35.5,36.0,35.5,36.0,1795
2012-12-17 00:00:00,35.9,36.0,35.6,36.0,295
2012-12-14 00:00:00,36.3,36.3,36.3,36.3,1387
2012-12-13 00:00:00,36.0,36.5,36.0,36.3,6977
2012-12-12 00:00:00,35.5,36.0,35.4,36.0,14850
2012-12-11 00:00:00,35.0,35.6,35.0,35.6,4700
2012-12-10 00:00:00,35.2,35.6,35.2,35.6,1605
2012-12-07 00:00:00,35.4,35.5,35.2,35.5,2488
2012-12-06 00:00:00,35.2,35.2,35.2,35.2,2000
2012-12-05 00:00:00,35.4,35.4,35.4,35.4,4330
2012-12-04 00:00:00,35.7,35.7,35.4,35.4,2013
2012-12-03 00:00:00,34.0,35.7,34.0,35.7,4907
2012-11-30 00:00:00,35.5,35.5,35.0,35.3,4397
2012-11-29 00:00:00,35.0,35.9,34.5,35.5,7981
2012-11-28 00:00:00,,35.8,35.8,35.8,0
2012-11-27 00:00:00,35.5,35.9,35.2,35.8,12504
2012-11-26 00:00:00,35.3,35.8,34.9,35.8,8610
2012-11-23 00:00:00,35.6,35.6,35.0,35.1,16832
2012-11-22 00:00:00,35.6,36.4,35.3,36.0,174440
2012-11-21 00:00:00,34.3,34.7,34.2,34.2,2800
2012-11-20 00:00:00,34.5,35.0,34.5,35.0,3025
2012-11-19 00:00:00,34.0,34.5,34.0,34.4,2475
2012-11-16 00:00:00,33.6,34.3,33.6,34.3,540
2012-11-15 00:00:00,34.4,35.2,34.2,34.2,2031
2012-11-14 00:00:00,34.5,35.0,34.5,35.0,1080
2012-11-13 00:00:00,35.0,35.0,34.3,35.0,2705
2012-11-12 00:00:00,34.7,34.7,34.7,34.7,50
2012-11-09 00:00:00,34.5,35.0,34.0,34.7,3545
2012-11-08 00:00:00,35.0,35.4,34.5,35.4,1370
2012-11-07 00:00:00,35.8,35.8,34.7,35.5,8933
2012-11-06 00:00:00,34.3,36.5,34.3,35.7,18769
2012-11-05 00:00:00,34.0,34.5,34.0,34.5,61951
2012-11-02 00:00:00,,34.0,34.0,34.0,0
2012-11-01 00:00:00,,34.0,34.0,34.0,0
2012-10-31 00:00:00,33.6,34.0,33.6,34.0,2091
2012-10-30 00:00:00,33.0,34.0,33.0,33.6,5800
2012-10-29 00:00:00,33.7,34.0,33.0,33.2,4631
2012-10-26 00:00:00,34.0,34.0,33.7,33.7,3832
2012-10-25 00:00:00,,34.5,34.5,34.5,0
2012-10-24 00:00:00,34.0,34.5,33.9,34.5,4559
2012-10-23 00:00:00,33.5,34.4,33.5,34.0,17196
2012-10-22 00:00:00,33.1,33.5,33.1,33.3,2650
2012-10-19 00:00:00,32.9,33.5,32.8,33.5,2100
2012-10-18 00:00:00,33.0,33.4,33.0,33.4,1902
2012-10-17 00:00:00,33.0,33.5,32.8,33.5,8825
2012-10-16 00:00:00,33.0,33.5,33.0,33.5,600
2012-10-15 00:00:00,33.1,33.9,33.1,33.9,1400
2012-10-12 00:00:00,,34.0,34.0,34.0,0
2012-10-11 00:00:00,33.1,34.0,33.1,34.0,555
2012-10-10 00:00:00,,34.0,34.0,34.0,0
2012-10-09 00:00:00,33.5,34.0,33.1,34.0,4550
2012-10-08 00:00:00,34.8,34.8,33.8,34.2,1400
2012-10-05 00:00:00,34.0,34.8,34.0,34.8,1022
2012-10-04 00:00:00,34.7,34.7,34.0,34.2,3872
2012-10-03 00:00:00,34.5,34.7,34.1,34.7,2701
2012-10-02 00:00:00,35.0,35.3,34.5,34.5,5104
2012-10-01 00:00:00,34.3,34.8,34.3,34.8,4600
2012-09-28 00:00:00,34.0,34.5,34.0,34.5,1305
2012-09-27 00:00:00,34.0,34.0,34.0,34.0,100
2012-09-26 00:00:00,34.0,34.0,34.0,34.0,5400
2012-09-25 00:00:00,34.0,34.2,34.0,34.1,2700
2012-09-24 00:00:00,34.4,34.4,33.9,33.9,5020
2012-09-21 00:00:00,34.4,34.5,34.4,34.5,5000
2012-09-20 00:00:00,34.8,34.8,34.0,34.2,3800
2012-09-19 00:00:00,33.6,35.4,33.6,35.0,9950
2012-09-18 00:00:00,34.5,34.5,34.0,34.0,2820
2012-09-17 00:00:00,34.5,34.5,34.5,34.5,1300
2012-09-14 00:00:00,34.5,34.9,34.5,34.9,10643
2012-09-13 00:00:00,34.1,34.3,33.9,34.3,17294
2012-09-12 00:00:00,34.2,34.5,34.1,34.5,2181
2012-09-11 00:00:00,34.8,34.8,34.5,34.5,5550
2012-09-10 00:00:00,34.5,34.9,34.5,34.8,4420
