Dates,Open,High,Low,Close,Volume
2017-09-08 00:00:00,14.4,14.55,14.35,14.35,15154
2017-09-07 00:00:00,14.55,14.55,14.4,14.4,3271
2017-09-06 00:00:00,14.4,14.5,14.4,14.5,11490
2017-09-04 00:00:00,14.3,14.6,14.3,14.5,12508
2017-09-01 00:00:00,14.7,14.7,14.6,14.65,12679
2017-08-31 00:00:00,14.55,14.75,14.55,14.7,74066
2017-08-30 00:00:00,14.5,14.55,14.3,14.5,25078
2017-08-29 00:00:00,14.25,14.5,14.25,14.5,1224
2017-08-28 00:00:00,14.4,14.55,14.4,14.5,6752
2017-08-25 00:00:00,14.6,14.6,14.35,14.5,131426
2017-08-24 00:00:00,14.35,14.55,14.3,14.3,8120
2017-08-23 00:00:00,14.6,14.6,14.5,14.6,17885
2017-08-22 00:00:00,14.1,14.6,14.1,14.6,25480
2017-08-21 00:00:00,14.25,14.6,14.2,14.6,8941
2017-08-18 00:00:00,14.3,14.55,14.3,14.55,48382
2017-08-17 00:00:00,14.55,14.65,14.5,14.6,18371
2017-08-16 00:00:00,14.2,14.55,14.2,14.55,31222
2017-08-15 00:00:00,14.4,14.55,14.2,14.5,9307
2017-08-14 00:00:00,14.15,14.5,13.95,14.35,42544
2017-08-11 00:00:00,14.3,14.3,14.05,14.15,15427
2017-08-10 00:00:00,14.15,14.5,14.15,14.4,10394
2017-08-09 00:00:00,14.05,14.2,13.9,13.95,60519
2017-08-08 00:00:00,14.2,14.3,14.2,14.2,12466
2017-08-07 00:00:00,14.35,14.35,14.15,14.2,17393
2017-08-04 00:00:00,14.2,14.45,14.05,14.45,31953
2017-08-03 00:00:00,14.35,14.35,14.2,14.35,7406
2017-08-02 00:00:00,14.25,14.4,14.2,14.4,23302
2017-08-01 00:00:00,14.45,14.45,14.25,14.45,8122
2017-07-31 00:00:00,14.75,14.75,14.25,14.5,16311
2017-07-28 00:00:00,14.4,14.55,14.25,14.55,25403
2017-07-27 00:00:00,13.85,14.55,13.8,14.4,70344
2017-07-26 00:00:00,13.5,13.85,13.45,13.85,34626
2017-07-25 00:00:00,12.9,13.85,12.9,13.5,28038
2017-07-24 00:00:00,13.2,13.2,12.85,13.05,62967
2017-07-21 00:00:00,12.95,13.45,12.6,13.2,48838
2017-07-20 00:00:00,13.0,13.0,12.6,12.95,108973
2017-07-19 00:00:00,13.0,13.35,12.9,13.0,65042
2017-07-18 00:00:00,13.7,13.75,13.05,13.05,78506
2017-07-17 00:00:00,13.7,14.05,13.5,13.7,25133
2017-07-14 00:00:00,14.9,14.9,13.55,13.7,241546
2017-07-13 00:00:00,15.0,15.0,14.8,15.0,80775
2017-07-12 00:00:00,14.9,15.0,14.8,14.9,4526
2017-07-11 00:00:00,14.75,15.0,14.55,14.9,26665
2017-07-10 00:00:00,14.75,14.85,14.75,14.75,14677
2017-07-07 00:00:00,14.65,14.8,14.55,14.75,6174
2017-07-06 00:00:00,14.75,14.8,14.6,14.8,3318
2017-07-05 00:00:00,14.55,14.75,14.55,14.75,2035
2017-07-04 00:00:00,14.6,14.75,14.55,14.75,27833
2017-07-03 00:00:00,14.8,14.8,14.6,14.75,20126
2017-06-30 00:00:00,14.7,14.85,14.65,14.85,6601
2017-06-29 00:00:00,14.85,14.85,14.65,14.65,22984
2017-06-28 00:00:00,15.0,15.0,14.6,14.85,22669
2017-06-27 00:00:00,14.95,15.0,14.9,15.0,25348
2017-06-26 00:00:00,14.8,14.95,14.75,14.9,20607
2017-06-23 00:00:00,,14.8,14.8,14.8,0
2017-06-22 00:00:00,14.85,14.9,14.6,14.8,15767
2017-06-21 00:00:00,14.8,14.85,14.65,14.85,38641
2017-06-20 00:00:00,14.85,14.85,14.75,14.8,5376
2017-06-19 00:00:00,14.75,14.9,14.75,14.85,25533
2017-06-16 00:00:00,14.7,14.8,14.6,14.75,12276
2017-06-15 00:00:00,14.85,14.95,14.6,14.65,51619
2017-06-14 00:00:00,14.8,14.95,14.7,14.7,25109
2017-06-13 00:00:00,14.65,14.8,14.65,14.65,22654
2017-06-12 00:00:00,14.8,14.8,14.65,14.65,25633
2017-06-09 00:00:00,14.9,14.95,14.7,14.8,33895
2017-06-08 00:00:00,14.6,14.85,14.6,14.8,10473
2017-06-07 00:00:00,14.65,14.65,14.6,14.6,32625
2017-06-06 00:00:00,,14.75,14.75,14.75,0
2017-06-05 00:00:00,14.95,15.0,14.75,14.75,34127
2017-06-02 00:00:00,14.6,14.85,14.5,14.85,47966
2017-06-01 00:00:00,14.5,14.65,14.45,14.45,24409
2017-05-31 00:00:00,14.45,14.65,14.45,14.5,9441
2017-05-30 00:00:00,14.7,14.7,14.55,14.55,4780
2017-05-29 00:00:00,14.5,14.7,14.3,14.65,36131
2017-05-26 00:00:00,14.5,14.5,14.35,14.5,82672
2017-05-24 00:00:00,14.2,14.4,14.2,14.4,2828
2017-05-23 00:00:00,14.5,14.5,14.3,14.4,36708
2017-05-22 00:00:00,14.35,14.5,14.3,14.3,25966
2017-05-19 00:00:00,14.45,14.65,14.45,14.5,106201
2017-05-18 00:00:00,14.55,14.65,14.4,14.5,114998
2017-05-17 00:00:00,14.7,14.7,14.55,14.55,33274
2017-05-16 00:00:00,14.6,14.75,14.55,14.55,34343
2017-05-15 00:00:00,14.6,14.7,14.55,14.55,91694
2017-05-12 00:00:00,14.5,14.4,14.4,14.4,66631
2017-05-11 00:00:00,14.75,14.75,14.5,14.5,26205
2017-05-10 00:00:00,14.6,14.75,14.5,14.75,20005
2017-05-09 00:00:00,14.85,14.85,14.5,14.5,22758
2017-05-08 00:00:00,14.95,14.95,14.65,14.8,69540
2017-05-05 00:00:00,14.95,14.95,14.7,14.9,8385
2017-05-04 00:00:00,14.95,14.95,14.7,14.95,47255
2017-05-03 00:00:00,14.7,14.95,14.7,14.95,130951
2017-05-02 00:00:00,14.3,14.65,14.3,14.65,48357
2017-05-01 00:00:00,,14.25,14.25,14.25,0
2017-04-28 00:00:00,14.1,14.25,13.85,14.25,40617
2017-04-27 00:00:00,13.95,14.1,13.95,14.05,16293
2017-04-26 00:00:00,13.2,14.0,13.2,13.95,80207
2017-04-25 00:00:00,13.7,14.0,13.6,13.6,76374
2017-04-24 00:00:00,13.2,14.0,13.2,13.5,79779
2017-04-21 00:00:00,13.15,13.15,12.9,13.15,34478
2017-04-20 00:00:00,13.0,13.15,12.9,13.1,20500
2017-04-19 00:00:00,13.15,13.15,12.8,13.0,40330
2017-04-18 00:00:00,13.05,13.05,13.0,13.0,78290
2017-04-13 00:00:00,13.0,13.15,13.0,13.15,27650
2017-04-12 00:00:00,13.0,13.15,13.0,13.0,66143
2017-04-11 00:00:00,13.1,13.2,13.0,13.1,105761
2017-04-10 00:00:00,13.35,13.35,13.05,13.1,31076
2017-04-07 00:00:00,12.9,13.35,12.9,13.35,71324
2017-04-06 00:00:00,13.0,13.15,12.95,13.15,9275
2017-04-05 00:00:00,12.7,13.0,12.7,12.85,29004
2017-04-04 00:00:00,12.7,12.85,12.7,12.7,20014
2017-04-03 00:00:00,12.85,12.9,12.7,12.75,13053
2017-03-31 00:00:00,12.75,12.95,12.7,12.95,20977
2017-03-30 00:00:00,12.6,12.75,12.6,12.75,13247
2017-03-29 00:00:00,12.75,12.75,12.6,12.6,4357
2017-03-28 00:00:00,12.6,12.7,12.6,12.7,43348
2017-03-27 00:00:00,12.6,12.6,12.35,12.5,47046
2017-03-24 00:00:00,12.8,12.8,12.6,12.6,27948
2017-03-23 00:00:00,12.5,12.95,12.5,12.8,97886
2017-03-22 00:00:00,12.25,12.55,11.8,12.5,69374
2017-03-21 00:00:00,13.15,13.25,12.5,12.5,39852
2017-03-20 00:00:00,13.05,13.25,13.05,13.15,33477
2017-03-17 00:00:00,12.95,13.25,12.95,13.05,35229
2017-03-16 00:00:00,12.65,12.95,12.65,12.9,537241
2017-03-15 00:00:00,12.4,12.75,12.3,12.65,25129
2017-03-14 00:00:00,12.4,12.7,12.4,12.4,38692
2017-03-13 00:00:00,12.4,12.45,12.4,12.4,15523
2017-03-10 00:00:00,12.3,12.4,12.4,12.4,16599
2017-03-09 00:00:00,12.5,12.5,12.25,12.3,15264
2017-03-08 00:00:00,12.75,12.75,12.5,12.5,18087
2017-03-07 00:00:00,12.55,12.75,12.5,12.7,39620
2017-03-06 00:00:00,12.35,12.9,12.15,12.55,39713
2017-03-03 00:00:00,12.7,12.5,12.5,12.5,4538
2017-03-02 00:00:00,12.7,12.7,12.5,12.7,8000
2017-03-01 00:00:00,12.55,12.7,12.5,12.6,21504
2017-02-28 00:00:00,12.8,12.8,12.55,12.6,25143
2017-02-27 00:00:00,12.95,12.95,12.45,12.6,170662
2017-02-24 00:00:00,12.9,12.95,12.5,12.95,39618
2017-02-23 00:00:00,12.85,12.9,12.65,12.9,17822
2017-02-22 00:00:00,12.75,12.9,12.75,12.85,44135
2017-02-21 00:00:00,12.8,12.9,12.6,12.75,43395
2017-02-20 00:00:00,12.85,12.9,12.75,12.8,43073
2017-02-17 00:00:00,12.7,12.85,12.6,12.7,49571
2017-02-16 00:00:00,12.5,12.6,12.5,12.6,35209
2017-02-15 00:00:00,12.7,12.7,12.4,12.5,28872
2017-02-14 00:00:00,12.95,12.95,12.45,12.6,99277
2017-02-13 00:00:00,12.7,13.5,12.65,12.95,165656
2017-02-10 00:00:00,12.1,12.65,12.0,12.6,1348748
2017-02-09 00:00:00,11.9,12.15,11.8,12.1,153233
2017-02-08 00:00:00,11.5,11.95,11.5,11.9,119160
2017-02-07 00:00:00,11.5,11.5,11.35,11.4,37500
2017-02-06 00:00:00,11.55,11.55,11.35,11.4,16691
2017-02-03 00:00:00,11.5,11.5,11.35,11.5,40150
2017-02-02 00:00:00,11.5,11.55,11.5,11.55,22019
2017-02-01 00:00:00,11.55,11.55,11.35,11.4,10603
2017-01-31 00:00:00,11.5,11.55,11.25,11.55,58928
2017-01-30 00:00:00,11.1,11.45,11.1,11.4,26262
2017-01-27 00:00:00,11.4,11.4,10.5,10.5,69040
2017-01-26 00:00:00,11.45,11.45,11.2,11.4,14268
2017-01-25 00:00:00,11.3,11.85,11.1,11.45,50481
2017-01-24 00:00:00,11.25,11.25,11.05,11.15,184701
2017-01-23 00:00:00,11.3,11.55,11.15,11.25,21998
2017-01-20 00:00:00,11.2,11.5,11.15,11.25,172483
2017-01-19 00:00:00,10.35,11.35,10.35,11.2,165596
2017-01-18 00:00:00,10.4,10.4,10.2,10.3,16022
2017-01-17 00:00:00,9.95,10.3,9.95,10.2,47179
2017-01-16 00:00:00,9.85,9.95,9.8,9.95,30242
2017-01-13 00:00:00,9.8,9.85,9.6,9.85,23593
2017-01-12 00:00:00,9.95,9.95,9.85,9.85,5522
2017-01-11 00:00:00,9.8,9.95,9.8,9.95,12371
2017-01-10 00:00:00,9.9,9.9,9.8,9.85,39834
2017-01-09 00:00:00,9.7,9.95,9.7,9.8,69911
2017-01-06 00:00:00,,9.6,9.6,9.6,0
2017-01-05 00:00:00,9.8,9.85,9.6,9.6,61346
2017-01-04 00:00:00,9.85,9.85,9.5,9.5,19085
2017-01-03 00:00:00,9.9,9.9,9.7,9.7,12561
2017-01-02 00:00:00,9.9,9.95,9.65,9.75,8994
2016-12-30 00:00:00,9.6,9.85,9.55,9.75,28164
2016-12-29 00:00:00,9.6,9.6,9.45,9.6,7818
2016-12-28 00:00:00,9.3,9.85,9.3,9.6,48630
2016-12-27 00:00:00,9.5,9.5,9.25,9.4,19383
2016-12-23 00:00:00,9.45,9.5,9.35,9.5,10560
2016-12-22 00:00:00,9.45,9.55,9.45,9.5,15952
2016-12-21 00:00:00,9.4,9.5,9.4,9.45,48774
2016-12-20 00:00:00,9.25,9.4,9.25,9.4,11841
2016-12-19 00:00:00,9.2,9.25,9.05,9.25,28730
2016-12-16 00:00:00,9.15,9.3,9.1,9.2,31534
2016-12-15 00:00:00,9.0,9.05,8.9,9.05,5756
2016-12-14 00:00:00,9.2,9.2,9.0,9.15,18713
2016-12-13 00:00:00,9.0,9.2,9.0,9.2,4233
2016-12-12 00:00:00,9.25,9.35,9.1,9.2,24099
2016-12-09 00:00:00,9.3,9.3,9.1,9.25,20672
2016-12-08 00:00:00,9.45,9.45,9.3,9.4,14321
2016-12-07 00:00:00,9.45,9.6,9.45,9.45,45728
2016-12-06 00:00:00,9.4,9.45,9.3,9.45,13740
2016-12-05 00:00:00,9.5,9.5,9.4,9.4,41135
2016-12-02 00:00:00,9.4,9.5,9.3,9.5,25725
2016-12-01 00:00:00,9.2,9.3,9.0,9.3,28320
2016-11-30 00:00:00,9.1,9.4,9.0,9.4,24523
2016-11-29 00:00:00,9.2,9.2,9.1,9.2,10190
2016-11-28 00:00:00,9.4,9.4,9.1,9.2,38012
2016-11-25 00:00:00,9.45,9.45,9.2,9.4,10976
2016-11-24 00:00:00,9.3,9.45,9.25,9.45,1560
2016-11-23 00:00:00,9.25,9.45,9.25,9.45,6520
2016-11-22 00:00:00,9.4,9.45,9.3,9.45,15045
2016-11-21 00:00:00,9.4,9.5,9.3,9.5,20955
2016-11-18 00:00:00,9.45,9.7,9.3,9.55,58480
2016-11-17 00:00:00,9.4,9.4,9.25,9.3,15829
2016-11-16 00:00:00,9.3,9.4,9.25,9.4,89837
2016-11-15 00:00:00,8.7,9.7,8.7,9.15,38748
2016-11-14 00:00:00,8.9,9.75,8.9,8.95,79063
2016-11-11 00:00:00,9.2,9.2,9.1,9.2,258365
2016-11-10 00:00:00,9.35,9.4,9.2,9.3,23008
2016-11-09 00:00:00,9.0,9.25,8.75,9.25,293736
2016-11-08 00:00:00,9.2,9.25,9.0,9.25,49787
2016-11-07 00:00:00,9.15,9.3,9.1,9.2,145505
2016-11-04 00:00:00,9.1,9.35,9.15,9.15,134640
2016-11-03 00:00:00,8.85,9.1,8.85,9.0,140862
2016-11-02 00:00:00,8.7,8.85,8.7,8.85,43073
2016-11-01 00:00:00,8.8,8.85,8.75,8.8,103917
2016-10-31 00:00:00,8.85,8.9,8.75,8.8,50734
2016-10-28 00:00:00,8.9,8.9,8.75,8.75,146680
2016-10-27 00:00:00,8.7,8.85,8.65,8.85,112235
2016-10-26 00:00:00,8.55,8.7,8.45,8.7,168387
2016-10-25 00:00:00,8.65,8.75,8.55,8.7,184760
2016-10-24 00:00:00,8.55,8.65,8.5,8.65,113765
2016-10-21 00:00:00,8.55,8.55,8.45,8.5,13011
2016-10-20 00:00:00,8.5,8.65,8.45,8.55,201626
2016-10-19 00:00:00,8.5,8.55,8.35,8.5,25546
2016-10-18 00:00:00,8.4,8.55,8.4,8.5,20546
2016-10-17 00:00:00,8.65,8.65,8.45,8.45,4650
2016-10-14 00:00:00,8.65,8.65,8.6,8.6,5027
2016-10-13 00:00:00,8.6,8.6,8.5,8.6,8095
2016-10-12 00:00:00,8.55,8.55,8.4,8.5,34417
2016-10-11 00:00:00,8.7,8.7,8.55,8.55,35534
2016-10-10 00:00:00,8.6,8.7,8.55,8.65,31195
2016-10-07 00:00:00,8.7,8.75,8.6,8.7,15554
2016-10-06 00:00:00,8.8,8.8,8.65,8.7,28103
2016-10-05 00:00:00,8.75,8.8,8.65,8.75,20008
2016-10-04 00:00:00,8.65,8.8,8.65,8.75,12152
2016-10-03 00:00:00,8.9,9.0,8.8,8.85,18313
2016-09-30 00:00:00,8.75,8.9,8.6,8.9,22939
2016-09-29 00:00:00,8.7,8.85,8.65,8.7,27338
2016-09-28 00:00:00,8.75,8.75,8.6,8.75,12647
2016-09-27 00:00:00,8.65,8.75,8.6,8.75,73809
2016-09-26 00:00:00,8.6,8.65,8.55,8.65,28937
2016-09-23 00:00:00,8.7,8.7,8.65,8.65,61572
2016-09-22 00:00:00,8.8,8.8,8.65,8.75,13561
2016-09-21 00:00:00,8.75,8.9,8.75,8.85,98292
2016-09-20 00:00:00,8.75,8.8,8.6,8.8,163158
2016-09-19 00:00:00,8.9,8.9,8.7,8.75,56953
2016-09-16 00:00:00,9.1,9.1,8.75,8.75,110935
2016-09-15 00:00:00,9.15,9.15,8.95,9.05,8032
2016-09-14 00:00:00,9.05,9.15,8.95,9.1,34356
2016-09-13 00:00:00,8.95,9.05,8.9,8.95,15987
2016-09-12 00:00:00,8.95,9.1,8.8,9.0,115770
2016-09-09 00:00:00,8.75,9.15,8.7,9.0,214836
2016-09-08 00:00:00,8.75,8.75,8.65,8.75,13066
2016-09-07 00:00:00,8.8,8.8,8.6,8.8,15056
2016-09-06 00:00:00,8.75,8.8,8.55,8.8,129353
2016-09-05 00:00:00,8.6,8.75,8.6,8.75,26398
2016-09-02 00:00:00,8.6,8.7,8.55,8.7,86134
2016-09-01 00:00:00,8.5,8.55,8.5,8.55,4076
2016-08-31 00:00:00,8.5,8.75,8.45,8.6,136871
2016-08-30 00:00:00,8.5,8.65,8.5,8.65,12056
2016-08-29 00:00:00,8.6,8.7,8.6,8.6,68565
2016-08-26 00:00:00,8.6,8.65,8.6,8.65,10470
2016-08-25 00:00:00,8.7,8.7,8.6,8.7,22290
2016-08-24 00:00:00,8.6,8.7,8.6,8.6,129839
2016-08-23 00:00:00,8.7,8.7,8.6,8.7,14270
2016-08-22 00:00:00,8.55,8.7,8.5,8.7,47828
2016-08-19 00:00:00,8.55,8.65,8.55,8.6,4200
2016-08-18 00:00:00,8.45,8.7,8.45,8.7,55942
2016-08-17 00:00:00,8.5,8.6,8.5,8.55,24010
2016-08-16 00:00:00,8.55,8.7,8.55,8.65,549
2016-08-15 00:00:00,8.5,8.7,8.5,8.7,60973
2016-08-12 00:00:00,8.6,8.6,8.45,8.55,13305
2016-08-11 00:00:00,8.55,8.55,8.45,8.5,40585
2016-08-10 00:00:00,8.5,8.6,8.5,8.6,6913
2016-08-09 00:00:00,8.6,8.65,8.5,8.65,18374
2016-08-08 00:00:00,8.65,8.65,8.5,8.65,17284
2016-08-05 00:00:00,8.65,8.65,8.55,8.65,9655
2016-08-04 00:00:00,8.65,8.65,8.55,8.6,14429
2016-08-03 00:00:00,8.65,8.65,8.4,8.6,38347
2016-08-02 00:00:00,8.6,8.7,8.45,8.65,25316
2016-08-01 00:00:00,8.9,8.9,8.6,8.7,36833
2016-07-29 00:00:00,8.95,8.95,8.85,8.9,18157
2016-07-28 00:00:00,8.7,8.8,8.7,8.8,1260
2016-07-27 00:00:00,8.8,8.85,8.7,8.85,37324
2016-07-26 00:00:00,8.65,8.8,8.6,8.8,49618
2016-07-25 00:00:00,8.65,8.7,8.6,8.65,16534
2016-07-22 00:00:00,8.7,8.7,8.5,8.65,22147
2016-07-21 00:00:00,8.75,8.75,8.5,8.65,10460
2016-07-20 00:00:00,8.75,8.95,8.45,8.6,148657
2016-07-19 00:00:00,8.55,8.7,8.45,8.7,189584
2016-07-18 00:00:00,8.55,8.55,8.5,8.55,16804
2016-07-15 00:00:00,8.55,8.6,8.5,8.6,25188
2016-07-14 00:00:00,8.5,8.6,8.45,8.55,77890
2016-07-13 00:00:00,8.65,8.65,8.35,8.5,97030
2016-07-12 00:00:00,8.7,8.8,8.55,8.65,287382
2016-07-11 00:00:00,8.5,8.5,8.25,8.5,39417
2016-07-08 00:00:00,8.15,8.35,8.05,8.35,31335
2016-07-07 00:00:00,8.15,8.3,8.15,8.3,17300
2016-07-06 00:00:00,8.15,8.3,8.15,8.25,20024
2016-07-05 00:00:00,8.3,8.3,8.1,8.2,2279
2016-07-04 00:00:00,8.05,8.4,8.05,8.3,42818
2016-07-01 00:00:00,8.35,8.35,8.15,8.3,24947
2016-06-30 00:00:00,8.35,8.4,8.3,8.4,18164
2016-06-29 00:00:00,8.4,8.4,8.1,8.3,42509
2016-06-28 00:00:00,8.4,8.4,8.1,8.3,36172
2016-06-27 00:00:00,8.1,8.4,7.8,8.3,101932
2016-06-24 00:00:00,,8.45,8.45,8.45,0
2016-06-23 00:00:00,8.5,8.5,8.45,8.45,14710
2016-06-22 00:00:00,8.45,8.5,8.45,8.45,10630
2016-06-21 00:00:00,8.35,8.45,8.15,8.45,61463
2016-06-20 00:00:00,8.5,8.5,8.2,8.35,83914
2016-06-17 00:00:00,8.6,8.6,8.3,8.5,38525
2016-06-16 00:00:00,8.8,8.8,8.35,8.55,30483
2016-06-15 00:00:00,8.65,8.9,8.65,8.75,22331
2016-06-14 00:00:00,9.0,9.0,8.55,8.65,13049
2016-06-13 00:00:00,9.0,9.0,8.45,8.6,40570
2016-06-10 00:00:00,9.25,9.25,8.8,8.9,27326
2016-06-09 00:00:00,9.15,9.4,8.75,9.05,57218
2016-06-08 00:00:00,9.0,9.15,8.9,9.15,62101
2016-06-07 00:00:00,8.7,9.0,8.7,9.0,81909
2016-06-06 00:00:00,,8.9,8.9,8.9,0
2016-06-03 00:00:00,9.15,9.15,8.8,8.9,53143
2016-06-02 00:00:00,9.15,9.15,8.95,9.1,41411
2016-06-01 00:00:00,9.1,9.2,8.9,9.0,77152
2016-05-31 00:00:00,8.9,9.25,8.8,9.1,101499
2016-05-30 00:00:00,8.95,8.95,8.85,8.95,101784
2016-05-27 00:00:00,8.9,9.0,8.8,8.95,15241
2016-05-26 00:00:00,8.7,8.8,8.6,8.8,59495
2016-05-25 00:00:00,8.8,8.8,8.7,8.7,4385
2016-05-24 00:00:00,8.6,8.75,8.5,8.75,44629
2016-05-23 00:00:00,8.45,8.85,8.45,8.6,73747
2016-05-20 00:00:00,8.45,8.6,8.45,8.5,27796
2016-05-19 00:00:00,8.75,8.75,8.5,8.6,18876
2016-05-18 00:00:00,8.75,8.75,8.6,8.7,12185
2016-05-17 00:00:00,8.8,8.8,8.65,8.8,36509
2016-05-16 00:00:00,8.6,8.8,8.45,8.8,100939
2016-05-13 00:00:00,8.6,8.6,8.5,8.6,8519
2016-05-12 00:00:00,8.6,8.6,8.5,8.5,56046
2016-05-11 00:00:00,8.45,8.7,8.45,8.6,120355
2016-05-10 00:00:00,8.45,8.5,8.35,8.5,11051
2016-05-09 00:00:00,8.4,8.45,8.3,8.45,64019
2016-05-06 00:00:00,8.3,8.45,8.3,8.4,28701
2016-05-05 00:00:00,8.3,8.4,8.3,8.4,18430
2016-05-04 00:00:00,8.3,8.4,8.3,8.4,18430
2016-05-03 00:00:00,8.4,8.4,8.3,8.4,89053
2016-05-02 00:00:00,8.45,8.45,8.35,8.4,24312
2016-04-29 00:00:00,8.3,8.7,8.3,8.45,139277
2016-04-28 00:00:00,8.4,8.45,8.4,8.45,72692
2016-04-27 00:00:00,8.4,8.45,8.35,8.45,78680
2016-04-26 00:00:00,8.4,8.5,8.4,8.4,31569
2016-04-25 00:00:00,8.35,8.5,8.35,8.45,25264
2016-04-22 00:00:00,8.4,8.4,8.2,8.35,50212
2016-04-21 00:00:00,8.3,8.45,8.3,8.45,90728
2016-04-20 00:00:00,8.25,8.4,8.2,8.3,38099
2016-04-19 00:00:00,8.35,8.45,8.15,8.4,254333
2016-04-18 00:00:00,8.35,8.55,8.35,8.55,28367
2016-04-15 00:00:00,8.55,8.55,8.45,8.55,8865
2016-04-14 00:00:00,8.35,8.6,8.35,8.55,29995
2016-04-13 00:00:00,8.55,8.65,8.4,8.5,28678
2016-04-12 00:00:00,8.5,8.55,8.35,8.55,58269
2016-04-11 00:00:00,8.35,8.5,8.35,8.5,50744
2016-04-08 00:00:00,8.35,8.4,8.35,8.4,45241
2016-04-07 00:00:00,8.3,8.35,8.25,8.35,22555
2016-04-06 00:00:00,8.35,8.4,8.25,8.3,56688
2016-04-05 00:00:00,8.3,8.35,8.15,8.25,52278
2016-04-04 00:00:00,8.5,8.5,8.35,8.35,50726
2016-04-01 00:00:00,8.7,8.8,8.3,8.5,72919
2016-03-31 00:00:00,8.5,8.5,8.35,8.45,27688
2016-03-30 00:00:00,8.25,8.45,8.25,8.4,86411
2016-03-29 00:00:00,8.15,8.35,8.1,8.3,118000
2016-03-28 00:00:00,8.35,8.45,8.35,8.35,27946
2016-03-25 00:00:00,8.35,8.45,8.15,8.35,27946
2016-03-24 00:00:00,8.35,8.45,8.15,8.35,27946
2016-03-23 00:00:00,8.35,8.35,8.2,8.35,5863
2016-03-22 00:00:00,8.45,8.45,8.2,8.35,5256
2016-03-21 00:00:00,8.1,8.5,8.1,8.5,35120
2016-03-18 00:00:00,8.2,8.25,8.1,8.25,25221
2016-03-17 00:00:00,8.25,8.25,8.1,8.2,1350
2016-03-16 00:00:00,8.25,8.3,8.15,8.15,93245
2016-03-15 00:00:00,8.25,8.35,8.25,8.25,35294
2016-03-14 00:00:00,8.25,8.4,8.25,8.35,23425
2016-03-11 00:00:00,8.2,8.3,8.2,8.25,28416
2016-03-10 00:00:00,8.45,8.45,8.2,8.3,37775
2016-03-09 00:00:00,8.7,8.7,8.25,8.35,10324
2016-03-08 00:00:00,8.35,8.35,8.2,8.35,13112
2016-03-07 00:00:00,8.4,8.4,8.2,8.35,58103
2016-03-04 00:00:00,8.35,8.4,8.3,8.4,10785
2016-03-03 00:00:00,8.5,8.5,8.35,8.35,600
2016-03-02 00:00:00,8.3,8.45,8.2,8.35,34687
2016-03-01 00:00:00,8.5,8.5,8.15,8.3,31603
2016-02-29 00:00:00,8.5,8.5,8.25,8.45,26044
2016-02-26 00:00:00,8.3,8.55,8.2,8.5,92190
2016-02-25 00:00:00,8.15,8.4,8.15,8.4,51753
2016-02-24 00:00:00,8.15,8.3,8.1,8.3,27260
2016-02-23 00:00:00,8.2,8.35,8.2,8.35,16650
2016-02-22 00:00:00,8.25,8.4,8.2,8.4,28760
2016-02-19 00:00:00,8.3,8.65,8.3,8.4,18806
2016-02-18 00:00:00,8.3,8.5,8.25,8.5,78789
2016-02-17 00:00:00,8.4,8.65,8.3,8.55,46941
2016-02-16 00:00:00,8.6,8.7,8.35,8.45,85436
2016-02-15 00:00:00,8.65,8.7,8.4,8.6,33372
2016-02-12 00:00:00,8.3,8.65,8.3,8.55,1354301
2016-02-11 00:00:00,8.75,8.95,8.3,8.7,822350
2016-02-10 00:00:00,8.75,8.75,7.75,8.75,451957
2016-02-09 00:00:00,8.7,8.95,8.6,8.65,243849
2016-02-08 00:00:00,9.05,9.15,8.8,8.9,61184
2016-02-05 00:00:00,9.15,9.2,9.05,9.15,27321
2016-02-04 00:00:00,9.0,9.4,9.0,9.15,80446
2016-02-03 00:00:00,9.25,9.25,9.1,9.1,23066
2016-02-02 00:00:00,9.5,9.5,9.25,9.35,59846
2016-02-01 00:00:00,9.6,9.6,9.35,9.5,47780
2016-01-29 00:00:00,9.4,9.5,9.35,9.45,98167
2016-01-28 00:00:00,9.5,9.5,9.35,9.45,27279
2016-01-27 00:00:00,9.5,9.5,9.35,9.35,16880
2016-01-26 00:00:00,9.2,9.5,9.2,9.4,107958
2016-01-25 00:00:00,9.3,9.5,9.2,9.45,324928
2016-01-22 00:00:00,9.1,9.2,9.0,9.2,78450
2016-01-21 00:00:00,8.8,9.2,8.8,9.15,37480
2016-01-20 00:00:00,9.0,9.35,8.5,8.8,124705
2016-01-19 00:00:00,9.0,9.15,9.0,9.15,48531
2016-01-18 00:00:00,9.0,9.2,9.0,9.1,73279
2016-01-15 00:00:00,9.4,9.45,8.8,9.1,147833
2016-01-14 00:00:00,9.45,9.45,8.95,9.3,153876
2016-01-13 00:00:00,9.45,9.5,9.35,9.4,52847
2016-01-12 00:00:00,9.3,9.55,9.3,9.45,132846
2016-01-11 00:00:00,9.35,9.4,9.2,9.25,103677
2016-01-08 00:00:00,9.3,9.45,9.3,9.45,211019
2016-01-07 00:00:00,9.35,9.35,9.0,9.3,177871
2016-01-06 00:00:00,,9.4,9.4,9.4,0
2016-01-05 00:00:00,9.1,9.45,9.05,9.4,251021
2016-01-04 00:00:00,8.45,9.2,8.25,9.05,568450
2016-01-01 00:00:00,,8.5,8.5,8.5,0
2015-12-31 00:00:00,,8.5,8.5,8.5,0
2015-12-30 00:00:00,8.55,8.55,8.45,8.5,138830
2015-12-29 00:00:00,8.45,8.55,8.3,8.5,42825
2015-12-28 00:00:00,8.5,8.5,8.35,8.45,75482
2015-12-25 00:00:00,8.75,8.75,8.45,8.5,149575
2015-12-24 00:00:00,8.75,8.75,8.45,8.5,149575
2015-12-23 00:00:00,8.75,8.75,8.45,8.5,149575
2015-12-22 00:00:00,8.4,8.75,8.4,8.6,156395
2015-12-21 00:00:00,8.7,8.7,8.45,8.5,68519
2015-12-18 00:00:00,8.3,8.5,8.2,8.5,175567
2015-12-17 00:00:00,8.2,8.35,8.2,8.3,187655
2015-12-16 00:00:00,8.15,8.4,8.15,8.2,43283
2015-12-15 00:00:00,8.3,8.3,8.15,8.25,160017
2015-12-14 00:00:00,8.1,8.4,8.1,8.35,34806
2015-12-11 00:00:00,8.45,8.45,8.1,8.2,126110
2015-12-10 00:00:00,8.45,8.45,8.25,8.45,88199
2015-12-09 00:00:00,8.5,8.5,8.35,8.35,18348
2015-12-08 00:00:00,8.5,8.55,8.25,8.45,72928
2015-12-07 00:00:00,8.6,8.6,8.4,8.5,51738
2015-12-04 00:00:00,8.5,8.6,8.45,8.6,27652
2015-12-03 00:00:00,8.8,8.8,8.55,8.6,52054
2015-12-02 00:00:00,8.9,8.9,8.35,8.45,149176
2015-12-01 00:00:00,8.6,8.8,8.5,8.7,182725
2015-11-30 00:00:00,8.4,8.65,8.3,8.3,144135
2015-11-27 00:00:00,8.2,8.3,8.0,8.15,114075
2015-11-26 00:00:00,8.1,8.2,8.0,8.1,11798
2015-11-25 00:00:00,8.1,8.15,8.0,8.1,18734
2015-11-24 00:00:00,8.15,8.15,8.05,8.1,47335
2015-11-23 00:00:00,8.2,8.2,8.15,8.15,8324
2015-11-20 00:00:00,8.2,8.45,8.2,8.3,24527
2015-11-19 00:00:00,8.25,8.45,8.25,8.3,6027
2015-11-18 00:00:00,8.25,8.5,8.2,8.5,32501
2015-11-17 00:00:00,8.3,8.4,8.05,8.4,45294
2015-11-16 00:00:00,8.2,8.25,8.1,8.2,18701
2015-11-13 00:00:00,8.15,8.3,8.15,8.25,43818
2015-11-12 00:00:00,8.25,8.4,8.2,8.3,21971
2015-11-11 00:00:00,8.2,8.25,8.2,8.25,7086
2015-11-10 00:00:00,8.45,8.45,8.2,8.25,41185
2015-11-09 00:00:00,8.4,8.6,8.3,8.45,102806
2015-11-06 00:00:00,8.2,8.4,8.2,8.3,20136
2015-11-05 00:00:00,8.4,8.4,8.2,8.25,39930
2015-11-04 00:00:00,8.25,8.6,8.2,8.4,39422
2015-11-03 00:00:00,8.25,8.25,8.1,8.2,23648
2015-11-02 00:00:00,7.95,8.15,7.95,8.15,70760
2015-10-30 00:00:00,7.9,8.1,7.9,8.05,99256
2015-10-29 00:00:00,7.8,8.0,7.8,7.9,88360
2015-10-28 00:00:00,7.8,7.9,7.45,7.7,116739
2015-10-27 00:00:00,7.85,7.95,7.65,7.9,160882
2015-10-26 00:00:00,7.95,8.2,7.9,8.2,117557
2015-10-23 00:00:00,7.9,8.05,7.8,8.0,56591
2015-10-22 00:00:00,7.75,7.9,7.65,7.8,140206
2015-10-21 00:00:00,7.85,7.85,7.75,7.85,6250
2015-10-20 00:00:00,7.8,7.85,7.7,7.85,62123
2015-10-19 00:00:00,7.95,7.95,7.85,7.9,65000
2015-10-16 00:00:00,7.95,8.1,7.9,7.9,111258
2015-10-15 00:00:00,7.95,8.05,7.95,8.0,69006
2015-10-14 00:00:00,7.9,8.05,7.9,7.95,5788
2015-10-13 00:00:00,7.95,8.05,7.95,7.95,145905
2015-10-12 00:00:00,8.05,8.15,7.9,8.05,63771
2015-10-09 00:00:00,8.05,8.2,8.05,8.05,75869
2015-10-08 00:00:00,7.9,8.2,7.8,8.2,81125
2015-10-07 00:00:00,7.8,8.0,7.8,8.0,6179
2015-10-06 00:00:00,7.9,8.0,7.8,7.8,35131
2015-10-05 00:00:00,8.1,8.15,7.85,8.0,82722
2015-10-02 00:00:00,8.0,8.15,7.8,7.85,69640
2015-10-01 00:00:00,7.85,8.2,7.85,8.0,28124
2015-09-30 00:00:00,7.95,8.0,7.8,7.8,22051
2015-09-29 00:00:00,7.95,7.95,7.8,7.9,285114
2015-09-28 00:00:00,8.0,8.15,8.0,8.1,23853
2015-09-25 00:00:00,8.0,8.1,8.0,8.0,7618
2015-09-24 00:00:00,8.0,8.05,7.95,7.95,17018
2015-09-23 00:00:00,8.0,8.0,7.95,8.0,50757
2015-09-22 00:00:00,8.2,8.2,7.9,7.9,38535
2015-09-21 00:00:00,8.15,8.35,8.15,8.25,24590
2015-09-18 00:00:00,8.2,8.3,8.1,8.15,35623
2015-09-17 00:00:00,8.15,8.25,8.15,8.2,1510
2015-09-16 00:00:00,8.25,8.25,8.2,8.25,11885
2015-09-15 00:00:00,8.3,8.5,8.1,8.2,43348
2015-09-14 00:00:00,8.6,8.65,8.4,8.4,115329
2015-09-11 00:00:00,8.65,8.7,8.5,8.7,1906
2015-09-10 00:00:00,8.5,8.65,8.45,8.5,10858
2015-09-09 00:00:00,8.1,8.5,8.1,8.5,40675
2015-09-08 00:00:00,8.2,8.3,8.1,8.1,93769
2015-09-07 00:00:00,8.25,8.25,8.2,8.25,28865
2015-09-04 00:00:00,8.2,8.3,8.2,8.25,38976
2015-09-03 00:00:00,8.2,8.3,8.15,8.3,69667
2015-09-02 00:00:00,8.2,8.5,8.0,8.25,102142
2015-09-01 00:00:00,8.65,8.65,8.25,8.45,160319
2015-08-31 00:00:00,8.9,8.9,8.6,8.7,38912
2015-08-28 00:00:00,8.75,8.85,8.7,8.8,16767
2015-08-27 00:00:00,8.65,8.8,8.65,8.75,13079
2015-08-26 00:00:00,8.45,8.65,8.45,8.65,24771
2015-08-25 00:00:00,8.2,8.5,8.15,8.45,91943
2015-08-24 00:00:00,8.35,8.6,8.1,8.2,267240
2015-08-21 00:00:00,8.8,8.85,8.6,8.85,155689
2015-08-20 00:00:00,8.95,9.1,8.7,8.85,114433
2015-08-19 00:00:00,9.0,9.15,8.85,9.15,88613
2015-08-18 00:00:00,9.45,9.45,9.0,9.1,218875
2015-08-17 00:00:00,9.4,9.65,9.4,9.55,130652
2015-08-14 00:00:00,9.2,9.4,9.2,9.35,35680
2015-08-13 00:00:00,8.9,9.15,8.9,9.15,90945
2015-08-12 00:00:00,9.15,9.15,8.9,8.95,47456
2015-08-11 00:00:00,9.2,9.2,8.95,9.15,67421
2015-08-10 00:00:00,9.25,9.25,9.0,9.2,79404
2015-08-07 00:00:00,9.2,9.3,9.15,9.25,20716
2015-08-06 00:00:00,9.4,9.4,9.15,9.35,69716
2015-08-05 00:00:00,9.3,9.4,9.3,9.4,32158
2015-08-04 00:00:00,9.4,9.4,9.3,9.3,18749
2015-08-03 00:00:00,9.55,9.55,9.2,9.35,67809
2015-07-31 00:00:00,9.3,9.4,9.25,9.4,38774
2015-07-30 00:00:00,9.4,9.45,8.95,9.25,61787
2015-07-29 00:00:00,9.45,9.45,9.35,9.4,11403
2015-07-28 00:00:00,9.5,9.5,9.25,9.5,56730
2015-07-27 00:00:00,9.35,9.45,9.15,9.25,71210
2015-07-24 00:00:00,9.45,9.55,9.4,9.5,14945
2015-07-23 00:00:00,9.6,9.6,9.45,9.45,22641
2015-07-22 00:00:00,9.45,9.55,9.45,9.45,47728
2015-07-21 00:00:00,9.45,9.6,9.3,9.4,55578
2015-07-20 00:00:00,9.35,9.5,9.3,9.45,106594
2015-07-17 00:00:00,9.35,9.5,9.3,9.5,269198
2015-07-16 00:00:00,9.55,9.55,9.4,9.5,9531
2015-07-15 00:00:00,9.55,9.55,9.4,9.55,16976
2015-07-14 00:00:00,9.7,9.7,9.4,9.6,21225
2015-07-13 00:00:00,9.4,9.8,9.4,9.55,387422
2015-07-10 00:00:00,9.3,9.5,9.25,9.35,92616
2015-07-09 00:00:00,9.4,9.4,9.25,9.3,86931
2015-07-08 00:00:00,9.15,9.5,9.15,9.45,176424
2015-07-07 00:00:00,9.5,9.55,9.15,9.3,187383
2015-07-06 00:00:00,9.0,9.5,9.0,9.5,106004
2015-07-03 00:00:00,8.7,9.7,8.7,9.4,248133
2015-07-02 00:00:00,8.7,8.9,8.4,8.9,102457
2015-07-01 00:00:00,8.55,8.75,8.5,8.65,61164
2015-06-30 00:00:00,8.4,8.55,8.2,8.55,80227
2015-06-29 00:00:00,8.35,8.45,8.15,8.4,127441
2015-06-26 00:00:00,8.4,8.55,8.35,8.45,89751
2015-06-25 00:00:00,8.35,8.5,8.25,8.4,72267
2015-06-24 00:00:00,8.45,8.5,8.35,8.45,33017
2015-06-23 00:00:00,8.5,8.55,8.3,8.45,125003
2015-06-22 00:00:00,8.35,8.4,8.2,8.4,24521
2015-06-19 00:00:00,,8.3,8.3,8.3,0
2015-06-18 00:00:00,8.2,8.45,8.1,8.3,92050
2015-06-17 00:00:00,8.1,8.25,8.1,8.25,6905
2015-06-16 00:00:00,7.95,8.2,7.95,8.2,116420
2015-06-15 00:00:00,8.05,8.15,8.0,8.1,82137
2015-06-12 00:00:00,8.15,8.55,8.05,8.1,18548
2015-06-11 00:00:00,8.15,8.15,8.05,8.15,11576
2015-06-10 00:00:00,8.05,8.1,7.95,8.1,87045
2015-06-09 00:00:00,8.0,8.05,7.85,8.05,103422
2015-06-08 00:00:00,8.05,8.2,7.95,8.0,69151
2015-06-05 00:00:00,8.4,8.4,8.0,8.05,98035
2015-06-04 00:00:00,8.4,8.4,8.15,8.25,67000
2015-06-03 00:00:00,8.45,8.5,8.35,8.35,32254
2015-06-02 00:00:00,8.5,8.5,8.35,8.45,93528
2015-06-01 00:00:00,8.6,8.6,8.4,8.5,108511
2015-05-29 00:00:00,8.4,8.55,8.3,8.3,68453
2015-05-28 00:00:00,8.35,8.5,8.35,8.45,24285
2015-05-27 00:00:00,8.55,8.55,8.35,8.35,64169
2015-05-26 00:00:00,8.6,8.65,8.4,8.45,48940
2015-05-25 00:00:00,8.7,8.7,8.45,8.6,135791
2015-05-22 00:00:00,8.4,8.7,8.4,8.6,96727
2015-05-21 00:00:00,8.55,8.55,8.35,8.55,19246
2015-05-20 00:00:00,8.25,8.55,8.2,8.35,208575
2015-05-19 00:00:00,8.4,8.4,8.3,8.4,29044
2015-05-18 00:00:00,8.15,8.4,8.15,8.4,68897
2015-05-15 00:00:00,8.35,8.4,8.1,8.1,150519
2015-05-14 00:00:00,8.3,8.4,8.3,8.4,10795
2015-05-13 00:00:00,8.3,8.4,8.3,8.4,10795
2015-05-12 00:00:00,8.4,8.4,8.25,8.25,8681
2015-05-11 00:00:00,8.3,8.4,8.25,8.35,32168
2015-05-08 00:00:00,8.3,8.35,8.2,8.25,61254
2015-05-07 00:00:00,8.3,8.3,7.8,8.25,207992
2015-05-06 00:00:00,8.35,8.35,8.2,8.3,112875
2015-05-05 00:00:00,8.3,8.4,8.3,8.35,79344
2015-05-04 00:00:00,8.3,8.35,8.3,8.35,12776
2015-05-01 00:00:00,8.4,8.4,8.3,8.4,87854
2015-04-30 00:00:00,8.4,8.4,8.3,8.4,87854
2015-04-29 00:00:00,8.35,8.5,8.35,8.4,207527
2015-04-28 00:00:00,8.4,8.5,8.4,8.45,87068
2015-04-27 00:00:00,8.45,8.5,8.3,8.5,208777
2015-04-24 00:00:00,8.2,8.45,8.15,8.45,288354
2015-04-23 00:00:00,8.2,8.35,8.0,8.2,275106
2015-04-22 00:00:00,7.8,7.85,7.7,7.7,54268
2015-04-21 00:00:00,7.75,7.8,7.7,7.8,46785
2015-04-20 00:00:00,7.65,7.8,7.65,7.75,38008
2015-04-17 00:00:00,7.75,7.8,7.6,7.75,126976
2015-04-16 00:00:00,7.7,7.85,7.65,7.75,52939
2015-04-15 00:00:00,7.55,7.7,7.55,7.7,61792
2015-04-14 00:00:00,7.55,7.6,7.55,7.6,41375
2015-04-13 00:00:00,7.75,7.75,7.55,7.6,49625
2015-04-10 00:00:00,7.75,7.8,7.6,7.7,42972
2015-04-09 00:00:00,7.75,7.85,7.7,7.85,96785
2015-04-08 00:00:00,7.7,7.75,7.55,7.75,165990
2015-04-07 00:00:00,8.1,8.1,7.8,7.85,50652
2015-04-02 00:00:00,7.95,8.1,7.9,8.1,126898
2015-04-01 00:00:00,7.95,8.0,7.8,7.95,186007
2015-03-31 00:00:00,7.75,7.95,7.75,7.85,97291
2015-03-30 00:00:00,7.55,7.75,7.55,7.7,140964
2015-03-27 00:00:00,7.45,7.45,7.35,7.45,50554
2015-03-26 00:00:00,7.45,7.45,7.25,7.4,143826
2015-03-25 00:00:00,7.4,7.45,7.4,7.45,38747
2015-03-24 00:00:00,7.4,7.5,7.3,7.5,223603
2015-03-23 00:00:00,7.4,7.4,7.25,7.35,113212
2015-03-20 00:00:00,7.3,7.4,7.2,7.4,110945
2015-03-19 00:00:00,7.2,7.4,7.2,7.35,141634
2015-03-18 00:00:00,7.4,7.45,7.35,7.4,67265
2015-03-17 00:00:00,7.4,7.5,7.3,7.4,61436
2015-03-16 00:00:00,7.35,7.4,7.3,7.4,55676
2015-03-13 00:00:00,7.4,7.4,7.25,7.35,136383
2015-03-12 00:00:00,7.25,7.35,7.25,7.35,271890
2015-03-11 00:00:00,7.15,7.25,7.1,7.25,46291
2015-03-10 00:00:00,7.2,7.3,7.15,7.25,102660
2015-03-09 00:00:00,7.2,7.2,7.0,7.15,342686
2015-03-06 00:00:00,7.4,7.4,7.2,7.4,382704
2015-03-05 00:00:00,7.4,7.4,7.3,7.3,122905
2015-03-04 00:00:00,7.25,7.4,7.15,7.4,136239
2015-03-03 00:00:00,7.7,7.7,7.25,7.25,263325
2015-03-02 00:00:00,7.55,7.8,7.4,7.5,477784
2015-02-27 00:00:00,7.35,7.5,7.35,7.5,233841
2015-02-26 00:00:00,7.35,7.35,7.25,7.35,278369
2015-02-25 00:00:00,7.0,7.3,6.95,7.25,780729
2015-02-24 00:00:00,6.95,7.0,6.85,6.9,124248
2015-02-23 00:00:00,6.9,6.95,6.85,6.95,318341
2015-02-20 00:00:00,6.95,7.0,6.8,6.85,247435
2015-02-19 00:00:00,6.85,6.9,6.8,6.85,116559
2015-02-18 00:00:00,6.8,7.05,6.75,6.85,403527
2015-02-17 00:00:00,7.05,7.05,6.85,6.85,79645
2015-02-16 00:00:00,6.95,7.05,6.85,6.95,195455
2015-02-13 00:00:00,7.15,7.25,6.95,6.95,314707
2015-02-12 00:00:00,7.0,7.3,6.9,7.15,561829
2015-02-11 00:00:00,6.75,7.1,6.6,7.0,867495
2015-02-10 00:00:00,6.6,6.8,6.4,6.75,1607805
2015-02-09 00:00:00,6.3,6.35,6.2,6.25,99553
2015-02-06 00:00:00,6.2,6.3,6.2,6.3,77750
2015-02-05 00:00:00,6.2,6.3,6.15,6.25,143553
2015-02-04 00:00:00,6.25,6.25,6.2,6.25,91483
2015-02-03 00:00:00,6.25,6.25,6.2,6.25,101634
2015-02-02 00:00:00,6.35,6.35,6.2,6.25,36950
2015-01-30 00:00:00,6.1,6.3,6.1,6.3,275095
2015-01-29 00:00:00,6.2,6.2,6.1,6.1,94791
2015-01-28 00:00:00,6.05,6.2,6.0,6.2,171305
2015-01-27 00:00:00,6.0,6.05,6.0,6.0,148933
2015-01-26 00:00:00,6.1,6.1,6.0,6.05,84625
2015-01-23 00:00:00,6.1,6.1,5.9,6.1,236898
2015-01-22 00:00:00,6.05,6.1,5.95,6.1,139362
2015-01-21 00:00:00,6.2,6.2,6.0,6.1,108507
2015-01-20 00:00:00,6.15,6.2,6.1,6.2,185608
2015-01-19 00:00:00,6.25,6.25,6.1,6.15,260319
2015-01-16 00:00:00,5.95,6.65,5.9,6.25,725333
2015-01-15 00:00:00,6.0,6.0,5.9,5.95,73982
2015-01-14 00:00:00,6.05,6.05,5.85,5.9,119470
2015-01-13 00:00:00,6.1,6.15,6.05,6.1,57152
2015-01-12 00:00:00,6.1,6.1,6.0,6.1,19540
2015-01-09 00:00:00,6.05,6.1,6.05,6.1,20881
2015-01-08 00:00:00,6.15,6.15,6.05,6.1,77060
2015-01-07 00:00:00,6.15,6.15,6.05,6.1,127898
2015-01-06 00:00:00,,6.25,6.25,6.25,0
2015-01-05 00:00:00,6.25,6.25,6.1,6.25,77120
2015-01-02 00:00:00,6.35,6.35,6.05,6.25,149210
2015-01-01 00:00:00,6.0,6.15,5.95,6.1,105374
2014-12-30 00:00:00,6.0,6.15,5.95,6.1,105374
2014-12-29 00:00:00,6.0,6.1,5.8,5.95,107001
2014-12-23 00:00:00,6.0,6.15,5.95,6.1,176302
2014-12-22 00:00:00,5.85,6.0,5.85,6.0,245045
2014-12-19 00:00:00,5.45,5.85,5.45,5.8,329830
2014-12-18 00:00:00,5.2,5.4,5.2,5.4,308081
2014-12-17 00:00:00,5.25,5.25,5.2,5.25,66156
2014-12-16 00:00:00,5.3,5.3,5.2,5.25,46579
2014-12-15 00:00:00,5.25,5.3,5.15,5.3,480536
2014-12-12 00:00:00,5.3,5.3,5.25,5.3,58268
2014-12-11 00:00:00,5.35,5.35,5.25,5.35,27748
2014-12-10 00:00:00,5.3,5.4,5.25,5.35,137254
2014-12-09 00:00:00,5.3,5.35,5.2,5.3,59265
2014-12-08 00:00:00,5.35,5.35,5.3,5.35,64019
2014-12-05 00:00:00,5.25,5.35,5.25,5.35,94876
2014-12-04 00:00:00,5.35,5.4,5.25,5.35,29610
2014-12-03 00:00:00,5.2,5.4,5.2,5.35,107351
2014-12-02 00:00:00,5.25,5.3,5.2,5.3,30620
2014-12-01 00:00:00,5.25,5.25,5.2,5.25,43982
2014-11-28 00:00:00,5.35,5.35,5.2,5.3,143859
2014-11-27 00:00:00,5.3,5.5,5.3,5.35,84246
2014-11-26 00:00:00,5.3,5.4,5.3,5.3,43533
2014-11-25 00:00:00,5.3,5.35,5.25,5.35,24175
2014-11-24 00:00:00,5.3,5.45,5.25,5.35,28759
2014-11-21 00:00:00,5.35,5.35,5.2,5.3,45330
2014-11-20 00:00:00,5.1,5.3,5.1,5.25,48501
2014-11-19 00:00:00,5.2,5.3,5.15,5.15,46093
2014-11-18 00:00:00,5.2,5.25,5.1,5.15,234406
2014-11-17 00:00:00,5.15,5.2,5.15,5.2,84874
2014-11-14 00:00:00,5.2,5.25,5.1,5.25,73750
2014-11-13 00:00:00,5.1,5.2,5.05,5.2,156912
2014-11-12 00:00:00,5.25,5.25,5.15,5.2,75149
2014-11-11 00:00:00,5.25,5.35,5.15,5.25,143929
2014-11-10 00:00:00,5.25,5.35,5.25,5.35,636617
2014-11-07 00:00:00,5.25,5.3,5.25,5.3,75759
2014-11-06 00:00:00,5.35,5.35,5.25,5.25,11133
2014-11-05 00:00:00,5.25,5.35,5.25,5.25,89471
2014-11-04 00:00:00,5.25,5.4,5.25,5.35,48192
2014-11-03 00:00:00,5.3,5.35,5.25,5.35,61711
2014-10-31 00:00:00,5.3,5.35,5.25,5.3,15104
2014-10-30 00:00:00,5.25,5.3,5.25,5.3,13025
2014-10-29 00:00:00,5.35,5.4,5.2,5.35,157999
2014-10-28 00:00:00,5.4,5.4,5.25,5.3,35936
2014-10-24 00:00:00,5.5,5.5,5.15,5.3,643453
2014-10-23 00:00:00,5.6,5.75,5.6,5.7,47740
2014-10-22 00:00:00,5.55,5.65,5.5,5.6,72119
2014-10-21 00:00:00,5.55,5.55,5.4,5.45,38568
2014-10-20 00:00:00,5.3,5.7,5.3,5.45,46947
2014-10-17 00:00:00,5.15,5.9,5.15,5.35,38105
2014-10-16 00:00:00,5.1,5.2,5.0,5.15,186722
2014-10-15 00:00:00,5.3,5.45,5.05,5.05,211946
2014-10-14 00:00:00,5.2,5.45,5.2,5.25,48034
2014-10-13 00:00:00,5.4,5.4,5.15,5.25,204526
2014-10-10 00:00:00,5.3,5.4,5.25,5.4,73733
2014-10-09 00:00:00,5.5,5.55,5.4,5.5,74652
2014-10-08 00:00:00,5.5,5.55,5.4,5.5,67792
2014-10-07 00:00:00,5.7,5.75,5.5,5.6,96485
2014-10-06 00:00:00,5.7,5.8,5.7,5.7,7300
2014-10-03 00:00:00,5.7,5.85,5.55,5.7,114450
2014-10-02 00:00:00,5.8,5.8,5.6,5.7,128496
2014-10-01 00:00:00,5.85,5.85,5.7,5.8,169781
2014-09-30 00:00:00,5.95,6.05,5.85,5.95,128789
2014-09-29 00:00:00,6.0,6.05,6.0,6.05,5000
2014-09-26 00:00:00,6.05,6.1,5.95,6.1,110725
2014-09-25 00:00:00,5.95,6.15,5.95,6.15,136920
2014-09-24 00:00:00,6.05,6.05,6.0,6.0,43075
2014-09-23 00:00:00,6.2,6.2,6.05,6.05,55338
2014-09-22 00:00:00,6.2,6.2,6.05,6.05,101890
2014-09-19 00:00:00,6.0,6.05,5.95,6.05,115765
2014-09-18 00:00:00,6.0,6.05,5.95,6.05,42442
2014-09-17 00:00:00,5.95,6.05,5.95,6.0,53272
2014-09-16 00:00:00,5.8,6.05,5.8,6.0,121955
2014-09-15 00:00:00,5.85,5.9,5.8,5.85,66050
2014-09-12 00:00:00,5.85,6.15,5.85,5.95,187181
2014-09-11 00:00:00,5.85,6.0,5.8,6.0,78950
2014-09-10 00:00:00,5.85,5.9,5.8,5.85,28210
2014-09-09 00:00:00,5.8,5.9,5.8,5.9,107210
2014-09-08 00:00:00,5.8,5.85,5.8,5.85,682235
2014-09-05 00:00:00,5.9,5.9,5.8,5.9,38173
2014-09-04 00:00:00,5.85,5.95,5.85,5.9,95063
2014-09-03 00:00:00,5.9,6.0,5.9,5.95,70267
2014-09-02 00:00:00,5.95,6.0,5.9,6.0,38527
2014-09-01 00:00:00,5.9,5.95,5.8,5.9,102451
2014-08-29 00:00:00,6.0,6.0,5.9,6.0,130315
2014-08-28 00:00:00,6.0,6.05,5.95,5.95,30151
2014-08-27 00:00:00,6.05,6.1,6.0,6.0,43019
2014-08-26 00:00:00,6.1,6.1,6.05,6.05,70020
2014-08-25 00:00:00,6.15,6.15,6.05,6.15,145863
2014-08-22 00:00:00,6.15,6.15,6.05,6.15,44249
2014-08-21 00:00:00,6.1,6.15,6.05,6.15,45847
2014-08-20 00:00:00,6.1,6.15,6.05,6.1,36362
2014-08-19 00:00:00,6.05,6.15,6.05,6.1,36537
2014-08-18 00:00:00,6.05,6.15,6.0,6.05,93329
2014-08-15 00:00:00,5.95,6.05,5.95,6.0,34752
2014-08-14 00:00:00,6.1,6.1,6.0,6.0,52498
2014-08-13 00:00:00,6.05,6.05,5.95,6.05,1175464
2014-08-12 00:00:00,6.0,6.0,5.95,5.95,41719
2014-08-11 00:00:00,6.0,6.05,5.9,6.05,83363
2014-08-08 00:00:00,5.9,6.05,5.85,6.05,629202
2014-08-07 00:00:00,6.0,6.1,5.9,6.1,138782
2014-08-06 00:00:00,5.95,6.0,5.9,6.0,72000
2014-08-05 00:00:00,6.05,6.05,5.95,6.0,33520
2014-08-04 00:00:00,6.0,6.1,5.8,6.0,140692
2014-08-01 00:00:00,6.1,6.2,5.9,6.1,93889
2014-07-31 00:00:00,6.2,6.2,6.15,6.15,52197
2014-07-30 00:00:00,6.3,6.3,6.1,6.3,86632
2014-07-29 00:00:00,6.25,6.3,6.25,6.3,25775
2014-07-28 00:00:00,6.3,6.3,6.25,6.25,60679
2014-07-25 00:00:00,6.2,6.25,6.15,6.25,25596
2014-07-24 00:00:00,6.2,6.3,6.15,6.2,36608
2014-07-23 00:00:00,6.25,6.3,6.25,6.25,22341
2014-07-22 00:00:00,6.3,6.3,6.2,6.2,41017
2014-07-21 00:00:00,6.3,6.3,6.25,6.25,46678
2014-07-18 00:00:00,6.3,6.45,6.25,6.25,96696
2014-07-17 00:00:00,6.5,6.5,6.35,6.35,42650
2014-07-16 00:00:00,6.45,6.5,6.35,6.5,127793
2014-07-15 00:00:00,6.3,6.45,6.2,6.45,134727
2014-07-14 00:00:00,6.2,6.35,6.05,6.3,195582
2014-07-11 00:00:00,6.3,6.3,6.2,6.2,44805
2014-07-10 00:00:00,6.35,6.35,6.25,6.25,78646
2014-07-09 00:00:00,6.35,6.45,6.35,6.45,38108
2014-07-08 00:00:00,6.45,6.5,6.4,6.45,21250
2014-07-07 00:00:00,6.45,6.55,6.4,6.5,119482
2014-07-04 00:00:00,6.65,6.65,6.45,6.55,100594
2014-07-03 00:00:00,6.65,6.7,6.45,6.6,138984
2014-07-02 00:00:00,6.65,6.75,6.55,6.7,101745
2014-07-01 00:00:00,6.6,6.75,6.55,6.75,161839
2014-06-30 00:00:00,6.45,6.6,6.35,6.55,269830
2014-06-27 00:00:00,6.15,6.4,6.1,6.3,105733
2014-06-26 00:00:00,6.2,6.25,6.05,6.15,61555
2014-06-25 00:00:00,6.1,6.25,6.05,6.2,135841
2014-06-24 00:00:00,6.45,6.45,6.05,6.1,226404
2014-06-23 00:00:00,6.35,6.5,6.25,6.5,144860
2014-06-20 00:00:00,,6.35,6.35,6.35,0
2014-06-19 00:00:00,6.3,6.4,6.3,6.35,74428
2014-06-18 00:00:00,6.15,6.45,6.15,6.35,172967
2014-06-17 00:00:00,6.15,6.4,6.1,6.2,146330
2014-06-16 00:00:00,6.35,6.45,6.3,6.3,168520
2014-06-13 00:00:00,5.75,6.55,5.75,6.35,809954
2014-06-12 00:00:00,6.0,6.0,5.75,5.85,87146
2014-06-11 00:00:00,6.0,6.0,5.9,6.0,36620
2014-06-10 00:00:00,5.9,6.0,5.8,6.0,122685
2014-06-09 00:00:00,5.65,5.9,5.65,5.9,55317
2014-06-06 00:00:00,,5.8,5.8,5.8,0
2014-06-05 00:00:00,5.7,5.8,5.65,5.8,78614
2014-06-04 00:00:00,5.8,5.8,5.7,5.8,64067
2014-06-03 00:00:00,5.8,5.85,5.65,5.8,71024
2014-06-02 00:00:00,5.95,5.95,5.55,5.8,130673
2014-05-30 00:00:00,5.9,5.95,5.85,5.95,84555
2014-05-28 00:00:00,6.0,6.0,5.85,5.95,44771
2014-05-27 00:00:00,6.0,6.0,5.9,5.95,92840
2014-05-26 00:00:00,6.0,6.0,5.9,6.0,61179
2014-05-23 00:00:00,6.0,6.05,5.85,6.0,86015
2014-05-22 00:00:00,5.9,6.0,5.9,6.0,34401
2014-05-21 00:00:00,6.05,6.05,5.85,5.95,114628
2014-05-20 00:00:00,6.05,6.05,5.9,6.05,152024
2014-05-19 00:00:00,6.0,6.05,5.95,6.0,297099
2014-05-16 00:00:00,6.0,6.0,5.9,6.0,123903
2014-05-15 00:00:00,6.05,6.05,5.95,6.05,253023
2014-05-14 00:00:00,6.05,6.05,5.95,6.05,68126
2014-05-13 00:00:00,6.0,6.05,5.95,6.05,268391
2014-05-12 00:00:00,6.0,6.0,5.85,5.95,91745
2014-05-09 00:00:00,6.05,6.05,5.9,5.95,101087
2014-05-08 00:00:00,5.95,6.05,5.9,6.05,271309
2014-05-07 00:00:00,5.8,6.0,5.7,5.9,508305
2014-05-06 00:00:00,5.6,5.75,5.55,5.75,281476
2014-05-05 00:00:00,5.6,5.6,5.4,5.5,163293
2014-05-02 00:00:00,5.55,5.6,5.5,5.55,134259
2014-05-01 00:00:00,,5.55,5.55,5.55,0
2014-04-30 00:00:00,5.6,5.65,5.55,5.55,66640
2014-04-29 00:00:00,5.65,5.7,5.6,5.65,165966
2014-04-28 00:00:00,5.65,5.8,5.55,5.65,374583
2014-04-25 00:00:00,5.55,5.65,5.55,5.65,291592
2014-04-24 00:00:00,5.3,5.55,5.3,5.5,444952
2014-04-23 00:00:00,5.3,5.3,5.2,5.25,231750
2014-04-22 00:00:00,5.3,5.35,5.25,5.3,199894
2014-04-17 00:00:00,5.3,5.3,5.25,5.3,98130
2014-04-16 00:00:00,5.25,5.3,5.1,5.3,557616
2014-04-15 00:00:00,5.0,5.05,4.96,5.0,40588
2014-04-14 00:00:00,4.94,5.0,4.88,5.0,54722
2014-04-11 00:00:00,5.0,5.05,4.9,4.95,156239
2014-04-10 00:00:00,5.05,5.1,5.0,5.0,83417
2014-04-09 00:00:00,5.1,5.1,5.0,5.05,23320
2014-04-08 00:00:00,5.05,5.1,5.05,5.1,68938
2014-04-07 00:00:00,5.1,5.1,5.0,5.05,212097
2014-04-04 00:00:00,4.9,5.05,4.87,5.05,117601
2014-04-03 00:00:00,4.9,4.94,4.9,4.94,85946
2014-04-02 00:00:00,4.89,4.93,4.87,4.9,31228
2014-04-01 00:00:00,4.9,4.96,4.9,4.92,49883
2014-03-31 00:00:00,4.9,4.95,4.9,4.95,106548
2014-03-28 00:00:00,4.9,4.93,4.85,4.93,44713
2014-03-27 00:00:00,4.9,4.9,4.87,4.9,28546
2014-03-26 00:00:00,4.89,4.93,4.83,4.92,14890
2014-03-25 00:00:00,4.87,4.93,4.85,4.87,49100
2014-03-24 00:00:00,4.86,4.92,4.86,4.87,52300
2014-03-21 00:00:00,4.89,4.89,4.85,4.85,47101
2014-03-20 00:00:00,4.86,4.9,4.86,4.87,37354
2014-03-19 00:00:00,4.89,4.9,4.88,4.9,34118
2014-03-18 00:00:00,4.95,4.98,4.89,4.92,56884
2014-03-17 00:00:00,4.85,4.95,4.85,4.94,48285
2014-03-14 00:00:00,4.86,4.93,4.85,4.92,70964
2014-03-13 00:00:00,4.89,4.95,4.85,4.91,70426
2014-03-12 00:00:00,4.95,5.0,4.86,4.89,63849
2014-03-11 00:00:00,5.0,5.05,5.0,5.0,95800
2014-03-10 00:00:00,4.98,5.1,4.95,5.05,104625
2014-03-07 00:00:00,5.05,5.05,4.96,4.99,68034
2014-03-06 00:00:00,5.0,5.05,5.0,5.0,27254
2014-03-05 00:00:00,5.05,5.05,4.95,4.96,58150
2014-03-04 00:00:00,4.81,5.05,4.81,5.05,91882
2014-03-03 00:00:00,4.97,4.97,4.8,4.8,144903
2014-02-28 00:00:00,5.1,5.1,5.0,5.0,88342
2014-02-27 00:00:00,5.0,5.05,4.98,5.05,56850
2014-02-26 00:00:00,5.15,5.15,5.0,5.0,127200
2014-02-25 00:00:00,5.05,5.2,5.05,5.2,206932
2014-02-24 00:00:00,5.0,5.05,4.9,5.05,264855
2014-02-21 00:00:00,5.05,5.05,4.92,5.0,479360
2014-02-20 00:00:00,5.1,5.15,5.0,5.05,83160
2014-02-19 00:00:00,5.0,5.2,4.98,5.15,152599
2014-02-18 00:00:00,4.96,5.1,4.96,5.0,149524
2014-02-17 00:00:00,4.99,4.99,4.87,4.95,401468
2014-02-14 00:00:00,5.05,5.1,4.78,5.05,832473
2014-02-13 00:00:00,5.35,5.4,5.3,5.4,84629
2014-02-12 00:00:00,5.35,5.45,5.25,5.25,77449
2014-02-11 00:00:00,5.4,5.5,5.3,5.35,84100
2014-02-10 00:00:00,5.4,5.45,5.25,5.4,119968
2014-02-07 00:00:00,5.25,5.4,5.25,5.4,59005
2014-02-06 00:00:00,5.25,5.25,5.2,5.25,74526
2014-02-05 00:00:00,5.15,5.25,5.1,5.25,113587
2014-02-04 00:00:00,5.25,5.25,5.05,5.15,114497
2014-02-03 00:00:00,5.2,5.25,5.15,5.2,112178
2014-01-31 00:00:00,5.3,5.4,5.25,5.25,61470
2014-01-30 00:00:00,5.35,5.35,5.1,5.35,204736
2014-01-29 00:00:00,5.4,5.5,5.3,5.4,106633
2014-01-28 00:00:00,5.45,5.45,5.35,5.4,62160
2014-01-27 00:00:00,5.5,5.5,5.35,5.4,214141
2014-01-24 00:00:00,5.6,5.65,5.5,5.5,198125
2014-01-23 00:00:00,5.65,5.65,5.55,5.6,131450
2014-01-22 00:00:00,5.6,5.7,5.55,5.7,79500
2014-01-21 00:00:00,5.6,5.65,5.55,5.55,50438
2014-01-20 00:00:00,5.65,5.7,5.6,5.6,127014
2014-01-17 00:00:00,5.7,5.75,5.5,5.65,267661
2014-01-16 00:00:00,5.4,5.8,5.35,5.7,763836
2014-01-15 00:00:00,5.45,5.475,5.3,5.4,431944
2014-01-14 00:00:00,5.4,5.45,5.3,5.45,194285
2014-01-13 00:00:00,5.5,5.5,5.4,5.4,134790
2014-01-10 00:00:00,5.5,5.55,5.5,5.5,105189
2014-01-09 00:00:00,5.6,5.65,5.55,5.6,73495
2014-01-08 00:00:00,5.65,5.7,5.6,5.7,81471
2014-01-07 00:00:00,5.6,5.7,5.55,5.7,112964
2014-01-06 00:00:00,,5.65,5.65,5.65,0
2014-01-03 00:00:00,5.55,5.65,5.55,5.65,77288
2014-01-02 00:00:00,5.5,5.7,5.5,5.7,108745
2013-12-31 00:00:00,,5.55,5.55,5.55,0
2013-12-30 00:00:00,5.5,5.55,5.45,5.55,158519
2013-12-27 00:00:00,5.45,5.6,5.45,5.55,122846
2013-12-23 00:00:00,5.4,5.6,5.4,5.5,183394
2013-12-20 00:00:00,5.5,5.5,5.4,5.45,135962
2013-12-19 00:00:00,5.5,5.5,5.4,5.5,73550
2013-12-18 00:00:00,5.5,5.5,5.4,5.5,79334
2013-12-17 00:00:00,5.45,5.5,5.35,5.5,110441
2013-12-16 00:00:00,5.55,5.55,5.4,5.5,145321
2013-12-13 00:00:00,5.55,5.6,5.55,5.6,6347
2013-12-12 00:00:00,5.55,5.65,5.5,5.6,94525
2013-12-11 00:00:00,5.55,5.65,5.55,5.65,50655
2013-12-10 00:00:00,5.7,5.7,5.55,5.65,169211
2013-12-09 00:00:00,5.7,5.75,5.6,5.7,161458
2013-12-06 00:00:00,5.75,5.75,5.65,5.75,34829
2013-12-05 00:00:00,5.65,5.75,5.65,5.75,124301
2013-12-04 00:00:00,5.65,5.75,5.65,5.7,108635
2013-12-03 00:00:00,5.85,5.85,5.65,5.75,134602
2013-12-02 00:00:00,5.75,5.9,5.75,5.8,75880
2013-11-29 00:00:00,5.75,5.8,5.7,5.8,59219
2013-11-28 00:00:00,5.8,5.8,5.75,5.75,129520
2013-11-27 00:00:00,5.8,5.9,5.8,5.8,114139
2013-11-26 00:00:00,6.05,6.05,5.85,5.9,108437
2013-11-25 00:00:00,6.15,6.15,6.0,6.0,112484
2013-11-22 00:00:00,6.05,6.05,5.85,6.0,229167
2013-11-21 00:00:00,5.7,6.1,5.65,6.05,1227260
2013-11-20 00:00:00,5.6,5.75,5.6,5.7,112459
2013-11-19 00:00:00,5.7,5.75,5.6,5.65,145474
2013-11-18 00:00:00,5.6,5.8,5.6,5.7,326364
2013-11-15 00:00:00,5.55,5.65,5.5,5.55,132620
2013-11-14 00:00:00,5.5,5.65,5.5,5.55,143100
2013-11-13 00:00:00,5.6,5.65,5.55,5.6,82430
2013-11-12 00:00:00,5.75,5.75,5.6,5.65,67646
2013-11-11 00:00:00,5.7,5.7,5.6,5.7,132362
2013-11-08 00:00:00,5.65,5.75,5.65,5.7,114500
2013-11-07 00:00:00,5.7,5.7,5.6,5.65,76218
2013-11-06 00:00:00,5.75,5.75,5.65,5.7,175930
2013-11-05 00:00:00,5.75,5.75,5.65,5.75,134572
2013-11-04 00:00:00,5.85,5.85,5.7,5.75,1070295
2013-11-01 00:00:00,5.8,5.85,5.75,5.8,67510
2013-10-31 00:00:00,5.6,5.9,5.6,5.8,392060
2013-10-30 00:00:00,5.7,5.7,5.6,5.65,120514
2013-10-29 00:00:00,5.8,5.8,5.65,5.7,817227
2013-10-28 00:00:00,5.85,5.85,5.65,5.8,297476
2013-10-25 00:00:00,5.8,5.85,5.6,5.8,494232
2013-10-24 00:00:00,5.25,5.25,5.15,5.2,114961
2013-10-23 00:00:00,5.35,5.35,5.15,5.25,137330
2013-10-22 00:00:00,5.4,5.4,5.15,5.3,199622
2013-10-21 00:00:00,5.4,5.45,5.35,5.4,76700
2013-10-18 00:00:00,5.4,5.45,5.35,5.45,165553
2013-10-17 00:00:00,5.4,5.45,5.35,5.45,94627
2013-10-16 00:00:00,5.4,5.45,5.15,5.35,131772
2013-10-15 00:00:00,5.45,5.45,5.4,5.45,91310
2013-10-14 00:00:00,5.5,5.5,5.4,5.45,96914
2013-10-11 00:00:00,5.4,5.5,5.35,5.45,237165
2013-10-10 00:00:00,5.4,5.4,5.35,5.4,55511
2013-10-09 00:00:00,5.35,5.45,5.35,5.4,25544
2013-10-08 00:00:00,5.3,5.45,5.25,5.4,179616
2013-10-07 00:00:00,5.35,5.35,5.2,5.35,221835
2013-10-04 00:00:00,5.35,5.4,5.35,5.4,84638
2013-10-03 00:00:00,5.45,5.5,5.4,5.45,134723
2013-10-02 00:00:00,5.5,5.6,5.35,5.4,462665
2013-10-01 00:00:00,5.5,5.5,5.35,5.45,92786
2013-09-30 00:00:00,5.5,5.65,5.3,5.4,522426
2013-09-27 00:00:00,5.35,5.55,5.3,5.55,286549
2013-09-26 00:00:00,5.25,5.35,5.15,5.35,288648
2013-09-25 00:00:00,5.3,5.35,5.2,5.25,112679
2013-09-24 00:00:00,5.4,5.55,5.25,5.3,411708
2013-09-23 00:00:00,5.2,5.45,5.1,5.35,1228938
2013-09-20 00:00:00,5.0,5.75,4.96,5.15,1898226
2013-09-19 00:00:00,5.0,5.1,4.96,5.0,123858
2013-09-18 00:00:00,4.99,5.0,4.92,4.99,59495
2013-09-17 00:00:00,4.97,5.0,4.9,4.94,138119
2013-09-16 00:00:00,4.9,5.05,4.9,4.94,162967
2013-09-13 00:00:00,4.84,4.87,4.81,4.85,124518
2013-09-12 00:00:00,4.99,5.05,4.86,4.92,463417
2013-09-11 00:00:00,4.76,4.76,4.72,4.73,73072
2013-09-10 00:00:00,4.64,4.73,4.64,4.73,174303
2013-09-09 00:00:00,4.69,4.7,4.64,4.64,48173
2013-09-06 00:00:00,4.74,4.74,4.69,4.71,46200
2013-09-05 00:00:00,4.76,4.76,4.71,4.72,102276
2013-09-04 00:00:00,4.66,4.69,4.61,4.66,48384
2013-09-03 00:00:00,4.6,4.69,4.6,4.66,101393
2013-09-02 00:00:00,4.59,4.69,4.58,4.65,158213
2013-08-30 00:00:00,4.61,4.63,4.55,4.58,170010
2013-08-29 00:00:00,4.64,4.7,4.58,4.64,460322
2013-08-28 00:00:00,4.75,4.77,4.64,4.75,81416
2013-08-27 00:00:00,4.7,4.7,4.65,4.66,53550
2013-08-26 00:00:00,4.7,4.72,4.69,4.71,111964
2013-08-23 00:00:00,4.76,4.77,4.55,4.69,154860
2013-08-22 00:00:00,4.89,4.89,4.69,4.73,331690
2013-08-21 00:00:00,4.93,4.95,4.87,4.89,88106
2013-08-20 00:00:00,4.91,4.98,4.91,4.98,21161
2013-08-19 00:00:00,4.95,5.0,4.92,4.92,79586
2013-08-16 00:00:00,4.94,5.0,4.93,4.94,58375
2013-08-15 00:00:00,4.97,4.99,4.96,4.96,17660
2013-08-14 00:00:00,5.0,5.0,4.95,4.97,76313
2013-08-13 00:00:00,5.05,5.1,4.97,5.0,62480
2013-08-12 00:00:00,5.0,5.05,4.96,4.98,64551
2013-08-09 00:00:00,5.1,5.15,5.0,5.05,160216
2013-08-08 00:00:00,4.88,5.05,4.86,5.0,232380
2013-08-07 00:00:00,4.88,4.9,4.86,4.86,38120
2013-08-06 00:00:00,4.88,4.91,4.86,4.88,40557
2013-08-05 00:00:00,4.88,4.95,4.8,4.9,97975
2013-08-02 00:00:00,4.8,4.93,4.78,4.93,217398
2013-08-01 00:00:00,4.92,4.92,4.8,4.85,70000
2013-07-31 00:00:00,4.89,4.9,4.88,4.88,31120
2013-07-30 00:00:00,4.84,4.92,4.78,4.88,80998
2013-07-29 00:00:00,4.8,4.85,4.75,4.82,45200
2013-07-26 00:00:00,4.84,4.85,4.84,4.84,53250
2013-07-25 00:00:00,4.78,4.8,4.73,4.74,40873
2013-07-24 00:00:00,4.81,4.81,4.73,4.8,38810
2013-07-23 00:00:00,4.78,4.81,4.73,4.81,38718
2013-07-22 00:00:00,4.74,4.83,4.74,4.78,51797
2013-07-19 00:00:00,4.74,4.87,4.7,4.87,114995
2013-07-18 00:00:00,4.73,4.88,4.65,4.73,217104
2013-07-17 00:00:00,4.8,4.9,4.65,4.72,277283
2013-07-16 00:00:00,5.25,5.25,4.75,4.86,1102956
2013-07-15 00:00:00,5.4,5.5,5.3,5.45,62044
2013-07-12 00:00:00,5.35,5.4,5.35,5.4,1537
2013-07-11 00:00:00,5.35,5.4,5.3,5.4,37520
2013-07-10 00:00:00,5.4,5.45,5.35,5.4,6170
2013-07-09 00:00:00,5.4,5.55,5.35,5.45,21800
2013-07-08 00:00:00,5.35,5.45,5.3,5.4,12150
2013-07-05 00:00:00,5.25,5.4,5.25,5.4,12985
2013-07-04 00:00:00,5.3,5.35,5.25,5.35,23380
2013-07-03 00:00:00,5.3,5.3,5.25,5.3,69411
2013-07-02 00:00:00,5.35,5.4,5.25,5.3,46263
2013-07-01 00:00:00,5.35,5.55,5.3,5.4,49930
2013-06-28 00:00:00,5.3,5.35,5.2,5.35,42956
2013-06-27 00:00:00,5.2,5.3,5.2,5.3,51788
2013-06-26 00:00:00,5.4,5.4,5.15,5.2,136320
2013-06-25 00:00:00,5.2,5.45,5.15,5.3,214864
2013-06-24 00:00:00,5.35,5.35,5.1,5.3,251631
2013-06-21 00:00:00,,5.35,5.35,5.35,0
2013-06-20 00:00:00,5.6,5.7,5.3,5.35,210521
2013-06-19 00:00:00,5.2,5.85,5.2,5.6,408215
2013-06-18 00:00:00,5.2,5.2,5.1,5.1,40550
2013-06-17 00:00:00,5.2,5.25,5.15,5.2,37680
2013-06-14 00:00:00,5.15,5.2,5.1,5.2,34750
2013-06-13 00:00:00,5.15,5.2,5.05,5.2,103585
2013-06-12 00:00:00,5.25,5.3,5.15,5.25,15990
2013-06-11 00:00:00,5.2,5.3,5.1,5.3,116553
2013-06-10 00:00:00,5.25,5.3,5.1,5.25,73784
2013-06-07 00:00:00,5.35,5.4,5.2,5.3,199331
2013-06-06 00:00:00,,5.35,5.35,5.35,0
2013-06-05 00:00:00,5.4,5.4,5.3,5.35,106986
2013-06-04 00:00:00,5.45,5.5,5.45,5.45,8114
2013-06-03 00:00:00,5.55,5.6,5.4,5.6,112701
2013-05-31 00:00:00,5.6,5.6,5.6,5.6,39035
2013-05-30 00:00:00,5.65,5.7,5.55,5.55,52333
2013-05-29 00:00:00,5.65,5.7,5.65,5.7,10075
2013-05-28 00:00:00,5.8,5.8,5.65,5.65,112533
2013-05-27 00:00:00,5.7,5.7,5.65,5.7,58010
2013-05-24 00:00:00,5.7,5.75,5.55,5.6,99496
2013-05-23 00:00:00,5.8,5.8,5.5,5.65,258529
2013-05-22 00:00:00,5.65,5.85,5.65,5.85,293152
2013-05-21 00:00:00,5.7,5.7,5.55,5.65,113125
2013-05-20 00:00:00,5.7,5.75,5.65,5.75,42129
2013-05-17 00:00:00,5.65,5.75,5.6,5.75,49355
2013-05-16 00:00:00,5.8,5.8,5.6,5.7,60340
2013-05-15 00:00:00,5.65,5.8,5.65,5.8,91471
2013-05-14 00:00:00,5.7,5.7,5.6,5.65,110629
2013-05-13 00:00:00,5.65,5.7,5.5,5.7,209420
2013-05-10 00:00:00,5.5,5.75,5.5,5.6,65118
2013-05-09 00:00:00,,5.55,5.55,5.55,0
2013-05-08 00:00:00,5.6,5.6,5.5,5.55,45557
2013-05-07 00:00:00,5.55,5.65,5.5,5.6,119747
2013-05-06 00:00:00,5.4,5.7,5.35,5.5,267784
2013-05-03 00:00:00,5.7,5.7,5.25,5.4,452484
2013-05-02 00:00:00,5.95,5.95,5.9,5.9,28978
2013-05-01 00:00:00,,5.95,5.95,5.95,0
2013-04-30 00:00:00,5.8,5.95,5.8,5.95,19942
2013-04-29 00:00:00,5.85,5.9,5.7,5.8,126694
2013-04-26 00:00:00,5.9,5.9,5.75,5.8,59344
2013-04-25 00:00:00,5.95,5.95,5.85,5.85,14762
2013-04-24 00:00:00,6.0,6.0,5.7,5.9,72308
2013-04-23 00:00:00,5.65,6.0,5.65,6.0,135595
2013-04-22 00:00:00,5.7,5.8,5.6,5.8,72261
2013-04-19 00:00:00,5.7,5.8,5.6,5.65,108913
2013-04-18 00:00:00,5.85,5.85,5.6,5.75,204136
2013-04-17 00:00:00,6.0,6.0,5.75,5.9,91560
2013-04-16 00:00:00,6.1,6.1,5.95,6.0,41450
2013-04-15 00:00:00,6.1,6.1,5.95,6.05,73809
2013-04-12 00:00:00,6.05,6.1,6.0,6.0,37824
2013-04-11 00:00:00,6.05,6.1,6.05,6.05,67393
2013-04-10 00:00:00,6.1,6.1,6.0,6.05,145496
2013-04-09 00:00:00,6.1,6.1,6.0,6.1,60000
2013-04-08 00:00:00,6.0,6.15,6.0,6.1,252851
2013-04-05 00:00:00,5.95,6.0,5.8,5.9,362096
2013-04-04 00:00:00,6.0,6.0,5.85,5.9,79625
2013-04-03 00:00:00,6.0,6.1,5.95,5.95,184679
2013-04-02 00:00:00,6.1,6.1,5.9,5.95,196752
2013-04-01 00:00:00,,5.95,5.95,5.95,0
2013-03-29 00:00:00,6.0,5.95,5.95,5.95,442050
2013-03-28 00:00:00,6.0,6.05,5.95,6.05,442050
2013-03-27 00:00:00,6.0,6.05,5.95,6.05,442050
2013-03-26 00:00:00,5.9,6.1,5.85,5.95,418406
2013-03-25 00:00:00,5.65,5.85,5.65,5.85,223719
2013-03-22 00:00:00,5.65,5.75,5.6,5.65,76709
2013-03-21 00:00:00,5.7,5.8,5.65,5.7,93152
2013-03-20 00:00:00,5.7,5.8,5.7,5.75,116759
2013-03-19 00:00:00,5.9,5.9,5.75,5.85,139876
2013-03-18 00:00:00,5.85,5.9,5.75,5.85,267599
2013-03-15 00:00:00,5.95,5.95,5.85,5.9,50824
2013-03-14 00:00:00,5.85,5.9,5.8,5.9,52967
2013-03-13 00:00:00,5.8,5.85,5.8,5.85,84829
2013-03-12 00:00:00,6.0,6.0,5.85,5.9,127719
2013-03-11 00:00:00,6.1,6.1,5.95,6.0,83597
2013-03-08 00:00:00,6.1,6.1,6.0,6.1,303444
2013-03-07 00:00:00,6.15,6.15,6.0,6.1,53950
2013-03-06 00:00:00,6.15,6.2,6.1,6.15,45050
2013-03-05 00:00:00,6.2,6.25,5.9,6.1,225857
2013-03-04 00:00:00,6.0,6.2,5.75,6.15,354127
2013-03-01 00:00:00,6.3,6.3,6.0,6.15,158615
2013-02-28 00:00:00,6.5,6.5,6.15,6.3,338514
2013-02-27 00:00:00,6.15,6.25,6.0,6.15,97661
2013-02-26 00:00:00,6.2,6.25,6.0,6.15,54300
2013-02-25 00:00:00,6.1,6.4,6.1,6.25,94100
2013-02-22 00:00:00,6.2,6.5,6.2,6.3,212669
2013-02-21 00:00:00,6.1,6.25,6.1,6.25,97174
2013-02-20 00:00:00,6.05,6.15,6.05,6.15,52203
2013-02-19 00:00:00,6.05,6.15,6.0,6.15,102379
2013-02-18 00:00:00,6.05,6.15,6.05,6.15,73470
2013-02-15 00:00:00,6.05,6.2,6.05,6.15,19210
2013-02-14 00:00:00,6.25,6.25,6.05,6.15,49182
2013-02-13 00:00:00,6.0,6.25,5.9,6.25,165534
2013-02-12 00:00:00,6.05,6.1,5.95,6.05,63203
2013-02-11 00:00:00,6.05,6.15,6.05,6.1,48542
2013-02-08 00:00:00,6.15,6.15,6.05,6.1,19550
2013-02-07 00:00:00,6.05,6.2,6.05,6.15,11000
2013-02-06 00:00:00,6.15,6.2,6.0,6.2,66200
2013-02-05 00:00:00,6.2,6.25,6.05,6.1,33805
2013-02-04 00:00:00,6.15,6.4,6.05,6.2,82506
2013-02-01 00:00:00,6.15,6.15,5.95,6.15,105584
2013-01-31 00:00:00,6.25,6.25,5.9,6.15,90937
2013-01-30 00:00:00,6.0,6.2,6.0,6.15,71408
2013-01-29 00:00:00,6.15,6.15,5.9,6.1,75875
2013-01-28 00:00:00,6.1,6.2,5.95,6.1,104852
2013-01-25 00:00:00,6.2,6.2,6.05,6.15,21113
2013-01-24 00:00:00,6.15,6.15,6.0,6.15,118558
2013-01-23 00:00:00,6.15,6.25,6.05,6.15,38800
2013-01-22 00:00:00,6.1,6.15,6.05,6.15,25715
2013-01-21 00:00:00,6.1,6.25,6.0,6.25,131956
2013-01-18 00:00:00,6.2,6.25,6.1,6.15,50218
2013-01-17 00:00:00,6.0,6.25,6.0,6.15,128383
2013-01-16 00:00:00,6.1,6.15,6.0,6.0,22680
2013-01-15 00:00:00,6.0,6.25,6.0,6.1,70855
2013-01-14 00:00:00,6.0,6.3,6.0,6.1,125288
2013-01-11 00:00:00,6.15,6.15,6.0,6.0,13035
2013-01-10 00:00:00,5.95,6.3,5.9,6.15,111325
2013-01-09 00:00:00,5.85,5.95,5.85,5.95,39500
2013-01-08 00:00:00,5.85,5.95,5.8,5.95,31820
2013-01-07 00:00:00,5.95,6.05,5.9,6.0,46800
2013-01-04 00:00:00,5.95,5.95,5.8,5.95,173820
2013-01-03 00:00:00,5.85,5.95,5.7,5.95,68530
2013-01-02 00:00:00,5.9,5.9,5.8,5.9,48920
2013-01-01 00:00:00,,5.85,5.85,5.85,0
2012-12-31 00:00:00,,5.85,5.85,5.85,0
2012-12-28 00:00:00,5.9,5.9,5.6,5.85,81846
2012-12-27 00:00:00,5.7,5.9,5.7,5.85,97860
2012-12-26 00:00:00,,5.8,5.8,5.8,0
2012-12-25 00:00:00,,5.8,5.8,5.8,0
2012-12-24 00:00:00,,5.8,5.8,5.8,0
2012-12-21 00:00:00,5.9,5.9,5.7,5.8,97194
2012-12-20 00:00:00,5.9,5.95,5.8,5.9,81516
2012-12-19 00:00:00,5.9,6.0,5.7,5.85,161223
2012-12-18 00:00:00,5.6,6.2,5.45,5.7,327872
2012-12-17 00:00:00,5.55,5.75,5.5,5.65,134862
2012-12-14 00:00:00,5.6,5.7,5.25,5.55,107650
2012-12-13 00:00:00,5.5,5.5,5.3,5.5,70990
2012-12-12 00:00:00,5.7,5.7,5.4,5.6,92825
2012-12-11 00:00:00,5.5,5.7,5.45,5.6,149680
2012-12-10 00:00:00,5.5,5.75,5.3,5.5,239896
2012-12-07 00:00:00,5.25,5.5,5.15,5.5,107513
2012-12-06 00:00:00,5.0,5.5,5.0,5.25,310258
2012-12-05 00:00:00,5.05,5.05,4.97,5.05,61952
2012-12-04 00:00:00,5.0,5.0,4.96,5.0,50186
2012-12-03 00:00:00,4.95,5.1,4.95,5.0,62518
2012-11-30 00:00:00,4.94,5.1,4.86,4.99,92374
2012-11-29 00:00:00,5.2,5.25,4.9,5.05,456029
2012-11-28 00:00:00,4.84,5.0,4.8,4.9,26154
2012-11-27 00:00:00,4.82,4.93,4.7,4.9,36210
2012-11-26 00:00:00,4.85,4.94,4.8,4.94,21985
2012-11-23 00:00:00,4.9,5.1,4.84,4.96,72204
2012-11-22 00:00:00,4.85,5.1,4.82,5.0,27258
2012-11-21 00:00:00,5.05,5.15,4.75,4.9,46918
2012-11-20 00:00:00,4.9,4.99,4.85,4.99,178115
2012-11-19 00:00:00,4.97,5.05,4.9,4.99,14515
2012-11-16 00:00:00,5.0,5.2,4.9,4.97,26283
2012-11-15 00:00:00,4.86,5.2,4.85,5.05,136668
2012-11-14 00:00:00,4.9,5.0,4.9,4.9,212258
2012-11-13 00:00:00,4.9,4.9,4.85,4.9,171319
2012-11-12 00:00:00,4.89,4.95,4.87,4.9,192916
2012-11-09 00:00:00,4.8,4.84,4.75,4.84,72855
2012-11-08 00:00:00,4.8,4.8,4.8,4.8,44160
2012-11-07 00:00:00,4.84,4.94,4.8,4.8,73420
2012-11-06 00:00:00,4.78,4.82,4.75,4.82,36851
2012-11-05 00:00:00,4.79,4.79,4.7,4.75,90164
2012-11-02 00:00:00,4.84,4.85,4.7,4.77,42500
2012-11-01 00:00:00,4.63,4.79,4.63,4.68,39639
2012-10-31 00:00:00,4.56,4.61,4.55,4.58,61597
2012-10-30 00:00:00,4.6,4.6,4.52,4.6,42543
2012-10-29 00:00:00,4.53,4.6,4.53,4.6,46874
2012-10-26 00:00:00,4.51,4.57,4.45,4.53,39203
2012-10-25 00:00:00,4.41,4.54,4.41,4.54,56275
2012-10-24 00:00:00,4.6,4.6,4.41,4.55,56999
2012-10-23 00:00:00,4.66,4.69,4.6,4.68,10577
2012-10-22 00:00:00,4.65,4.69,4.65,4.68,23891
2012-10-19 00:00:00,4.74,4.74,4.62,4.71,41250
2012-10-18 00:00:00,4.84,4.84,4.67,4.74,6600
2012-10-17 00:00:00,4.71,4.83,4.64,4.7,52685
2012-10-16 00:00:00,4.79,4.85,4.73,4.73,218000
2012-10-15 00:00:00,4.65,4.7,4.59,4.7,19275
2012-10-12 00:00:00,4.7,4.8,4.7,4.79,16100
2012-10-11 00:00:00,4.65,4.76,4.65,4.76,6000
2012-10-10 00:00:00,4.65,4.76,4.65,4.76,4600
2012-10-09 00:00:00,4.67,4.79,4.65,4.76,71139
2012-10-08 00:00:00,4.69,4.72,4.6,4.72,34529
2012-10-05 00:00:00,4.73,4.73,4.63,4.7,102130
2012-10-04 00:00:00,4.7,4.74,4.66,4.73,13735
2012-10-03 00:00:00,4.7,4.74,4.66,4.72,33215
2012-10-02 00:00:00,4.68,4.8,4.67,4.74,26164
2012-10-01 00:00:00,4.75,4.83,4.68,4.68,28721
2012-09-28 00:00:00,4.8,4.83,4.65,4.83,16551
2012-09-27 00:00:00,4.84,4.84,4.74,4.8,22711
2012-09-26 00:00:00,4.84,4.84,4.8,4.8,10715
2012-09-25 00:00:00,4.89,4.89,4.75,4.87,41691
2012-09-24 00:00:00,4.9,4.9,4.8,4.9,11670
2012-09-21 00:00:00,4.85,4.9,4.8,4.85,61059
2012-09-20 00:00:00,4.89,4.9,4.85,4.85,38040
2012-09-19 00:00:00,4.8,4.83,4.8,4.83,10035
2012-09-18 00:00:00,4.9,4.9,4.78,4.83,56449
2012-09-17 00:00:00,4.83,4.9,4.8,4.9,34500
2012-09-14 00:00:00,4.85,4.92,4.83,4.83,148965
2012-09-13 00:00:00,4.89,4.89,4.83,4.84,51529
2012-09-12 00:00:00,4.88,4.95,4.84,4.89,147416
2012-09-11 00:00:00,4.95,4.95,4.77,4.88,187784
2012-09-10 00:00:00,4.93,4.95,4.76,4.9,424921
