Dates,Open,High,Low,Close,Volume
2017-09-08 00:00:00,55.75,57.75,55.75,56.5,3243
2017-09-07 00:00:00,57.0,57.75,57.0,57.0,1030
2017-09-06 00:00:00,56.75,56.75,55.5,56.5,1923
2017-09-04 00:00:00,57.5,58.0,56.5,56.5,6561
2017-09-01 00:00:00,60.25,60.25,57.75,57.75,14651
2017-08-31 00:00:00,58.0,61.25,58.0,60.0,3590
2017-08-30 00:00:00,59.0,61.75,57.75,59.0,2601
2017-08-29 00:00:00,60.25,60.25,59.0,59.0,2044
2017-08-28 00:00:00,62.0,62.5,59.25,60.25,1431
2017-08-25 00:00:00,59.5,62.0,59.5,62.0,3420
2017-08-24 00:00:00,59.75,61.25,59.5,59.5,2144
2017-08-23 00:00:00,59.25,61.25,59.25,59.75,1163
2017-08-22 00:00:00,60.25,61.5,60.0,60.0,3638
2017-08-21 00:00:00,59.0,60.75,58.75,59.25,2579
2017-08-18 00:00:00,59.5,61.0,58.75,59.0,6246
2017-08-17 00:00:00,59.75,60.75,59.5,59.5,6228
2017-08-16 00:00:00,60.75,60.75,59.75,59.75,7815
2017-08-15 00:00:00,61.0,61.5,60.5,60.75,1800
2017-08-14 00:00:00,60.5,62.0,60.5,60.5,12958
2017-08-11 00:00:00,61.25,61.25,60.25,60.25,9610
2017-08-10 00:00:00,61.5,61.75,61.25,61.25,702
2017-08-09 00:00:00,61.25,62.0,61.25,61.5,5150
2017-08-08 00:00:00,61.0,62.75,61.0,61.25,12071
2017-08-07 00:00:00,59.5,62.0,59.5,61.0,8494
2017-08-04 00:00:00,59.75,62.0,59.5,59.5,7643
2017-08-03 00:00:00,57.25,60.0,57.25,57.5,12753
2017-08-02 00:00:00,57.0,59.0,56.0,57.0,20837
2017-08-01 00:00:00,58.0,58.5,57.0,57.25,6800
2017-07-31 00:00:00,60.0,60.0,58.25,58.75,4816
2017-07-28 00:00:00,60.25,61.5,59.0,60.25,2824
2017-07-27 00:00:00,57.5,61.25,57.5,60.25,5499
2017-07-26 00:00:00,60.5,60.5,56.5,57.25,15172
2017-07-25 00:00:00,60.0,61.0,60.0,60.25,2674
2017-07-24 00:00:00,61.0,61.75,59.75,60.0,8919
2017-07-21 00:00:00,64.0,64.0,60.0,62.0,36092
2017-07-20 00:00:00,66.0,66.0,65.5,65.75,4155
2017-07-19 00:00:00,65.0,67.0,64.5,67.0,2573
2017-07-18 00:00:00,66.5,68.0,65.0,65.0,2063
2017-07-17 00:00:00,67.5,68.5,64.25,65.0,3944
2017-07-14 00:00:00,65.75,68.5,65.5,67.5,3282
2017-07-13 00:00:00,67.0,68.5,63.5,65.5,8201
2017-07-12 00:00:00,63.5,67.25,63.5,67.0,4752
2017-07-11 00:00:00,63.75,64.25,63.0,63.5,15260
2017-07-10 00:00:00,64.75,65.75,63.5,63.75,6806
2017-07-07 00:00:00,65.0,65.0,62.75,64.5,25651
2017-07-06 00:00:00,66.5,69.0,65.0,65.0,17721
2017-07-05 00:00:00,67.75,69.0,66.5,66.5,11125
2017-07-04 00:00:00,67.0,71.0,67.0,67.5,8765
2017-07-03 00:00:00,67.0,69.0,67.0,67.0,3282
2017-06-30 00:00:00,66.0,68.75,66.0,66.5,1199
2017-06-29 00:00:00,67.75,71.75,66.0,66.0,12895
2017-06-28 00:00:00,68.75,69.0,67.5,67.5,4836
2017-06-27 00:00:00,68.0,69.0,68.0,68.5,7557
2017-06-26 00:00:00,69.0,70.0,68.0,68.0,7775
2017-06-23 00:00:00,,69.0,69.0,69.0,0
2017-06-22 00:00:00,69.75,71.75,69.0,69.0,5975
2017-06-21 00:00:00,69.5,70.25,69.0,69.0,6936
2017-06-20 00:00:00,70.5,71.25,69.0,69.5,3261
2017-06-19 00:00:00,69.25,71.5,68.5,70.5,17245
2017-06-16 00:00:00,70.5,71.5,70.0,71.0,6155
2017-06-15 00:00:00,71.5,71.5,68.25,70.0,37447
2017-06-14 00:00:00,70.5,71.25,68.0,70.0,10825
2017-06-13 00:00:00,69.75,70.25,68.5,70.25,5051
2017-06-12 00:00:00,69.25,69.5,68.75,69.5,2918
2017-06-09 00:00:00,69.0,70.25,67.25,70.25,12190
2017-06-08 00:00:00,67.75,70.5,67.75,69.0,4231
2017-06-07 00:00:00,71.25,71.25,67.75,67.75,13744
2017-06-06 00:00:00,,71.25,71.25,71.25,0
2017-06-05 00:00:00,72.0,72.0,70.0,71.25,8421
2017-06-02 00:00:00,72.0,72.5,71.5,72.0,13326
2017-06-01 00:00:00,71.5,72.5,71.5,72.0,16650
2017-05-31 00:00:00,70.75,71.75,70.25,71.25,22421
2017-05-30 00:00:00,67.0,72.0,67.0,70.75,51426
2017-05-29 00:00:00,61.25,67.0,61.25,66.75,53741
2017-05-26 00:00:00,63.5,63.5,61.0,61.25,24076
2017-05-24 00:00:00,65.5,65.5,62.5,63.0,6240
2017-05-23 00:00:00,66.75,67.25,64.0,65.25,43952
2017-05-22 00:00:00,66.75,68.0,65.25,65.5,36947
2017-05-19 00:00:00,68.5,70.0,67.0,68.0,31209
2017-05-18 00:00:00,71.5,71.5,67.5,68.5,25375
2017-05-17 00:00:00,72.5,72.5,66.75,72.0,10536
2017-05-16 00:00:00,71.75,73.5,71.75,71.75,16209
2017-05-15 00:00:00,74.0,74.25,72.25,72.25,9482
2017-05-12 00:00:00,71.0,71.75,71.75,71.75,14832
2017-05-11 00:00:00,71.75,71.75,71.0,71.0,23236
2017-05-10 00:00:00,75.0,75.0,71.5,72.25,16454
2017-05-09 00:00:00,71.0,75.0,71.0,74.75,26638
2017-05-08 00:00:00,69.75,71.75,69.75,70.0,17180
2017-05-05 00:00:00,68.0,69.5,68.0,69.0,17275
2017-05-04 00:00:00,68.5,69.0,66.5,68.0,8548
2017-05-03 00:00:00,68.5,69.0,67.0,69.0,11205
2017-05-02 00:00:00,67.25,68.75,67.0,68.75,21477
2017-05-01 00:00:00,,67.25,67.25,67.25,0
2017-04-28 00:00:00,67.5,67.5,64.5,67.25,37244
2017-04-27 00:00:00,67.0,68.5,66.75,67.75,27634
2017-04-26 00:00:00,67.75,69.25,67.0,67.0,23188
2017-04-25 00:00:00,67.0,69.0,66.0,67.5,80900
2017-04-24 00:00:00,64.5,68.0,64.0,66.25,266133
2017-04-21 00:00:00,60.0,67.0,60.0,63.75,81022
2017-04-20 00:00:00,57.75,60.0,57.75,60.0,5848
2017-04-19 00:00:00,57.75,60.25,57.5,58.0,9534
2017-04-18 00:00:00,61.5,62.25,57.5,59.0,15353
2017-04-13 00:00:00,62.0,62.5,60.75,61.5,2010
2017-04-12 00:00:00,61.25,63.25,61.25,61.75,10814
2017-04-11 00:00:00,60.0,61.5,60.0,61.25,8657
2017-04-10 00:00:00,62.0,62.0,59.25,60.75,12233
2017-04-07 00:00:00,55.0,63.0,55.0,60.5,30519
2017-04-06 00:00:00,55.0,57.0,55.0,55.0,5048
2017-04-05 00:00:00,56.0,58.0,55.0,55.0,8775
2017-04-04 00:00:00,56.25,58.0,55.75,56.0,9536
2017-04-03 00:00:00,56.0,59.25,56.0,57.75,12305
2017-03-31 00:00:00,56.0,56.75,55.0,55.0,5381
2017-03-30 00:00:00,56.5,58.0,56.0,56.25,7577
2017-03-29 00:00:00,54.0,57.0,53.75,57.0,20117
2017-03-28 00:00:00,56.75,56.75,55.0,55.25,8656
2017-03-27 00:00:00,57.25,57.25,56.0,57.0,6634
2017-03-24 00:00:00,56.75,57.5,56.0,57.25,19056
2017-03-23 00:00:00,55.25,57.25,55.25,56.75,7748
2017-03-22 00:00:00,57.25,57.25,55.25,55.5,8851
2017-03-21 00:00:00,57.0,58.0,56.5,56.75,6498
2017-03-20 00:00:00,57.5,57.5,56.5,57.0,2982
2017-03-17 00:00:00,58.5,58.75,57.5,57.75,5313
2017-03-16 00:00:00,59.5,59.5,57.0,58.5,10558
2017-03-15 00:00:00,56.75,59.5,56.5,59.0,27071
2017-03-14 00:00:00,59.75,59.75,57.25,57.25,11194
2017-03-13 00:00:00,59.25,61.75,59.0,59.75,9791
2017-03-10 00:00:00,60.5,60.0,60.0,60.0,35887
2017-03-09 00:00:00,60.25,61.5,60.25,61.25,5431
2017-03-08 00:00:00,61.0,61.75,60.0,61.75,19671
2017-03-07 00:00:00,60.5,61.25,60.0,61.0,10831
2017-03-06 00:00:00,62.0,62.0,60.0,60.5,4918
2017-03-03 00:00:00,62.0,61.75,61.75,61.75,8112
2017-03-02 00:00:00,60.5,63.0,60.5,61.5,9069
2017-03-01 00:00:00,60.25,61.5,58.5,61.25,27755
2017-02-28 00:00:00,61.0,61.25,60.75,61.25,6728
2017-02-27 00:00:00,62.0,62.0,61.0,61.75,10057
2017-02-24 00:00:00,63.0,64.0,60.75,62.0,41107
2017-02-23 00:00:00,62.0,64.0,61.25,62.5,32190
2017-02-22 00:00:00,64.0,64.0,60.75,61.25,26897
2017-02-21 00:00:00,60.5,64.0,60.5,63.0,67139
2017-02-20 00:00:00,58.0,61.5,58.0,60.5,73888
2017-02-17 00:00:00,59.25,59.25,57.75,58.5,252463
2017-02-16 00:00:00,62.5,62.5,58.75,59.25,49621
2017-02-15 00:00:00,63.0,63.0,61.75,62.25,13234
2017-02-14 00:00:00,62.0,63.0,61.5,62.75,28568
2017-02-13 00:00:00,63.25,63.25,61.5,62.0,29564
2017-02-10 00:00:00,61.25,63.5,60.25,63.25,303779
2017-02-09 00:00:00,63.25,65.0,60.5,61.25,61211
2017-02-08 00:00:00,65.5,65.5,63.75,63.75,15879
2017-02-07 00:00:00,67.0,67.0,63.5,65.5,514466
2017-02-06 00:00:00,67.0,67.5,62.5,67.0,341250
2017-02-03 00:00:00,75.0,75.0,67.5,69.5,478454
2017-02-02 00:00:00,77.5,77.5,72.5,72.5,35195
2017-02-01 00:00:00,75.75,77.25,72.5,76.5,55151
2017-01-31 00:00:00,78.0,80.5,74.5,76.0,97170
2017-01-30 00:00:00,80.75,82.25,80.25,80.75,31271
2017-01-27 00:00:00,80.0,81.25,78.25,80.75,40472
2017-01-26 00:00:00,76.25,79.5,76.25,78.5,16869
2017-01-25 00:00:00,75.75,77.25,72.75,76.25,24579
2017-01-24 00:00:00,77.0,77.0,74.0,75.75,10663
2017-01-23 00:00:00,79.75,79.75,73.75,77.0,7500
2017-01-20 00:00:00,79.0,81.0,78.5,79.75,17378
2017-01-19 00:00:00,76.5,80.5,76.5,79.0,39801
2017-01-18 00:00:00,75.0,77.5,74.75,76.0,17120
2017-01-17 00:00:00,74.75,74.75,73.5,74.75,4652
2017-01-16 00:00:00,73.0,75.5,73.0,74.75,19127
2017-01-13 00:00:00,73.0,74.0,72.5,72.75,117007
2017-01-12 00:00:00,73.0,73.0,71.75,72.75,65538
2017-01-11 00:00:00,71.75,73.0,71.0,72.0,32120
2017-01-10 00:00:00,67.5,71.75,67.5,71.0,18008
2017-01-09 00:00:00,71.0,72.0,66.75,67.5,8657
2017-01-06 00:00:00,,70.25,70.25,70.25,0
2017-01-05 00:00:00,67.25,70.75,67.25,70.25,12988
2017-01-04 00:00:00,66.5,68.25,66.25,67.0,4418
2017-01-03 00:00:00,68.0,68.25,66.5,66.5,28085
2017-01-02 00:00:00,67.25,68.25,67.0,68.0,7949
2016-12-30 00:00:00,65.5,67.75,65.5,67.25,112876
2016-12-29 00:00:00,67.25,68.0,65.25,65.25,12574
2016-12-28 00:00:00,66.25,67.0,66.0,67.0,54089
2016-12-27 00:00:00,65.75,67.0,64.75,67.0,9784
2016-12-23 00:00:00,66.25,67.25,65.5,65.5,4045
2016-12-22 00:00:00,67.75,68.0,65.75,65.75,7681
2016-12-21 00:00:00,68.0,68.75,66.5,68.0,12011
2016-12-20 00:00:00,68.5,69.0,67.25,68.0,13176
2016-12-19 00:00:00,70.0,71.0,68.75,69.0,3976
2016-12-16 00:00:00,68.5,71.0,67.5,71.0,15920
2016-12-15 00:00:00,67.0,68.5,65.25,68.5,22291
2016-12-14 00:00:00,68.5,69.0,67.5,68.0,12363
2016-12-13 00:00:00,70.0,71.0,67.75,69.0,10630
2016-12-12 00:00:00,70.5,70.5,68.5,70.0,12631
2016-12-09 00:00:00,69.5,71.75,69.25,70.5,11648
2016-12-08 00:00:00,68.0,71.5,68.0,68.75,8575
2016-12-07 00:00:00,72.0,72.5,68.0,68.0,113148
2016-12-06 00:00:00,68.5,72.0,68.5,71.75,105752
2016-12-05 00:00:00,67.0,69.5,64.75,68.5,34872
2016-12-02 00:00:00,66.75,68.5,64.5,67.0,54141
2016-12-01 00:00:00,65.75,66.75,65.5,66.5,11616
2016-11-30 00:00:00,64.0,65.75,61.75,65.5,13542
2016-11-29 00:00:00,63.25,65.75,61.0,63.5,9477
2016-11-28 00:00:00,66.5,67.25,63.25,63.25,13073
2016-11-25 00:00:00,69.0,69.0,66.5,66.5,9972
2016-11-24 00:00:00,66.0,68.5,66.0,67.75,13282
2016-11-23 00:00:00,69.0,69.0,66.0,66.0,23071
2016-11-22 00:00:00,65.5,68.5,64.75,68.25,37062
2016-11-21 00:00:00,62.0,64.0,61.5,64.0,12188
2016-11-18 00:00:00,63.0,63.0,61.25,62.25,9633
2016-11-17 00:00:00,62.5,63.0,60.5,63.0,10187
2016-11-16 00:00:00,64.25,64.5,61.75,62.5,31759
2016-11-15 00:00:00,62.0,64.25,62.0,62.25,24159
2016-11-14 00:00:00,61.25,62.5,58.5,61.25,24826
2016-11-11 00:00:00,58.0,60.75,58.0,60.5,34038
2016-11-10 00:00:00,54.5,58.0,54.5,57.5,53128
2016-11-09 00:00:00,51.5,54.75,51.5,54.5,30899
2016-11-08 00:00:00,54.5,54.75,53.75,54.75,17355
2016-11-07 00:00:00,52.5,54.5,52.5,54.5,24790
2016-11-04 00:00:00,51.75,52.75,52.5,52.5,9953
2016-11-03 00:00:00,52.25,52.75,51.25,52.0,19519
2016-11-02 00:00:00,52.0,52.0,51.0,51.25,17690
2016-11-01 00:00:00,52.0,52.75,51.0,51.5,18978
2016-10-31 00:00:00,53.25,53.5,52.0,52.25,6530
2016-10-28 00:00:00,53.0,53.75,52.0,53.0,7005
2016-10-27 00:00:00,52.75,54.25,52.75,53.25,11955
2016-10-26 00:00:00,54.0,54.0,52.5,53.25,17067
2016-10-25 00:00:00,54.0,55.0,54.0,54.25,7569
2016-10-24 00:00:00,54.25,56.0,54.0,54.75,29076
2016-10-21 00:00:00,56.75,58.25,53.0,54.25,146629
2016-10-20 00:00:00,46.0,46.3,44.3,45.0,24075
2016-10-19 00:00:00,47.0,47.5,46.1,46.8,4777
2016-10-18 00:00:00,46.2,46.2,45.0,46.1,4001
2016-10-17 00:00:00,46.1,46.2,45.0,45.1,8784
2016-10-14 00:00:00,46.2,46.2,45.5,46.0,5270
2016-10-13 00:00:00,45.6,45.9,45.1,45.7,10724
2016-10-12 00:00:00,45.9,46.5,45.5,45.5,4263
2016-10-11 00:00:00,45.5,46.0,45.0,45.9,8993
2016-10-10 00:00:00,45.7,45.9,44.3,45.5,15384
2016-10-07 00:00:00,45.5,46.3,45.5,45.9,8750
2016-10-06 00:00:00,45.5,46.3,45.2,46.2,6140
2016-10-05 00:00:00,46.8,46.8,45.7,46.3,3285
2016-10-04 00:00:00,45.1,46.7,44.9,46.7,58586
2016-10-03 00:00:00,46.0,46.9,44.2,45.1,56218
2016-09-30 00:00:00,45.2,46.5,44.7,46.3,27346
2016-09-29 00:00:00,44.9,45.4,44.5,45.2,7333
2016-09-28 00:00:00,45.0,45.5,44.7,44.9,4065
2016-09-27 00:00:00,44.2,45.2,44.2,44.6,14114
2016-09-26 00:00:00,45.4,45.5,43.9,44.8,7645
2016-09-23 00:00:00,46.0,46.0,45.0,45.3,3643
2016-09-22 00:00:00,44.6,46.1,44.6,45.5,8646
2016-09-21 00:00:00,45.4,45.9,44.6,44.6,33302
2016-09-20 00:00:00,45.5,46.0,45.1,45.5,14672
2016-09-19 00:00:00,45.7,46.5,45.1,45.5,11641
2016-09-16 00:00:00,45.5,48.7,45.5,45.6,20037
2016-09-15 00:00:00,46.1,46.3,45.5,45.5,10955
2016-09-14 00:00:00,46.2,46.3,45.2,46.1,9464
2016-09-13 00:00:00,46.0,47.2,46.0,46.2,7579
2016-09-12 00:00:00,46.5,46.5,45.2,46.0,83961
2016-09-09 00:00:00,47.7,47.7,46.6,46.8,6247
2016-09-08 00:00:00,47.3,48.3,46.5,46.5,182753
2016-09-07 00:00:00,47.7,48.4,47.2,47.2,2967
2016-09-06 00:00:00,47.9,48.0,47.4,47.7,6595
2016-09-05 00:00:00,47.5,48.4,47.4,47.8,11895
2016-09-02 00:00:00,47.3,47.6,47.1,47.3,3562
2016-09-01 00:00:00,46.2,47.5,46.2,47.4,17851
2016-08-31 00:00:00,46.2,47.5,46.2,47.0,7219
2016-08-30 00:00:00,47.2,47.2,46.0,46.0,18693
2016-08-29 00:00:00,48.1,48.1,46.8,46.8,8705
2016-08-26 00:00:00,46.3,49.2,46.3,48.0,17489
2016-08-25 00:00:00,46.7,47.5,46.7,46.8,8289
2016-08-24 00:00:00,46.6,47.9,46.1,46.7,14211
2016-08-23 00:00:00,47.6,47.6,46.6,47.0,19246
2016-08-22 00:00:00,48.7,48.8,47.0,47.6,24513
2016-08-19 00:00:00,50.5,50.5,48.9,49.0,19158
2016-08-18 00:00:00,52.5,53.0,50.25,50.5,28960
2016-08-17 00:00:00,52.75,53.75,52.0,52.0,12325
2016-08-16 00:00:00,55.0,56.0,54.0,54.5,18072
2016-08-15 00:00:00,53.0,55.5,53.0,55.0,32096
2016-08-12 00:00:00,52.25,53.0,52.0,52.75,19404
2016-08-11 00:00:00,49.7,52.25,49.7,52.25,14468
2016-08-10 00:00:00,47.9,50.25,47.7,49.7,11914
2016-08-09 00:00:00,48.5,48.8,47.6,47.9,4470
2016-08-08 00:00:00,48.4,49.9,48.4,48.7,9636
2016-08-05 00:00:00,46.0,48.6,46.0,48.4,9902
2016-08-04 00:00:00,44.5,45.9,44.5,45.0,4270
2016-08-03 00:00:00,45.0,46.0,44.5,45.0,7184
2016-08-02 00:00:00,45.8,45.8,44.5,45.0,10889
2016-08-01 00:00:00,45.8,46.8,44.5,45.8,46317
2016-07-29 00:00:00,47.6,48.4,45.9,46.1,15701
2016-07-28 00:00:00,49.7,49.8,47.5,47.8,13000
2016-07-27 00:00:00,49.7,50.5,49.0,49.7,33987
2016-07-26 00:00:00,50.75,50.75,49.6,49.6,9299
2016-07-25 00:00:00,51.0,51.0,48.1,50.5,16720
2016-07-22 00:00:00,54.0,54.0,48.2,51.0,79953
2016-07-21 00:00:00,54.5,55.75,54.5,55.75,16491
2016-07-20 00:00:00,55.5,55.75,54.25,54.25,11135
2016-07-19 00:00:00,56.0,56.0,55.0,55.0,5694
2016-07-18 00:00:00,52.0,55.75,52.0,55.0,22090
2016-07-15 00:00:00,51.5,52.5,50.0,51.75,15638
2016-07-14 00:00:00,47.6,51.75,47.3,50.5,22129
2016-07-13 00:00:00,47.5,48.5,47.1,47.6,9759
2016-07-12 00:00:00,47.3,47.9,46.7,47.5,4975
2016-07-11 00:00:00,46.3,47.3,46.3,46.9,5475
2016-07-08 00:00:00,45.7,46.9,45.7,46.3,1786
2016-07-07 00:00:00,45.1,46.9,45.0,45.6,4554
2016-07-06 00:00:00,46.0,46.0,45.0,45.0,3022
2016-07-05 00:00:00,46.7,47.2,46.0,46.0,1633
2016-07-04 00:00:00,45.6,49.9,45.6,45.9,3905
2016-07-01 00:00:00,45.2,45.8,45.0,45.6,50480
2016-06-30 00:00:00,44.5,45.8,44.5,45.0,42965
2016-06-29 00:00:00,44.5,44.5,43.6,44.5,11686
2016-06-28 00:00:00,45.4,45.4,43.3,44.0,34032
2016-06-27 00:00:00,45.0,45.3,43.0,44.5,57329
2016-06-24 00:00:00,,46.7,46.7,46.7,0
2016-06-23 00:00:00,46.7,48.6,46.1,46.7,46467
2016-06-22 00:00:00,47.0,47.8,46.1,46.7,72101
2016-06-21 00:00:00,47.0,47.3,46.5,46.7,67601
2016-06-20 00:00:00,45.0,46.6,45.0,46.3,12820
2016-06-17 00:00:00,42.0,45.0,42.0,45.0,13371
2016-06-16 00:00:00,42.6,42.6,41.3,42.0,157587
2016-06-15 00:00:00,43.3,43.5,42.1,42.6,23933
2016-06-14 00:00:00,44.6,45.6,42.3,43.3,28977
2016-06-13 00:00:00,45.5,45.5,42.8,44.7,34695
2016-06-10 00:00:00,46.2,47.4,45.5,45.9,30658
2016-06-09 00:00:00,48.0,48.3,46.0,46.0,20920
2016-06-08 00:00:00,47.8,48.6,47.5,47.5,6172
2016-06-07 00:00:00,49.2,49.2,47.2,47.8,15435
2016-06-06 00:00:00,,49.2,49.2,49.2,0
2016-06-03 00:00:00,52.75,52.75,49.0,49.2,12457
2016-06-02 00:00:00,53.0,53.0,51.5,51.5,8018
2016-06-01 00:00:00,53.5,56.0,52.5,53.0,22801
2016-05-31 00:00:00,50.25,53.75,50.25,53.5,104248
2016-05-30 00:00:00,49.3,51.0,49.3,50.25,50626
2016-05-27 00:00:00,48.1,51.0,48.0,49.3,14717
2016-05-26 00:00:00,48.3,49.1,48.0,48.0,18546
2016-05-25 00:00:00,48.2,48.9,48.2,48.3,3777
2016-05-24 00:00:00,48.5,49.3,48.2,48.2,18878
2016-05-23 00:00:00,47.0,49.4,47.0,48.9,10660
2016-05-20 00:00:00,50.0,50.5,48.5,49.0,11849
2016-05-19 00:00:00,50.0,50.5,49.1,50.0,12008
2016-05-18 00:00:00,49.3,50.25,48.6,50.0,17792
2016-05-17 00:00:00,48.3,49.7,48.3,49.3,14202
2016-05-16 00:00:00,48.4,48.4,47.0,48.4,10086
2016-05-13 00:00:00,48.1,48.2,46.3,48.2,13675
2016-05-12 00:00:00,49.4,49.9,45.7,47.5,16598
2016-05-11 00:00:00,49.9,49.9,48.2,48.5,24797
2016-05-10 00:00:00,49.5,50.0,47.7,49.8,36213
2016-05-09 00:00:00,49.1,50.5,49.1,49.5,10690
2016-05-06 00:00:00,51.5,51.75,49.1,49.1,21146
2016-05-05 00:00:00,50.75,52.0,50.25,51.5,10006
2016-05-04 00:00:00,50.75,52.0,50.25,51.5,10006
2016-05-03 00:00:00,52.0,52.0,50.0,50.75,35564
2016-05-02 00:00:00,51.75,53.0,51.75,52.5,4148
2016-04-29 00:00:00,52.0,53.0,50.5,51.75,12863
2016-04-28 00:00:00,52.5,52.5,51.0,52.25,5058
2016-04-27 00:00:00,51.75,54.25,51.5,52.5,12823
2016-04-26 00:00:00,50.25,54.0,50.25,51.75,24015
2016-04-25 00:00:00,51.25,52.0,50.5,50.5,42836
2016-04-22 00:00:00,49.8,53.25,47.2,52.25,122455
2016-04-21 00:00:00,56.25,56.5,54.0,55.25,26681
2016-04-20 00:00:00,57.75,57.75,55.0,55.25,17191
2016-04-19 00:00:00,56.75,57.75,55.5,57.75,22721
2016-04-18 00:00:00,56.0,56.75,55.0,56.5,6389
2016-04-15 00:00:00,55.0,57.25,55.0,56.0,28088
2016-04-14 00:00:00,55.0,55.75,54.5,55.0,30225
2016-04-13 00:00:00,54.75,55.75,54.0,54.75,35796
2016-04-12 00:00:00,55.5,55.5,54.25,54.75,13560
2016-04-11 00:00:00,52.75,55.0,52.75,55.0,21694
2016-04-08 00:00:00,53.25,55.5,52.75,53.25,33705
2016-04-07 00:00:00,53.5,54.5,53.0,53.25,10085
2016-04-06 00:00:00,55.0,55.25,53.5,53.75,15761
2016-04-05 00:00:00,56.25,56.25,54.75,55.0,15938
2016-04-04 00:00:00,55.5,57.0,55.25,56.0,24609
2016-04-01 00:00:00,57.0,57.0,54.75,55.25,23334
2016-03-31 00:00:00,55.5,57.0,54.75,57.0,16384
2016-03-30 00:00:00,58.0,58.0,55.0,55.5,50255
2016-03-29 00:00:00,57.75,57.75,56.0,57.75,13301
2016-03-28 00:00:00,57.5,58.0,57.75,57.75,4835
2016-03-25 00:00:00,57.5,58.0,56.5,57.75,4835
2016-03-24 00:00:00,57.5,58.0,56.5,57.75,4835
2016-03-23 00:00:00,58.75,58.75,56.5,56.5,18932
2016-03-22 00:00:00,59.0,59.25,57.25,58.0,26184
2016-03-21 00:00:00,57.75,58.75,56.0,56.5,24840
2016-03-18 00:00:00,55.5,57.5,55.0,57.5,83891
2016-03-17 00:00:00,57.0,57.5,53.25,54.5,63868
2016-03-16 00:00:00,58.0,58.0,55.0,57.5,48875
2016-03-15 00:00:00,52.5,58.0,48.1,58.0,122782
2016-03-14 00:00:00,54.5,55.5,53.75,54.25,28836
2016-03-11 00:00:00,54.5,56.25,54.25,56.25,31773
2016-03-10 00:00:00,57.5,58.0,54.25,54.75,20893
2016-03-09 00:00:00,59.75,59.75,56.5,57.25,235317
2016-03-08 00:00:00,59.0,60.0,58.25,58.5,4758
2016-03-07 00:00:00,60.5,61.5,58.25,59.0,40268
2016-03-04 00:00:00,61.75,61.75,58.5,60.5,11425
2016-03-03 00:00:00,57.0,62.75,55.5,61.75,66515
2016-03-02 00:00:00,60.5,60.5,57.0,57.0,24929
2016-03-01 00:00:00,58.5,59.75,57.5,59.75,15299
2016-02-29 00:00:00,63.0,63.0,57.5,58.5,148633
2016-02-26 00:00:00,63.75,63.75,60.0,62.75,26458
2016-02-25 00:00:00,64.5,64.5,61.75,62.5,4315
2016-02-24 00:00:00,64.5,64.5,61.5,62.75,9691
2016-02-23 00:00:00,62.0,65.5,61.0,64.25,2663
2016-02-22 00:00:00,63.0,65.75,62.75,62.75,7197
2016-02-19 00:00:00,62.0,64.25,62.0,63.0,8985
2016-02-18 00:00:00,65.0,66.0,61.25,61.75,18184
2016-02-17 00:00:00,63.25,65.5,61.25,64.5,144615
2016-02-16 00:00:00,67.75,70.0,61.5,63.25,30383
2016-02-15 00:00:00,63.5,67.0,63.5,64.75,9199
2016-02-12 00:00:00,58.5,62.5,58.5,62.25,32965
2016-02-11 00:00:00,61.5,61.5,56.0,58.5,9644
2016-02-10 00:00:00,62.75,62.75,59.75,61.75,161263
2016-02-09 00:00:00,61.0,61.75,57.0,59.25,15748
2016-02-08 00:00:00,63.5,63.5,60.0,62.0,11963
2016-02-05 00:00:00,63.0,66.5,63.0,64.0,3513
2016-02-04 00:00:00,65.0,66.75,64.0,65.25,6448
2016-02-03 00:00:00,66.75,67.0,64.5,64.5,6728
2016-02-02 00:00:00,65.5,67.75,64.5,66.75,17202
2016-02-01 00:00:00,61.75,64.75,60.75,63.5,12227
2016-01-29 00:00:00,65.75,65.75,59.75,61.75,19282
2016-01-28 00:00:00,62.0,63.75,59.75,62.75,20122
2016-01-27 00:00:00,62.0,62.0,61.25,62.0,4612
2016-01-26 00:00:00,63.0,63.0,59.25,62.0,11102
2016-01-25 00:00:00,63.0,64.0,62.5,63.0,15983
2016-01-22 00:00:00,61.0,66.0,61.0,63.0,29764
2016-01-21 00:00:00,57.0,60.75,56.5,60.75,29135
2016-01-20 00:00:00,62.0,62.0,57.0,58.0,69123
2016-01-19 00:00:00,57.5,64.5,57.5,62.0,37893
2016-01-18 00:00:00,57.5,58.5,55.5,57.5,44296
2016-01-15 00:00:00,64.75,65.5,56.5,58.75,325232
2016-01-14 00:00:00,64.5,67.5,61.25,65.0,54350
2016-01-13 00:00:00,67.5,67.5,64.25,66.0,82312
2016-01-12 00:00:00,67.0,68.0,65.5,66.5,20661
2016-01-11 00:00:00,65.5,67.5,62.75,65.5,31578
2016-01-08 00:00:00,70.0,71.0,65.0,66.0,52055
2016-01-07 00:00:00,71.0,72.5,67.0,72.0,33874
2016-01-06 00:00:00,,73.5,73.5,73.5,0
2016-01-05 00:00:00,71.0,73.5,71.0,73.5,19163
2016-01-04 00:00:00,73.75,73.75,70.5,71.25,9573
2016-01-01 00:00:00,,73.75,73.75,73.75,0
2015-12-31 00:00:00,,73.75,73.75,73.75,0
2015-12-30 00:00:00,75.0,75.0,72.5,73.75,25881
2015-12-29 00:00:00,73.5,75.0,73.25,75.0,18792
2015-12-28 00:00:00,73.5,75.0,72.0,73.5,14264
2015-12-25 00:00:00,70.25,73.75,70.25,73.75,38313
2015-12-24 00:00:00,70.25,73.75,70.25,73.75,38313
2015-12-23 00:00:00,70.25,73.75,70.25,73.75,38313
2015-12-22 00:00:00,70.75,70.75,68.0,70.0,124972
2015-12-21 00:00:00,68.75,69.75,66.75,69.5,25726
2015-12-18 00:00:00,69.75,69.75,67.5,69.0,78383
2015-12-17 00:00:00,69.5,70.0,67.75,70.0,397904
2015-12-16 00:00:00,68.0,68.75,66.0,68.0,39792
2015-12-15 00:00:00,64.0,68.0,64.0,68.0,52302
2015-12-14 00:00:00,65.5,66.25,63.0,64.75,50772
2015-12-11 00:00:00,70.0,70.0,66.0,67.25,19945
2015-12-10 00:00:00,68.5,69.75,65.5,69.75,41677
2015-12-09 00:00:00,69.0,70.0,63.25,70.0,90826
2015-12-08 00:00:00,71.75,72.0,69.0,70.0,84334
2015-12-07 00:00:00,73.5,76.0,71.25,73.25,134371
2015-12-04 00:00:00,75.25,75.5,71.75,73.75,302461
2015-12-03 00:00:00,79.75,79.75,75.5,76.5,72373
2015-12-02 00:00:00,82.5,82.5,79.5,80.0,40592
2015-12-01 00:00:00,84.0,84.0,81.5,82.0,42802
2015-11-30 00:00:00,85.5,87.0,80.0,84.0,71527
2015-11-27 00:00:00,84.25,85.5,83.0,85.5,11323
2015-11-26 00:00:00,85.75,86.5,85.5,86.0,15851
2015-11-25 00:00:00,86.0,86.5,85.25,85.75,21479
2015-11-24 00:00:00,86.5,87.0,85.25,85.5,15837
2015-11-23 00:00:00,86.5,87.0,85.0,86.5,12540
2015-11-20 00:00:00,87.0,87.0,84.25,86.5,32535
2015-11-19 00:00:00,88.0,88.0,83.25,85.5,44540
2015-11-18 00:00:00,85.0,87.5,80.0,87.5,33410
2015-11-17 00:00:00,84.25,88.75,83.25,84.0,59965
2015-11-16 00:00:00,73.75,80.0,73.75,79.5,44239
2015-11-13 00:00:00,73.75,74.75,73.5,74.75,8966
2015-11-12 00:00:00,75.0,75.5,73.5,73.5,11497
2015-11-11 00:00:00,74.0,75.5,74.0,74.25,9365
2015-11-10 00:00:00,74.75,74.75,70.25,73.75,13193
2015-11-09 00:00:00,75.25,76.75,73.25,74.75,28555
2015-11-06 00:00:00,74.75,77.0,73.5,75.0,25490
2015-11-05 00:00:00,73.0,74.5,70.5,74.0,39149
2015-11-04 00:00:00,70.75,73.25,68.0,73.0,49361
2015-11-03 00:00:00,68.5,74.25,68.25,70.75,98359
2015-11-02 00:00:00,67.0,68.0,66.25,67.75,72862
2015-10-30 00:00:00,64.75,67.0,64.75,67.0,18986
2015-10-29 00:00:00,64.0,65.25,63.75,65.0,13222
2015-10-28 00:00:00,64.5,66.0,64.0,64.0,38900
2015-10-27 00:00:00,66.0,67.75,63.25,65.0,26647
2015-10-26 00:00:00,60.25,64.5,60.25,64.5,137973
2015-10-23 00:00:00,57.0,61.5,57.0,59.75,350518
2015-10-22 00:00:00,54.5,56.5,54.5,55.25,18031
2015-10-21 00:00:00,54.0,54.5,52.5,54.5,4720
2015-10-20 00:00:00,52.5,53.5,51.5,53.5,18213
2015-10-19 00:00:00,55.0,55.0,52.5,52.5,11356
2015-10-16 00:00:00,55.25,55.5,54.25,55.0,8885
2015-10-15 00:00:00,54.5,55.5,54.5,55.0,4022
2015-10-14 00:00:00,54.0,56.0,53.75,54.75,92789
2015-10-13 00:00:00,55.25,55.25,53.5,54.5,9710
2015-10-12 00:00:00,55.25,55.5,54.25,55.5,14877
2015-10-09 00:00:00,54.75,55.5,54.0,55.25,5430
2015-10-08 00:00:00,55.5,55.5,53.5,55.5,8828
2015-10-07 00:00:00,55.25,56.5,54.75,54.75,7556
2015-10-06 00:00:00,54.5,56.0,54.0,55.25,35254
2015-10-05 00:00:00,52.75,54.5,52.5,54.5,5948
2015-10-02 00:00:00,53.25,53.75,52.75,53.0,6560
2015-10-01 00:00:00,54.75,54.75,53.0,54.0,6294
2015-09-30 00:00:00,53.25,55.0,53.25,54.75,11873
2015-09-29 00:00:00,54.0,54.0,51.25,53.25,65190
2015-09-28 00:00:00,54.75,55.75,54.25,55.0,11451
2015-09-25 00:00:00,52.5,54.75,51.5,54.75,12266
2015-09-24 00:00:00,54.25,54.25,52.25,53.0,27793
2015-09-23 00:00:00,53.25,55.0,53.25,54.25,12075
2015-09-22 00:00:00,55.25,55.5,53.0,54.5,28226
2015-09-21 00:00:00,57.0,57.0,54.5,56.25,65485
2015-09-18 00:00:00,60.0,60.0,57.0,59.0,7417
2015-09-17 00:00:00,60.0,60.75,58.75,59.0,20027
2015-09-16 00:00:00,56.0,57.5,56.0,57.5,7475
2015-09-15 00:00:00,57.0,57.0,55.5,57.0,63749
2015-09-14 00:00:00,55.25,57.0,55.25,57.0,10890
2015-09-11 00:00:00,56.25,57.25,56.0,57.0,187362
2015-09-10 00:00:00,56.0,56.5,55.0,56.25,116549
2015-09-09 00:00:00,53.75,57.0,53.75,56.75,380509
2015-09-08 00:00:00,54.0,54.0,52.5,53.75,13296
2015-09-07 00:00:00,53.25,54.5,52.5,54.0,6703
2015-09-04 00:00:00,54.0,54.25,52.25,53.25,17790
2015-09-03 00:00:00,54.0,56.0,52.5,54.75,13463
2015-09-02 00:00:00,53.0,54.0,52.5,54.0,12966
2015-09-01 00:00:00,54.25,54.25,52.0,53.0,40545
2015-08-31 00:00:00,55.0,55.0,53.0,55.0,16718
2015-08-28 00:00:00,55.0,55.0,51.5,55.0,26276
2015-08-27 00:00:00,51.5,55.0,48.4,55.0,25247
2015-08-26 00:00:00,50.0,51.0,48.8,49.6,9065
2015-08-25 00:00:00,47.5,51.25,47.3,48.5,42810
2015-08-24 00:00:00,45.2,47.8,45.2,46.3,134301
2015-08-21 00:00:00,51.0,52.25,49.7,50.0,27694
2015-08-20 00:00:00,53.0,54.25,50.25,52.75,14357
2015-08-19 00:00:00,55.0,55.0,53.5,53.5,17345
2015-08-18 00:00:00,55.0,55.75,54.25,54.75,12165
2015-08-17 00:00:00,51.5,55.0,51.25,55.0,36955
2015-08-14 00:00:00,53.25,55.0,50.25,51.75,29120
2015-08-13 00:00:00,54.75,55.75,53.25,54.0,18749
2015-08-12 00:00:00,57.0,57.0,54.25,55.5,15677
2015-08-11 00:00:00,57.0,57.25,55.5,57.0,29159
2015-08-10 00:00:00,57.0,57.75,56.75,57.25,12559
2015-08-07 00:00:00,57.0,58.0,56.5,57.0,5614
2015-08-06 00:00:00,55.0,57.0,54.0,56.5,75734
2015-08-05 00:00:00,58.25,59.25,55.25,56.5,38458
2015-08-04 00:00:00,59.25,59.25,58.0,58.75,8615
2015-08-03 00:00:00,58.0,59.5,57.0,59.0,19511
2015-07-31 00:00:00,59.75,59.75,58.5,58.5,14112
2015-07-30 00:00:00,58.5,60.0,58.5,59.75,24505
2015-07-29 00:00:00,58.0,59.5,57.5,58.0,29536
2015-07-28 00:00:00,58.25,60.25,58.0,58.25,38633
2015-07-27 00:00:00,60.0,60.5,54.5,58.75,73519
2015-07-24 00:00:00,60.5,62.5,59.0,60.0,21339
2015-07-23 00:00:00,60.25,62.25,60.0,61.5,24776
2015-07-22 00:00:00,63.5,63.5,61.0,61.5,107344
2015-07-21 00:00:00,62.75,63.25,60.75,63.0,143075
2015-07-20 00:00:00,61.0,62.0,60.75,62.0,87617
2015-07-17 00:00:00,65.0,65.0,57.0,60.75,403597
2015-07-16 00:00:00,69.25,69.5,65.0,68.5,61136
2015-07-15 00:00:00,68.75,69.5,68.0,69.0,51815
2015-07-14 00:00:00,67.0,68.75,66.0,67.5,46761
2015-07-13 00:00:00,65.0,68.0,64.5,67.0,61582
2015-07-10 00:00:00,64.25,64.25,63.0,63.5,32437
2015-07-09 00:00:00,62.5,63.0,61.75,61.75,44754
2015-07-08 00:00:00,63.25,63.25,61.5,62.5,239724
2015-07-07 00:00:00,63.75,65.25,62.0,62.5,72645
2015-07-06 00:00:00,57.75,60.75,57.75,60.75,22055
2015-07-03 00:00:00,62.5,62.75,59.75,60.5,29060
2015-07-02 00:00:00,60.75,63.5,60.75,62.0,45297
2015-07-01 00:00:00,59.5,62.25,59.25,60.75,37265
2015-06-30 00:00:00,59.75,59.75,57.25,59.75,11130
2015-06-29 00:00:00,59.75,60.0,55.75,59.75,49840
2015-06-26 00:00:00,59.0,61.5,57.75,61.5,36799
2015-06-25 00:00:00,60.0,61.25,59.5,59.75,10009
2015-06-24 00:00:00,63.0,64.0,57.0,61.5,33067
2015-06-23 00:00:00,59.0,61.75,59.0,61.5,39515
2015-06-22 00:00:00,59.0,59.75,58.75,59.75,34714
2015-06-19 00:00:00,,58.5,58.5,58.5,0
2015-06-18 00:00:00,57.0,58.5,54.5,58.5,35147
2015-06-17 00:00:00,58.0,58.25,56.5,57.5,24113
2015-06-16 00:00:00,55.0,58.5,53.25,58.5,57686
2015-06-15 00:00:00,57.5,58.0,55.25,56.75,38113
2015-06-12 00:00:00,58.75,59.0,56.5,58.0,16016
2015-06-11 00:00:00,58.75,59.25,58.25,58.5,25255
2015-06-10 00:00:00,56.75,58.75,56.75,58.75,16343
2015-06-09 00:00:00,56.25,58.0,55.0,56.75,338703
2015-06-08 00:00:00,54.5,57.5,54.5,56.0,18944
2015-06-05 00:00:00,57.5,58.0,53.5,55.0,81663
2015-06-04 00:00:00,57.5,58.75,57.0,57.5,17827
2015-06-03 00:00:00,57.5,58.5,57.0,58.0,22767
2015-06-02 00:00:00,58.25,59.25,57.5,58.0,22372
2015-06-01 00:00:00,58.5,59.25,57.5,58.25,15870
2015-05-29 00:00:00,59.0,59.0,57.75,58.75,32791
2015-05-28 00:00:00,59.25,59.5,58.0,59.0,179701
2015-05-27 00:00:00,57.75,59.5,57.75,58.75,17676
2015-05-26 00:00:00,60.0,61.0,57.25,58.25,46503
2015-05-25 00:00:00,58.75,60.0,58.75,59.75,48506
2015-05-22 00:00:00,57.0,58.5,57.0,58.25,34427
2015-05-21 00:00:00,57.5,57.5,55.75,57.0,15050
2015-05-20 00:00:00,56.25,56.25,55.0,56.25,288138
2015-05-19 00:00:00,55.25,58.5,53.25,56.0,141244
2015-05-18 00:00:00,52.25,55.0,52.25,55.0,164919
2015-05-15 00:00:00,51.0,53.5,51.0,52.0,33816
2015-05-14 00:00:00,49.3,51.0,49.2,51.0,23968
2015-05-13 00:00:00,49.3,51.0,49.2,51.0,23968
2015-05-12 00:00:00,49.9,50.0,49.1,49.9,21979
2015-05-11 00:00:00,50.0,50.25,49.5,50.0,24429
2015-05-08 00:00:00,50.5,50.75,49.5,50.0,27926
2015-05-07 00:00:00,50.5,51.0,49.1,50.5,34272
2015-05-06 00:00:00,52.0,52.0,50.5,51.5,82175
2015-05-05 00:00:00,53.0,53.0,51.25,52.0,19219
2015-05-04 00:00:00,51.0,53.0,50.25,52.25,19272
2015-05-01 00:00:00,51.25,51.75,50.0,51.25,37128
2015-04-30 00:00:00,51.25,51.75,50.0,51.25,37128
2015-04-29 00:00:00,54.0,54.0,51.0,51.75,68683
2015-04-28 00:00:00,51.0,53.0,51.0,52.25,348033
2015-04-27 00:00:00,50.75,52.0,49.7,51.5,59625
2015-04-24 00:00:00,47.9,52.0,47.9,50.75,254959
2015-04-23 00:00:00,40.0,41.1,39.2,41.1,27121
2015-04-22 00:00:00,41.0,41.0,40.0,40.3,8722
2015-04-21 00:00:00,41.0,41.5,39.9,41.0,36551
2015-04-20 00:00:00,39.5,41.9,39.5,41.0,38858
2015-04-17 00:00:00,40.1,40.5,39.1,39.5,59549
2015-04-16 00:00:00,42.1,42.1,40.0,40.9,114009
2015-04-15 00:00:00,42.3,43.1,42.1,42.7,36349
2015-04-14 00:00:00,42.1,43.9,42.1,43.0,79691
2015-04-13 00:00:00,43.9,43.9,41.7,43.0,121252
2015-04-10 00:00:00,46.0,47.4,44.5,44.7,44294
2015-04-09 00:00:00,46.0,47.2,45.6,46.4,21893
2015-04-08 00:00:00,44.6,46.2,44.6,45.7,29947
2015-04-07 00:00:00,45.4,46.9,44.5,45.0,65964
2015-04-02 00:00:00,44.3,45.9,44.3,45.4,42079
2015-04-01 00:00:00,43.0,44.5,42.2,44.3,274337
2015-03-31 00:00:00,42.7,43.8,42.7,43.0,24935
2015-03-30 00:00:00,40.2,42.6,40.1,42.6,67867
2015-03-27 00:00:00,38.8,40.5,38.8,40.2,32598
2015-03-26 00:00:00,39.5,39.8,38.4,39.7,33481
2015-03-25 00:00:00,38.9,39.8,38.0,39.8,80042
2015-03-24 00:00:00,38.8,38.8,37.8,38.8,17258
2015-03-23 00:00:00,38.8,39.0,38.2,38.3,43636
2015-03-20 00:00:00,37.6,39.4,37.6,38.5,26811
2015-03-19 00:00:00,41.6,41.6,38.0,38.6,99454
2015-03-18 00:00:00,40.0,41.3,37.5,40.8,79659
2015-03-17 00:00:00,41.6,42.0,40.7,40.7,16399
2015-03-16 00:00:00,40.1,42.0,40.1,42.0,32768
2015-03-13 00:00:00,39.9,41.5,39.8,40.5,74242
2015-03-12 00:00:00,39.5,40.0,38.8,39.9,23291
2015-03-11 00:00:00,37.6,39.3,37.6,39.3,34673
2015-03-10 00:00:00,38.4,39.4,37.2,37.5,21034
2015-03-09 00:00:00,38.7,38.7,37.0,38.6,28754
2015-03-06 00:00:00,38.0,38.9,37.3,38.7,45061
2015-03-05 00:00:00,37.6,38.9,37.5,38.9,36820
2015-03-04 00:00:00,36.7,38.7,36.1,37.6,53782
2015-03-03 00:00:00,39.0,39.0,36.6,37.5,167919
2015-03-02 00:00:00,39.6,39.8,38.9,38.9,52630
2015-02-27 00:00:00,39.5,40.0,39.3,39.6,50992
2015-02-26 00:00:00,39.9,40.1,39.2,39.7,46800
2015-02-25 00:00:00,39.5,40.1,39.5,40.0,40370
2015-02-24 00:00:00,38.8,39.8,38.6,39.4,51958
2015-02-23 00:00:00,39.6,40.8,39.0,39.0,41997
2015-02-20 00:00:00,40.1,41.0,39.5,39.9,328756
2015-02-19 00:00:00,38.0,39.5,38.0,39.5,283319
2015-02-18 00:00:00,37.8,38.1,37.5,38.0,50318
2015-02-17 00:00:00,38.0,38.3,36.7,37.8,42115
2015-02-16 00:00:00,38.9,38.9,37.7,38.4,35608
2015-02-13 00:00:00,37.7,39.2,37.6,38.4,64029
2015-02-12 00:00:00,35.0,37.7,35.0,37.6,106748
2015-02-11 00:00:00,34.3,35.5,34.3,35.4,136702
2015-02-10 00:00:00,34.5,35.1,34.0,34.8,52443
2015-02-09 00:00:00,35.5,36.0,35.0,35.0,96759
2015-02-06 00:00:00,33.1,36.3,33.1,35.4,280068
2015-02-05 00:00:00,31.1,33.7,31.1,33.0,696094
2015-02-04 00:00:00,26.0,26.3,25.6,26.3,129485
2015-02-03 00:00:00,25.5,26.4,25.5,26.0,87131
2015-02-02 00:00:00,24.8,25.5,24.8,25.2,117144
2015-01-30 00:00:00,23.5,24.9,23.5,24.2,87993
2015-01-29 00:00:00,23.4,23.6,22.8,23.6,14532
2015-01-28 00:00:00,23.5,23.5,22.8,23.1,22625
2015-01-27 00:00:00,23.8,23.8,22.5,23.5,20175
2015-01-26 00:00:00,23.6,23.9,23.2,23.8,30668
2015-01-23 00:00:00,23.5,23.8,23.4,23.8,38998
2015-01-22 00:00:00,23.3,23.4,23.1,23.3,23148
2015-01-21 00:00:00,23.1,23.3,22.5,23.1,14068
2015-01-20 00:00:00,22.1,23.1,22.1,23.1,101337
2015-01-19 00:00:00,22.0,22.2,21.9,22.0,15231
2015-01-16 00:00:00,22.1,22.3,21.5,22.1,4709
2015-01-15 00:00:00,22.0,22.2,21.8,22.1,23320
2015-01-14 00:00:00,21.9,22.1,21.5,22.1,20767
2015-01-13 00:00:00,22.2,22.2,21.8,21.9,6450
2015-01-12 00:00:00,21.6,22.3,21.5,21.6,40271
2015-01-09 00:00:00,21.3,21.6,21.3,21.6,36229
2015-01-08 00:00:00,20.5,21.3,20.5,21.3,47035
2015-01-07 00:00:00,20.5,20.7,20.5,20.5,17366
2015-01-06 00:00:00,,20.6,20.6,20.6,0
2015-01-05 00:00:00,20.1,20.9,20.1,20.6,16425
2015-01-02 00:00:00,20.0,20.2,19.8,20.2,8371
2015-01-01 00:00:00,20.1,20.2,20.0,20.1,20462
2014-12-30 00:00:00,20.1,20.2,20.0,20.1,20462
2014-12-29 00:00:00,20.0,20.2,19.6,20.2,26351
2014-12-23 00:00:00,20.4,20.4,20.1,20.3,6075
2014-12-22 00:00:00,19.7,20.1,19.3,20.1,32513
2014-12-19 00:00:00,19.9,19.9,19.5,19.7,11770
2014-12-18 00:00:00,19.2,20.1,19.2,19.8,13846
2014-12-17 00:00:00,19.2,19.8,19.2,19.8,3634
2014-12-16 00:00:00,19.5,20.3,19.5,19.9,36056
2014-12-15 00:00:00,19.5,20.3,19.4,20.3,10236
2014-12-12 00:00:00,20.3,20.5,19.5,20.0,27842
2014-12-11 00:00:00,19.9,20.0,19.6,20.0,6041
2014-12-10 00:00:00,20.3,20.3,19.1,20.0,28792
2014-12-09 00:00:00,19.9,20.3,19.5,19.9,36241
2014-12-08 00:00:00,20.0,20.5,19.7,19.9,36180
2014-12-05 00:00:00,20.9,21.0,20.3,20.7,97610
2014-12-04 00:00:00,21.0,21.1,20.6,20.9,47852
2014-12-03 00:00:00,21.0,21.1,20.6,21.0,54860
2014-12-02 00:00:00,20.0,21.0,20.0,20.6,38044
2014-12-01 00:00:00,19.8,20.5,19.7,20.0,54277
2014-11-28 00:00:00,20.0,20.4,19.9,20.2,79681
2014-11-27 00:00:00,19.6,20.2,19.6,20.2,14960
2014-11-26 00:00:00,20.2,20.4,19.2,20.2,7900
2014-11-25 00:00:00,20.0,20.4,19.8,20.2,69857
2014-11-24 00:00:00,19.5,20.0,19.5,20.0,74655
2014-11-21 00:00:00,19.2,19.8,19.0,19.7,40285
2014-11-20 00:00:00,19.3,19.3,19.1,19.2,15400
2014-11-19 00:00:00,18.7,19.2,18.7,19.2,51006
2014-11-18 00:00:00,18.7,19.0,18.5,18.9,38200
2014-11-17 00:00:00,18.9,19.0,18.7,18.7,23283
2014-11-14 00:00:00,18.8,18.9,18.6,18.9,6904
2014-11-13 00:00:00,18.0,18.8,18.0,18.8,11397
2014-11-12 00:00:00,18.7,18.7,18.0,18.5,8072
2014-11-11 00:00:00,19.0,19.1,18.7,18.7,16472
2014-11-10 00:00:00,18.8,18.8,18.6,18.7,18434
2014-11-07 00:00:00,18.4,19.0,18.4,18.9,27400
2014-11-06 00:00:00,18.2,18.9,18.0,18.6,197095
2014-11-05 00:00:00,18.1,18.5,18.1,18.4,37902
2014-11-04 00:00:00,18.1,18.4,18.1,18.4,33426
2014-11-03 00:00:00,18.0,18.5,17.9,18.2,55326
2014-10-31 00:00:00,17.2,18.4,17.2,17.9,37959
2014-10-30 00:00:00,17.1,17.7,17.1,17.3,9419
2014-10-29 00:00:00,17.5,17.7,17.3,17.4,19326
2014-10-28 00:00:00,17.7,18.0,17.0,17.6,12179
2014-10-24 00:00:00,16.8,18.0,16.8,17.5,172938
2014-10-23 00:00:00,15.4,15.5,15.4,15.5,10643
2014-10-22 00:00:00,15.1,15.4,15.1,15.2,4937
2014-10-21 00:00:00,14.85,15.1,14.65,14.85,7445
2014-10-20 00:00:00,15.0,15.0,14.2,14.2,1862
2014-10-17 00:00:00,14.85,15.1,14.15,15.1,32391
2014-10-16 00:00:00,14.7,14.75,14.0,14.75,12644
2014-10-15 00:00:00,15.0,15.1,14.8,14.8,6694
2014-10-14 00:00:00,15.0,15.1,14.7,15.1,40911
2014-10-13 00:00:00,14.65,15.5,14.6,15.0,21848
2014-10-10 00:00:00,15.0,15.3,15.0,15.3,2967
2014-10-09 00:00:00,14.65,15.6,14.65,15.6,35632
2014-10-08 00:00:00,13.65,15.5,13.65,15.5,105041
2014-10-07 00:00:00,15.2,15.8,15.2,15.8,7065
2014-10-06 00:00:00,15.3,15.7,15.3,15.7,17595
2014-10-03 00:00:00,15.0,15.7,15.0,15.3,10967
2014-10-02 00:00:00,15.8,15.8,15.1,15.5,28200
2014-10-01 00:00:00,15.8,15.9,15.8,15.9,6257
2014-09-30 00:00:00,15.8,16.0,15.8,16.0,9728
2014-09-29 00:00:00,15.5,15.9,15.5,15.9,24030
2014-09-26 00:00:00,15.9,15.9,15.5,15.9,4204
2014-09-25 00:00:00,15.7,15.8,15.7,15.8,1198
2014-09-24 00:00:00,15.7,15.7,15.6,15.6,51078
2014-09-23 00:00:00,15.8,15.8,15.6,15.6,3000
2014-09-22 00:00:00,15.7,16.0,15.7,16.0,11800
2014-09-19 00:00:00,15.9,15.9,15.4,15.9,30470
2014-09-18 00:00:00,15.5,15.5,15.4,15.4,6270
2014-09-17 00:00:00,16.0,16.0,15.8,15.8,29350
2014-09-16 00:00:00,15.4,16.0,15.4,16.0,86933
2014-09-15 00:00:00,15.2,15.5,15.1,15.3,12053
2014-09-12 00:00:00,15.3,15.6,15.0,15.5,19839
2014-09-11 00:00:00,,15.5,15.5,15.5,0
2014-09-10 00:00:00,15.5,15.5,15.5,15.5,3000
2014-09-09 00:00:00,15.3,15.7,15.2,15.5,17564
2014-09-08 00:00:00,15.3,15.7,15.3,15.7,3100
2014-09-05 00:00:00,15.6,15.6,15.4,15.6,31101
2014-09-04 00:00:00,15.7,15.7,15.4,15.4,16600
2014-09-03 00:00:00,15.6,15.7,15.5,15.7,20005
2014-09-02 00:00:00,15.5,15.8,15.5,15.6,3050
2014-09-01 00:00:00,15.5,15.7,15.5,15.7,51740
2014-08-29 00:00:00,15.5,15.6,15.3,15.5,81973
2014-08-28 00:00:00,15.4,15.5,15.2,15.5,22575
2014-08-27 00:00:00,14.95,15.4,14.95,15.4,22080
2014-08-26 00:00:00,15.6,15.6,15.2,15.2,5810
2014-08-25 00:00:00,15.0,15.3,14.65,15.3,28563
2014-08-22 00:00:00,14.75,15.4,14.75,15.3,23569
2014-08-21 00:00:00,14.9,15.3,14.9,15.3,110179
2014-08-20 00:00:00,14.7,15.1,14.65,14.85,38920
2014-08-19 00:00:00,14.95,15.1,14.75,14.75,23601
2014-08-18 00:00:00,14.85,15.1,14.65,14.75,66090
2014-08-15 00:00:00,13.6,14.5,13.6,14.35,58582
2014-08-14 00:00:00,14.2,14.2,13.65,13.7,17059
2014-08-13 00:00:00,13.85,13.9,13.5,13.75,4423
2014-08-12 00:00:00,14.0,14.0,13.55,13.85,9912
2014-08-11 00:00:00,13.45,14.45,13.45,14.3,17593
2014-08-08 00:00:00,13.45,13.6,13.4,13.45,9224
2014-08-07 00:00:00,13.6,13.9,13.6,13.75,14283
2014-08-06 00:00:00,13.75,13.9,13.4,13.9,18105
2014-08-05 00:00:00,13.65,13.75,13.55,13.75,5971
2014-08-04 00:00:00,13.6,13.9,13.6,13.7,4800
2014-08-01 00:00:00,14.0,14.05,13.6,13.6,31100
2014-07-31 00:00:00,14.1,14.25,14.1,14.1,5504
2014-07-30 00:00:00,14.15,14.15,14.0,14.15,6122
2014-07-29 00:00:00,14.2,14.2,14.0,14.0,13650
2014-07-28 00:00:00,14.15,14.45,14.05,14.05,10360
2014-07-25 00:00:00,14.1,14.2,14.05,14.15,14140
2014-07-24 00:00:00,14.2,14.2,14.05,14.15,3800
2014-07-23 00:00:00,14.0,14.4,13.95,14.4,18427
2014-07-22 00:00:00,13.8,14.3,13.75,14.3,16523
2014-07-21 00:00:00,14.5,14.5,13.55,13.9,25342
2014-07-18 00:00:00,14.05,15.0,13.5,14.5,14054
2014-07-17 00:00:00,15.1,15.2,14.9,14.9,31051
2014-07-16 00:00:00,15.2,15.2,15.0,15.0,8197
2014-07-15 00:00:00,15.0,15.3,14.5,15.3,2170
2014-07-14 00:00:00,15.5,15.5,15.0,15.0,3532
2014-07-11 00:00:00,15.3,15.4,15.3,15.3,6666
2014-07-10 00:00:00,15.6,15.8,15.3,15.6,8461
2014-07-09 00:00:00,15.7,15.7,15.7,15.7,3021
2014-07-08 00:00:00,15.7,15.8,15.7,15.8,2080
2014-07-07 00:00:00,15.8,16.0,15.8,16.0,11830
2014-07-04 00:00:00,15.7,16.1,15.7,16.1,10091
2014-07-03 00:00:00,16.0,16.0,15.7,15.9,5360
2014-07-02 00:00:00,16.0,16.1,15.5,16.0,26048
2014-07-01 00:00:00,15.5,16.2,15.5,16.0,4500
2014-06-30 00:00:00,15.9,16.0,15.7,15.8,11960
2014-06-27 00:00:00,15.7,16.0,15.7,15.9,5750
2014-06-26 00:00:00,15.7,16.0,15.6,15.7,8483
2014-06-25 00:00:00,16.2,16.2,15.8,16.0,15500
2014-06-24 00:00:00,16.0,16.2,16.0,16.2,8459
2014-06-23 00:00:00,16.3,16.3,15.6,16.2,36306
2014-06-20 00:00:00,,16.2,16.2,16.2,0
2014-06-19 00:00:00,16.0,17.0,15.8,16.2,99349
2014-06-18 00:00:00,14.85,16.0,14.8,15.6,181726
2014-06-17 00:00:00,15.0,15.0,14.5,14.5,79414
2014-06-16 00:00:00,14.6,14.85,14.6,14.8,169142
2014-06-13 00:00:00,13.8,14.15,13.65,14.1,29821
2014-06-12 00:00:00,13.7,13.9,13.65,13.8,7564
2014-06-11 00:00:00,13.7,13.7,13.7,13.7,1000
2014-06-10 00:00:00,13.6,13.85,13.55,13.8,15396
2014-06-09 00:00:00,13.5,13.7,13.5,13.7,4080
2014-06-06 00:00:00,,13.8,13.8,13.8,0
2014-06-05 00:00:00,13.8,13.85,13.5,13.8,34869
2014-06-04 00:00:00,13.85,13.85,13.75,13.8,23928
2014-06-03 00:00:00,13.9,14.2,13.85,13.95,11048
2014-06-02 00:00:00,13.9,14.55,13.9,14.2,4372
2014-05-30 00:00:00,14.25,14.25,13.8,13.9,7192
2014-05-28 00:00:00,14.2,14.25,14.0,14.25,2850
2014-05-27 00:00:00,14.35,14.35,14.1,14.2,11695
2014-05-26 00:00:00,14.3,14.4,14.0,14.25,4665
2014-05-23 00:00:00,13.8,14.5,13.75,14.3,68195
2014-05-22 00:00:00,13.2,13.9,13.2,13.9,63669
2014-05-21 00:00:00,12.95,13.4,12.95,13.4,24868
2014-05-20 00:00:00,13.05,13.2,13.0,13.0,62650
2014-05-19 00:00:00,12.9,13.0,12.9,12.9,8044
2014-05-16 00:00:00,12.8,13.0,12.65,12.9,18246
2014-05-15 00:00:00,12.8,13.35,12.8,13.0,12574
2014-05-14 00:00:00,13.0,13.1,13.0,13.0,9417
2014-05-13 00:00:00,13.25,13.25,13.0,13.1,12630
2014-05-12 00:00:00,13.0,13.35,12.8,13.0,12200
2014-05-09 00:00:00,12.5,13.05,12.5,12.8,30685
2014-05-08 00:00:00,13.0,13.2,12.4,12.7,43349
2014-05-07 00:00:00,12.7,12.85,12.4,12.65,26086
2014-05-06 00:00:00,12.35,12.7,12.35,12.5,71100
2014-05-05 00:00:00,12.2,12.55,12.15,12.15,38717
2014-05-02 00:00:00,11.7,12.4,11.7,12.1,77200
2014-05-01 00:00:00,,11.45,11.45,11.45,0
2014-04-30 00:00:00,11.45,11.95,11.3,11.45,16329
2014-04-29 00:00:00,11.45,11.45,11.35,11.4,11532
2014-04-28 00:00:00,11.15,11.3,11.15,11.3,26150
2014-04-25 00:00:00,11.3,11.5,11.0,11.0,9090
2014-04-24 00:00:00,11.25,11.5,11.15,11.5,9020
2014-04-23 00:00:00,11.2,11.2,11.1,11.1,12121
2014-04-22 00:00:00,11.2,11.2,11.15,11.15,7400
2014-04-17 00:00:00,11.2,11.2,11.2,11.2,2000
2014-04-16 00:00:00,11.15,11.4,11.1,11.35,15101
2014-04-15 00:00:00,11.5,11.5,11.35,11.35,32695
2014-04-14 00:00:00,11.1,11.55,11.1,11.35,31312
2014-04-11 00:00:00,11.6,11.6,11.1,11.6,36283
2014-04-10 00:00:00,11.5,11.75,11.5,11.6,25001
2014-04-09 00:00:00,11.05,11.5,11.05,11.45,30104
2014-04-08 00:00:00,11.0,11.6,11.0,11.3,9320
2014-04-07 00:00:00,11.3,11.4,11.0,11.4,18500
2014-04-04 00:00:00,11.6,11.6,11.3,11.5,38946
2014-04-03 00:00:00,11.6,12.0,11.0,11.6,37068
2014-04-02 00:00:00,12.0,12.1,11.6,12.0,25093
2014-04-01 00:00:00,12.0,12.0,11.8,12.0,13870
2014-03-31 00:00:00,11.85,12.0,11.85,12.0,3000
2014-03-28 00:00:00,11.75,11.95,11.75,11.85,11952
2014-03-27 00:00:00,11.75,11.95,11.65,11.7,36009
2014-03-26 00:00:00,11.8,12.0,11.75,11.8,29703
2014-03-25 00:00:00,12.0,12.1,11.8,11.8,3700
2014-03-24 00:00:00,11.6,12.4,11.6,12.4,2703
2014-03-21 00:00:00,12.2,12.2,11.8,11.9,8480
2014-03-20 00:00:00,12.2,12.25,12.1,12.25,6433
2014-03-19 00:00:00,12.0,12.3,12.0,12.3,32044
2014-03-18 00:00:00,11.9,12.0,11.9,11.9,11260
2014-03-17 00:00:00,11.55,12.0,11.55,11.8,28965
2014-03-14 00:00:00,12.0,12.0,11.6,11.95,122078
2014-03-13 00:00:00,12.0,12.3,12.0,12.25,9660
2014-03-12 00:00:00,12.0,12.0,11.9,12.0,58050
2014-03-11 00:00:00,12.1,12.1,12.05,12.1,5683
2014-03-10 00:00:00,12.1,12.15,12.1,12.1,4736
2014-03-07 00:00:00,12.3,12.3,12.05,12.1,51712
2014-03-06 00:00:00,12.6,12.65,12.4,12.5,4028
2014-03-05 00:00:00,12.45,12.65,12.4,12.65,6180
2014-03-04 00:00:00,12.2,12.6,12.2,12.5,10320
2014-03-03 00:00:00,12.4,12.4,12.35,12.35,10448
2014-02-28 00:00:00,12.5,12.65,12.4,12.5,9790
2014-02-27 00:00:00,12.5,12.6,12.4,12.6,2072
2014-02-26 00:00:00,12.5,12.6,12.35,12.5,12480
2014-02-25 00:00:00,12.6,12.8,12.3,12.8,18670
2014-02-24 00:00:00,12.7,12.75,12.3,12.5,23875
2014-02-21 00:00:00,12.8,12.8,12.5,12.8,36525
2014-02-20 00:00:00,12.7,12.85,12.7,12.85,12221
2014-02-19 00:00:00,12.6,12.85,12.5,12.85,14123
2014-02-18 00:00:00,12.55,12.7,12.4,12.65,33266
2014-02-17 00:00:00,12.6,12.65,12.4,12.6,19576
2014-02-14 00:00:00,12.6,12.8,12.6,12.8,18100
2014-02-13 00:00:00,12.65,12.65,12.6,12.6,3001
2014-02-12 00:00:00,12.65,13.0,12.65,12.75,38590
2014-02-11 00:00:00,12.7,12.7,12.5,12.7,34663
2014-02-10 00:00:00,12.3,12.8,12.3,12.7,41724
2014-02-07 00:00:00,12.3,12.8,12.3,12.6,28237
2014-02-06 00:00:00,12.6,12.6,12.35,12.5,35161
2014-02-05 00:00:00,12.35,12.7,12.2,12.7,48451
2014-02-04 00:00:00,12.4,12.75,12.3,12.6,123261
2014-02-03 00:00:00,14.2,14.35,13.1,13.25,99025
2014-01-31 00:00:00,12.45,12.5,12.35,12.45,33297
2014-01-30 00:00:00,12.4,12.5,12.4,12.5,24300
2014-01-29 00:00:00,12.6,12.6,12.5,12.5,5565
2014-01-28 00:00:00,12.3,12.7,12.3,12.6,13359
2014-01-27 00:00:00,12.5,12.6,12.35,12.5,16695
2014-01-24 00:00:00,12.5,12.8,12.5,12.65,9093
2014-01-23 00:00:00,12.6,12.6,12.5,12.5,18019
2014-01-22 00:00:00,12.8,12.8,12.6,12.6,19595
2014-01-21 00:00:00,12.9,12.9,12.7,12.9,34553
2014-01-20 00:00:00,12.55,12.9,12.55,12.9,22207
2014-01-17 00:00:00,12.95,12.95,12.65,12.7,20563
2014-01-16 00:00:00,13.05,13.05,12.1,12.95,37000
2014-01-15 00:00:00,13.0,13.05,12.9,13.05,42222
2014-01-14 00:00:00,12.9,13.05,12.9,13.05,34216
2014-01-13 00:00:00,12.95,13.0,12.9,12.95,47325
2014-01-10 00:00:00,12.85,12.95,12.85,12.85,35477
2014-01-09 00:00:00,12.9,12.9,12.7,12.85,49496
2014-01-08 00:00:00,13.2,13.2,12.8,13.1,23988
2014-01-07 00:00:00,13.3,13.3,12.95,13.2,31332
2014-01-06 00:00:00,,13.25,13.25,13.25,0
2014-01-03 00:00:00,13.2,13.35,13.15,13.25,17826
2014-01-02 00:00:00,13.05,13.3,13.0,13.05,28136
2013-12-31 00:00:00,,13.05,13.05,13.05,0
2013-12-30 00:00:00,13.35,13.5,12.8,13.05,193116
2013-12-27 00:00:00,13.4,13.8,13.25,13.5,19465
2013-12-23 00:00:00,13.2,13.6,13.15,13.4,59902
2013-12-20 00:00:00,13.15,13.25,13.0,13.2,40086
2013-12-19 00:00:00,13.3,13.4,13.2,13.3,127732
2013-12-18 00:00:00,13.45,13.45,13.3,13.4,15000
2013-12-17 00:00:00,13.35,13.7,13.35,13.35,8520
2013-12-16 00:00:00,13.1,13.65,13.1,13.35,12874
2013-12-13 00:00:00,13.8,13.8,13.75,13.8,9787
2013-12-12 00:00:00,14.25,14.3,13.9,14.2,13846
2013-12-11 00:00:00,13.7,14.45,13.6,14.4,40600
2013-12-10 00:00:00,13.45,13.7,13.45,13.7,463751
2013-12-09 00:00:00,13.35,13.9,13.35,13.55,23360
2013-12-06 00:00:00,13.25,13.5,13.15,13.5,37914
2013-12-05 00:00:00,13.35,13.65,13.25,13.4,32711
2013-12-04 00:00:00,13.5,13.6,13.25,13.6,47470
2013-12-03 00:00:00,13.6,13.7,13.5,13.5,16600
2013-12-02 00:00:00,13.55,13.75,13.55,13.7,6820
2013-11-29 00:00:00,13.75,13.75,13.35,13.7,19939
2013-11-28 00:00:00,13.25,13.8,13.25,13.7,28311
2013-11-27 00:00:00,13.3,13.45,13.3,13.35,9010
2013-11-26 00:00:00,13.4,13.5,13.25,13.3,11437
2013-11-25 00:00:00,13.5,13.5,13.25,13.3,53600
2013-11-22 00:00:00,13.35,13.35,13.2,13.2,5893
2013-11-21 00:00:00,13.3,13.4,13.15,13.15,15015
2013-11-20 00:00:00,13.4,13.65,13.2,13.65,40221
2013-11-19 00:00:00,13.7,13.7,13.45,13.45,23613
2013-11-18 00:00:00,13.6,13.95,13.6,13.7,38111
2013-11-15 00:00:00,13.8,13.8,13.6,13.7,60476
2013-11-14 00:00:00,13.7,14.0,13.7,13.95,21628
2013-11-13 00:00:00,13.45,13.8,13.45,13.8,4792
2013-11-12 00:00:00,13.7,13.95,13.7,13.8,116626
2013-11-11 00:00:00,13.7,13.85,13.55,13.55,25333
2013-11-08 00:00:00,13.5,13.9,13.5,13.7,264550
2013-11-07 00:00:00,13.75,14.0,13.75,13.8,170938
2013-11-06 00:00:00,13.9,13.9,13.75,13.85,14760
2013-11-05 00:00:00,13.9,13.9,13.55,13.9,10600
2013-11-04 00:00:00,13.95,13.95,13.7,13.9,50404
2013-11-01 00:00:00,13.85,13.85,13.75,13.8,30208
2013-10-31 00:00:00,13.9,14.0,13.65,13.85,57996
2013-10-30 00:00:00,13.95,14.0,13.9,14.0,12340
2013-10-29 00:00:00,13.7,13.95,13.7,13.9,64084
2013-10-28 00:00:00,14.0,14.15,13.65,13.65,26357
2013-10-25 00:00:00,13.35,13.95,13.1,13.9,125664
2013-10-24 00:00:00,13.45,13.45,13.1,13.35,33200
2013-10-23 00:00:00,13.4,13.5,13.05,13.1,38511
2013-10-22 00:00:00,13.65,13.7,13.15,13.55,67326
2013-10-21 00:00:00,13.8,14.15,13.75,14.0,71864
2013-10-18 00:00:00,14.0,14.15,13.65,14.15,83792
2013-10-17 00:00:00,14.3,14.3,13.7,14.0,30344
2013-10-16 00:00:00,14.0,14.0,13.7,14.0,37109
2013-10-15 00:00:00,14.0,14.0,13.85,14.0,29943
2013-10-14 00:00:00,14.0,14.1,13.8,14.0,37535
2013-10-11 00:00:00,14.5,14.7,14.3,14.5,19980
2013-10-10 00:00:00,14.5,14.6,14.25,14.5,30452
2013-10-09 00:00:00,14.45,14.6,14.4,14.5,14192
2013-10-08 00:00:00,14.05,15.0,13.85,14.45,72525
2013-10-07 00:00:00,14.4,14.4,13.6,14.05,79722
2013-10-04 00:00:00,14.55,14.75,14.3,14.4,46110
2013-10-03 00:00:00,14.4,14.65,14.1,14.25,25510
2013-10-02 00:00:00,14.3,14.4,14.25,14.3,13600
2013-10-01 00:00:00,14.4,14.5,14.1,14.5,40235
2013-09-30 00:00:00,14.8,14.8,14.3,14.3,38827
2013-09-27 00:00:00,14.8,15.0,14.5,14.8,64263
2013-09-26 00:00:00,15.4,15.4,14.6,15.4,43684
2013-09-25 00:00:00,15.2,15.3,15.0,15.3,4125
2013-09-24 00:00:00,15.0,15.4,15.0,15.2,16496
2013-09-23 00:00:00,15.4,15.4,15.2,15.2,17190
2013-09-20 00:00:00,15.3,15.5,15.2,15.4,14369
2013-09-19 00:00:00,15.9,15.9,15.3,15.5,14660
2013-09-18 00:00:00,15.6,15.6,15.3,15.5,22766
2013-09-17 00:00:00,15.4,15.6,15.2,15.3,43837
2013-09-16 00:00:00,15.5,15.5,15.2,15.5,14460
2013-09-13 00:00:00,16.0,16.0,15.5,15.5,5635
2013-09-12 00:00:00,15.6,16.0,15.6,16.0,12000
2013-09-11 00:00:00,15.7,15.7,15.6,15.6,9835
2013-09-10 00:00:00,15.5,15.8,15.5,15.7,14810
2013-09-09 00:00:00,15.5,15.5,15.2,15.5,23995
2013-09-06 00:00:00,15.8,15.9,15.5,15.6,24270
2013-09-05 00:00:00,15.2,16.2,14.8,15.8,123149
2013-09-04 00:00:00,15.4,15.4,14.6,15.2,17380
2013-09-03 00:00:00,15.3,15.4,14.6,15.4,22118
2013-09-02 00:00:00,15.6,15.8,15.3,15.7,27590
2013-08-30 00:00:00,14.9,15.6,14.9,15.6,37430
2013-08-29 00:00:00,15.2,15.4,15.0,15.4,18454
2013-08-28 00:00:00,15.3,15.5,15.0,15.4,37192
2013-08-27 00:00:00,15.3,16.0,14.95,15.3,86189
2013-08-26 00:00:00,14.6,15.3,14.6,15.3,27972
2013-08-23 00:00:00,14.9,15.7,14.6,14.6,65375
2013-08-22 00:00:00,14.0,14.9,14.0,14.9,53394
2013-08-21 00:00:00,14.6,14.6,13.95,14.15,83343
2013-08-20 00:00:00,15.4,15.4,14.2,14.4,181930
2013-08-19 00:00:00,16.7,16.7,15.2,15.4,121386
2013-08-16 00:00:00,16.9,17.0,16.8,17.0,8387
2013-08-15 00:00:00,16.7,17.0,16.6,16.8,8800
2013-08-14 00:00:00,17.3,17.3,16.9,17.0,8758
2013-08-13 00:00:00,17.3,17.4,16.8,17.0,28092
2013-08-12 00:00:00,17.0,17.4,17.0,17.3,19400
2013-08-09 00:00:00,16.9,17.0,16.6,17.0,4788
2013-08-08 00:00:00,17.1,17.1,16.9,17.1,10404
2013-08-07 00:00:00,16.9,17.2,16.6,17.2,3213
2013-08-06 00:00:00,17.1,17.3,17.0,17.0,6425
2013-08-05 00:00:00,17.0,17.2,17.0,17.2,3450
2013-08-02 00:00:00,17.0,17.0,17.0,17.0,9764
2013-08-01 00:00:00,17.0,17.0,16.8,17.0,11925
2013-07-31 00:00:00,16.9,17.0,16.8,17.0,14813
2013-07-30 00:00:00,17.1,17.1,16.9,16.9,3203
2013-07-29 00:00:00,16.9,17.1,16.9,17.1,3104
2013-07-26 00:00:00,17.0,17.0,16.6,16.9,3635
2013-07-25 00:00:00,16.8,17.1,16.7,17.0,4070
2013-07-24 00:00:00,16.6,17.2,16.6,17.2,8928
2013-07-23 00:00:00,16.8,17.2,16.5,16.8,23850
2013-07-22 00:00:00,17.0,17.3,16.8,16.8,22108
2013-07-19 00:00:00,17.3,17.3,17.1,17.3,15450
2013-07-18 00:00:00,16.8,17.3,16.8,17.3,11784
2013-07-17 00:00:00,17.5,17.5,16.8,17.0,69292
2013-07-16 00:00:00,17.1,17.6,16.9,17.4,150177
2013-07-15 00:00:00,15.5,15.9,15.5,15.9,6650
2013-07-12 00:00:00,15.6,15.6,15.2,15.2,8472
2013-07-11 00:00:00,15.4,15.9,15.4,15.5,8805
2013-07-10 00:00:00,15.4,15.6,15.3,15.3,14261
2013-07-09 00:00:00,15.2,15.9,15.2,15.5,7558
2013-07-08 00:00:00,15.2,15.4,15.2,15.2,5231
2013-07-05 00:00:00,15.5,15.5,15.5,15.5,3200
2013-07-04 00:00:00,15.2,15.5,15.0,15.5,12350
2013-07-03 00:00:00,15.3,15.5,15.2,15.4,6078
2013-07-02 00:00:00,,15.7,15.7,15.7,0
2013-07-01 00:00:00,16.4,16.4,15.1,15.7,8367
2013-06-28 00:00:00,15.8,16.0,15.5,16.0,24830
2013-06-27 00:00:00,16.0,16.0,15.6,15.6,10903
2013-06-26 00:00:00,15.5,16.0,15.5,15.6,28914
2013-06-25 00:00:00,15.4,15.8,15.2,15.5,22819
2013-06-24 00:00:00,14.4,15.6,14.4,15.3,149054
2013-06-21 00:00:00,,14.65,14.65,14.65,0
2013-06-20 00:00:00,14.8,14.85,14.3,14.65,6479
2013-06-19 00:00:00,15.1,15.1,14.5,14.7,14055
2013-06-18 00:00:00,14.45,14.95,14.45,14.95,4361
2013-06-17 00:00:00,14.55,15.1,14.55,14.85,5300
2013-06-14 00:00:00,14.65,14.8,14.4,14.55,14785
2013-06-13 00:00:00,14.7,15.1,14.1,14.6,24148
2013-06-12 00:00:00,14.9,15.0,14.9,15.0,10000
2013-06-11 00:00:00,15.0,15.0,15.0,15.0,440
2013-06-10 00:00:00,14.8,15.1,14.65,15.0,6550
2013-06-07 00:00:00,15.3,15.5,14.75,14.8,4617
2013-06-06 00:00:00,,15.2,15.2,15.2,0
2013-06-05 00:00:00,15.3,15.5,14.8,15.2,6332
2013-06-04 00:00:00,15.2,15.4,15.2,15.4,2331
2013-06-03 00:00:00,14.65,15.2,14.65,15.2,13470
2013-05-31 00:00:00,14.85,15.3,14.65,15.3,48589
2013-05-30 00:00:00,14.85,14.85,14.75,14.85,17954
2013-05-29 00:00:00,15.0,15.4,14.75,14.85,18051
2013-05-28 00:00:00,15.7,16.6,15.2,15.4,6095
2013-05-27 00:00:00,15.4,15.6,15.1,15.6,12390
2013-05-24 00:00:00,15.4,15.6,15.4,15.5,3816
2013-05-23 00:00:00,15.5,15.6,15.0,15.5,14748
2013-05-22 00:00:00,15.6,16.0,15.6,16.0,12800
2013-05-21 00:00:00,15.8,15.8,15.6,15.6,8458
2013-05-20 00:00:00,15.8,16.0,15.7,16.0,12100
2013-05-17 00:00:00,16.0,16.2,15.7,16.1,5570
2013-05-16 00:00:00,15.7,16.0,15.7,16.0,8550
2013-05-15 00:00:00,16.3,16.3,15.6,16.1,44594
2013-05-14 00:00:00,15.9,16.5,15.5,16.3,26608
2013-05-13 00:00:00,15.9,16.3,15.6,16.3,14550
2013-05-10 00:00:00,16.4,16.5,15.9,16.2,18228
2013-05-09 00:00:00,,16.5,16.5,16.5,0
2013-05-08 00:00:00,16.0,16.6,16.0,16.5,10820
2013-05-07 00:00:00,16.2,16.6,16.1,16.6,14378
2013-05-06 00:00:00,16.1,16.6,16.1,16.2,19880
2013-05-03 00:00:00,16.8,16.8,16.5,16.5,6813
2013-05-02 00:00:00,16.9,17.0,16.0,16.5,21000
2013-05-01 00:00:00,,16.8,16.8,16.8,0
2013-04-30 00:00:00,16.1,16.8,16.1,16.8,2000
2013-04-29 00:00:00,16.7,16.8,16.4,16.8,18529
2013-04-26 00:00:00,16.3,16.7,16.3,16.7,23520
2013-04-25 00:00:00,15.7,16.8,15.7,16.7,7200
2013-04-24 00:00:00,16.0,16.4,15.7,16.0,9803
2013-04-23 00:00:00,15.9,16.0,15.6,16.0,50747
2013-04-22 00:00:00,16.8,16.8,16.0,16.5,17141
2013-04-19 00:00:00,16.6,16.6,16.3,16.6,7760
2013-04-18 00:00:00,17.0,17.0,16.3,16.6,14441
2013-04-17 00:00:00,16.6,16.8,16.4,16.8,14357
2013-04-16 00:00:00,16.9,16.9,16.0,16.6,29956
2013-04-15 00:00:00,17.5,17.5,17.0,17.1,35894
2013-04-12 00:00:00,17.4,17.7,17.4,17.6,10349
2013-04-11 00:00:00,17.5,17.6,17.2,17.5,13446
2013-04-10 00:00:00,17.2,17.6,17.2,17.5,24499
2013-04-09 00:00:00,17.1,17.4,17.1,17.1,17255
2013-04-08 00:00:00,17.0,17.4,17.0,17.2,36776
2013-04-05 00:00:00,17.4,17.5,17.2,17.3,35054
2013-04-04 00:00:00,17.8,17.8,17.1,17.4,36924
2013-04-03 00:00:00,17.6,17.8,17.0,17.2,84868
2013-04-02 00:00:00,17.0,17.8,16.6,17.4,203649
2013-04-01 00:00:00,,15.6,15.6,15.6,0
2013-03-29 00:00:00,15.6,15.6,15.6,15.6,5460
2013-03-28 00:00:00,15.6,15.6,15.2,15.6,5460
2013-03-27 00:00:00,15.6,15.6,15.2,15.6,5460
2013-03-26 00:00:00,15.0,15.5,15.0,15.1,16012
2013-03-25 00:00:00,15.3,15.9,14.85,15.3,7991
2013-03-22 00:00:00,14.65,15.3,14.65,15.3,20576
2013-03-21 00:00:00,15.3,15.6,14.9,15.3,39875
2013-03-20 00:00:00,15.8,15.8,15.2,15.3,33550
2013-03-19 00:00:00,15.8,15.8,15.5,15.8,20650
2013-03-18 00:00:00,15.9,16.1,15.5,15.9,67108
2013-03-15 00:00:00,15.9,16.2,15.9,16.0,63700
2013-03-14 00:00:00,15.2,16.1,15.2,15.7,159808
2013-03-13 00:00:00,15.4,15.4,14.9,15.1,43065
2013-03-12 00:00:00,14.95,15.2,14.8,14.9,104763
2013-03-11 00:00:00,13.75,15.2,13.75,14.9,64894
2013-03-08 00:00:00,13.9,13.9,13.8,13.85,11000
2013-03-07 00:00:00,13.8,13.9,13.8,13.9,9716
2013-03-06 00:00:00,13.95,13.95,13.7,13.85,21450
2013-03-05 00:00:00,13.8,13.95,13.7,13.85,29578
2013-03-04 00:00:00,13.85,13.85,13.75,13.75,5210
2013-03-01 00:00:00,13.95,13.95,13.9,13.95,3907
2013-02-28 00:00:00,13.95,14.1,13.75,14.1,15240
2013-02-27 00:00:00,13.8,13.9,13.75,13.9,13006
2013-02-26 00:00:00,13.85,14.0,13.75,13.9,24324
2013-02-25 00:00:00,14.0,14.0,13.75,14.0,14680
2013-02-22 00:00:00,13.8,14.1,13.8,13.85,12360
2013-02-21 00:00:00,14.1,14.1,13.75,13.95,4385
2013-02-20 00:00:00,14.1,14.1,13.9,14.05,19470
2013-02-19 00:00:00,14.0,14.05,13.85,14.05,4507
2013-02-18 00:00:00,13.85,14.0,13.75,14.0,13530
2013-02-15 00:00:00,13.85,13.85,13.8,13.8,9345
2013-02-14 00:00:00,14.0,14.0,13.8,13.9,23970
2013-02-13 00:00:00,13.9,14.0,13.85,14.0,28080
2013-02-12 00:00:00,13.85,14.0,13.8,14.0,9319
2013-02-11 00:00:00,14.1,14.15,13.9,13.9,36133
2013-02-08 00:00:00,14.0,14.0,13.9,14.0,20650
2013-02-07 00:00:00,14.1,14.4,13.7,13.9,43116
2013-02-06 00:00:00,14.35,14.35,13.9,14.0,27860
2013-02-05 00:00:00,14.15,14.4,14.1,14.35,18025
2013-02-04 00:00:00,14.2,14.25,13.9,14.1,82865
2013-02-01 00:00:00,13.45,14.3,13.3,14.05,492690
2013-01-31 00:00:00,12.85,12.85,12.1,12.15,50546
2013-01-30 00:00:00,12.6,12.7,12.4,12.5,26930
2013-01-29 00:00:00,12.75,12.75,12.4,12.6,11124
2013-01-28 00:00:00,12.85,12.85,12.35,12.55,34543
2013-01-25 00:00:00,12.7,13.0,12.6,12.75,14315
2013-01-24 00:00:00,13.0,13.0,12.7,12.95,2550
2013-01-23 00:00:00,12.9,13.0,12.7,12.95,31837
2013-01-22 00:00:00,12.9,12.95,12.6,12.6,10044
2013-01-21 00:00:00,12.5,12.9,12.45,12.8,33370
2013-01-18 00:00:00,12.5,13.0,12.5,12.5,48747
2013-01-17 00:00:00,12.5,12.75,12.5,12.6,7725
2013-01-16 00:00:00,12.85,12.95,12.65,12.65,14045
2013-01-15 00:00:00,12.9,13.35,12.6,12.85,23782
2013-01-14 00:00:00,13.0,13.1,12.75,12.75,5400
2013-01-11 00:00:00,13.25,13.25,12.75,13.0,1287
2013-01-10 00:00:00,12.95,13.35,12.5,13.25,7328
2013-01-09 00:00:00,13.0,13.0,12.7,12.95,17000
2013-01-08 00:00:00,13.0,13.2,12.7,13.2,2000
2013-01-07 00:00:00,13.4,13.4,12.3,13.2,9529
2013-01-04 00:00:00,12.5,13.55,12.5,13.55,30341
2013-01-03 00:00:00,12.55,12.9,12.2,12.8,11956
2013-01-02 00:00:00,12.5,12.9,12.5,12.8,20386
2013-01-01 00:00:00,,12.4,12.4,12.4,0
2012-12-31 00:00:00,,12.4,12.4,12.4,0
2012-12-28 00:00:00,12.0,12.5,12.0,12.4,10314
2012-12-27 00:00:00,12.5,12.5,11.8,12.1,19707
2012-12-26 00:00:00,,12.5,12.5,12.5,0
2012-12-25 00:00:00,,12.5,12.5,12.5,0
2012-12-24 00:00:00,,12.5,12.5,12.5,0
2012-12-21 00:00:00,12.0,12.5,11.65,12.5,19960
2012-12-20 00:00:00,12.35,12.35,12.0,12.25,51732
2012-12-19 00:00:00,11.8,12.4,11.65,12.4,36061
2012-12-18 00:00:00,12.0,12.0,11.65,12.0,8475
2012-12-17 00:00:00,11.8,12.35,11.8,12.25,32144
2012-12-14 00:00:00,12.05,12.25,11.8,12.0,6998
2012-12-13 00:00:00,12.2,12.4,12.0,12.25,32131
2012-12-12 00:00:00,12.0,12.45,12.0,12.2,21455
2012-12-11 00:00:00,11.7,12.0,11.7,12.0,20806
2012-12-10 00:00:00,11.75,12.0,11.6,11.7,16524
2012-12-07 00:00:00,11.75,11.95,11.7,11.75,49716
2012-12-06 00:00:00,11.45,11.9,11.25,11.75,134739
2012-12-05 00:00:00,11.55,11.7,11.15,11.2,300922
2012-12-04 00:00:00,11.0,11.25,10.85,11.25,12245
2012-12-03 00:00:00,11.25,11.25,10.65,11.0,5503
2012-11-30 00:00:00,11.35,11.55,11.0,11.3,8065
2012-11-29 00:00:00,11.0,11.45,10.8,11.35,25225
2012-11-28 00:00:00,11.0,11.0,10.8,11.0,54411
2012-11-27 00:00:00,11.0,11.25,10.7,11.1,57384
2012-11-26 00:00:00,11.15,11.35,11.0,11.1,13133
2012-11-23 00:00:00,11.1,11.6,11.0,11.5,8615
2012-11-22 00:00:00,11.5,11.5,11.4,11.4,1000
2012-11-21 00:00:00,11.8,11.8,11.2,11.8,5207
2012-11-20 00:00:00,,12.1,12.1,12.1,0
2012-11-19 00:00:00,11.05,12.1,11.0,12.1,6970
2012-11-16 00:00:00,12.25,12.25,11.0,11.55,29909
2012-11-15 00:00:00,11.85,11.85,11.65,11.85,3460
2012-11-14 00:00:00,12.35,12.35,11.7,12.25,5185
2012-11-13 00:00:00,12.9,12.9,11.65,12.0,12995
2012-11-12 00:00:00,12.0,12.5,12.0,12.45,14048
2012-11-09 00:00:00,12.5,12.8,12.05,12.6,5387
2012-11-08 00:00:00,12.8,12.8,12.4,12.8,2390
2012-11-07 00:00:00,12.8,12.8,12.5,12.8,13985
2012-11-06 00:00:00,12.7,13.15,12.5,12.9,7506
2012-11-05 00:00:00,12.8,12.8,12.5,12.7,4700
2012-11-02 00:00:00,,13.15,13.15,13.15,0
2012-11-01 00:00:00,,13.15,13.15,13.15,0
2012-10-31 00:00:00,13.2,13.2,12.5,13.15,8650
2012-10-30 00:00:00,13.0,13.2,12.8,13.2,15400
2012-10-29 00:00:00,12.6,13.2,12.6,12.95,8424
2012-10-26 00:00:00,13.0,13.2,12.75,13.0,2228
2012-10-25 00:00:00,13.0,13.0,12.8,13.0,4175
2012-10-24 00:00:00,13.0,13.4,12.8,13.0,10425
2012-10-23 00:00:00,13.5,13.5,12.8,13.15,7258
2012-10-22 00:00:00,13.05,13.5,12.9,13.4,1470
2012-10-19 00:00:00,13.35,13.55,12.5,13.35,51505
2012-10-18 00:00:00,14.4,14.4,14.1,14.2,1240
2012-10-17 00:00:00,14.15,14.5,14.0,14.4,14020
2012-10-16 00:00:00,14.2,14.2,14.0,14.0,350
2012-10-15 00:00:00,13.95,14.2,13.95,14.2,6580
2012-10-12 00:00:00,14.0,14.0,13.5,14.0,2890
2012-10-11 00:00:00,13.85,13.95,13.5,13.95,1745
2012-10-10 00:00:00,13.85,14.4,13.8,14.4,3050
2012-10-09 00:00:00,14.45,14.45,13.8,14.4,7100
2012-10-08 00:00:00,14.4,14.5,13.8,14.5,3700
2012-10-05 00:00:00,13.9,14.4,13.7,14.4,28278
2012-10-04 00:00:00,13.6,13.95,13.5,13.95,3476
2012-10-03 00:00:00,13.9,13.9,13.5,13.6,2655
2012-10-02 00:00:00,13.55,13.6,13.3,13.3,7250
2012-10-01 00:00:00,13.6,13.7,13.25,13.65,7895
2012-09-28 00:00:00,14.0,14.0,13.7,14.0,1570
2012-09-27 00:00:00,14.05,14.15,13.7,13.9,7961
2012-09-26 00:00:00,14.05,14.1,13.5,14.05,786
2012-09-25 00:00:00,13.9,14.1,13.7,14.1,2586
2012-09-24 00:00:00,14.0,14.1,13.6,14.1,8350
2012-09-21 00:00:00,14.0,14.1,13.9,14.0,17763
2012-09-20 00:00:00,14.25,14.25,14.0,14.1,2267
2012-09-19 00:00:00,14.0,14.3,14.0,14.25,11037
2012-09-18 00:00:00,14.0,14.2,13.9,14.0,3985
2012-09-17 00:00:00,14.2,14.2,13.95,14.0,7345
2012-09-14 00:00:00,14.0,14.2,13.8,14.2,69725
2012-09-13 00:00:00,13.8,13.95,13.8,13.95,2552
2012-09-12 00:00:00,13.8,13.95,13.7,13.95,3980
2012-09-11 00:00:00,13.5,14.0,13.5,13.95,4972
2012-09-10 00:00:00,13.5,13.8,13.5,13.8,4165
