Dates,Open,High,Low,Close,Volume
2017-09-08 00:00:00,44.9,45.5,44.9,45.5,5104
2017-09-07 00:00:00,45.2,45.5,44.9,45.1,8790
2017-09-06 00:00:00,45.5,45.5,44.9,45.0,13541
2017-09-04 00:00:00,45.0,45.0,43.8,43.8,844449
2017-09-01 00:00:00,45.7,45.7,44.1,45.0,58512
2017-08-31 00:00:00,44.0,45.9,43.8,45.7,39321
2017-08-30 00:00:00,45.3,45.6,44.2,45.5,41405
2017-08-29 00:00:00,45.5,45.6,44.4,45.2,35963
2017-08-28 00:00:00,45.6,45.6,45.4,45.5,28310
2017-08-25 00:00:00,45.5,46.8,45.4,45.6,29283
2017-08-24 00:00:00,45.5,46.0,45.4,45.5,21057
2017-08-23 00:00:00,45.5,46.6,45.4,45.6,32930
2017-08-22 00:00:00,46.0,46.7,45.4,45.7,9954
2017-08-21 00:00:00,46.0,46.2,45.6,46.0,15515
2017-08-18 00:00:00,46.2,46.5,45.4,46.2,33375
2017-08-17 00:00:00,45.3,46.9,45.3,46.7,15416
2017-08-16 00:00:00,45.8,46.4,44.5,45.7,191008
2017-08-15 00:00:00,46.5,46.5,45.1,45.9,21983
2017-08-14 00:00:00,47.0,47.0,45.8,46.5,116514
2017-08-11 00:00:00,47.6,47.6,46.5,46.6,26518
2017-08-10 00:00:00,48.4,48.4,47.2,47.9,51749
2017-08-09 00:00:00,49.4,49.5,48.0,48.4,27430
2017-08-08 00:00:00,49.4,49.5,49.2,49.4,86861
2017-08-07 00:00:00,49.2,49.5,48.2,49.2,124503
2017-08-04 00:00:00,49.4,49.4,48.5,49.2,11735
2017-08-03 00:00:00,49.0,49.5,48.9,49.4,9684
2017-08-02 00:00:00,48.8,49.5,47.9,48.9,18487
2017-08-01 00:00:00,47.8,48.8,47.8,48.8,8361
2017-07-31 00:00:00,49.6,49.6,47.8,47.8,30330
2017-07-28 00:00:00,48.2,49.0,48.1,48.2,21447
2017-07-27 00:00:00,49.4,49.4,48.0,48.2,44601
2017-07-26 00:00:00,48.1,48.8,48.1,48.5,6981
2017-07-25 00:00:00,48.1,50.5,48.1,48.5,7081
2017-07-24 00:00:00,48.4,48.8,47.5,48.1,37303
2017-07-21 00:00:00,49.0,50.0,46.7,48.4,159137
2017-07-20 00:00:00,48.7,50.25,48.6,49.8,6781
2017-07-19 00:00:00,50.75,50.75,47.0,48.7,200269
2017-07-18 00:00:00,52.25,53.0,50.5,50.75,15204
2017-07-17 00:00:00,52.75,52.75,51.5,52.25,14271
2017-07-14 00:00:00,52.25,52.75,52.0,52.0,88578
2017-07-13 00:00:00,53.0,53.0,52.0,52.25,22596
2017-07-12 00:00:00,53.5,53.5,52.0,52.5,5239
2017-07-11 00:00:00,53.25,53.5,52.0,53.5,104087
2017-07-10 00:00:00,53.0,54.0,53.0,53.0,1502
2017-07-07 00:00:00,52.75,53.75,52.25,53.25,4141
2017-07-06 00:00:00,53.0,53.0,52.0,53.0,1536
2017-07-05 00:00:00,53.25,53.25,52.0,52.5,4549
2017-07-04 00:00:00,53.75,53.75,52.75,53.25,4723
2017-07-03 00:00:00,54.0,54.0,52.5,52.75,274648
2017-06-30 00:00:00,52.0,53.75,52.0,52.0,29864
2017-06-29 00:00:00,52.5,52.75,52.0,52.5,17739
2017-06-28 00:00:00,53.0,53.5,52.0,52.5,47718
2017-06-27 00:00:00,52.5,52.75,52.0,52.75,8218
2017-06-26 00:00:00,53.0,53.0,52.5,52.75,8299
2017-06-23 00:00:00,,53.0,53.0,53.0,0
2017-06-22 00:00:00,54.0,54.0,52.5,53.0,8709
2017-06-21 00:00:00,53.5,54.0,52.0,53.0,15757
2017-06-20 00:00:00,53.25,54.25,52.75,53.5,22193
2017-06-19 00:00:00,53.0,54.25,52.25,54.25,20871
2017-06-16 00:00:00,53.5,53.5,52.0,53.0,2454
2017-06-15 00:00:00,52.5,53.0,52.0,52.0,26075
2017-06-14 00:00:00,53.0,53.75,52.25,53.25,26468
2017-06-13 00:00:00,53.0,53.5,52.5,52.5,30853
2017-06-12 00:00:00,53.0,53.5,52.0,53.0,8157
2017-06-09 00:00:00,53.5,53.75,52.0,53.0,13488
2017-06-08 00:00:00,52.5,53.75,52.0,53.5,28594
2017-06-07 00:00:00,53.5,54.0,52.25,52.75,4116
2017-06-06 00:00:00,,53.5,53.5,53.5,0
2017-06-05 00:00:00,53.5,54.0,53.5,53.5,9738
2017-06-02 00:00:00,52.0,54.0,52.0,54.0,19237
2017-06-01 00:00:00,53.0,53.25,52.5,53.25,4241
2017-05-31 00:00:00,53.25,54.5,53.0,53.0,13151
2017-05-30 00:00:00,53.75,53.75,52.75,52.75,6776
2017-05-29 00:00:00,54.0,54.25,53.5,54.25,13712
2017-05-26 00:00:00,53.5,54.0,52.5,54.0,20255
2017-05-24 00:00:00,54.0,54.0,52.75,53.25,2872
2017-05-23 00:00:00,52.25,53.75,52.25,52.75,10508
2017-05-22 00:00:00,53.25,55.0,51.75,51.75,19120
2017-05-19 00:00:00,54.25,55.75,53.0,53.25,7253
2017-05-18 00:00:00,55.5,55.75,53.0,54.25,17594
2017-05-17 00:00:00,55.0,56.5,53.5,55.0,46706
2017-05-16 00:00:00,57.0,58.25,55.0,55.0,45186
2017-05-15 00:00:00,53.5,58.0,53.5,57.0,96005
2017-05-12 00:00:00,52.75,53.25,53.25,53.25,31446
2017-05-11 00:00:00,52.25,52.75,52.0,52.75,29318
2017-05-10 00:00:00,52.0,52.0,51.5,51.5,56606
2017-05-09 00:00:00,52.0,52.5,51.5,52.0,49300
2017-05-08 00:00:00,52.0,52.0,50.75,52.0,17317
2017-05-05 00:00:00,52.0,52.0,51.0,51.75,8204
2017-05-04 00:00:00,50.75,52.0,50.75,51.25,13781
2017-05-03 00:00:00,52.0,53.0,51.5,51.75,10206
2017-05-02 00:00:00,50.5,51.75,50.0,51.5,13271
2017-05-01 00:00:00,,50.5,50.5,50.5,0
2017-04-28 00:00:00,51.75,51.75,49.7,50.5,26847
2017-04-27 00:00:00,52.0,52.0,49.5,50.5,30860
2017-04-26 00:00:00,53.5,53.5,50.5,52.0,53300
2017-04-25 00:00:00,51.75,52.25,50.25,52.25,12806
2017-04-24 00:00:00,53.0,53.0,51.25,51.25,13145
2017-04-21 00:00:00,51.5,52.0,51.0,51.0,34653
2017-04-20 00:00:00,52.5,52.5,51.0,51.25,9478
2017-04-19 00:00:00,50.75,51.75,49.3,50.75,13260
2017-04-18 00:00:00,53.0,53.0,50.25,51.0,15566
2017-04-13 00:00:00,52.5,52.5,52.25,52.5,800
2017-04-12 00:00:00,52.5,52.75,52.0,52.25,5838
2017-04-11 00:00:00,52.5,52.75,51.0,52.0,7732
2017-04-10 00:00:00,52.75,53.0,52.25,52.5,11890
2017-04-07 00:00:00,52.0,53.0,52.0,53.0,23970
2017-04-06 00:00:00,51.75,52.0,51.0,52.0,9569
2017-04-05 00:00:00,51.75,53.0,51.5,52.0,50865
2017-04-04 00:00:00,50.0,51.5,49.3,51.5,29183
2017-04-03 00:00:00,49.8,51.0,48.6,50.0,19979
2017-03-31 00:00:00,48.4,50.25,48.4,49.8,20557
2017-03-30 00:00:00,49.5,49.5,47.6,48.8,73558
2017-03-29 00:00:00,48.5,49.3,48.1,48.6,12200
2017-03-28 00:00:00,48.0,48.7,48.0,48.5,14833
2017-03-27 00:00:00,48.6,49.3,47.4,48.4,30631
2017-03-24 00:00:00,49.3,49.9,48.5,48.5,18178
2017-03-23 00:00:00,48.8,50.0,48.5,49.3,11078
2017-03-22 00:00:00,48.0,49.1,47.6,48.9,36837
2017-03-21 00:00:00,49.9,49.9,48.5,48.5,35912
2017-03-20 00:00:00,48.9,50.0,48.5,50.0,19355
2017-03-17 00:00:00,48.5,48.6,47.5,48.6,61356
2017-03-16 00:00:00,47.5,48.9,47.5,48.7,101521
2017-03-15 00:00:00,47.8,48.0,47.5,47.5,17873
2017-03-14 00:00:00,49.0,49.0,47.5,47.6,50408
2017-03-13 00:00:00,50.0,50.0,48.5,49.1,42189
2017-03-10 00:00:00,51.0,50.0,50.0,50.0,23059
2017-03-09 00:00:00,49.5,50.5,49.0,50.0,21456
2017-03-08 00:00:00,49.1,51.0,48.6,50.0,74164
2017-03-07 00:00:00,51.25,51.25,48.5,49.1,67160
2017-03-06 00:00:00,51.0,51.5,50.5,51.0,35245
2017-03-03 00:00:00,51.25,51.0,51.0,51.0,15356
2017-03-02 00:00:00,52.0,52.0,50.25,51.25,32143
2017-03-01 00:00:00,51.0,52.0,50.5,51.5,38450
2017-02-28 00:00:00,51.0,51.0,50.25,51.0,16849
2017-02-27 00:00:00,51.5,51.75,50.25,51.0,52832
2017-02-24 00:00:00,51.0,51.5,50.5,51.0,43124
2017-02-23 00:00:00,50.75,51.25,50.5,51.0,31562
2017-02-22 00:00:00,51.0,51.0,50.5,50.75,21712
2017-02-21 00:00:00,50.5,51.5,49.3,50.5,20814
2017-02-20 00:00:00,50.5,52.0,50.25,50.5,20719
2017-02-17 00:00:00,50.75,51.0,50.25,50.5,50766
2017-02-16 00:00:00,50.75,51.0,50.0,50.5,158673
2017-02-15 00:00:00,51.0,51.0,49.4,49.9,22038
2017-02-14 00:00:00,49.4,51.0,49.4,51.0,25213
2017-02-13 00:00:00,49.0,51.0,48.2,50.25,52820
2017-02-10 00:00:00,49.3,49.9,49.0,49.9,37474
2017-02-09 00:00:00,47.4,49.6,47.4,48.9,82447
2017-02-08 00:00:00,49.8,49.8,45.3,47.1,93368
2017-02-07 00:00:00,49.0,49.0,47.5,48.0,19197
2017-02-06 00:00:00,48.3,49.4,48.1,48.9,19873
2017-02-03 00:00:00,48.6,49.5,48.1,48.3,8732
2017-02-02 00:00:00,50.0,50.0,48.5,48.6,14390
2017-02-01 00:00:00,49.2,50.0,48.6,49.9,28495
2017-01-31 00:00:00,48.8,49.5,47.9,49.2,43841
2017-01-30 00:00:00,48.4,48.9,47.7,48.8,26277
2017-01-27 00:00:00,48.0,48.6,47.8,48.6,35978
2017-01-26 00:00:00,48.4,48.4,47.7,48.0,114075
2017-01-25 00:00:00,48.0,48.0,47.3,47.9,14546
2017-01-24 00:00:00,47.7,48.0,46.8,47.3,32798
2017-01-23 00:00:00,47.3,48.0,47.2,47.7,23999
2017-01-20 00:00:00,47.3,48.0,47.0,47.3,66192
2017-01-19 00:00:00,45.0,47.6,44.6,47.3,63209
2017-01-18 00:00:00,44.2,44.8,43.5,44.8,41122
2017-01-17 00:00:00,43.1,43.8,42.8,43.8,4908
2017-01-16 00:00:00,43.5,44.5,42.7,43.1,24008
2017-01-13 00:00:00,43.0,44.4,42.9,43.5,10369
2017-01-12 00:00:00,43.0,43.3,42.7,42.7,10850
2017-01-11 00:00:00,44.2,44.5,42.7,43.3,21845
2017-01-10 00:00:00,43.0,43.9,42.5,43.8,23938
2017-01-09 00:00:00,44.0,44.5,42.4,43.0,19275
2017-01-06 00:00:00,,43.9,43.9,43.9,0
2017-01-05 00:00:00,43.5,44.0,43.2,43.9,4054
2017-01-04 00:00:00,44.4,44.4,43.3,43.4,15921
2017-01-03 00:00:00,44.5,44.5,44.1,44.4,6896
2017-01-02 00:00:00,44.0,44.5,44.0,44.2,11667
2016-12-30 00:00:00,43.5,44.5,43.0,44.0,10008
2016-12-29 00:00:00,43.3,43.8,42.9,43.6,36886
2016-12-28 00:00:00,43.5,43.5,43.2,43.3,9697
2016-12-27 00:00:00,43.0,43.5,42.7,42.8,11623
2016-12-23 00:00:00,42.3,43.2,42.0,42.6,15787
2016-12-22 00:00:00,42.3,42.3,41.9,42.0,7282
2016-12-21 00:00:00,42.1,42.3,42.0,42.2,5969
2016-12-20 00:00:00,42.5,42.6,41.8,42.1,12163
2016-12-19 00:00:00,44.8,44.8,42.5,42.5,16584
2016-12-16 00:00:00,43.5,43.9,43.0,43.1,24321
2016-12-15 00:00:00,42.5,43.5,41.0,43.0,64885
2016-12-14 00:00:00,41.7,43.0,41.3,42.0,153826
2016-12-13 00:00:00,38.3,39.5,37.9,39.5,40251
2016-12-12 00:00:00,38.0,38.3,37.4,38.3,44604
2016-12-09 00:00:00,38.9,39.4,38.4,38.4,29681
2016-12-08 00:00:00,38.7,38.9,38.3,38.9,7685
2016-12-07 00:00:00,39.2,39.2,37.5,38.7,14806
2016-12-06 00:00:00,39.0,39.6,38.4,38.9,146191
2016-12-05 00:00:00,39.0,39.1,38.9,38.9,13392
2016-12-02 00:00:00,39.2,39.3,39.0,39.0,8515
2016-12-01 00:00:00,39.0,39.5,39.0,39.0,10467
2016-11-30 00:00:00,39.1,39.8,39.0,39.0,50036
2016-11-29 00:00:00,39.2,39.2,39.0,39.0,28993
2016-11-28 00:00:00,38.9,39.4,38.8,39.0,10490
2016-11-25 00:00:00,39.0,40.4,39.0,39.1,53233
2016-11-24 00:00:00,40.5,40.5,39.0,39.0,36960
2016-11-23 00:00:00,41.0,41.0,40.2,40.2,6034
2016-11-22 00:00:00,40.0,41.7,39.3,40.0,12721
2016-11-21 00:00:00,40.5,40.9,39.2,40.9,5954
2016-11-18 00:00:00,39.5,40.5,39.5,40.5,11125
2016-11-17 00:00:00,39.2,40.0,39.2,39.5,11527
2016-11-16 00:00:00,39.0,40.0,39.0,39.5,13705
2016-11-15 00:00:00,40.4,40.4,38.6,39.2,17077
2016-11-14 00:00:00,39.2,40.5,39.2,40.0,10769
2016-11-11 00:00:00,40.0,40.0,39.2,39.2,22238
2016-11-10 00:00:00,40.6,41.4,39.0,39.1,40626
2016-11-09 00:00:00,40.0,41.0,37.0,40.8,101216
2016-11-08 00:00:00,41.0,41.3,40.5,41.0,30342
2016-11-07 00:00:00,41.0,41.5,40.5,41.1,36218
2016-11-04 00:00:00,40.0,41.0,41.0,41.0,6381
2016-11-03 00:00:00,39.0,41.0,37.7,40.9,119011
2016-11-02 00:00:00,40.5,40.8,39.1,39.8,267044
2016-11-01 00:00:00,41.1,41.3,40.8,41.1,40327
2016-10-31 00:00:00,43.4,43.6,41.0,41.1,77648
2016-10-28 00:00:00,43.5,43.7,42.6,43.4,11194
2016-10-27 00:00:00,44.0,44.0,43.2,43.5,16615
2016-10-26 00:00:00,44.7,44.9,43.1,43.8,13621
2016-10-25 00:00:00,43.0,44.7,42.1,44.7,57369
2016-10-24 00:00:00,45.3,45.5,42.0,43.0,53218
2016-10-21 00:00:00,45.1,45.3,41.7,45.0,156087
2016-10-20 00:00:00,47.3,47.5,45.5,46.1,48523
2016-10-19 00:00:00,46.5,47.0,46.1,46.6,20831
2016-10-18 00:00:00,46.0,47.0,46.0,46.2,116140
2016-10-17 00:00:00,46.8,47.3,45.4,46.0,29611
2016-10-14 00:00:00,48.5,49.4,45.1,47.0,105602
2016-10-13 00:00:00,52.0,52.0,48.2,48.2,66424
2016-10-12 00:00:00,49.0,52.0,48.8,50.75,83395
2016-10-11 00:00:00,47.0,49.5,46.7,49.0,67304
2016-10-10 00:00:00,44.7,49.0,44.7,47.0,31399
2016-10-07 00:00:00,44.6,45.5,43.6,45.4,29190
2016-10-06 00:00:00,44.8,45.0,44.6,44.6,16343
2016-10-05 00:00:00,46.0,46.0,44.2,44.8,45882
2016-10-04 00:00:00,43.0,46.1,42.9,45.0,53183
2016-10-03 00:00:00,40.8,42.9,40.8,42.9,60348
2016-09-30 00:00:00,42.5,42.8,40.7,42.5,58393
2016-09-29 00:00:00,41.1,43.9,41.0,42.8,25475
2016-09-28 00:00:00,40.2,41.0,39.5,41.0,29374
2016-09-27 00:00:00,40.5,40.5,39.3,40.0,14743
2016-09-26 00:00:00,40.3,40.5,39.6,40.0,27008
2016-09-23 00:00:00,39.5,41.0,39.5,40.3,27343
2016-09-22 00:00:00,39.0,39.8,39.0,39.5,5841
2016-09-21 00:00:00,41.1,41.1,38.4,38.7,21644
2016-09-20 00:00:00,40.2,40.8,38.0,39.2,14124
2016-09-19 00:00:00,42.0,42.0,39.8,39.8,21664
2016-09-16 00:00:00,40.4,42.3,40.4,41.1,58711
2016-09-15 00:00:00,42.6,42.6,40.3,40.3,37104
2016-09-14 00:00:00,47.5,48.5,47.5,47.9,93725
2016-09-13 00:00:00,46.5,47.2,46.5,46.9,200104
2016-09-12 00:00:00,47.0,47.0,45.0,46.0,26669
2016-09-09 00:00:00,47.0,47.4,46.9,47.4,12206
2016-09-08 00:00:00,47.2,47.2,46.8,47.2,11080
2016-09-07 00:00:00,47.5,47.5,46.5,46.8,9677
2016-09-06 00:00:00,46.4,47.3,46.1,46.7,104845
2016-09-05 00:00:00,47.0,47.5,46.1,47.5,6830
2016-09-02 00:00:00,45.2,47.0,44.8,47.0,62903
2016-09-01 00:00:00,46.0,46.5,45.5,45.6,5520
2016-08-31 00:00:00,47.0,47.0,45.6,45.6,35945
2016-08-30 00:00:00,46.0,47.6,46.0,47.1,40743
2016-08-29 00:00:00,46.0,46.5,45.5,45.5,1120226
2016-08-26 00:00:00,46.0,46.5,46.0,46.2,46027
2016-08-25 00:00:00,45.9,46.7,45.3,45.8,9930
2016-08-24 00:00:00,45.7,46.4,45.7,46.0,4319
2016-08-23 00:00:00,45.3,46.5,45.0,46.3,14761
2016-08-22 00:00:00,44.2,47.0,44.0,45.4,631659
2016-08-19 00:00:00,44.3,44.6,44.1,44.2,6683
2016-08-18 00:00:00,44.5,45.0,44.1,44.1,4102
2016-08-17 00:00:00,45.0,45.0,44.2,44.2,11759
2016-08-16 00:00:00,46.0,46.0,44.7,45.0,6764
2016-08-15 00:00:00,45.0,45.1,44.5,44.5,21723
2016-08-12 00:00:00,45.0,45.0,44.5,45.0,10793
2016-08-11 00:00:00,45.0,45.0,44.7,44.8,4541
2016-08-10 00:00:00,45.0,45.0,44.7,45.0,10370
2016-08-09 00:00:00,45.0,45.5,44.7,45.0,30115
2016-08-08 00:00:00,45.0,45.5,44.5,45.5,39218
2016-08-05 00:00:00,44.4,45.5,44.4,45.0,84059
2016-08-04 00:00:00,44.2,45.0,44.0,44.4,23941
2016-08-03 00:00:00,44.4,44.4,43.9,44.2,31597
2016-08-02 00:00:00,43.2,44.5,43.0,44.0,17763
2016-08-01 00:00:00,44.0,44.5,43.0,43.2,12471
2016-07-29 00:00:00,45.0,45.0,43.5,44.0,72448
2016-07-28 00:00:00,44.7,44.8,43.7,44.8,20014
2016-07-27 00:00:00,43.0,44.0,43.0,44.0,16334
2016-07-26 00:00:00,43.5,43.5,42.7,42.9,20183
2016-07-25 00:00:00,43.0,43.0,41.9,43.0,19025
2016-07-22 00:00:00,41.9,42.0,41.5,41.9,10588
2016-07-21 00:00:00,42.2,42.2,41.3,41.9,23749
2016-07-20 00:00:00,42.5,42.5,41.3,42.3,29933
2016-07-19 00:00:00,39.5,45.9,39.5,41.8,63078
2016-07-18 00:00:00,39.1,40.0,38.0,39.6,15376
2016-07-15 00:00:00,39.0,39.5,37.4,39.5,44471
2016-07-14 00:00:00,38.2,39.8,37.8,39.6,47795
2016-07-13 00:00:00,37.8,38.4,37.6,38.1,19833
2016-07-12 00:00:00,37.0,38.1,37.0,37.9,36690
2016-07-11 00:00:00,37.5,37.5,36.6,37.3,12094
2016-07-08 00:00:00,36.7,36.9,36.6,36.9,12088
2016-07-07 00:00:00,36.9,36.9,36.5,36.7,24385
2016-07-06 00:00:00,37.1,37.1,35.8,35.8,32443
2016-07-05 00:00:00,36.9,38.8,36.1,36.4,85856
2016-07-04 00:00:00,34.6,35.0,33.7,34.1,6972
2016-07-01 00:00:00,34.4,35.5,34.4,34.5,16124
2016-06-30 00:00:00,34.6,35.0,34.2,34.4,9926
2016-06-29 00:00:00,35.4,35.4,34.0,34.2,27540
2016-06-28 00:00:00,34.1,36.0,34.1,35.4,7269
2016-06-27 00:00:00,34.0,34.9,33.5,34.0,22406
2016-06-24 00:00:00,,35.8,35.8,35.8,0
2016-06-23 00:00:00,34.7,35.8,34.7,35.8,9284
2016-06-22 00:00:00,35.0,35.0,32.0,34.5,15849
2016-06-21 00:00:00,35.0,35.5,34.7,34.8,6029
2016-06-20 00:00:00,34.7,35.6,34.6,35.0,16913
2016-06-17 00:00:00,35.0,35.1,34.6,34.7,20416
2016-06-16 00:00:00,35.2,35.6,35.0,35.0,10250
2016-06-15 00:00:00,35.2,35.5,35.2,35.3,4794
2016-06-14 00:00:00,36.6,36.6,35.2,35.3,2336
2016-06-13 00:00:00,34.6,35.7,34.5,35.6,17523
2016-06-10 00:00:00,36.6,37.0,35.5,35.6,21594
2016-06-09 00:00:00,37.0,38.0,36.4,36.4,13945
2016-06-08 00:00:00,37.2,37.2,36.6,37.0,28347
2016-06-07 00:00:00,37.5,37.7,37.1,37.1,9543
2016-06-06 00:00:00,,37.5,37.5,37.5,0
2016-06-03 00:00:00,37.2,37.9,37.2,37.5,11301
2016-06-02 00:00:00,36.8,38.4,36.8,38.0,12586
2016-06-01 00:00:00,37.4,37.4,36.8,36.9,12477
2016-05-31 00:00:00,36.7,37.4,36.7,36.8,3155
2016-05-30 00:00:00,36.9,37.5,36.7,36.8,9897
2016-05-27 00:00:00,36.6,37.0,36.3,36.9,44278
2016-05-26 00:00:00,36.5,37.0,36.5,36.9,4952
2016-05-25 00:00:00,36.9,36.9,36.3,36.5,9873
2016-05-24 00:00:00,37.0,37.1,36.0,36.9,29093
2016-05-23 00:00:00,36.0,36.4,36.0,36.3,8564
2016-05-20 00:00:00,35.9,36.4,35.5,36.0,30435
2016-05-19 00:00:00,35.9,36.5,35.6,35.9,126147
2016-05-18 00:00:00,35.1,36.5,35.0,35.4,95090
2016-05-17 00:00:00,33.5,34.0,33.0,33.9,14185
2016-05-16 00:00:00,33.7,34.4,33.0,33.4,17673
2016-05-13 00:00:00,34.7,34.7,33.6,33.7,4611
2016-05-12 00:00:00,34.5,34.8,33.5,33.9,5115
2016-05-11 00:00:00,34.3,34.8,33.0,34.5,13365
2016-05-10 00:00:00,34.3,35.1,33.1,34.1,25488
2016-05-09 00:00:00,34.5,35.0,34.0,34.7,53870
2016-05-06 00:00:00,34.0,34.8,34.0,34.7,9526
2016-05-05 00:00:00,33.3,34.0,33.0,33.0,2748
2016-05-04 00:00:00,33.3,34.0,33.0,33.0,2748
2016-05-03 00:00:00,33.3,34.5,32.0,33.0,29342
2016-05-02 00:00:00,34.5,34.8,33.3,33.3,13334
2016-04-29 00:00:00,35.5,37.0,34.6,34.6,13932
2016-04-28 00:00:00,37.0,37.0,35.3,35.3,17475
2016-04-27 00:00:00,37.0,40.0,36.9,37.0,34309
2016-04-26 00:00:00,35.4,36.8,35.0,36.8,18685
2016-04-25 00:00:00,36.2,36.2,34.7,35.1,35981
2016-04-22 00:00:00,37.0,37.0,36.2,36.2,6468
2016-04-21 00:00:00,36.6,37.0,36.5,36.9,2724
2016-04-20 00:00:00,37.0,37.4,36.1,37.0,9234
2016-04-19 00:00:00,36.5,37.0,36.4,36.5,6734
2016-04-18 00:00:00,35.7,37.0,35.6,36.5,17773
2016-04-15 00:00:00,35.6,36.5,35.6,36.1,8492
2016-04-14 00:00:00,35.5,36.4,35.5,36.0,19130
2016-04-13 00:00:00,35.5,35.5,35.0,35.2,3085
2016-04-12 00:00:00,34.8,35.2,34.3,34.9,10825
2016-04-11 00:00:00,34.9,35.0,34.2,34.8,12615
2016-04-08 00:00:00,34.8,35.0,34.0,35.0,13286
2016-04-07 00:00:00,34.9,34.9,34.6,34.6,2808
2016-04-06 00:00:00,34.3,35.0,34.3,34.6,1916
2016-04-05 00:00:00,33.9,35.0,33.9,34.3,7056
2016-04-04 00:00:00,34.0,35.0,34.0,34.2,14731
2016-04-01 00:00:00,35.6,35.6,34.8,35.0,23281
2016-03-31 00:00:00,35.3,35.5,35.0,35.0,4877
2016-03-30 00:00:00,35.0,35.5,35.0,35.3,8906
2016-03-29 00:00:00,34.8,35.2,34.8,35.0,12100
2016-03-28 00:00:00,35.0,35.5,34.8,34.8,5137
2016-03-25 00:00:00,35.0,35.5,34.8,34.8,5137
2016-03-24 00:00:00,35.0,35.5,34.8,34.8,5137
2016-03-23 00:00:00,34.3,36.0,34.3,35.5,41704
2016-03-22 00:00:00,34.5,35.0,34.5,34.9,9105
2016-03-21 00:00:00,34.9,35.0,34.5,34.5,8828
2016-03-18 00:00:00,34.8,35.0,34.0,35.0,10903
2016-03-17 00:00:00,34.6,35.2,33.9,34.8,15749
2016-03-16 00:00:00,34.9,35.0,34.6,34.6,14017
2016-03-15 00:00:00,34.5,34.9,34.0,34.9,20185
2016-03-14 00:00:00,33.5,35.0,33.5,34.5,67241
2016-03-11 00:00:00,31.5,32.9,31.5,32.9,6160
2016-03-10 00:00:00,32.3,32.3,31.2,31.5,3005
2016-03-09 00:00:00,31.8,32.3,31.4,31.5,5766
2016-03-08 00:00:00,32.0,32.0,31.1,31.8,414
2016-03-07 00:00:00,31.0,31.9,31.0,31.9,2322
2016-03-04 00:00:00,32.0,32.0,31.1,31.5,553
2016-03-03 00:00:00,31.5,32.0,31.5,32.0,2292
2016-03-02 00:00:00,31.4,31.5,30.1,31.5,9664
2016-03-01 00:00:00,31.1,31.4,31.0,31.4,5232
2016-02-29 00:00:00,30.8,30.8,30.2,30.7,7800
2016-02-26 00:00:00,30.0,30.8,30.0,30.0,4533
2016-02-25 00:00:00,30.9,30.9,30.0,30.0,3773
2016-02-24 00:00:00,30.0,30.0,29.2,30.0,2961
2016-02-23 00:00:00,30.0,30.5,30.0,30.0,4148
2016-02-22 00:00:00,30.9,30.9,30.0,30.0,2218
2016-02-19 00:00:00,30.7,31.0,30.1,30.8,2325
2016-02-18 00:00:00,30.4,30.6,30.0,30.6,4594
2016-02-17 00:00:00,29.4,30.4,29.4,30.4,6942
2016-02-16 00:00:00,29.7,29.7,29.2,29.4,2955
2016-02-15 00:00:00,29.1,29.7,29.0,29.7,2272
2016-02-12 00:00:00,29.0,30.0,28.6,29.5,27570
2016-02-11 00:00:00,28.1,30.0,28.1,30.0,14685
2016-02-10 00:00:00,28.3,29.1,28.3,28.5,1407
2016-02-09 00:00:00,28.6,30.0,28.1,28.5,11292
2016-02-08 00:00:00,30.0,30.4,28.7,28.7,24588
2016-02-05 00:00:00,29.7,29.8,28.9,29.8,11879
2016-02-04 00:00:00,29.8,29.8,28.2,28.9,2721
2016-02-03 00:00:00,29.0,29.0,28.2,28.8,4497
2016-02-02 00:00:00,29.8,29.8,29.7,29.8,542
2016-02-01 00:00:00,28.5,30.0,28.5,29.8,8523
2016-01-29 00:00:00,29.5,29.6,28.9,29.1,6390
2016-01-28 00:00:00,29.9,30.0,29.4,29.5,11632
2016-01-27 00:00:00,29.5,30.0,29.4,29.4,4826
2016-01-26 00:00:00,30.0,30.3,29.5,29.5,3806
2016-01-25 00:00:00,30.0,30.3,29.0,29.1,9494
2016-01-22 00:00:00,30.0,30.0,29.0,29.6,17614
2016-01-21 00:00:00,29.5,30.0,29.3,30.0,4184
2016-01-20 00:00:00,29.5,29.5,29.1,29.5,11276
2016-01-19 00:00:00,29.3,30.0,29.3,29.6,12248
2016-01-18 00:00:00,30.0,30.8,29.5,29.6,19915
2016-01-15 00:00:00,30.8,32.0,30.1,30.8,7383
2016-01-14 00:00:00,30.9,31.0,29.9,30.2,3538
2016-01-13 00:00:00,31.0,31.4,31.0,31.0,2365
2016-01-12 00:00:00,31.0,32.0,30.3,30.6,5338
2016-01-11 00:00:00,31.5,31.5,30.9,30.9,4570
2016-01-08 00:00:00,30.8,32.4,30.8,31.5,6971
2016-01-07 00:00:00,32.0,32.0,30.1,30.8,3542
2016-01-06 00:00:00,,31.4,31.4,31.4,0
2016-01-05 00:00:00,32.2,32.2,31.3,31.4,1627
2016-01-04 00:00:00,33.0,33.2,31.3,32.2,12835
2016-01-01 00:00:00,,33.0,33.0,33.0,0
2015-12-31 00:00:00,,33.0,33.0,33.0,0
2015-12-30 00:00:00,32.0,33.4,32.0,33.0,18465
2015-12-29 00:00:00,31.9,32.9,31.6,32.0,22745
2015-12-28 00:00:00,31.2,31.9,31.2,31.9,5754
2015-12-25 00:00:00,31.8,31.8,31.2,31.7,5873
2015-12-24 00:00:00,31.8,31.8,31.2,31.7,5873
2015-12-23 00:00:00,31.8,31.8,31.2,31.7,5873
2015-12-22 00:00:00,31.5,32.0,31.3,31.8,2481
2015-12-21 00:00:00,31.5,32.0,31.5,31.6,3082
2015-12-18 00:00:00,33.0,33.0,31.5,31.9,1581
2015-12-17 00:00:00,32.6,32.6,32.0,32.4,2791
2015-12-16 00:00:00,31.8,32.8,31.8,32.8,1223
2015-12-15 00:00:00,32.6,32.9,31.8,31.8,17598
2015-12-14 00:00:00,32.5,33.0,32.5,33.0,5584
2015-12-11 00:00:00,32.6,33.0,32.5,32.5,7991
2015-12-10 00:00:00,32.8,33.0,32.8,33.0,10389
2015-12-09 00:00:00,32.6,32.9,32.5,32.8,13694
2015-12-08 00:00:00,32.6,32.7,31.8,32.5,37905
2015-12-07 00:00:00,33.2,33.3,32.5,32.9,22382
2015-12-04 00:00:00,32.6,33.2,32.0,33.1,11482
2015-12-03 00:00:00,33.5,33.5,33.0,33.3,10073
2015-12-02 00:00:00,32.4,33.5,32.4,33.4,99654
2015-12-01 00:00:00,32.5,32.5,32.2,32.3,4506
2015-11-30 00:00:00,31.7,33.2,31.7,32.5,18892
2015-11-27 00:00:00,31.0,31.8,31.0,31.7,12822
2015-11-26 00:00:00,31.0,31.5,30.7,31.5,13438
2015-11-25 00:00:00,30.9,30.9,30.6,30.8,4171
2015-11-24 00:00:00,31.0,31.0,30.5,30.5,20211
2015-11-23 00:00:00,30.5,30.8,30.2,30.8,28896
2015-11-20 00:00:00,30.1,30.5,30.1,30.5,14422
2015-11-19 00:00:00,30.5,30.5,30.0,30.0,13362
2015-11-18 00:00:00,30.7,30.7,30.1,30.5,17024
2015-11-17 00:00:00,30.6,30.7,30.6,30.6,22396
2015-11-16 00:00:00,30.8,30.8,29.5,30.0,5134
2015-11-13 00:00:00,29.5,30.2,29.5,30.2,51197
2015-11-12 00:00:00,30.0,30.5,29.5,30.0,47150
2015-11-11 00:00:00,29.4,30.0,29.4,30.0,33940
2015-11-10 00:00:00,28.8,29.4,28.6,29.4,13708
2015-11-09 00:00:00,28.6,29.6,28.6,28.8,5096
2015-11-06 00:00:00,29.5,29.5,28.5,28.5,11880
2015-11-05 00:00:00,29.4,29.6,28.3,29.5,3588
2015-11-04 00:00:00,29.0,29.0,28.3,29.0,14234
2015-11-03 00:00:00,29.0,29.0,28.4,28.6,25025
2015-11-02 00:00:00,29.0,29.0,28.6,29.0,3706
2015-10-30 00:00:00,28.4,29.0,28.4,29.0,10926
2015-10-29 00:00:00,28.5,28.5,28.0,28.4,10210
2015-10-28 00:00:00,29.5,29.5,28.4,28.6,9584
2015-10-27 00:00:00,29.9,29.9,29.0,29.7,45695
2015-10-26 00:00:00,29.5,29.9,29.5,29.9,71271
2015-10-23 00:00:00,27.1,29.9,27.1,29.2,49292
2015-10-22 00:00:00,26.5,27.3,25.9,27.0,3582
2015-10-21 00:00:00,27.0,27.0,25.9,26.8,6232
2015-10-20 00:00:00,26.5,27.0,26.0,27.0,5946
2015-10-19 00:00:00,26.6,26.6,26.0,26.5,7793
2015-10-16 00:00:00,26.3,26.7,26.3,26.7,4014
2015-10-15 00:00:00,27.0,27.0,26.5,26.9,5982
2015-10-14 00:00:00,26.5,27.3,26.2,27.3,6397
2015-10-13 00:00:00,26.7,27.4,26.5,26.6,3626
2015-10-12 00:00:00,27.9,27.9,27.1,27.3,7636
2015-10-09 00:00:00,27.4,27.4,26.5,27.4,11870
2015-10-08 00:00:00,27.6,27.8,27.1,27.8,16235
2015-10-07 00:00:00,27.5,27.5,26.5,27.5,132601
2015-10-06 00:00:00,27.0,27.5,26.5,27.4,6681
2015-10-05 00:00:00,27.5,27.9,26.4,26.7,10316
2015-10-02 00:00:00,27.3,28.0,27.3,27.3,3395
2015-10-01 00:00:00,27.5,28.2,26.9,26.9,5839
2015-09-30 00:00:00,27.2,28.3,27.2,27.5,13035
2015-09-29 00:00:00,28.0,28.1,26.6,27.5,67063
2015-09-28 00:00:00,28.8,28.8,28.4,28.8,8048
2015-09-25 00:00:00,28.8,28.8,28.6,28.8,10669
2015-09-24 00:00:00,28.1,28.4,28.0,28.3,1715
2015-09-23 00:00:00,28.5,28.5,28.0,28.5,6638
2015-09-22 00:00:00,28.9,29.0,28.2,28.5,5691
2015-09-21 00:00:00,28.8,29.0,28.6,28.9,6199
2015-09-18 00:00:00,28.0,28.9,28.0,28.6,7227
2015-09-17 00:00:00,28.2,28.8,28.0,28.0,7364
2015-09-16 00:00:00,28.0,28.4,28.0,28.0,6095
2015-09-15 00:00:00,28.7,29.0,27.4,27.9,17921
2015-09-14 00:00:00,29.4,29.9,28.7,28.7,20460
2015-09-11 00:00:00,29.7,29.7,29.4,29.4,9974
2015-09-10 00:00:00,29.5,29.9,29.4,29.5,23295
2015-09-09 00:00:00,30.3,30.3,29.0,29.5,5737
2015-09-08 00:00:00,30.3,30.3,30.0,30.0,12643
2015-09-07 00:00:00,29.0,30.0,28.5,30.0,7475
2015-09-04 00:00:00,27.4,29.0,27.3,29.0,16888
2015-09-03 00:00:00,26.3,27.5,26.3,27.2,4553
2015-09-02 00:00:00,26.2,26.9,26.1,26.5,49908
2015-09-01 00:00:00,26.2,27.2,26.2,26.6,15259
2015-08-31 00:00:00,27.0,27.8,27.0,27.3,14709
2015-08-28 00:00:00,26.6,26.6,26.1,26.2,8728
2015-08-27 00:00:00,26.1,26.3,25.9,26.0,37495
2015-08-26 00:00:00,25.9,26.2,24.9,25.7,37104
2015-08-25 00:00:00,24.5,25.5,24.5,25.5,8056
2015-08-24 00:00:00,24.2,26.0,23.2,24.5,18024
2015-08-21 00:00:00,25.5,26.1,24.4,25.6,4721
2015-08-20 00:00:00,25.6,26.5,24.2,26.2,241937
2015-08-19 00:00:00,26.8,26.8,25.5,25.5,14395
2015-08-18 00:00:00,27.0,27.1,26.5,26.8,8180
2015-08-17 00:00:00,27.4,27.9,27.0,27.0,5953
2015-08-14 00:00:00,28.0,28.0,26.4,26.4,9974
2015-08-13 00:00:00,28.4,28.5,28.1,28.3,7742
2015-08-12 00:00:00,30.9,30.9,29.1,29.3,23395
2015-08-11 00:00:00,28.5,29.3,28.5,29.3,2576
2015-08-10 00:00:00,28.8,29.0,28.1,28.6,8403
2015-08-07 00:00:00,29.0,29.5,28.8,28.8,13303
2015-08-06 00:00:00,28.6,28.9,28.2,28.2,3809
2015-08-05 00:00:00,29.0,29.0,27.8,28.6,23547
2015-08-04 00:00:00,28.1,29.0,28.1,29.0,7065
2015-08-03 00:00:00,29.0,29.0,28.1,28.6,2743
2015-07-31 00:00:00,28.8,28.8,28.7,28.7,2475
2015-07-30 00:00:00,28.6,28.8,28.6,28.7,5038
2015-07-29 00:00:00,29.0,29.0,28.0,28.2,7926
2015-07-28 00:00:00,28.3,29.0,28.3,29.0,12757
2015-07-27 00:00:00,28.1,28.7,28.1,28.2,3330
2015-07-24 00:00:00,28.7,28.9,28.5,28.5,1553
2015-07-23 00:00:00,28.5,29.0,28.2,28.2,9851
2015-07-22 00:00:00,28.8,28.8,28.2,28.2,1133
2015-07-21 00:00:00,28.2,28.8,28.2,28.2,6627
2015-07-20 00:00:00,28.7,29.0,28.1,28.1,14346
2015-07-17 00:00:00,28.1,29.7,26.0,28.5,18379
2015-07-16 00:00:00,28.1,29.0,28.1,28.9,14704
2015-07-15 00:00:00,28.2,28.8,28.1,28.1,1913
2015-07-14 00:00:00,29.0,29.8,28.1,28.2,4224
2015-07-13 00:00:00,28.3,29.2,28.1,29.0,6809
2015-07-10 00:00:00,29.1,29.8,28.2,28.2,15550
2015-07-09 00:00:00,29.1,29.4,28.9,28.9,17146
2015-07-08 00:00:00,29.1,29.9,28.5,29.1,8301
2015-07-07 00:00:00,29.0,29.9,29.0,29.1,5725
2015-07-06 00:00:00,29.8,29.8,29.0,29.0,8884
2015-07-03 00:00:00,30.1,30.6,29.8,29.8,11322
2015-07-02 00:00:00,30.2,30.6,30.1,30.1,712
2015-07-01 00:00:00,29.8,30.2,29.8,30.1,13339
2015-06-30 00:00:00,29.2,29.9,29.0,29.2,6267
2015-06-29 00:00:00,30.0,30.9,29.0,29.0,12450
2015-06-26 00:00:00,30.7,30.8,30.1,30.1,2779
2015-06-25 00:00:00,29.3,30.7,29.3,30.7,4690
2015-06-24 00:00:00,29.2,29.8,29.0,29.8,3178
2015-06-23 00:00:00,29.1,29.5,28.7,29.0,9254
2015-06-22 00:00:00,29.0,30.0,28.8,29.4,10811
2015-06-19 00:00:00,,30.0,30.0,30.0,0
2015-06-18 00:00:00,29.1,30.0,29.1,30.0,875
2015-06-17 00:00:00,30.0,30.5,28.5,30.5,11857
2015-06-16 00:00:00,29.9,30.1,28.0,30.1,12529
2015-06-15 00:00:00,30.1,30.5,29.9,29.9,11625
2015-06-12 00:00:00,30.2,30.4,30.0,30.0,930
2015-06-11 00:00:00,30.7,30.7,29.4,29.5,12155
2015-06-10 00:00:00,30.7,31.0,30.1,30.9,14286
2015-06-09 00:00:00,30.3,31.0,29.7,29.7,5943
2015-06-08 00:00:00,31.5,31.8,30.4,30.4,6070
2015-06-05 00:00:00,31.9,32.4,31.5,31.5,22217
2015-06-04 00:00:00,30.3,33.0,30.0,31.3,49834
2015-06-03 00:00:00,30.5,30.5,29.3,29.8,5317
2015-06-02 00:00:00,30.4,30.4,29.1,29.5,10627
2015-06-01 00:00:00,28.8,29.7,28.7,29.6,6319
2015-05-29 00:00:00,29.7,29.7,28.7,28.7,33043
2015-05-28 00:00:00,29.8,30.4,29.7,29.7,13537
2015-05-27 00:00:00,30.3,30.3,29.8,29.8,6150
2015-05-26 00:00:00,30.5,30.5,29.8,30.3,9507
2015-05-25 00:00:00,31.3,31.3,30.2,30.5,13241
2015-05-22 00:00:00,29.9,30.5,29.9,30.5,6505
2015-05-21 00:00:00,30.0,31.0,29.9,30.0,29454
2015-05-20 00:00:00,30.0,30.0,29.9,30.0,25088
2015-05-19 00:00:00,29.9,30.0,29.7,30.0,2351
2015-05-18 00:00:00,29.8,30.0,29.5,30.0,6307
2015-05-15 00:00:00,30.0,30.1,29.5,30.0,19094
2015-05-14 00:00:00,30.0,30.1,30.0,30.1,5047
2015-05-13 00:00:00,30.0,30.1,30.0,30.1,5047
2015-05-12 00:00:00,31.4,31.5,29.5,30.5,43978
2015-05-11 00:00:00,30.5,30.5,30.0,30.0,13663
2015-05-08 00:00:00,30.0,30.0,28.7,30.0,87860
2015-05-07 00:00:00,31.0,31.0,29.8,30.0,16502
2015-05-06 00:00:00,31.1,31.1,30.3,31.0,18791
2015-05-05 00:00:00,32.4,32.4,30.0,30.8,26847
2015-05-04 00:00:00,32.5,32.5,31.1,32.4,12887
2015-05-01 00:00:00,31.3,32.5,31.0,32.5,10122
2015-04-30 00:00:00,31.3,32.5,31.0,32.5,10122
2015-04-29 00:00:00,33.5,34.1,31.2,31.3,44984
2015-04-28 00:00:00,36.0,36.0,33.0,33.0,62949
2015-04-27 00:00:00,35.6,36.5,35.6,36.5,6854
2015-04-24 00:00:00,36.0,36.1,35.0,35.9,7256
2015-04-23 00:00:00,34.7,36.5,34.7,35.9,2265
2015-04-22 00:00:00,34.2,35.0,34.1,34.6,11182
2015-04-21 00:00:00,35.1,35.3,34.6,34.6,2359
2015-04-20 00:00:00,35.4,35.7,34.5,35.4,6973
2015-04-17 00:00:00,35.1,35.4,35.1,35.2,3022
2015-04-16 00:00:00,35.8,36.0,35.1,35.1,14063
2015-04-15 00:00:00,35.4,36.5,35.4,36.0,11108
2015-04-14 00:00:00,35.5,35.6,34.7,35.6,9884
2015-04-13 00:00:00,35.3,35.5,34.6,34.8,7081
2015-04-10 00:00:00,35.0,35.3,34.5,35.3,14960
2015-04-09 00:00:00,34.8,35.4,34.0,35.4,8953
2015-04-08 00:00:00,35.5,35.5,34.7,34.8,16336
2015-04-07 00:00:00,35.5,35.5,35.0,35.2,10424
2015-04-02 00:00:00,35.5,35.5,34.6,34.6,3032
2015-04-01 00:00:00,35.2,35.4,34.4,34.5,9621
2015-03-31 00:00:00,35.1,35.8,35.1,35.2,32867
2015-03-30 00:00:00,34.7,35.2,34.1,35.1,54051
2015-03-27 00:00:00,32.4,34.4,32.4,33.8,93242
2015-03-26 00:00:00,31.8,32.3,31.8,32.1,29575
2015-03-25 00:00:00,32.5,32.5,31.8,32.0,14257
2015-03-24 00:00:00,32.0,32.5,31.9,32.0,27083
2015-03-23 00:00:00,32.0,32.2,31.8,31.9,61113
2015-03-20 00:00:00,32.3,32.3,31.5,32.0,27391
2015-03-19 00:00:00,31.3,32.0,31.3,31.4,11908
2015-03-18 00:00:00,31.8,32.0,31.6,31.6,19643
2015-03-17 00:00:00,31.9,31.9,31.5,31.5,2367
2015-03-16 00:00:00,32.5,32.5,31.7,31.7,24672
2015-03-13 00:00:00,32.0,32.5,31.8,31.9,17616
2015-03-12 00:00:00,32.0,32.0,31.6,32.0,30549
2015-03-11 00:00:00,32.0,32.1,30.9,31.6,57548
2015-03-10 00:00:00,31.7,32.9,30.7,32.0,83554
2015-03-09 00:00:00,31.5,31.8,31.0,31.4,76061
2015-03-06 00:00:00,30.8,30.8,30.1,30.7,53898
2015-03-05 00:00:00,31.4,31.4,30.0,30.0,21137
2015-03-04 00:00:00,30.1,30.2,30.1,30.2,2810
2015-03-03 00:00:00,30.7,31.0,30.0,30.0,13432
2015-03-02 00:00:00,31.3,31.4,30.7,30.7,17890
2015-02-27 00:00:00,30.4,31.9,29.9,31.9,14110
2015-02-26 00:00:00,31.0,31.0,30.0,30.4,116330
2015-02-25 00:00:00,30.0,30.7,30.0,30.7,7295
2015-02-24 00:00:00,29.8,30.5,29.8,30.3,10251
2015-02-23 00:00:00,30.4,30.5,30.0,30.4,15276
2015-02-20 00:00:00,31.0,31.4,30.5,31.0,2189
2015-02-19 00:00:00,30.6,31.5,30.3,31.0,8676
2015-02-18 00:00:00,30.2,30.8,30.1,30.3,6255
2015-02-17 00:00:00,30.8,31.0,30.2,30.4,1752
2015-02-16 00:00:00,30.8,30.8,30.2,30.8,5492
2015-02-13 00:00:00,30.3,30.8,30.3,30.8,11600
2015-02-12 00:00:00,30.6,31.4,30.1,30.3,13740
2015-02-11 00:00:00,30.0,31.0,30.0,31.0,3522
2015-02-10 00:00:00,30.1,30.1,30.0,30.0,2377
2015-02-09 00:00:00,30.5,31.9,30.0,30.2,7675
2015-02-06 00:00:00,32.0,32.7,30.0,30.0,36922
2015-02-05 00:00:00,31.3,32.0,31.3,32.0,4129
2015-02-04 00:00:00,31.5,31.5,30.6,31.2,3137
2015-02-03 00:00:00,30.5,31.2,30.5,31.2,2984
2015-02-02 00:00:00,30.0,30.7,30.0,30.7,4766
2015-01-30 00:00:00,31.0,31.0,29.8,29.8,11344
2015-01-29 00:00:00,30.4,31.4,30.1,30.8,7297
2015-01-28 00:00:00,30.1,30.5,29.9,30.5,4960
2015-01-27 00:00:00,29.5,30.2,29.5,30.0,765
2015-01-26 00:00:00,30.4,30.4,29.4,30.0,1076
2015-01-23 00:00:00,29.3,30.3,29.3,29.9,5048
2015-01-22 00:00:00,30.0,30.0,29.4,29.8,37524
2015-01-21 00:00:00,29.5,29.8,29.3,29.8,7162
2015-01-20 00:00:00,29.6,29.9,29.5,29.9,3965
2015-01-19 00:00:00,30.0,30.4,29.5,29.6,7165
2015-01-16 00:00:00,30.0,30.0,30.0,30.0,605
2015-01-15 00:00:00,30.6,30.6,29.9,30.0,3630
2015-01-14 00:00:00,29.4,30.3,29.4,29.8,1189
2015-01-13 00:00:00,30.8,30.8,29.9,30.4,9637
2015-01-12 00:00:00,29.9,31.4,29.9,30.8,16429
2015-01-09 00:00:00,30.2,30.2,29.5,29.5,6727
2015-01-08 00:00:00,31.0,31.0,29.7,30.4,6444
2015-01-07 00:00:00,31.0,31.5,30.3,31.0,3906
2015-01-06 00:00:00,,31.0,31.0,31.0,0
2015-01-05 00:00:00,31.8,31.8,30.0,31.0,5797
2015-01-02 00:00:00,31.4,31.8,30.7,30.7,9021
2015-01-01 00:00:00,30.8,31.9,29.5,31.0,14748
2014-12-30 00:00:00,30.8,31.9,29.5,31.0,14748
2014-12-29 00:00:00,29.9,30.8,29.9,30.3,6299
2014-12-23 00:00:00,31.5,31.5,29.6,29.6,11210
2014-12-22 00:00:00,30.1,31.7,30.1,30.1,1441
2014-12-19 00:00:00,32.7,32.7,30.3,30.3,4678
2014-12-18 00:00:00,30.4,30.5,30.4,30.4,5481
2014-12-17 00:00:00,30.4,30.4,30.1,30.4,1280
2014-12-16 00:00:00,30.2,30.7,30.2,30.7,4444
2014-12-15 00:00:00,31.3,31.3,30.1,30.1,7422
2014-12-12 00:00:00,31.6,32.4,31.3,32.4,8799
2014-12-11 00:00:00,31.0,31.6,30.9,31.6,19848
2014-12-10 00:00:00,31.0,31.0,29.9,30.8,3745
2014-12-09 00:00:00,31.0,31.0,29.7,29.8,5699
2014-12-08 00:00:00,29.2,31.9,29.2,31.6,10199
2014-12-05 00:00:00,29.5,30.3,29.5,29.6,471
2014-12-04 00:00:00,29.1,29.7,29.1,29.5,498
2014-12-03 00:00:00,29.8,30.5,29.7,30.4,1239
2014-12-02 00:00:00,29.1,29.5,29.0,29.5,3608
2014-12-01 00:00:00,29.3,31.1,29.3,29.5,3355
2014-11-28 00:00:00,29.6,31.1,29.0,31.1,4927
2014-11-27 00:00:00,30.0,30.4,29.0,30.0,2998
2014-11-26 00:00:00,29.8,30.1,29.8,30.0,619
2014-11-25 00:00:00,29.2,30.0,29.2,29.7,7895
2014-11-24 00:00:00,30.4,30.5,29.7,29.7,13447
2014-11-21 00:00:00,30.0,30.5,30.0,30.4,2101
2014-11-20 00:00:00,31.1,31.1,30.0,30.9,11834
2014-11-19 00:00:00,31.5,31.5,31.5,31.5,51
2014-11-18 00:00:00,31.1,31.8,30.9,31.7,6296
2014-11-17 00:00:00,31.5,31.8,31.0,31.2,634
2014-11-14 00:00:00,31.3,32.0,31.2,31.5,11105
2014-11-13 00:00:00,30.3,31.4,30.3,31.0,2064
2014-11-12 00:00:00,30.0,31.5,30.0,31.3,3639
2014-11-11 00:00:00,31.5,31.5,30.1,30.1,1641
2014-11-10 00:00:00,31.8,32.0,30.6,32.0,12362
2014-11-07 00:00:00,30.6,32.0,30.1,32.0,15270
2014-11-06 00:00:00,31.1,31.1,30.6,30.6,4115
2014-11-05 00:00:00,32.0,32.0,31.1,31.1,4165
2014-11-04 00:00:00,32.0,32.0,31.3,31.9,18786
2014-11-03 00:00:00,31.6,32.0,31.0,31.8,21038
2014-10-31 00:00:00,30.6,31.0,30.6,31.0,94200
2014-10-30 00:00:00,31.0,31.5,30.5,30.5,72
2014-10-29 00:00:00,31.0,31.0,30.5,31.0,11300
2014-10-28 00:00:00,33.0,33.0,31.3,31.3,2683
2014-10-24 00:00:00,31.1,32.6,31.1,32.5,12535
2014-10-23 00:00:00,30.8,31.9,30.8,31.6,6053
2014-10-22 00:00:00,30.5,30.8,30.5,30.8,1882
2014-10-21 00:00:00,28.5,30.2,28.5,30.2,151
2014-10-20 00:00:00,28.5,29.0,28.5,28.5,3000
2014-10-17 00:00:00,29.5,29.5,29.1,29.1,857
2014-10-16 00:00:00,28.6,30.1,27.6,28.1,7000
2014-10-15 00:00:00,28.2,30.0,28.2,29.5,9502
2014-10-14 00:00:00,29.0,31.1,29.0,30.9,5552
2014-10-13 00:00:00,29.0,31.1,28.8,29.5,20318
2014-10-10 00:00:00,29.4,30.2,28.0,29.2,16807
2014-10-09 00:00:00,30.0,30.5,29.4,29.4,7867
2014-10-08 00:00:00,30.1,30.1,29.4,30.0,7973
2014-10-07 00:00:00,30.2,30.9,29.8,30.5,10622
2014-10-06 00:00:00,32.0,32.0,30.1,31.9,353
2014-10-03 00:00:00,31.6,32.0,31.6,32.0,1400
2014-10-02 00:00:00,31.1,31.1,31.0,31.0,6844
2014-10-01 00:00:00,31.9,31.9,31.0,31.5,1803
2014-09-30 00:00:00,31.0,31.6,31.0,31.4,7392
2014-09-29 00:00:00,31.8,32.2,31.1,31.1,11841
2014-09-26 00:00:00,29.8,31.3,29.8,30.8,7497
2014-09-25 00:00:00,31.4,31.4,30.1,30.1,3745
2014-09-24 00:00:00,30.1,30.1,29.7,30.0,5094
2014-09-23 00:00:00,31.5,31.5,30.3,30.3,709
2014-09-22 00:00:00,30.0,31.5,30.0,30.5,213011
2014-09-19 00:00:00,31.0,31.5,31.0,31.0,2149
2014-09-18 00:00:00,30.7,31.0,30.0,31.0,1501
2014-09-17 00:00:00,30.6,30.7,30.6,30.6,4697
2014-09-16 00:00:00,29.6,30.0,29.6,30.0,4505
2014-09-15 00:00:00,30.0,30.0,30.0,30.0,2092
2014-09-12 00:00:00,29.8,30.0,29.8,30.0,3599
2014-09-11 00:00:00,29.8,29.8,29.8,29.8,4547
2014-09-10 00:00:00,29.5,29.8,29.5,29.8,1595
2014-09-09 00:00:00,29.8,30.0,29.8,29.8,7056
2014-09-08 00:00:00,29.4,30.0,29.4,29.8,6043
2014-09-05 00:00:00,30.2,30.2,29.6,29.6,275453
2014-09-04 00:00:00,30.0,30.2,29.4,30.2,24007
2014-09-03 00:00:00,29.7,30.0,29.5,30.0,6270
2014-09-02 00:00:00,30.1,30.2,29.9,30.0,10391
2014-09-01 00:00:00,31.6,31.6,30.9,30.9,3176
2014-08-29 00:00:00,30.0,32.6,30.0,32.5,1920
2014-08-28 00:00:00,32.4,32.6,31.6,32.6,6419
2014-08-27 00:00:00,30.6,32.6,30.2,32.6,24192
2014-08-26 00:00:00,30.0,31.0,30.0,31.0,5115
2014-08-25 00:00:00,30.2,30.9,29.9,30.8,1448
2014-08-22 00:00:00,30.2,30.5,30.2,30.5,200
2014-08-21 00:00:00,29.7,31.0,29.7,30.1,17900
2014-08-20 00:00:00,29.7,29.9,29.6,29.6,2025
2014-08-19 00:00:00,30.1,30.1,30.1,30.1,106
2014-08-18 00:00:00,30.0,30.9,29.0,30.9,125592
2014-08-15 00:00:00,30.4,30.4,29.2,30.0,17771
2014-08-14 00:00:00,31.0,31.0,30.3,30.3,334
2014-08-13 00:00:00,31.8,31.8,31.0,31.0,5823
2014-08-12 00:00:00,31.5,31.8,31.0,31.0,3446
2014-08-11 00:00:00,31.0,32.2,31.0,31.2,21537
2014-08-08 00:00:00,29.0,30.5,28.7,30.5,19221
2014-08-07 00:00:00,31.0,31.0,29.8,30.5,648
2014-08-06 00:00:00,30.0,30.5,29.8,30.5,21103
2014-08-05 00:00:00,29.8,31.0,29.8,31.0,2827
2014-08-04 00:00:00,31.4,31.4,31.0,31.0,3879
2014-08-01 00:00:00,29.6,31.4,29.2,31.4,28420
2014-07-31 00:00:00,,30.6,30.6,30.6,0
2014-07-30 00:00:00,30.1,30.6,30.1,30.6,5567
2014-07-29 00:00:00,,30.6,30.6,30.6,0
2014-07-28 00:00:00,29.8,30.7,29.1,30.6,3335
2014-07-25 00:00:00,30.0,30.1,29.6,29.7,4570
2014-07-24 00:00:00,31.0,31.0,30.0,30.0,1099
2014-07-23 00:00:00,30.0,31.3,29.5,31.3,1066
2014-07-22 00:00:00,30.1,30.1,30.1,30.1,100
2014-07-21 00:00:00,29.6,31.0,29.6,31.0,22353
2014-07-18 00:00:00,30.6,31.0,29.5,31.0,24898
2014-07-17 00:00:00,30.5,30.6,30.5,30.6,419
2014-07-16 00:00:00,29.8,30.8,29.8,30.8,2093
2014-07-15 00:00:00,31.6,32.0,30.0,30.0,3611
2014-07-14 00:00:00,30.7,31.1,30.7,31.1,1876
2014-07-11 00:00:00,,30.7,30.7,30.7,0
2014-07-10 00:00:00,,30.7,30.7,30.7,0
2014-07-09 00:00:00,31.0,31.0,30.6,30.7,5466
2014-07-08 00:00:00,29.9,31.0,29.8,31.0,12184
2014-07-07 00:00:00,30.0,30.9,29.4,30.8,18626
2014-07-04 00:00:00,29.5,30.0,29.3,29.4,2820
2014-07-03 00:00:00,29.8,30.6,29.6,30.6,4548
2014-07-02 00:00:00,30.0,30.5,29.8,30.5,1458
2014-07-01 00:00:00,29.3,30.8,29.3,30.8,5343
2014-06-30 00:00:00,30.1,30.3,29.3,29.8,23619
2014-06-27 00:00:00,30.3,30.3,30.2,30.3,3266
2014-06-26 00:00:00,31.0,31.0,30.3,30.9,3105
2014-06-25 00:00:00,30.7,31.2,30.4,30.6,5837
2014-06-24 00:00:00,30.2,31.6,30.2,31.6,6394
2014-06-23 00:00:00,30.2,30.9,30.2,30.9,3823
2014-06-20 00:00:00,,30.8,30.8,30.8,0
2014-06-19 00:00:00,30.9,30.9,30.2,30.8,1811
2014-06-18 00:00:00,30.9,30.9,30.9,30.9,138
2014-06-17 00:00:00,30.3,31.0,30.3,31.0,4721
2014-06-16 00:00:00,31.8,31.8,30.8,30.8,10241
2014-06-13 00:00:00,30.5,31.5,30.5,31.5,11628
2014-06-12 00:00:00,30.5,31.9,30.5,30.6,22515
2014-06-11 00:00:00,31.1,31.1,30.0,30.6,13981
2014-06-10 00:00:00,31.6,32.0,31.5,31.5,31306
2014-06-09 00:00:00,32.0,32.1,31.2,31.6,9360
2014-06-06 00:00:00,,32.0,32.0,32.0,0
2014-06-05 00:00:00,33.4,33.5,31.3,32.0,4591
2014-06-04 00:00:00,34.6,34.6,32.0,32.6,6594
2014-06-03 00:00:00,31.1,33.0,31.1,33.0,135746
2014-06-02 00:00:00,32.5,32.5,30.7,31.9,19455
2014-05-30 00:00:00,31.3,32.2,31.0,32.2,6863
2014-05-28 00:00:00,32.3,32.3,31.0,31.3,24582
2014-05-27 00:00:00,31.2,33.0,31.0,32.3,9025
2014-05-26 00:00:00,30.5,31.5,30.5,31.2,5608
2014-05-23 00:00:00,31.5,32.0,31.5,31.5,20912
2014-05-22 00:00:00,33.0,33.0,31.6,31.7,8637
2014-05-21 00:00:00,32.9,33.1,32.0,32.5,5608
2014-05-20 00:00:00,33.0,33.9,33.0,33.0,19219
2014-05-19 00:00:00,35.0,35.0,34.4,34.4,1548
2014-05-16 00:00:00,35.0,35.0,33.5,34.8,9766
2014-05-15 00:00:00,34.1,35.0,33.2,35.0,9178
2014-05-14 00:00:00,34.1,34.1,33.4,34.0,16663
2014-05-13 00:00:00,35.6,35.6,33.9,33.9,3557
2014-05-12 00:00:00,34.4,34.4,33.1,33.4,7490
2014-05-09 00:00:00,33.8,34.5,33.8,34.5,61531
2014-05-08 00:00:00,35.5,35.5,34.5,34.5,6875
2014-05-07 00:00:00,35.9,35.9,34.9,35.5,3064
2014-05-06 00:00:00,34.5,36.4,34.5,36.4,1102
2014-05-05 00:00:00,34.3,35.0,33.1,34.8,5280
2014-05-02 00:00:00,36.4,36.4,35.0,35.0,1550
2014-05-01 00:00:00,,36.4,36.4,36.4,0
2014-04-30 00:00:00,36.4,36.4,35.5,36.4,6090
2014-04-29 00:00:00,38.2,38.2,34.2,36.0,39291
2014-04-28 00:00:00,36.5,38.0,36.0,38.0,29500
2014-04-25 00:00:00,37.0,37.0,36.1,36.5,6035
2014-04-24 00:00:00,37.1,38.5,35.5,37.9,15528
2014-04-23 00:00:00,38.9,38.9,38.5,38.6,3187
2014-04-22 00:00:00,38.0,39.3,38.0,39.0,6186
2014-04-17 00:00:00,38.0,38.0,37.5,38.0,9908
2014-04-16 00:00:00,37.9,38.0,35.2,38.0,16661
2014-04-15 00:00:00,38.7,39.0,37.6,37.6,8287
2014-04-14 00:00:00,36.9,37.0,36.0,37.0,10295
2014-04-11 00:00:00,37.5,37.5,35.2,36.9,8821
2014-04-10 00:00:00,38.8,38.8,37.1,37.5,10690
2014-04-09 00:00:00,37.9,37.9,37.1,37.5,8696
2014-04-08 00:00:00,37.1,37.1,36.8,36.8,12523
2014-04-07 00:00:00,37.0,37.9,36.5,37.1,68688
2014-04-04 00:00:00,35.9,36.5,35.9,36.3,12915
2014-04-03 00:00:00,34.5,35.9,34.5,35.8,7600
2014-04-02 00:00:00,34.5,35.0,34.1,34.5,3678
2014-04-01 00:00:00,35.0,35.5,34.5,34.6,6569
2014-03-31 00:00:00,35.7,35.7,34.8,35.0,37947
2014-03-28 00:00:00,35.1,35.3,35.0,35.1,15815
2014-03-27 00:00:00,34.6,35.8,34.6,34.9,64835
2014-03-26 00:00:00,32.5,34.9,32.5,34.6,48868
2014-03-25 00:00:00,,31.5,31.5,31.5,0
2014-03-24 00:00:00,31.5,31.5,31.5,31.5,725
2014-03-21 00:00:00,31.7,32.1,31.2,32.1,3111
2014-03-20 00:00:00,32.0,32.5,31.1,31.5,4805
2014-03-19 00:00:00,31.1,32.5,31.1,32.0,2021
2014-03-18 00:00:00,31.9,32.4,31.1,32.4,4168
2014-03-17 00:00:00,31.9,31.9,31.9,31.9,700
2014-03-14 00:00:00,31.9,31.9,30.5,31.9,322
2014-03-13 00:00:00,32.0,32.0,30.9,30.9,26828
2014-03-12 00:00:00,30.7,31.0,30.7,30.7,2775
2014-03-11 00:00:00,32.0,32.0,30.7,30.7,6725
2014-03-10 00:00:00,32.0,32.0,32.0,32.0,2319
2014-03-07 00:00:00,32.0,32.1,32.0,32.1,2906
2014-03-06 00:00:00,32.5,32.5,32.5,32.5,1025
2014-03-05 00:00:00,32.5,33.5,32.5,33.0,4358
2014-03-04 00:00:00,32.0,33.5,32.0,33.0,6425
2014-03-03 00:00:00,34.0,34.0,32.0,32.1,9781
2014-02-28 00:00:00,32.0,35.0,32.0,35.0,17330
2014-02-27 00:00:00,,33.5,33.5,33.5,0
2014-02-26 00:00:00,32.2,33.5,32.2,33.5,314
2014-02-25 00:00:00,32.5,33.7,32.5,33.7,7843
2014-02-24 00:00:00,33.3,33.3,33.3,33.3,30
2014-02-21 00:00:00,32.9,33.3,32.3,33.3,15279
2014-02-20 00:00:00,32.0,33.0,32.0,33.0,2839
2014-02-19 00:00:00,32.0,33.0,32.0,33.0,15673
2014-02-18 00:00:00,31.0,32.0,31.0,32.0,23002
2014-02-17 00:00:00,30.2,31.1,30.2,30.6,11622
2014-02-14 00:00:00,30.0,31.1,30.0,30.9,8147
2014-02-13 00:00:00,29.4,30.6,29.1,30.0,22530
2014-02-12 00:00:00,30.3,30.3,30.0,30.3,4235
2014-02-11 00:00:00,31.9,31.9,30.0,30.0,19267
2014-02-10 00:00:00,30.0,30.1,28.5,30.0,100701
2014-02-07 00:00:00,30.3,30.4,27.5,30.0,79544
2014-02-06 00:00:00,31.5,31.5,31.1,31.1,1634
2014-02-05 00:00:00,31.0,31.9,30.7,31.4,39825
2014-02-04 00:00:00,31.4,31.4,30.5,31.0,21859
2014-02-03 00:00:00,30.8,31.0,30.5,31.0,7368
2014-01-31 00:00:00,31.0,31.0,30.5,30.7,15690
2014-01-30 00:00:00,30.0,30.3,30.0,30.1,3429
2014-01-29 00:00:00,30.0,30.1,29.6,29.6,102260
2014-01-28 00:00:00,30.1,30.1,30.0,30.0,71059
2014-01-27 00:00:00,28.2,31.0,28.2,30.0,12285
2014-01-24 00:00:00,30.0,30.0,30.0,30.0,9385
2014-01-23 00:00:00,30.1,30.2,30.0,30.0,17069
2014-01-22 00:00:00,30.0,30.0,30.0,30.0,38151
2014-01-21 00:00:00,30.5,30.5,30.0,30.0,2972
2014-01-20 00:00:00,30.0,30.5,30.0,30.4,65260
2014-01-17 00:00:00,30.2,30.2,29.7,30.2,42183
2014-01-16 00:00:00,30.1,30.1,30.1,30.1,3000
2014-01-15 00:00:00,29.3,30.1,29.3,30.1,26311
2014-01-14 00:00:00,29.6,29.6,29.5,29.5,200
2014-01-13 00:00:00,29.0,29.5,29.0,29.4,1992
2014-01-10 00:00:00,29.5,29.5,29.0,29.5,4900
2014-01-09 00:00:00,29.0,29.5,29.0,29.0,15922
2014-01-08 00:00:00,30.0,30.0,28.7,29.1,3150
2014-01-07 00:00:00,30.0,30.0,28.7,28.7,9575
2014-01-06 00:00:00,,28.2,28.2,28.2,0
2014-01-03 00:00:00,28.5,29.0,28.2,28.2,3675
2014-01-02 00:00:00,29.4,29.5,28.5,29.0,3342
2013-12-31 00:00:00,,29.0,29.0,29.0,0
2013-12-30 00:00:00,27.5,29.5,27.5,29.0,22232
2013-12-27 00:00:00,27.4,28.7,27.4,27.5,18258
2013-12-23 00:00:00,27.5,27.9,27.5,27.9,2408
2013-12-20 00:00:00,27.1,28.5,27.1,28.2,22063
2013-12-19 00:00:00,27.7,28.7,27.7,28.4,2877
2013-12-18 00:00:00,28.9,29.0,28.0,28.0,6199
2013-12-17 00:00:00,28.0,29.0,28.0,28.1,101811
2013-12-16 00:00:00,28.7,29.0,27.7,27.7,2700
2013-12-13 00:00:00,28.4,28.5,28.4,28.4,5503
2013-12-12 00:00:00,28.5,28.5,27.5,27.5,75025
2013-12-11 00:00:00,28.0,28.5,27.5,27.5,997
2013-12-10 00:00:00,29.0,29.0,28.0,28.0,2050
2013-12-09 00:00:00,28.0,28.3,28.0,28.3,1690
2013-12-06 00:00:00,27.8,28.7,27.8,28.7,3124
2013-12-05 00:00:00,27.6,27.6,27.6,27.6,95730
2013-12-04 00:00:00,28.7,28.8,27.6,28.0,4297
2013-12-03 00:00:00,28.5,29.1,28.2,28.8,1591
2013-12-02 00:00:00,27.7,28.4,27.7,28.4,600
2013-11-29 00:00:00,28.0,28.0,27.7,28.0,6451
2013-11-28 00:00:00,28.2,28.2,28.2,28.2,83
2013-11-27 00:00:00,28.2,28.5,28.2,28.5,6207
2013-11-26 00:00:00,28.2,28.2,28.2,28.2,291
2013-11-25 00:00:00,28.7,29.8,27.7,28.5,3457
2013-11-22 00:00:00,28.5,28.6,28.5,28.6,1555
2013-11-21 00:00:00,30.5,30.5,29.0,29.0,3622
2013-11-20 00:00:00,29.2,30.5,29.0,30.5,16062
2013-11-19 00:00:00,29.5,31.0,29.0,31.0,18673
2013-11-18 00:00:00,29.3,29.3,29.3,29.3,101
2013-11-15 00:00:00,28.5,29.3,28.5,29.3,4715
2013-11-14 00:00:00,28.4,28.7,28.4,28.7,12002
2013-11-13 00:00:00,29.0,29.0,28.2,28.3,15815
2013-11-12 00:00:00,28.5,29.2,28.5,28.8,9380
2013-11-11 00:00:00,28.9,28.9,28.5,28.8,26962
2013-11-08 00:00:00,28.1,29.0,27.7,29.0,31050
2013-11-07 00:00:00,28.1,29.0,27.7,29.0,20857
2013-11-06 00:00:00,28.2,29.0,28.0,28.3,14524
2013-11-05 00:00:00,28.6,28.6,28.0,28.3,4522
2013-11-04 00:00:00,28.8,28.8,28.6,28.6,4940
2013-11-01 00:00:00,,29.1,29.1,29.1,0
2013-10-31 00:00:00,28.7,29.3,28.7,29.1,63574
2013-10-30 00:00:00,29.4,29.5,28.2,28.6,10808
2013-10-29 00:00:00,29.1,29.4,29.0,29.3,15055
2013-10-28 00:00:00,28.9,29.8,28.5,29.1,76135
2013-10-25 00:00:00,26.4,27.9,26.4,27.9,5110273
2013-10-24 00:00:00,25.0,27.4,25.0,26.7,61939
2013-10-23 00:00:00,24.6,25.0,24.5,25.0,11630
2013-10-22 00:00:00,24.2,25.4,24.2,25.1,105059
2013-10-21 00:00:00,24.1,24.3,24.1,24.3,1627
2013-10-18 00:00:00,24.0,24.6,24.0,24.5,4205
2013-10-17 00:00:00,24.4,24.5,24.4,24.5,4900
2013-10-16 00:00:00,24.0,24.4,24.0,24.4,3368
2013-10-15 00:00:00,24.0,24.0,23.8,24.0,3312
2013-10-14 00:00:00,24.5,24.5,24.0,24.1,6683
2013-10-11 00:00:00,24.4,24.4,24.3,24.4,5000
2013-10-10 00:00:00,24.1,24.5,24.0,24.5,11357
2013-10-09 00:00:00,24.4,24.9,24.3,24.9,17208
2013-10-08 00:00:00,24.6,24.6,23.8,24.5,10882
2013-10-07 00:00:00,24.0,24.2,24.0,24.1,5116
2013-10-04 00:00:00,24.4,24.4,23.6,24.0,4167
2013-10-03 00:00:00,24.2,24.7,24.2,24.2,6454
2013-10-02 00:00:00,24.1,24.6,23.5,23.5,15924
2013-10-01 00:00:00,24.1,24.7,23.7,24.7,3343
2013-09-30 00:00:00,24.0,24.2,23.9,24.0,25481
2013-09-27 00:00:00,24.0,24.7,24.0,24.0,17475
2013-09-26 00:00:00,24.0,24.0,23.9,24.0,11294
2013-09-25 00:00:00,24.0,24.0,24.0,24.0,5970
2013-09-24 00:00:00,24.5,24.5,24.0,24.0,106662
2013-09-23 00:00:00,24.1,24.5,24.1,24.5,42918
2013-09-20 00:00:00,24.8,24.9,24.0,24.7,11150
2013-09-19 00:00:00,23.5,24.8,23.1,24.8,20581
2013-09-18 00:00:00,23.8,23.9,23.2,23.5,6315
2013-09-17 00:00:00,23.3,23.3,23.0,23.1,568
2013-09-16 00:00:00,22.3,23.8,22.3,23.8,4410
2013-09-13 00:00:00,23.3,23.9,23.2,23.9,3232
2013-09-12 00:00:00,23.3,23.9,23.3,23.3,670
2013-09-11 00:00:00,23.8,23.9,23.8,23.9,7360
2013-09-10 00:00:00,23.6,23.9,23.6,23.9,5183
2013-09-09 00:00:00,23.7,23.7,23.6,23.6,9305
2013-09-06 00:00:00,23.1,23.1,23.1,23.1,640
2013-09-05 00:00:00,22.4,23.2,22.4,23.0,8616
2013-09-04 00:00:00,23.0,23.0,23.0,23.0,12670
2013-09-03 00:00:00,23.0,23.1,23.0,23.1,1800
2013-09-02 00:00:00,22.1,23.0,22.1,23.0,54286
2013-08-30 00:00:00,23.9,23.9,23.2,23.3,6584
2013-08-29 00:00:00,23.1,24.2,23.1,24.2,6741
2013-08-28 00:00:00,23.3,23.7,23.3,23.5,1134
2013-08-27 00:00:00,23.3,23.7,23.3,23.7,89
2013-08-26 00:00:00,23.6,23.9,23.5,23.8,8294
2013-08-23 00:00:00,23.8,24.5,23.8,24.5,10400
2013-08-22 00:00:00,24.0,24.5,24.0,24.0,10350
2013-08-21 00:00:00,23.3,24.0,23.2,24.0,12249
2013-08-20 00:00:00,24.0,24.0,23.3,24.0,356
2013-08-19 00:00:00,24.5,24.5,24.0,24.0,220
2013-08-16 00:00:00,24.0,24.5,24.0,24.5,2320
2013-08-15 00:00:00,24.6,24.6,24.0,24.6,10421
2013-08-14 00:00:00,24.0,24.6,24.0,24.6,248
2013-08-13 00:00:00,24.4,24.6,23.5,24.6,3346
2013-08-12 00:00:00,24.0,24.4,24.0,24.4,3957
2013-08-09 00:00:00,23.7,24.0,23.1,24.0,1612
2013-08-08 00:00:00,24.3,24.3,23.5,23.7,1357
2013-08-07 00:00:00,23.8,23.8,23.8,23.8,1000
2013-08-06 00:00:00,24.0,24.0,23.4,24.0,1749
2013-08-05 00:00:00,24.0,24.8,24.0,24.8,264
2013-08-02 00:00:00,24.0,24.0,23.3,24.0,10230
2013-08-01 00:00:00,23.5,24.4,23.3,24.4,1449
2013-07-31 00:00:00,24.2,24.2,23.8,24.0,10310
2013-07-30 00:00:00,24.0,24.2,24.0,24.2,11387
2013-07-29 00:00:00,24.4,24.5,24.0,24.1,2398
2013-07-26 00:00:00,24.5,24.5,24.0,24.5,893
2013-07-25 00:00:00,24.0,24.5,24.0,24.5,152
2013-07-24 00:00:00,24.5,24.5,24.0,24.5,2775
2013-07-23 00:00:00,24.1,24.7,24.1,24.7,6480
2013-07-22 00:00:00,24.4,24.9,24.4,24.5,6656
2013-07-19 00:00:00,25.4,25.5,23.5,24.4,35914
2013-07-18 00:00:00,24.5,25.5,24.5,25.5,29315
2013-07-17 00:00:00,24.7,24.7,24.2,24.6,6330
2013-07-16 00:00:00,24.6,24.6,23.6,24.6,371
2013-07-15 00:00:00,24.3,24.9,23.7,24.7,3774
2013-07-12 00:00:00,24.0,24.2,23.7,24.2,1003
2013-07-11 00:00:00,24.4,24.4,23.6,24.4,175
2013-07-10 00:00:00,24.1,24.8,23.7,24.4,754
2013-07-09 00:00:00,24.0,24.9,24.0,24.9,19883
2013-07-08 00:00:00,24.0,24.0,23.4,24.0,4070
2013-07-05 00:00:00,24.2,24.5,23.3,23.3,12589
2013-07-04 00:00:00,23.7,24.2,23.5,24.2,23185
2013-07-03 00:00:00,23.9,23.9,23.1,23.6,2476
2013-07-02 00:00:00,23.1,23.2,23.1,23.2,1959
2013-07-01 00:00:00,23.1,23.2,22.5,23.2,2607
2013-06-28 00:00:00,23.2,23.2,23.1,23.1,210
2013-06-27 00:00:00,22.5,22.5,22.5,22.5,820
2013-06-26 00:00:00,23.3,23.3,22.6,22.6,7869
2013-06-25 00:00:00,22.5,23.5,22.5,23.5,1141
2013-06-24 00:00:00,23.5,23.5,22.6,23.5,7376
2013-06-21 00:00:00,,23.5,23.5,23.5,0
2013-06-20 00:00:00,23.5,23.5,22.9,23.5,1050
2013-06-19 00:00:00,23.7,24.0,23.7,24.0,6240
2013-06-18 00:00:00,24.0,24.0,24.0,24.0,12634
2013-06-17 00:00:00,23.2,24.0,23.2,24.0,2501
2013-06-14 00:00:00,24.0,24.0,22.9,24.0,9185
2013-06-13 00:00:00,22.9,24.0,22.9,24.0,9087
2013-06-12 00:00:00,23.5,23.5,23.5,23.5,300
2013-06-11 00:00:00,24.1,24.1,23.1,23.2,696
2013-06-10 00:00:00,22.8,23.8,22.8,23.7,9755
2013-06-07 00:00:00,24.0,24.0,22.6,22.6,1183
2013-06-06 00:00:00,,23.6,23.6,23.6,0
2013-06-05 00:00:00,23.6,23.6,23.6,23.6,595
2013-06-04 00:00:00,23.6,24.2,23.6,24.0,937
2013-06-03 00:00:00,24.2,24.2,23.6,23.6,10301
2013-05-31 00:00:00,23.4,24.2,23.3,24.2,2008
2013-05-30 00:00:00,23.5,24.4,23.5,24.4,810
2013-05-29 00:00:00,24.8,24.8,23.4,23.5,11455
2013-05-28 00:00:00,23.8,24.5,23.8,24.4,17921
2013-05-27 00:00:00,23.8,24.0,23.8,23.9,7855
2013-05-24 00:00:00,23.4,23.7,22.5,23.3,10710
2013-05-23 00:00:00,24.8,24.8,22.7,23.4,34296
2013-05-22 00:00:00,24.5,24.6,24.2,24.6,11153
2013-05-21 00:00:00,24.9,24.9,24.2,24.5,6517
2013-05-20 00:00:00,23.9,24.9,23.9,24.4,37846
2013-05-17 00:00:00,23.1,24.0,23.1,24.0,13911
2013-05-16 00:00:00,24.0,24.0,23.2,23.2,3600
2013-05-15 00:00:00,23.0,23.9,23.0,23.5,26435
2013-05-14 00:00:00,24.0,24.0,23.9,23.9,12500
2013-05-13 00:00:00,24.0,24.3,22.2,23.9,62706
2013-05-10 00:00:00,24.0,24.9,23.9,24.0,33815
2013-05-09 00:00:00,,24.0,24.0,24.0,0
2013-05-08 00:00:00,23.5,24.0,23.0,24.0,40103
2013-05-07 00:00:00,22.5,23.3,22.0,23.3,57135
2013-05-06 00:00:00,23.7,23.7,22.7,22.7,2959
2013-05-03 00:00:00,24.5,24.5,22.5,23.8,3002
2013-05-02 00:00:00,24.6,24.6,23.0,23.0,1852
2013-05-01 00:00:00,,24.2,24.2,24.2,0
2013-04-30 00:00:00,24.0,24.2,22.0,24.2,62059
2013-04-29 00:00:00,24.5,24.8,23.6,24.4,49969
2013-04-26 00:00:00,23.0,24.6,22.5,24.6,257463
2013-04-25 00:00:00,21.2,22.0,21.2,22.0,9132
2013-04-24 00:00:00,21.0,21.5,21.0,21.5,21420
2013-04-23 00:00:00,21.2,21.2,20.1,21.0,14056
2013-04-22 00:00:00,20.1,21.7,20.0,20.0,5249
2013-04-19 00:00:00,20.4,21.9,20.0,21.9,48251
2013-04-18 00:00:00,22.2,22.2,20.3,20.4,3160
2013-04-17 00:00:00,20.9,21.0,20.0,20.9,22730
2013-04-16 00:00:00,20.4,21.9,20.4,21.4,11164
2013-04-15 00:00:00,21.0,22.0,20.7,22.0,11670
2013-04-12 00:00:00,21.7,22.0,21.7,22.0,24256
2013-04-11 00:00:00,22.4,22.4,22.0,22.0,11300
2013-04-10 00:00:00,22.0,22.5,22.0,22.5,5791
2013-04-09 00:00:00,22.5,22.5,22.0,22.5,95472
2013-04-08 00:00:00,22.6,23.0,22.5,22.5,10610
2013-04-05 00:00:00,22.5,22.8,22.4,22.5,13643
2013-04-04 00:00:00,22.4,22.8,22.4,22.5,3284
2013-04-03 00:00:00,22.4,22.8,22.4,22.7,4076
2013-04-02 00:00:00,22.4,22.8,21.4,22.7,12064
2013-04-01 00:00:00,,22.5,22.5,22.5,0
2013-03-29 00:00:00,22.4,22.5,22.5,22.5,18120
2013-03-28 00:00:00,22.4,23.2,22.4,22.4,18120
2013-03-27 00:00:00,22.4,23.2,22.4,22.4,18120
2013-03-26 00:00:00,23.0,23.5,22.5,23.0,24035
2013-03-25 00:00:00,22.5,23.4,22.5,23.1,106383
2013-03-22 00:00:00,21.9,22.4,21.6,22.4,14230
2013-03-21 00:00:00,21.7,21.9,21.2,21.9,111685
2013-03-20 00:00:00,20.4,21.7,20.4,21.7,15574
2013-03-19 00:00:00,20.2,21.3,20.2,21.0,18414
2013-03-18 00:00:00,20.5,20.5,20.1,20.1,7099
2013-03-15 00:00:00,21.0,21.0,20.5,20.5,11927
2013-03-14 00:00:00,21.4,21.4,20.8,21.2,19056
2013-03-13 00:00:00,20.0,21.0,20.0,21.0,40797
2013-03-12 00:00:00,19.6,20.2,19.6,20.0,19123
2013-03-11 00:00:00,20.0,20.5,19.8,20.0,28820
2013-03-08 00:00:00,20.0,20.0,19.5,19.5,43800
2013-03-07 00:00:00,19.3,20.0,18.8,20.0,37513
2013-03-06 00:00:00,19.5,19.5,18.5,19.4,7789
2013-03-05 00:00:00,18.8,19.7,18.8,19.5,7169
2013-03-04 00:00:00,19.7,19.7,18.7,19.2,4232
2013-03-01 00:00:00,19.9,19.9,19.0,19.7,6960
2013-02-28 00:00:00,18.9,19.7,18.7,19.7,14577
2013-02-27 00:00:00,19.0,19.0,18.1,18.8,10805
2013-02-26 00:00:00,18.9,19.0,18.6,19.0,9414
2013-02-25 00:00:00,18.5,18.9,18.3,18.9,3659
2013-02-22 00:00:00,18.3,19.5,18.3,19.0,19560
2013-02-21 00:00:00,19.0,19.0,18.5,18.5,7781
2013-02-20 00:00:00,19.0,19.0,18.5,18.5,13154
2013-02-19 00:00:00,19.0,19.5,18.9,18.9,40774
2013-02-18 00:00:00,19.0,19.0,18.1,18.7,12885
2013-02-15 00:00:00,18.0,19.5,18.0,18.9,29643
2013-02-14 00:00:00,17.7,18.0,17.7,18.0,704
2013-02-13 00:00:00,17.7,18.0,17.7,18.0,13541
2013-02-12 00:00:00,17.8,17.8,17.3,17.8,8727
2013-02-11 00:00:00,18.0,18.0,17.2,17.8,5916
2013-02-08 00:00:00,16.2,18.5,16.0,18.0,195176
2013-02-07 00:00:00,15.5,16.3,15.1,16.0,26795
2013-02-06 00:00:00,15.2,15.9,15.2,15.5,16082
2013-02-05 00:00:00,15.5,15.9,15.2,15.7,2619
2013-02-04 00:00:00,15.8,15.8,15.5,15.5,185
2013-02-01 00:00:00,15.2,15.7,14.9,15.4,19295
2013-01-31 00:00:00,15.2,15.7,15.0,15.7,3549
2013-01-30 00:00:00,15.8,16.0,15.8,15.8,285
2013-01-29 00:00:00,15.2,16.1,14.3,15.8,7267
2013-01-28 00:00:00,16.6,16.6,15.9,16.4,5915
2013-01-25 00:00:00,16.8,16.8,15.5,16.3,6934
2013-01-24 00:00:00,16.0,16.0,15.8,16.0,51981
2013-01-23 00:00:00,16.1,16.5,15.7,15.7,28232
2013-01-22 00:00:00,16.0,16.0,15.7,16.0,7784
2013-01-21 00:00:00,16.1,16.1,15.8,16.1,11227
2013-01-18 00:00:00,16.0,16.0,15.7,16.0,6444
2013-01-17 00:00:00,16.0,16.0,16.0,16.0,200
2013-01-16 00:00:00,15.7,16.0,15.5,16.0,114555
2013-01-15 00:00:00,15.5,15.7,15.0,15.7,59265
2013-01-14 00:00:00,14.8,16.0,14.8,15.5,37705
2013-01-11 00:00:00,14.5,14.8,14.5,14.7,3726
2013-01-10 00:00:00,14.5,14.8,14.45,14.5,26460
2013-01-09 00:00:00,14.3,14.9,14.2,14.6,12952
2013-01-08 00:00:00,14.25,14.5,14.15,14.4,2744
2013-01-07 00:00:00,14.4,14.9,14.15,14.25,12491
2013-01-04 00:00:00,13.7,14.8,13.65,14.8,12003
2013-01-03 00:00:00,13.8,13.8,13.7,13.7,12450
2013-01-02 00:00:00,13.5,14.0,13.4,14.0,22898
2013-01-01 00:00:00,,13.4,13.4,13.4,0
2012-12-31 00:00:00,,13.4,13.4,13.4,0
2012-12-28 00:00:00,13.0,13.4,13.0,13.4,19986
2012-12-27 00:00:00,13.0,13.35,13.0,13.2,10041
2012-12-26 00:00:00,,13.0,13.0,13.0,0
2012-12-25 00:00:00,,13.0,13.0,13.0,0
2012-12-24 00:00:00,,13.0,13.0,13.0,0
2012-12-21 00:00:00,12.9,13.0,12.8,13.0,20305
2012-12-20 00:00:00,13.0,13.25,12.85,13.0,4384
2012-12-19 00:00:00,12.9,13.95,12.85,13.3,20650
2012-12-18 00:00:00,12.0,12.9,12.0,12.7,810789
2012-12-17 00:00:00,12.0,12.4,11.75,12.4,14410
2012-12-14 00:00:00,12.15,12.15,11.8,12.1,263
2012-12-13 00:00:00,11.8,12.05,11.8,12.05,3115
2012-12-12 00:00:00,12.05,12.1,11.8,12.1,6130
2012-12-11 00:00:00,11.75,12.45,11.75,12.15,6577
2012-12-10 00:00:00,11.55,12.4,11.55,12.3,7208
2012-12-07 00:00:00,12.5,12.5,11.95,12.45,51518
2012-12-06 00:00:00,12.0,12.5,12.0,12.0,7596
2012-12-05 00:00:00,11.95,12.5,11.95,12.1,10182
2012-12-04 00:00:00,12.0,12.25,12.0,12.0,4515
2012-12-03 00:00:00,12.8,12.8,12.05,12.5,666
2012-11-30 00:00:00,12.25,12.25,12.15,12.25,2200
2012-11-29 00:00:00,12.0,12.25,12.0,12.25,517
2012-11-28 00:00:00,12.0,12.25,11.75,12.25,2010
2012-11-27 00:00:00,,12.25,12.25,12.25,0
2012-11-26 00:00:00,12.05,12.25,12.0,12.25,2251
2012-11-23 00:00:00,12.05,12.5,12.0,12.45,11724
2012-11-22 00:00:00,12.45,12.45,12.45,12.45,220
2012-11-21 00:00:00,12.55,12.55,12.0,12.5,16729
2012-11-20 00:00:00,12.6,12.6,12.05,12.4,19439
2012-11-19 00:00:00,12.5,12.6,12.15,12.15,6010
2012-11-16 00:00:00,12.0,12.6,12.0,12.6,12814
2012-11-15 00:00:00,12.5,12.5,12.3,12.5,6753
2012-11-14 00:00:00,12.5,12.7,12.4,12.5,14105
2012-11-13 00:00:00,12.45,12.5,12.45,12.5,9568
2012-11-12 00:00:00,12.65,12.65,12.2,12.5,1953
2012-11-09 00:00:00,12.1,12.65,12.1,12.65,44543
2012-11-08 00:00:00,12.7,12.7,12.1,12.5,31487
2012-11-07 00:00:00,,13.0,13.0,13.0,0
2012-11-06 00:00:00,,13.0,13.0,13.0,0
2012-11-05 00:00:00,12.05,13.0,12.05,13.0,42064
2012-11-02 00:00:00,,13.5,13.5,13.5,0
2012-11-01 00:00:00,,13.5,13.5,13.5,0
2012-10-31 00:00:00,13.4,13.5,13.4,13.5,280
2012-10-30 00:00:00,13.1,13.6,12.95,13.4,2830
2012-10-29 00:00:00,13.7,13.7,13.0,13.6,1535
2012-10-26 00:00:00,12.75,14.0,12.75,13.75,28696
2012-10-25 00:00:00,12.65,12.65,12.65,12.65,5
2012-10-24 00:00:00,12.5,12.5,11.5,12.15,7594
2012-10-23 00:00:00,12.1,12.65,12.1,12.65,105
2012-10-22 00:00:00,12.3,12.5,12.15,12.2,3069
2012-10-19 00:00:00,12.65,12.65,12.05,12.65,257
2012-10-18 00:00:00,12.15,12.5,12.15,12.15,710
2012-10-17 00:00:00,12.25,12.7,12.25,12.7,7017
2012-10-16 00:00:00,12.6,12.75,12.45,12.75,4214
2012-10-15 00:00:00,12.75,13.0,12.75,12.75,1471
2012-10-12 00:00:00,12.45,13.0,12.45,13.0,218
2012-10-11 00:00:00,12.5,13.0,12.5,13.0,843
2012-10-10 00:00:00,13.0,13.0,13.0,13.0,1006
2012-10-09 00:00:00,,12.95,12.95,12.95,0
2012-10-08 00:00:00,,12.95,12.95,12.95,0
2012-10-05 00:00:00,12.45,12.95,12.45,12.95,232
2012-10-04 00:00:00,12.95,12.95,12.45,12.95,257
2012-10-03 00:00:00,12.5,13.2,12.45,13.0,49327
2012-10-02 00:00:00,13.25,13.25,12.5,12.5,25406
2012-10-01 00:00:00,12.55,13.1,12.55,13.1,551
2012-09-28 00:00:00,,13.3,13.3,13.3,0
2012-09-27 00:00:00,12.55,13.3,12.55,13.3,10215
2012-09-26 00:00:00,12.7,13.5,12.7,13.45,1010
2012-09-25 00:00:00,12.8,13.5,12.8,13.5,27950
2012-09-24 00:00:00,13.45,13.45,13.0,13.45,20020
2012-09-21 00:00:00,12.55,13.75,12.55,13.25,102714
2012-09-20 00:00:00,12.9,13.0,12.9,13.0,688
2012-09-19 00:00:00,12.5,13.6,12.5,13.6,10049
2012-09-18 00:00:00,12.7,12.7,12.0,12.5,104774
2012-09-17 00:00:00,11.75,12.6,11.75,12.6,25963
2012-09-14 00:00:00,12.3,12.3,12.0,12.0,21915
2012-09-13 00:00:00,11.95,12.5,11.95,12.5,37923
2012-09-12 00:00:00,12.0,12.0,11.55,12.0,6419
2012-09-11 00:00:00,12.0,12.0,11.65,11.95,21782
2012-09-10 00:00:00,11.5,12.0,11.0,12.0,11267
