Dates,Open,High,Low,Close,Volume
2016-07-22 00:00:00,,20.7,20.7,20.7,0
2016-07-21 00:00:00,,20.7,20.7,20.7,0
2016-07-20 00:00:00,20.8,20.8,20.7,20.7,2012
2016-07-19 00:00:00,21.0,21.0,20.8,21.0,5911
2016-07-18 00:00:00,21.0,21.0,21.0,21.0,5
2016-07-15 00:00:00,20.6,20.8,20.6,20.8,1101
2016-07-14 00:00:00,,20.7,20.7,20.7,0
2016-07-13 00:00:00,,20.7,20.7,20.7,0
2016-07-12 00:00:00,,20.7,20.7,20.7,0
2016-07-11 00:00:00,,20.7,20.7,20.7,0
2016-07-08 00:00:00,20.7,20.7,20.7,20.7,110
2016-07-07 00:00:00,20.7,20.7,20.7,20.7,790
2016-07-06 00:00:00,20.7,20.7,20.4,20.6,3884
2016-07-05 00:00:00,20.7,20.7,20.7,20.7,1388
2016-07-04 00:00:00,20.7,20.8,20.7,20.8,1029
2016-07-01 00:00:00,20.9,20.9,20.9,20.9,309
2016-06-30 00:00:00,21.1,21.1,20.8,20.8,871
2016-06-29 00:00:00,21.8,21.8,20.8,20.8,1209
2016-06-28 00:00:00,20.9,21.9,20.9,21.9,1725
2016-06-27 00:00:00,20.7,21.3,20.7,20.8,2503
2016-06-24 00:00:00,,20.7,20.7,20.7,0
2016-06-23 00:00:00,20.7,20.7,20.7,20.7,506
2016-06-22 00:00:00,20.5,20.5,20.5,20.5,2000
2016-06-21 00:00:00,,21.2,21.2,21.2,0
2016-06-20 00:00:00,21.3,21.3,20.7,21.2,292
2016-06-17 00:00:00,20.9,20.9,20.7,20.7,1650
2016-06-16 00:00:00,21.6,21.6,20.9,20.9,1321
2016-06-15 00:00:00,20.9,21.6,20.9,21.6,603
2016-06-14 00:00:00,21.6,21.6,20.9,20.9,507
2016-06-13 00:00:00,20.9,21.8,20.9,21.6,320
2016-06-10 00:00:00,20.9,20.9,20.9,20.9,488
2016-06-09 00:00:00,21.9,21.9,21.9,21.9,10
2016-06-08 00:00:00,22.0,22.0,21.0,21.9,1215
2016-06-07 00:00:00,21.1,21.1,21.1,21.1,1026
2016-06-06 00:00:00,,20.8,20.8,20.8,0
2016-06-03 00:00:00,20.8,20.8,20.8,20.8,255
2016-06-02 00:00:00,20.7,20.7,20.7,20.7,351
2016-06-01 00:00:00,21.7,21.7,20.3,20.3,112
2016-05-31 00:00:00,21.8,21.8,20.9,20.9,113
2016-05-30 00:00:00,21.0,21.0,21.0,21.0,300
2016-05-27 00:00:00,,20.8,20.8,20.8,0
2016-05-26 00:00:00,20.8,20.9,20.8,20.8,2446
2016-05-25 00:00:00,,21.0,21.0,21.0,0
2016-05-24 00:00:00,,21.0,21.0,21.0,0
2016-05-23 00:00:00,21.0,21.0,20.7,21.0,1091
2016-05-20 00:00:00,21.0,21.0,21.0,21.0,30
2016-05-19 00:00:00,21.0,21.0,21.0,21.0,614
2016-05-18 00:00:00,,20.8,20.8,20.8,0
2016-05-17 00:00:00,20.8,20.8,20.8,20.8,10
2016-05-16 00:00:00,20.8,20.8,20.7,20.7,698
2016-05-13 00:00:00,20.8,20.8,20.8,20.8,2044
2016-05-12 00:00:00,20.8,20.8,20.8,20.8,245
2016-05-11 00:00:00,20.8,20.8,20.8,20.8,201
2016-05-10 00:00:00,21.0,21.0,21.0,21.0,10
2016-05-09 00:00:00,20.8,20.8,20.7,20.7,110
2016-05-06 00:00:00,20.8,21.0,20.3,20.8,7840
2016-05-05 00:00:00,,21.0,21.0,21.0,0
2016-05-04 00:00:00,,21.0,21.0,21.0,0
2016-05-03 00:00:00,20.8,21.0,20.8,21.0,597
2016-05-02 00:00:00,20.7,20.8,20.7,20.8,1303
2016-04-29 00:00:00,21.0,21.0,20.7,20.7,370
2016-04-28 00:00:00,21.0,21.0,21.0,21.0,20
2016-04-27 00:00:00,20.7,21.0,20.7,21.0,1000
2016-04-26 00:00:00,20.7,20.7,20.7,20.7,253
2016-04-25 00:00:00,,21.0,21.0,21.0,0
2016-04-22 00:00:00,20.6,21.0,20.6,21.0,2000
2016-04-21 00:00:00,20.6,20.9,20.6,20.9,243
2016-04-20 00:00:00,20.9,20.9,20.9,20.9,360
2016-04-19 00:00:00,20.6,21.0,20.5,21.0,515
2016-04-18 00:00:00,21.0,21.0,20.7,20.7,6489
2016-04-15 00:00:00,21.3,21.3,21.0,21.0,8709
2016-04-14 00:00:00,20.9,21.0,20.9,20.9,11080
2016-04-13 00:00:00,,20.9,20.9,20.9,0
2016-04-12 00:00:00,20.9,20.9,20.9,20.9,1556
2016-04-11 00:00:00,20.9,21.0,20.9,20.9,2092
2016-04-08 00:00:00,20.9,20.9,20.9,20.9,1530
2016-04-07 00:00:00,20.9,21.0,20.9,21.0,2719
2016-04-06 00:00:00,21.2,21.2,20.9,21.0,1580
2016-04-05 00:00:00,20.6,20.6,20.6,20.6,30
2016-04-04 00:00:00,20.6,20.6,20.6,20.6,180
2016-04-01 00:00:00,21.0,21.0,20.9,20.9,592
2016-03-31 00:00:00,21.0,21.0,20.9,21.0,7929
2016-03-30 00:00:00,20.9,21.1,20.9,21.0,2616
2016-03-29 00:00:00,20.8,20.9,20.8,20.8,10719
2016-03-28 00:00:00,,20.8,20.8,20.8,0
2016-03-25 00:00:00,,20.8,20.8,20.8,0
2016-03-24 00:00:00,,20.8,20.8,20.8,0
2016-03-23 00:00:00,,20.8,20.8,20.8,0
2016-03-22 00:00:00,20.8,20.8,20.8,20.8,103631
2016-03-21 00:00:00,20.8,20.9,20.8,20.9,1314
2016-03-18 00:00:00,20.8,20.9,20.8,20.8,32300
2016-03-17 00:00:00,20.8,20.9,20.8,20.9,36770
2016-03-16 00:00:00,,20.8,20.8,20.8,0
2016-03-15 00:00:00,20.9,20.9,20.8,20.8,30265
2016-03-14 00:00:00,20.9,20.9,20.8,20.9,26755
2016-03-11 00:00:00,20.8,20.8,20.8,20.8,861
2016-03-10 00:00:00,20.8,20.8,20.8,20.8,8100
2016-03-09 00:00:00,20.8,20.9,20.8,20.9,16777
2016-03-08 00:00:00,20.8,20.8,20.8,20.8,21008
2016-03-07 00:00:00,20.7,20.9,20.7,20.8,139976
2016-03-04 00:00:00,20.7,20.7,20.7,20.7,12789
2016-03-03 00:00:00,20.7,20.8,20.7,20.8,14930
2016-03-02 00:00:00,20.7,20.8,20.7,20.7,199751
2016-03-01 00:00:00,20.7,20.7,20.6,20.7,6534
2016-02-29 00:00:00,20.6,20.8,20.4,20.7,131237
2016-02-26 00:00:00,17.0,17.2,16.9,16.9,4439
2016-02-25 00:00:00,17.5,17.5,17.0,17.2,3550
2016-02-24 00:00:00,17.0,17.1,17.0,17.0,5276
2016-02-23 00:00:00,17.3,17.3,16.9,17.0,1820
2016-02-22 00:00:00,17.1,17.2,17.1,17.2,31
2016-02-19 00:00:00,17.0,17.0,17.0,17.0,843
2016-02-18 00:00:00,17.6,17.6,17.4,17.5,868
2016-02-17 00:00:00,17.3,17.3,17.3,17.3,10
2016-02-16 00:00:00,16.8,17.3,16.8,17.0,584
2016-02-15 00:00:00,17.0,17.0,17.0,17.0,424
2016-02-12 00:00:00,16.5,17.1,16.5,17.0,7838
2016-02-11 00:00:00,16.8,17.1,16.6,17.1,147
2016-02-10 00:00:00,16.8,17.1,16.8,17.1,1864
2016-02-09 00:00:00,16.6,16.8,16.5,16.5,6021
2016-02-08 00:00:00,16.7,16.8,16.7,16.8,1002
2016-02-05 00:00:00,16.9,17.2,16.9,16.9,3082
2016-02-04 00:00:00,,17.2,17.2,17.2,0
2016-02-03 00:00:00,17.4,17.9,17.2,17.2,7377
2016-02-02 00:00:00,17.7,17.7,17.2,17.4,5924
2016-02-01 00:00:00,17.8,18.0,17.8,18.0,8351
2016-01-29 00:00:00,17.7,18.8,16.9,18.0,17429
2016-01-28 00:00:00,17.2,17.9,17.2,17.9,6852
2016-01-27 00:00:00,17.2,17.3,17.2,17.3,5961
2016-01-26 00:00:00,17.1,17.1,17.0,17.0,1200
2016-01-25 00:00:00,16.5,17.1,16.5,17.1,1160
2016-01-22 00:00:00,16.5,16.5,16.5,16.5,637
2016-01-21 00:00:00,16.3,16.4,16.3,16.3,650
2016-01-20 00:00:00,16.3,16.5,16.3,16.3,1006
2016-01-19 00:00:00,16.4,16.4,16.2,16.2,323
2016-01-18 00:00:00,16.2,16.4,16.2,16.2,2700
2016-01-15 00:00:00,16.2,16.2,16.1,16.1,5087
2016-01-14 00:00:00,16.3,16.4,16.1,16.1,3446
2016-01-13 00:00:00,16.6,16.7,16.3,16.7,2360
2016-01-12 00:00:00,16.8,17.1,16.8,16.9,1204
2016-01-11 00:00:00,17.0,17.1,17.0,17.1,1801
2016-01-08 00:00:00,16.4,17.0,16.0,17.0,12348
2016-01-07 00:00:00,16.2,16.4,16.0,16.1,6724
2016-01-06 00:00:00,,16.5,16.5,16.5,0
2016-01-05 00:00:00,16.5,16.5,16.5,16.5,9
2016-01-04 00:00:00,17.2,17.2,16.5,16.5,19741
2016-01-01 00:00:00,,17.2,17.2,17.2,0
2015-12-31 00:00:00,,17.2,17.2,17.2,0
2015-12-30 00:00:00,16.5,17.2,16.2,17.2,23517
2015-12-29 00:00:00,16.3,16.9,16.3,16.5,5164
2015-12-28 00:00:00,16.5,16.9,16.5,16.9,5641
2015-12-25 00:00:00,16.3,16.9,16.3,16.9,618
2015-12-24 00:00:00,16.3,16.9,16.3,16.9,618
2015-12-23 00:00:00,16.3,16.9,16.3,16.9,618
2015-12-22 00:00:00,16.1,16.9,16.1,16.4,6050
2015-12-21 00:00:00,16.2,16.3,16.0,16.3,5776
2015-12-18 00:00:00,16.4,16.4,16.4,16.4,1100
2015-12-17 00:00:00,16.6,16.7,16.6,16.7,3753
2015-12-16 00:00:00,16.9,16.9,16.6,16.6,1975
2015-12-15 00:00:00,16.5,16.9,16.5,16.9,3802
2015-12-14 00:00:00,16.6,16.6,16.4,16.4,1040
2015-12-11 00:00:00,,16.3,16.3,16.3,0
2015-12-10 00:00:00,16.9,16.9,16.0,16.3,33711
2015-12-09 00:00:00,,16.5,16.5,16.5,0
2015-12-08 00:00:00,16.5,16.5,16.5,16.5,14
2015-12-07 00:00:00,16.4,16.7,16.3,16.7,9770
2015-12-04 00:00:00,16.7,16.9,16.3,16.4,6306
2015-12-03 00:00:00,17.0,17.0,16.7,16.9,13368
2015-12-02 00:00:00,17.0,17.1,16.7,17.0,2802
2015-12-01 00:00:00,17.4,17.4,16.5,16.8,42323
2015-11-30 00:00:00,16.9,17.3,16.6,17.3,49423
2015-11-27 00:00:00,16.5,16.9,16.5,16.9,4263
2015-11-26 00:00:00,16.1,16.1,16.1,16.1,500
2015-11-25 00:00:00,16.1,16.1,16.1,16.1,634
2015-11-24 00:00:00,16.0,16.1,15.5,16.1,49647
2015-11-23 00:00:00,16.0,16.1,16.0,16.1,86
2015-11-20 00:00:00,16.1,16.1,16.1,16.1,27593
2015-11-19 00:00:00,16.1,16.1,16.0,16.0,483
2015-11-18 00:00:00,16.1,16.1,16.0,16.1,5767
2015-11-17 00:00:00,16.3,16.3,16.3,16.3,2243
2015-11-16 00:00:00,16.2,16.3,16.2,16.2,3396
2015-11-13 00:00:00,16.2,16.2,16.2,16.2,1500
2015-11-12 00:00:00,16.5,16.5,16.2,16.2,1058
2015-11-11 00:00:00,16.5,16.5,16.5,16.5,4359
2015-11-10 00:00:00,16.1,16.5,16.1,16.5,609
2015-11-09 00:00:00,16.0,16.0,16.0,16.0,110
2015-11-06 00:00:00,16.2,16.6,16.0,16.6,662
2015-11-05 00:00:00,16.6,16.6,16.6,16.6,60
2015-11-04 00:00:00,16.8,16.8,16.3,16.3,330
2015-11-03 00:00:00,16.3,16.7,16.3,16.7,754
2015-11-02 00:00:00,16.0,16.2,15.3,16.2,12026
2015-10-30 00:00:00,,15.8,15.8,15.8,0
2015-10-29 00:00:00,15.8,16.0,15.8,15.8,714
2015-10-28 00:00:00,15.9,16.1,15.8,15.8,2617
2015-10-27 00:00:00,16.1,16.1,16.0,16.0,1651
2015-10-26 00:00:00,16.0,16.1,15.7,16.0,9549
2015-10-23 00:00:00,15.6,16.2,15.6,16.0,1876
2015-10-22 00:00:00,16.1,16.2,15.8,16.2,8504
2015-10-21 00:00:00,16.4,16.4,15.7,16.1,6446
2015-10-20 00:00:00,16.8,16.8,16.1,16.4,4075
2015-10-19 00:00:00,17.0,17.0,16.8,16.9,31752
2015-10-16 00:00:00,16.8,17.0,16.5,16.8,7271
2015-10-15 00:00:00,16.8,16.8,16.8,16.8,585
2015-10-14 00:00:00,16.9,16.9,16.9,16.9,179
2015-10-13 00:00:00,16.9,16.9,16.8,16.9,3160
2015-10-12 00:00:00,16.7,17.0,16.7,17.0,1349
2015-10-09 00:00:00,16.9,17.0,16.9,16.9,2401
2015-10-08 00:00:00,16.8,16.8,16.8,16.8,1
2015-10-07 00:00:00,16.9,17.0,16.8,16.8,6564
2015-10-06 00:00:00,16.8,17.0,16.8,17.0,3418
2015-10-05 00:00:00,16.6,16.8,16.5,16.8,30263
2015-10-02 00:00:00,16.5,16.5,16.5,16.5,50
2015-10-01 00:00:00,16.6,17.0,16.6,17.0,2025
2015-09-30 00:00:00,16.5,17.0,16.5,17.0,1630
2015-09-29 00:00:00,16.3,16.5,16.3,16.5,1307
2015-09-28 00:00:00,17.0,17.0,16.8,16.8,600
2015-09-25 00:00:00,16.8,17.0,16.8,17.0,2862
2015-09-24 00:00:00,17.0,17.0,16.8,16.8,2218
2015-09-23 00:00:00,16.6,16.9,16.6,16.9,1605
2015-09-22 00:00:00,17.2,17.2,16.6,16.9,12216
2015-09-21 00:00:00,17.0,17.3,16.9,17.1,17800
2015-09-18 00:00:00,16.9,17.0,16.9,17.0,15300
2015-09-17 00:00:00,,17.0,17.0,17.0,0
2015-09-16 00:00:00,17.0,17.0,16.8,17.0,8180
2015-09-15 00:00:00,16.8,17.0,16.5,17.0,16866
2015-09-14 00:00:00,16.5,16.5,16.5,16.5,5844
2015-09-11 00:00:00,16.1,16.5,16.1,16.5,46245
2015-09-10 00:00:00,16.1,16.8,16.0,16.1,53719
2015-09-09 00:00:00,16.1,16.1,16.0,16.0,4750
2015-09-08 00:00:00,16.0,16.1,16.0,16.1,928
2015-09-07 00:00:00,16.0,16.2,16.0,16.0,17864
2015-09-04 00:00:00,16.2,16.3,16.2,16.2,8000
2015-09-03 00:00:00,16.0,16.3,16.0,16.0,6628
2015-09-02 00:00:00,15.8,16.3,15.8,16.2,31450
2015-09-01 00:00:00,16.0,16.1,16.0,16.0,1570
2015-08-31 00:00:00,16.1,16.1,15.6,16.1,4080
2015-08-28 00:00:00,16.5,16.5,16.3,16.3,8864
2015-08-27 00:00:00,16.4,16.5,16.4,16.5,4925
2015-08-26 00:00:00,16.4,16.4,16.1,16.4,3965
2015-08-25 00:00:00,16.4,16.4,16.0,16.4,2159
2015-08-24 00:00:00,15.5,16.4,15.5,16.0,17519
2015-08-21 00:00:00,16.4,16.4,15.8,16.3,931
2015-08-20 00:00:00,16.9,16.9,16.5,16.5,2122
2015-08-19 00:00:00,16.6,17.1,16.6,16.8,22225
2015-08-18 00:00:00,17.5,17.5,16.1,16.1,7044
2015-08-17 00:00:00,16.0,16.6,15.7,16.5,9926
2015-08-14 00:00:00,16.0,16.0,16.0,16.0,16967
2015-08-13 00:00:00,16.2,16.2,15.9,15.9,4539
2015-08-12 00:00:00,16.2,16.2,15.9,15.9,31550
2015-08-11 00:00:00,16.5,16.8,15.6,16.2,22519
2015-08-10 00:00:00,16.8,16.9,16.6,16.6,18748
2015-08-07 00:00:00,16.8,16.8,16.3,16.8,4671
2015-08-06 00:00:00,16.8,16.8,16.5,16.8,8776
2015-08-05 00:00:00,16.6,16.8,16.5,16.8,310
2015-08-04 00:00:00,17.0,17.0,16.6,16.9,6924
2015-08-03 00:00:00,16.9,17.4,16.7,17.0,3886
2015-07-31 00:00:00,17.0,17.0,16.6,16.6,4320
2015-07-30 00:00:00,16.7,16.9,16.4,16.9,13850
2015-07-29 00:00:00,16.7,16.7,16.4,16.4,10006
2015-07-28 00:00:00,16.9,17.0,16.6,16.6,19672
2015-07-27 00:00:00,17.3,18.5,16.7,16.7,42412
2015-07-24 00:00:00,17.0,17.3,16.7,17.0,3542
2015-07-23 00:00:00,17.1,17.1,17.1,17.1,110
2015-07-22 00:00:00,,17.0,17.0,17.0,0
2015-07-21 00:00:00,17.1,17.1,17.0,17.0,20900
2015-07-20 00:00:00,17.2,17.3,17.1,17.1,13529
2015-07-17 00:00:00,17.0,17.0,17.0,17.0,3006
2015-07-16 00:00:00,17.0,17.3,16.9,17.3,4121
2015-07-15 00:00:00,16.7,16.7,16.7,16.7,209
2015-07-14 00:00:00,16.7,17.3,16.7,17.0,2167
2015-07-13 00:00:00,17.3,17.9,17.0,17.3,12547
2015-07-10 00:00:00,17.0,17.0,17.0,17.0,1200
2015-07-09 00:00:00,16.9,17.0,16.8,17.0,3346
2015-07-08 00:00:00,17.1,17.1,17.0,17.0,5808
2015-07-07 00:00:00,17.0,17.0,17.0,17.0,1000
2015-07-06 00:00:00,17.2,17.2,16.9,17.1,1395
2015-07-03 00:00:00,17.0,17.0,17.0,17.0,8
2015-07-02 00:00:00,17.0,17.3,17.0,17.3,8
2015-07-01 00:00:00,17.0,17.3,17.0,17.3,10494
2015-06-30 00:00:00,17.1,17.1,17.0,17.0,26500
2015-06-29 00:00:00,17.3,17.5,16.9,17.0,47642
2015-06-26 00:00:00,17.3,17.6,17.1,17.2,16359
2015-06-25 00:00:00,,16.9,16.9,16.9,0
2015-06-24 00:00:00,17.0,17.3,16.9,16.9,9021
2015-06-23 00:00:00,17.1,17.3,17.1,17.3,13341
2015-06-22 00:00:00,17.1,17.4,17.1,17.4,4300
2015-06-19 00:00:00,,17.1,17.1,17.1,0
2015-06-18 00:00:00,17.1,17.2,17.0,17.1,10417
2015-06-17 00:00:00,17.1,17.1,17.1,17.1,200
2015-06-16 00:00:00,17.0,17.0,17.0,17.0,4829
2015-06-15 00:00:00,17.4,17.4,17.1,17.1,48760
2015-06-12 00:00:00,17.3,17.3,17.3,17.3,100
2015-06-11 00:00:00,17.2,17.2,17.2,17.2,2000
2015-06-10 00:00:00,17.1,17.3,17.1,17.3,720
2015-06-09 00:00:00,17.3,17.3,17.2,17.2,507
2015-06-08 00:00:00,17.3,17.3,17.3,17.3,67
2015-06-05 00:00:00,17.3,17.3,17.2,17.2,6000
2015-06-04 00:00:00,17.3,17.4,17.3,17.3,3744
2015-06-03 00:00:00,17.4,17.6,17.3,17.6,4397
2015-06-02 00:00:00,17.3,17.5,17.3,17.3,5644
2015-06-01 00:00:00,17.6,17.6,17.3,17.3,7028
2015-05-29 00:00:00,17.0,17.6,17.0,17.6,16112
2015-05-28 00:00:00,17.2,17.6,17.1,17.6,1081
2015-05-27 00:00:00,17.3,17.6,17.3,17.3,7303
2015-05-26 00:00:00,17.8,17.8,17.3,17.3,4271
2015-05-25 00:00:00,17.3,17.6,17.3,17.5,8442
2015-05-22 00:00:00,17.5,17.6,17.3,17.6,773
2015-05-21 00:00:00,17.5,17.7,17.4,17.6,5022
2015-05-20 00:00:00,17.5,17.8,17.3,17.5,6087
2015-05-19 00:00:00,17.7,17.8,17.5,17.5,2785
2015-05-18 00:00:00,17.6,17.6,17.5,17.5,33743
2015-05-15 00:00:00,17.5,18.0,17.5,17.8,60902
2015-05-14 00:00:00,17.7,17.7,17.7,17.7,15500
2015-05-13 00:00:00,17.7,17.7,17.7,17.7,15500
2015-05-12 00:00:00,17.7,17.7,17.6,17.7,6550
2015-05-11 00:00:00,18.0,18.0,17.7,17.7,8825
2015-05-08 00:00:00,17.9,17.9,17.7,17.7,103340
2015-05-07 00:00:00,18.0,18.0,17.7,17.9,10575
2015-05-06 00:00:00,18.4,18.8,18.3,18.6,29600
2015-05-05 00:00:00,18.6,18.7,18.3,18.7,3268
2015-05-04 00:00:00,18.5,18.7,18.3,18.7,22753
2015-05-01 00:00:00,18.9,18.9,18.4,18.8,2236
2015-04-30 00:00:00,18.9,18.9,18.4,18.8,2236
2015-04-29 00:00:00,19.0,19.0,18.4,18.4,5717
2015-04-28 00:00:00,19.1,19.2,18.9,19.0,29407
2015-04-27 00:00:00,18.8,19.1,18.8,19.0,19405
2015-04-24 00:00:00,18.7,19.0,18.4,19.0,29855
2015-04-23 00:00:00,19.1,19.1,18.6,18.7,4090
2015-04-22 00:00:00,18.7,19.1,18.6,19.0,35525
2015-04-21 00:00:00,19.1,19.7,18.6,19.0,31698
2015-04-20 00:00:00,18.4,20.5,18.4,19.1,87376
2015-04-17 00:00:00,18.6,18.9,18.4,18.4,24665
2015-04-16 00:00:00,19.3,19.3,18.4,18.5,111396
2015-04-15 00:00:00,17.6,19.2,17.6,18.0,40418
2015-04-14 00:00:00,17.7,18.0,17.7,17.8,8402
2015-04-13 00:00:00,18.2,18.2,17.9,17.9,1590
2015-04-10 00:00:00,17.8,17.9,17.8,17.9,2310
2015-04-09 00:00:00,18.0,18.1,18.0,18.0,1491
2015-04-08 00:00:00,17.9,18.3,17.9,18.0,3279
2015-04-07 00:00:00,18.0,18.0,17.7,18.0,15293
2015-04-02 00:00:00,17.9,17.9,17.9,17.9,589
2015-04-01 00:00:00,17.9,18.0,17.8,17.8,6738
2015-03-31 00:00:00,18.0,18.0,17.8,17.8,3090
2015-03-30 00:00:00,18.3,18.3,17.7,17.7,12612
2015-03-27 00:00:00,18.0,18.3,18.0,18.3,1147
2015-03-26 00:00:00,18.3,18.3,18.0,18.0,4840
2015-03-25 00:00:00,18.1,18.3,18.0,18.3,15998
2015-03-24 00:00:00,17.7,18.3,17.7,18.3,5904
2015-03-23 00:00:00,17.6,18.3,17.6,17.7,15012
2015-03-20 00:00:00,17.8,18.3,17.6,17.6,3396
2015-03-19 00:00:00,18.0,18.0,17.7,18.0,820
2015-03-18 00:00:00,18.0,18.0,17.8,18.0,3200
2015-03-17 00:00:00,18.0,18.0,18.0,18.0,150
2015-03-16 00:00:00,18.0,18.1,18.0,18.0,1744
2015-03-13 00:00:00,18.3,18.7,18.3,18.3,49440
2015-03-12 00:00:00,18.0,18.3,17.9,18.3,1540
2015-03-11 00:00:00,18.0,18.0,18.0,18.0,84
2015-03-10 00:00:00,18.2,18.3,18.2,18.3,3265
2015-03-09 00:00:00,17.8,18.3,17.8,18.2,14157
2015-03-06 00:00:00,18.0,18.3,17.9,18.3,1479
2015-03-05 00:00:00,18.1,18.3,17.5,18.3,18872
2015-03-04 00:00:00,18.3,18.3,17.7,17.7,6993
2015-03-03 00:00:00,18.9,19.0,18.3,18.3,4611
2015-03-02 00:00:00,19.0,19.0,17.8,18.9,18684
2015-02-27 00:00:00,19.2,19.4,19.1,19.4,575
2015-02-26 00:00:00,19.5,19.7,19.4,19.6,5962
2015-02-25 00:00:00,19.4,19.8,19.1,19.5,11876
2015-02-24 00:00:00,19.1,19.4,19.0,19.4,5263
2015-02-23 00:00:00,19.5,19.5,18.9,19.4,15905
2015-02-20 00:00:00,20.0,20.0,19.0,19.3,5812
2015-02-19 00:00:00,20.0,20.6,19.6,19.6,11066
2015-02-18 00:00:00,19.6,20.0,19.1,19.1,12978
2015-02-17 00:00:00,20.0,20.0,19.6,19.9,6659
2015-02-16 00:00:00,19.2,19.6,19.2,19.6,3151
2015-02-13 00:00:00,19.4,19.7,19.0,19.6,5572
2015-02-12 00:00:00,19.4,20.3,19.2,19.7,11740
2015-02-11 00:00:00,19.7,20.2,19.5,19.5,5889
2015-02-10 00:00:00,20.5,20.5,19.8,19.8,8082
2015-02-09 00:00:00,19.5,20.6,19.5,20.5,13099
2015-02-06 00:00:00,19.0,19.2,19.0,19.2,1015
2015-02-05 00:00:00,19.0,19.4,18.8,19.4,1828
2015-02-04 00:00:00,19.5,19.5,19.0,19.4,4305
2015-02-03 00:00:00,18.8,19.5,18.8,19.5,3247
2015-02-02 00:00:00,18.5,19.0,18.5,18.7,873
2015-01-30 00:00:00,18.5,18.9,18.5,18.6,14431
2015-01-29 00:00:00,18.2,18.9,18.1,18.5,35706
2015-01-28 00:00:00,18.5,18.5,17.5,18.3,9440
2015-01-27 00:00:00,18.1,18.5,18.1,18.5,19253
2015-01-26 00:00:00,18.7,18.7,18.3,18.3,1452
2015-01-23 00:00:00,18.5,18.9,18.4,18.4,6166
2015-01-22 00:00:00,18.9,18.9,18.4,18.4,1059
2015-01-21 00:00:00,18.9,19.0,18.5,19.0,3374
2015-01-20 00:00:00,18.3,18.5,18.3,18.5,7348
2015-01-19 00:00:00,18.5,18.5,18.3,18.3,271
2015-01-16 00:00:00,18.4,18.5,18.1,18.5,4453
2015-01-15 00:00:00,18.4,18.5,18.2,18.5,1648
2015-01-14 00:00:00,18.5,18.5,18.1,18.4,8074
2015-01-13 00:00:00,18.7,18.7,18.2,18.7,3176
2015-01-12 00:00:00,19.0,19.0,18.7,18.7,4395
2015-01-09 00:00:00,18.8,19.0,18.8,19.0,3873
2015-01-08 00:00:00,18.1,19.0,18.1,19.0,5951
2015-01-07 00:00:00,18.5,19.0,18.5,19.0,9008
2015-01-06 00:00:00,,18.5,18.5,18.5,0
2015-01-05 00:00:00,18.2,18.5,18.2,18.5,5500
2015-01-02 00:00:00,18.5,18.5,18.0,18.4,5600
2015-01-01 00:00:00,18.0,18.5,17.5,18.5,11492
2014-12-30 00:00:00,18.0,18.5,17.5,18.5,11492
2014-12-29 00:00:00,18.2,18.5,18.0,18.2,9928
2014-12-23 00:00:00,18.5,18.5,18.0,18.2,4900
2014-12-22 00:00:00,17.2,18.0,17.2,18.0,14327
2014-12-19 00:00:00,16.6,17.9,16.2,17.9,14442
2014-12-18 00:00:00,17.4,17.4,17.0,17.0,1100
2014-12-17 00:00:00,16.6,17.0,16.1,17.0,5939
2014-12-16 00:00:00,16.9,17.0,16.8,16.8,1400
2014-12-15 00:00:00,16.7,17.0,16.7,16.7,5237
2014-12-12 00:00:00,17.0,17.0,16.5,16.5,1188
2014-12-11 00:00:00,17.4,17.4,16.6,17.0,4805
2014-12-10 00:00:00,16.4,17.0,16.3,16.8,32005
2014-12-09 00:00:00,16.3,16.7,16.0,16.4,36631
2014-12-08 00:00:00,16.6,16.6,16.3,16.3,1000
2014-12-05 00:00:00,16.4,16.8,16.4,16.8,2420
2014-12-04 00:00:00,16.6,16.6,16.5,16.5,503
2014-12-03 00:00:00,16.3,16.6,16.0,16.0,1621
2014-12-02 00:00:00,16.5,16.5,16.1,16.1,3400
2014-12-01 00:00:00,16.3,16.3,16.0,16.0,7856
2014-11-28 00:00:00,16.1,16.6,16.1,16.3,3050
2014-11-27 00:00:00,16.1,16.3,16.1,16.3,3329
2014-11-26 00:00:00,,15.9,15.9,15.9,0
2014-11-25 00:00:00,,15.9,15.9,15.9,0
2014-11-24 00:00:00,15.5,15.9,15.5,15.9,902
2014-11-21 00:00:00,15.2,15.2,15.2,15.2,1
2014-11-20 00:00:00,15.5,15.9,15.5,15.9,265
2014-11-19 00:00:00,15.5,15.5,15.5,15.5,51
2014-11-18 00:00:00,15.6,15.6,15.6,15.6,250
2014-11-17 00:00:00,15.6,15.6,15.5,15.5,1975
2014-11-14 00:00:00,15.7,15.7,15.6,15.6,204
2014-11-13 00:00:00,15.8,16.2,15.7,15.7,680
2014-11-12 00:00:00,15.5,15.6,15.5,15.6,533
2014-11-11 00:00:00,15.9,15.9,15.6,15.6,317
2014-11-10 00:00:00,15.5,15.9,15.5,15.6,1005
2014-11-07 00:00:00,15.8,16.2,15.7,15.7,3770
2014-11-06 00:00:00,16.0,16.0,15.7,15.7,2326
2014-11-05 00:00:00,16.0,16.1,16.0,16.1,2793
2014-11-04 00:00:00,15.9,16.1,15.6,15.6,3571
2014-11-03 00:00:00,16.0,16.5,16.0,16.0,1201
2014-10-31 00:00:00,16.2,16.5,15.9,16.3,5606
2014-10-30 00:00:00,16.7,16.7,16.7,16.7,54
2014-10-29 00:00:00,16.5,16.5,16.4,16.4,3621
2014-10-28 00:00:00,16.7,16.7,16.2,16.7,3084
2014-10-24 00:00:00,16.1,16.5,16.0,16.4,2732
2014-10-23 00:00:00,16.1,16.3,16.0,16.3,1356
2014-10-22 00:00:00,16.0,16.3,16.0,16.3,3475
2014-10-21 00:00:00,16.4,16.9,16.4,16.9,5700
2014-10-20 00:00:00,16.1,16.1,16.1,16.1,700
2014-10-17 00:00:00,15.5,16.0,15.5,16.0,2778
2014-10-16 00:00:00,15.8,15.8,15.3,15.3,5544
2014-10-15 00:00:00,16.6,16.9,15.9,15.9,10498
2014-10-14 00:00:00,15.8,16.2,15.8,16.2,1122
2014-10-13 00:00:00,16.4,16.4,16.0,16.0,2203
2014-10-10 00:00:00,17.0,17.0,17.0,17.0,1000
2014-10-09 00:00:00,16.9,17.2,16.8,16.8,7577
2014-10-08 00:00:00,16.4,17.3,16.3,16.9,2769
2014-10-07 00:00:00,16.9,16.9,16.6,16.6,1556
2014-10-06 00:00:00,17.3,17.3,16.9,17.2,2648
2014-10-03 00:00:00,17.7,17.7,17.7,17.7,500
2014-10-02 00:00:00,18.1,18.1,17.7,17.7,620
2014-10-01 00:00:00,17.3,17.6,17.3,17.6,2955
2014-09-30 00:00:00,17.7,17.7,17.5,17.5,722
2014-09-29 00:00:00,17.4,17.7,17.4,17.7,2200
2014-09-26 00:00:00,17.2,17.6,17.1,17.3,7518
2014-09-25 00:00:00,17.1,17.4,17.1,17.4,4068
2014-09-24 00:00:00,17.1,17.1,17.1,17.1,3000
2014-09-23 00:00:00,17.1,17.1,17.0,17.1,720
2014-09-22 00:00:00,17.1,17.1,17.1,17.1,202
2014-09-19 00:00:00,16.8,17.1,16.8,17.1,3786
2014-09-18 00:00:00,,17.1,17.1,17.1,0
2014-09-17 00:00:00,17.1,17.1,17.1,17.1,1500
2014-09-16 00:00:00,,16.5,16.5,16.5,0
2014-09-15 00:00:00,16.8,17.1,16.5,16.5,3125
2014-09-12 00:00:00,17.1,17.4,17.1,17.4,550
2014-09-11 00:00:00,17.1,17.1,16.8,17.1,3412
2014-09-10 00:00:00,16.3,17.5,16.3,17.4,35651
2014-09-09 00:00:00,16.4,16.4,16.4,16.4,1
2014-09-08 00:00:00,16.3,16.8,16.2,16.4,4505
2014-09-05 00:00:00,16.1,17.1,16.1,17.1,506
2014-09-04 00:00:00,17.3,17.6,17.2,17.2,3209
2014-09-03 00:00:00,17.5,17.8,17.5,17.8,1000
2014-09-02 00:00:00,17.5,17.5,17.5,17.5,1000
2014-09-01 00:00:00,17.2,17.6,17.2,17.6,1000
2014-08-29 00:00:00,17.6,17.6,17.6,17.6,250
2014-08-28 00:00:00,17.6,18.0,17.3,17.5,6730
2014-08-27 00:00:00,18.0,18.0,17.0,17.5,11451
2014-08-26 00:00:00,17.4,17.8,17.4,17.8,1512
2014-08-25 00:00:00,17.8,18.0,17.7,17.7,1550
2014-08-22 00:00:00,17.3,17.8,17.3,17.8,8170
2014-08-21 00:00:00,18.2,18.2,17.4,18.0,6016
2014-08-20 00:00:00,18.2,19.5,18.2,18.3,6620
2014-08-19 00:00:00,18.2,18.2,18.2,18.2,6
2014-08-18 00:00:00,18.0,18.2,17.3,18.2,11616
2014-08-15 00:00:00,18.9,18.9,18.0,18.5,4866
2014-08-14 00:00:00,18.6,19.0,18.3,18.3,1763
2014-08-13 00:00:00,19.0,19.0,18.6,18.6,2220
2014-08-12 00:00:00,19.0,19.5,19.0,19.2,1582
2014-08-11 00:00:00,19.0,19.5,19.0,19.5,1500
2014-08-08 00:00:00,18.8,18.9,18.3,18.9,8013
2014-08-07 00:00:00,18.1,18.7,18.1,18.7,4658
2014-08-06 00:00:00,18.4,18.4,18.1,18.1,1800
2014-08-05 00:00:00,18.4,18.5,18.1,18.1,10609
2014-08-04 00:00:00,18.9,19.0,18.3,18.6,19600
2014-08-01 00:00:00,19.1,19.7,17.2,19.7,4550
2014-07-31 00:00:00,19.7,19.7,18.9,19.4,5174
2014-07-30 00:00:00,19.2,19.3,19.2,19.3,1065
2014-07-29 00:00:00,19.3,19.3,19.3,19.3,1325
2014-07-28 00:00:00,19.4,19.6,19.3,19.3,4418
2014-07-25 00:00:00,18.9,19.2,18.9,19.2,1673
2014-07-24 00:00:00,18.8,18.8,18.8,18.8,300
2014-07-23 00:00:00,,18.9,18.9,18.9,0
2014-07-22 00:00:00,18.3,18.9,18.3,18.9,254
2014-07-21 00:00:00,18.0,18.6,18.0,18.6,703
2014-07-18 00:00:00,17.9,18.3,17.8,18.3,3311
2014-07-17 00:00:00,18.0,18.3,17.8,17.8,4338
2014-07-16 00:00:00,18.6,18.8,18.0,18.8,3510
2014-07-15 00:00:00,18.5,19.8,18.0,18.0,13286
2014-07-14 00:00:00,18.0,18.5,18.0,18.5,4501
2014-07-11 00:00:00,,18.3,18.3,18.3,0
2014-07-10 00:00:00,18.5,18.5,18.3,18.3,1442
2014-07-09 00:00:00,19.0,19.1,18.8,18.8,2597
2014-07-08 00:00:00,19.5,19.5,19.3,19.3,900
2014-07-07 00:00:00,19.5,19.5,19.0,19.5,8832
2014-07-04 00:00:00,19.5,19.5,19.2,19.5,6525
2014-07-03 00:00:00,19.2,19.5,19.2,19.5,3191
2014-07-02 00:00:00,18.5,19.3,18.5,19.1,9510
2014-07-01 00:00:00,18.9,18.9,18.6,18.6,2640
2014-06-30 00:00:00,18.7,19.0,18.4,18.9,9603
2014-06-27 00:00:00,18.7,18.7,18.4,18.7,2050
2014-06-26 00:00:00,18.8,18.8,18.8,18.8,1000
2014-06-25 00:00:00,18.6,18.6,18.0,18.6,6564
2014-06-24 00:00:00,18.9,19.0,18.9,18.9,3818
2014-06-23 00:00:00,18.0,18.9,18.0,18.9,2612
2014-06-20 00:00:00,,18.9,18.9,18.9,0
2014-06-19 00:00:00,18.5,19.0,18.5,18.9,18276
2014-06-18 00:00:00,18.9,19.0,18.6,19.0,13336
2014-06-17 00:00:00,18.5,18.9,18.5,18.9,13505
2014-06-16 00:00:00,17.8,18.5,17.8,18.5,100
2014-06-13 00:00:00,18.2,18.5,17.2,18.5,28511
2014-06-12 00:00:00,18.5,18.5,17.9,18.5,4686
2014-06-11 00:00:00,18.0,18.3,18.0,18.2,12505
2014-06-10 00:00:00,16.6,17.7,16.6,17.7,25533
2014-06-09 00:00:00,17.1,17.1,16.8,16.8,7946
2014-06-06 00:00:00,,17.2,17.2,17.2,0
2014-06-05 00:00:00,16.9,17.2,16.8,17.2,2390
2014-06-04 00:00:00,16.6,16.9,16.3,16.9,4218
2014-06-03 00:00:00,16.9,16.9,16.6,16.9,1907
2014-06-02 00:00:00,16.6,16.9,16.5,16.9,2220
2014-05-30 00:00:00,16.6,16.9,16.6,16.6,1907
2014-05-28 00:00:00,17.0,17.0,16.3,17.0,3315
2014-05-27 00:00:00,16.7,17.0,16.5,16.9,4175
2014-05-26 00:00:00,17.0,17.0,17.0,17.0,1000
2014-05-23 00:00:00,16.5,16.8,16.5,16.8,6154
2014-05-22 00:00:00,17.0,17.0,16.7,16.7,2941
2014-05-21 00:00:00,16.7,17.3,16.7,17.0,7498
2014-05-20 00:00:00,,16.8,16.8,16.8,0
2014-05-19 00:00:00,16.7,17.1,16.7,16.8,1974
2014-05-16 00:00:00,16.5,16.7,16.5,16.7,481
2014-05-15 00:00:00,16.8,16.8,16.5,16.5,2553
2014-05-14 00:00:00,16.5,16.5,16.2,16.2,3019
2014-05-13 00:00:00,16.2,16.9,16.2,16.9,7337
2014-05-12 00:00:00,17.7,17.7,16.0,16.5,25968
2014-05-09 00:00:00,17.8,17.8,17.0,17.5,13477
2014-05-08 00:00:00,18.9,18.9,17.8,18.1,4686
2014-05-07 00:00:00,17.9,18.8,17.9,18.2,10828
2014-05-06 00:00:00,18.5,18.5,18.0,18.0,5201
2014-05-05 00:00:00,17.7,18.6,17.7,18.6,22580
2014-05-02 00:00:00,17.9,17.9,17.2,17.4,4748
2014-05-01 00:00:00,,17.8,17.8,17.8,0
2014-04-30 00:00:00,18.0,18.0,17.5,17.8,8799
2014-04-29 00:00:00,16.5,17.9,16.1,17.8,17300
2014-04-28 00:00:00,16.6,16.6,16.6,16.6,1500
2014-04-25 00:00:00,16.5,16.5,16.0,16.2,3937
2014-04-24 00:00:00,16.5,16.5,16.5,16.5,77
2014-04-23 00:00:00,16.0,16.0,16.0,16.0,50
2014-04-22 00:00:00,15.9,16.6,15.9,16.0,5952
2014-04-17 00:00:00,15.6,15.9,15.6,15.6,4824
2014-04-16 00:00:00,15.2,15.3,14.7,15.3,24765
2014-04-15 00:00:00,15.5,15.5,15.2,15.2,2020
2014-04-14 00:00:00,15.5,15.5,15.5,15.5,200
2014-04-11 00:00:00,15.5,15.8,15.3,15.8,1702
2014-04-10 00:00:00,16.0,16.0,15.6,15.6,4300
2014-04-09 00:00:00,15.3,15.9,15.3,15.9,10738
2014-04-08 00:00:00,15.7,15.7,14.8,15.0,6622
2014-04-07 00:00:00,16.0,16.3,15.7,15.7,2256
2014-04-04 00:00:00,16.0,16.2,16.0,16.2,2571
2014-04-03 00:00:00,16.3,16.6,16.0,16.6,386
2014-04-02 00:00:00,16.0,16.3,16.0,16.3,5892
2014-04-01 00:00:00,16.0,16.2,15.7,16.2,3157
2014-03-31 00:00:00,16.1,16.6,16.0,16.0,10709
2014-03-28 00:00:00,16.4,16.8,16.0,16.1,6894
2014-03-27 00:00:00,16.8,16.8,16.3,16.3,2250
2014-03-26 00:00:00,16.7,16.7,16.2,16.6,7712
2014-03-25 00:00:00,16.9,17.0,16.7,16.8,6122
2014-03-24 00:00:00,16.9,17.2,16.7,17.0,6974
2014-03-21 00:00:00,17.2,17.4,16.5,16.9,26918
2014-03-20 00:00:00,16.5,17.6,16.5,16.7,16940
2014-03-19 00:00:00,18.6,18.9,17.9,18.2,18635
2014-03-18 00:00:00,20.5,20.5,18.1,18.7,66717
2014-03-17 00:00:00,17.1,21.9,17.1,20.0,175363
2014-03-14 00:00:00,15.5,16.0,14.7,16.0,17254
2014-03-13 00:00:00,15.2,15.5,15.2,15.5,1430
2014-03-12 00:00:00,16.1,16.1,15.5,15.5,4398
2014-03-11 00:00:00,15.9,15.9,15.7,15.7,2700
2014-03-10 00:00:00,16.4,16.4,15.7,15.7,8652
2014-03-07 00:00:00,16.2,16.3,15.3,16.3,12634
2014-03-06 00:00:00,15.6,16.0,15.5,16.0,7674
2014-03-05 00:00:00,14.9,15.3,14.9,15.3,68911
2014-03-04 00:00:00,14.2,15.0,14.2,15.0,9986
2014-03-03 00:00:00,15.0,15.0,13.7,14.7,13691
2014-02-28 00:00:00,13.0,14.8,13.0,14.75,45539
2014-02-27 00:00:00,14.0,14.25,13.8,14.0,25696
2014-02-26 00:00:00,14.0,14.25,13.5,14.0,39216
2014-02-25 00:00:00,13.65,13.9,13.4,13.9,2004
2014-02-24 00:00:00,13.2,13.5,13.2,13.5,15928
2014-02-21 00:00:00,,13.2,13.2,13.2,0
2014-02-20 00:00:00,13.25,13.25,13.2,13.2,14350
2014-02-19 00:00:00,12.7,12.7,12.45,12.45,5050
2014-02-18 00:00:00,12.8,12.8,12.5,12.5,1121
2014-02-17 00:00:00,,13.25,13.25,13.25,0
2014-02-14 00:00:00,12.8,13.25,12.55,13.25,5471
2014-02-13 00:00:00,12.8,13.25,12.8,13.25,5521
2014-02-12 00:00:00,13.25,13.25,13.25,13.25,100
2014-02-11 00:00:00,13.25,13.25,13.0,13.25,7065
2014-02-10 00:00:00,14.0,14.0,13.25,13.25,11686
2014-02-07 00:00:00,13.9,13.9,13.45,13.5,6480
2014-02-06 00:00:00,13.8,15.0,13.5,13.7,36320
2014-02-05 00:00:00,12.35,13.95,12.35,13.5,23456
2014-02-04 00:00:00,12.1,12.1,12.1,12.1,2576
2014-02-03 00:00:00,12.3,12.3,12.3,12.3,798
2014-01-31 00:00:00,12.05,12.3,12.05,12.3,10176
2014-01-30 00:00:00,11.85,11.85,11.85,11.85,3
2014-01-29 00:00:00,12.1,12.1,12.1,12.1,200
2014-01-28 00:00:00,11.85,11.85,11.85,11.85,75
2014-01-27 00:00:00,11.8,11.85,11.8,11.85,306
2014-01-24 00:00:00,11.85,11.85,11.85,11.85,10
2014-01-23 00:00:00,11.85,11.85,11.85,11.85,1
2014-01-22 00:00:00,11.85,11.85,11.85,11.85,52
2014-01-21 00:00:00,12.1,12.2,12.0,12.07,3724
2014-01-20 00:00:00,11.9,12.0,11.8,11.8,18109
2014-01-17 00:00:00,11.9,11.9,11.7,11.7,3500
2014-01-16 00:00:00,11.9,11.9,11.9,11.9,2500
2014-01-15 00:00:00,,11.9,11.9,11.9,0
2014-01-14 00:00:00,11.9,11.9,11.9,11.9,200
2014-01-13 00:00:00,12.1,12.3,11.9,11.9,13865
2014-01-10 00:00:00,12.2,12.2,12.0,12.0,1400
2014-01-09 00:00:00,12.0,12.4,12.0,12.4,18261
2014-01-08 00:00:00,11.75,12.0,11.75,12.0,13064
2014-01-07 00:00:00,11.65,11.65,11.55,11.55,2014
2014-01-06 00:00:00,,11.65,11.65,11.65,0
2014-01-03 00:00:00,11.65,11.65,11.65,11.65,409
2014-01-02 00:00:00,11.6,12.0,11.45,12.0,4049
2013-12-31 00:00:00,,11.8,11.8,11.8,0
2013-12-30 00:00:00,11.8,12.0,11.75,11.8,2851
2013-12-27 00:00:00,11.75,11.9,11.75,11.8,1883
2013-12-23 00:00:00,11.5,12.0,11.5,11.8,32831
2013-12-20 00:00:00,11.5,12.0,11.5,11.6,6691
2013-12-19 00:00:00,11.6,11.8,11.5,11.5,3947
2013-12-18 00:00:00,12.0,12.0,11.6,12.0,6804
2013-12-17 00:00:00,12.0,12.2,12.0,12.2,800
2013-12-16 00:00:00,12.0,12.0,11.8,11.8,1250
2013-12-13 00:00:00,12.0,12.25,12.0,12.0,1098
2013-12-12 00:00:00,,12.0,12.0,12.0,0
2013-12-11 00:00:00,,12.0,12.0,12.0,0
2013-12-10 00:00:00,12.0,12.0,12.0,12.0,100
2013-12-09 00:00:00,12.0,12.2,11.9,12.0,7834
2013-12-06 00:00:00,12.0,12.0,12.0,12.0,231
2013-12-05 00:00:00,11.8,12.2,11.8,12.2,3059
2013-12-04 00:00:00,12.0,12.0,12.0,12.0,2500
2013-12-03 00:00:00,11.7,12.2,11.7,12.0,3539
2013-12-02 00:00:00,11.8,11.8,11.8,11.8,3
2013-11-29 00:00:00,,12.0,12.0,12.0,0
2013-11-28 00:00:00,12.0,12.0,12.0,12.0,1000
2013-11-27 00:00:00,12.0,12.0,12.0,12.0,700
2013-11-26 00:00:00,12.4,12.4,12.2,12.2,2050
2013-11-25 00:00:00,12.0,12.2,12.0,12.2,3507
2013-11-22 00:00:00,,12.0,12.0,12.0,0
2013-11-21 00:00:00,,12.0,12.0,12.0,0
2013-11-20 00:00:00,12.0,12.0,12.0,12.0,36
2013-11-19 00:00:00,12.0,12.0,11.5,11.8,2508
2013-11-18 00:00:00,,12.0,12.0,12.0,0
2013-11-15 00:00:00,11.8,12.2,11.8,12.0,8453
2013-11-14 00:00:00,12.4,12.4,12.0,12.0,4302
2013-11-13 00:00:00,12.0,12.2,12.0,12.2,9979
2013-11-12 00:00:00,12.0,12.2,12.0,12.2,509
2013-11-11 00:00:00,12.2,12.2,12.2,12.2,3000
2013-11-08 00:00:00,12.0,12.0,12.0,12.0,2700
2013-11-07 00:00:00,12.0,12.0,12.0,12.0,100
2013-11-06 00:00:00,12.0,12.2,12.0,12.2,1100
2013-11-05 00:00:00,12.2,12.2,12.2,12.2,2796
2013-11-04 00:00:00,12.2,12.4,12.0,12.4,3250
2013-11-01 00:00:00,12.2,12.5,12.2,12.5,4000
2013-10-31 00:00:00,12.25,12.6,12.2,12.2,8796
2013-10-30 00:00:00,12.0,12.55,12.0,12.5,8548
2013-10-29 00:00:00,12.5,12.5,12.25,12.25,10002
2013-10-28 00:00:00,13.0,13.0,12.6,12.6,4638
2013-10-25 00:00:00,12.9,12.9,12.55,12.9,26306
2013-10-24 00:00:00,,12.9,12.9,12.9,0
2013-10-23 00:00:00,12.9,12.9,12.9,12.9,10000
2013-10-22 00:00:00,13.0,13.0,12.65,12.7,10586
2013-10-21 00:00:00,12.65,13.0,12.65,13.0,12001
2013-10-18 00:00:00,,13.0,13.0,13.0,0
2013-10-17 00:00:00,13.45,13.45,12.9,13.0,8039
2013-10-16 00:00:00,13.0,13.0,13.0,13.0,5430
2013-10-15 00:00:00,13.25,13.25,13.0,13.25,5916
2013-10-14 00:00:00,,13.75,13.75,13.75,0
2013-10-11 00:00:00,,13.75,13.75,13.75,0
2013-10-10 00:00:00,13.75,13.75,13.75,13.75,297
2013-10-09 00:00:00,13.25,13.5,13.25,13.35,1033
2013-10-08 00:00:00,12.8,13.25,12.8,13.25,3008
2013-10-07 00:00:00,13.0,13.0,12.5,12.5,2500
2013-10-04 00:00:00,,13.5,13.5,13.5,0
2013-10-03 00:00:00,13.75,13.75,13.0,13.5,1154
2013-10-02 00:00:00,13.3,13.3,13.0,13.0,10575
2013-10-01 00:00:00,13.75,13.8,13.25,13.3,4731
2013-09-30 00:00:00,13.4,13.5,13.4,13.5,3003
2013-09-27 00:00:00,13.8,13.8,13.5,13.5,3092
2013-09-26 00:00:00,13.3,13.8,13.3,13.55,5371
2013-09-25 00:00:00,13.05,13.3,13.05,13.2,15046
2013-09-24 00:00:00,13.5,13.95,13.1,13.1,944
2013-09-23 00:00:00,,13.3,13.3,13.3,0
2013-09-20 00:00:00,13.3,13.3,13.3,13.3,1008
2013-09-19 00:00:00,13.3,13.55,13.3,13.55,2387
2013-09-18 00:00:00,13.3,13.3,13.3,13.3,600
2013-09-17 00:00:00,13.3,13.3,13.3,13.3,100
2013-09-16 00:00:00,13.3,13.4,13.3,13.4,1306
2013-09-13 00:00:00,,13.5,13.5,13.5,0
2013-09-12 00:00:00,13.5,13.5,13.5,13.5,4902
2013-09-11 00:00:00,13.75,13.75,13.5,13.5,800
2013-09-10 00:00:00,13.5,13.5,13.5,13.5,3050
2013-09-09 00:00:00,13.2,13.3,13.2,13.3,1600
2013-09-06 00:00:00,13.05,13.2,13.05,13.2,3150
2013-09-05 00:00:00,13.05,13.05,13.05,13.05,508
2013-09-04 00:00:00,13.05,13.05,13.05,13.05,23
2013-09-03 00:00:00,13.1,13.55,13.1,13.55,777
2013-09-02 00:00:00,,13.3,13.3,13.3,0
2013-08-30 00:00:00,13.3,13.3,13.3,13.3,100
2013-08-29 00:00:00,,13.3,13.3,13.3,0
2013-08-28 00:00:00,12.8,13.3,12.8,13.3,424
2013-08-27 00:00:00,12.8,12.8,12.8,12.8,325
2013-08-26 00:00:00,13.0,13.0,13.0,13.0,500
2013-08-23 00:00:00,12.8,13.05,12.8,13.05,4823
2013-08-22 00:00:00,12.7,12.95,12.55,12.55,11711
2013-08-21 00:00:00,13.0,13.1,12.55,12.55,19396
2013-08-20 00:00:00,12.85,12.85,12.85,12.85,2430
2013-08-19 00:00:00,12.2,12.6,12.2,12.6,2306
2013-08-16 00:00:00,12.8,12.8,12.0,12.4,18464
2013-08-15 00:00:00,13.05,13.05,13.05,13.05,6350
2013-08-14 00:00:00,,12.9,12.9,12.9,0
2013-08-13 00:00:00,12.6,12.9,12.6,12.9,13452
2013-08-12 00:00:00,13.05,13.05,12.8,12.8,4299
2013-08-09 00:00:00,13.0,13.35,12.9,13.35,4048
2013-08-08 00:00:00,13.15,13.15,13.15,13.15,400
2013-08-07 00:00:00,13.1,13.1,13.1,13.1,250
2013-08-06 00:00:00,13.5,13.5,13.0,13.0,798
2013-08-05 00:00:00,13.25,13.25,13.25,13.25,2
2013-08-02 00:00:00,13.5,13.5,13.25,13.25,2669
2013-08-01 00:00:00,13.7,13.7,13.7,13.7,1000
2013-07-31 00:00:00,13.5,13.5,13.5,13.5,1304
2013-07-30 00:00:00,,13.5,13.5,13.5,0
2013-07-29 00:00:00,13.5,13.5,13.5,13.5,1
2013-07-26 00:00:00,13.5,13.5,13.5,13.5,498
2013-07-25 00:00:00,,13.5,13.5,13.5,0
2013-07-24 00:00:00,,13.5,13.5,13.5,0
2013-07-23 00:00:00,,13.5,13.5,13.5,0
2013-07-22 00:00:00,13.05,13.75,13.05,13.5,3490
2013-07-19 00:00:00,13.1,13.55,13.1,13.55,5111
2013-07-18 00:00:00,,13.35,13.35,13.35,0
2013-07-17 00:00:00,13.45,13.45,13.35,13.35,2431
2013-07-16 00:00:00,,13.75,13.75,13.75,0
2013-07-15 00:00:00,13.25,13.75,13.25,13.75,1010
2013-07-12 00:00:00,13.5,13.5,13.25,13.25,2461
2013-07-11 00:00:00,13.5,13.5,13.5,13.5,100
2013-07-10 00:00:00,,13.75,13.75,13.75,0
2013-07-09 00:00:00,13.75,13.75,13.75,13.75,3800
2013-07-08 00:00:00,13.75,13.75,13.75,13.75,2182
2013-07-05 00:00:00,14.0,14.0,13.8,14.0,1820
2013-07-04 00:00:00,14.0,14.0,14.0,14.0,100
2013-07-03 00:00:00,13.55,14.0,13.55,14.0,8730
2013-07-02 00:00:00,13.8,13.8,13.55,13.8,7398
2013-07-01 00:00:00,,13.5,13.5,13.5,0
2013-06-28 00:00:00,13.5,13.5,13.5,13.5,300
2013-06-27 00:00:00,13.35,13.85,13.35,13.85,75
2013-06-26 00:00:00,13.6,13.85,13.1,13.85,2837
2013-06-25 00:00:00,13.1,13.1,13.1,13.1,202
2013-06-24 00:00:00,13.6,13.6,13.1,13.1,4767
2013-06-21 00:00:00,,13.85,13.85,13.85,0
2013-06-20 00:00:00,13.6,13.85,13.6,13.85,6316
2013-06-19 00:00:00,13.65,13.65,13.4,13.6,12571
2013-06-18 00:00:00,13.4,13.65,13.15,13.65,2402
2013-06-17 00:00:00,13.35,13.5,13.35,13.5,101
2013-06-14 00:00:00,13.1,13.1,13.1,13.1,11445
2013-06-13 00:00:00,13.3,13.3,13.1,13.25,9038
2013-06-12 00:00:00,13.55,13.8,13.55,13.55,5477
2013-06-11 00:00:00,13.65,13.8,13.4,13.55,12290
2013-06-10 00:00:00,,13.15,13.15,13.15,0
2013-06-07 00:00:00,13.15,13.15,13.15,13.15,100
2013-06-06 00:00:00,,13.35,13.35,13.35,0
2013-06-05 00:00:00,,13.35,13.35,13.35,0
2013-06-04 00:00:00,,13.35,13.35,13.35,0
2013-06-03 00:00:00,13.45,13.45,13.1,13.35,20610
2013-05-31 00:00:00,13.0,13.7,12.9,13.7,3790
2013-05-30 00:00:00,12.95,13.2,12.95,13.2,7050
2013-05-29 00:00:00,13.0,13.0,13.0,13.0,100
2013-05-28 00:00:00,14.0,14.0,13.2,13.2,8000
2013-05-27 00:00:00,12.5,13.55,12.5,13.55,37196
2013-05-24 00:00:00,12.3,12.75,12.3,12.75,3350
2013-05-23 00:00:00,12.5,12.75,12.4,12.75,35005
2013-05-22 00:00:00,12.55,12.8,12.35,12.8,3000
2013-05-21 00:00:00,12.15,12.55,11.95,12.55,3954
2013-05-20 00:00:00,12.05,12.5,12.05,12.35,29143
2013-05-17 00:00:00,12.25,12.95,12.25,12.95,14807
2013-05-16 00:00:00,12.2,12.6,12.2,12.5,35710
2013-05-15 00:00:00,11.4,12.5,11.4,12.5,15448
2013-05-14 00:00:00,11.25,12.15,11.25,11.9,18554
2013-05-13 00:00:00,13.0,13.0,11.5,11.5,56768
2013-05-10 00:00:00,12.1,12.5,11.95,12.25,30451
2013-05-09 00:00:00,,12.1,12.1,12.1,0
2013-05-08 00:00:00,12.0,12.2,12.0,12.1,26400
2013-05-07 00:00:00,11.75,12.3,11.75,12.0,44006
2013-05-06 00:00:00,11.6,11.6,11.6,11.6,50
2013-05-03 00:00:00,11.4,11.8,11.4,11.6,6085
2013-05-02 00:00:00,11.6,11.6,11.6,11.6,73
2013-05-01 00:00:00,,11.6,11.6,11.6,0
2013-04-30 00:00:00,11.7,11.7,11.6,11.6,7155
2013-04-29 00:00:00,,11.7,11.7,11.7,0
2013-04-26 00:00:00,11.55,11.7,11.5,11.7,7040
2013-04-25 00:00:00,11.15,11.55,11.15,11.55,9231
2013-04-24 00:00:00,,11.35,11.35,11.35,0
2013-04-23 00:00:00,11.15,11.35,11.15,11.35,3740
2013-04-22 00:00:00,11.1,11.1,11.1,11.1,2000
2013-04-19 00:00:00,11.3,11.3,11.1,11.1,6595
2013-04-18 00:00:00,11.5,11.5,11.1,11.1,7358
2013-04-17 00:00:00,11.55,11.55,11.3,11.3,4353
2013-04-16 00:00:00,11.55,11.95,11.2,11.95,6745
2013-04-15 00:00:00,11.75,11.75,11.55,11.55,1401
2013-04-12 00:00:00,11.75,11.75,11.55,11.55,4200
2013-04-11 00:00:00,11.95,11.95,11.95,11.95,200
2013-04-10 00:00:00,11.7,12.05,11.7,11.75,7506
2013-04-09 00:00:00,11.65,12.4,11.65,12.35,17842
2013-04-08 00:00:00,11.8,12.0,11.8,12.0,2623
2013-04-05 00:00:00,11.8,11.8,11.8,11.8,3502
2013-04-04 00:00:00,,12.0,12.0,12.0,0
2013-04-03 00:00:00,,12.0,12.0,12.0,0
2013-04-02 00:00:00,11.5,12.0,11.5,12.0,11244
2013-04-01 00:00:00,,11.5,11.5,11.5,0
2013-03-29 00:00:00,11.5,11.5,11.5,11.5,5814
2013-03-28 00:00:00,11.5,11.5,11.5,11.5,5814
2013-03-27 00:00:00,11.5,11.5,11.5,11.5,5814
2013-03-26 00:00:00,11.5,11.5,11.5,11.5,2
2013-03-25 00:00:00,11.7,11.7,11.7,11.7,6337
2013-03-22 00:00:00,11.3,11.3,11.3,11.3,20
2013-03-21 00:00:00,11.15,11.5,11.15,11.5,2875
2013-03-20 00:00:00,,11.6,11.6,11.6,0
2013-03-19 00:00:00,11.2,11.6,11.2,11.6,10141
2013-03-18 00:00:00,11.1,11.2,11.1,11.2,8042
2013-03-15 00:00:00,11.3,11.4,11.2,11.4,14143
2013-03-14 00:00:00,11.2,11.6,11.2,11.6,7730
2013-03-13 00:00:00,11.3,11.3,11.3,11.3,1000
2013-03-12 00:00:00,11.3,11.3,11.3,11.3,1327
2013-03-11 00:00:00,11.6,11.6,11.4,11.4,5200
2013-03-08 00:00:00,11.45,11.7,11.45,11.7,12462
2013-03-07 00:00:00,11.4,11.4,11.4,11.4,39
2013-03-06 00:00:00,,11.4,11.4,11.4,0
2013-03-05 00:00:00,11.4,11.4,11.4,11.4,5
2013-03-04 00:00:00,11.4,11.6,11.4,11.6,2625
2013-03-01 00:00:00,11.2,11.25,11.1,11.25,9530
2013-02-28 00:00:00,11.2,11.2,11.2,11.2,5400
2013-02-27 00:00:00,11.1,11.2,11.0,11.2,7300
2013-02-26 00:00:00,11.2,11.2,11.2,11.2,2600
2013-02-25 00:00:00,,11.0,11.0,11.0,0
2013-02-22 00:00:00,11.4,11.4,11.0,11.0,6757
2013-02-21 00:00:00,,10.8,10.8,10.8,0
2013-02-20 00:00:00,10.8,10.8,10.8,10.8,604
2013-02-19 00:00:00,10.6,11.0,10.4,11.0,15700
2013-02-18 00:00:00,10.9,10.9,10.7,10.7,3000
2013-02-15 00:00:00,11.1,11.1,10.9,10.9,2430
2013-02-14 00:00:00,11.15,11.15,11.15,11.15,315
2013-02-13 00:00:00,10.85,10.85,10.85,10.85,524
2013-02-12 00:00:00,10.8,11.2,10.8,11.2,950
2013-02-11 00:00:00,10.6,11.2,10.6,11.2,403
2013-02-08 00:00:00,11.0,11.0,11.0,11.0,3121
2013-02-07 00:00:00,10.8,10.8,10.8,10.8,2000
2013-02-06 00:00:00,,10.8,10.8,10.8,0
2013-02-05 00:00:00,,10.8,10.8,10.8,0
2013-02-04 00:00:00,10.8,10.8,10.8,10.8,7
2013-02-01 00:00:00,10.8,11.0,10.8,11.0,3119
2013-01-31 00:00:00,10.7,11.05,10.7,11.05,7084
2013-01-30 00:00:00,10.7,10.85,10.7,10.85,640
2013-01-29 00:00:00,,11.05,11.05,11.05,0
2013-01-28 00:00:00,,11.05,11.05,11.05,0
2013-01-25 00:00:00,11.05,11.05,11.05,11.05,1105
2013-01-24 00:00:00,11.05,11.05,11.05,11.05,102
2013-01-23 00:00:00,11.05,11.05,11.05,11.05,150
2013-01-22 00:00:00,,11.2,11.2,11.2,0
2013-01-21 00:00:00,11.2,11.2,11.2,11.2,466
2013-01-18 00:00:00,11.2,11.2,11.0,11.2,12899
2013-01-17 00:00:00,11.4,11.4,11.4,11.4,1238
2013-01-16 00:00:00,12.45,12.45,11.4,11.4,603
2013-01-15 00:00:00,11.0,12.45,11.0,12.45,6737
2013-01-14 00:00:00,11.6,11.65,11.05,11.45,5400
2013-01-11 00:00:00,11.45,11.45,11.45,11.45,2500
2013-01-10 00:00:00,,11.65,11.65,11.65,0
2013-01-09 00:00:00,11.75,11.75,11.65,11.65,7500
2013-01-08 00:00:00,11.45,12.0,11.45,12.0,2327
2013-01-07 00:00:00,11.0,11.7,11.0,11.65,14929
2013-01-04 00:00:00,,11.65,11.65,11.65,0
2013-01-03 00:00:00,11.0,11.65,11.0,11.65,1001
2013-01-02 00:00:00,11.5,11.5,11.1,11.1,5100
2013-01-01 00:00:00,,11.7,11.7,11.7,0
2012-12-31 00:00:00,,11.7,11.7,11.7,0
2012-12-28 00:00:00,11.4,11.75,11.4,11.7,8376
2012-12-27 00:00:00,11.1,11.4,11.0,11.4,4469
2012-12-26 00:00:00,,11.1,11.1,11.1,0
2012-12-25 00:00:00,,11.1,11.1,11.1,0
2012-12-24 00:00:00,,11.1,11.1,11.1,0
2012-12-21 00:00:00,10.9,11.1,10.8,11.1,13281
2012-12-20 00:00:00,10.5,11.0,10.5,11.0,4500
2012-12-19 00:00:00,10.7,10.9,10.7,10.9,2739
2012-12-18 00:00:00,10.8,11.0,10.6,11.0,3816
2012-12-17 00:00:00,11.0,11.2,11.0,11.2,3555
2012-12-14 00:00:00,10.9,11.3,10.9,11.2,875
2012-12-13 00:00:00,11.1,11.3,11.1,11.3,5566
2012-12-12 00:00:00,11.2,11.3,11.0,11.3,1140
2012-12-11 00:00:00,11.35,11.35,10.7,11.0,23067
2012-12-10 00:00:00,11.25,11.5,11.25,11.5,7505
2012-12-07 00:00:00,11.3,11.5,11.3,11.5,1405
2012-12-06 00:00:00,11.8,11.8,11.2,11.2,13134
2012-12-05 00:00:00,11.7,11.95,11.6,11.6,7130
2012-12-04 00:00:00,11.0,11.95,11.0,11.95,17628
2012-12-03 00:00:00,11.2,11.2,11.0,11.0,2000
2012-11-30 00:00:00,10.95,11.4,10.7,11.4,41129
2012-11-29 00:00:00,10.2,10.9,10.2,10.8,12701
2012-11-28 00:00:00,10.1,10.45,10.05,10.05,9220
2012-11-27 00:00:00,10.15,10.15,10.15,10.15,1000
2012-11-26 00:00:00,10.2,10.2,10.15,10.2,1391
2012-11-23 00:00:00,10.7,10.7,10.15,10.15,5771
2012-11-22 00:00:00,10.7,10.7,10.7,10.7,780
2012-11-21 00:00:00,10.6,10.8,10.5,10.8,26447
2012-11-20 00:00:00,10.75,11.0,10.75,11.0,6867
2012-11-19 00:00:00,10.3,10.75,10.3,10.75,4991
2012-11-16 00:00:00,10.1,10.3,10.1,10.3,8964
2012-11-15 00:00:00,9.9,10.1,9.9,10.1,4000
2012-11-14 00:00:00,10.0,10.1,9.55,10.1,17427
2012-11-13 00:00:00,10.0,10.0,10.0,10.0,34
2012-11-12 00:00:00,10.3,10.55,10.15,10.15,13688
2012-11-09 00:00:00,10.0,10.5,10.0,10.3,30395
2012-11-08 00:00:00,9.65,9.9,9.45,9.9,19609
2012-11-07 00:00:00,9.85,10.15,9.85,9.85,6868
2012-11-06 00:00:00,9.8,9.8,9.7,9.7,4419
2012-11-05 00:00:00,10.2,10.2,9.8,9.8,5942
2012-11-02 00:00:00,10.3,10.75,10.3,10.7,15171
2012-11-01 00:00:00,9.75,10.0,9.7,10.0,21762
2012-10-31 00:00:00,9.55,9.95,9.55,9.75,7261
2012-10-30 00:00:00,9.4,9.4,9.4,9.4,6
2012-10-29 00:00:00,9.0,9.55,9.0,9.55,5015
2012-10-26 00:00:00,9.0,9.55,9.0,9.55,39114
2012-10-25 00:00:00,9.0,9.0,9.0,9.0,9379
2012-10-24 00:00:00,9.2,9.2,9.0,9.0,4800
2012-10-23 00:00:00,9.0,9.0,8.4,9.0,13000
2012-10-22 00:00:00,9.5,9.5,8.5,8.5,22471
2012-10-19 00:00:00,9.45,9.55,9.45,9.55,1600
2012-10-18 00:00:00,9.4,9.5,9.3,9.5,31573
2012-10-17 00:00:00,9.2,9.4,8.9,9.25,24765
2012-10-16 00:00:00,9.15,9.15,8.85,9.0,6552
2012-10-15 00:00:00,9.05,9.05,9.0,9.0,4500
2012-10-12 00:00:00,9.2,9.2,9.2,9.2,600
2012-10-11 00:00:00,9.2,9.2,9.2,9.2,300
2012-10-10 00:00:00,9.2,9.2,9.2,9.2,563
2012-10-09 00:00:00,9.25,9.25,9.15,9.2,9201
2012-10-08 00:00:00,9.0,9.25,9.0,9.1,8776
2012-10-05 00:00:00,,9.0,9.0,9.0,0
2012-10-04 00:00:00,,9.0,9.0,9.0,0
2012-10-03 00:00:00,8.85,9.0,8.85,9.0,7377
2012-10-02 00:00:00,8.95,9.0,8.95,9.0,23624
2012-10-01 00:00:00,8.65,9.0,8.65,8.7,10608
2012-09-28 00:00:00,8.85,9.0,8.85,9.0,19570
2012-09-27 00:00:00,8.9,8.95,8.8,8.8,27773
2012-09-26 00:00:00,8.65,8.9,8.4,8.45,8552
2012-09-25 00:00:00,8.65,8.65,8.65,8.65,1
2012-09-24 00:00:00,8.9,8.9,8.75,8.75,367
2012-09-21 00:00:00,8.75,8.9,8.75,8.9,4553
2012-09-20 00:00:00,8.9,9.0,8.75,8.75,8547
2012-09-19 00:00:00,8.9,9.0,8.85,8.85,10000
2012-09-18 00:00:00,8.9,8.9,8.9,8.9,15000
2012-09-17 00:00:00,8.5,9.0,8.5,9.0,30610
2012-09-14 00:00:00,8.9,8.9,8.7,8.7,11442
2012-09-13 00:00:00,9.0,9.0,8.8,8.9,15876
2012-09-12 00:00:00,8.9,9.0,8.7,8.7,27223
2012-09-11 00:00:00,9.1,9.1,8.9,8.9,2936
2012-09-10 00:00:00,9.1,9.1,8.9,9.1,11065
