Dates,Open,High,Low,Close,Volume
2017-09-08 00:00:00,23.8,23.9,23.3,23.9,15827
2017-09-07 00:00:00,23.7,23.9,23.6,23.8,11546
2017-09-06 00:00:00,23.9,23.9,23.4,23.7,17506
2017-09-04 00:00:00,23.8,23.8,23.3,23.3,2300
2017-09-01 00:00:00,23.7,23.9,23.5,23.8,8538
2017-08-31 00:00:00,23.5,23.9,23.5,23.7,3253
2017-08-30 00:00:00,23.8,23.8,23.3,23.3,3804
2017-08-29 00:00:00,23.1,23.8,23.1,23.7,5945
2017-08-28 00:00:00,23.5,23.5,23.1,23.1,4285
2017-08-25 00:00:00,23.6,23.8,23.5,23.5,3570
2017-08-24 00:00:00,23.6,23.9,23.6,23.6,11460
2017-08-23 00:00:00,23.5,23.9,23.3,23.6,31239
2017-08-22 00:00:00,23.3,23.7,23.3,23.5,3202
2017-08-21 00:00:00,23.0,23.9,22.9,23.3,14683
2017-08-18 00:00:00,23.1,23.2,22.7,23.2,28802
2017-08-17 00:00:00,22.8,23.3,22.3,23.1,865934
2017-08-16 00:00:00,22.5,22.5,22.1,22.3,3001
2017-08-15 00:00:00,22.4,22.9,22.0,22.6,20463
2017-08-14 00:00:00,22.5,23.0,22.2,22.7,37925
2017-08-11 00:00:00,22.8,22.8,22.0,22.5,12760
2017-08-10 00:00:00,23.2,23.5,22.5,22.8,70554
2017-08-09 00:00:00,22.6,23.4,22.5,23.3,15631
2017-08-08 00:00:00,23.0,23.4,22.7,22.9,11702
2017-08-07 00:00:00,22.6,23.5,22.6,23.0,2809
2017-08-04 00:00:00,22.7,23.0,22.7,22.8,4092
2017-08-03 00:00:00,22.6,23.0,22.5,22.7,13434
2017-08-02 00:00:00,22.5,23.4,22.5,23.4,4482
2017-08-01 00:00:00,23.0,23.2,22.5,22.5,2614
2017-07-31 00:00:00,22.5,23.0,22.5,23.0,2326
2017-07-28 00:00:00,22.6,22.9,22.4,22.9,3722
2017-07-27 00:00:00,22.5,23.0,22.5,23.0,1598
2017-07-26 00:00:00,23.4,23.4,22.7,23.0,6936
2017-07-25 00:00:00,23.5,23.5,23.0,23.5,2012
2017-07-24 00:00:00,22.5,23.2,22.4,22.6,1064
2017-07-21 00:00:00,23.1,23.1,22.6,22.6,1496
2017-07-20 00:00:00,23.3,23.3,22.6,23.2,2192
2017-07-19 00:00:00,22.5,23.3,22.5,23.0,2344
2017-07-18 00:00:00,22.9,23.0,22.7,22.8,2463
2017-07-17 00:00:00,23.0,23.5,22.9,22.9,1494
2017-07-14 00:00:00,23.0,23.0,23.0,23.0,155
2017-07-13 00:00:00,23.0,23.4,23.0,23.2,5696
2017-07-12 00:00:00,23.2,23.2,22.7,23.0,1741
2017-07-11 00:00:00,23.2,23.2,22.9,22.9,445
2017-07-10 00:00:00,23.0,23.3,23.0,23.3,706
2017-07-07 00:00:00,23.0,23.0,22.8,22.8,1766
2017-07-06 00:00:00,23.2,23.8,23.2,23.2,1751
2017-07-05 00:00:00,23.4,23.7,23.4,23.4,973
2017-07-04 00:00:00,23.4,23.4,23.2,23.4,532
2017-07-03 00:00:00,23.7,23.8,22.7,23.4,10513
2017-06-30 00:00:00,23.8,23.8,23.7,23.7,543
2017-06-29 00:00:00,23.9,23.9,23.3,23.8,844
2017-06-28 00:00:00,23.6,23.7,22.7,23.3,7082
2017-06-27 00:00:00,24.5,24.5,23.7,24.0,3454
2017-06-26 00:00:00,23.2,24.3,23.2,23.7,6200
2017-06-23 00:00:00,,23.8,23.8,23.8,0
2017-06-22 00:00:00,24.4,24.4,23.5,23.8,6934
2017-06-21 00:00:00,23.6,24.0,23.6,24.0,5185
2017-06-20 00:00:00,23.6,23.8,22.9,23.8,2228
2017-06-19 00:00:00,23.3,23.3,22.8,23.2,14340
2017-06-16 00:00:00,23.9,23.9,23.1,23.3,9688
2017-06-15 00:00:00,23.8,23.8,23.5,23.5,8221
2017-06-14 00:00:00,24.3,24.3,23.6,23.8,3371
2017-06-13 00:00:00,23.8,24.4,23.8,24.3,8448
2017-06-12 00:00:00,24.7,24.8,23.6,23.8,6149
2017-06-09 00:00:00,24.0,24.7,23.6,23.9,13980
2017-06-08 00:00:00,24.0,24.5,24.0,24.0,9577
2017-06-07 00:00:00,23.9,24.5,23.8,23.9,2593
2017-06-06 00:00:00,,24.0,24.0,24.0,0
2017-06-05 00:00:00,24.4,24.8,24.0,24.0,9698
2017-06-02 00:00:00,24.0,24.4,23.5,24.3,14740
2017-06-01 00:00:00,24.2,24.2,23.7,23.9,2028
2017-05-31 00:00:00,23.6,24.4,23.5,24.2,13980
2017-05-30 00:00:00,24.6,24.6,23.5,23.5,13163
2017-05-29 00:00:00,23.6,24.4,23.6,24.4,8668
2017-05-26 00:00:00,24.2,24.5,23.5,24.4,3677
2017-05-24 00:00:00,23.6,24.5,23.5,24.2,8185
2017-05-23 00:00:00,23.6,23.9,23.1,23.4,5667
2017-05-22 00:00:00,24.0,24.5,23.4,23.6,6941
2017-05-19 00:00:00,25.0,25.0,23.9,24.0,2942
2017-05-18 00:00:00,24.3,25.0,23.3,24.7,31411
2017-05-17 00:00:00,25.1,25.1,23.6,24.3,10812
2017-05-16 00:00:00,25.3,26.1,24.1,25.3,9509
2017-05-15 00:00:00,25.3,26.3,25.3,25.4,21799
2017-05-12 00:00:00,25.9,25.9,25.9,25.9,17900
2017-05-11 00:00:00,26.5,26.7,25.1,25.9,18841
2017-05-10 00:00:00,26.0,27.0,25.0,27.0,24154
2017-05-09 00:00:00,28.2,28.2,25.0,26.5,52130
2017-05-08 00:00:00,29.2,31.0,26.4,28.3,45724
2017-05-05 00:00:00,29.4,29.4,28.0,29.2,14137
2017-05-04 00:00:00,28.7,29.5,28.7,28.9,1359
2017-05-03 00:00:00,29.3,29.3,28.7,28.7,8901
2017-05-02 00:00:00,30.0,30.0,29.0,29.3,14546
2017-05-01 00:00:00,,29.8,29.8,29.8,0
2017-04-28 00:00:00,28.3,31.0,27.5,29.8,59400
2017-04-27 00:00:00,28.4,28.4,27.1,28.3,8486
2017-04-26 00:00:00,28.0,28.4,27.9,28.4,20553
2017-04-25 00:00:00,27.9,28.0,26.9,27.9,10569
2017-04-24 00:00:00,27.2,27.5,27.0,27.1,9120
2017-04-21 00:00:00,26.4,27.5,26.1,26.6,23895
2017-04-20 00:00:00,24.2,26.5,24.1,25.2,19855
2017-04-19 00:00:00,24.8,24.8,24.5,24.8,7584
2017-04-18 00:00:00,24.9,25.0,24.1,24.9,11712
2017-04-13 00:00:00,24.9,25.0,24.1,24.9,2026
2017-04-12 00:00:00,24.5,24.7,24.0,24.7,6220
2017-04-11 00:00:00,24.3,24.5,23.8,23.8,625
2017-04-10 00:00:00,24.1,24.2,23.2,24.2,4602
2017-04-07 00:00:00,24.3,24.3,23.3,24.1,6303
2017-04-06 00:00:00,24.0,24.5,23.5,24.4,4339
2017-04-05 00:00:00,24.0,24.4,23.6,24.0,2392
2017-04-04 00:00:00,24.5,24.5,23.6,24.0,9450
2017-04-03 00:00:00,24.8,24.8,23.8,24.5,10451
2017-03-31 00:00:00,24.3,25.3,23.6,24.8,7429
2017-03-30 00:00:00,26.0,26.0,24.3,24.3,10224
2017-03-29 00:00:00,25.0,25.2,24.2,24.5,7199
2017-03-28 00:00:00,23.4,25.2,23.4,24.5,12775
2017-03-27 00:00:00,25.0,25.0,23.3,23.3,4967
2017-03-24 00:00:00,24.7,25.0,23.6,25.0,14350
2017-03-23 00:00:00,23.6,25.0,23.6,24.8,16918
2017-03-22 00:00:00,22.1,23.7,22.0,23.0,3779
2017-03-21 00:00:00,22.6,22.6,22.0,22.6,17247
2017-03-20 00:00:00,22.4,22.7,22.0,22.7,7503
2017-03-17 00:00:00,22.3,22.7,22.0,22.6,4799
2017-03-16 00:00:00,22.9,22.9,22.1,22.2,8492
2017-03-15 00:00:00,22.9,22.9,22.7,22.7,3038
2017-03-14 00:00:00,23.1,23.1,22.1,22.7,5898
2017-03-13 00:00:00,23.5,23.7,22.7,23.1,9539
2017-03-10 00:00:00,23.5,23.5,23.5,23.5,8491
2017-03-09 00:00:00,22.8,23.5,22.1,23.5,4584
2017-03-08 00:00:00,23.0,23.5,22.8,22.8,13118
2017-03-07 00:00:00,23.5,23.5,22.7,22.8,2934
2017-03-06 00:00:00,23.4,23.7,23.3,23.5,6113
2017-03-03 00:00:00,23.0,23.4,23.4,23.4,7870
2017-03-02 00:00:00,23.3,23.6,22.8,22.9,7792
2017-03-01 00:00:00,22.9,23.9,22.0,23.3,30748
2017-02-28 00:00:00,22.2,23.8,22.2,22.8,20419
2017-02-27 00:00:00,21.8,22.4,21.3,22.2,14889
2017-02-24 00:00:00,21.2,22.1,21.2,21.6,7863
2017-02-23 00:00:00,21.5,21.8,21.0,21.2,4714
2017-02-22 00:00:00,21.5,21.5,21.4,21.5,1061
2017-02-21 00:00:00,21.9,21.9,21.4,21.6,3189
2017-02-20 00:00:00,21.0,21.9,21.0,21.9,10038
2017-02-17 00:00:00,21.0,21.8,21.0,21.0,18117
2017-02-16 00:00:00,19.2,21.3,19.2,21.0,40907
2017-02-15 00:00:00,20.3,20.6,19.5,19.5,5240
2017-02-14 00:00:00,20.5,21.0,20.0,20.3,19475
2017-02-13 00:00:00,20.2,20.6,20.1,20.5,7561
2017-02-10 00:00:00,19.9,20.6,19.9,20.1,12058
2017-02-09 00:00:00,20.8,20.9,19.9,19.9,9636
2017-02-08 00:00:00,19.6,21.0,19.5,19.8,6388
2017-02-07 00:00:00,19.5,20.0,19.5,19.7,12608
2017-02-06 00:00:00,18.9,19.5,18.6,19.5,10978
2017-02-03 00:00:00,18.7,19.7,18.7,18.9,3217
2017-02-02 00:00:00,19.2,19.2,18.7,18.7,19993
2017-02-01 00:00:00,18.7,19.2,18.7,19.2,12907
2017-01-31 00:00:00,18.9,19.0,18.7,18.7,13584
2017-01-30 00:00:00,18.9,18.9,18.5,18.8,2009
2017-01-27 00:00:00,18.7,19.0,18.3,19.0,15843
2017-01-26 00:00:00,18.8,18.9,18.4,18.7,1771
2017-01-25 00:00:00,19.0,19.0,18.6,18.8,1328
2017-01-24 00:00:00,18.7,19.0,18.7,18.9,3293
2017-01-23 00:00:00,18.6,18.9,18.2,18.4,4520
2017-01-20 00:00:00,18.5,19.0,18.5,19.0,2023
2017-01-19 00:00:00,18.9,19.0,18.6,18.9,3101
2017-01-18 00:00:00,18.6,18.9,18.6,18.9,3884
2017-01-17 00:00:00,18.6,18.6,18.5,18.5,4599
2017-01-16 00:00:00,18.9,18.9,18.6,18.9,3951
2017-01-13 00:00:00,18.6,18.9,18.6,18.9,1239
2017-01-12 00:00:00,18.9,18.9,18.7,18.8,5421
2017-01-11 00:00:00,18.8,18.9,18.7,18.9,1836
2017-01-10 00:00:00,18.6,18.8,18.5,18.6,1850
2017-01-09 00:00:00,18.7,18.9,18.6,18.6,3604
2017-01-06 00:00:00,,18.9,18.9,18.9,0
2017-01-05 00:00:00,18.7,18.9,18.6,18.9,1398
2017-01-04 00:00:00,18.9,18.9,18.8,18.8,1696
2017-01-03 00:00:00,19.0,19.0,18.7,19.0,13621
2017-01-02 00:00:00,19.0,19.0,18.6,19.0,5280
2016-12-30 00:00:00,18.3,18.8,18.3,18.6,910
2016-12-29 00:00:00,18.8,18.8,18.4,18.5,2188
2016-12-28 00:00:00,18.2,18.8,18.2,18.6,9121
2016-12-27 00:00:00,18.9,18.9,18.1,18.6,5783
2016-12-23 00:00:00,18.1,18.8,18.1,18.8,3852
2016-12-22 00:00:00,18.5,18.5,18.4,18.4,1195
2016-12-21 00:00:00,18.1,18.4,17.9,18.4,17046
2016-12-20 00:00:00,18.1,18.5,18.1,18.3,544
2016-12-19 00:00:00,18.5,18.6,18.3,18.5,3684
2016-12-16 00:00:00,18.5,18.5,18.3,18.5,3792
2016-12-15 00:00:00,18.5,18.5,18.2,18.2,1285
2016-12-14 00:00:00,18.2,18.7,18.1,18.2,6155
2016-12-13 00:00:00,18.1,18.8,18.1,18.4,6675
2016-12-12 00:00:00,18.2,18.7,18.0,18.7,3580
2016-12-09 00:00:00,18.3,18.4,18.0,18.2,10523
2016-12-08 00:00:00,18.2,18.4,18.1,18.3,3202
2016-12-07 00:00:00,18.4,18.4,18.1,18.1,3370
2016-12-06 00:00:00,18.2,18.5,18.2,18.4,1931
2016-12-05 00:00:00,18.2,18.8,18.2,18.4,4241
2016-12-02 00:00:00,18.3,18.6,18.1,18.6,3330
2016-12-01 00:00:00,18.2,18.6,18.1,18.2,5973
2016-11-30 00:00:00,18.2,18.5,18.1,18.2,8804
2016-11-29 00:00:00,18.9,18.9,18.1,18.6,11631
2016-11-28 00:00:00,19.3,19.3,19.1,19.1,537
2016-11-25 00:00:00,19.1,19.3,19.1,19.3,7871
2016-11-24 00:00:00,18.7,19.3,18.7,19.3,461
2016-11-23 00:00:00,18.9,19.1,18.9,19.0,1969
2016-11-22 00:00:00,18.9,19.0,18.4,18.7,21411
2016-11-21 00:00:00,18.7,18.9,18.7,18.8,663
2016-11-18 00:00:00,18.3,18.7,18.3,18.7,1935
2016-11-17 00:00:00,18.6,19.0,18.3,18.3,6176
2016-11-16 00:00:00,18.3,18.6,18.2,18.2,2054
2016-11-15 00:00:00,18.2,18.3,18.1,18.1,10672
2016-11-14 00:00:00,18.0,18.7,18.0,18.7,6585
2016-11-11 00:00:00,17.8,19.0,17.8,18.1,19323
2016-11-10 00:00:00,19.2,19.9,17.6,17.8,18734
2016-11-09 00:00:00,18.1,19.4,17.0,19.2,21176
2016-11-08 00:00:00,19.3,19.4,19.1,19.1,4832
2016-11-07 00:00:00,19.3,19.4,19.0,19.4,1968
2016-11-04 00:00:00,19.2,19.2,19.2,19.2,324
2016-11-03 00:00:00,19.1,19.4,19.1,19.3,4584
2016-11-02 00:00:00,19.2,19.4,19.1,19.2,8479
2016-11-01 00:00:00,20.0,20.0,19.2,19.2,5858
2016-10-31 00:00:00,19.6,19.6,19.1,19.6,14176
2016-10-28 00:00:00,19.6,19.6,19.2,19.3,11715
2016-10-27 00:00:00,20.0,20.0,19.7,19.7,2201
2016-10-26 00:00:00,20.0,20.1,19.5,20.0,3690
2016-10-25 00:00:00,20.4,20.4,19.6,19.6,7367
2016-10-24 00:00:00,20.0,20.4,19.6,19.6,4428
2016-10-21 00:00:00,20.3,20.4,19.7,20.0,5224
2016-10-20 00:00:00,20.4,20.4,19.6,20.3,11824
2016-10-19 00:00:00,19.7,20.0,19.5,19.9,5683
2016-10-18 00:00:00,19.8,19.8,19.7,19.7,6254
2016-10-17 00:00:00,19.8,19.8,19.5,19.8,19716
2016-10-14 00:00:00,19.3,19.8,19.3,19.8,6046
2016-10-13 00:00:00,19.5,19.8,19.3,19.7,3204
2016-10-12 00:00:00,19.3,19.8,19.3,19.8,6513
2016-10-11 00:00:00,19.6,19.8,19.5,19.5,2072
2016-10-10 00:00:00,19.6,19.7,19.5,19.6,2321
2016-10-07 00:00:00,19.5,19.7,19.3,19.4,2409
2016-10-06 00:00:00,19.2,19.7,19.2,19.2,3417
2016-10-05 00:00:00,19.5,19.8,19.2,19.2,6428
2016-10-04 00:00:00,19.5,19.9,19.3,19.8,7988
2016-10-03 00:00:00,19.9,20.0,19.2,19.8,15408
2016-09-30 00:00:00,19.9,19.9,19.4,19.9,4565
2016-09-29 00:00:00,19.5,19.8,19.3,19.7,2927
2016-09-28 00:00:00,19.8,19.9,19.5,19.5,2541
2016-09-27 00:00:00,19.9,19.9,19.5,19.6,4225
2016-09-26 00:00:00,19.9,19.9,19.5,19.5,6380
2016-09-23 00:00:00,20.0,20.0,19.5,19.9,9664
2016-09-22 00:00:00,19.0,20.0,19.0,20.0,21524
2016-09-21 00:00:00,19.0,19.1,18.7,18.8,3455
2016-09-20 00:00:00,19.0,19.2,18.7,18.9,9197
2016-09-19 00:00:00,19.0,19.2,18.9,19.0,10099
2016-09-16 00:00:00,19.3,19.4,19.1,19.3,4377
2016-09-15 00:00:00,19.2,19.3,18.9,18.9,3066
2016-09-14 00:00:00,19.3,19.4,18.8,19.0,16580
2016-09-13 00:00:00,19.4,19.5,19.2,19.2,4440
2016-09-12 00:00:00,19.0,19.6,19.0,19.4,4784
2016-09-09 00:00:00,19.5,19.6,19.4,19.6,1908
2016-09-08 00:00:00,19.3,19.6,19.3,19.4,4320
2016-09-07 00:00:00,19.5,19.5,19.3,19.4,3915
2016-09-06 00:00:00,19.2,19.7,19.2,19.5,8773
2016-09-05 00:00:00,19.9,19.9,19.0,19.2,12994
2016-09-02 00:00:00,19.8,19.8,19.3,19.8,2602
2016-09-01 00:00:00,19.5,19.7,19.5,19.7,7794
2016-08-31 00:00:00,19.8,19.8,19.2,19.5,7164
2016-08-30 00:00:00,19.9,19.9,19.3,19.3,3723
2016-08-29 00:00:00,19.2,19.8,19.1,19.6,10611
2016-08-26 00:00:00,19.7,19.9,19.4,19.4,3580
2016-08-25 00:00:00,19.4,19.7,19.4,19.6,8034
2016-08-24 00:00:00,19.8,19.8,19.3,19.4,12702
2016-08-23 00:00:00,19.5,19.8,19.3,19.8,10515
2016-08-22 00:00:00,19.4,19.4,19.2,19.4,3031
2016-08-19 00:00:00,19.3,19.5,19.2,19.2,1662
2016-08-18 00:00:00,19.1,19.5,19.0,19.3,30767
2016-08-17 00:00:00,19.6,20.0,19.4,19.5,7412
2016-08-16 00:00:00,19.5,19.6,19.5,19.6,5180
2016-08-15 00:00:00,20.1,20.1,19.1,19.6,8479
2016-08-12 00:00:00,19.8,20.0,19.5,19.9,21240
2016-08-11 00:00:00,20.5,21.4,18.5,19.9,108016
2016-08-10 00:00:00,20.5,20.5,20.1,20.3,14202
2016-08-09 00:00:00,20.8,20.8,20.1,20.5,10892
2016-08-08 00:00:00,20.7,20.8,20.5,20.6,13935
2016-08-05 00:00:00,20.7,20.8,20.5,20.5,6721
2016-08-04 00:00:00,20.8,20.8,20.3,20.3,9771
2016-08-03 00:00:00,20.5,20.8,20.3,20.8,3721
2016-08-02 00:00:00,20.6,20.6,20.2,20.5,12843
2016-08-01 00:00:00,20.4,20.8,20.4,20.6,8994
2016-07-29 00:00:00,20.5,20.7,20.2,20.5,9130
2016-07-28 00:00:00,20.5,20.5,20.1,20.5,1376
2016-07-27 00:00:00,20.5,20.5,20.0,20.4,4246
2016-07-26 00:00:00,20.5,20.7,20.0,20.5,6243
2016-07-25 00:00:00,20.1,20.5,20.1,20.5,6688
2016-07-22 00:00:00,19.9,20.5,19.7,20.1,8641
2016-07-21 00:00:00,19.5,20.0,19.1,20.0,12063
2016-07-20 00:00:00,19.9,19.9,19.3,19.5,11758
2016-07-19 00:00:00,18.9,20.0,18.8,19.9,20074
2016-07-18 00:00:00,18.5,19.5,18.4,19.3,19019
2016-07-15 00:00:00,18.7,18.8,18.2,18.5,7204
2016-07-14 00:00:00,18.7,18.7,18.5,18.5,1612
2016-07-13 00:00:00,18.7,18.7,18.5,18.5,2187
2016-07-12 00:00:00,18.2,18.6,18.2,18.6,4814
2016-07-11 00:00:00,18.1,18.2,17.8,18.2,1219
2016-07-08 00:00:00,18.0,18.1,18.0,18.1,159
2016-07-07 00:00:00,18.2,18.2,18.0,18.0,10876
2016-07-06 00:00:00,18.2,18.2,18.0,18.0,581
2016-07-05 00:00:00,17.8,18.6,17.8,18.2,1494
2016-07-04 00:00:00,18.1,18.1,17.8,17.9,891
2016-07-01 00:00:00,17.8,18.0,17.5,17.9,13485
2016-06-30 00:00:00,18.0,18.2,17.4,17.8,5499
2016-06-29 00:00:00,18.0,18.2,17.9,17.9,1669
2016-06-28 00:00:00,18.0,18.1,17.9,17.9,2493
2016-06-27 00:00:00,17.6,17.8,17.4,17.5,12945
2016-06-24 00:00:00,,17.9,17.9,17.9,0
2016-06-23 00:00:00,18.4,18.4,17.9,17.9,2237
2016-06-22 00:00:00,18.4,18.4,17.9,18.4,5568
2016-06-21 00:00:00,18.2,18.2,17.9,17.9,7682
2016-06-20 00:00:00,18.0,18.2,17.8,17.8,2355
2016-06-17 00:00:00,17.8,18.2,17.8,18.2,331
2016-06-16 00:00:00,18.2,18.2,17.8,17.8,652
2016-06-15 00:00:00,18.3,18.4,18.0,18.3,1637
2016-06-14 00:00:00,17.7,17.9,17.6,17.9,4551
2016-06-13 00:00:00,18.5,18.5,17.6,17.7,6312
2016-06-10 00:00:00,18.3,18.8,17.7,18.6,6993
2016-06-09 00:00:00,18.6,18.6,17.1,18.4,16263
2016-06-08 00:00:00,18.6,18.6,18.6,18.6,2512
2016-06-07 00:00:00,18.5,18.6,18.3,18.6,1794
2016-06-06 00:00:00,,18.5,18.5,18.5,0
2016-06-03 00:00:00,18.4,18.5,18.4,18.5,172
2016-06-02 00:00:00,18.4,18.4,18.1,18.4,632
2016-06-01 00:00:00,18.7,18.7,18.3,18.4,2230
2016-05-31 00:00:00,18.5,18.6,18.3,18.5,3713
2016-05-30 00:00:00,18.3,18.5,18.3,18.5,6902
2016-05-27 00:00:00,18.5,18.5,18.3,18.5,2844
2016-05-26 00:00:00,18.5,18.5,18.2,18.5,7296
2016-05-25 00:00:00,18.3,18.3,18.0,18.3,8536
2016-05-24 00:00:00,18.4,18.4,17.9,18.2,4430
2016-05-23 00:00:00,18.4,18.4,18.0,18.3,3491
2016-05-20 00:00:00,17.9,18.6,17.9,18.2,3677
2016-05-19 00:00:00,18.1,18.5,17.7,18.3,19856
2016-05-18 00:00:00,18.1,18.4,17.6,18.1,17037
2016-05-17 00:00:00,18.4,18.4,17.6,18.4,12032
2016-05-16 00:00:00,18.5,18.6,18.0,18.3,10099
2016-05-13 00:00:00,17.9,18.5,17.9,18.5,2350
2016-05-12 00:00:00,18.2,18.2,17.9,17.9,3838
2016-05-11 00:00:00,18.0,18.3,17.6,17.9,25337
2016-05-10 00:00:00,18.5,18.6,17.6,18.4,62300
2016-05-09 00:00:00,17.4,18.9,17.3,18.9,190601
2016-05-06 00:00:00,17.7,17.7,17.5,17.6,3949
2016-05-05 00:00:00,17.5,17.9,17.5,17.7,2381
2016-05-04 00:00:00,17.5,17.9,17.5,17.7,2381
2016-05-03 00:00:00,17.6,17.8,17.3,17.6,23226
2016-05-02 00:00:00,17.8,18.0,17.5,17.5,18503
2016-04-29 00:00:00,17.7,17.9,17.6,17.9,21304
2016-04-28 00:00:00,17.7,17.8,17.6,17.6,6253
2016-04-27 00:00:00,18.0,18.0,17.6,17.8,16552
2016-04-26 00:00:00,18.3,18.3,17.5,17.5,25567
2016-04-25 00:00:00,18.1,18.1,17.6,17.8,26387
2016-04-22 00:00:00,17.9,18.4,17.6,18.1,46586
2016-04-21 00:00:00,17.8,18.5,17.5,17.6,106540
2016-04-20 00:00:00,17.3,17.3,17.2,17.3,13471
2016-04-19 00:00:00,17.5,17.5,17.5,17.5,641
2016-04-18 00:00:00,17.5,17.5,17.0,17.3,14985
2016-04-15 00:00:00,17.2,17.3,17.0,17.3,2616
2016-04-14 00:00:00,17.2,17.5,17.1,17.3,11295
2016-04-13 00:00:00,17.8,17.8,17.5,17.5,3836
2016-04-12 00:00:00,17.7,17.7,17.3,17.3,170
2016-04-11 00:00:00,17.7,17.7,17.3,17.3,1313
2016-04-08 00:00:00,17.5,17.7,17.0,17.7,14578
2016-04-07 00:00:00,17.9,17.9,17.7,17.7,1561
2016-04-06 00:00:00,17.7,17.8,17.6,17.8,7825
2016-04-05 00:00:00,17.3,17.7,17.0,17.6,5580
2016-04-04 00:00:00,16.9,17.0,16.9,17.0,7458
2016-04-01 00:00:00,17.7,17.7,16.9,17.0,16535
2016-03-31 00:00:00,17.6,17.6,17.6,17.6,106
2016-03-30 00:00:00,17.5,17.6,17.4,17.6,2076
2016-03-29 00:00:00,17.5,17.7,17.4,17.4,9608
2016-03-28 00:00:00,17.5,17.5,17.5,17.5,622
2016-03-25 00:00:00,17.5,17.5,17.3,17.5,622
2016-03-24 00:00:00,17.5,17.5,17.3,17.5,622
2016-03-23 00:00:00,17.5,17.5,17.0,17.0,11235
2016-03-22 00:00:00,17.5,17.5,17.0,17.5,2310
2016-03-21 00:00:00,17.5,17.5,17.5,17.5,1233
2016-03-18 00:00:00,17.5,17.5,17.5,17.5,892
2016-03-17 00:00:00,,17.5,17.5,17.5,0
2016-03-16 00:00:00,17.1,17.7,16.9,17.5,6623
2016-03-15 00:00:00,17.5,17.5,16.9,17.0,220
2016-03-14 00:00:00,17.0,17.7,17.0,17.6,7020
2016-03-11 00:00:00,17.5,17.5,17.1,17.1,330
2016-03-10 00:00:00,17.6,17.6,17.3,17.3,258
2016-03-09 00:00:00,17.3,17.3,17.2,17.2,110
2016-03-08 00:00:00,,17.3,17.3,17.3,0
2016-03-07 00:00:00,17.5,17.5,17.3,17.3,1064
2016-03-04 00:00:00,17.4,17.6,17.4,17.6,4755
2016-03-03 00:00:00,17.0,17.6,16.9,17.4,6201
2016-03-02 00:00:00,17.3,17.3,16.9,16.9,3863
2016-03-01 00:00:00,16.9,17.5,16.8,16.8,6607
2016-02-29 00:00:00,17.2,17.3,16.8,17.3,11744
2016-02-26 00:00:00,16.8,16.8,16.8,16.8,1625
2016-02-25 00:00:00,16.9,17.1,16.9,16.9,1165
2016-02-24 00:00:00,17.3,17.3,16.9,16.9,67
2016-02-23 00:00:00,17.4,17.4,17.4,17.4,10
2016-02-22 00:00:00,17.0,17.3,17.0,17.3,2523
2016-02-19 00:00:00,17.5,17.5,17.0,17.5,6755
2016-02-18 00:00:00,17.0,17.6,17.0,17.5,18815
2016-02-17 00:00:00,17.2,17.5,16.3,17.0,16062
2016-02-16 00:00:00,17.5,17.5,17.5,17.5,232
2016-02-15 00:00:00,,17.2,17.2,17.2,0
2016-02-12 00:00:00,17.5,17.5,16.6,17.2,9373
2016-02-11 00:00:00,17.5,17.6,16.7,17.6,1864
2016-02-10 00:00:00,17.8,17.8,16.7,16.7,1194
2016-02-09 00:00:00,16.5,16.6,16.2,16.3,1875
2016-02-08 00:00:00,17.9,17.9,17.6,17.6,277
2016-02-05 00:00:00,17.3,18.0,17.2,18.0,8753
2016-02-04 00:00:00,16.5,17.3,16.0,17.3,16902
2016-02-03 00:00:00,16.5,16.6,16.5,16.6,8529
2016-02-02 00:00:00,17.1,17.1,17.1,17.1,60
2016-02-01 00:00:00,17.0,17.2,16.5,16.6,1181
2016-01-29 00:00:00,17.4,17.4,16.5,17.0,15348
2016-01-28 00:00:00,16.8,16.8,16.8,16.8,1501
2016-01-27 00:00:00,17.3,17.3,16.5,17.1,1023
2016-01-26 00:00:00,17.3,17.3,17.3,17.3,5
2016-01-25 00:00:00,17.1,17.3,16.5,17.0,1334
2016-01-22 00:00:00,17.0,17.1,17.0,17.1,2355
2016-01-21 00:00:00,16.4,17.0,16.4,17.0,868
2016-01-20 00:00:00,16.5,16.5,16.5,16.5,50
2016-01-19 00:00:00,16.9,17.3,16.9,17.1,4173
2016-01-18 00:00:00,16.4,16.5,16.4,16.5,7967
2016-01-15 00:00:00,16.6,17.3,16.5,16.5,10256
2016-01-14 00:00:00,16.6,16.8,16.6,16.6,3208
2016-01-13 00:00:00,17.0,17.3,17.0,17.0,3030
2016-01-12 00:00:00,17.3,17.3,16.9,17.0,2977
2016-01-11 00:00:00,17.2,17.3,17.2,17.3,540
2016-01-08 00:00:00,17.9,17.9,17.0,17.6,6309
2016-01-07 00:00:00,17.8,18.0,17.7,17.9,7373
2016-01-06 00:00:00,,17.8,17.8,17.8,0
2016-01-05 00:00:00,17.3,17.8,17.3,17.8,1131
2016-01-04 00:00:00,17.2,17.5,17.1,17.5,9512
2016-01-01 00:00:00,,17.1,17.1,17.1,0
2015-12-31 00:00:00,,17.1,17.1,17.1,0
2015-12-30 00:00:00,17.7,17.7,17.0,17.1,2688
2015-12-29 00:00:00,17.5,17.8,17.5,17.7,12595
2015-12-28 00:00:00,17.3,17.6,16.8,16.8,8709
2015-12-25 00:00:00,17.6,17.6,16.8,16.8,2648
2015-12-24 00:00:00,17.6,17.6,16.8,16.8,2648
2015-12-23 00:00:00,17.6,17.6,16.8,16.8,2648
2015-12-22 00:00:00,17.1,17.1,17.1,17.1,70
2015-12-21 00:00:00,17.4,17.4,16.9,17.4,4260
2015-12-18 00:00:00,17.3,17.4,17.2,17.4,789
2015-12-17 00:00:00,17.2,17.4,17.2,17.3,7302
2015-12-16 00:00:00,17.1,17.4,16.7,16.7,3459
2015-12-15 00:00:00,16.6,16.6,16.6,16.6,40
2015-12-14 00:00:00,16.5,17.3,16.5,17.0,1107
2015-12-11 00:00:00,17.4,17.4,16.4,16.5,5036
2015-12-10 00:00:00,17.4,17.4,17.2,17.2,563
2015-12-09 00:00:00,17.6,17.6,16.8,16.9,484
2015-12-08 00:00:00,17.4,17.6,17.3,17.6,1654
2015-12-07 00:00:00,17.2,17.5,17.2,17.3,12052
2015-12-04 00:00:00,17.0,17.7,16.7,17.1,22348
2015-12-03 00:00:00,17.7,17.7,17.5,17.6,332
2015-12-02 00:00:00,17.6,18.0,17.6,17.6,4282
2015-12-01 00:00:00,17.5,17.7,17.1,17.6,6932
2015-11-30 00:00:00,17.8,17.8,17.7,17.8,1201
2015-11-27 00:00:00,17.7,17.7,17.6,17.6,258
2015-11-26 00:00:00,17.3,17.7,17.3,17.6,3209
2015-11-25 00:00:00,17.5,17.5,16.9,17.3,4126
2015-11-24 00:00:00,17.6,17.6,17.5,17.5,3215
2015-11-23 00:00:00,17.0,17.5,17.0,17.5,18399
2015-11-20 00:00:00,17.2,17.4,16.7,16.7,7331
2015-11-19 00:00:00,16.7,16.7,16.7,16.7,153
2015-11-18 00:00:00,17.2,17.4,17.0,17.0,1230
2015-11-17 00:00:00,16.8,17.0,16.8,17.0,2826
2015-11-16 00:00:00,17.6,17.6,16.7,17.0,4405
2015-11-13 00:00:00,16.8,17.8,16.8,17.5,8465
2015-11-12 00:00:00,17.1,17.8,16.8,16.8,10075
2015-11-11 00:00:00,16.8,16.8,16.8,16.8,25
2015-11-10 00:00:00,16.9,17.2,16.8,16.8,4995
2015-11-09 00:00:00,17.0,17.5,16.7,16.7,18190
2015-11-06 00:00:00,17.0,17.1,16.5,16.5,5801
2015-11-05 00:00:00,16.2,16.9,16.2,16.5,5923
2015-11-04 00:00:00,16.5,16.9,16.3,16.5,4990
2015-11-03 00:00:00,16.7,17.0,16.7,17.0,8945
2015-11-02 00:00:00,17.0,17.0,16.6,16.8,8331
2015-10-30 00:00:00,17.0,17.0,16.9,17.0,3020
2015-10-29 00:00:00,16.6,16.6,16.6,16.6,306
2015-10-28 00:00:00,16.9,16.9,16.5,16.9,12033
2015-10-27 00:00:00,16.7,16.9,16.7,16.9,10686
2015-10-26 00:00:00,16.5,16.5,16.4,16.5,972
2015-10-23 00:00:00,16.4,16.8,16.4,16.5,736
2015-10-22 00:00:00,16.8,16.8,16.3,16.3,11072
2015-10-21 00:00:00,16.8,16.8,16.8,16.8,1710
2015-10-20 00:00:00,16.5,16.9,16.5,16.9,7786
2015-10-19 00:00:00,16.1,16.1,16.1,16.1,600
2015-10-16 00:00:00,,16.0,16.0,16.0,0
2015-10-15 00:00:00,16.0,16.0,16.0,16.0,240
2015-10-14 00:00:00,16.6,16.6,16.0,16.0,830
2015-10-13 00:00:00,16.5,16.6,16.5,16.6,16352
2015-10-12 00:00:00,16.5,16.6,16.5,16.5,1812
2015-10-09 00:00:00,16.4,16.6,16.0,16.6,10166
2015-10-08 00:00:00,16.3,16.3,16.0,16.1,660
2015-10-07 00:00:00,16.5,16.5,16.4,16.4,1100
2015-10-06 00:00:00,15.8,16.4,15.8,16.4,1911
2015-10-05 00:00:00,16.1,16.5,15.8,16.2,25941
2015-10-02 00:00:00,16.0,16.1,16.0,16.0,1682
2015-10-01 00:00:00,16.0,16.1,15.7,15.7,700
2015-09-30 00:00:00,15.7,16.3,15.7,16.0,1001
2015-09-29 00:00:00,15.5,16.6,15.5,15.7,1836
2015-09-28 00:00:00,15.8,16.3,15.5,15.6,12673
2015-09-25 00:00:00,15.5,16.4,15.5,16.1,2903
2015-09-24 00:00:00,15.7,16.0,15.4,15.5,13125
2015-09-23 00:00:00,,16.3,16.3,16.3,0
2015-09-22 00:00:00,16.0,16.3,15.6,16.3,8354
2015-09-21 00:00:00,16.2,16.3,16.2,16.3,682
2015-09-18 00:00:00,16.2,16.2,16.2,16.2,1435
2015-09-17 00:00:00,15.8,16.1,15.8,15.8,3026
2015-09-16 00:00:00,15.5,16.1,15.5,16.1,3890
2015-09-15 00:00:00,15.2,16.2,15.2,15.9,6356
2015-09-14 00:00:00,16.0,16.9,15.0,16.3,28003
2015-09-11 00:00:00,16.1,16.9,16.1,16.1,2160
2015-09-10 00:00:00,16.8,16.8,16.5,16.5,230
2015-09-09 00:00:00,16.7,17.1,16.7,17.1,13652
2015-09-08 00:00:00,16.0,16.0,16.0,16.0,70
2015-09-07 00:00:00,16.4,16.4,15.7,16.3,8816
2015-09-04 00:00:00,16.4,16.7,16.4,16.6,5728
2015-09-03 00:00:00,15.9,16.5,15.9,16.5,5953
2015-09-02 00:00:00,15.5,15.7,15.5,15.7,4014
2015-09-01 00:00:00,15.8,16.0,15.6,16.0,8905
2015-08-31 00:00:00,15.0,15.8,15.0,15.8,4133
2015-08-28 00:00:00,15.9,15.9,15.5,15.9,8211
2015-08-27 00:00:00,16.7,16.7,15.6,16.0,4204
2015-08-26 00:00:00,16.2,16.5,15.4,16.3,1769
2015-08-25 00:00:00,15.5,16.2,15.5,16.0,12822
2015-08-24 00:00:00,15.7,16.0,15.2,16.0,13453
2015-08-21 00:00:00,16.4,16.4,15.7,16.3,36087
2015-08-20 00:00:00,17.6,17.6,16.5,17.0,2642
2015-08-19 00:00:00,17.5,17.5,17.4,17.4,744
2015-08-18 00:00:00,16.9,17.8,16.8,16.8,13608
2015-08-17 00:00:00,16.9,16.9,16.5,16.8,2513
2015-08-14 00:00:00,16.7,17.2,16.7,17.2,502
2015-08-13 00:00:00,17.1,17.4,16.8,17.4,8107
2015-08-12 00:00:00,17.0,17.5,16.8,17.5,2571
2015-08-11 00:00:00,17.8,17.8,16.7,17.5,5356
2015-08-10 00:00:00,16.7,17.8,16.5,17.8,13923
2015-08-07 00:00:00,17.5,17.5,16.6,17.5,8349
2015-08-06 00:00:00,16.0,18.0,16.0,17.6,33861
2015-08-05 00:00:00,16.5,17.1,16.5,16.9,7704
2015-08-04 00:00:00,16.0,16.0,16.0,16.0,1560
2015-08-03 00:00:00,15.9,16.4,15.9,16.1,2255
2015-07-31 00:00:00,16.4,16.4,16.3,16.3,1480
2015-07-30 00:00:00,16.2,16.4,16.2,16.4,1991
2015-07-29 00:00:00,15.9,16.3,15.7,16.3,5407
2015-07-28 00:00:00,16.0,16.0,16.0,16.0,136
2015-07-27 00:00:00,15.4,16.3,15.4,16.3,4044
2015-07-24 00:00:00,16.2,16.2,16.1,16.1,832
2015-07-23 00:00:00,16.0,16.4,15.8,16.0,4759
2015-07-22 00:00:00,16.4,16.4,16.4,16.4,122
2015-07-21 00:00:00,16.3,16.4,16.0,16.4,5320
2015-07-20 00:00:00,16.3,16.4,15.8,16.4,2113
2015-07-17 00:00:00,15.7,16.1,15.7,15.8,16335
2015-07-16 00:00:00,16.0,16.0,15.6,15.6,7200
2015-07-15 00:00:00,16.0,16.0,16.0,16.0,20
2015-07-14 00:00:00,,16.4,16.4,16.4,0
2015-07-13 00:00:00,15.8,16.4,15.6,16.4,6190
2015-07-10 00:00:00,15.7,15.8,15.7,15.8,400
2015-07-09 00:00:00,15.5,16.0,15.4,16.0,4802
2015-07-08 00:00:00,15.7,16.0,15.5,15.5,447
2015-07-07 00:00:00,16.0,16.0,16.0,16.0,1000
2015-07-06 00:00:00,16.0,16.0,15.5,16.0,58
2015-07-03 00:00:00,15.6,16.0,15.6,16.0,93
2015-07-02 00:00:00,16.6,16.6,16.5,16.5,107
2015-07-01 00:00:00,16.0,16.6,16.0,16.6,888
2015-06-30 00:00:00,15.6,16.0,15.6,16.0,1574
2015-06-29 00:00:00,15.5,15.6,15.1,15.6,11721
2015-06-26 00:00:00,15.7,15.8,15.5,15.8,1751
2015-06-25 00:00:00,15.6,15.9,15.5,15.9,511
2015-06-24 00:00:00,15.6,15.9,15.6,15.9,502
2015-06-23 00:00:00,15.9,15.9,15.9,15.9,725
2015-06-22 00:00:00,15.9,15.9,15.4,15.9,3
2015-06-19 00:00:00,,16.0,16.0,16.0,0
2015-06-18 00:00:00,15.7,16.0,15.5,16.0,7025
2015-06-17 00:00:00,15.9,16.4,15.9,16.4,8998
2015-06-16 00:00:00,15.4,15.9,15.3,15.9,10149
2015-06-15 00:00:00,15.5,16.4,15.5,16.3,2196
2015-06-12 00:00:00,,16.4,16.4,16.4,0
2015-06-11 00:00:00,16.3,16.4,16.3,16.4,3519
2015-06-10 00:00:00,15.6,16.3,15.6,16.3,601
2015-06-09 00:00:00,16.2,16.4,15.7,15.7,15347
2015-06-08 00:00:00,16.4,16.4,16.2,16.2,3610
2015-06-05 00:00:00,16.3,16.5,15.7,16.0,819
2015-06-04 00:00:00,16.0,16.7,15.9,16.6,10613
2015-06-03 00:00:00,16.0,16.6,16.0,16.1,6789
2015-06-02 00:00:00,16.0,16.2,16.0,16.0,2765
2015-06-01 00:00:00,16.1,16.1,16.0,16.0,1617
2015-05-29 00:00:00,15.7,16.1,15.7,16.1,1407
2015-05-28 00:00:00,16.2,16.2,15.7,16.2,60231
2015-05-27 00:00:00,16.2,16.2,15.6,16.2,12
2015-05-26 00:00:00,15.8,16.2,15.7,15.7,10477
2015-05-25 00:00:00,15.8,15.8,15.6,15.8,6794
2015-05-22 00:00:00,16.4,16.4,15.8,15.8,7184
2015-05-21 00:00:00,16.1,16.1,15.5,16.0,4520
2015-05-20 00:00:00,15.8,16.4,15.4,16.1,7943
2015-05-19 00:00:00,15.5,16.5,15.5,16.0,13410
2015-05-18 00:00:00,16.5,16.5,15.3,15.4,14280
2015-05-15 00:00:00,16.7,16.8,15.9,16.6,13704
2015-05-14 00:00:00,16.9,16.9,16.9,16.9,607
2015-05-13 00:00:00,16.9,16.9,16.9,16.9,607
2015-05-12 00:00:00,16.7,16.9,16.5,16.5,18615
2015-05-11 00:00:00,15.7,16.9,15.4,16.7,13288
2015-05-08 00:00:00,15.4,16.1,15.3,15.7,25107
2015-05-07 00:00:00,16.3,16.5,15.5,16.2,32759
2015-05-06 00:00:00,18.7,19.1,16.2,16.6,39670
2015-05-05 00:00:00,19.0,19.0,18.2,18.9,14391
2015-05-04 00:00:00,18.7,19.2,18.7,19.0,6856
2015-05-01 00:00:00,18.4,18.7,18.4,18.7,8105
2015-04-30 00:00:00,18.4,18.7,18.4,18.7,8105
2015-04-29 00:00:00,19.0,19.0,18.4,18.9,8469
2015-04-28 00:00:00,19.0,19.0,18.7,18.9,8403
2015-04-27 00:00:00,18.8,19.0,18.7,19.0,4905
2015-04-24 00:00:00,19.0,19.0,18.4,18.5,10888
2015-04-23 00:00:00,19.2,19.3,18.5,19.0,12647
2015-04-22 00:00:00,18.8,19.2,18.8,19.2,4568
2015-04-21 00:00:00,19.0,19.2,18.7,18.7,13575
2015-04-20 00:00:00,19.0,19.2,18.4,19.0,22740
2015-04-17 00:00:00,18.6,19.0,18.6,18.7,992
2015-04-16 00:00:00,19.1,19.1,18.8,19.1,1053
2015-04-15 00:00:00,19.2,19.2,19.0,19.1,2570
2015-04-14 00:00:00,18.7,19.2,18.7,19.2,7064
2015-04-13 00:00:00,18.7,19.1,18.7,19.1,19229
2015-04-10 00:00:00,18.8,18.9,18.8,18.9,7092
2015-04-09 00:00:00,18.6,18.9,18.6,18.9,3545
2015-04-08 00:00:00,18.7,18.8,18.5,18.5,6632
2015-04-07 00:00:00,18.7,18.7,18.4,18.4,8850
2015-04-02 00:00:00,18.7,18.7,18.6,18.7,1634
2015-04-01 00:00:00,18.4,18.7,18.4,18.7,10575
2015-03-31 00:00:00,18.2,18.4,18.2,18.4,3256
2015-03-30 00:00:00,18.1,18.2,18.1,18.2,5345
2015-03-27 00:00:00,17.8,18.2,17.8,18.1,16078
2015-03-26 00:00:00,18.1,18.1,17.5,17.9,5071
2015-03-25 00:00:00,17.8,18.0,17.8,17.8,8750
2015-03-24 00:00:00,17.8,17.8,17.8,17.8,17998
2015-03-23 00:00:00,17.5,17.8,17.5,17.8,18108
2015-03-20 00:00:00,17.5,17.5,17.5,17.5,1300
2015-03-19 00:00:00,17.6,17.6,17.5,17.6,1240
2015-03-18 00:00:00,17.8,17.8,17.6,17.7,8327
2015-03-17 00:00:00,17.5,17.6,17.5,17.6,1700
2015-03-16 00:00:00,17.4,17.5,17.4,17.4,12400
2015-03-13 00:00:00,17.7,17.8,17.5,17.5,17752
2015-03-12 00:00:00,17.7,17.7,17.7,17.7,70
2015-03-11 00:00:00,17.5,17.7,17.5,17.7,353
2015-03-10 00:00:00,17.7,17.7,17.5,17.5,1240
2015-03-09 00:00:00,17.8,17.8,17.2,17.5,2420
2015-03-06 00:00:00,17.8,17.8,17.4,17.4,30030
2015-03-05 00:00:00,17.5,17.8,17.5,17.8,1255
2015-03-04 00:00:00,17.8,17.8,17.2,17.5,16178
2015-03-03 00:00:00,18.2,18.2,17.6,17.6,3699
2015-03-02 00:00:00,18.0,18.2,17.8,17.8,8144
2015-02-27 00:00:00,18.3,18.3,17.5,18.0,10857
2015-02-26 00:00:00,18.0,18.4,17.8,17.8,19626
2015-02-25 00:00:00,18.2,18.4,17.9,18.0,8103
2015-02-24 00:00:00,17.9,18.2,17.9,18.2,4815
2015-02-23 00:00:00,17.6,18.0,17.6,18.0,7760
2015-02-20 00:00:00,18.3,19.2,17.5,18.0,47315
2015-02-19 00:00:00,17.9,18.4,17.5,18.3,27200
2015-02-18 00:00:00,17.5,18.0,17.5,17.9,10022
2015-02-17 00:00:00,17.7,18.0,17.5,17.5,21045
2015-02-16 00:00:00,17.5,17.7,17.0,17.6,35801
2015-02-13 00:00:00,18.0,18.0,17.5,17.8,25230
2015-02-12 00:00:00,17.4,17.8,17.4,17.5,2394
2015-02-11 00:00:00,17.3,17.8,17.3,17.3,6454
2015-02-10 00:00:00,17.7,18.8,17.5,17.5,15269
2015-02-09 00:00:00,17.6,18.4,17.0,17.7,17209
2015-02-06 00:00:00,17.9,17.9,17.4,17.4,1528
2015-02-05 00:00:00,18.0,18.0,17.4,17.4,5160
2015-02-04 00:00:00,18.0,18.0,18.0,18.0,1400
2015-02-03 00:00:00,17.5,18.0,17.5,18.0,16700
2015-02-02 00:00:00,17.9,17.9,17.5,17.5,850
2015-01-30 00:00:00,17.5,18.2,17.5,17.5,1260
2015-01-29 00:00:00,17.8,18.5,17.1,17.5,7425
2015-01-28 00:00:00,16.8,17.8,16.8,17.8,2
2015-01-27 00:00:00,17.0,17.7,16.7,17.5,11300
2015-01-26 00:00:00,17.0,17.0,17.0,17.0,15
2015-01-23 00:00:00,17.2,17.2,17.0,17.0,2616
2015-01-22 00:00:00,16.9,17.9,16.9,17.0,11642
2015-01-21 00:00:00,16.8,16.8,16.6,16.6,2001
2015-01-20 00:00:00,16.8,17.0,16.8,16.8,776
2015-01-19 00:00:00,16.9,17.2,16.6,16.6,3697
2015-01-16 00:00:00,16.8,16.8,16.8,16.8,5509
2015-01-15 00:00:00,,16.6,16.6,16.6,0
2015-01-14 00:00:00,16.8,16.8,16.6,16.6,59
2015-01-13 00:00:00,17.2,17.4,16.5,17.4,4135
2015-01-12 00:00:00,16.9,17.0,16.9,17.0,1700
2015-01-09 00:00:00,16.9,17.0,16.5,17.0,3521
2015-01-08 00:00:00,16.8,17.0,16.5,16.9,6993
2015-01-07 00:00:00,16.4,16.7,16.4,16.5,6917
2015-01-06 00:00:00,,16.4,16.4,16.4,0
2015-01-05 00:00:00,16.7,16.7,16.3,16.4,12200
2015-01-02 00:00:00,16.4,16.8,16.4,16.8,1805
2015-01-01 00:00:00,16.7,16.8,16.4,16.4,17640
2014-12-30 00:00:00,16.7,16.8,16.4,16.4,17640
2014-12-29 00:00:00,16.3,16.9,16.1,16.5,9250
2014-12-23 00:00:00,16.5,17.0,16.5,17.0,9179
2014-12-22 00:00:00,16.7,17.0,16.1,16.5,12490
2014-12-19 00:00:00,16.3,16.7,16.3,16.7,3000
2014-12-18 00:00:00,16.3,16.3,16.3,16.3,200
2014-12-17 00:00:00,16.1,16.6,16.1,16.6,1050
2014-12-16 00:00:00,16.5,16.5,16.2,16.2,5800
2014-12-15 00:00:00,,16.8,16.8,16.8,0
2014-12-12 00:00:00,16.5,16.8,16.5,16.8,1049
2014-12-11 00:00:00,17.0,17.0,16.4,16.4,11360
2014-12-10 00:00:00,17.0,17.0,16.4,16.4,1185
2014-12-09 00:00:00,16.7,16.7,16.4,16.4,5300
2014-12-08 00:00:00,17.2,17.2,17.0,17.1,3507
2014-12-05 00:00:00,17.5,17.5,16.6,17.1,11545
2014-12-04 00:00:00,16.5,17.0,16.5,16.6,4824
2014-12-03 00:00:00,16.8,16.8,16.6,16.6,450
2014-12-02 00:00:00,16.4,17.0,16.4,16.8,979
2014-12-01 00:00:00,16.3,16.3,16.3,16.3,1960
2014-11-28 00:00:00,16.5,16.5,16.3,16.3,13467
2014-11-27 00:00:00,17.8,17.8,16.5,16.5,7935
2014-11-26 00:00:00,16.9,17.3,16.5,16.8,4500
2014-11-25 00:00:00,16.9,17.0,16.5,16.5,14386
2014-11-24 00:00:00,16.7,16.7,16.7,16.7,2945
2014-11-21 00:00:00,16.4,16.4,16.3,16.4,1600
2014-11-20 00:00:00,,16.2,16.2,16.2,0
2014-11-19 00:00:00,16.5,16.7,16.2,16.2,8810
2014-11-18 00:00:00,16.2,16.5,16.0,16.0,2008
2014-11-17 00:00:00,16.4,16.4,16.0,16.0,4248
2014-11-14 00:00:00,16.7,16.9,16.7,16.9,6065
2014-11-13 00:00:00,16.2,16.7,16.2,16.7,2596
2014-11-12 00:00:00,16.7,16.7,16.2,16.7,548
2014-11-11 00:00:00,16.9,16.9,16.2,16.3,3500
2014-11-10 00:00:00,16.8,17.0,16.8,16.8,7250
2014-11-07 00:00:00,16.0,17.0,15.9,17.0,41434
2014-11-06 00:00:00,15.9,15.9,15.3,15.9,25857
2014-11-05 00:00:00,15.5,15.7,15.1,15.7,11161
2014-11-04 00:00:00,15.2,15.2,15.2,15.2,500
2014-11-03 00:00:00,15.1,15.8,15.1,15.1,5207
2014-10-31 00:00:00,15.0,15.1,15.0,15.1,504
2014-10-30 00:00:00,15.1,15.3,15.1,15.3,3103
2014-10-29 00:00:00,15.3,15.3,15.3,15.3,1000
2014-10-28 00:00:00,14.9,15.4,14.9,15.3,7002
2014-10-24 00:00:00,15.4,15.5,14.9,15.5,6833
2014-10-23 00:00:00,15.4,15.5,14.95,14.95,8842
2014-10-22 00:00:00,15.4,15.5,14.85,14.85,20986
2014-10-21 00:00:00,15.5,15.5,14.7,15.2,3984
2014-10-20 00:00:00,15.1,15.5,15.1,15.5,9000
2014-10-17 00:00:00,15.1,15.1,14.5,14.6,6676
2014-10-16 00:00:00,14.25,14.3,14.25,14.3,1920
2014-10-15 00:00:00,14.6,14.6,14.5,14.5,6808
2014-10-14 00:00:00,,15.5,15.5,15.5,0
2014-10-13 00:00:00,15.8,15.8,15.5,15.5,5300
2014-10-10 00:00:00,15.0,15.4,14.3,15.4,9000
2014-10-09 00:00:00,15.0,15.0,15.0,15.0,800
2014-10-08 00:00:00,15.5,15.5,15.5,15.5,300
2014-10-07 00:00:00,14.65,15.4,14.65,15.4,9049
2014-10-06 00:00:00,14.75,15.2,14.75,15.2,983
2014-10-03 00:00:00,15.5,15.5,15.5,15.5,295
2014-10-02 00:00:00,15.0,15.5,15.0,15.5,6620
2014-10-01 00:00:00,15.6,15.6,15.0,15.0,15815
2014-09-30 00:00:00,14.9,15.7,14.9,15.7,9155
2014-09-29 00:00:00,14.75,15.1,14.75,14.75,8690
2014-09-26 00:00:00,15.0,15.2,14.6,15.2,9237
2014-09-25 00:00:00,15.1,15.4,15.1,15.4,6234
2014-09-24 00:00:00,15.4,15.4,15.0,15.0,9276
2014-09-23 00:00:00,15.3,15.4,15.0,15.2,4585
2014-09-22 00:00:00,15.4,15.4,15.1,15.4,7980
2014-09-19 00:00:00,14.8,14.8,14.6,14.6,9400
2014-09-18 00:00:00,14.9,14.9,14.9,14.9,490
2014-09-17 00:00:00,14.7,15.5,14.7,15.5,6177
2014-09-16 00:00:00,14.6,14.6,14.6,14.6,2969
2014-09-15 00:00:00,14.6,15.1,14.55,15.0,6030
2014-09-12 00:00:00,15.1,15.5,14.8,15.5,23075
2014-09-11 00:00:00,14.4,15.5,14.4,15.4,30990
2014-09-10 00:00:00,14.3,14.3,14.3,14.3,620
2014-09-09 00:00:00,14.95,14.95,14.25,14.25,4971
2014-09-08 00:00:00,14.25,14.3,14.25,14.3,3500
2014-09-05 00:00:00,14.25,15.1,14.25,15.1,4100
2014-09-04 00:00:00,14.3,14.3,14.25,14.25,73
2014-09-03 00:00:00,14.3,14.3,14.3,14.3,300
2014-09-02 00:00:00,,14.3,14.3,14.3,0
2014-09-01 00:00:00,14.3,14.3,14.3,14.3,666
2014-08-29 00:00:00,,15.2,15.2,15.2,0
2014-08-28 00:00:00,,15.2,15.2,15.2,0
2014-08-27 00:00:00,14.2,15.2,14.2,15.2,9000
2014-08-26 00:00:00,14.6,14.6,14.4,14.4,23317
2014-08-25 00:00:00,14.3,14.5,14.3,14.5,8606
2014-08-22 00:00:00,14.05,14.45,14.05,14.45,4950
2014-08-21 00:00:00,14.15,14.5,14.15,14.5,3297
2014-08-20 00:00:00,14.5,14.5,14.05,14.05,13000
2014-08-19 00:00:00,14.5,14.5,14.5,14.5,9225
2014-08-18 00:00:00,14.0,14.5,14.0,14.5,1804
2014-08-15 00:00:00,14.25,14.55,14.25,14.5,28510
2014-08-14 00:00:00,14.4,14.4,14.25,14.25,1811
2014-08-13 00:00:00,14.4,14.45,14.0,14.45,13916
2014-08-12 00:00:00,14.45,14.45,14.45,14.45,4300
2014-08-11 00:00:00,14.25,14.45,14.25,14.45,28200
2014-08-08 00:00:00,14.1,14.35,14.0,14.25,28585
2014-08-07 00:00:00,14.25,14.55,14.25,14.4,6584
2014-08-06 00:00:00,14.35,14.6,14.2,14.55,16597
2014-08-05 00:00:00,14.3,14.6,14.3,14.3,16472
2014-08-04 00:00:00,14.1,14.1,14.1,14.1,1000
2014-08-01 00:00:00,14.25,14.25,14.0,14.0,4275
2014-07-31 00:00:00,14.25,14.25,14.25,14.25,700
2014-07-30 00:00:00,14.1,14.2,14.0,14.2,3650
2014-07-29 00:00:00,14.3,14.3,14.3,14.3,5000
2014-07-28 00:00:00,14.45,14.45,14.45,14.45,700
2014-07-25 00:00:00,14.4,14.4,14.4,14.4,800
2014-07-24 00:00:00,14.55,14.55,14.15,14.15,1038
2014-07-23 00:00:00,14.05,14.25,14.05,14.1,16252
2014-07-22 00:00:00,14.0,14.0,13.9,14.0,3800
2014-07-21 00:00:00,14.0,14.2,14.0,14.2,6700
2014-07-18 00:00:00,14.05,14.45,13.85,14.45,9662
2014-07-17 00:00:00,14.25,14.4,14.25,14.4,3244
2014-07-16 00:00:00,13.95,14.45,13.95,14.45,592
2014-07-15 00:00:00,14.2,14.5,13.85,13.9,4920
2014-07-14 00:00:00,13.95,14.15,13.7,14.15,11000
2014-07-11 00:00:00,13.95,14.3,13.95,14.3,470
2014-07-10 00:00:00,14.3,14.3,14.2,14.3,2780
2014-07-09 00:00:00,,14.3,14.3,14.3,0
2014-07-08 00:00:00,14.3,14.3,14.0,14.3,10430
2014-07-07 00:00:00,13.9,14.3,13.9,14.3,15000
2014-07-04 00:00:00,14.0,14.4,14.0,14.4,7180
2014-07-03 00:00:00,14.35,14.4,14.0,14.0,14601
2014-07-02 00:00:00,13.8,14.0,13.8,14.0,150
2014-07-01 00:00:00,14.0,14.0,14.0,14.0,250
2014-06-30 00:00:00,14.55,14.55,14.0,14.0,13900
2014-06-27 00:00:00,,14.05,14.05,14.05,0
2014-06-26 00:00:00,14.5,14.5,14.05,14.05,600
2014-06-25 00:00:00,14.0,14.6,14.0,14.6,630
2014-06-24 00:00:00,14.0,14.5,14.0,14.5,5044
2014-06-23 00:00:00,14.45,14.5,13.95,14.3,4992
2014-06-20 00:00:00,,14.4,14.4,14.4,0
2014-06-19 00:00:00,14.25,14.4,13.85,14.4,7500
2014-06-18 00:00:00,13.85,14.4,13.85,14.4,10962
2014-06-17 00:00:00,13.85,14.2,13.85,13.85,1986
2014-06-16 00:00:00,13.9,14.3,13.85,14.2,11400
2014-06-13 00:00:00,13.95,14.25,13.95,14.25,475
2014-06-12 00:00:00,14.0,14.0,14.0,14.0,14886
2014-06-11 00:00:00,14.2,14.2,14.0,14.0,4240
2014-06-10 00:00:00,13.9,14.25,13.75,14.0,11660
2014-06-09 00:00:00,14.0,14.0,13.7,14.0,10568
2014-06-06 00:00:00,,14.25,14.25,14.25,0
2014-06-05 00:00:00,13.8,14.25,13.5,14.25,15305
2014-06-04 00:00:00,14.1,14.25,14.1,14.25,5070
2014-06-03 00:00:00,14.0,14.1,13.8,13.8,3642
2014-06-02 00:00:00,14.25,14.25,13.8,14.25,10978
2014-05-30 00:00:00,14.0,14.1,13.8,13.8,10770
2014-05-28 00:00:00,13.85,14.1,13.7,14.0,11049
2014-05-27 00:00:00,14.2,14.2,13.85,13.85,1742
2014-05-26 00:00:00,14.1,14.2,14.0,14.1,11286
2014-05-23 00:00:00,14.2,14.2,13.9,14.0,5500
2014-05-22 00:00:00,14.2,14.2,13.9,13.9,6475
2014-05-21 00:00:00,13.8,14.1,13.8,14.1,4255
2014-05-20 00:00:00,14.45,14.45,13.75,13.75,25700
2014-05-19 00:00:00,14.3,14.3,13.9,14.3,12900
2014-05-16 00:00:00,13.85,14.5,13.85,14.5,44312
2014-05-15 00:00:00,13.8,14.2,13.7,14.15,11207
2014-05-14 00:00:00,,13.85,13.85,13.85,0
2014-05-13 00:00:00,13.9,14.05,13.85,13.85,10000
2014-05-12 00:00:00,13.9,14.1,13.9,13.95,12635
2014-05-09 00:00:00,14.1,14.1,13.7,14.1,7665
2014-05-08 00:00:00,14.5,14.5,13.8,14.1,38461
2014-05-07 00:00:00,15.1,15.7,14.75,15.0,76920
2014-05-06 00:00:00,14.5,15.1,14.5,15.0,50839
2014-05-05 00:00:00,14.7,15.3,14.7,14.95,20534
2014-05-02 00:00:00,14.35,15.3,14.35,14.9,10350
2014-05-01 00:00:00,,14.8,14.8,14.8,0
2014-04-30 00:00:00,14.5,14.8,14.5,14.8,8154
2014-04-29 00:00:00,14.65,15.3,14.35,15.3,20680
2014-04-28 00:00:00,14.6,14.65,14.5,14.65,13672
2014-04-25 00:00:00,14.25,14.6,14.25,14.6,2100
2014-04-24 00:00:00,14.5,14.7,14.5,14.55,21000
2014-04-23 00:00:00,14.3,14.3,14.3,14.3,160
2014-04-22 00:00:00,14.6,14.65,14.6,14.65,2388
2014-04-17 00:00:00,14.5,14.5,14.5,14.5,250
2014-04-16 00:00:00,14.55,14.6,14.5,14.5,55298
2014-04-15 00:00:00,14.6,14.6,14.6,14.6,3000
2014-04-14 00:00:00,,14.7,14.7,14.7,0
2014-04-11 00:00:00,14.7,14.7,14.3,14.7,4852
2014-04-10 00:00:00,14.65,14.7,14.65,14.7,13000
2014-04-09 00:00:00,14.45,14.7,14.45,14.7,38900
2014-04-08 00:00:00,14.5,14.6,14.3,14.3,39532
2014-04-07 00:00:00,14.45,14.5,14.2,14.5,12209
2014-04-04 00:00:00,14.5,14.5,14.5,14.5,130
2014-04-03 00:00:00,14.45,14.45,14.3,14.3,7024
2014-04-02 00:00:00,14.6,14.6,14.5,14.5,1550
2014-04-01 00:00:00,14.5,14.5,14.2,14.2,16000
2014-03-31 00:00:00,14.2,14.5,14.2,14.5,3100
2014-03-28 00:00:00,14.45,14.45,14.35,14.35,3000
2014-03-27 00:00:00,14.5,14.55,14.5,14.55,1803
2014-03-26 00:00:00,14.15,14.55,14.15,14.35,9458
2014-03-25 00:00:00,14.4,14.55,14.25,14.55,1585
2014-03-24 00:00:00,14.3,14.6,14.3,14.6,500
2014-03-21 00:00:00,14.1,14.7,14.1,14.7,2215
2014-03-20 00:00:00,14.25,14.45,14.15,14.45,16245
2014-03-19 00:00:00,14.15,14.3,14.15,14.3,730
2014-03-18 00:00:00,14.35,14.45,14.15,14.45,26370
2014-03-17 00:00:00,14.2,14.4,14.05,14.4,16882
2014-03-14 00:00:00,14.35,14.35,14.05,14.2,26918
2014-03-13 00:00:00,,14.6,14.6,14.6,0
2014-03-12 00:00:00,14.25,14.6,14.15,14.6,10343
2014-03-11 00:00:00,14.75,14.75,14.65,14.65,2565
2014-03-10 00:00:00,14.35,14.85,14.35,14.85,18000
2014-03-07 00:00:00,,14.4,14.4,14.4,0
2014-03-06 00:00:00,14.45,14.55,14.1,14.4,83800
2014-03-05 00:00:00,14.35,14.5,14.2,14.45,30232
2014-03-04 00:00:00,14.35,14.35,14.0,14.35,17631
2014-03-03 00:00:00,14.1,14.6,13.95,14.35,11495
2014-02-28 00:00:00,14.1,14.6,14.1,14.45,39825
2014-02-27 00:00:00,14.2,14.55,14.05,14.45,35889
2014-02-26 00:00:00,14.4,14.4,14.1,14.2,23543
2014-02-25 00:00:00,14.05,14.4,14.0,14.15,31270
2014-02-24 00:00:00,14.35,14.45,14.0,14.25,26352
2014-02-21 00:00:00,14.15,14.45,14.0,14.35,6776
2014-02-20 00:00:00,14.0,14.25,14.0,14.15,33000
2014-02-19 00:00:00,14.35,14.35,14.05,14.35,5520
2014-02-18 00:00:00,14.45,14.45,14.0,14.2,63995
2014-02-17 00:00:00,14.0,14.35,14.0,14.35,11090
2014-02-14 00:00:00,14.35,14.35,13.85,14.25,12900
2014-02-13 00:00:00,14.35,14.5,14.0,14.2,22607
2014-02-12 00:00:00,14.8,15.0,14.35,14.4,22785
2014-02-11 00:00:00,13.45,14.6,13.2,14.6,62799
2014-02-10 00:00:00,13.2,13.5,13.1,13.2,7065
2014-02-07 00:00:00,12.95,13.0,12.6,13.0,24315
2014-02-06 00:00:00,12.9,13.0,12.85,13.0,19690
2014-02-05 00:00:00,12.8,12.8,12.6,12.8,4617
2014-02-04 00:00:00,12.45,12.8,12.1,12.8,6509
2014-02-03 00:00:00,12.5,12.5,12.45,12.45,3000
2014-01-31 00:00:00,12.6,12.65,12.15,12.65,4037
2014-01-30 00:00:00,12.25,12.5,12.2,12.45,3700
2014-01-29 00:00:00,12.5,12.8,12.5,12.5,4110
2014-01-28 00:00:00,12.6,12.65,12.4,12.65,14241
2014-01-27 00:00:00,12.3,12.6,12.0,12.6,8806
2014-01-24 00:00:00,12.4,12.4,12.3,12.3,2489
2014-01-23 00:00:00,12.3,12.5,12.3,12.4,2400
2014-01-22 00:00:00,12.4,12.4,12.4,12.4,90
2014-01-21 00:00:00,12.85,12.85,12.25,12.25,2364
2014-01-20 00:00:00,12.75,12.9,12.4,12.85,6836
2014-01-17 00:00:00,12.9,12.9,12.3,12.65,6660
2014-01-16 00:00:00,12.95,12.95,12.15,12.2,15150
2014-01-15 00:00:00,12.0,12.6,12.0,12.6,6636
2014-01-14 00:00:00,12.0,12.05,11.95,11.95,5450
2014-01-13 00:00:00,12.35,12.5,11.95,12.5,2817
2014-01-10 00:00:00,12.2,12.2,11.9,11.9,17591
2014-01-09 00:00:00,12.5,12.5,11.8,12.0,11520
2014-01-08 00:00:00,12.05,12.6,12.05,12.6,2500
2014-01-07 00:00:00,11.95,11.95,11.95,11.95,4550
2014-01-06 00:00:00,,11.9,11.9,11.9,0
2014-01-03 00:00:00,11.5,11.9,11.5,11.9,1375
2014-01-02 00:00:00,11.7,11.7,11.7,11.7,2000
2013-12-31 00:00:00,,11.6,11.6,11.6,0
2013-12-30 00:00:00,11.9,11.9,11.6,11.6,7700
2013-12-27 00:00:00,11.45,11.45,11.4,11.4,1200
2013-12-23 00:00:00,11.4,11.95,11.4,11.65,17040
2013-12-20 00:00:00,11.75,11.75,11.3,11.75,7900
2013-12-19 00:00:00,11.35,11.75,11.3,11.75,3818
2013-12-18 00:00:00,,11.7,11.7,11.7,0
2013-12-17 00:00:00,11.6,11.7,11.6,11.7,6995
2013-12-16 00:00:00,11.4,11.6,11.2,11.4,18350
2013-12-13 00:00:00,11.5,11.5,11.5,11.5,3500
2013-12-12 00:00:00,,11.35,11.35,11.35,0
2013-12-11 00:00:00,11.35,11.35,11.3,11.35,1085
2013-12-10 00:00:00,11.55,11.85,11.35,11.85,6800
2013-12-09 00:00:00,11.85,11.85,11.7,11.7,1600
2013-12-06 00:00:00,11.85,11.85,11.85,11.85,3000
2013-12-05 00:00:00,,11.5,11.5,11.5,0
2013-12-04 00:00:00,11.55,11.55,11.5,11.5,4000
2013-12-03 00:00:00,11.55,11.55,11.55,11.55,2100
2013-12-02 00:00:00,11.5,11.95,11.5,11.95,5156
2013-11-29 00:00:00,11.8,11.85,11.35,11.35,4675
2013-11-28 00:00:00,11.6,11.6,11.5,11.55,1216
2013-11-27 00:00:00,11.6,11.6,11.6,11.6,850
2013-11-26 00:00:00,11.4,11.6,11.4,11.6,3550
2013-11-25 00:00:00,11.4,11.4,11.2,11.4,28706
2013-11-22 00:00:00,11.3,11.4,11.3,11.4,3500
2013-11-21 00:00:00,11.4,11.6,11.35,11.35,11592
2013-11-20 00:00:00,11.45,11.45,11.4,11.4,1200
2013-11-19 00:00:00,11.5,11.5,11.45,11.45,8430
2013-11-18 00:00:00,11.45,11.45,11.45,11.45,100
2013-11-15 00:00:00,11.65,11.65,11.25,11.6,4630
2013-11-14 00:00:00,11.65,11.65,11.45,11.5,10400
2013-11-13 00:00:00,11.5,11.8,11.4,11.4,8902
2013-11-12 00:00:00,11.7,11.8,11.6,11.6,13876
2013-11-11 00:00:00,11.8,11.95,11.7,11.7,16338
2013-11-08 00:00:00,12.0,12.0,12.0,12.0,8200
2013-11-07 00:00:00,12.0,12.0,12.0,12.0,20000
2013-11-06 00:00:00,11.55,12.0,11.55,12.0,21300
2013-11-05 00:00:00,11.5,12.4,11.4,11.4,31850
2013-11-04 00:00:00,11.7,11.7,11.7,11.7,3950
2013-11-01 00:00:00,11.7,11.7,11.7,11.7,1220
2013-10-31 00:00:00,11.65,11.65,11.65,11.65,8360
2013-10-30 00:00:00,11.5,11.6,11.5,11.55,5017
2013-10-29 00:00:00,11.8,11.8,11.5,11.5,3697
2013-10-28 00:00:00,11.5,11.8,11.5,11.8,4200
2013-10-25 00:00:00,11.7,11.85,11.7,11.85,14260
2013-10-24 00:00:00,11.7,11.7,11.7,11.7,1850
2013-10-23 00:00:00,,11.5,11.5,11.5,0
2013-10-22 00:00:00,12.0,12.0,11.3,11.5,20344
2013-10-21 00:00:00,11.7,11.75,11.7,11.75,600
2013-10-18 00:00:00,11.7,11.8,11.7,11.8,2300
2013-10-17 00:00:00,11.6,12.05,11.5,12.05,5400
2013-10-16 00:00:00,11.7,11.8,11.5,11.5,6259
2013-10-15 00:00:00,12.1,12.1,12.0,12.0,3135
2013-10-14 00:00:00,12.0,12.15,12.0,12.15,6515
2013-10-11 00:00:00,12.0,12.2,11.6,12.0,21015
2013-10-10 00:00:00,,12.0,12.0,12.0,0
2013-10-09 00:00:00,12.0,12.0,12.0,12.0,4000
2013-10-08 00:00:00,12.0,12.15,12.0,12.15,4300
2013-10-07 00:00:00,11.6,12.2,11.6,12.2,7860
2013-10-04 00:00:00,11.7,12.2,11.7,12.2,1800
2013-10-03 00:00:00,11.6,11.6,11.6,11.6,200
2013-10-02 00:00:00,12.0,12.0,12.0,12.0,500
2013-10-01 00:00:00,11.5,12.2,11.5,12.2,4445
2013-09-30 00:00:00,11.6,11.6,11.5,11.5,1900
2013-09-27 00:00:00,11.6,11.6,11.6,11.6,200
2013-09-26 00:00:00,11.6,11.7,11.6,11.7,1400
2013-09-25 00:00:00,11.9,12.35,11.6,11.6,22595
2013-09-24 00:00:00,11.8,11.8,11.8,11.8,1616
2013-09-23 00:00:00,11.6,11.6,11.55,11.55,150
2013-09-20 00:00:00,12.3,12.3,12.0,12.1,24442
2013-09-19 00:00:00,12.0,12.3,11.55,12.3,24940
2013-09-18 00:00:00,11.9,12.45,11.9,12.2,35255
2013-09-17 00:00:00,11.95,12.0,11.95,12.0,63805
2013-09-16 00:00:00,11.4,11.9,11.4,11.9,12975
2013-09-13 00:00:00,11.5,11.7,11.4,11.6,3700
2013-09-12 00:00:00,11.5,11.5,11.5,11.5,1400
2013-09-11 00:00:00,11.5,11.5,11.5,11.5,192
2013-09-10 00:00:00,11.65,12.0,11.3,11.9,20600
2013-09-09 00:00:00,11.5,11.5,11.25,11.25,4600
2013-09-06 00:00:00,,11.5,11.5,11.5,0
2013-09-05 00:00:00,11.25,11.5,11.25,11.5,10100
2013-09-04 00:00:00,11.55,11.55,11.5,11.5,3000
2013-09-03 00:00:00,11.9,11.9,11.6,11.7,3530
2013-09-02 00:00:00,11.45,11.9,11.45,11.75,17298
2013-08-30 00:00:00,11.1,11.5,11.1,11.5,49746
2013-08-29 00:00:00,11.25,11.25,10.8,11.2,10398
2013-08-28 00:00:00,11.2,11.3,11.2,11.3,5000
2013-08-27 00:00:00,11.3,11.3,11.0,11.15,18118
2013-08-26 00:00:00,11.0,11.3,11.0,11.3,10610
2013-08-23 00:00:00,11.0,11.0,11.0,11.0,12500
2013-08-22 00:00:00,11.0,11.0,11.0,11.0,1700
2013-08-21 00:00:00,11.0,11.0,10.8,10.8,25740
2013-08-20 00:00:00,11.0,11.0,11.0,11.0,445
2013-08-19 00:00:00,10.9,11.3,10.75,10.75,19500
2013-08-16 00:00:00,10.95,11.0,10.85,10.85,6611
2013-08-15 00:00:00,11.0,11.0,10.8,10.8,1500
2013-08-14 00:00:00,10.85,11.25,10.85,11.0,3856
2013-08-13 00:00:00,11.05,11.4,10.8,10.8,11663
2013-08-12 00:00:00,11.0,11.5,11.0,11.5,9965
2013-08-09 00:00:00,11.2,11.45,10.6,11.45,13250
2013-08-08 00:00:00,11.25,11.7,10.85,11.1,38380
2013-08-07 00:00:00,11.3,11.3,11.25,11.25,25602
2013-08-06 00:00:00,11.6,11.6,11.3,11.3,4879
2013-08-05 00:00:00,11.4,11.5,11.4,11.5,2750
2013-08-02 00:00:00,11.55,11.55,11.0,11.5,4140
2013-08-01 00:00:00,11.25,11.65,11.25,11.35,7968
2013-07-31 00:00:00,11.65,11.65,11.55,11.55,1210
2013-07-30 00:00:00,11.5,11.5,11.5,11.5,1010
2013-07-29 00:00:00,11.5,11.5,11.5,11.5,17
2013-07-26 00:00:00,11.8,11.8,11.7,11.7,1215
2013-07-25 00:00:00,11.3,11.3,11.3,11.3,6750
2013-07-24 00:00:00,11.15,11.35,11.15,11.35,286
2013-07-23 00:00:00,11.25,11.5,11.25,11.5,9595
2013-07-22 00:00:00,11.25,11.25,11.25,11.25,10905
2013-07-19 00:00:00,,11.75,11.75,11.75,0
2013-07-18 00:00:00,,11.75,11.75,11.75,0
2013-07-17 00:00:00,11.3,11.75,11.3,11.75,3810
2013-07-16 00:00:00,11.75,11.75,11.65,11.65,595
2013-07-15 00:00:00,11.8,11.8,11.5,11.5,4000
2013-07-12 00:00:00,,11.65,11.65,11.65,0
2013-07-11 00:00:00,11.65,11.65,11.65,11.65,10
2013-07-10 00:00:00,11.5,11.5,11.5,11.5,2919
2013-07-09 00:00:00,11.3,11.3,11.3,11.3,25
2013-07-08 00:00:00,11.75,11.75,11.3,11.3,5990
2013-07-05 00:00:00,11.5,11.7,11.5,11.7,4990
2013-07-04 00:00:00,11.7,11.75,11.45,11.65,3667
2013-07-03 00:00:00,11.1,11.2,11.1,11.2,2748
2013-07-02 00:00:00,11.4,11.5,11.4,11.45,2110
2013-07-01 00:00:00,11.8,11.8,11.6,11.75,4265
2013-06-28 00:00:00,11.8,11.8,11.8,11.8,420
2013-06-27 00:00:00,11.15,11.8,11.15,11.8,7000
2013-06-26 00:00:00,11.2,11.7,11.2,11.7,562
2013-06-25 00:00:00,11.25,11.25,11.15,11.15,1605
2013-06-24 00:00:00,11.4,11.4,11.25,11.25,5020
2013-06-21 00:00:00,,11.35,11.35,11.35,0
2013-06-20 00:00:00,11.35,11.35,11.35,11.35,3500
2013-06-19 00:00:00,,11.25,11.25,11.25,0
2013-06-18 00:00:00,11.4,11.4,11.25,11.25,12000
2013-06-17 00:00:00,11.85,11.85,11.35,11.35,13586
2013-06-14 00:00:00,11.6,11.6,11.6,11.6,5000
2013-06-13 00:00:00,11.55,11.8,11.55,11.6,24806
2013-06-12 00:00:00,11.2,11.55,11.2,11.2,4820
2013-06-11 00:00:00,11.6,11.6,11.3,11.3,7050
2013-06-10 00:00:00,11.4,11.4,11.4,11.4,5644
2013-06-07 00:00:00,11.5,11.5,10.4,11.15,5315
2013-06-06 00:00:00,,10.25,10.25,10.25,0
2013-06-05 00:00:00,10.95,10.95,10.25,10.25,1525
2013-06-04 00:00:00,11.0,11.05,10.9,10.9,5195
2013-06-03 00:00:00,11.0,11.3,11.0,11.3,8078
2013-05-31 00:00:00,10.8,11.0,10.8,11.0,2845
2013-05-30 00:00:00,10.8,11.1,10.75,11.0,17204
2013-05-29 00:00:00,10.7,10.7,10.65,10.7,6510
2013-05-28 00:00:00,10.75,11.2,10.7,10.7,6109
2013-05-27 00:00:00,10.65,11.9,10.65,10.75,2475
2013-05-24 00:00:00,10.7,11.0,10.7,11.0,2200
2013-05-23 00:00:00,10.75,10.75,10.75,10.75,1566
2013-05-22 00:00:00,10.65,11.0,10.65,11.0,900
2013-05-21 00:00:00,10.95,10.95,10.95,10.95,1000
2013-05-20 00:00:00,10.7,10.7,10.65,10.65,2500
2013-05-17 00:00:00,10.9,10.9,10.5,10.5,1250
2013-05-16 00:00:00,10.75,11.0,10.55,11.0,9071
2013-05-15 00:00:00,,11.0,11.0,11.0,0
2013-05-14 00:00:00,10.55,11.0,10.55,11.0,3765
2013-05-13 00:00:00,11.0,11.0,10.55,10.55,2100
2013-05-10 00:00:00,11.5,11.5,11.0,11.0,7580
2013-05-09 00:00:00,,11.2,11.2,11.2,0
2013-05-08 00:00:00,11.2,11.2,11.15,11.2,4295
2013-05-07 00:00:00,,12.3,12.3,12.3,0
2013-05-06 00:00:00,12.35,12.45,12.3,12.3,7339
2013-05-03 00:00:00,12.4,12.4,12.0,12.35,5972
2013-05-02 00:00:00,12.3,12.4,12.05,12.4,26200
2013-05-01 00:00:00,,12.25,12.25,12.25,0
2013-04-30 00:00:00,12.3,12.3,12.25,12.25,1576
2013-04-29 00:00:00,12.15,12.35,12.15,12.3,3850
2013-04-26 00:00:00,11.85,12.2,11.85,12.2,5300
2013-04-25 00:00:00,11.8,11.8,11.8,11.8,100
2013-04-24 00:00:00,11.8,11.8,11.8,11.8,30
2013-04-23 00:00:00,11.9,11.9,11.9,11.9,1000
2013-04-22 00:00:00,,12.05,12.05,12.05,0
2013-04-19 00:00:00,11.75,12.05,11.75,12.05,470
2013-04-18 00:00:00,12.15,12.15,11.75,11.75,350
2013-04-17 00:00:00,12.25,12.25,11.75,12.2,1801
2013-04-16 00:00:00,12.2,12.25,11.85,12.25,445
2013-04-15 00:00:00,11.5,12.35,11.5,12.2,2200
2013-04-12 00:00:00,,11.95,11.95,11.95,0
2013-04-11 00:00:00,12.25,12.25,11.9,11.95,2242
2013-04-10 00:00:00,12.2,12.25,12.2,12.25,1900
2013-04-09 00:00:00,,11.95,11.95,11.95,0
2013-04-08 00:00:00,11.95,12.0,11.95,11.95,3550
2013-04-05 00:00:00,12.4,12.4,12.0,12.0,320
2013-04-04 00:00:00,12.0,12.4,12.0,12.4,4810
2013-04-03 00:00:00,12.2,12.2,12.1,12.1,1410
2013-04-02 00:00:00,12.3,12.4,12.3,12.4,3297
2013-04-01 00:00:00,,12.3,12.3,12.3,0
2013-03-29 00:00:00,,12.3,12.3,12.3,0
2013-03-28 00:00:00,,12.3,12.3,12.3,0
2013-03-27 00:00:00,,12.3,12.3,12.3,0
2013-03-26 00:00:00,,12.3,12.3,12.3,0
2013-03-25 00:00:00,12.2,12.5,11.8,12.3,7020
2013-03-22 00:00:00,,11.85,11.85,11.85,0
2013-03-21 00:00:00,11.8,12.0,11.8,11.85,4200
2013-03-20 00:00:00,11.9,12.2,11.9,12.2,2700
2013-03-19 00:00:00,12.05,12.35,12.05,12.2,6362
2013-03-18 00:00:00,11.9,12.0,11.9,12.0,1460
2013-03-15 00:00:00,12.05,12.05,12.05,12.05,1000
2013-03-14 00:00:00,11.8,11.85,11.8,11.8,2404
2013-03-13 00:00:00,11.8,12.1,11.8,12.1,975
2013-03-12 00:00:00,,11.7,11.7,11.7,0
2013-03-11 00:00:00,11.8,12.15,11.65,11.7,2000
2013-03-08 00:00:00,12.0,12.2,11.7,12.0,14785
2013-03-07 00:00:00,11.95,12.0,11.7,12.0,2925
2013-03-06 00:00:00,11.9,11.9,11.9,11.9,4400
2013-03-05 00:00:00,11.65,11.95,11.65,11.75,3245
2013-03-04 00:00:00,11.5,12.0,11.5,11.9,3550
2013-03-01 00:00:00,11.7,11.95,11.3,11.65,13286
2013-02-28 00:00:00,12.0,12.0,11.85,11.9,8379
2013-02-27 00:00:00,12.0,12.1,12.0,12.1,1006
2013-02-26 00:00:00,11.7,12.15,11.5,11.65,8527
2013-02-25 00:00:00,12.35,12.35,12.15,12.15,8115
2013-02-22 00:00:00,11.9,12.1,11.9,12.1,8559
2013-02-21 00:00:00,12.0,12.0,11.9,11.9,3750
2013-02-20 00:00:00,12.0,12.15,11.7,12.15,29985
2013-02-19 00:00:00,11.6,11.85,11.6,11.85,9765
2013-02-18 00:00:00,11.6,11.6,11.4,11.5,3384
2013-02-15 00:00:00,11.5,11.6,11.3,11.3,23361
2013-02-14 00:00:00,11.3,11.3,11.1,11.3,3439
2013-02-13 00:00:00,11.0,11.45,11.0,11.4,42364
2013-02-12 00:00:00,11.5,11.8,11.15,11.5,10234
2013-02-11 00:00:00,10.9,11.8,10.5,11.8,26978
2013-02-08 00:00:00,11.0,11.0,10.55,11.0,5435
2013-02-07 00:00:00,11.1,11.1,11.1,11.1,660
2013-02-06 00:00:00,11.15,11.15,11.1,11.1,9000
2013-02-05 00:00:00,11.15,11.15,10.6,11.05,4825
2013-02-04 00:00:00,10.65,11.1,10.5,11.1,2725
2013-02-01 00:00:00,11.0,11.0,10.9,10.9,1940
2013-01-31 00:00:00,11.0,11.0,11.0,11.0,280
2013-01-30 00:00:00,11.25,11.45,11.1,11.1,900
2013-01-29 00:00:00,11.6,11.6,11.1,11.1,13501
2013-01-28 00:00:00,11.1,11.65,11.1,11.5,10071
2013-01-25 00:00:00,11.5,11.6,10.5,11.0,8385
2013-01-24 00:00:00,11.0,11.0,10.5,10.5,14700
2013-01-23 00:00:00,11.15,11.4,11.1,11.1,11100
2013-01-22 00:00:00,11.15,11.15,11.1,11.15,1900
2013-01-21 00:00:00,11.5,11.6,11.5,11.6,1900
2013-01-18 00:00:00,11.4,11.5,11.3,11.5,5007
2013-01-17 00:00:00,11.2,11.5,11.1,11.3,2925
2013-01-16 00:00:00,11.6,11.6,11.6,11.6,75
2013-01-15 00:00:00,11.6,11.6,11.6,11.6,2000
2013-01-14 00:00:00,11.0,11.55,11.0,11.55,500
2013-01-11 00:00:00,11.0,11.15,10.9,10.9,5435
2013-01-10 00:00:00,11.3,11.45,11.15,11.2,2271
2013-01-09 00:00:00,11.6,11.6,11.35,11.35,2540
2013-01-08 00:00:00,11.5,11.65,11.5,11.5,2295
2013-01-07 00:00:00,11.4,11.4,11.25,11.4,4970
2013-01-04 00:00:00,11.4,11.4,11.2,11.4,9933
2013-01-03 00:00:00,11.65,11.65,11.2,11.4,20245
2013-01-02 00:00:00,10.9,11.6,10.9,11.4,32010
2013-01-01 00:00:00,,10.9,10.9,10.9,0
2012-12-31 00:00:00,,10.9,10.9,10.9,0
2012-12-28 00:00:00,11.0,11.15,10.9,10.9,6300
2012-12-27 00:00:00,11.4,11.4,10.75,11.0,3710
2012-12-26 00:00:00,,11.4,11.4,11.4,0
2012-12-25 00:00:00,,11.4,11.4,11.4,0
2012-12-24 00:00:00,,11.4,11.4,11.4,0
2012-12-21 00:00:00,11.7,11.7,11.4,11.4,30761
2012-12-20 00:00:00,10.5,11.2,10.5,11.2,24936
2012-12-19 00:00:00,11.15,11.15,10.5,10.5,17686
2012-12-18 00:00:00,10.5,11.0,10.4,10.9,31622
2012-12-17 00:00:00,10.2,10.5,10.2,10.5,10838
2012-12-14 00:00:00,10.5,10.7,10.3,10.3,35075
2012-12-13 00:00:00,8.95,10.4,8.95,10.0,79613
2012-12-12 00:00:00,8.9,9.0,8.7,9.0,10275
2012-12-11 00:00:00,8.7,8.75,8.7,8.7,5526
2012-12-10 00:00:00,8.8,9.2,8.5,9.2,10600
2012-12-07 00:00:00,9.0,9.0,9.0,9.0,1330
2012-12-06 00:00:00,9.0,9.0,9.0,9.0,97
2012-12-05 00:00:00,,9.0,9.0,9.0,0
2012-12-04 00:00:00,9.0,9.0,9.0,9.0,5000
2012-12-03 00:00:00,,9.3,9.3,9.3,0
2012-11-30 00:00:00,9.3,9.3,9.3,9.3,500
2012-11-29 00:00:00,9.2,9.2,9.2,9.2,200
2012-11-28 00:00:00,9.2,9.2,9.2,9.2,250
2012-11-27 00:00:00,9.1,9.1,9.1,9.1,250
2012-11-26 00:00:00,9.75,9.75,9.1,9.1,2967
2012-11-23 00:00:00,,9.8,9.8,9.8,0
2012-11-22 00:00:00,9.1,9.8,9.1,9.8,225
2012-11-21 00:00:00,9.3,9.3,9.3,9.3,1500
2012-11-20 00:00:00,,9.4,9.4,9.4,0
2012-11-19 00:00:00,9.4,9.4,9.4,9.4,3000
2012-11-16 00:00:00,9.1,9.1,9.1,9.1,100
2012-11-15 00:00:00,,9.1,9.1,9.1,0
2012-11-14 00:00:00,9.9,9.9,9.1,9.1,1000
2012-11-13 00:00:00,,9.3,9.3,9.3,0
2012-11-12 00:00:00,9.3,9.3,9.3,9.3,641
2012-11-09 00:00:00,,9.0,9.0,9.0,0
2012-11-08 00:00:00,,9.0,9.0,9.0,0
2012-11-07 00:00:00,,9.0,9.0,9.0,0
2012-11-06 00:00:00,9.1,9.1,9.0,9.0,5623
2012-11-05 00:00:00,,9.95,9.95,9.95,0
2012-11-02 00:00:00,,9.95,9.95,9.95,0
2012-11-01 00:00:00,9.95,9.95,9.95,9.95,3756
2012-10-31 00:00:00,9.5,9.95,9.5,9.95,600
2012-10-30 00:00:00,9.9,9.9,9.9,9.9,2004
2012-10-29 00:00:00,9.35,9.4,9.35,9.4,860
2012-10-26 00:00:00,9.25,9.25,9.25,9.25,200
2012-10-25 00:00:00,9.95,9.95,9.95,9.95,144
2012-10-24 00:00:00,9.7,9.7,9.4,9.4,5000
2012-10-23 00:00:00,9.7,9.7,9.7,9.7,75
2012-10-22 00:00:00,,9.9,9.9,9.9,0
2012-10-19 00:00:00,,9.9,9.9,9.9,0
2012-10-18 00:00:00,9.9,9.9,9.9,9.9,2000
2012-10-17 00:00:00,,9.6,9.6,9.6,0
2012-10-16 00:00:00,9.6,9.6,9.6,9.6,1050
2012-10-15 00:00:00,9.5,9.6,9.5,9.6,1100
2012-10-12 00:00:00,,10.45,10.45,10.45,0
2012-10-11 00:00:00,,10.45,10.45,10.45,0
2012-10-10 00:00:00,10.45,10.45,10.45,10.45,550
2012-10-09 00:00:00,,9.5,9.5,9.5,0
2012-10-08 00:00:00,9.5,9.5,9.5,9.5,234
2012-10-05 00:00:00,9.55,9.55,9.55,9.55,1500
2012-10-04 00:00:00,,9.8,9.8,9.8,0
2012-10-03 00:00:00,10.0,10.0,9.8,9.8,3210
2012-10-02 00:00:00,9.5,9.5,9.5,9.5,3100
2012-10-01 00:00:00,9.45,9.45,9.45,9.45,300
2012-09-28 00:00:00,9.5,9.5,9.5,9.5,259
2012-09-27 00:00:00,,9.45,9.45,9.45,0
2012-09-26 00:00:00,,9.45,9.45,9.45,0
2012-09-25 00:00:00,9.45,9.45,9.45,9.45,1060
2012-09-24 00:00:00,10.8,10.8,9.7,9.7,5000
2012-09-21 00:00:00,9.8,9.8,9.8,9.8,1357
2012-09-20 00:00:00,,9.8,9.8,9.8,0
2012-09-19 00:00:00,9.8,9.8,9.7,9.8,3415
2012-09-18 00:00:00,9.7,9.7,9.7,9.7,400
2012-09-17 00:00:00,9.7,10.0,9.7,10.0,4185
2012-09-14 00:00:00,9.4,9.5,9.0,9.5,6500
2012-09-13 00:00:00,,9.5,9.5,9.5,0
2012-09-12 00:00:00,9.5,9.5,9.5,9.5,2200
2012-09-11 00:00:00,10.0,10.0,9.75,9.75,2000
2012-09-10 00:00:00,9.5,9.5,9.5,9.5,500
