Dates,Open,High,Low,Close,Volume
2017-09-08 00:00:00,2.56,2.72,2.56,2.72,8400
2017-09-07 00:00:00,2.75,2.76,2.7,2.72,34086
2017-09-06 00:00:00,2.7,2.76,2.54,2.73,48932
2017-09-04 00:00:00,2.79,2.79,2.72,2.74,33584
2017-09-01 00:00:00,2.75,2.85,2.75,2.79,37452
2017-08-31 00:00:00,2.82,2.83,2.71,2.78,36506
2017-08-30 00:00:00,2.75,2.83,2.69,2.82,27164
2017-08-29 00:00:00,2.7,2.89,2.7,2.75,41707
2017-08-28 00:00:00,2.75,2.85,2.63,2.7,30882
2017-08-25 00:00:00,2.9,2.95,2.7,2.85,184797
2017-08-24 00:00:00,3.0,3.0,2.78,2.79,82634
2017-08-23 00:00:00,3.09,3.09,2.98,3.0,42924
2017-08-22 00:00:00,3.05,3.1,2.98,3.09,48229
2017-08-21 00:00:00,3.05,3.15,3.05,3.1,15535
2017-08-18 00:00:00,3.18,3.18,3.13,3.15,52161
2017-08-17 00:00:00,3.2,3.2,3.15,3.18,13021
2017-08-16 00:00:00,3.2,3.43,3.17,3.2,37664
2017-08-15 00:00:00,3.3,3.3,3.11,3.2,15407
2017-08-14 00:00:00,3.35,3.37,3.21,3.27,25456
2017-08-11 00:00:00,3.32,3.42,3.1,3.31,44456
2017-08-10 00:00:00,3.38,3.38,3.24,3.32,28438
2017-08-09 00:00:00,3.34,3.43,3.26,3.38,88330
2017-08-08 00:00:00,3.37,3.42,3.3,3.32,26673
2017-08-07 00:00:00,3.31,3.45,3.26,3.37,28466
2017-08-04 00:00:00,3.31,3.35,3.31,3.31,16560
2017-08-03 00:00:00,3.35,3.35,3.3,3.35,25658
2017-08-02 00:00:00,3.45,3.49,3.3,3.35,31141
2017-08-01 00:00:00,3.49,3.49,3.3,3.45,24581
2017-07-31 00:00:00,3.55,3.55,3.27,3.49,312317
2017-07-28 00:00:00,3.66,3.66,3.55,3.55,30942
2017-07-27 00:00:00,3.37,3.7,3.35,3.52,81403
2017-07-26 00:00:00,3.56,3.56,3.33,3.37,9361
2017-07-25 00:00:00,3.6,3.6,3.45,3.56,22603
2017-07-24 00:00:00,3.49,3.6,3.43,3.46,11596
2017-07-21 00:00:00,3.45,3.59,3.41,3.48,18631
2017-07-20 00:00:00,3.35,3.5,3.35,3.4,32714
2017-07-19 00:00:00,3.41,3.41,3.27,3.35,10925
2017-07-18 00:00:00,3.46,3.46,3.28,3.41,17309
2017-07-17 00:00:00,3.65,3.65,3.46,3.46,48165
2017-07-14 00:00:00,3.5,3.59,3.45,3.46,8248
2017-07-13 00:00:00,3.64,3.64,3.5,3.5,19739
2017-07-12 00:00:00,3.52,3.52,3.42,3.52,61402
2017-07-11 00:00:00,3.27,3.53,3.26,3.53,109034
2017-07-10 00:00:00,3.4,3.4,3.26,3.28,31790
2017-07-07 00:00:00,3.27,3.37,3.23,3.36,18591
2017-07-06 00:00:00,3.33,3.4,3.21,3.3,21983
2017-07-05 00:00:00,3.22,3.35,3.19,3.35,64995
2017-07-04 00:00:00,3.27,3.42,3.18,3.22,11649
2017-07-03 00:00:00,3.43,3.43,3.26,3.27,38615
2017-06-30 00:00:00,3.32,3.42,3.32,3.37,38233
2017-06-29 00:00:00,3.14,3.39,3.14,3.3,232253
2017-06-28 00:00:00,3.1,3.2,3.1,3.12,59661
2017-06-27 00:00:00,3.23,3.23,3.06,3.1,105179
2017-06-26 00:00:00,3.22,3.29,3.2,3.23,62143
2017-06-23 00:00:00,,3.19,3.19,3.19,0
2017-06-22 00:00:00,3.04,3.22,3.03,3.19,74786
2017-06-21 00:00:00,3.06,3.09,3.03,3.03,7355
2017-06-20 00:00:00,3.07,3.1,3.03,3.06,10062
2017-06-19 00:00:00,3.05,3.15,3.04,3.07,72576
2017-06-16 00:00:00,3.06,3.12,3.0,3.05,76228
2017-06-15 00:00:00,3.35,3.35,3.06,3.12,218736
2017-06-14 00:00:00,3.23,3.35,3.15,3.31,47588
2017-06-13 00:00:00,3.12,3.27,3.04,3.23,58751
2017-06-12 00:00:00,3.17,3.34,3.05,3.12,203882
2017-06-09 00:00:00,3.1,3.38,3.03,3.17,126205
2017-06-08 00:00:00,3.11,3.22,3.11,3.19,80500
2017-06-07 00:00:00,3.01,3.25,3.01,3.17,122247
2017-06-06 00:00:00,,3.18,3.18,3.18,0
2017-06-05 00:00:00,3.18,3.27,3.1,3.18,92087
2017-06-02 00:00:00,3.26,3.26,2.85,3.18,291156
2017-06-01 00:00:00,3.46,3.46,3.22,3.28,57784
2017-05-31 00:00:00,3.55,3.56,3.47,3.48,102706
2017-05-30 00:00:00,3.82,3.82,3.48,3.55,130848
2017-05-29 00:00:00,3.95,3.95,3.75,3.82,17198
2017-05-26 00:00:00,3.73,3.89,3.7,3.82,47172
2017-05-24 00:00:00,3.7,3.75,3.66,3.73,22529
2017-05-23 00:00:00,3.85,3.92,3.75,3.75,50925
2017-05-22 00:00:00,3.94,3.94,3.75,3.85,85249
2017-05-19 00:00:00,3.7,4.19,3.59,3.94,172406
2017-05-18 00:00:00,4.14,4.4,4.0,4.29,77465
2017-05-17 00:00:00,4.25,4.25,3.96,4.14,30084
2017-05-16 00:00:00,4.3,4.39,4.07,4.25,46608
2017-05-15 00:00:00,4.3,4.53,4.3,4.33,55381
2017-05-12 00:00:00,4.21,4.36,4.36,4.36,600193
2017-05-11 00:00:00,3.45,4.29,3.37,4.24,691128
2017-05-10 00:00:00,3.39,3.48,3.15,3.45,249513
2017-05-09 00:00:00,3.75,3.75,3.45,3.47,187327
2017-05-08 00:00:00,3.88,4.06,3.51,3.77,207482
2017-05-05 00:00:00,4.16,4.16,3.88,3.88,175930
2017-05-04 00:00:00,4.2,4.35,4.15,4.15,126730
2017-05-03 00:00:00,4.58,4.58,4.1,4.28,127789
2017-05-02 00:00:00,4.84,4.85,4.48,4.58,239512
2017-05-01 00:00:00,,4.85,4.85,4.85,0
2017-04-28 00:00:00,4.7,4.94,4.7,4.85,91421
2017-04-27 00:00:00,5.1,5.15,4.75,4.75,172616
2017-04-26 00:00:00,5.15,5.15,5.0,5.1,41479
2017-04-25 00:00:00,5.25,5.25,5.0,5.0,40833
2017-04-24 00:00:00,5.05,5.4,5.05,5.1,107032
2017-04-21 00:00:00,4.98,5.05,4.9,5.05,105631
2017-04-20 00:00:00,4.99,4.99,4.89,4.98,23185
2017-04-19 00:00:00,5.1,5.2,4.91,4.99,107099
2017-04-18 00:00:00,4.86,5.05,4.8,4.99,107234
2017-04-13 00:00:00,4.72,4.88,4.71,4.86,56756
2017-04-12 00:00:00,5.0,5.0,4.65,4.71,111764
2017-04-11 00:00:00,5.0,5.0,4.77,4.79,175169
2017-04-10 00:00:00,5.3,5.3,4.97,5.0,181234
2017-04-07 00:00:00,5.35,5.45,5.25,5.3,123075
2017-04-06 00:00:00,5.45,5.6,5.3,5.3,155323
2017-04-05 00:00:00,5.4,5.65,5.2,5.35,282760
2017-04-04 00:00:00,5.95,5.95,5.2,5.35,371128
2017-04-03 00:00:00,5.75,5.85,5.5,5.55,381865
2017-03-31 00:00:00,4.51,5.75,4.4,5.5,1316870
2017-03-30 00:00:00,5.1,5.1,4.52,4.53,992398
2017-03-29 00:00:00,6.5,6.5,5.0,5.1,3535116
2017-03-28 00:00:00,7.3,8.9,7.1,7.5,5738019
2017-03-27 00:00:00,6.15,7.3,6.05,7.15,1820649
2017-03-24 00:00:00,6.6,7.95,5.4,5.8,3082033
2017-03-23 00:00:00,4.9,6.4,4.9,6.4,1283358
2017-03-22 00:00:00,4.7,4.9,4.21,4.9,147409
2017-03-21 00:00:00,4.28,4.8,4.28,4.78,172708
2017-03-20 00:00:00,4.2,4.45,4.11,4.28,20807
2017-03-17 00:00:00,4.5,4.59,4.3,4.34,42897
2017-03-16 00:00:00,3.92,4.6,3.92,4.5,92554
2017-03-15 00:00:00,4.15,4.15,3.92,4.02,17916
2017-03-14 00:00:00,4.1,4.1,4.03,4.1,2455
2017-03-13 00:00:00,4.13,4.13,4.0,4.1,9533
2017-03-10 00:00:00,4.05,4.1,4.1,4.1,6040
2017-03-09 00:00:00,4.15,4.15,4.07,4.07,10900
2017-03-08 00:00:00,4.0,4.14,3.91,4.12,14662
2017-03-07 00:00:00,3.9,4.07,3.9,4.0,27857
2017-03-06 00:00:00,3.86,3.9,3.86,3.9,3434
2017-03-03 00:00:00,4.1,3.95,3.95,3.95,47416
2017-03-02 00:00:00,3.7,4.15,3.7,4.07,69871
2017-03-01 00:00:00,4.0,4.05,3.85,3.85,49885
2017-02-28 00:00:00,4.2,4.2,3.91,4.06,14502
2017-02-27 00:00:00,4.2,4.2,3.97,4.2,41063
2017-02-24 00:00:00,4.05,4.29,3.75,4.17,100867
2017-02-23 00:00:00,4.09,4.09,3.94,4.03,16892
2017-02-22 00:00:00,4.33,4.33,3.89,4.06,201640
2017-02-21 00:00:00,4.56,4.68,4.31,4.37,115951
2017-02-20 00:00:00,4.87,4.9,4.55,4.55,251018
2017-02-17 00:00:00,4.4,4.98,4.31,4.79,421858
2017-02-16 00:00:00,4.01,4.38,4.01,4.36,203166
2017-02-15 00:00:00,3.7,4.25,3.7,4.0,203833
2017-02-14 00:00:00,3.6,3.8,3.49,3.7,184479
2017-02-13 00:00:00,3.4,3.6,3.33,3.59,150412
2017-02-10 00:00:00,3.15,3.35,3.15,3.32,81400
2017-02-09 00:00:00,3.11,3.15,3.05,3.15,10030
2017-02-08 00:00:00,3.19,3.19,3.1,3.1,5266
2017-02-07 00:00:00,3.2,3.2,3.02,3.04,7222
2017-02-06 00:00:00,3.2,3.2,3.06,3.15,13378
2017-02-03 00:00:00,3.15,3.27,3.15,3.2,25516
2017-02-02 00:00:00,3.0,3.1,2.91,3.1,66072
2017-02-01 00:00:00,3.0,3.1,2.9,3.0,88437
2017-01-31 00:00:00,3.16,3.16,3.0,3.14,33552
2017-01-30 00:00:00,3.29,3.48,3.07,3.15,211807
2017-01-27 00:00:00,3.0,3.19,3.0,3.17,53415
2017-01-26 00:00:00,2.95,3.09,2.95,3.09,11035
2017-01-25 00:00:00,3.15,3.2,2.95,2.95,162171
2017-01-24 00:00:00,3.1,3.1,2.92,3.0,64100
2017-01-23 00:00:00,3.09,3.12,3.06,3.06,62517
2017-01-20 00:00:00,3.02,3.1,3.02,3.1,28915
2017-01-19 00:00:00,3.03,3.1,2.9,3.05,111698
2017-01-18 00:00:00,2.99,3.1,2.95,3.03,123125
2017-01-17 00:00:00,3.0,3.0,2.9,3.0,57187
2017-01-16 00:00:00,2.96,3.14,2.85,2.99,36054
2017-01-13 00:00:00,2.9,3.11,2.9,2.93,92673
2017-01-12 00:00:00,2.71,3.0,2.71,2.9,35912
2017-01-11 00:00:00,2.9,2.9,2.71,2.71,17607
2017-01-10 00:00:00,2.72,2.9,2.71,2.71,3640
2017-01-09 00:00:00,2.75,3.1,2.75,2.9,16651
2017-01-06 00:00:00,,2.9,2.9,2.9,0
2017-01-05 00:00:00,2.85,2.9,2.8,2.9,10780
2017-01-04 00:00:00,2.9,2.9,2.9,2.9,1101
2017-01-03 00:00:00,2.8,2.9,2.8,2.85,3139
2017-01-02 00:00:00,2.9,2.9,2.8,2.9,10881
2016-12-30 00:00:00,2.66,2.8,2.65,2.8,41081
2016-12-29 00:00:00,2.66,2.92,2.66,2.7,14229
2016-12-28 00:00:00,2.85,2.92,2.75,2.75,17240
2016-12-27 00:00:00,2.85,2.9,2.85,2.9,1289
2016-12-23 00:00:00,2.75,2.9,2.7,2.85,47796
2016-12-22 00:00:00,2.83,2.96,2.77,2.93,11997
2016-12-21 00:00:00,2.82,3.0,2.82,2.99,8013
2016-12-20 00:00:00,2.9,3.07,2.77,3.05,15898
2016-12-19 00:00:00,3.0,3.05,3.0,3.05,5386
2016-12-16 00:00:00,2.99,2.99,2.94,2.99,43825
2016-12-15 00:00:00,2.89,2.99,2.81,2.99,40765
2016-12-14 00:00:00,2.65,2.83,2.55,2.83,17789
2016-12-13 00:00:00,2.55,2.76,2.55,2.76,610094
2016-12-12 00:00:00,2.65,2.7,2.54,2.7,20607
2016-12-09 00:00:00,2.6,2.65,2.6,2.65,2100
2016-12-08 00:00:00,2.7,2.7,2.58,2.58,5996
2016-12-07 00:00:00,2.7,2.74,2.7,2.74,620
2016-12-06 00:00:00,2.62,2.72,2.62,2.72,3189
2016-12-05 00:00:00,2.63,2.65,2.6,2.63,11004
2016-12-02 00:00:00,2.7,2.74,2.7,2.74,2100
2016-12-01 00:00:00,2.6,2.79,2.6,2.73,2050
2016-11-30 00:00:00,2.6,2.7,2.6,2.69,1074
2016-11-29 00:00:00,2.7,2.7,2.6,2.62,30706
2016-11-28 00:00:00,2.9,2.9,2.5,2.7,27458
2016-11-25 00:00:00,2.9,2.9,2.75,2.9,3533
2016-11-24 00:00:00,3.08,3.1,2.84,2.9,99890
2016-11-23 00:00:00,2.95,3.09,2.94,3.08,23649
2016-11-22 00:00:00,2.9,3.0,2.84,2.94,21835
2016-11-21 00:00:00,2.75,3.2,2.7,2.84,201326
2016-11-18 00:00:00,2.5,2.85,2.5,2.8,164529
2016-11-17 00:00:00,,2.5,2.5,2.5,0
2016-11-16 00:00:00,2.39,2.5,2.39,2.5,25349
2016-11-15 00:00:00,2.46,2.65,2.37,2.5,45271
2016-11-14 00:00:00,2.6,2.7,2.46,2.46,13220
2016-11-11 00:00:00,2.42,2.5,2.42,2.5,6679
2016-11-10 00:00:00,2.37,2.49,2.33,2.39,8219
2016-11-09 00:00:00,2.25,2.4,2.25,2.4,32182
2016-11-08 00:00:00,2.37,2.69,2.37,2.48,37099
2016-11-07 00:00:00,2.4,2.48,2.36,2.36,4030
2016-11-04 00:00:00,,2.4,2.4,2.4,0
2016-11-03 00:00:00,2.48,2.48,2.4,2.4,2114
2016-11-02 00:00:00,2.32,2.4,2.32,2.38,7500
2016-11-01 00:00:00,2.32,2.49,2.32,2.45,3976
2016-10-31 00:00:00,2.46,2.55,2.24,2.5,42218
2016-10-28 00:00:00,2.5,2.62,2.5,2.62,2666
2016-10-27 00:00:00,2.6,2.6,2.6,2.6,300
2016-10-26 00:00:00,2.6,2.61,2.55,2.61,40200
2016-10-25 00:00:00,2.63,2.7,2.6,2.67,38842
2016-10-24 00:00:00,2.55,2.75,2.5,2.6,54009
2016-10-21 00:00:00,2.35,2.49,2.2,2.49,9300
2016-10-20 00:00:00,2.41,2.41,2.35,2.35,5338
2016-10-19 00:00:00,2.4,2.4,2.4,2.4,262
2016-10-18 00:00:00,2.35,2.4,2.35,2.4,1150
2016-10-17 00:00:00,2.59,2.59,2.4,2.45,5456
2016-10-14 00:00:00,2.43,2.64,2.43,2.59,19546
2016-10-13 00:00:00,2.54,2.54,2.43,2.43,4076
2016-10-12 00:00:00,2.62,2.62,2.5,2.5,11005
2016-10-11 00:00:00,2.5,2.6,2.45,2.56,27912
2016-10-10 00:00:00,2.53,2.53,2.4,2.42,5086
2016-10-07 00:00:00,,2.45,2.45,2.45,0
2016-10-06 00:00:00,2.53,2.53,2.45,2.45,5022
2016-10-05 00:00:00,2.45,2.5,2.45,2.5,1421
2016-10-04 00:00:00,,2.53,2.53,2.53,0
2016-10-03 00:00:00,2.47,2.53,2.47,2.53,3399
2016-09-30 00:00:00,2.5,2.55,2.48,2.55,9486
2016-09-29 00:00:00,2.48,2.56,2.48,2.5,23040
2016-09-28 00:00:00,2.61,2.63,2.48,2.48,4605
2016-09-27 00:00:00,2.6,2.6,2.47,2.47,2076
2016-09-26 00:00:00,2.61,2.61,2.47,2.61,181
2016-09-23 00:00:00,2.41,2.62,2.41,2.61,5780
2016-09-22 00:00:00,2.62,2.62,2.4,2.6,5026
2016-09-21 00:00:00,2.64,2.64,2.55,2.6,5049
2016-09-20 00:00:00,2.55,2.64,2.52,2.52,42090
2016-09-19 00:00:00,2.5,2.55,2.3,2.3,15114
2016-09-16 00:00:00,2.41,2.55,2.41,2.55,1050
2016-09-15 00:00:00,2.41,2.41,2.4,2.41,9000
2016-09-14 00:00:00,2.5,2.5,2.37,2.4,11800
2016-09-13 00:00:00,2.5,2.5,2.5,2.5,1999
2016-09-12 00:00:00,,2.5,2.5,2.5,0
2016-09-09 00:00:00,2.56,2.56,2.5,2.5,2926
2016-09-08 00:00:00,2.51,2.51,2.5,2.5,5822
2016-09-07 00:00:00,,2.5,2.5,2.5,0
2016-09-06 00:00:00,,2.5,2.5,2.5,0
2016-09-05 00:00:00,2.63,2.75,2.5,2.5,9865
2016-09-02 00:00:00,2.64,2.64,2.5,2.5,6240
2016-09-01 00:00:00,2.58,2.59,2.49,2.59,12645
2016-08-31 00:00:00,2.59,2.59,2.56,2.56,10276
2016-08-30 00:00:00,2.51,2.55,2.51,2.55,789
2016-08-29 00:00:00,2.59,2.59,2.5,2.5,21706
2016-08-26 00:00:00,2.54,2.59,2.54,2.56,3230
2016-08-25 00:00:00,2.6,2.69,2.58,2.6,8992
2016-08-24 00:00:00,2.53,2.73,2.53,2.59,11120
2016-08-23 00:00:00,2.6,2.65,2.57,2.64,3215
2016-08-22 00:00:00,2.59,2.6,2.57,2.6,4718
2016-08-19 00:00:00,2.61,2.61,2.6,2.6,19781
2016-08-18 00:00:00,2.6,2.75,2.6,2.61,740
2016-08-17 00:00:00,2.68,2.68,2.68,2.68,10000
2016-08-16 00:00:00,2.55,2.78,2.55,2.68,26500
2016-08-15 00:00:00,2.48,2.65,2.48,2.55,21711
2016-08-12 00:00:00,2.6,2.6,2.48,2.6,1599
2016-08-11 00:00:00,2.6,2.65,2.6,2.6,17415
2016-08-10 00:00:00,2.56,2.56,2.49,2.56,2586
2016-08-09 00:00:00,2.54,2.56,2.48,2.56,17967
2016-08-08 00:00:00,2.51,2.71,2.5,2.64,36277
2016-08-05 00:00:00,2.49,2.62,2.49,2.62,13242
2016-08-04 00:00:00,2.65,2.65,2.48,2.49,27732
2016-08-03 00:00:00,2.46,2.65,2.45,2.65,42567
2016-08-02 00:00:00,2.45,2.45,2.45,2.45,13682
2016-08-01 00:00:00,2.69,2.69,2.4,2.54,61490
2016-07-29 00:00:00,2.6,2.69,2.56,2.69,5733
2016-07-28 00:00:00,2.64,2.64,2.59,2.59,2032
2016-07-27 00:00:00,2.6,2.61,2.6,2.61,5930
2016-07-26 00:00:00,2.5,2.67,2.5,2.6,13000
2016-07-25 00:00:00,2.5,2.58,2.5,2.58,4676
2016-07-22 00:00:00,2.6,2.6,2.51,2.6,7638
2016-07-21 00:00:00,2.58,2.64,2.58,2.64,5500
2016-07-20 00:00:00,2.59,2.66,2.52,2.66,14201
2016-07-19 00:00:00,2.6,2.6,2.55,2.55,105
2016-07-18 00:00:00,2.64,2.64,2.55,2.55,6264
2016-07-15 00:00:00,2.64,2.64,2.64,2.64,56
2016-07-14 00:00:00,2.64,2.7,2.64,2.67,5779
2016-07-13 00:00:00,2.8,2.8,2.5,2.64,73113
2016-07-12 00:00:00,2.64,2.8,2.64,2.8,32111
2016-07-11 00:00:00,2.6,2.64,2.6,2.6,26489
2016-07-08 00:00:00,2.55,2.62,2.55,2.55,10324
2016-07-07 00:00:00,2.42,2.62,2.42,2.62,601
2016-07-06 00:00:00,,2.63,2.63,2.63,0
2016-07-05 00:00:00,2.3,2.67,2.3,2.63,1461
2016-07-04 00:00:00,2.67,2.68,2.11,2.68,5110
2016-07-01 00:00:00,2.67,2.67,2.65,2.67,2723
2016-06-30 00:00:00,,2.68,2.68,2.68,0
2016-06-29 00:00:00,2.66,2.68,2.51,2.68,14438
2016-06-28 00:00:00,2.51,2.66,2.51,2.66,2150
2016-06-27 00:00:00,2.51,2.69,2.51,2.51,9123
2016-06-24 00:00:00,,2.83,2.83,2.83,0
2016-06-23 00:00:00,,2.83,2.83,2.83,0
2016-06-22 00:00:00,2.5,2.83,2.5,2.83,1158
2016-06-21 00:00:00,2.85,2.85,2.85,2.85,1074
2016-06-20 00:00:00,2.9,2.9,2.75,2.75,13170
2016-06-17 00:00:00,2.65,2.7,2.26,2.7,14756
2016-06-16 00:00:00,2.55,2.69,2.16,2.65,11586
2016-06-15 00:00:00,2.62,2.62,2.55,2.55,16246
2016-06-14 00:00:00,2.41,2.7,2.36,2.6,7990
2016-06-13 00:00:00,,2.6,2.6,2.6,0
2016-06-10 00:00:00,2.43,2.6,2.42,2.6,79649
2016-06-09 00:00:00,2.33,2.5,2.33,2.43,7709
2016-06-08 00:00:00,2.43,2.6,2.43,2.59,636
2016-06-07 00:00:00,2.6,2.6,2.6,2.6,458
2016-06-06 00:00:00,,2.6,2.6,2.6,0
2016-06-03 00:00:00,2.64,2.64,2.6,2.6,3166
2016-06-02 00:00:00,2.6,2.68,2.6,2.67,2382
2016-06-01 00:00:00,2.68,2.68,2.68,2.68,50
2016-05-31 00:00:00,2.64,2.7,2.64,2.7,21205
2016-05-30 00:00:00,,2.65,2.65,2.65,0
2016-05-27 00:00:00,2.66,2.66,2.5,2.65,13420
2016-05-26 00:00:00,2.65,2.65,2.65,2.65,210
2016-05-25 00:00:00,2.62,2.67,2.62,2.66,4889
2016-05-24 00:00:00,2.52,2.62,2.5,2.62,18865
2016-05-23 00:00:00,2.42,2.63,2.42,2.63,8319
2016-05-20 00:00:00,2.49,2.52,2.37,2.52,24964
2016-05-19 00:00:00,2.55,2.55,2.55,2.55,122
2016-05-18 00:00:00,2.36,2.56,2.36,2.56,74
2016-05-17 00:00:00,2.64,2.64,2.56,2.56,8549
2016-05-16 00:00:00,2.41,2.64,2.41,2.64,582
2016-05-13 00:00:00,2.55,2.55,2.41,2.54,6405
2016-05-12 00:00:00,2.35,2.56,2.35,2.56,1750
2016-05-11 00:00:00,2.58,2.58,2.57,2.57,1195
2016-05-10 00:00:00,2.4,2.58,2.4,2.58,1330
2016-05-09 00:00:00,2.25,2.6,2.25,2.6,4400
2016-05-06 00:00:00,2.45,2.54,2.45,2.54,21162
2016-05-05 00:00:00,,2.4,2.4,2.4,0
2016-05-04 00:00:00,,2.4,2.4,2.4,0
2016-05-03 00:00:00,2.45,2.45,2.4,2.4,1600
2016-05-02 00:00:00,2.49,2.49,2.26,2.44,3261
2016-04-29 00:00:00,2.3,2.49,2.25,2.49,2600
2016-04-28 00:00:00,2.5,2.5,2.35,2.49,5859
2016-04-27 00:00:00,2.5,2.5,2.5,2.5,43
2016-04-26 00:00:00,2.42,2.5,2.41,2.43,5422
2016-04-25 00:00:00,2.5,2.5,2.42,2.42,16614
2016-04-22 00:00:00,2.48,2.55,2.42,2.5,22032
2016-04-21 00:00:00,2.65,2.65,2.46,2.64,5488
2016-04-20 00:00:00,2.48,2.6,2.48,2.6,2220
2016-04-19 00:00:00,2.66,2.66,2.55,2.65,28237
2016-04-18 00:00:00,2.47,2.66,2.47,2.66,1150
2016-04-15 00:00:00,2.69,2.69,2.67,2.67,1002
2016-04-14 00:00:00,2.69,2.69,2.69,2.69,20
2016-04-13 00:00:00,2.57,2.59,2.57,2.59,7092
2016-04-12 00:00:00,2.59,2.59,2.59,2.59,200
2016-04-11 00:00:00,2.51,2.68,2.5,2.68,6014
2016-04-08 00:00:00,2.6,2.69,2.6,2.69,17019
2016-04-07 00:00:00,2.7,2.7,2.45,2.6,16398
2016-04-06 00:00:00,2.75,2.75,2.6,2.7,7050
2016-04-05 00:00:00,,2.75,2.75,2.75,0
2016-04-04 00:00:00,2.77,2.77,2.55,2.75,1672
2016-04-01 00:00:00,,2.77,2.77,2.77,0
2016-03-31 00:00:00,2.77,2.77,2.77,2.77,1400
2016-03-30 00:00:00,2.54,2.76,2.45,2.76,31100
2016-03-29 00:00:00,2.65,2.77,2.65,2.65,2660
2016-03-28 00:00:00,,2.65,2.65,2.65,0
2016-03-25 00:00:00,,2.65,2.65,2.65,0
2016-03-24 00:00:00,,2.65,2.65,2.65,0
2016-03-23 00:00:00,2.61,2.7,2.47,2.65,12840
2016-03-22 00:00:00,2.78,2.79,2.67,2.67,5566
2016-03-21 00:00:00,2.55,2.6,2.45,2.6,16300
2016-03-18 00:00:00,2.71,2.71,2.61,2.61,625
2016-03-17 00:00:00,2.65,2.65,2.62,2.62,3174
2016-03-16 00:00:00,2.64,2.77,2.5,2.61,25901
2016-03-15 00:00:00,2.7,2.71,2.6,2.6,10351
2016-03-14 00:00:00,2.71,2.8,2.71,2.8,795
2016-03-11 00:00:00,2.75,2.8,2.75,2.8,2300
2016-03-10 00:00:00,,2.75,2.75,2.75,0
2016-03-09 00:00:00,2.77,2.77,2.75,2.75,2000
2016-03-08 00:00:00,2.83,2.83,2.72,2.72,2500
2016-03-07 00:00:00,2.82,2.9,2.7,2.83,11574
2016-03-04 00:00:00,2.94,2.94,2.85,2.86,13360
2016-03-03 00:00:00,3.0,3.0,2.94,2.94,1050
2016-03-02 00:00:00,2.9,3.09,2.75,2.91,13756
2016-03-01 00:00:00,2.81,2.81,2.81,2.81,300
2016-02-29 00:00:00,2.73,2.81,2.7,2.81,10870
2016-02-26 00:00:00,2.77,2.81,2.7,2.81,19000
2016-02-25 00:00:00,,2.9,2.9,2.9,0
2016-02-24 00:00:00,,2.9,2.9,2.9,0
2016-02-23 00:00:00,3.0,3.0,2.75,2.9,61815
2016-02-22 00:00:00,3.0,3.05,2.81,2.95,10618
2016-02-19 00:00:00,3.05,3.05,2.95,2.95,650
2016-02-18 00:00:00,,3.09,3.09,3.09,0
2016-02-17 00:00:00,2.9,3.09,2.75,3.09,32413
2016-02-16 00:00:00,3.1,3.1,2.9,2.9,5509
2016-02-15 00:00:00,3.2,3.2,2.9,3.1,8753
2016-02-12 00:00:00,2.99,3.25,2.9,2.91,8895
2016-02-11 00:00:00,2.75,3.01,2.75,3.01,2460
2016-02-10 00:00:00,2.97,3.02,2.77,3.01,7474
2016-02-09 00:00:00,3.29,3.29,2.69,2.8,65153
2016-02-08 00:00:00,3.17,3.3,2.8,3.18,37788
2016-02-05 00:00:00,3.15,3.3,3.15,3.3,1678
2016-02-04 00:00:00,3.2,3.3,3.15,3.3,4969
2016-02-03 00:00:00,3.21,3.35,3.21,3.35,30
2016-02-02 00:00:00,3.36,3.36,3.36,3.36,1578
2016-02-01 00:00:00,3.29,3.29,3.28,3.29,7422
2016-01-29 00:00:00,3.37,3.37,3.2,3.35,14472
2016-01-28 00:00:00,3.2,3.33,3.2,3.31,12760
2016-01-27 00:00:00,3.21,3.23,3.21,3.22,14175
2016-01-26 00:00:00,3.37,3.37,3.36,3.36,1200
2016-01-25 00:00:00,3.34,3.36,3.23,3.36,740
2016-01-22 00:00:00,3.35,3.35,3.22,3.34,4304
2016-01-21 00:00:00,3.31,3.35,3.31,3.35,8081
2016-01-20 00:00:00,3.39,3.39,3.16,3.32,7118
2016-01-19 00:00:00,3.39,3.4,3.31,3.33,15394
2016-01-18 00:00:00,3.25,3.4,3.2,3.29,8070
2016-01-15 00:00:00,3.25,3.37,3.25,3.33,9761
2016-01-14 00:00:00,3.39,3.39,3.15,3.22,4625
2016-01-13 00:00:00,3.36,3.4,3.31,3.38,38650
2016-01-12 00:00:00,3.32,3.32,3.2,3.26,14080
2016-01-11 00:00:00,3.39,3.39,3.28,3.32,3818
2016-01-08 00:00:00,3.5,3.5,3.3,3.43,27641
2016-01-07 00:00:00,3.4,3.55,3.3,3.54,48884
2016-01-06 00:00:00,,3.57,3.57,3.57,0
2016-01-05 00:00:00,3.65,3.65,3.57,3.57,645
2016-01-04 00:00:00,3.45,3.5,3.3,3.5,26921
2016-01-01 00:00:00,,3.54,3.54,3.54,0
2015-12-31 00:00:00,,3.54,3.54,3.54,0
2015-12-30 00:00:00,3.31,3.54,3.26,3.54,82444
2015-12-29 00:00:00,3.46,3.5,3.3,3.48,46645
2015-12-28 00:00:00,3.4,3.5,3.33,3.46,36752
2015-12-25 00:00:00,3.35,3.75,3.35,3.5,122277
2015-12-24 00:00:00,3.35,3.75,3.35,3.5,122277
2015-12-23 00:00:00,3.35,3.75,3.35,3.5,122277
2015-12-22 00:00:00,3.41,3.44,3.36,3.42,12216
2015-12-21 00:00:00,3.4,3.5,3.4,3.45,35682
2015-12-18 00:00:00,3.4,3.51,3.4,3.51,10112
2015-12-17 00:00:00,3.53,3.57,3.46,3.53,39570
2015-12-16 00:00:00,3.5,3.57,3.33,3.5,72013
2015-12-15 00:00:00,3.4,3.5,3.4,3.5,5920
2015-12-14 00:00:00,3.5,3.5,3.45,3.45,6480
2015-12-11 00:00:00,3.5,3.55,3.5,3.55,11180
2015-12-10 00:00:00,3.59,3.63,3.33,3.45,43185
2015-12-09 00:00:00,3.44,3.55,3.44,3.54,31834
2015-12-08 00:00:00,3.48,3.51,3.48,3.5,17909
2015-12-07 00:00:00,3.5,3.53,3.47,3.48,32329
2015-12-04 00:00:00,3.38,3.44,3.3,3.44,45296
2015-12-03 00:00:00,3.41,3.45,3.35,3.37,18323
2015-12-02 00:00:00,3.4,3.48,3.4,3.45,5562
2015-12-01 00:00:00,3.43,3.49,3.43,3.49,6050
2015-11-30 00:00:00,3.39,3.5,3.39,3.5,35057
2015-11-27 00:00:00,3.5,3.5,3.4,3.5,16627
2015-11-26 00:00:00,3.58,3.58,3.5,3.57,41006
2015-11-25 00:00:00,3.52,3.66,3.52,3.65,23494
2015-11-24 00:00:00,3.51,3.67,3.5,3.67,13250
2015-11-23 00:00:00,3.55,3.58,3.53,3.56,5149
2015-11-20 00:00:00,3.74,3.74,3.46,3.55,41939
2015-11-19 00:00:00,3.52,3.56,3.52,3.55,10027
2015-11-18 00:00:00,3.69,3.69,3.69,3.69,4639
2015-11-17 00:00:00,3.69,3.69,3.47,3.69,25474
2015-11-16 00:00:00,3.51,3.73,3.48,3.69,14708
2015-11-13 00:00:00,3.51,3.75,3.51,3.75,2005
2015-11-12 00:00:00,3.61,3.75,3.61,3.75,9475
2015-11-11 00:00:00,3.55,3.75,3.55,3.75,23034
2015-11-10 00:00:00,3.45,3.7,3.45,3.55,38070
2015-11-09 00:00:00,3.51,3.67,3.51,3.67,4945
2015-11-06 00:00:00,3.4,3.8,3.4,3.72,11332
2015-11-05 00:00:00,3.45,3.5,3.3,3.49,50482
2015-11-04 00:00:00,3.6,3.64,3.42,3.56,23960
2015-11-03 00:00:00,3.55,3.56,3.55,3.56,1278
2015-11-02 00:00:00,3.64,3.67,3.41,3.55,10884
2015-10-30 00:00:00,3.46,3.66,3.45,3.66,2050
2015-10-29 00:00:00,3.57,3.78,3.43,3.67,16580
2015-10-28 00:00:00,3.89,3.89,3.5,3.68,18871
2015-10-27 00:00:00,3.72,3.72,3.68,3.68,16168
2015-10-26 00:00:00,3.95,4.09,3.51,3.68,56180
2015-10-23 00:00:00,4.0,4.1,4.0,4.0,11100
2015-10-22 00:00:00,4.07,4.07,3.6,4.04,8300
2015-10-21 00:00:00,3.98,4.09,3.98,4.09,6870
2015-10-20 00:00:00,4.1,4.1,3.73,3.97,4970
2015-10-19 00:00:00,4.18,4.18,4.05,4.12,26707
2015-10-16 00:00:00,4.1,4.19,4.02,4.19,33970
2015-10-15 00:00:00,3.88,4.1,3.88,4.05,40943
2015-10-14 00:00:00,3.7,3.88,3.55,3.55,21983
2015-10-13 00:00:00,3.69,4.99,3.6,3.73,94139
2015-10-12 00:00:00,3.7,3.7,3.69,3.69,3005
2015-10-09 00:00:00,3.5,3.58,3.5,3.58,5194
2015-10-08 00:00:00,3.74,3.74,3.5,3.59,7961
2015-10-07 00:00:00,3.5,3.58,3.3,3.58,10235
2015-10-06 00:00:00,3.5,3.5,3.2,3.5,8160
2015-10-05 00:00:00,3.49,3.5,3.42,3.5,9266
2015-10-02 00:00:00,3.39,3.39,3.38,3.38,5000
2015-10-01 00:00:00,3.5,3.5,3.07,3.44,14253
2015-09-30 00:00:00,3.68,3.68,3.51,3.67,605
2015-09-29 00:00:00,3.59,3.64,3.59,3.64,220
2015-09-28 00:00:00,3.7,3.7,3.69,3.69,4727
2015-09-25 00:00:00,3.53,3.64,3.47,3.63,5442
2015-09-24 00:00:00,3.01,3.67,3.01,3.54,2455
2015-09-23 00:00:00,3.23,3.56,3.22,3.56,14613
2015-09-22 00:00:00,3.46,3.64,3.46,3.63,3000
2015-09-21 00:00:00,,3.64,3.64,3.64,0
2015-09-18 00:00:00,3.39,3.64,3.39,3.64,2420
2015-09-17 00:00:00,3.58,3.63,3.3,3.63,9011
2015-09-16 00:00:00,3.69,3.69,3.69,3.69,1000
2015-09-15 00:00:00,3.52,3.69,3.5,3.58,22375
2015-09-14 00:00:00,3.7,3.79,3.55,3.65,9855
2015-09-11 00:00:00,3.79,3.79,3.56,3.7,6802
2015-09-10 00:00:00,3.7,3.95,3.7,3.95,4240
2015-09-09 00:00:00,3.71,3.8,3.7,3.79,28198
2015-09-08 00:00:00,3.58,3.8,3.5,3.77,6469
2015-09-07 00:00:00,3.69,3.8,3.49,3.8,31622
2015-09-04 00:00:00,3.56,3.77,3.56,3.77,162
2015-09-03 00:00:00,3.71,3.86,3.53,3.69,33502
2015-09-02 00:00:00,,3.94,3.94,3.94,0
2015-09-01 00:00:00,3.65,3.97,3.6,3.94,4687
2015-08-31 00:00:00,3.85,3.99,3.85,3.99,910
2015-08-28 00:00:00,3.9,4.0,3.9,4.0,20500
2015-08-27 00:00:00,3.6,3.99,3.6,3.9,6072
2015-08-26 00:00:00,3.6,4.0,3.5,3.86,19916
2015-08-25 00:00:00,3.72,4.04,3.65,4.01,23717
2015-08-24 00:00:00,3.68,4.08,3.51,3.96,25228
2015-08-21 00:00:00,4.0,4.14,3.52,4.13,11919
2015-08-20 00:00:00,4.04,4.17,3.85,4.15,22451
2015-08-19 00:00:00,4.04,4.18,4.04,4.18,3002
2015-08-18 00:00:00,4.23,4.23,4.01,4.2,3403
2015-08-17 00:00:00,,4.23,4.23,4.23,0
2015-08-14 00:00:00,4.15,4.23,4.15,4.23,3000
2015-08-13 00:00:00,4.2,4.2,4.1,4.2,8200
2015-08-12 00:00:00,4.05,4.14,4.05,4.14,800
2015-08-11 00:00:00,4.1,4.19,4.05,4.19,13400
2015-08-10 00:00:00,,4.18,4.18,4.18,0
2015-08-07 00:00:00,4.0,4.18,4.0,4.18,3695
2015-08-06 00:00:00,4.05,4.15,4.0,4.15,7428
2015-08-05 00:00:00,4.13,4.2,4.13,4.2,3174
2015-08-04 00:00:00,,4.14,4.14,4.14,0
2015-08-03 00:00:00,4.14,4.14,4.0,4.14,9834
2015-07-31 00:00:00,4.03,4.19,4.0,4.14,5770
2015-07-30 00:00:00,4.23,4.23,4.01,4.21,1204
2015-07-29 00:00:00,4.11,4.24,4.0,4.23,8761
2015-07-28 00:00:00,,4.25,4.25,4.25,0
2015-07-27 00:00:00,4.2,4.25,4.2,4.25,5400
2015-07-24 00:00:00,4.18,4.33,4.18,4.33,2319
2015-07-23 00:00:00,4.26,4.34,4.26,4.33,3005
2015-07-22 00:00:00,4.22,4.31,4.2,4.31,13544
2015-07-21 00:00:00,4.3,4.4,4.28,4.39,9870
2015-07-20 00:00:00,4.49,4.5,4.33,4.45,2970
2015-07-17 00:00:00,4.48,4.5,4.3,4.5,23174
2015-07-16 00:00:00,4.47,4.47,4.3,4.46,4013
2015-07-15 00:00:00,4.31,4.47,4.31,4.47,855
2015-07-14 00:00:00,4.3,4.48,4.2,4.48,8420
2015-07-13 00:00:00,4.3,4.49,4.3,4.43,14692
2015-07-10 00:00:00,3.9,4.4,3.9,4.25,9244
2015-07-09 00:00:00,4.19,4.19,4.19,4.19,3000
2015-07-08 00:00:00,3.93,4.18,3.93,4.18,1010
2015-07-07 00:00:00,4.1,4.2,4.1,4.19,8459
2015-07-06 00:00:00,4.1,4.15,4.1,4.1,7140
2015-07-03 00:00:00,4.19,4.19,4.19,4.19,5270
2015-07-02 00:00:00,3.99,4.22,3.99,4.21,14923
2015-07-01 00:00:00,4.21,4.21,3.83,4.07,3853
2015-06-30 00:00:00,,4.24,4.24,4.24,0
2015-06-29 00:00:00,4.2,4.24,4.2,4.24,1050
2015-06-26 00:00:00,4.28,4.28,4.05,4.1,17015
2015-06-25 00:00:00,4.24,4.24,4.1,4.19,13315
2015-06-24 00:00:00,4.16,4.38,4.07,4.07,16308
2015-06-23 00:00:00,4.21,4.45,4.15,4.39,21585
2015-06-22 00:00:00,4.2,4.45,4.2,4.25,6466
2015-06-19 00:00:00,,4.19,4.19,4.19,0
2015-06-18 00:00:00,4.2,4.2,3.95,4.19,11137
2015-06-17 00:00:00,4.21,4.3,4.2,4.2,4641
2015-06-16 00:00:00,4.2,4.48,4.07,4.2,6801
2015-06-15 00:00:00,4.29,4.49,4.2,4.49,16850
2015-06-12 00:00:00,4.55,4.55,4.25,4.48,18847
2015-06-11 00:00:00,4.31,4.59,4.25,4.59,10009
2015-06-10 00:00:00,4.26,4.59,4.26,4.59,5753
2015-06-09 00:00:00,,4.68,4.68,4.68,0
2015-06-08 00:00:00,4.71,4.71,4.2,4.68,5681
2015-06-05 00:00:00,4.5,4.76,4.23,4.74,48953
2015-06-04 00:00:00,4.89,4.89,4.3,4.49,17878
2015-06-03 00:00:00,4.6,4.69,4.6,4.69,5100
2015-06-02 00:00:00,4.31,4.79,4.31,4.79,14381
2015-06-01 00:00:00,4.51,4.97,4.27,4.97,20464
2015-05-29 00:00:00,4.54,4.6,4.53,4.6,13588
2015-05-28 00:00:00,4.6,4.6,4.1,4.59,22659
2015-05-27 00:00:00,4.69,4.69,4.69,4.69,85
2015-05-26 00:00:00,4.11,4.74,4.11,4.73,9215
2015-05-25 00:00:00,4.6,4.6,4.39,4.58,33647
2015-05-22 00:00:00,4.6,4.6,4.51,4.51,8113
2015-05-21 00:00:00,4.5,4.7,4.5,4.65,5228
2015-05-20 00:00:00,4.49,4.64,4.47,4.64,17562
2015-05-19 00:00:00,4.5,4.7,4.5,4.7,9100
2015-05-18 00:00:00,4.75,4.75,4.37,4.68,14623
2015-05-15 00:00:00,4.64,4.85,4.6,4.78,53358
2015-05-14 00:00:00,4.94,4.95,4.8,4.95,8160
2015-05-13 00:00:00,4.94,4.95,4.8,4.95,8160
2015-05-12 00:00:00,4.85,4.85,4.77,4.85,670
2015-05-11 00:00:00,4.97,4.97,4.67,4.97,5481
2015-05-08 00:00:00,4.55,4.99,4.54,4.97,32094
2015-05-07 00:00:00,4.7,4.74,4.5,4.74,22624
2015-05-06 00:00:00,4.8,4.8,4.7,4.8,8075
2015-05-05 00:00:00,4.86,4.86,4.8,4.8,7747
2015-05-04 00:00:00,5.0,5.0,4.85,4.85,24475
2015-05-01 00:00:00,5.0,5.05,4.91,5.05,20661
2015-04-30 00:00:00,5.0,5.05,4.91,5.05,20661
2015-04-29 00:00:00,5.15,5.3,5.05,5.05,29056
2015-04-28 00:00:00,5.3,5.3,5.15,5.15,4475
2015-04-27 00:00:00,5.6,5.6,5.2,5.3,21805
2015-04-24 00:00:00,5.15,5.7,5.15,5.6,44159
2015-04-23 00:00:00,5.2,5.3,5.15,5.3,274
2015-04-22 00:00:00,5.2,5.35,5.2,5.35,1050
2015-04-21 00:00:00,5.55,5.55,5.15,5.4,1542
2015-04-20 00:00:00,5.15,5.45,5.15,5.4,13015
2015-04-17 00:00:00,5.5,5.5,5.45,5.45,4294
2015-04-16 00:00:00,5.35,5.45,5.3,5.45,23308
2015-04-15 00:00:00,5.4,5.45,5.35,5.45,2093
2015-04-14 00:00:00,5.5,5.55,5.25,5.45,6656
2015-04-13 00:00:00,5.5,5.5,5.2,5.45,10019
2015-04-10 00:00:00,5.4,5.4,5.15,5.4,6953
2015-04-09 00:00:00,5.3,5.4,5.1,5.4,7430
2015-04-08 00:00:00,5.3,5.3,5.25,5.3,5956
2015-04-07 00:00:00,5.25,5.4,5.25,5.35,2686
2015-04-02 00:00:00,5.25,5.35,5.0,5.25,17050
2015-04-01 00:00:00,5.35,5.35,5.25,5.35,4286
2015-03-31 00:00:00,5.25,5.4,5.25,5.25,2555
2015-03-30 00:00:00,5.3,5.55,5.3,5.4,10520
2015-03-27 00:00:00,5.2,5.4,5.2,5.4,1788
2015-03-26 00:00:00,5.25,5.45,5.25,5.4,4750
2015-03-25 00:00:00,5.45,5.45,5.25,5.3,1586
2015-03-24 00:00:00,5.4,5.45,5.4,5.45,720
2015-03-23 00:00:00,5.35,5.5,5.3,5.3,11916
2015-03-20 00:00:00,5.25,5.45,5.2,5.25,8440
2015-03-19 00:00:00,5.25,5.45,5.25,5.4,7521
2015-03-18 00:00:00,5.3,5.5,5.25,5.5,27078
2015-03-17 00:00:00,5.35,5.6,5.3,5.55,5181
2015-03-16 00:00:00,5.35,5.6,5.35,5.6,9489
2015-03-13 00:00:00,5.6,5.65,5.35,5.65,10400
2015-03-12 00:00:00,5.7,5.7,5.3,5.6,12650
2015-03-11 00:00:00,5.4,5.65,5.35,5.6,7495
2015-03-10 00:00:00,5.45,5.65,5.35,5.45,12102
2015-03-09 00:00:00,5.65,5.8,5.4,5.6,34781
2015-03-06 00:00:00,5.6,5.7,5.45,5.7,37620
2015-03-05 00:00:00,5.55,5.65,5.55,5.6,10320
2015-03-04 00:00:00,5.7,5.7,5.65,5.65,11030
2015-03-03 00:00:00,5.75,5.75,5.65,5.7,9290
2015-03-02 00:00:00,5.7,5.75,5.65,5.75,37199
2015-02-27 00:00:00,5.8,5.8,5.6,5.8,11914
2015-02-26 00:00:00,5.6,5.8,5.55,5.7,27405
2015-02-25 00:00:00,5.75,5.75,5.55,5.7,9326
2015-02-24 00:00:00,5.65,5.75,5.65,5.65,18155
2015-02-23 00:00:00,5.8,5.8,5.5,5.75,38593
2015-02-20 00:00:00,5.9,5.9,5.55,5.75,77268
2015-02-19 00:00:00,5.7,5.9,5.6,5.9,66826
2015-02-18 00:00:00,6.05,6.15,5.65,5.8,165897
2015-02-17 00:00:00,6.0,6.4,5.9,6.05,222882
2015-02-16 00:00:00,7.1,7.1,6.8,7.1,26690
2015-02-13 00:00:00,6.7,7.1,6.7,7.0,74101
2015-02-12 00:00:00,6.85,6.95,6.7,6.95,62100
2015-02-11 00:00:00,6.85,6.9,6.7,6.85,30965
2015-02-10 00:00:00,6.2,6.8,6.2,6.8,99275
2015-02-09 00:00:00,6.8,6.8,6.3,6.4,28497
2015-02-06 00:00:00,6.6,6.8,6.45,6.8,31151
2015-02-05 00:00:00,6.9,6.9,6.6,6.6,22750
2015-02-04 00:00:00,6.5,6.9,6.4,6.6,48138
2015-02-03 00:00:00,6.3,6.4,6.05,6.35,17119
2015-02-02 00:00:00,6.45,6.7,6.15,6.5,47097
2015-01-30 00:00:00,6.85,6.85,6.2,6.7,45745
2015-01-29 00:00:00,6.9,6.9,6.65,6.85,21270
2015-01-28 00:00:00,6.85,6.9,6.55,6.9,14944
2015-01-27 00:00:00,6.85,6.9,6.7,6.9,21000
2015-01-26 00:00:00,6.85,6.9,6.5,6.9,52010
2015-01-23 00:00:00,6.9,6.9,6.7,6.8,54686
2015-01-22 00:00:00,6.5,6.8,6.5,6.75,55206
2015-01-21 00:00:00,6.5,6.6,6.4,6.5,76838
2015-01-20 00:00:00,6.25,6.55,6.25,6.5,130015
2015-01-19 00:00:00,5.95,6.2,5.95,6.2,57630
2015-01-16 00:00:00,5.95,6.1,5.8,5.95,14950
2015-01-15 00:00:00,6.1,6.1,5.9,5.95,9950
2015-01-14 00:00:00,6.15,6.15,5.95,5.95,36339
2015-01-13 00:00:00,6.2,6.2,5.95,6.15,57928
2015-01-12 00:00:00,5.7,6.35,5.6,5.85,182615
2015-01-09 00:00:00,5.15,5.25,5.0,5.2,32400
2015-01-08 00:00:00,5.35,5.4,5.2,5.35,3900
2015-01-07 00:00:00,5.35,5.45,5.1,5.4,30368
2015-01-06 00:00:00,,5.45,5.45,5.45,0
2015-01-05 00:00:00,5.4,5.45,5.3,5.45,14968
2015-01-02 00:00:00,5.5,5.5,5.2,5.4,32264
2015-01-01 00:00:00,5.3,5.5,5.2,5.5,50085
2014-12-30 00:00:00,5.3,5.5,5.2,5.5,50085
2014-12-29 00:00:00,5.15,5.5,5.1,5.2,14867
2014-12-23 00:00:00,5.1,5.3,5.1,5.3,2990
2014-12-22 00:00:00,5.1,5.35,5.1,5.2,23255
2014-12-19 00:00:00,5.45,5.45,5.1,5.45,9600
2014-12-18 00:00:00,5.35,5.45,5.05,5.45,19347
2014-12-17 00:00:00,5.05,5.35,5.05,5.35,10220
2014-12-16 00:00:00,5.1,5.3,5.1,5.3,17900
2014-12-15 00:00:00,5.15,5.3,5.05,5.2,11494
2014-12-12 00:00:00,5.15,5.3,5.15,5.3,1520
2014-12-11 00:00:00,5.2,5.3,5.1,5.3,14642
2014-12-10 00:00:00,5.2,5.4,5.15,5.3,2910
2014-12-09 00:00:00,5.15,5.45,5.1,5.15,13732
2014-12-08 00:00:00,5.45,5.6,5.1,5.5,7068
2014-12-05 00:00:00,5.4,5.55,5.4,5.5,2340
2014-12-04 00:00:00,5.4,5.6,5.4,5.6,17860
2014-12-03 00:00:00,5.4,5.65,5.4,5.6,8619
2014-12-02 00:00:00,5.3,5.7,5.3,5.65,3381
2014-12-01 00:00:00,5.4,5.65,5.3,5.6,9464
2014-11-28 00:00:00,5.4,5.7,5.4,5.7,3020
2014-11-27 00:00:00,5.45,5.6,5.4,5.6,5178
2014-11-26 00:00:00,5.5,5.6,5.5,5.6,8469
2014-11-25 00:00:00,5.5,5.65,5.5,5.6,10840
2014-11-24 00:00:00,5.5,5.65,5.45,5.6,9380
2014-11-21 00:00:00,5.55,5.65,5.45,5.65,5725
2014-11-20 00:00:00,,5.65,5.65,5.65,0
2014-11-19 00:00:00,5.4,5.65,5.3,5.65,5070
2014-11-18 00:00:00,5.5,5.7,5.4,5.65,9468
2014-11-17 00:00:00,5.4,5.7,5.4,5.7,9470
2014-11-14 00:00:00,5.55,5.7,5.5,5.7,17634
2014-11-13 00:00:00,5.5,5.7,5.5,5.7,19158
2014-11-12 00:00:00,5.6,5.7,5.55,5.7,14698
2014-11-11 00:00:00,5.7,5.75,5.6,5.7,5426
2014-11-10 00:00:00,5.6,5.95,5.6,5.7,27198
2014-11-07 00:00:00,5.65,5.7,5.5,5.65,15015
2014-11-06 00:00:00,5.6,5.7,5.45,5.65,59845
2014-11-05 00:00:00,5.6,5.75,5.6,5.75,575
2014-11-04 00:00:00,5.65,5.75,5.6,5.75,23466
2014-11-03 00:00:00,5.75,5.9,5.5,5.75,49600
2014-10-31 00:00:00,5.9,6.0,5.6,5.9,3401
2014-10-30 00:00:00,5.8,6.0,5.5,6.0,33200
2014-10-29 00:00:00,6.0,6.1,5.8,6.0,7866
2014-10-28 00:00:00,6.0,6.0,5.6,5.9,31737
2014-10-24 00:00:00,5.8,6.6,5.8,6.55,220272
2014-10-23 00:00:00,6.0,6.0,5.65,5.9,40040
2014-10-22 00:00:00,5.75,5.95,5.75,5.95,23280
2014-10-21 00:00:00,5.95,5.95,5.4,5.85,41700
2014-10-20 00:00:00,5.8,5.8,5.2,5.25,1300
2014-10-17 00:00:00,5.3,5.8,5.0,5.8,76278
2014-10-16 00:00:00,5.2,5.45,5.1,5.35,16000
2014-10-15 00:00:00,5.25,5.4,5.2,5.2,11400
2014-10-14 00:00:00,5.35,5.55,5.35,5.45,3420
2014-10-13 00:00:00,5.1,5.55,5.1,5.55,13880
2014-10-10 00:00:00,5.4,5.65,5.1,5.65,42227
2014-10-09 00:00:00,5.55,5.75,5.5,5.75,19278
2014-10-08 00:00:00,5.6,5.8,5.5,5.8,13951
2014-10-07 00:00:00,6.1,6.1,5.65,5.65,20075
2014-10-06 00:00:00,5.7,5.8,5.7,5.8,14325
2014-10-03 00:00:00,5.8,5.8,5.75,5.8,7750
2014-10-02 00:00:00,5.75,5.95,5.7,5.75,9400
2014-10-01 00:00:00,5.95,5.95,5.95,5.95,1050
2014-09-30 00:00:00,5.75,5.95,5.75,5.95,21162
2014-09-29 00:00:00,5.95,5.95,5.9,5.9,12120
2014-09-26 00:00:00,5.85,5.85,5.65,5.85,3035
2014-09-25 00:00:00,5.8,5.95,5.65,5.9,28511
2014-09-24 00:00:00,5.8,6.0,5.8,6.0,16207
2014-09-23 00:00:00,5.8,6.1,5.8,6.1,4050
2014-09-22 00:00:00,5.8,6.25,5.8,6.1,9523
2014-09-19 00:00:00,5.8,5.9,5.55,5.9,13320
2014-09-18 00:00:00,6.05,6.05,5.7,5.9,16061
2014-09-17 00:00:00,6.0,6.0,5.9,6.0,16550
2014-09-16 00:00:00,6.0,6.25,6.0,6.0,92659
2014-09-15 00:00:00,5.2,6.35,5.2,5.7,211226
2014-09-12 00:00:00,5.45,5.45,5.1,5.1,9213
2014-09-11 00:00:00,5.6,5.6,5.4,5.4,25130
2014-09-10 00:00:00,5.55,5.55,5.55,5.55,4100
2014-09-09 00:00:00,5.7,5.7,5.5,5.55,15500
2014-09-08 00:00:00,5.75,5.75,5.65,5.7,22850
2014-09-05 00:00:00,5.8,5.95,5.8,5.9,16350
2014-09-04 00:00:00,5.85,5.9,5.8,5.9,17625
2014-09-03 00:00:00,5.9,5.9,5.8,5.85,15499
2014-09-02 00:00:00,5.6,5.85,5.6,5.75,15144
2014-09-01 00:00:00,5.75,5.85,5.6,5.85,13143
2014-08-29 00:00:00,5.95,5.95,5.85,5.9,1600
2014-08-28 00:00:00,5.7,6.0,5.7,5.9,31647
2014-08-27 00:00:00,5.7,5.85,5.55,5.8,34347
2014-08-26 00:00:00,5.7,5.7,5.6,5.7,9100
2014-08-25 00:00:00,5.75,5.75,5.5,5.6,24161
2014-08-22 00:00:00,5.6,5.75,5.6,5.75,2440
2014-08-21 00:00:00,5.65,5.8,5.55,5.8,25505
2014-08-20 00:00:00,5.7,5.75,5.7,5.75,2680
2014-08-19 00:00:00,5.9,5.9,5.65,5.8,3056
2014-08-18 00:00:00,5.6,5.8,5.5,5.8,17000
2014-08-15 00:00:00,5.8,5.8,5.55,5.6,3079
2014-08-14 00:00:00,5.65,5.9,5.6,5.9,2970
2014-08-13 00:00:00,5.7,5.75,5.65,5.65,27630
2014-08-12 00:00:00,5.75,5.8,5.5,5.5,12792
2014-08-11 00:00:00,5.75,5.85,5.7,5.75,1430
2014-08-08 00:00:00,5.6,5.8,5.5,5.75,21933
2014-08-07 00:00:00,5.6,6.0,5.6,5.95,3567
2014-08-06 00:00:00,5.7,5.85,5.6,5.85,20765
2014-08-05 00:00:00,5.7,6.0,5.5,5.9,18710
2014-08-04 00:00:00,5.5,5.6,5.5,5.6,13960
2014-08-01 00:00:00,5.6,5.65,5.4,5.6,53280
2014-07-31 00:00:00,5.85,5.95,5.6,5.95,26617
2014-07-30 00:00:00,5.85,5.85,5.75,5.85,5500
2014-07-29 00:00:00,6.0,6.0,5.8,5.85,52596
2014-07-28 00:00:00,6.15,6.25,5.85,6.0,33193
2014-07-25 00:00:00,6.1,6.15,5.85,6.15,51526
2014-07-24 00:00:00,5.85,5.95,5.85,5.95,6900
2014-07-23 00:00:00,5.8,5.8,5.8,5.8,10501
2014-07-22 00:00:00,5.85,5.95,5.85,5.95,12515
2014-07-21 00:00:00,5.9,6.05,5.8,5.8,45912
2014-07-18 00:00:00,5.9,5.95,5.8,5.95,30345
2014-07-17 00:00:00,6.05,6.1,5.85,5.95,22255
2014-07-16 00:00:00,6.1,6.15,5.9,5.9,21669
2014-07-15 00:00:00,6.1,6.3,6.1,6.15,21662
2014-07-14 00:00:00,6.1,6.3,6.1,6.3,23849
2014-07-11 00:00:00,6.25,6.25,5.8,6.1,37430
2014-07-10 00:00:00,6.25,6.25,6.05,6.2,6204
2014-07-09 00:00:00,6.1,6.3,6.1,6.25,4959
2014-07-08 00:00:00,6.1,6.4,6.1,6.2,22351
2014-07-07 00:00:00,6.1,6.4,5.95,6.1,55877
2014-07-04 00:00:00,5.75,6.0,5.6,6.0,113381
2014-07-03 00:00:00,5.7,5.75,5.35,5.65,20111
2014-07-02 00:00:00,5.35,5.65,5.35,5.6,7610
2014-07-01 00:00:00,5.45,5.6,5.45,5.6,10950
2014-06-30 00:00:00,5.7,5.7,5.2,5.55,68070
2014-06-27 00:00:00,5.1,5.5,5.1,5.45,27350
2014-06-26 00:00:00,5.25,5.4,5.2,5.4,30289
2014-06-25 00:00:00,5.5,5.5,5.25,5.35,42722
2014-06-24 00:00:00,5.2,6.2,5.2,5.4,264887
2014-06-23 00:00:00,5.2,5.2,5.0,5.2,21760
2014-06-20 00:00:00,,5.1,5.1,5.1,0
2014-06-19 00:00:00,5.0,5.1,5.0,5.1,16684
2014-06-18 00:00:00,5.0,5.05,5.0,5.05,6260
2014-06-17 00:00:00,5.0,5.0,4.9,5.0,10405
2014-06-16 00:00:00,5.05,5.2,5.05,5.2,37234
2014-06-13 00:00:00,5.15,5.2,5.05,5.05,37341
2014-06-12 00:00:00,5.05,5.2,5.05,5.15,14236
2014-06-11 00:00:00,5.1,5.15,5.05,5.05,20500
2014-06-10 00:00:00,5.3,5.3,5.2,5.2,4000
2014-06-09 00:00:00,5.1,5.4,5.1,5.2,17992
2014-06-06 00:00:00,,5.5,5.5,5.5,0
2014-06-05 00:00:00,5.3,5.5,5.1,5.5,31500
2014-06-04 00:00:00,5.25,5.3,5.25,5.25,7181
2014-06-03 00:00:00,5.45,5.5,5.1,5.5,13545
2014-06-02 00:00:00,5.3,5.45,5.3,5.45,2800
2014-05-30 00:00:00,5.15,5.35,5.15,5.35,19079
2014-05-28 00:00:00,5.35,5.35,5.35,5.35,1600
2014-05-27 00:00:00,5.15,5.4,5.15,5.4,8825
2014-05-26 00:00:00,5.0,5.35,5.0,5.3,28515
2014-05-23 00:00:00,5.5,5.5,5.15,5.45,8900
2014-05-22 00:00:00,5.3,5.45,5.1,5.45,54971
2014-05-21 00:00:00,5.5,5.5,5.4,5.5,16339
2014-05-20 00:00:00,5.6,5.65,5.4,5.45,13676
2014-05-19 00:00:00,5.5,5.65,5.5,5.6,25258
2014-05-16 00:00:00,5.45,5.65,5.45,5.65,12695
2014-05-15 00:00:00,5.6,5.65,5.3,5.65,35974
2014-05-14 00:00:00,5.45,5.6,5.45,5.5,30954
2014-05-13 00:00:00,5.6,5.6,5.55,5.55,7000
2014-05-12 00:00:00,5.6,5.6,5.5,5.55,13700
2014-05-09 00:00:00,5.5,5.6,5.5,5.55,21833
2014-05-08 00:00:00,5.5,5.55,5.3,5.5,93667
2014-05-07 00:00:00,5.2,5.5,4.9,5.5,109808
2014-05-06 00:00:00,4.95,5.0,4.95,4.96,8800
2014-05-05 00:00:00,5.0,5.2,5.0,5.2,3610
2014-05-02 00:00:00,5.2,5.2,4.97,5.0,7556
2014-05-01 00:00:00,,5.3,5.3,5.3,0
2014-04-30 00:00:00,5.5,5.5,5.05,5.3,28349
2014-04-29 00:00:00,4.96,5.65,4.96,5.4,108402
2014-04-28 00:00:00,4.5,5.0,4.5,4.86,23175
2014-04-25 00:00:00,4.7,4.96,4.7,4.96,5304
2014-04-24 00:00:00,4.69,4.83,4.69,4.83,1100
2014-04-23 00:00:00,4.94,4.94,4.7,4.84,5024
2014-04-22 00:00:00,5.0,5.0,4.9,4.9,2366
2014-04-17 00:00:00,4.75,4.75,4.75,4.75,1400
2014-04-16 00:00:00,4.75,4.75,4.61,4.75,4761
2014-04-15 00:00:00,4.75,4.89,4.75,4.78,11175
2014-04-14 00:00:00,5.05,5.05,4.8,5.05,5190
2014-04-11 00:00:00,4.93,5.05,4.75,5.05,54544
2014-04-10 00:00:00,5.15,5.15,5.15,5.15,91
2014-04-09 00:00:00,5.0,5.25,4.9,5.1,12350
2014-04-08 00:00:00,5.0,5.0,4.87,4.91,14150
2014-04-07 00:00:00,4.95,4.95,4.95,4.95,9918
2014-04-04 00:00:00,5.0,5.15,4.8,5.0,25305
2014-04-03 00:00:00,5.0,5.0,5.0,5.0,3170
2014-04-02 00:00:00,5.0,5.15,5.0,5.0,4097
2014-04-01 00:00:00,5.1,5.1,5.0,5.0,6923
2014-03-31 00:00:00,5.0,5.2,5.0,5.15,10938
2014-03-28 00:00:00,5.0,5.15,4.9,4.9,25880
2014-03-27 00:00:00,5.2,5.3,5.0,5.2,10875
2014-03-26 00:00:00,5.0,5.2,5.0,5.2,6475
2014-03-25 00:00:00,5.0,5.2,4.96,5.1,66986
2014-03-24 00:00:00,5.35,5.45,5.2,5.2,16500
2014-03-21 00:00:00,5.45,5.45,5.0,5.35,22197
2014-03-20 00:00:00,5.25,5.45,5.2,5.2,17401
2014-03-19 00:00:00,5.25,5.5,5.25,5.5,2228
2014-03-18 00:00:00,5.15,5.3,5.1,5.3,5898
2014-03-17 00:00:00,5.25,5.5,5.2,5.3,59930
2014-03-14 00:00:00,5.3,5.5,5.3,5.45,18453
2014-03-13 00:00:00,5.7,5.7,5.4,5.5,18840
2014-03-12 00:00:00,5.45,5.7,5.2,5.7,12000
2014-03-11 00:00:00,5.85,5.85,5.5,5.5,15588
2014-03-10 00:00:00,5.7,5.85,5.5,5.55,15222
2014-03-07 00:00:00,5.5,5.95,5.5,5.7,11699
2014-03-06 00:00:00,5.75,5.75,5.5,5.75,22050
2014-03-05 00:00:00,5.95,5.95,5.7,5.75,22950
2014-03-04 00:00:00,5.1,6.0,5.1,5.5,136969
2014-03-03 00:00:00,5.0,5.6,5.0,5.2,127997
2014-02-28 00:00:00,5.7,5.7,5.6,5.7,40628
2014-02-27 00:00:00,5.85,5.85,5.45,5.8,79000
2014-02-26 00:00:00,5.75,5.9,5.6,5.9,10328
2014-02-25 00:00:00,5.55,5.8,5.4,5.8,62986
2014-02-24 00:00:00,5.6,5.75,5.35,5.55,55683
2014-02-21 00:00:00,5.5,5.6,5.5,5.6,85545
2014-02-20 00:00:00,5.7,5.7,5.6,5.6,10130
2014-02-19 00:00:00,5.75,5.95,5.65,5.95,17733
2014-02-18 00:00:00,5.9,6.0,5.8,5.9,40074
2014-02-17 00:00:00,6.1,6.3,5.95,5.95,70141
2014-02-14 00:00:00,6.6,6.9,5.75,6.0,154321
2014-02-13 00:00:00,6.95,7.0,6.8,6.8,35281
2014-02-12 00:00:00,6.9,6.9,6.75,6.75,56135
2014-02-11 00:00:00,6.75,6.85,6.65,6.7,26718
2014-02-10 00:00:00,6.5,6.85,6.5,6.85,46553
2014-02-07 00:00:00,6.7,7.0,6.35,7.0,96466
2014-02-06 00:00:00,7.05,7.05,6.7,7.05,4056
2014-02-05 00:00:00,6.8,7.0,6.55,7.0,44450
2014-02-04 00:00:00,6.85,7.0,6.85,7.0,25100
2014-02-03 00:00:00,6.7,6.9,6.55,6.8,26620
2014-01-31 00:00:00,7.0,7.0,6.8,6.8,7950
2014-01-30 00:00:00,7.05,7.6,6.6,7.0,125852
2014-01-29 00:00:00,7.15,7.15,6.6,6.8,35884
2014-01-28 00:00:00,7.25,7.3,7.15,7.15,23705
2014-01-27 00:00:00,7.1,7.15,6.8,7.15,35242
2014-01-24 00:00:00,7.3,7.3,7.1,7.1,56572
2014-01-23 00:00:00,7.6,7.95,7.3,7.4,44100
2014-01-22 00:00:00,7.8,7.9,7.3,7.9,49822
2014-01-21 00:00:00,8.0,8.0,7.65,7.9,195931
2014-01-20 00:00:00,7.15,7.7,7.15,7.6,316244
2014-01-17 00:00:00,6.95,7.05,6.75,6.95,31282
2014-01-16 00:00:00,7.0,7.0,6.75,6.95,54069
2014-01-15 00:00:00,6.9,7.0,6.75,7.0,41064
2014-01-14 00:00:00,6.95,6.95,6.75,6.9,31413
2014-01-13 00:00:00,6.5,7.35,6.5,6.95,401655
2014-01-10 00:00:00,6.7,6.9,6.5,6.5,80348
2014-01-09 00:00:00,6.6,6.75,6.45,6.75,65874
2014-01-08 00:00:00,6.9,6.95,6.7,6.7,55097
2014-01-07 00:00:00,6.85,6.9,6.55,6.85,38722
2014-01-06 00:00:00,,6.9,6.9,6.9,0
2014-01-03 00:00:00,7.0,7.0,6.6,6.9,177989
2014-01-02 00:00:00,7.15,7.35,7.0,7.05,66684
2013-12-31 00:00:00,,7.2,7.2,7.2,0
2013-12-30 00:00:00,7.45,7.55,7.15,7.2,180885
2013-12-27 00:00:00,8.1,8.2,7.5,7.65,201616
2013-12-23 00:00:00,8.7,9.15,7.5,7.85,880622
2013-12-20 00:00:00,5.6,8.7,5.6,8.35,479217
2013-12-19 00:00:00,5.85,5.9,5.75,5.9,36630
2013-12-18 00:00:00,5.8,5.95,5.8,5.8,20066
2013-12-17 00:00:00,5.9,6.0,5.75,5.8,21074
2013-12-16 00:00:00,6.1,6.3,5.7,5.9,41848
2013-12-13 00:00:00,6.15,6.45,6.0,6.1,41538
2013-12-12 00:00:00,6.35,6.35,6.0,6.1,27998
2013-12-11 00:00:00,6.25,6.45,6.1,6.3,7934
2013-12-10 00:00:00,6.5,6.5,6.1,6.45,68509
2013-12-09 00:00:00,6.2,6.3,5.9,6.25,13984
2013-12-06 00:00:00,6.2,6.2,5.85,6.2,41449
2013-12-05 00:00:00,6.0,6.3,6.0,6.25,52314
2013-12-04 00:00:00,5.8,6.1,5.7,6.1,69170
2013-12-03 00:00:00,5.75,5.8,5.55,5.7,31719
2013-12-02 00:00:00,6.05,6.1,5.65,5.9,60240
2013-11-29 00:00:00,6.35,6.45,5.7,6.15,197262
2013-11-28 00:00:00,5.15,6.25,5.15,6.2,221216
2013-11-27 00:00:00,5.1,5.3,5.05,5.2,36201
2013-11-26 00:00:00,5.1,5.15,5.0,5.15,15431
2013-11-25 00:00:00,4.96,5.35,4.96,5.35,25148
2013-11-22 00:00:00,5.0,5.05,5.0,5.0,6580
2013-11-21 00:00:00,5.1,5.1,4.99,5.1,33593
2013-11-20 00:00:00,5.25,5.25,5.05,5.2,6685
2013-11-19 00:00:00,5.1,5.3,4.9,5.25,45095
2013-11-18 00:00:00,5.05,5.15,4.9,5.15,11483
2013-11-15 00:00:00,5.1,5.3,5.0,5.05,47281
2013-11-14 00:00:00,5.2,5.3,5.1,5.3,39368
2013-11-13 00:00:00,5.2,5.35,5.15,5.3,11953
2013-11-12 00:00:00,5.2,5.5,5.2,5.4,46814
2013-11-11 00:00:00,5.25,5.4,5.2,5.25,27282
2013-11-08 00:00:00,5.35,5.35,5.15,5.35,12030
2013-11-07 00:00:00,5.2,5.3,5.1,5.3,15500
2013-11-06 00:00:00,5.0,5.4,5.0,5.3,49730
2013-11-05 00:00:00,5.2,5.2,4.76,5.15,16050
2013-11-04 00:00:00,5.45,5.45,5.1,5.2,33910
2013-11-01 00:00:00,5.35,5.45,5.35,5.45,5844
2013-10-31 00:00:00,5.4,5.45,5.15,5.35,42783
2013-10-30 00:00:00,5.65,5.65,5.3,5.4,8000
2013-10-29 00:00:00,5.35,5.5,5.3,5.3,37035
2013-10-28 00:00:00,5.3,5.7,5.3,5.4,63477
2013-10-25 00:00:00,5.5,5.5,5.25,5.25,26775
2013-10-24 00:00:00,5.2,5.6,5.1,5.4,22304
2013-10-23 00:00:00,5.1,5.25,5.1,5.25,7905
2013-10-22 00:00:00,5.05,5.25,5.05,5.25,64077
2013-10-21 00:00:00,4.85,5.05,4.8,5.05,62237
2013-10-18 00:00:00,4.99,5.05,4.8,4.85,72348
2013-10-17 00:00:00,5.15,5.15,4.78,4.78,41771
2013-10-16 00:00:00,4.85,5.0,4.8,4.95,26432
2013-10-15 00:00:00,5.1,5.15,4.8,4.85,88349
2013-10-14 00:00:00,4.79,5.05,4.78,5.05,65012
2013-10-11 00:00:00,5.0,5.0,4.79,4.8,181964
2013-10-10 00:00:00,5.05,5.05,4.85,4.98,70655
2013-10-09 00:00:00,5.2,5.2,4.95,5.0,89663
2013-10-08 00:00:00,5.15,5.2,5.0,5.2,34086
2013-10-07 00:00:00,5.45,5.45,5.2,5.2,10923
2013-10-04 00:00:00,5.15,5.3,5.1,5.25,74617
2013-10-03 00:00:00,5.2,5.35,5.1,5.1,101058
2013-10-02 00:00:00,5.35,5.5,5.25,5.25,65674
2013-10-01 00:00:00,5.35,5.35,5.3,5.35,63771
2013-09-30 00:00:00,5.55,5.75,5.2,5.35,159635
2013-09-27 00:00:00,5.6,5.7,5.45,5.5,52110
2013-09-26 00:00:00,5.7,5.75,5.6,5.6,37915
2013-09-25 00:00:00,5.5,5.85,5.5,5.7,49520
2013-09-24 00:00:00,5.65,5.85,5.55,5.65,40515
2013-09-23 00:00:00,5.85,5.95,5.65,5.65,36150
2013-09-20 00:00:00,5.75,5.85,5.65,5.75,33196
2013-09-19 00:00:00,5.6,5.9,5.5,5.6,107493
2013-09-18 00:00:00,6.0,6.05,5.4,5.45,213538
2013-09-17 00:00:00,5.95,6.0,5.45,5.7,248650
2013-09-16 00:00:00,6.05,6.05,5.85,5.95,128096
2013-09-13 00:00:00,6.0,6.05,5.85,6.0,34986
2013-09-12 00:00:00,6.1,6.2,5.95,5.95,93848
2013-09-11 00:00:00,5.95,6.2,5.85,6.0,185340
2013-09-10 00:00:00,6.4,6.45,5.95,5.95,192531
2013-09-09 00:00:00,6.0,6.45,5.75,6.1,168836
2013-09-06 00:00:00,5.95,6.15,5.75,5.75,100935
2013-09-05 00:00:00,6.1,6.2,5.75,5.95,63398
2013-09-04 00:00:00,6.0,6.15,5.9,6.0,25320
2013-09-03 00:00:00,6.1,6.2,5.9,5.9,98550
2013-09-02 00:00:00,6.35,6.5,6.25,6.25,17115
2013-08-30 00:00:00,6.8,6.8,6.2,6.25,55080
2013-08-29 00:00:00,6.15,6.5,6.15,6.2,117695
2013-08-28 00:00:00,6.2,6.4,6.1,6.1,62106
2013-08-27 00:00:00,6.55,6.7,6.1,6.45,116479
2013-08-26 00:00:00,6.6,6.95,6.55,6.55,68801
2013-08-23 00:00:00,7.4,7.4,6.0,6.7,527563
2013-08-22 00:00:00,7.4,8.0,7.3,7.9,106661
2013-08-21 00:00:00,7.7,7.7,7.45,7.55,17696
2013-08-20 00:00:00,7.75,7.85,7.25,7.55,84139
2013-08-19 00:00:00,7.65,8.15,7.5,7.65,76117
2013-08-16 00:00:00,7.65,7.9,7.65,7.65,46489
2013-08-15 00:00:00,7.8,7.9,7.7,7.9,28242
2013-08-14 00:00:00,7.8,8.0,7.6,7.8,60679
2013-08-13 00:00:00,8.1,8.1,7.75,7.75,58990
2013-08-12 00:00:00,7.85,7.85,7.5,7.85,25209
2013-08-09 00:00:00,8.0,8.1,7.7,7.8,49562
2013-08-08 00:00:00,8.05,8.1,7.9,8.0,41274
2013-08-07 00:00:00,7.8,8.3,7.8,8.05,104336
2013-08-06 00:00:00,7.9,8.05,7.75,7.8,36336
2013-08-05 00:00:00,7.95,8.1,7.8,7.9,79430
2013-08-02 00:00:00,7.85,8.0,7.65,7.8,40673
2013-08-01 00:00:00,8.0,8.4,7.95,7.95,138076
2013-07-31 00:00:00,8.0,8.3,7.85,8.0,104728
2013-07-30 00:00:00,8.5,8.5,7.8,8.0,118292
2013-07-29 00:00:00,8.4,8.55,7.8,8.15,143963
2013-07-26 00:00:00,8.1,8.6,8.0,8.25,180451
2013-07-25 00:00:00,8.95,9.3,8.2,8.25,334882
2013-07-24 00:00:00,6.2,9.75,6.2,8.85,1205177
2013-07-23 00:00:00,6.35,6.35,5.9,6.15,68930
2013-07-22 00:00:00,6.35,6.75,6.3,6.3,52463
2013-07-19 00:00:00,6.6,6.7,6.3,6.6,39595
2013-07-18 00:00:00,7.05,7.05,6.35,6.7,72910
2013-07-17 00:00:00,6.8,7.3,6.6,6.8,45681
2013-07-16 00:00:00,7.0,7.0,6.7,6.75,19721
2013-07-15 00:00:00,6.7,7.1,6.7,7.0,72713
2013-07-12 00:00:00,6.65,6.85,6.3,6.6,67048
2013-07-11 00:00:00,6.9,6.9,6.35,6.75,25730
2013-07-10 00:00:00,6.65,6.8,6.45,6.6,87248
2013-07-09 00:00:00,6.5,6.7,6.2,6.6,53938
2013-07-08 00:00:00,7.0,7.0,6.1,6.6,107230
2013-07-05 00:00:00,7.0,7.3,6.85,7.05,21078
2013-07-04 00:00:00,6.9,6.95,6.7,6.95,27716
2013-07-03 00:00:00,7.1,7.1,6.65,6.9,72491
2013-07-02 00:00:00,7.2,7.25,6.8,7.1,57598
2013-07-01 00:00:00,6.7,7.5,6.7,7.15,189450
2013-06-28 00:00:00,6.5,6.6,6.15,6.45,149177
2013-06-27 00:00:00,7.3,7.3,6.5,6.6,343614
2013-06-26 00:00:00,8.7,8.7,6.65,7.35,553564
2013-06-25 00:00:00,8.3,9.15,8.3,8.7,149823
2013-06-24 00:00:00,9.0,9.0,8.1,8.3,174909
2013-06-21 00:00:00,,9.0,9.0,9.0,0
2013-06-20 00:00:00,9.8,9.85,8.6,9.0,314066
2013-06-19 00:00:00,10.7,10.7,9.7,9.75,566549
2013-06-18 00:00:00,9.05,11.35,9.05,10.7,1680662
2013-06-17 00:00:00,9.1,9.9,8.85,9.05,334174
2013-06-14 00:00:00,10.15,10.15,9.15,9.4,555200
2013-06-13 00:00:00,9.7,12.0,8.15,10.0,2868702
2013-06-12 00:00:00,6.0,9.35,6.0,9.35,2590974
2013-06-11 00:00:00,4.9,6.05,4.9,5.9,1215399
2013-06-10 00:00:00,2.95,5.4,2.95,4.6,715321
2013-06-07 00:00:00,3.0,3.0,2.85,2.85,72000
2013-06-06 00:00:00,,3.01,3.01,3.01,0
2013-06-05 00:00:00,3.01,3.01,3.01,3.01,3620
2013-06-04 00:00:00,3.01,3.08,2.75,2.85,97328
2013-06-03 00:00:00,3.0,3.0,3.0,3.0,60800
2013-05-31 00:00:00,2.97,3.3,2.97,3.3,8022
2013-05-30 00:00:00,2.99,3.44,2.99,3.2,17367
2013-05-29 00:00:00,3.0,3.0,3.0,3.0,200
2013-05-28 00:00:00,3.32,3.32,3.0,3.09,70791
2013-05-27 00:00:00,3.2,3.2,3.15,3.15,101
2013-05-24 00:00:00,3.29,3.29,3.2,3.2,15702
2013-05-23 00:00:00,,3.45,3.45,3.45,0
2013-05-22 00:00:00,3.25,3.45,3.25,3.45,1150
2013-05-21 00:00:00,,3.26,3.26,3.26,0
2013-05-20 00:00:00,3.35,3.35,3.26,3.26,2100
2013-05-17 00:00:00,3.46,3.48,3.26,3.35,10350
2013-05-16 00:00:00,3.4,3.41,3.4,3.41,4150
2013-05-15 00:00:00,3.51,3.51,3.4,3.4,30753
2013-05-14 00:00:00,3.54,3.54,3.33,3.33,5800
2013-05-13 00:00:00,3.31,3.51,3.31,3.51,8990
2013-05-10 00:00:00,3.77,3.77,3.77,3.77,3000
2013-05-09 00:00:00,,3.74,3.74,3.74,0
2013-05-08 00:00:00,,3.74,3.74,3.74,0
2013-05-07 00:00:00,3.4,3.78,3.4,3.74,23056
2013-05-06 00:00:00,3.9,3.9,3.39,3.83,6400
2013-05-03 00:00:00,3.8,3.95,3.8,3.95,2000
2013-05-02 00:00:00,3.8,3.8,3.69,3.75,19156
2013-05-01 00:00:00,,3.52,3.52,3.52,0
2013-04-30 00:00:00,3.95,4.0,3.35,3.52,21237
2013-04-29 00:00:00,3.3,3.3,3.3,3.3,500
2013-04-26 00:00:00,3.25,3.26,3.25,3.26,4705
2013-04-25 00:00:00,3.26,3.26,3.26,3.26,6280
2013-04-24 00:00:00,,3.31,3.31,3.31,0
2013-04-23 00:00:00,3.33,3.33,3.31,3.31,3683
2013-04-22 00:00:00,3.38,3.48,3.15,3.48,18000
2013-04-19 00:00:00,,3.7,3.7,3.7,0
2013-04-18 00:00:00,3.7,3.7,3.7,3.7,1640
2013-04-17 00:00:00,3.4,3.6,3.39,3.6,12620
2013-04-16 00:00:00,3.31,3.4,3.31,3.4,6350
2013-04-15 00:00:00,,3.66,3.66,3.66,0
2013-04-12 00:00:00,3.31,3.67,3.31,3.66,10305
2013-04-11 00:00:00,3.47,3.47,3.47,3.47,450
2013-04-10 00:00:00,3.7,3.7,3.7,3.7,500
2013-04-09 00:00:00,3.74,3.74,3.74,3.74,2700
2013-04-08 00:00:00,3.61,3.73,3.61,3.61,15000
2013-04-05 00:00:00,3.7,3.75,3.65,3.65,36132
2013-04-04 00:00:00,3.65,3.7,3.65,3.7,10117
2013-04-03 00:00:00,3.75,3.79,3.75,3.79,15607
2013-04-02 00:00:00,3.8,3.8,3.6,3.73,11595
2013-04-01 00:00:00,,3.78,3.78,3.78,0
2013-03-29 00:00:00,3.74,3.78,3.78,3.78,11350
2013-03-28 00:00:00,3.74,3.75,3.7,3.75,11350
2013-03-27 00:00:00,3.74,3.75,3.7,3.75,11350
2013-03-26 00:00:00,,3.7,3.7,3.7,0
2013-03-25 00:00:00,3.68,3.8,3.68,3.7,20490
2013-03-22 00:00:00,3.81,3.81,3.81,3.81,10
2013-03-21 00:00:00,3.64,3.81,3.64,3.81,4635
2013-03-20 00:00:00,3.79,3.85,3.65,3.66,26165
2013-03-19 00:00:00,3.77,3.8,3.66,3.66,16060
2013-03-18 00:00:00,,3.78,3.78,3.78,0
2013-03-15 00:00:00,3.85,3.85,3.78,3.78,2400
2013-03-14 00:00:00,3.7,3.7,3.7,3.7,1000
2013-03-13 00:00:00,3.7,3.7,3.7,3.7,16933
2013-03-12 00:00:00,3.75,3.95,3.75,3.75,35008
2013-03-11 00:00:00,4.0,4.01,3.6,3.6,25184
2013-03-08 00:00:00,3.75,4.0,3.75,3.91,8847
2013-03-07 00:00:00,4.0,4.0,4.0,4.0,3
2013-03-06 00:00:00,,4.0,4.0,4.0,0
2013-03-05 00:00:00,3.8,4.0,3.8,4.0,7000
2013-03-04 00:00:00,3.99,4.01,3.99,4.01,7833
2013-03-01 00:00:00,,3.99,3.99,3.99,0
2013-02-28 00:00:00,,3.99,3.99,3.99,0
2013-02-27 00:00:00,,3.99,3.99,3.99,0
2013-02-26 00:00:00,3.97,3.99,3.97,3.99,1630
2013-02-25 00:00:00,4.0,4.0,4.0,4.0,400
2013-02-22 00:00:00,,4.01,4.01,4.01,0
2013-02-21 00:00:00,4.1,4.1,4.01,4.01,5000
2013-02-20 00:00:00,4.02,4.1,4.02,4.1,4200
2013-02-19 00:00:00,,4.0,4.0,4.0,0
2013-02-18 00:00:00,4.05,4.05,4.0,4.0,21710
2013-02-15 00:00:00,4.15,4.29,4.02,4.29,38466
2013-02-14 00:00:00,4.2,4.2,4.2,4.2,2950
2013-02-13 00:00:00,4.2,4.2,4.06,4.2,1500
2013-02-12 00:00:00,,4.3,4.3,4.3,0
2013-02-11 00:00:00,4.3,4.3,4.3,4.3,1500
2013-02-08 00:00:00,4.3,4.4,4.16,4.4,9907
2013-02-07 00:00:00,4.05,4.67,4.05,4.66,16750
2013-02-06 00:00:00,,4.49,4.49,4.49,0
2013-02-05 00:00:00,4.3,4.49,4.3,4.49,3367
2013-02-04 00:00:00,4.49,4.5,4.4,4.5,19524
2013-02-01 00:00:00,4.36,4.5,4.2,4.5,15915
2013-01-31 00:00:00,4.79,4.8,4.79,4.79,2120
2013-01-30 00:00:00,4.4,4.79,4.37,4.79,16802
2013-01-29 00:00:00,4.36,4.37,4.36,4.37,845
2013-01-28 00:00:00,4.4,4.48,4.3,4.35,15510
2013-01-25 00:00:00,4.25,4.34,4.25,4.34,9395
2013-01-24 00:00:00,4.39,4.39,4.14,4.14,19849
2013-01-23 00:00:00,4.09,4.39,4.09,4.1,54669
2013-01-22 00:00:00,,4.36,4.36,4.36,0
2013-01-21 00:00:00,4.37,4.37,4.26,4.36,15950
2013-01-18 00:00:00,3.99,4.35,3.9,4.2,2126739
2013-01-17 00:00:00,4.02,4.02,3.98,3.99,68120
2013-01-16 00:00:00,,4.01,4.01,4.01,0
2013-01-15 00:00:00,4.1,4.1,4.01,4.01,55320
2013-01-14 00:00:00,4.15,4.15,4.06,4.07,9470
2013-01-11 00:00:00,4.3,4.4,4.13,4.15,26178
2013-01-10 00:00:00,4.35,4.49,4.35,4.49,2910
2013-01-09 00:00:00,4.46,4.5,4.31,4.31,4876
2013-01-08 00:00:00,4.21,4.21,4.21,4.21,6000
2013-01-07 00:00:00,,4.35,4.35,4.35,0
2013-01-04 00:00:00,4.35,4.35,4.03,4.35,8614
2013-01-03 00:00:00,,4.48,4.48,4.48,0
2013-01-02 00:00:00,4.48,4.48,4.48,4.48,650
2013-01-01 00:00:00,,4.22,4.22,4.22,0
2012-12-31 00:00:00,,4.22,4.22,4.22,0
2012-12-28 00:00:00,4.21,4.22,4.21,4.22,3000
2012-12-27 00:00:00,4.2,4.21,4.16,4.21,7225
2012-12-26 00:00:00,,4.4,4.4,4.4,0
2012-12-25 00:00:00,,4.4,4.4,4.4,0
2012-12-24 00:00:00,,4.4,4.4,4.4,0
2012-12-21 00:00:00,4.2,4.4,4.2,4.4,7994
2012-12-20 00:00:00,4.2,4.21,4.2,4.21,9100
2012-12-19 00:00:00,4.25,4.43,4.15,4.37,9200
2012-12-18 00:00:00,,4.49,4.49,4.49,0
2012-12-17 00:00:00,4.5,4.5,4.25,4.49,18704
2012-12-14 00:00:00,4.35,4.35,4.33,4.35,20453
2012-12-13 00:00:00,4.46,4.5,4.46,4.5,3000
2012-12-12 00:00:00,,4.47,4.47,4.47,0
2012-12-11 00:00:00,4.63,4.63,4.47,4.47,11327
2012-12-10 00:00:00,4.46,4.6,4.46,4.6,5000
2012-12-07 00:00:00,4.51,4.51,4.51,4.51,200
2012-12-06 00:00:00,4.5,4.52,4.5,4.52,3808
2012-12-05 00:00:00,,4.7,4.7,4.7,0
2012-12-04 00:00:00,4.7,4.7,4.7,4.7,40
2012-12-03 00:00:00,,4.5,4.5,4.5,0
2012-11-30 00:00:00,4.5,4.5,4.5,4.5,4000
2012-11-29 00:00:00,4.4,4.4,4.3,4.3,9400
2012-11-28 00:00:00,,4.4,4.4,4.4,0
2012-11-27 00:00:00,4.4,4.4,4.4,4.4,4000
2012-11-26 00:00:00,4.71,4.71,4.6,4.7,5790
2012-11-23 00:00:00,4.75,4.8,4.75,4.79,18379
2012-11-22 00:00:00,4.15,4.7,4.15,4.7,5700
2012-11-21 00:00:00,,4.7,4.7,4.7,0
2012-11-20 00:00:00,,4.7,4.7,4.7,0
2012-11-19 00:00:00,,4.7,4.7,4.7,0
2012-11-16 00:00:00,4.1,4.8,4.1,4.7,3915
2012-11-15 00:00:00,4.8,4.8,4.79,4.8,4192
2012-11-14 00:00:00,4.8,4.8,4.8,4.8,11470
2012-11-13 00:00:00,5.0,5.0,5.0,5.0,500
2012-11-12 00:00:00,4.91,4.91,4.8,4.8,7836
2012-11-09 00:00:00,4.8,4.9,4.8,4.9,607
2012-11-08 00:00:00,,5.05,5.05,5.05,0
2012-11-07 00:00:00,5.0,5.05,5.0,5.05,5300
2012-11-06 00:00:00,4.84,5.05,4.7,5.0,8700
2012-11-05 00:00:00,5.1,5.1,4.88,4.88,6325
2012-11-02 00:00:00,5.05,5.1,5.05,5.1,13850
2012-11-01 00:00:00,5.1,5.1,4.55,5.1,11000
2012-10-31 00:00:00,5.0,5.0,5.0,5.0,3000
2012-10-30 00:00:00,5.0,5.0,5.0,5.0,7500
2012-10-29 00:00:00,4.69,5.0,4.69,4.99,8645
2012-10-26 00:00:00,4.9,4.9,4.5,4.85,11430
2012-10-25 00:00:00,4.6,5.0,4.6,5.0,2700
2012-10-24 00:00:00,5.0,5.1,5.0,5.1,6600
2012-10-23 00:00:00,4.9,5.0,4.9,5.0,12000
2012-10-22 00:00:00,4.88,4.9,4.88,4.9,8859
2012-10-19 00:00:00,4.88,4.97,4.6,4.88,42320
2012-10-18 00:00:00,4.68,5.0,4.5,4.88,47403
2012-10-17 00:00:00,4.23,4.68,4.23,4.68,1175
2012-10-16 00:00:00,4.2,4.68,4.2,4.68,2600
2012-10-15 00:00:00,4.65,4.68,4.65,4.68,3214
2012-10-12 00:00:00,4.2,4.68,4.18,4.68,6150
2012-10-11 00:00:00,4.34,4.7,4.34,4.7,856
2012-10-10 00:00:00,4.23,4.7,4.23,4.7,8500
2012-10-09 00:00:00,4.76,4.76,4.4,4.7,8550
2012-10-08 00:00:00,4.2,4.76,4.2,4.76,35853
2012-10-05 00:00:00,3.76,4.2,3.76,4.2,35514
2012-10-04 00:00:00,4.17,4.17,4.17,4.17,2100
2012-10-03 00:00:00,,4.17,4.17,4.17,0
2012-10-02 00:00:00,3.95,4.17,3.95,4.17,27056
2012-10-01 00:00:00,,4.18,4.18,4.18,0
2012-09-28 00:00:00,4.18,4.18,4.18,4.18,2000
2012-09-27 00:00:00,4.0,4.2,3.99,4.2,41805
2012-09-26 00:00:00,4.12,4.12,3.9,3.99,5700
2012-09-25 00:00:00,4.15,4.15,4.08,4.08,240
2012-09-24 00:00:00,4.08,4.08,4.08,4.08,400
2012-09-21 00:00:00,4.08,4.08,3.77,4.0,1800
2012-09-20 00:00:00,4.1,4.1,3.75,4.0,16415
2012-09-19 00:00:00,4.15,4.15,3.9,4.0,10658
2012-09-18 00:00:00,4.0,4.35,3.79,4.0,7389
2012-09-17 00:00:00,4.19,4.19,4.19,4.19,2380
2012-09-14 00:00:00,3.9,4.05,3.9,4.05,5235
2012-09-13 00:00:00,,4.14,4.14,4.14,0
2012-09-12 00:00:00,4.15,4.15,3.85,4.14,3517
2012-09-11 00:00:00,4.1,4.1,4.1,4.1,23000
2012-09-10 00:00:00,4.2,4.2,4.12,4.12,1047
