Dates,Open,High,Low,Close,Volume
2017-09-08 00:00:00,62.75,62.75,60.75,61.25,53611
2017-09-07 00:00:00,61.25,63.0,60.75,62.75,57109
2017-09-06 00:00:00,62.5,62.5,60.5,61.25,46977
2017-09-04 00:00:00,63.5,63.5,60.5,61.5,54712
2017-09-01 00:00:00,61.75,63.0,61.5,63.0,48478
2017-08-31 00:00:00,62.0,63.0,61.75,61.75,25249
2017-08-30 00:00:00,61.75,64.5,61.75,61.75,38571
2017-08-29 00:00:00,63.75,63.75,61.0,62.0,66359
2017-08-28 00:00:00,64.75,65.0,63.25,63.75,22834
2017-08-25 00:00:00,64.0,64.5,63.25,63.75,27240
2017-08-24 00:00:00,64.75,64.75,62.5,63.25,24729
2017-08-23 00:00:00,63.75,65.5,63.0,64.5,40332
2017-08-22 00:00:00,63.25,64.5,63.25,63.75,27709
2017-08-21 00:00:00,64.75,65.0,63.0,63.0,29833
2017-08-18 00:00:00,65.5,65.5,62.25,64.5,118206
2017-08-17 00:00:00,68.0,68.5,66.0,66.0,60040
2017-08-16 00:00:00,68.75,69.5,67.0,67.75,28136
2017-08-15 00:00:00,70.5,71.0,67.0,68.5,96570
2017-08-14 00:00:00,71.0,72.25,70.0,70.5,43449
2017-08-11 00:00:00,73.0,73.0,71.25,71.25,13575
2017-08-10 00:00:00,74.0,74.0,72.5,72.5,17254
2017-08-09 00:00:00,75.25,75.25,73.25,73.25,20808
2017-08-08 00:00:00,74.5,75.25,73.5,74.75,21510
2017-08-07 00:00:00,73.75,75.0,73.25,73.75,13641
2017-08-04 00:00:00,73.75,73.75,72.75,72.75,12722
2017-08-03 00:00:00,72.0,73.25,72.0,72.25,15203
2017-08-02 00:00:00,72.5,73.25,71.5,72.0,24411
2017-08-01 00:00:00,71.75,73.0,71.75,71.75,10412
2017-07-31 00:00:00,73.5,73.75,71.75,71.75,16214
2017-07-28 00:00:00,72.25,73.5,72.0,72.25,10845
2017-07-27 00:00:00,74.0,74.0,72.0,72.25,16615
2017-07-26 00:00:00,74.0,74.0,72.5,73.5,11150
2017-07-25 00:00:00,71.25,74.75,70.75,73.5,33595
2017-07-24 00:00:00,72.0,72.25,70.0,71.25,28350
2017-07-21 00:00:00,72.5,73.25,71.5,72.25,31146
2017-07-20 00:00:00,72.75,73.25,72.0,72.5,33657
2017-07-19 00:00:00,74.0,74.0,71.25,72.5,69521
2017-07-18 00:00:00,74.75,76.0,73.0,73.75,29542
2017-07-17 00:00:00,73.75,74.75,72.25,74.75,47953
2017-07-14 00:00:00,78.0,78.0,73.0,73.0,106923
2017-07-13 00:00:00,77.0,77.0,75.0,75.0,28760
2017-07-12 00:00:00,75.25,77.0,75.25,76.0,21204
2017-07-11 00:00:00,75.5,76.0,75.25,75.25,14225
2017-07-10 00:00:00,74.75,76.0,74.75,75.25,5616
2017-07-07 00:00:00,75.0,76.0,74.5,74.5,8984
2017-07-06 00:00:00,75.75,75.75,74.5,74.75,8120
2017-07-05 00:00:00,74.25,76.25,74.25,75.75,30645
2017-07-04 00:00:00,74.5,74.75,74.0,74.25,9314
2017-07-03 00:00:00,76.0,76.0,74.25,74.75,20746
2017-06-30 00:00:00,76.25,76.25,74.75,75.25,16813
2017-06-29 00:00:00,76.5,76.75,75.5,75.5,19231
2017-06-28 00:00:00,77.0,77.0,75.5,76.0,6871
2017-06-27 00:00:00,77.25,78.5,75.5,76.0,33810
2017-06-26 00:00:00,75.5,78.5,75.5,77.25,28665
2017-06-23 00:00:00,,76.5,76.5,76.5,0
2017-06-22 00:00:00,78.0,78.0,76.5,76.5,23415
2017-06-21 00:00:00,77.5,78.25,76.0,78.0,35137
2017-06-20 00:00:00,75.0,77.5,74.5,77.25,32408
2017-06-19 00:00:00,78.0,78.0,74.5,75.0,77541
2017-06-16 00:00:00,77.0,77.75,75.75,77.0,31596
2017-06-15 00:00:00,78.75,79.0,76.5,76.75,36605
2017-06-14 00:00:00,79.0,79.0,77.5,78.25,21769
2017-06-13 00:00:00,78.25,79.5,76.0,79.0,66585
2017-06-12 00:00:00,78.0,78.5,76.5,78.5,40995
2017-06-09 00:00:00,79.0,79.5,78.0,78.5,36949
2017-06-08 00:00:00,80.5,80.5,78.75,79.0,37193
2017-06-07 00:00:00,81.0,81.0,78.5,79.0,37012
2017-06-06 00:00:00,,79.75,79.75,79.75,0
2017-06-05 00:00:00,81.0,81.25,79.75,79.75,29597
2017-06-02 00:00:00,81.25,81.75,79.25,81.0,47604
2017-06-01 00:00:00,79.5,81.0,79.25,81.0,41823
2017-05-31 00:00:00,81.25,81.75,79.5,79.5,40773
2017-05-30 00:00:00,80.25,81.0,79.5,81.0,34236
2017-05-29 00:00:00,80.25,81.0,79.75,80.25,51446
2017-05-26 00:00:00,80.75,80.75,79.25,79.75,17799
2017-05-24 00:00:00,81.0,81.0,80.0,80.75,14663
2017-05-23 00:00:00,79.0,80.0,78.0,80.0,40980
2017-05-22 00:00:00,79.75,79.75,78.5,78.5,24303
2017-05-19 00:00:00,78.0,79.75,77.5,78.0,34444
2017-05-18 00:00:00,80.0,80.0,77.25,78.25,65993
2017-05-17 00:00:00,80.5,80.5,79.5,80.0,45314
2017-05-16 00:00:00,81.75,81.75,80.5,80.5,23945
2017-05-15 00:00:00,81.25,82.0,81.0,81.5,56260
2017-05-12 00:00:00,82.25,82.0,82.0,82.0,19376
2017-05-11 00:00:00,82.0,82.25,81.0,82.25,52183
2017-05-10 00:00:00,82.25,82.25,81.5,82.0,38635
2017-05-09 00:00:00,81.0,82.5,81.0,82.0,67328
2017-05-08 00:00:00,83.0,83.0,80.0,80.5,56646
2017-05-05 00:00:00,82.5,83.0,81.75,82.0,46911
2017-05-04 00:00:00,81.25,82.0,81.0,81.5,61198
2017-05-03 00:00:00,80.0,81.0,79.5,81.0,50429
2017-05-02 00:00:00,82.25,82.75,78.5,79.5,196022
2017-05-01 00:00:00,,82.0,82.0,82.0,0
2017-04-28 00:00:00,87.0,87.5,81.5,82.0,313732
2017-04-27 00:00:00,82.25,82.25,80.75,82.25,48943
2017-04-26 00:00:00,82.0,83.0,81.5,81.5,56516
2017-04-25 00:00:00,82.25,82.25,81.25,82.0,48151
2017-04-24 00:00:00,81.0,82.25,80.75,81.5,29204
2017-04-21 00:00:00,81.5,81.75,80.25,80.5,29780
2017-04-20 00:00:00,82.0,82.0,80.75,81.75,20877
2017-04-19 00:00:00,80.0,82.0,80.0,82.0,20474
2017-04-18 00:00:00,82.25,82.25,80.0,80.75,56079
2017-04-13 00:00:00,81.75,82.25,81.0,82.0,60445
2017-04-12 00:00:00,81.75,82.0,81.0,81.5,36461
2017-04-11 00:00:00,81.0,81.25,80.0,80.75,37967
2017-04-10 00:00:00,79.75,81.0,79.75,81.0,23579
2017-04-07 00:00:00,80.0,80.5,79.0,79.5,43481
2017-04-06 00:00:00,81.25,82.0,80.0,80.0,27881
2017-04-05 00:00:00,79.0,82.0,77.75,81.0,74940
2017-04-04 00:00:00,80.5,80.5,77.75,78.75,60665
2017-04-03 00:00:00,81.5,82.0,79.0,79.5,57477
2017-03-31 00:00:00,83.0,83.25,81.75,82.0,84223
2017-03-30 00:00:00,80.25,83.0,79.5,82.0,179064
2017-03-29 00:00:00,79.75,80.75,79.25,79.5,90263
2017-03-28 00:00:00,80.5,80.5,77.75,79.0,68435
2017-03-27 00:00:00,80.75,81.0,79.0,79.75,57908
2017-03-24 00:00:00,83.5,83.5,80.75,80.75,82931
2017-03-23 00:00:00,83.25,83.5,82.0,82.75,42761
2017-03-22 00:00:00,83.25,83.25,80.75,82.0,130110
2017-03-21 00:00:00,88.5,88.5,82.5,83.5,111016
2017-03-20 00:00:00,88.0,89.5,86.5,87.0,184457
2017-03-17 00:00:00,84.75,88.25,84.5,86.5,312330
2017-03-16 00:00:00,82.0,84.5,81.75,82.5,167682
2017-03-15 00:00:00,81.75,83.0,80.5,80.75,4659549
2017-03-14 00:00:00,88.5,90.5,88.0,89.75,32905
2017-03-13 00:00:00,91.5,91.5,87.0,87.75,84819
2017-03-10 00:00:00,89.5,91.5,91.5,91.5,92081
2017-03-09 00:00:00,88.0,93.5,88.0,89.5,164758
2017-03-08 00:00:00,80.5,88.0,80.5,87.0,203815
2017-03-07 00:00:00,79.25,79.25,77.5,78.75,12149
2017-03-06 00:00:00,80.75,80.75,78.25,79.25,21483
2017-03-03 00:00:00,80.0,80.25,80.25,80.25,9882
2017-03-02 00:00:00,81.0,81.5,78.75,80.25,26993
2017-03-01 00:00:00,81.0,82.0,80.0,80.0,27212
2017-02-28 00:00:00,77.5,80.0,76.0,80.0,40223
2017-02-27 00:00:00,78.0,79.0,77.0,77.5,17805
2017-02-24 00:00:00,79.75,79.75,76.75,77.5,51889
2017-02-23 00:00:00,81.5,82.0,78.0,79.5,59320
2017-02-22 00:00:00,83.0,83.25,79.5,81.0,85408
2017-02-21 00:00:00,80.25,82.0,79.5,81.0,104505
2017-02-20 00:00:00,78.0,80.0,77.5,79.25,88191
2017-02-17 00:00:00,74.0,77.5,73.75,77.0,141152
2017-02-16 00:00:00,72.25,73.75,71.75,73.75,111303
2017-02-15 00:00:00,71.5,72.25,71.0,71.5,251058
2017-02-14 00:00:00,71.0,71.25,70.25,70.75,79264
2017-02-13 00:00:00,70.5,71.5,70.25,70.25,150581
2017-02-10 00:00:00,72.5,73.0,69.25,70.25,218588
2017-02-09 00:00:00,70.75,71.0,69.75,70.25,63448
2017-02-08 00:00:00,70.25,71.0,70.25,70.75,11718
2017-02-07 00:00:00,71.5,71.5,69.75,70.75,41325
2017-02-06 00:00:00,72.0,72.0,70.0,70.75,13358
2017-02-03 00:00:00,70.75,70.75,70.0,70.5,33475
2017-02-02 00:00:00,74.0,74.25,70.75,70.75,26580
2017-02-01 00:00:00,71.5,73.0,71.0,72.75,30991
2017-01-31 00:00:00,70.25,72.0,69.5,70.25,8190
2017-01-30 00:00:00,69.5,70.25,69.25,69.75,4325
2017-01-27 00:00:00,70.0,70.0,68.5,70.0,13252
2017-01-26 00:00:00,70.0,70.25,68.5,70.0,47274
2017-01-25 00:00:00,70.0,70.75,69.0,70.0,20018
2017-01-24 00:00:00,73.5,73.5,69.0,70.75,26367
2017-01-23 00:00:00,73.0,73.0,71.5,72.5,10191
2017-01-20 00:00:00,73.0,73.0,70.75,72.5,17034
2017-01-19 00:00:00,74.0,74.0,72.75,73.5,18087
2017-01-18 00:00:00,74.75,74.75,73.5,74.0,11521
2017-01-17 00:00:00,74.5,75.5,73.25,73.5,20310
2017-01-16 00:00:00,76.75,76.75,73.0,74.0,19757
2017-01-13 00:00:00,75.0,76.0,74.25,75.5,16738
2017-01-12 00:00:00,76.0,76.0,74.25,74.5,16309
2017-01-11 00:00:00,76.75,76.75,74.5,74.5,25023
2017-01-10 00:00:00,76.0,76.0,73.75,75.25,24413
2017-01-09 00:00:00,77.25,77.25,75.75,76.0,28695
2017-01-06 00:00:00,,76.5,76.5,76.5,0
2017-01-05 00:00:00,77.5,77.5,76.0,76.5,7857
2017-01-04 00:00:00,78.0,78.0,75.0,76.75,48364
2017-01-03 00:00:00,76.75,77.75,76.75,77.0,35857
2017-01-02 00:00:00,76.75,78.75,75.0,76.75,31757
2016-12-30 00:00:00,77.75,77.75,76.5,76.75,11834
2016-12-29 00:00:00,78.0,78.0,76.0,77.0,7087
2016-12-28 00:00:00,77.75,78.25,76.25,76.5,32575
2016-12-27 00:00:00,80.0,80.0,77.75,77.75,12272
2016-12-23 00:00:00,79.5,79.5,77.75,78.25,14783
2016-12-22 00:00:00,81.0,81.0,77.5,77.75,31934
2016-12-21 00:00:00,78.0,80.75,77.0,79.5,31517
2016-12-20 00:00:00,77.0,78.0,75.75,76.5,17749
2016-12-19 00:00:00,76.5,77.0,75.25,77.0,24563
2016-12-16 00:00:00,76.0,76.5,75.25,76.0,10568
2016-12-15 00:00:00,77.5,78.0,74.75,75.25,44139
2016-12-14 00:00:00,79.0,79.0,77.75,78.5,12230
2016-12-13 00:00:00,78.75,78.75,78.0,78.75,24896
2016-12-12 00:00:00,78.75,78.75,77.0,77.25,23561
2016-12-09 00:00:00,78.75,79.0,77.0,77.5,23308
2016-12-08 00:00:00,78.5,79.25,77.0,77.5,19184
2016-12-07 00:00:00,79.25,80.0,75.5,76.0,50983
2016-12-06 00:00:00,81.0,83.0,78.0,79.0,34319
2016-12-05 00:00:00,85.0,85.0,80.5,81.0,22359
2016-12-02 00:00:00,85.0,85.0,82.5,82.5,25109
2016-12-01 00:00:00,85.0,85.0,83.0,83.5,32729
2016-11-30 00:00:00,86.0,86.0,84.0,84.0,24791
2016-11-29 00:00:00,83.0,85.0,83.0,84.5,43504
2016-11-28 00:00:00,86.0,86.0,82.0,82.0,33495
2016-11-25 00:00:00,86.0,87.0,84.5,84.5,33585
2016-11-24 00:00:00,85.5,86.0,81.75,83.75,62317
2016-11-23 00:00:00,79.25,87.75,79.25,85.0,155990
2016-11-22 00:00:00,75.25,79.0,75.25,77.75,49400
2016-11-21 00:00:00,78.0,78.0,74.25,75.25,44912
2016-11-18 00:00:00,78.0,79.0,77.0,78.0,29758
2016-11-17 00:00:00,78.5,79.0,77.0,78.25,18764
2016-11-16 00:00:00,78.0,79.0,75.5,77.5,280568
2016-11-15 00:00:00,77.0,78.0,76.25,77.75,11640
2016-11-14 00:00:00,78.0,78.0,76.0,76.0,15246
2016-11-11 00:00:00,77.5,77.5,76.5,77.0,17384
2016-11-10 00:00:00,77.0,79.0,76.0,77.5,33286
2016-11-09 00:00:00,68.5,75.0,68.25,75.0,87660
2016-11-08 00:00:00,75.5,76.5,75.5,76.0,29253
2016-11-07 00:00:00,75.0,77.0,74.25,75.25,51637
2016-11-04 00:00:00,75.0,75.0,73.75,73.75,13869
2016-11-03 00:00:00,74.0,75.0,71.0,74.25,51706
2016-11-02 00:00:00,79.5,80.0,71.25,75.0,65988
2016-11-01 00:00:00,79.0,80.5,75.5,78.25,131812
2016-10-31 00:00:00,64.5,75.0,64.5,74.25,184614
2016-10-28 00:00:00,60.5,62.0,59.25,61.25,16117
2016-10-27 00:00:00,58.0,60.5,58.0,60.5,11994
2016-10-26 00:00:00,60.0,60.0,58.25,59.25,7242
2016-10-25 00:00:00,59.0,59.75,58.25,58.25,6813
2016-10-24 00:00:00,61.25,61.25,59.0,59.5,9390
2016-10-21 00:00:00,59.25,60.0,59.0,59.25,8863
2016-10-20 00:00:00,60.5,60.5,59.25,59.5,3536
2016-10-19 00:00:00,60.0,60.75,58.5,60.75,8371
2016-10-18 00:00:00,57.75,59.5,57.5,59.25,13821
2016-10-17 00:00:00,57.0,58.75,57.0,57.75,2917
2016-10-14 00:00:00,57.0,57.5,56.25,57.5,4110
2016-10-13 00:00:00,56.25,57.25,56.0,57.0,11218
2016-10-12 00:00:00,58.5,58.5,55.5,58.25,41789
2016-10-11 00:00:00,60.5,60.5,57.0,58.5,28055
2016-10-10 00:00:00,60.0,61.0,58.5,60.5,43275
2016-10-07 00:00:00,61.5,61.5,60.0,61.5,18105
2016-10-06 00:00:00,62.0,62.5,60.5,62.0,22752
2016-10-05 00:00:00,63.5,63.5,62.5,63.25,2967
2016-10-04 00:00:00,63.0,64.0,63.0,63.5,4473
2016-10-03 00:00:00,64.0,64.0,63.0,63.0,5063
2016-09-30 00:00:00,63.5,64.75,62.0,63.5,13567
2016-09-29 00:00:00,61.5,64.5,61.0,64.5,10939
2016-09-28 00:00:00,62.75,63.25,59.0,61.5,16457
2016-09-27 00:00:00,62.0,64.0,61.75,62.75,13720
2016-09-26 00:00:00,63.75,64.0,63.0,63.0,16857
2016-09-23 00:00:00,62.0,64.25,62.0,63.25,18184
2016-09-22 00:00:00,61.0,62.0,59.75,62.0,25660
2016-09-21 00:00:00,59.0,61.5,58.75,61.5,18483
2016-09-20 00:00:00,57.75,58.75,57.75,58.75,23577
2016-09-19 00:00:00,57.75,57.75,57.25,57.75,8467
2016-09-16 00:00:00,57.5,57.5,56.5,57.5,11775
2016-09-15 00:00:00,57.75,57.75,56.0,56.75,8213
2016-09-14 00:00:00,56.5,57.0,55.5,56.0,9778
2016-09-13 00:00:00,56.0,56.25,55.0,55.5,19637
2016-09-12 00:00:00,55.0,55.75,53.25,55.0,16346
2016-09-09 00:00:00,56.5,56.5,54.25,54.25,31476
2016-09-08 00:00:00,56.0,56.5,55.75,55.75,4168
2016-09-07 00:00:00,56.0,56.5,56.0,56.0,4002
2016-09-06 00:00:00,55.5,56.25,55.25,56.0,1976
2016-09-05 00:00:00,56.0,56.5,55.0,55.5,13235
2016-09-02 00:00:00,56.5,56.5,55.25,56.0,5229
2016-09-01 00:00:00,56.0,56.75,55.0,55.0,9843
2016-08-31 00:00:00,56.5,56.5,55.5,56.0,13644
2016-08-30 00:00:00,58.0,58.0,56.25,56.5,14887
2016-08-29 00:00:00,55.0,58.0,54.25,58.0,40665
2016-08-26 00:00:00,54.25,54.75,53.5,53.75,6649
2016-08-25 00:00:00,54.75,55.0,54.25,54.25,7732
2016-08-24 00:00:00,54.0,55.0,53.75,55.0,23225
2016-08-23 00:00:00,53.0,54.25,51.75,54.0,17659
2016-08-22 00:00:00,52.5,54.5,52.5,53.75,17907
2016-08-19 00:00:00,51.5,53.5,51.5,53.25,15319
2016-08-18 00:00:00,50.5,53.25,50.5,53.25,9268
2016-08-17 00:00:00,53.0,54.0,51.0,53.25,14569
2016-08-16 00:00:00,52.0,53.0,51.0,52.75,26378
2016-08-15 00:00:00,50.0,52.0,49.2,52.0,32454
2016-08-12 00:00:00,51.0,51.0,49.8,49.8,4965
2016-08-11 00:00:00,51.0,51.0,49.1,50.5,5846
2016-08-10 00:00:00,49.2,49.9,48.7,49.9,6652
2016-08-09 00:00:00,50.0,50.25,49.3,49.3,17216
2016-08-08 00:00:00,49.0,50.25,49.0,50.25,7152
2016-08-05 00:00:00,51.0,51.25,49.7,50.5,6095
2016-08-04 00:00:00,51.25,51.25,48.5,49.8,6061
2016-08-03 00:00:00,51.5,51.75,51.25,51.25,3483
2016-08-02 00:00:00,51.5,51.75,51.0,51.25,10501
2016-08-01 00:00:00,51.0,51.25,50.5,50.75,40357
2016-07-29 00:00:00,47.8,49.5,47.2,49.5,14604
2016-07-28 00:00:00,47.5,47.8,46.7,47.1,6904
2016-07-27 00:00:00,46.6,47.5,46.5,46.5,6615
2016-07-26 00:00:00,46.7,47.8,46.5,47.4,7919
2016-07-25 00:00:00,47.9,47.9,46.3,46.7,18515
2016-07-22 00:00:00,46.1,47.1,46.1,46.9,8417
2016-07-21 00:00:00,46.7,46.9,46.0,46.9,9291
2016-07-20 00:00:00,45.7,47.5,45.6,46.7,38533
2016-07-19 00:00:00,47.0,47.3,45.0,46.0,40540
2016-07-18 00:00:00,49.1,49.2,45.2,46.5,41342
2016-07-15 00:00:00,52.0,53.5,49.0,49.0,36778
2016-07-14 00:00:00,51.0,51.0,49.2,50.25,19106
2016-07-13 00:00:00,49.4,51.0,49.3,50.5,15094
2016-07-12 00:00:00,48.9,50.5,48.9,49.3,10806
2016-07-11 00:00:00,49.7,49.7,48.8,49.4,5459
2016-07-08 00:00:00,49.5,49.9,49.4,49.7,1638
2016-07-07 00:00:00,48.0,49.7,48.0,49.2,9314
2016-07-06 00:00:00,47.0,48.7,47.0,47.9,7418
2016-07-05 00:00:00,49.5,49.6,48.3,49.2,20278
2016-07-04 00:00:00,46.2,48.5,46.2,48.5,10634
2016-07-01 00:00:00,47.0,47.1,45.3,45.3,5591
2016-06-30 00:00:00,46.4,46.4,44.5,45.2,13413
2016-06-29 00:00:00,44.6,46.6,44.6,46.0,26383
2016-06-28 00:00:00,40.6,44.4,40.6,44.4,26484
2016-06-27 00:00:00,38.0,40.7,37.0,40.6,45722
2016-06-24 00:00:00,,42.8,42.8,42.8,0
2016-06-23 00:00:00,42.5,43.5,42.0,42.8,5416
2016-06-22 00:00:00,42.0,43.5,42.0,43.4,11727
2016-06-21 00:00:00,44.0,44.0,42.8,42.8,12525
2016-06-20 00:00:00,43.7,43.7,41.7,43.4,21472
2016-06-17 00:00:00,42.0,43.7,42.0,43.7,16298
2016-06-16 00:00:00,42.0,43.5,41.3,41.8,19508
2016-06-15 00:00:00,42.4,43.0,41.0,41.2,10678
2016-06-14 00:00:00,43.1,43.3,42.1,42.4,98837
2016-06-13 00:00:00,43.0,43.5,40.0,43.0,33067
2016-06-10 00:00:00,46.5,46.5,43.5,45.8,21080
2016-06-09 00:00:00,47.8,47.8,45.8,46.1,28883
2016-06-08 00:00:00,48.0,48.7,47.5,48.0,6246
2016-06-07 00:00:00,49.0,49.6,47.1,47.9,18964
2016-06-06 00:00:00,,48.9,48.9,48.9,0
2016-06-03 00:00:00,50.0,50.75,48.5,48.9,23750
2016-06-02 00:00:00,52.0,52.0,49.9,50.0,30597
2016-06-01 00:00:00,52.5,53.5,51.75,52.0,20828
2016-05-31 00:00:00,52.75,53.75,52.75,52.75,8757
2016-05-30 00:00:00,54.0,54.0,52.75,52.75,11658
2016-05-27 00:00:00,53.75,54.25,53.5,54.25,3704
2016-05-26 00:00:00,53.75,54.75,53.75,54.25,6871
2016-05-25 00:00:00,54.75,54.75,53.75,53.75,2149
2016-05-24 00:00:00,53.0,54.25,52.75,54.25,7015
2016-05-23 00:00:00,53.0,53.75,52.75,53.25,7837
2016-05-20 00:00:00,54.5,55.0,54.25,54.25,2898
2016-05-19 00:00:00,54.0,54.0,52.0,53.0,18871
2016-05-18 00:00:00,54.75,55.5,54.0,55.5,4733
2016-05-17 00:00:00,54.25,54.75,53.75,54.75,3587
2016-05-16 00:00:00,53.75,54.0,53.0,53.0,1361
2016-05-13 00:00:00,53.25,53.75,52.5,53.5,1682
2016-05-12 00:00:00,52.25,53.0,52.25,53.0,2390
2016-05-11 00:00:00,52.0,53.0,51.75,53.0,9350
2016-05-10 00:00:00,53.0,53.25,52.0,53.0,2372
2016-05-09 00:00:00,55.0,55.0,53.0,53.25,3198
2016-05-06 00:00:00,52.5,55.5,52.5,53.0,3926
2016-05-05 00:00:00,53.0,53.5,51.5,52.5,16725
2016-05-04 00:00:00,53.0,53.5,51.5,52.5,16725
2016-05-03 00:00:00,54.0,54.5,53.5,54.0,7545
2016-05-02 00:00:00,54.5,55.75,54.25,54.5,10259
2016-04-29 00:00:00,54.5,56.0,54.25,55.25,16794
2016-04-28 00:00:00,57.0,57.0,55.75,56.0,7132
2016-04-27 00:00:00,57.0,57.25,56.0,56.75,10611
2016-04-26 00:00:00,58.0,58.75,56.25,56.75,7785
2016-04-25 00:00:00,56.75,57.75,56.25,56.5,15096
2016-04-22 00:00:00,58.25,59.0,58.0,58.0,17935
2016-04-21 00:00:00,60.0,60.25,58.0,58.25,58991
2016-04-20 00:00:00,57.25,60.0,57.25,60.0,97241
2016-04-19 00:00:00,56.25,56.5,55.25,56.5,15232
2016-04-18 00:00:00,54.5,56.25,54.5,56.25,15736
2016-04-15 00:00:00,56.0,56.0,54.25,54.5,13735
2016-04-14 00:00:00,55.0,56.25,54.75,56.0,12595
2016-04-13 00:00:00,55.5,55.5,55.0,55.5,8898
2016-04-12 00:00:00,55.5,55.5,54.25,55.5,9155
2016-04-11 00:00:00,55.5,56.25,55.25,55.5,7038
2016-04-08 00:00:00,55.5,55.5,54.5,54.5,5404
2016-04-07 00:00:00,55.75,55.75,55.0,55.0,3512
2016-04-06 00:00:00,55.75,55.75,55.0,55.0,2109
2016-04-05 00:00:00,56.0,56.0,54.75,54.75,8673
2016-04-04 00:00:00,55.0,56.25,54.5,55.5,18831
2016-04-01 00:00:00,56.25,56.25,55.0,55.75,8134
2016-03-31 00:00:00,55.75,55.75,54.0,54.75,6536
2016-03-30 00:00:00,55.0,55.5,54.25,55.0,8314
2016-03-29 00:00:00,53.75,54.75,53.25,54.75,14601
2016-03-28 00:00:00,56.25,56.25,54.75,54.75,7575
2016-03-25 00:00:00,56.25,56.25,54.0,54.75,7575
2016-03-24 00:00:00,56.25,56.25,54.0,54.75,7575
2016-03-23 00:00:00,56.25,56.25,54.75,54.75,13041
2016-03-22 00:00:00,56.25,56.25,55.5,56.25,3278
2016-03-21 00:00:00,56.5,56.5,55.25,56.25,7535
2016-03-18 00:00:00,57.0,58.0,56.0,56.5,24118
2016-03-17 00:00:00,56.75,56.75,54.75,56.0,7956
2016-03-16 00:00:00,57.75,57.75,54.75,54.75,21531
2016-03-15 00:00:00,57.5,57.5,56.25,57.25,10614
2016-03-14 00:00:00,57.75,57.75,56.75,56.75,7736
2016-03-11 00:00:00,57.5,57.75,56.0,57.25,35227
2016-03-10 00:00:00,57.5,57.5,56.25,56.25,10474
2016-03-09 00:00:00,54.5,58.5,54.5,57.25,45626
2016-03-08 00:00:00,54.5,54.75,53.75,53.75,15002
2016-03-07 00:00:00,55.0,55.0,53.75,53.75,11110
2016-03-04 00:00:00,54.25,55.0,53.0,54.5,35831
2016-03-03 00:00:00,54.5,54.5,53.25,53.5,8991
2016-03-02 00:00:00,54.5,54.75,53.25,53.25,18439
2016-03-01 00:00:00,55.25,55.25,53.5,53.5,27366
2016-02-29 00:00:00,55.75,55.75,53.5,54.25,11787
2016-02-26 00:00:00,56.0,56.0,54.0,54.0,26884
2016-02-25 00:00:00,56.0,56.25,53.75,55.0,22735
2016-02-24 00:00:00,55.75,56.25,55.0,55.25,7491
2016-02-23 00:00:00,56.75,56.75,55.0,55.0,41040
2016-02-22 00:00:00,56.75,58.0,56.0,56.75,25098
2016-02-19 00:00:00,57.0,57.0,55.0,55.25,25609
2016-02-18 00:00:00,59.0,59.5,55.5,55.75,72367
2016-02-17 00:00:00,55.0,59.0,55.0,58.0,75581
2016-02-16 00:00:00,55.0,57.0,52.75,53.75,74992
2016-02-15 00:00:00,52.0,53.0,48.7,52.75,87389
2016-02-12 00:00:00,47.0,51.25,47.0,47.6,37327
2016-02-11 00:00:00,47.0,47.0,44.1,44.1,12905
2016-02-10 00:00:00,45.5,46.9,45.5,46.0,12168
2016-02-09 00:00:00,47.0,47.3,44.0,44.7,13492
2016-02-08 00:00:00,48.5,49.3,46.2,47.5,9502
2016-02-05 00:00:00,48.0,48.0,46.9,47.9,6600
2016-02-04 00:00:00,48.1,48.1,46.6,46.9,5498
2016-02-03 00:00:00,48.7,49.6,47.5,48.1,10973
2016-02-02 00:00:00,50.5,50.5,49.5,49.7,5771
2016-02-01 00:00:00,50.0,52.0,49.8,49.9,7154
2016-01-29 00:00:00,50.0,51.0,49.1,49.7,6339
2016-01-28 00:00:00,49.9,49.9,48.6,49.1,6760
2016-01-27 00:00:00,48.5,49.5,48.2,48.9,8998
2016-01-26 00:00:00,46.7,48.3,46.7,48.2,7941
2016-01-25 00:00:00,47.0,47.0,46.7,46.7,6106
2016-01-22 00:00:00,50.75,50.75,44.2,45.9,26867
2016-01-21 00:00:00,47.4,48.3,45.4,45.6,13616
2016-01-20 00:00:00,49.0,49.0,46.0,46.9,12963
2016-01-19 00:00:00,46.2,48.6,46.2,46.7,14259
2016-01-18 00:00:00,46.0,47.0,44.7,45.3,20224
2016-01-15 00:00:00,50.5,50.5,46.6,47.3,23215
2016-01-14 00:00:00,51.0,51.0,49.0,50.0,15982
2016-01-13 00:00:00,52.75,52.75,50.75,50.75,11471
2016-01-12 00:00:00,52.0,54.0,51.25,51.25,20613
2016-01-11 00:00:00,55.75,55.75,50.75,51.25,17868
2016-01-08 00:00:00,54.5,55.0,52.5,53.5,18294
2016-01-07 00:00:00,53.0,54.0,50.25,52.25,37289
2016-01-06 00:00:00,,55.0,55.0,55.0,0
2016-01-05 00:00:00,54.0,55.0,54.0,55.0,13173
2016-01-04 00:00:00,54.0,54.25,52.25,53.5,30050
2016-01-01 00:00:00,,52.25,52.25,52.25,0
2015-12-31 00:00:00,,52.25,52.25,52.25,0
2015-12-30 00:00:00,52.75,52.75,52.25,52.25,5825
2015-12-29 00:00:00,51.0,52.5,50.75,52.0,20161
2015-12-28 00:00:00,50.5,51.0,49.7,50.75,21469
2015-12-25 00:00:00,50.5,50.75,49.7,50.5,12769
2015-12-24 00:00:00,50.5,50.75,49.7,50.5,12769
2015-12-23 00:00:00,50.5,50.75,49.7,50.5,12769
2015-12-22 00:00:00,51.0,51.0,49.4,50.5,19261
2015-12-21 00:00:00,51.0,51.0,48.7,49.1,11691
2015-12-18 00:00:00,52.0,52.0,48.7,50.5,17284
2015-12-17 00:00:00,50.0,52.0,47.4,47.6,40182
2015-12-16 00:00:00,48.4,49.6,48.3,49.6,18049
2015-12-15 00:00:00,48.2,49.8,46.4,47.5,32721
2015-12-14 00:00:00,53.0,53.0,46.0,48.7,54700
2015-12-11 00:00:00,55.0,55.0,51.75,54.0,11796
2015-12-10 00:00:00,53.0,55.0,50.75,55.0,27459
2015-12-09 00:00:00,54.75,55.0,52.5,53.75,22618
2015-12-08 00:00:00,56.25,56.75,54.25,55.25,26633
2015-12-07 00:00:00,58.75,58.75,56.0,57.0,19055
2015-12-04 00:00:00,59.0,59.0,57.25,57.75,12196
2015-12-03 00:00:00,57.75,58.75,57.0,57.0,16898
2015-12-02 00:00:00,58.5,58.5,56.5,57.75,20332
2015-12-01 00:00:00,58.0,58.75,56.5,58.25,35215
2015-11-30 00:00:00,60.0,60.0,57.0,58.0,25656
2015-11-27 00:00:00,57.0,57.5,56.5,56.75,20571
2015-11-26 00:00:00,57.0,57.0,55.5,56.5,11943
2015-11-25 00:00:00,56.0,56.25,55.25,55.75,14966
2015-11-24 00:00:00,56.5,56.75,54.5,55.5,24445
2015-11-23 00:00:00,55.75,56.0,55.25,56.0,21952
2015-11-20 00:00:00,55.5,56.75,55.25,56.25,18701
2015-11-19 00:00:00,57.25,57.25,55.25,56.5,46196
2015-11-18 00:00:00,56.5,57.75,56.0,56.75,21129
2015-11-17 00:00:00,57.0,57.0,56.0,56.0,20873
2015-11-16 00:00:00,55.5,56.75,55.5,56.0,21283
2015-11-13 00:00:00,56.5,57.5,54.5,55.5,37475
2015-11-12 00:00:00,52.5,56.25,52.0,56.25,115654
2015-11-11 00:00:00,52.5,53.0,50.5,51.0,39284
2015-11-10 00:00:00,50.0,51.75,49.2,51.5,29082
2015-11-09 00:00:00,52.0,52.0,49.2,50.5,53885
2015-11-06 00:00:00,53.0,53.0,51.75,51.75,43870
2015-11-05 00:00:00,50.5,52.5,50.5,51.75,59346
2015-11-04 00:00:00,52.5,52.5,49.1,50.0,111038
2015-11-03 00:00:00,54.5,54.75,51.5,52.5,71445
2015-11-02 00:00:00,55.5,56.0,52.0,54.5,114519
2015-10-30 00:00:00,58.75,59.25,53.5,56.5,86524
2015-10-29 00:00:00,60.5,62.5,53.25,58.5,205849
2015-10-28 00:00:00,57.5,65.0,57.5,60.0,160420
2015-10-27 00:00:00,58.75,58.75,57.0,57.0,126153
2015-10-26 00:00:00,51.0,55.5,49.7,55.5,205876
2015-10-23 00:00:00,45.5,51.0,45.5,48.6,111242
2015-10-22 00:00:00,45.0,45.0,44.4,44.7,27414
2015-10-21 00:00:00,44.9,44.9,42.5,44.7,54921
2015-10-20 00:00:00,43.8,44.5,43.2,44.0,33593
2015-10-19 00:00:00,45.0,45.0,43.7,43.7,66052
2015-10-16 00:00:00,42.2,43.8,42.2,43.8,83226
2015-10-15 00:00:00,40.2,43.7,39.9,40.6,119376
2015-10-14 00:00:00,44.6,45.0,39.4,40.0,142310
2015-10-13 00:00:00,39.3,43.1,38.9,43.1,217306
2015-10-12 00:00:00,35.9,40.7,34.5,38.0,293761
2015-10-09 00:00:00,34.0,34.0,33.3,33.4,12635
2015-10-08 00:00:00,33.5,34.0,33.0,33.9,875
2015-10-07 00:00:00,34.4,34.4,33.8,34.0,3465
2015-10-06 00:00:00,34.5,34.5,33.9,34.3,10002
2015-10-05 00:00:00,34.5,34.5,34.1,34.3,9922
2015-10-02 00:00:00,34.2,34.4,33.8,34.2,171504
2015-10-01 00:00:00,34.3,34.5,33.5,34.0,5140
2015-09-30 00:00:00,33.6,34.2,33.6,34.2,559352
2015-09-29 00:00:00,32.5,33.5,32.5,33.5,12408
2015-09-28 00:00:00,33.2,33.2,33.0,33.1,6002
2015-09-25 00:00:00,32.1,33.1,31.7,33.1,8838
2015-09-24 00:00:00,32.5,33.2,32.5,32.8,11538
2015-09-23 00:00:00,31.9,32.6,31.9,32.4,7284
2015-09-22 00:00:00,32.5,32.5,31.9,31.9,4472
2015-09-21 00:00:00,33.9,33.9,32.4,32.4,3172
2015-09-18 00:00:00,33.1,33.9,31.6,33.9,9381
2015-09-17 00:00:00,32.9,32.9,32.3,32.9,4500
2015-09-16 00:00:00,32.8,33.0,32.6,32.6,1656
2015-09-15 00:00:00,32.3,33.4,32.2,33.3,6455
2015-09-14 00:00:00,34.4,34.4,32.0,32.0,13919
2015-09-11 00:00:00,33.7,34.2,33.7,34.2,3032
2015-09-10 00:00:00,34.2,34.2,33.6,34.2,204
2015-09-09 00:00:00,34.6,34.7,34.2,34.2,5510
2015-09-08 00:00:00,34.0,35.0,33.3,34.6,6860
2015-09-07 00:00:00,35.0,35.0,33.5,33.5,10575
2015-09-04 00:00:00,32.5,35.0,32.5,35.0,301200
2015-09-03 00:00:00,31.9,32.5,31.7,32.5,61660
2015-09-02 00:00:00,30.8,31.5,30.8,31.5,30375
2015-09-01 00:00:00,31.6,31.6,30.8,30.8,4142
2015-08-31 00:00:00,31.9,31.9,31.0,31.3,2525
2015-08-28 00:00:00,31.9,31.9,31.9,31.9,500
2015-08-27 00:00:00,31.5,31.9,31.2,31.9,3813
2015-08-26 00:00:00,31.5,31.8,31.2,31.2,199
2015-08-25 00:00:00,30.5,31.4,30.5,31.4,5091
2015-08-24 00:00:00,32.0,32.0,30.0,30.8,46363
2015-08-21 00:00:00,32.7,32.7,32.0,32.0,7529
2015-08-20 00:00:00,32.5,33.7,32.1,32.7,8622
2015-08-19 00:00:00,34.0,34.5,31.0,32.5,6375
2015-08-18 00:00:00,35.0,35.5,34.3,34.5,6919
2015-08-17 00:00:00,35.0,35.4,34.9,35.2,8346
2015-08-14 00:00:00,33.5,33.6,33.5,33.6,3538
2015-08-13 00:00:00,34.2,34.2,33.4,34.0,1365
2015-08-12 00:00:00,33.3,34.2,33.3,34.2,1940
2015-08-11 00:00:00,33.9,33.9,33.3,33.3,8689
2015-08-10 00:00:00,33.5,33.9,33.5,33.5,1143
2015-08-07 00:00:00,33.8,33.8,33.4,33.5,844
2015-08-06 00:00:00,33.8,33.8,33.8,33.8,317
2015-08-05 00:00:00,33.5,34.0,33.5,34.0,4290
2015-08-04 00:00:00,34.6,34.6,33.8,33.8,14684
2015-08-03 00:00:00,35.0,35.4,35.0,35.1,1358
2015-07-31 00:00:00,35.0,35.4,35.0,35.4,3365
2015-07-30 00:00:00,35.2,35.2,35.0,35.0,5230
2015-07-29 00:00:00,35.0,35.0,34.8,34.8,6701
2015-07-28 00:00:00,34.4,35.0,34.4,35.0,14383
2015-07-27 00:00:00,35.5,35.5,34.3,34.4,5540
2015-07-24 00:00:00,35.4,35.5,34.8,35.5,8222
2015-07-23 00:00:00,34.7,35.5,34.7,35.3,9809
2015-07-22 00:00:00,34.3,34.7,33.8,34.7,10591
2015-07-21 00:00:00,34.2,35.0,33.8,34.3,19106
2015-07-20 00:00:00,33.2,33.2,32.8,33.2,5580
2015-07-17 00:00:00,33.2,33.9,33.1,33.2,19701
2015-07-16 00:00:00,33.7,36.0,32.8,35.9,9315
2015-07-15 00:00:00,33.4,33.4,30.0,32.8,12807
2015-07-14 00:00:00,35.0,35.0,32.6,33.4,7217
2015-07-13 00:00:00,35.0,35.0,30.5,32.4,4993
2015-07-10 00:00:00,31.5,32.5,31.3,32.5,6085
2015-07-09 00:00:00,31.3,31.8,31.0,31.0,7095
2015-07-08 00:00:00,30.4,30.4,30.2,30.3,4508
2015-07-07 00:00:00,30.8,30.8,29.9,30.8,832
2015-07-06 00:00:00,29.0,30.8,28.6,30.8,6249
2015-07-03 00:00:00,31.0,31.0,30.9,31.0,1331
2015-07-02 00:00:00,31.0,31.2,31.0,31.2,2431
2015-07-01 00:00:00,30.9,31.0,30.9,31.0,900
2015-06-30 00:00:00,29.6,30.9,28.5,30.9,13862
2015-06-29 00:00:00,30.0,30.6,29.8,30.3,20330
2015-06-26 00:00:00,30.5,31.0,30.5,31.0,1321
2015-06-25 00:00:00,30.1,31.0,30.1,30.9,11306
2015-06-24 00:00:00,31.0,31.0,30.4,31.0,14694
2015-06-23 00:00:00,32.0,32.0,31.5,31.9,605
2015-06-22 00:00:00,31.8,31.9,31.5,31.5,11526
2015-06-19 00:00:00,,30.5,30.5,30.5,0
2015-06-18 00:00:00,30.8,30.8,30.5,30.5,7700
2015-06-17 00:00:00,32.0,32.0,30.3,30.3,848
2015-06-16 00:00:00,30.1,30.6,29.5,30.5,11794
2015-06-15 00:00:00,33.0,33.0,30.9,30.9,13288
2015-06-12 00:00:00,32.8,33.4,31.5,33.4,19279
2015-06-11 00:00:00,31.0,33.4,31.0,33.4,1036
2015-06-10 00:00:00,32.5,33.4,32.0,32.0,15386
2015-06-09 00:00:00,31.0,32.3,31.0,32.3,10250
2015-06-08 00:00:00,33.9,33.9,32.3,32.3,569
2015-06-05 00:00:00,34.0,34.0,32.3,32.7,14118
2015-06-04 00:00:00,33.6,34.0,33.0,33.0,4778
2015-06-03 00:00:00,34.7,34.7,33.9,34.1,27351
2015-06-02 00:00:00,34.5,34.7,34.5,34.5,35109
2015-06-01 00:00:00,34.1,35.5,34.0,35.0,25695
2015-05-29 00:00:00,34.3,34.4,34.3,34.3,5906
2015-05-28 00:00:00,33.8,34.5,33.2,34.3,14556
2015-05-27 00:00:00,34.2,36.0,33.8,34.5,45221
2015-05-26 00:00:00,35.4,35.6,33.2,34.9,18161
2015-05-25 00:00:00,35.9,36.2,35.2,35.7,14904
2015-05-22 00:00:00,36.0,36.1,36.0,36.1,2752
2015-05-21 00:00:00,36.4,36.5,35.8,36.0,7788
2015-05-20 00:00:00,36.6,36.6,36.0,36.0,18399
2015-05-19 00:00:00,35.5,36.6,35.5,36.0,11621
2015-05-18 00:00:00,35.0,37.7,35.0,36.2,28029
2015-05-15 00:00:00,35.0,35.0,34.2,34.4,7465
2015-05-14 00:00:00,34.2,34.4,34.0,34.4,21162
2015-05-13 00:00:00,34.2,34.4,34.0,34.4,21162
2015-05-12 00:00:00,35.9,35.9,34.0,34.1,28688
2015-05-11 00:00:00,35.0,35.5,35.0,35.5,6425
2015-05-08 00:00:00,33.1,34.8,33.1,34.7,23655
2015-05-07 00:00:00,34.0,34.4,33.8,34.2,6900
2015-05-06 00:00:00,35.0,35.4,34.7,34.7,8030
2015-05-05 00:00:00,35.8,36.4,35.1,35.2,11731
2015-05-04 00:00:00,35.6,36.3,35.6,36.3,5561
2015-05-01 00:00:00,36.2,36.8,36.1,36.4,4765
2015-04-30 00:00:00,36.2,36.8,36.1,36.4,4765
2015-04-29 00:00:00,37.2,37.7,36.4,36.6,35689
2015-04-28 00:00:00,38.2,38.2,37.0,37.7,66388
2015-04-27 00:00:00,38.0,38.4,36.5,37.3,100476
2015-04-24 00:00:00,38.0,38.0,37.3,37.9,333190
2015-04-23 00:00:00,39.4,39.5,38.5,38.5,11819
2015-04-22 00:00:00,38.8,39.4,38.3,38.5,17096
2015-04-21 00:00:00,38.1,38.7,38.0,38.3,40130
2015-04-20 00:00:00,38.6,38.6,37.1,37.5,13895
2015-04-17 00:00:00,37.8,37.8,37.1,37.1,5154
2015-04-16 00:00:00,38.1,38.7,37.5,38.0,18597
2015-04-15 00:00:00,38.1,38.8,37.5,38.1,41259
2015-04-14 00:00:00,39.3,39.3,38.1,38.1,15290
2015-04-13 00:00:00,39.8,39.8,39.0,39.4,7640
2015-04-10 00:00:00,39.4,39.8,39.2,39.8,18886
2015-04-09 00:00:00,39.5,39.5,38.5,39.4,23532
2015-04-08 00:00:00,38.6,39.8,38.6,39.8,22816
2015-04-07 00:00:00,39.8,39.8,38.5,39.8,36745
2015-04-02 00:00:00,39.9,40.0,39.4,39.9,7704
2015-04-01 00:00:00,40.0,40.0,38.5,39.9,45233
2015-03-31 00:00:00,40.1,40.3,38.7,40.2,51046
2015-03-30 00:00:00,41.5,41.5,39.8,40.2,40519
2015-03-27 00:00:00,42.5,42.5,40.5,41.8,27389
2015-03-26 00:00:00,40.0,43.0,38.6,42.5,89873
2015-03-25 00:00:00,38.5,40.0,37.8,40.0,69000
2015-03-24 00:00:00,37.0,38.6,36.5,38.5,54985
2015-03-23 00:00:00,35.2,37.0,35.2,36.3,89692
2015-03-20 00:00:00,34.5,34.5,33.8,34.2,59106
2015-03-19 00:00:00,34.0,34.8,34.0,34.2,6500
2015-03-18 00:00:00,35.1,35.1,33.3,34.5,28591
2015-03-17 00:00:00,33.6,34.0,33.2,33.8,12224
2015-03-16 00:00:00,33.3,35.0,33.3,34.8,23221
2015-03-13 00:00:00,32.9,33.4,32.9,33.4,3145
2015-03-12 00:00:00,32.5,34.5,32.5,33.4,11778
2015-03-11 00:00:00,33.2,34.5,32.6,34.5,6708
2015-03-10 00:00:00,32.3,33.2,32.3,33.2,10371
2015-03-09 00:00:00,33.9,33.9,33.1,33.1,18475
2015-03-06 00:00:00,33.1,34.2,33.0,33.9,41905
2015-03-05 00:00:00,32.5,34.8,32.5,33.9,28905
2015-03-04 00:00:00,33.3,34.0,32.5,33.8,30896
2015-03-03 00:00:00,35.4,35.4,34.0,34.0,44472
2015-03-02 00:00:00,36.0,36.0,34.5,35.5,18598
2015-02-27 00:00:00,35.0,36.0,35.0,36.0,16042
2015-02-26 00:00:00,35.9,36.0,35.4,36.0,15837
2015-02-25 00:00:00,37.0,37.0,35.4,36.0,21678
2015-02-24 00:00:00,34.4,37.0,34.4,37.0,29759
2015-02-23 00:00:00,35.9,36.0,35.2,35.7,34818
2015-02-20 00:00:00,34.0,35.8,34.0,35.2,235488
2015-02-19 00:00:00,34.0,34.7,33.8,34.0,53872
2015-02-18 00:00:00,33.0,34.5,32.8,34.0,98606
2015-02-17 00:00:00,32.6,33.0,32.1,33.0,18622
2015-02-16 00:00:00,33.0,33.0,32.1,33.0,13900
2015-02-13 00:00:00,33.0,33.0,32.1,32.2,17193
2015-02-12 00:00:00,31.7,32.5,31.7,32.5,44252
2015-02-11 00:00:00,32.0,32.0,31.4,32.0,10545
2015-02-10 00:00:00,31.5,32.0,30.3,32.0,26225
2015-02-09 00:00:00,32.0,32.0,31.7,31.7,10414
2015-02-06 00:00:00,32.4,32.4,32.0,32.0,4972
2015-02-05 00:00:00,31.3,31.9,31.3,31.9,9010
2015-02-04 00:00:00,32.3,32.3,31.2,31.2,20584
2015-02-03 00:00:00,31.7,32.4,31.7,32.3,9867
2015-02-02 00:00:00,31.9,31.9,31.5,31.7,11290
2015-01-30 00:00:00,31.0,32.2,31.0,32.0,49400
2015-01-29 00:00:00,31.3,31.5,30.8,31.5,25944
2015-01-28 00:00:00,31.0,31.0,30.2,31.0,10769
2015-01-27 00:00:00,31.0,31.3,30.6,31.0,22239
2015-01-26 00:00:00,32.0,32.0,30.9,30.9,53036
2015-01-23 00:00:00,29.9,31.2,29.0,30.6,39513
2015-01-22 00:00:00,27.5,30.0,27.5,30.0,74411
2015-01-21 00:00:00,27.2,27.3,27.0,27.0,10677
2015-01-20 00:00:00,26.5,27.8,26.5,27.7,7029
2015-01-19 00:00:00,27.0,27.2,26.4,26.7,8242
2015-01-16 00:00:00,27.5,27.9,27.3,27.6,6576
2015-01-15 00:00:00,26.5,27.6,26.5,27.5,8768
2015-01-14 00:00:00,27.2,27.3,26.5,26.5,10675
2015-01-13 00:00:00,27.4,27.7,27.2,27.2,10464
2015-01-12 00:00:00,27.3,27.6,27.1,27.4,18857
2015-01-09 00:00:00,27.0,27.1,26.6,26.6,6171
2015-01-08 00:00:00,27.7,27.7,26.6,26.9,35272
2015-01-07 00:00:00,27.7,27.7,27.2,27.7,5483
2015-01-06 00:00:00,,27.8,27.8,27.8,0
2015-01-05 00:00:00,28.0,28.1,27.7,27.8,11161
2015-01-02 00:00:00,27.4,27.7,27.2,27.6,3900
2015-01-01 00:00:00,27.4,27.4,26.5,27.3,15248
2014-12-30 00:00:00,27.4,27.4,26.5,27.3,15248
2014-12-29 00:00:00,27.8,27.9,26.2,27.4,60902
2014-12-23 00:00:00,27.8,28.0,27.8,28.0,7582
2014-12-22 00:00:00,28.5,28.5,27.0,28.0,26590
2014-12-19 00:00:00,26.9,27.3,26.2,27.1,27300
2014-12-18 00:00:00,26.2,26.8,26.0,26.8,27026
2014-12-17 00:00:00,26.2,26.6,26.0,26.1,16518
2014-12-16 00:00:00,27.1,27.1,26.9,26.9,9587
2014-12-15 00:00:00,26.5,27.4,26.5,27.0,13424
2014-12-12 00:00:00,27.2,27.5,26.8,26.8,10770
2014-12-11 00:00:00,27.2,27.3,27.2,27.2,16274
2014-12-10 00:00:00,27.3,27.9,27.1,27.2,7235
2014-12-09 00:00:00,27.4,27.8,27.3,27.3,9719
2014-12-08 00:00:00,27.6,27.9,27.6,27.9,6950
2014-12-05 00:00:00,27.0,28.1,27.0,28.0,17998
2014-12-04 00:00:00,27.8,27.9,26.7,27.0,13100
2014-12-03 00:00:00,27.5,27.8,27.4,27.8,15988
2014-12-02 00:00:00,28.4,28.4,27.4,27.4,10593
2014-12-01 00:00:00,28.1,28.1,27.4,27.4,8159
2014-11-28 00:00:00,28.3,28.5,28.3,28.4,5000
2014-11-27 00:00:00,28.0,28.5,27.3,28.5,11052
2014-11-26 00:00:00,28.0,28.6,28.0,28.1,7130
2014-11-25 00:00:00,28.1,28.1,28.0,28.1,2099
2014-11-24 00:00:00,27.8,28.5,27.7,28.0,21340
2014-11-21 00:00:00,26.5,28.5,26.5,27.8,37533
2014-11-20 00:00:00,28.0,28.0,27.6,27.7,6274
2014-11-19 00:00:00,28.1,28.2,27.5,27.7,57507
2014-11-18 00:00:00,26.7,28.2,26.7,27.5,226698
2014-11-17 00:00:00,27.0,27.0,26.2,26.8,13701
2014-11-14 00:00:00,26.5,26.8,26.4,26.8,7450
2014-11-13 00:00:00,27.1,27.2,26.5,26.7,12257
2014-11-12 00:00:00,27.6,27.6,26.9,26.9,3991
2014-11-11 00:00:00,27.1,27.5,26.5,27.0,239838
2014-11-10 00:00:00,27.9,27.9,27.5,27.6,4210
2014-11-07 00:00:00,27.0,27.8,26.6,27.3,6743
2014-11-06 00:00:00,27.0,27.5,26.0,26.5,24977
2014-11-05 00:00:00,28.1,28.1,27.4,27.5,9845
2014-11-04 00:00:00,29.2,29.2,27.9,28.1,7000
2014-11-03 00:00:00,28.9,28.9,27.7,28.3,2852
2014-10-31 00:00:00,27.8,28.2,27.6,27.6,7301
2014-10-30 00:00:00,27.5,28.1,27.4,27.5,4577
2014-10-29 00:00:00,28.0,28.1,27.4,28.1,22170
2014-10-28 00:00:00,28.4,28.4,27.3,27.6,19703
2014-10-24 00:00:00,26.0,28.2,26.0,28.2,18528
2014-10-23 00:00:00,26.5,27.0,26.5,26.6,5884
2014-10-22 00:00:00,26.3,26.4,26.0,26.4,4697
2014-10-21 00:00:00,25.1,26.0,25.1,25.2,5000
2014-10-20 00:00:00,24.2,25.1,24.1,25.0,2620
2014-10-17 00:00:00,23.0,24.0,23.0,23.5,4350
2014-10-16 00:00:00,23.0,23.2,22.9,23.0,12270
2014-10-15 00:00:00,23.5,23.5,23.2,23.2,10090
2014-10-14 00:00:00,23.0,23.2,23.0,23.2,3962
2014-10-13 00:00:00,23.6,23.6,22.0,23.2,25084
2014-10-10 00:00:00,25.4,25.4,23.5,23.6,10550
2014-10-09 00:00:00,25.6,26.1,25.4,25.4,2662
2014-10-08 00:00:00,25.3,25.4,25.0,25.3,12866
2014-10-07 00:00:00,26.5,27.4,25.1,25.9,20053
2014-10-06 00:00:00,26.8,27.7,26.7,27.7,2325
2014-10-03 00:00:00,27.4,28.0,26.8,27.7,3669
2014-10-02 00:00:00,28.6,28.6,27.1,27.9,3032
2014-10-01 00:00:00,28.1,28.2,27.9,28.2,1985
2014-09-30 00:00:00,28.1,28.9,28.1,28.8,2601
2014-09-29 00:00:00,28.9,28.9,26.7,28.8,3895
2014-09-26 00:00:00,28.1,29.1,28.1,28.9,2050
2014-09-25 00:00:00,28.6,29.4,28.5,28.6,6059
2014-09-24 00:00:00,29.1,29.1,28.6,28.7,6100
2014-09-23 00:00:00,29.5,29.5,29.0,29.0,720
2014-09-22 00:00:00,29.0,29.4,28.5,29.4,14464
2014-09-19 00:00:00,28.7,29.5,28.7,28.8,5800
2014-09-18 00:00:00,29.0,29.5,28.1,29.2,16162
2014-09-17 00:00:00,28.9,29.1,28.9,29.0,2758
2014-09-16 00:00:00,28.9,29.5,26.5,28.9,14930
2014-09-15 00:00:00,28.7,29.4,28.7,28.9,1270
2014-09-12 00:00:00,29.0,29.6,28.5,29.6,10001
2014-09-11 00:00:00,29.0,29.0,29.0,29.0,5533
2014-09-10 00:00:00,29.3,29.5,28.7,29.5,1139
2014-09-09 00:00:00,29.1,29.6,29.1,29.1,9887
2014-09-08 00:00:00,29.6,29.6,29.1,29.6,5179
2014-09-05 00:00:00,29.6,29.6,29.1,29.6,21045
2014-09-04 00:00:00,29.1,29.8,29.1,29.7,36910
2014-09-03 00:00:00,29.0,29.5,28.5,29.0,5041
2014-09-02 00:00:00,28.4,29.0,28.0,28.5,8685
2014-09-01 00:00:00,29.3,29.7,28.5,29.0,9316
2014-08-29 00:00:00,29.1,29.1,28.2,28.5,4500
2014-08-28 00:00:00,29.6,29.7,28.9,29.4,5494
2014-08-27 00:00:00,29.7,29.8,28.0,29.7,8751
2014-08-26 00:00:00,28.0,29.8,27.8,29.4,30568
2014-08-25 00:00:00,24.7,29.8,24.7,28.1,12549
2014-08-22 00:00:00,29.0,30.0,28.4,28.5,13589
2014-08-21 00:00:00,28.0,29.5,28.0,29.5,6773
2014-08-20 00:00:00,29.4,29.4,28.0,29.2,5490
2014-08-19 00:00:00,30.0,30.0,29.5,29.5,5033
2014-08-18 00:00:00,28.5,29.5,28.4,29.5,17857
2014-08-15 00:00:00,29.9,29.9,27.4,29.5,8099
2014-08-14 00:00:00,30.0,30.0,29.5,29.8,3514
2014-08-13 00:00:00,29.5,29.5,29.5,29.5,1739
2014-08-12 00:00:00,30.0,30.0,29.8,30.0,2271
2014-08-11 00:00:00,29.5,30.0,29.5,30.0,2110
2014-08-08 00:00:00,29.5,29.5,29.5,29.5,31816
2014-08-07 00:00:00,29.5,30.1,29.0,30.0,4500
2014-08-06 00:00:00,29.6,30.0,29.2,30.0,17525
2014-08-05 00:00:00,29.1,30.3,29.1,30.0,3175
2014-08-04 00:00:00,30.0,30.5,28.7,30.4,21214
2014-08-01 00:00:00,30.7,30.7,29.1,30.0,6311
2014-07-31 00:00:00,30.7,30.7,30.7,30.7,1000
2014-07-30 00:00:00,30.5,31.0,30.5,31.0,1957
2014-07-29 00:00:00,31.5,31.5,30.6,31.0,3306
2014-07-28 00:00:00,31.5,31.5,30.3,30.5,3407
2014-07-25 00:00:00,30.5,30.5,29.8,30.3,11498
2014-07-24 00:00:00,31.1,31.1,28.9,29.2,13415
2014-07-23 00:00:00,30.6,31.0,30.2,30.2,5800
2014-07-22 00:00:00,30.8,31.0,30.1,30.8,10138
2014-07-21 00:00:00,31.9,31.9,30.8,31.2,3950
2014-07-18 00:00:00,31.3,31.7,31.0,31.7,10715
2014-07-17 00:00:00,31.3,32.0,31.0,31.5,28945
2014-07-16 00:00:00,31.5,31.7,31.0,31.3,18700
2014-07-15 00:00:00,31.5,32.0,31.0,31.7,14607
2014-07-14 00:00:00,32.3,32.3,31.7,32.0,2550
2014-07-11 00:00:00,32.0,32.2,31.3,31.3,6680
2014-07-10 00:00:00,32.8,32.8,32.2,32.3,2773
2014-07-09 00:00:00,32.8,32.8,32.0,32.3,7000
2014-07-08 00:00:00,32.1,32.5,32.1,32.4,3455
2014-07-07 00:00:00,32.9,32.9,32.8,32.8,4518
2014-07-04 00:00:00,33.1,33.1,32.6,32.8,3674
2014-07-03 00:00:00,32.1,33.0,32.1,32.9,24060
2014-07-02 00:00:00,32.8,32.8,32.0,32.0,14546
2014-07-01 00:00:00,32.0,32.7,32.0,32.7,10910
2014-06-30 00:00:00,33.2,33.2,32.0,32.0,3100
2014-06-27 00:00:00,32.5,32.5,32.5,32.5,3400
2014-06-26 00:00:00,32.8,32.8,32.3,32.3,8918
2014-06-25 00:00:00,32.0,32.5,32.0,32.4,11740
2014-06-24 00:00:00,32.5,32.8,31.8,32.5,26525
2014-06-23 00:00:00,31.7,32.1,31.7,32.0,16109
2014-06-20 00:00:00,,32.2,32.2,32.2,0
2014-06-19 00:00:00,31.9,32.5,31.7,32.2,33737
2014-06-18 00:00:00,31.7,32.4,31.2,31.7,18186
2014-06-17 00:00:00,31.3,32.1,31.0,31.0,18801
2014-06-16 00:00:00,32.5,32.5,31.3,31.6,19605
2014-06-13 00:00:00,32.5,32.5,31.9,32.0,12808
2014-06-12 00:00:00,33.0,33.2,32.5,32.6,4700
2014-06-11 00:00:00,33.0,33.3,32.6,32.7,21457
2014-06-10 00:00:00,33.5,33.5,33.0,33.0,11269
2014-06-09 00:00:00,33.1,34.2,32.9,33.0,31005
2014-06-06 00:00:00,,33.0,33.0,33.0,0
2014-06-05 00:00:00,33.8,33.8,32.8,33.0,14131
2014-06-04 00:00:00,33.0,33.6,33.0,33.6,32869
2014-06-03 00:00:00,33.0,33.3,32.9,32.9,14731
2014-06-02 00:00:00,32.9,33.3,32.9,33.3,26063
2014-05-30 00:00:00,33.9,33.9,32.8,33.6,14590
2014-05-28 00:00:00,33.9,34.0,33.1,33.8,11802
2014-05-27 00:00:00,34.0,34.0,33.3,33.4,30456
2014-05-26 00:00:00,31.9,33.5,31.9,33.5,30857
2014-05-23 00:00:00,33.5,33.5,32.8,33.0,90835
2014-05-22 00:00:00,33.1,33.7,32.8,33.3,21802
2014-05-21 00:00:00,33.7,33.7,32.6,33.3,23058
2014-05-20 00:00:00,33.7,34.0,33.3,33.3,54583
2014-05-19 00:00:00,32.9,33.5,32.5,33.0,16400
2014-05-16 00:00:00,33.6,33.6,32.9,33.5,33400
2014-05-15 00:00:00,33.6,33.9,33.4,33.5,8877
2014-05-14 00:00:00,33.5,34.0,33.3,33.6,30991
2014-05-13 00:00:00,33.5,34.0,33.1,33.5,21378
2014-05-12 00:00:00,34.9,35.0,33.5,33.5,60324
2014-05-09 00:00:00,34.6,34.7,34.3,34.6,18272
2014-05-08 00:00:00,34.2,34.5,34.2,34.4,24101
2014-05-07 00:00:00,34.6,34.8,34.2,34.3,21497
2014-05-06 00:00:00,34.5,34.8,34.5,34.7,11220
2014-05-05 00:00:00,35.0,35.0,34.5,34.5,63732
2014-05-02 00:00:00,35.1,35.1,34.5,34.7,53207
2014-05-01 00:00:00,,34.4,34.4,34.4,0
2014-04-30 00:00:00,35.2,35.3,34.3,34.4,14342
2014-04-29 00:00:00,35.0,35.1,34.5,34.9,258318
2014-04-28 00:00:00,34.7,34.7,34.1,34.5,18105
2014-04-25 00:00:00,34.5,34.7,34.5,34.5,3584
2014-04-24 00:00:00,34.4,34.9,34.2,34.5,11370
2014-04-23 00:00:00,34.6,34.6,34.2,34.2,2590
2014-04-22 00:00:00,35.0,35.0,34.5,34.6,8495
2014-04-17 00:00:00,35.0,35.0,34.1,34.2,4849
2014-04-16 00:00:00,35.1,35.1,34.0,34.5,21176
2014-04-15 00:00:00,35.2,35.2,33.5,34.8,20165
2014-04-14 00:00:00,34.0,35.0,34.0,34.8,11414
2014-04-11 00:00:00,34.2,34.6,33.7,33.7,16762
2014-04-10 00:00:00,35.2,35.2,34.2,34.2,21883
2014-04-09 00:00:00,35.2,35.2,34.5,35.1,27951
2014-04-08 00:00:00,35.2,35.2,34.5,34.5,32210
2014-04-07 00:00:00,35.2,35.2,34.4,34.7,21436
2014-04-04 00:00:00,34.4,35.0,34.0,34.4,76437
2014-04-03 00:00:00,34.1,34.4,33.6,34.4,36838
2014-04-02 00:00:00,33.8,34.5,33.4,33.6,107633
2014-04-01 00:00:00,32.5,33.3,32.5,32.7,435035
2014-03-31 00:00:00,32.5,32.5,31.6,31.8,27870
2014-03-28 00:00:00,32.0,32.1,31.7,32.0,52097
2014-03-27 00:00:00,33.0,33.0,31.5,31.8,17546
2014-03-26 00:00:00,32.3,33.1,32.3,32.8,20902
2014-03-25 00:00:00,32.9,33.2,32.5,32.5,78733
2014-03-24 00:00:00,33.2,33.7,32.9,32.9,4850
2014-03-21 00:00:00,32.8,33.6,32.8,33.6,209042
2014-03-20 00:00:00,33.1,33.4,33.1,33.1,13344
2014-03-19 00:00:00,33.1,33.4,33.1,33.1,109471
2014-03-18 00:00:00,33.5,33.6,33.1,33.4,28440
2014-03-17 00:00:00,33.7,33.7,33.0,33.4,36571
2014-03-14 00:00:00,33.6,34.0,33.5,33.7,230849
2014-03-13 00:00:00,33.5,33.8,33.5,33.5,27631
2014-03-12 00:00:00,33.7,33.8,33.5,33.8,85926
2014-03-11 00:00:00,34.0,34.0,33.5,33.9,52206
2014-03-10 00:00:00,34.3,34.3,33.5,34.0,214861
2014-03-07 00:00:00,34.0,34.1,33.7,33.7,156655
2014-03-06 00:00:00,34.2,34.2,33.6,33.7,82933
2014-03-05 00:00:00,34.1,34.4,33.6,34.2,26809
2014-03-04 00:00:00,33.5,34.2,33.0,34.1,28019
2014-03-03 00:00:00,34.0,34.0,32.9,33.5,222266
2014-02-28 00:00:00,34.3,35.0,34.0,34.0,51660
2014-02-27 00:00:00,35.0,35.0,33.7,34.3,62665
2014-02-26 00:00:00,35.6,35.6,34.8,34.9,36856
2014-02-25 00:00:00,36.0,36.0,35.4,35.5,97149
2014-02-24 00:00:00,36.1,36.2,35.6,35.8,98491
2014-02-21 00:00:00,35.8,36.5,35.0,36.1,286454
2014-02-20 00:00:00,36.0,36.0,34.5,35.5,132373
2014-02-19 00:00:00,38.5,38.5,35.7,36.0,151571
2014-02-18 00:00:00,34.3,36.0,33.9,35.3,341091
2014-02-17 00:00:00,34.5,35.6,33.9,33.9,825867
