Dates,Open,High,Low,Close,Volume
2017-09-08 00:00:00,0.645,0.645,0.62,0.625,1391696
2017-09-07 00:00:00,0.645,0.65,0.63,0.645,1780624
2017-09-06 00:00:00,0.66,0.705,0.645,0.65,3635761
2017-09-04 00:00:00,0.67,0.675,0.625,0.635,2960533
2017-09-01 00:00:00,0.66,0.67,0.645,0.655,2975297
2017-08-31 00:00:00,0.69,0.71,0.635,0.645,17081696
2017-08-30 00:00:00,0.815,0.835,0.815,0.825,938920
2017-08-29 00:00:00,0.83,0.84,0.8,0.815,1714713
2017-08-28 00:00:00,0.865,0.865,0.83,0.84,871254
2017-08-25 00:00:00,0.845,0.88,0.81,0.85,2243231
2017-08-24 00:00:00,0.83,0.85,0.815,0.845,662716
2017-08-23 00:00:00,0.82,0.83,0.815,0.83,422373
2017-08-22 00:00:00,0.865,0.875,0.81,0.82,4413465
2017-08-21 00:00:00,0.885,0.9,0.86,0.865,1307509
2017-08-18 00:00:00,0.84,0.9,0.83,0.85,2510530
2017-08-17 00:00:00,0.9,0.93,0.845,0.845,2353453
2017-08-16 00:00:00,0.8,0.91,0.795,0.89,5511355
2017-08-15 00:00:00,0.805,0.845,0.79,0.8,2116560
2017-08-14 00:00:00,0.81,0.87,0.79,0.805,1583146
2017-08-11 00:00:00,0.86,0.86,0.81,0.81,1390031
2017-08-10 00:00:00,0.88,0.89,0.845,0.865,1557548
2017-08-09 00:00:00,0.935,0.935,0.84,0.88,3500671
2017-08-08 00:00:00,0.92,0.94,0.865,0.92,5934240
2017-08-07 00:00:00,0.85,1.0,0.815,0.9,15614135
2017-08-04 00:00:00,0.735,0.86,0.72,0.85,10194619
2017-08-03 00:00:00,0.735,0.735,0.71,0.72,1319172
2017-08-02 00:00:00,0.73,0.73,0.705,0.72,560366
2017-08-01 00:00:00,0.7,0.72,0.695,0.705,918048
2017-07-31 00:00:00,0.73,0.74,0.695,0.7,1319138
2017-07-28 00:00:00,0.71,0.71,0.67,0.71,1838150
2017-07-27 00:00:00,0.71,0.72,0.69,0.7,720670
2017-07-26 00:00:00,0.7,0.71,0.695,0.71,559696
2017-07-25 00:00:00,0.7,0.715,0.69,0.695,1428019
2017-07-24 00:00:00,0.725,0.725,0.695,0.7,2721666
2017-07-21 00:00:00,0.72,0.735,0.715,0.725,554725
2017-07-20 00:00:00,0.725,0.75,0.725,0.73,445855
2017-07-19 00:00:00,0.74,0.74,0.71,0.725,731147
2017-07-18 00:00:00,0.745,0.745,0.72,0.73,722420
2017-07-17 00:00:00,0.76,0.76,0.71,0.735,4764679
2017-07-14 00:00:00,0.775,0.78,0.745,0.765,808929
2017-07-13 00:00:00,0.78,0.79,0.76,0.775,349599
2017-07-12 00:00:00,0.77,0.79,0.74,0.78,1005159
2017-07-11 00:00:00,0.795,0.8,0.75,0.75,1423391
2017-07-10 00:00:00,0.81,0.81,0.775,0.785,860076
2017-07-07 00:00:00,0.805,0.865,0.8,0.815,4211096
2017-07-06 00:00:00,0.75,0.84,0.745,0.795,3045315
2017-07-05 00:00:00,0.75,0.76,0.725,0.745,590354
2017-07-04 00:00:00,0.755,0.77,0.72,0.75,904595
2017-07-03 00:00:00,0.8,0.83,0.73,0.77,4026973
2017-06-30 00:00:00,0.66,0.785,0.64,0.785,13750565
2017-06-29 00:00:00,0.65,0.675,0.64,0.64,2174082
2017-06-28 00:00:00,0.67,0.67,0.64,0.65,3913789
2017-06-27 00:00:00,0.69,0.705,0.66,0.67,3421823
2017-06-26 00:00:00,0.71,0.715,0.69,0.695,2361692
2017-06-23 00:00:00,,0.71,0.71,0.71,0
2017-06-22 00:00:00,0.735,0.75,0.7,0.71,6928444
2017-06-21 00:00:00,0.75,0.765,0.735,0.74,1751521
2017-06-20 00:00:00,0.75,0.77,0.735,0.755,2234422
2017-06-19 00:00:00,0.78,0.785,0.745,0.75,2451972
2017-06-16 00:00:00,0.765,0.785,0.76,0.775,727258
2017-06-15 00:00:00,0.8,0.8,0.77,0.77,799764
2017-06-14 00:00:00,0.78,0.8,0.77,0.79,1568884
2017-06-13 00:00:00,0.8,0.81,0.765,0.785,1542971
2017-06-12 00:00:00,0.855,0.855,0.78,0.8,4738963
2017-06-09 00:00:00,0.87,0.87,0.84,0.855,873344
2017-06-08 00:00:00,0.85,0.87,0.84,0.855,1024638
2017-06-07 00:00:00,0.89,0.89,0.85,0.85,1039559
2017-06-06 00:00:00,,0.865,0.865,0.865,0
2017-06-05 00:00:00,0.85,0.89,0.85,0.865,952396
2017-06-02 00:00:00,0.83,0.9,0.82,0.85,3348511
2017-06-01 00:00:00,0.825,0.84,0.81,0.815,1293124
2017-05-31 00:00:00,0.83,0.845,0.82,0.825,1356459
2017-05-30 00:00:00,0.81,0.875,0.8,0.845,7871931
2017-05-29 00:00:00,0.845,0.845,0.8,0.815,2149572
2017-05-26 00:00:00,0.82,0.865,0.81,0.845,1178863
2017-05-24 00:00:00,0.855,0.865,0.82,0.82,1870584
2017-05-23 00:00:00,0.89,0.89,0.845,0.865,1732911
2017-05-22 00:00:00,0.885,0.9,0.87,0.88,1224714
2017-05-19 00:00:00,0.845,0.91,0.835,0.885,3000501
2017-05-18 00:00:00,0.89,0.89,0.81,0.835,14914538
2017-05-17 00:00:00,1.04,1.04,0.935,0.935,12865788
2017-05-16 00:00:00,1.08,1.1,1.05,1.05,1587063
2017-05-15 00:00:00,1.07,1.09,1.05,1.08,313605
2017-05-12 00:00:00,1.07,1.07,1.07,1.07,455081
2017-05-11 00:00:00,1.05,1.08,1.04,1.07,543238
2017-05-10 00:00:00,1.06,1.07,1.04,1.05,650720
2017-05-09 00:00:00,1.07,1.08,1.04,1.04,1009028
2017-05-08 00:00:00,1.09,1.09,1.06,1.07,436368
2017-05-05 00:00:00,1.03,1.08,1.03,1.08,688299
2017-05-04 00:00:00,1.06,1.07,1.03,1.06,719999
2017-05-03 00:00:00,1.08,1.08,1.05,1.06,689957
2017-05-02 00:00:00,1.06,1.08,1.06,1.08,399874
2017-05-01 00:00:00,,1.06,1.06,1.06,0
2017-04-28 00:00:00,1.09,1.1,1.06,1.06,1343712
2017-04-27 00:00:00,1.11,1.11,1.08,1.1,384976
2017-04-26 00:00:00,1.08,1.11,1.07,1.1,1673037
2017-04-25 00:00:00,1.07,1.08,1.06,1.07,1087339
2017-04-24 00:00:00,1.09,1.09,1.07,1.08,748765
2017-04-21 00:00:00,1.1,1.1,1.07,1.07,1017824
2017-04-20 00:00:00,1.11,1.11,1.09,1.11,320161
2017-04-19 00:00:00,1.07,1.12,1.06,1.11,1005455
2017-04-18 00:00:00,1.1,1.12,1.07,1.07,1661973
2017-04-13 00:00:00,1.12,1.12,1.08,1.1,602102
2017-04-12 00:00:00,1.14,1.15,1.11,1.12,885916
2017-04-11 00:00:00,1.14,1.15,1.12,1.13,983981
2017-04-10 00:00:00,1.12,1.15,1.1,1.12,1305541
2017-04-07 00:00:00,1.12,1.13,1.09,1.12,658205
2017-04-06 00:00:00,1.1,1.12,1.1,1.11,376325
2017-04-05 00:00:00,1.1,1.12,1.09,1.1,669189
2017-04-04 00:00:00,1.11,1.12,1.09,1.1,538149
2017-04-03 00:00:00,1.09,1.12,1.09,1.12,455706
2017-03-31 00:00:00,1.09,1.13,1.08,1.1,1034598
2017-03-30 00:00:00,1.1,1.11,1.07,1.08,679027
2017-03-29 00:00:00,1.1,1.1,1.06,1.07,1150748
2017-03-28 00:00:00,1.07,1.13,1.05,1.12,1999950
2017-03-27 00:00:00,1.1,1.11,1.05,1.07,951171
2017-03-24 00:00:00,1.1,1.11,1.08,1.09,1090812
2017-03-23 00:00:00,1.05,1.1,1.04,1.08,1303814
2017-03-22 00:00:00,1.07,1.07,1.02,1.04,2270899
2017-03-21 00:00:00,1.12,1.12,1.02,1.07,4443152
2017-03-20 00:00:00,1.14,1.14,1.1,1.12,1527513
2017-03-17 00:00:00,1.13,1.14,1.12,1.13,1660954
2017-03-16 00:00:00,1.13,1.15,1.12,1.13,1479173
2017-03-15 00:00:00,1.15,1.17,1.11,1.13,2739887
2017-03-14 00:00:00,1.25,1.27,1.13,1.15,9270198
2017-03-13 00:00:00,1.25,1.26,1.23,1.25,483443
2017-03-10 00:00:00,1.27,1.25,1.25,1.25,1462933
2017-03-09 00:00:00,1.28,1.29,1.26,1.27,907354
2017-03-08 00:00:00,1.28,1.29,1.26,1.27,451155
2017-03-07 00:00:00,1.27,1.29,1.25,1.28,1112765
2017-03-06 00:00:00,1.28,1.29,1.25,1.27,1112674
2017-03-03 00:00:00,1.28,1.28,1.28,1.28,598533
2017-03-02 00:00:00,1.27,1.3,1.26,1.3,430561
2017-03-01 00:00:00,1.3,1.3,1.27,1.28,608366
2017-02-28 00:00:00,1.31,1.31,1.28,1.28,849565
2017-02-27 00:00:00,1.3,1.32,1.28,1.31,1112193
2017-02-24 00:00:00,1.28,1.32,1.25,1.28,3479881
2017-02-23 00:00:00,1.26,1.37,1.23,1.28,5740404
2017-02-22 00:00:00,1.33,1.37,1.29,1.34,3924753
2017-02-21 00:00:00,1.35,1.36,1.32,1.33,1074485
2017-02-20 00:00:00,1.36,1.41,1.33,1.34,1971384
2017-02-17 00:00:00,1.36,1.38,1.33,1.36,1913497
2017-02-16 00:00:00,1.28,1.42,1.27,1.36,12355926
2017-02-15 00:00:00,1.31,1.33,1.27,1.27,2926349
2017-02-14 00:00:00,1.25,1.31,1.23,1.31,5780520
2017-02-13 00:00:00,1.27,1.32,1.24,1.24,3726014
2017-02-10 00:00:00,1.24,1.24,1.2,1.22,3045994
2017-02-09 00:00:00,1.25,1.25,1.2,1.22,1741614
2017-02-08 00:00:00,1.27,1.27,1.21,1.23,2215749
2017-02-07 00:00:00,1.34,1.36,1.25,1.26,4613875
2017-02-06 00:00:00,1.22,1.43,1.22,1.34,18915904
2017-02-03 00:00:00,1.18,1.23,1.18,1.21,1334064
2017-02-02 00:00:00,1.18,1.19,1.14,1.19,4343877
2017-02-01 00:00:00,1.21,1.22,1.19,1.19,1992552
2017-01-31 00:00:00,1.23,1.25,1.21,1.21,1442500
2017-01-30 00:00:00,1.22,1.24,1.2,1.23,2769371
2017-01-27 00:00:00,1.22,1.24,1.2,1.22,4958994
2017-01-26 00:00:00,1.27,1.27,1.22,1.24,4627168
2017-01-25 00:00:00,1.29,1.3,1.26,1.27,1591982
2017-01-24 00:00:00,1.3,1.3,1.27,1.29,1741030
2017-01-23 00:00:00,1.35,1.35,1.28,1.28,2502850
2017-01-20 00:00:00,1.3,1.36,1.28,1.33,5074311
2017-01-19 00:00:00,1.3,1.3,1.28,1.3,1116320
2017-01-18 00:00:00,1.32,1.32,1.28,1.31,2300185
2017-01-17 00:00:00,1.35,1.35,1.3,1.32,2758988
2017-01-16 00:00:00,1.38,1.38,1.32,1.35,1661099
2017-01-13 00:00:00,1.38,1.39,1.36,1.37,1473760
2017-01-12 00:00:00,1.36,1.38,1.35,1.38,1336837
2017-01-11 00:00:00,1.35,1.38,1.35,1.36,1332590
2017-01-10 00:00:00,1.35,1.41,1.33,1.36,3580948
2017-01-09 00:00:00,1.44,1.44,1.34,1.34,4198643
2017-01-06 00:00:00,,1.4,1.4,1.4,0
2017-01-05 00:00:00,1.41,1.41,1.38,1.4,1308814
2017-01-04 00:00:00,1.41,1.44,1.39,1.4,2870583
2017-01-03 00:00:00,1.43,1.44,1.39,1.42,3659734
2017-01-02 00:00:00,1.42,1.5,1.4,1.44,7258139
2016-12-30 00:00:00,1.4,1.42,1.37,1.41,3872476
2016-12-29 00:00:00,1.31,1.41,1.27,1.39,7566638
2016-12-28 00:00:00,1.31,1.31,1.26,1.31,5955061
2016-12-27 00:00:00,1.32,1.35,1.3,1.31,3225195
2016-12-23 00:00:00,1.33,1.34,1.29,1.31,3816956
2016-12-22 00:00:00,1.32,1.34,1.29,1.34,4075448
2016-12-21 00:00:00,1.37,1.37,1.31,1.32,5318559
2016-12-20 00:00:00,1.41,1.41,1.34,1.37,6139385
2016-12-19 00:00:00,1.4,1.45,1.37,1.4,5199545
2016-12-16 00:00:00,1.4,1.42,1.38,1.4,2078453
2016-12-15 00:00:00,1.38,1.43,1.37,1.42,3769841
2016-12-14 00:00:00,1.34,1.38,1.32,1.38,3633443
2016-12-13 00:00:00,1.41,1.41,1.34,1.36,4659551
2016-12-12 00:00:00,1.46,1.46,1.38,1.4,3644428
2016-12-09 00:00:00,1.44,1.49,1.44,1.46,2265679
2016-12-08 00:00:00,1.47,1.49,1.41,1.44,3166271
2016-12-07 00:00:00,1.45,1.52,1.38,1.49,9171156
2016-12-06 00:00:00,1.52,1.52,1.43,1.45,6007255
2016-12-05 00:00:00,1.59,1.59,1.5,1.51,3971501
2016-12-02 00:00:00,1.57,1.58,1.53,1.58,1504803
2016-12-01 00:00:00,1.56,1.62,1.55,1.56,3139860
2016-11-30 00:00:00,1.56,1.59,1.51,1.55,6345110
2016-11-29 00:00:00,1.65,1.65,1.53,1.55,12713602
2016-11-28 00:00:00,1.73,1.76,1.65,1.66,6355407
2016-11-25 00:00:00,1.74,1.76,1.72,1.76,2540950
2016-11-24 00:00:00,1.77,1.82,1.73,1.77,3751459
2016-11-23 00:00:00,1.8,1.82,1.76,1.76,2876695
2016-11-22 00:00:00,1.83,1.85,1.79,1.8,2636337
2016-11-21 00:00:00,1.87,1.87,1.81,1.83,913064
2016-11-18 00:00:00,1.83,1.86,1.8,1.85,1325586
2016-11-17 00:00:00,1.82,1.87,1.79,1.82,3319827
2016-11-16 00:00:00,1.86,1.88,1.82,1.85,4164909
2016-11-15 00:00:00,1.94,1.95,1.87,1.9,2879140
2016-11-14 00:00:00,1.92,2.04,1.91,1.94,3820062
2016-11-11 00:00:00,1.97,1.97,1.91,1.92,1293599
2016-11-10 00:00:00,1.89,1.99,1.85,1.91,3961503
2016-11-09 00:00:00,1.82,1.95,1.8,1.91,5131514
2016-11-08 00:00:00,2.0,2.0,1.93,1.94,4435104
2016-11-07 00:00:00,2.06,2.07,1.99,2.0,5440249
2016-11-04 00:00:00,2.07,2.2,2.05,2.05,9227987
2016-11-03 00:00:00,2.07,2.07,2.03,2.07,1660655
2016-11-02 00:00:00,2.12,2.12,2.07,2.07,2004550
2016-11-01 00:00:00,2.14,2.16,2.12,2.13,1346663
2016-10-31 00:00:00,2.14,2.15,2.11,2.14,1681193
2016-10-28 00:00:00,2.16,2.17,2.12,2.15,1531393
2016-10-27 00:00:00,2.13,2.17,2.09,2.15,1954475
2016-10-26 00:00:00,2.17,2.18,2.1,2.13,1950041
2016-10-25 00:00:00,2.17,2.19,2.15,2.16,1455788
2016-10-24 00:00:00,2.2,2.21,2.15,2.17,1422671
2016-10-21 00:00:00,2.23,2.23,2.14,2.19,2152773
2016-10-20 00:00:00,2.16,2.25,2.14,2.23,4215200
2016-10-19 00:00:00,2.15,2.18,2.1,2.16,3042814
2016-10-18 00:00:00,2.22,2.22,2.15,2.15,3060725
2016-10-17 00:00:00,2.22,2.25,2.2,2.2,1339907
2016-10-14 00:00:00,2.2,2.25,2.2,2.22,2086583
2016-10-13 00:00:00,2.22,2.29,2.19,2.2,4600306
2016-10-12 00:00:00,2.25,2.34,2.23,2.24,4771274
2016-10-11 00:00:00,2.36,2.46,2.24,2.25,20261047
2016-10-10 00:00:00,2.21,2.4,2.2,2.37,18854164
2016-10-07 00:00:00,2.2,2.2,2.16,2.2,1575281
2016-10-06 00:00:00,2.18,2.21,2.16,2.2,2053690
2016-10-05 00:00:00,2.19,2.23,2.18,2.18,2696247
2016-10-04 00:00:00,2.18,2.22,2.16,2.18,4808116
2016-10-03 00:00:00,2.1,2.22,2.09,2.17,6137265
2016-09-30 00:00:00,2.1,2.1,2.06,2.09,2401226
2016-09-29 00:00:00,2.09,2.11,2.07,2.1,1753743
2016-09-28 00:00:00,2.02,2.12,2.01,2.07,3347057
2016-09-27 00:00:00,2.03,2.04,1.99,2.02,2417246
2016-09-26 00:00:00,2.03,2.04,2.01,2.03,1562645
2016-09-23 00:00:00,2.04,2.06,2.01,2.03,1699289
2016-09-22 00:00:00,2.07,2.07,2.03,2.04,4493415
2016-09-21 00:00:00,2.06,2.1,2.05,2.07,3768647
2016-09-20 00:00:00,2.08,2.08,2.05,2.06,2277238
2016-09-19 00:00:00,2.06,2.09,2.05,2.07,1809231
2016-09-16 00:00:00,2.1,2.13,2.05,2.06,8515842
2016-09-15 00:00:00,2.08,2.11,2.07,2.1,2178602
2016-09-14 00:00:00,2.1,2.15,2.07,2.08,3190366
2016-09-13 00:00:00,2.12,2.15,2.07,2.07,2852037
2016-09-12 00:00:00,2.12,2.16,2.09,2.1,4222986
2016-09-09 00:00:00,2.23,2.23,2.14,2.14,6678436
2016-09-08 00:00:00,2.23,2.26,2.21,2.23,4839016
2016-09-07 00:00:00,2.25,2.29,2.18,2.23,15264537
2016-09-06 00:00:00,2.06,2.3,2.05,2.24,24812305
2016-09-05 00:00:00,2.02,2.06,2.0,2.06,2457878
2016-09-02 00:00:00,1.98,2.02,1.98,2.01,3805012
2016-09-01 00:00:00,2.01,2.01,1.96,1.98,4762308
2016-08-31 00:00:00,2.03,2.03,1.98,1.99,4967279
2016-08-30 00:00:00,2.05,2.06,2.02,2.03,3732898
2016-08-29 00:00:00,2.04,2.15,2.02,2.03,27678641
2016-08-26 00:00:00,1.91,1.93,1.9,1.91,2090791
2016-08-25 00:00:00,1.98,1.99,1.89,1.91,5653386
2016-08-24 00:00:00,2.0,2.0,1.92,1.95,5427502
2016-08-23 00:00:00,1.88,1.96,1.87,1.96,2165157
2016-08-22 00:00:00,1.89,1.91,1.86,1.88,4132629
2016-08-19 00:00:00,1.96,1.96,1.85,1.88,6384219
2016-08-18 00:00:00,1.9,2.02,1.83,1.94,19023218
2016-08-17 00:00:00,1.97,2.0,1.87,1.89,6835645
2016-08-16 00:00:00,2.0,2.01,1.97,1.97,2303384
2016-08-15 00:00:00,2.0,2.03,2.0,2.01,1238281
2016-08-12 00:00:00,2.03,2.06,1.96,2.0,5528534
2016-08-11 00:00:00,2.05,2.06,2.03,2.03,2615559
2016-08-10 00:00:00,2.1,2.1,2.04,2.05,2057801
2016-08-09 00:00:00,2.07,2.12,2.06,2.08,1783972
2016-08-08 00:00:00,2.04,2.09,2.04,2.07,1253829
2016-08-05 00:00:00,2.02,2.05,2.02,2.05,1177264
2016-08-04 00:00:00,2.05,2.05,2.0,2.02,1297097
2016-08-03 00:00:00,2.04,2.05,2.0,2.02,1957581
2016-08-02 00:00:00,2.07,2.08,2.01,2.04,2358915
2016-08-01 00:00:00,2.08,2.12,2.07,2.07,1814516
2016-07-29 00:00:00,2.1,2.12,2.06,2.08,1810369
2016-07-28 00:00:00,2.13,2.15,2.1,2.1,1368200
2016-07-27 00:00:00,2.12,2.18,2.11,2.11,3468586
2016-07-26 00:00:00,2.11,2.12,2.1,2.12,1006993
2016-07-25 00:00:00,2.1,2.12,2.08,2.1,998348
2016-07-22 00:00:00,2.04,2.11,2.04,2.08,1489121
2016-07-21 00:00:00,2.09,2.09,2.04,2.04,1352136
2016-07-20 00:00:00,2.13,2.13,2.06,2.07,1664889
2016-07-19 00:00:00,2.15,2.15,2.03,2.11,1918368
2016-07-18 00:00:00,2.05,2.14,2.05,2.08,1240215
2016-07-15 00:00:00,2.05,2.09,2.03,2.06,2173295
2016-07-14 00:00:00,2.02,2.07,2.01,2.05,2314745
2016-07-13 00:00:00,2.03,2.06,2.01,2.01,2163753
2016-07-12 00:00:00,2.05,2.07,2.03,2.04,1920151
2016-07-11 00:00:00,2.07,2.08,2.04,2.05,1304511
2016-07-08 00:00:00,2.06,2.07,2.03,2.07,1371464
2016-07-07 00:00:00,2.02,2.08,2.01,2.07,1097370
2016-07-06 00:00:00,2.05,2.06,2.01,2.03,844985
2016-07-05 00:00:00,2.12,2.12,2.05,2.06,1263216
2016-07-04 00:00:00,2.14,2.17,2.11,2.12,658576
2016-07-01 00:00:00,2.14,2.17,2.12,2.14,954678
2016-06-30 00:00:00,2.14,2.18,2.1,2.13,1268475
2016-06-29 00:00:00,2.01,2.13,2.01,2.1,1383657
2016-06-28 00:00:00,1.99,2.04,1.99,2.01,1166591
2016-06-27 00:00:00,1.88,2.0,1.85,1.96,2702409
2016-06-24 00:00:00,,2.04,2.04,2.04,0
2016-06-23 00:00:00,2.03,2.05,2.0,2.04,1752436
2016-06-22 00:00:00,2.08,2.08,2.03,2.05,472067
2016-06-21 00:00:00,2.1,2.1,2.05,2.06,723341
2016-06-20 00:00:00,2.04,2.1,2.04,2.09,928943
2016-06-17 00:00:00,2.01,2.04,1.99,2.03,1368249
2016-06-16 00:00:00,2.07,2.07,1.97,2.0,1823990
2016-06-15 00:00:00,2.04,2.08,2.01,2.07,1377896
2016-06-14 00:00:00,2.1,2.13,2.0,2.05,2225641
2016-06-13 00:00:00,2.15,2.15,2.08,2.1,1567030
2016-06-10 00:00:00,2.24,2.24,2.16,2.17,1271967
2016-06-09 00:00:00,2.25,2.26,2.2,2.21,841351
2016-06-08 00:00:00,2.24,2.24,2.2,2.23,889789
2016-06-07 00:00:00,2.18,2.33,2.18,2.25,2254342
2016-06-06 00:00:00,,2.17,2.17,2.17,0
2016-06-03 00:00:00,2.14,2.24,2.14,2.17,1406821
2016-06-02 00:00:00,2.2,2.2,2.12,2.14,1832436
2016-06-01 00:00:00,2.18,2.23,2.16,2.2,1090605
2016-05-31 00:00:00,2.23,2.26,2.2,2.22,779799
2016-05-30 00:00:00,2.3,2.31,2.23,2.23,1599886
2016-05-27 00:00:00,2.25,2.3,2.25,2.28,1185258
2016-05-26 00:00:00,2.27,2.31,2.15,2.25,2937608
2016-05-25 00:00:00,2.14,2.32,2.13,2.27,3196788
2016-05-24 00:00:00,2.15,2.15,2.08,2.13,2574042
2016-05-23 00:00:00,2.16,2.18,2.1,2.15,2383377
2016-05-20 00:00:00,2.28,2.28,2.15,2.18,3935063
2016-05-19 00:00:00,2.21,2.4,2.2,2.25,15048454
2016-05-18 00:00:00,2.26,2.27,2.04,2.12,10975192
2016-05-17 00:00:00,2.25,2.31,2.25,2.26,1828839
2016-05-16 00:00:00,2.27,2.32,2.24,2.25,1865020
2016-05-13 00:00:00,2.28,2.28,2.2,2.25,1985657
2016-05-12 00:00:00,2.37,2.37,2.2,2.26,5582019
2016-05-11 00:00:00,2.39,2.41,2.32,2.36,1934242
2016-05-10 00:00:00,2.41,2.44,2.39,2.39,1215371
2016-05-09 00:00:00,2.46,2.46,2.4,2.43,667781
2016-05-06 00:00:00,2.38,2.47,2.37,2.44,1005101
2016-05-05 00:00:00,2.42,2.43,2.39,2.4,505692
2016-05-04 00:00:00,2.42,2.43,2.39,2.4,505692
2016-05-03 00:00:00,2.48,2.51,2.43,2.44,901516
2016-05-02 00:00:00,2.55,2.59,2.48,2.48,1095561
2016-04-29 00:00:00,2.46,2.56,2.38,2.54,4544484
2016-04-28 00:00:00,2.52,2.53,2.45,2.48,1941332
2016-04-27 00:00:00,2.53,2.58,2.5,2.51,1928275
2016-04-26 00:00:00,2.59,2.72,2.55,2.56,4137795
2016-04-25 00:00:00,2.49,2.59,2.46,2.59,1587096
2016-04-22 00:00:00,2.49,2.54,2.43,2.51,2242050
2016-04-21 00:00:00,2.55,2.55,2.47,2.5,2021211
2016-04-20 00:00:00,2.58,2.64,2.53,2.55,1677766
2016-04-19 00:00:00,2.68,2.68,2.55,2.58,4933526
2016-04-18 00:00:00,2.73,2.75,2.68,2.68,2802739
2016-04-15 00:00:00,2.74,2.81,2.68,2.75,3428235
2016-04-14 00:00:00,2.67,2.84,2.61,2.73,5984235
2016-04-13 00:00:00,2.65,2.65,2.57,2.63,2256775
2016-04-12 00:00:00,2.53,2.67,2.47,2.61,4654975
2016-04-11 00:00:00,2.29,2.59,2.29,2.52,7213684
2016-04-08 00:00:00,2.34,2.36,2.3,2.32,1278682
2016-04-07 00:00:00,2.34,2.43,2.28,2.32,3249081
2016-04-06 00:00:00,2.34,2.35,2.3,2.34,1446651
2016-04-05 00:00:00,2.4,2.41,2.32,2.34,1902077
2016-04-04 00:00:00,2.42,2.45,2.4,2.4,1497453
2016-04-01 00:00:00,2.45,2.45,2.42,2.45,1035213
2016-03-31 00:00:00,2.45,2.47,2.39,2.46,1681919
2016-03-30 00:00:00,2.4,2.51,2.39,2.45,4870100
2016-03-29 00:00:00,2.3,2.39,2.27,2.38,1691833
2016-03-28 00:00:00,2.3,2.33,2.3,2.3,807741
2016-03-25 00:00:00,2.3,2.33,2.28,2.3,807741
2016-03-24 00:00:00,2.3,2.33,2.28,2.3,807741
2016-03-23 00:00:00,2.32,2.34,2.26,2.33,3318080
2016-03-22 00:00:00,2.33,2.35,2.28,2.32,2666633
2016-03-21 00:00:00,2.4,2.41,2.34,2.36,1878389
2016-03-18 00:00:00,2.4,2.43,2.38,2.4,1480643
2016-03-17 00:00:00,2.45,2.45,2.37,2.4,1409002
2016-03-16 00:00:00,2.4,2.46,2.4,2.44,1482264
2016-03-15 00:00:00,2.44,2.44,2.38,2.4,1302509
2016-03-14 00:00:00,2.43,2.5,2.4,2.44,2913725
2016-03-11 00:00:00,2.43,2.48,2.39,2.43,3554489
2016-03-10 00:00:00,2.51,2.6,2.4,2.43,7778167
2016-03-09 00:00:00,2.38,2.52,2.33,2.51,7320591
2016-03-08 00:00:00,2.45,2.45,2.36,2.4,7691517
2016-03-07 00:00:00,2.51,2.53,2.46,2.47,4715239
2016-03-04 00:00:00,2.62,2.64,2.52,2.56,4633211
2016-03-03 00:00:00,2.63,2.65,2.56,2.63,2749541
2016-03-02 00:00:00,2.75,2.75,2.56,2.62,5403118
2016-03-01 00:00:00,2.62,2.71,2.48,2.7,9060734
2016-02-29 00:00:00,2.7,2.7,2.62,2.63,4873702
2016-02-26 00:00:00,2.91,2.91,2.7,2.76,8730918
2016-02-25 00:00:00,2.61,2.94,2.52,2.91,12237379
2016-02-24 00:00:00,2.9,2.93,2.52,2.79,7972733
2016-02-23 00:00:00,2.91,2.96,2.85,2.95,8055772
2016-02-22 00:00:00,2.95,2.95,2.86,2.92,4678902
2016-02-19 00:00:00,2.94,2.99,2.87,2.95,6387733
2016-02-18 00:00:00,2.98,2.99,2.82,2.92,6906340
2016-02-17 00:00:00,2.89,2.93,2.73,2.93,9620935
2016-02-16 00:00:00,2.78,3.0,2.75,2.89,23256934
2016-02-15 00:00:00,2.45,2.7,2.45,2.7,10945235
2016-02-12 00:00:00,2.42,2.52,2.3,2.38,7834884
2016-02-11 00:00:00,2.26,2.38,2.18,2.37,6464369
2016-02-10 00:00:00,2.25,2.37,2.15,2.32,12218877
2016-02-09 00:00:00,2.15,2.26,2.03,2.24,13568676
2016-02-08 00:00:00,2.46,2.46,2.16,2.2,13099231
2016-02-05 00:00:00,2.6,2.6,2.43,2.45,7082775
2016-02-04 00:00:00,2.62,2.62,2.55,2.6,3533318
2016-02-03 00:00:00,2.63,2.63,2.58,2.58,3042179
2016-02-02 00:00:00,2.64,2.66,2.59,2.64,2039903
2016-02-01 00:00:00,2.67,2.68,2.62,2.64,2418976
2016-01-29 00:00:00,2.65,2.67,2.57,2.65,2783667
2016-01-28 00:00:00,2.62,2.71,2.58,2.61,5514058
2016-01-27 00:00:00,2.7,2.7,2.62,2.63,3696623
2016-01-26 00:00:00,2.73,2.74,2.65,2.69,5728347
2016-01-25 00:00:00,2.77,2.79,2.7,2.76,3102248
2016-01-22 00:00:00,2.76,2.84,2.71,2.72,6444016
2016-01-21 00:00:00,2.72,2.73,2.6,2.69,6127296
2016-01-20 00:00:00,2.78,2.83,2.68,2.72,5225145
2016-01-19 00:00:00,3.01,3.07,2.84,2.9,7793916
2016-01-18 00:00:00,2.58,2.97,2.43,2.96,13115763
2016-01-15 00:00:00,2.75,2.76,2.54,2.57,9380882
2016-01-14 00:00:00,2.71,2.8,2.6,2.76,10748216
2016-01-13 00:00:00,2.96,2.99,2.73,2.78,6427025
2016-01-12 00:00:00,2.99,3.05,2.9,2.92,4439890
2016-01-11 00:00:00,2.98,3.1,2.84,2.96,8594974
2016-01-08 00:00:00,3.25,3.25,2.96,2.99,12945150
2016-01-07 00:00:00,3.13,3.2,2.95,3.17,11940255
2016-01-06 00:00:00,,3.29,3.29,3.29,0
2016-01-05 00:00:00,3.42,3.6,3.25,3.29,7391781
2016-01-04 00:00:00,3.56,3.56,3.21,3.38,11109206
2016-01-01 00:00:00,,3.61,3.61,3.61,0
2015-12-31 00:00:00,,3.61,3.61,3.61,0
2015-12-30 00:00:00,3.8,3.8,3.53,3.61,18225319
2015-12-29 00:00:00,3.62,3.85,3.47,3.71,27404651
2015-12-28 00:00:00,3.33,3.53,3.33,3.53,14558010
2015-12-25 00:00:00,3.04,3.3,3.01,3.27,14297110
2015-12-24 00:00:00,3.04,3.3,3.01,3.27,14297110
2015-12-23 00:00:00,3.04,3.3,3.01,3.27,14297110
2015-12-22 00:00:00,3.01,3.08,2.94,3.01,5437867
2015-12-21 00:00:00,3.0,3.09,2.86,3.0,14308188
2015-12-18 00:00:00,3.18,3.29,2.95,2.98,26287554
2015-12-17 00:00:00,3.0,3.28,2.92,3.19,28857597
2015-12-16 00:00:00,2.77,2.94,2.67,2.91,14685830
2015-12-15 00:00:00,3.01,3.01,2.75,2.77,16633721
2015-12-14 00:00:00,2.94,3.11,2.73,2.86,29082834
2015-12-11 00:00:00,2.64,2.95,2.61,2.9,31098760
2015-12-10 00:00:00,3.02,3.04,2.73,2.73,34572014
2015-12-09 00:00:00,3.23,3.24,3.03,3.05,33481601
2015-12-08 00:00:00,3.48,3.48,3.23,3.26,20540059
2015-12-07 00:00:00,3.89,3.89,3.47,3.5,17133847
2015-12-04 00:00:00,3.71,3.71,3.38,3.68,22959894
2015-12-03 00:00:00,3.86,3.9,3.61,3.7,19622188
2015-12-02 00:00:00,4.0,4.05,3.86,3.9,12787147
2015-12-01 00:00:00,4.01,4.05,3.88,3.96,16245782
2015-11-30 00:00:00,3.67,4.05,3.65,3.82,21389532
2015-11-27 00:00:00,3.76,3.87,3.6,3.69,22583135
2015-11-26 00:00:00,4.3,4.56,3.78,3.84,62410848
2015-11-25 00:00:00,5.0,5.05,4.81,4.98,11238273
2015-11-24 00:00:00,5.1,5.15,4.9,4.97,5411872
2015-11-23 00:00:00,4.88,5.1,4.86,5.1,5945602
2015-11-20 00:00:00,4.77,4.92,4.69,4.85,6094166
2015-11-19 00:00:00,4.95,4.95,4.63,4.79,8288297
2015-11-18 00:00:00,5.05,5.05,4.87,4.94,3841570
2015-11-17 00:00:00,4.98,5.15,4.94,5.05,4994490
2015-11-16 00:00:00,4.9,4.98,4.86,4.93,6962679
2015-11-13 00:00:00,5.05,5.1,4.95,5.0,4643850
2015-11-12 00:00:00,5.15,5.2,5.05,5.1,3316272
2015-11-11 00:00:00,5.0,5.15,4.96,5.15,5178220
2015-11-10 00:00:00,5.15,5.2,4.95,5.05,5585755
2015-11-09 00:00:00,4.94,5.25,4.82,5.15,8727322
2015-11-06 00:00:00,5.05,5.05,4.72,4.98,16081968
2015-11-05 00:00:00,5.25,5.3,5.05,5.1,7528549
2015-11-04 00:00:00,5.45,5.45,5.25,5.25,6755016
2015-11-03 00:00:00,5.5,5.55,5.35,5.45,4462894
2015-11-02 00:00:00,5.45,5.65,5.35,5.5,8189906
2015-10-30 00:00:00,5.55,5.7,5.25,5.45,5329979
2015-10-29 00:00:00,5.3,5.55,5.25,5.5,9466088
2015-10-28 00:00:00,5.6,5.7,4.76,5.2,22425213
2015-10-27 00:00:00,5.6,6.05,5.5,5.55,19792488
2015-10-26 00:00:00,5.1,5.6,5.05,5.55,13805075
2015-10-23 00:00:00,4.98,5.1,4.94,5.0,5791787
2015-10-22 00:00:00,4.95,5.1,4.86,4.95,10826374
2015-10-21 00:00:00,4.85,5.05,4.6,5.05,10659791
2015-10-20 00:00:00,4.79,4.92,4.76,4.82,9592538
2015-10-19 00:00:00,4.57,4.77,4.52,4.72,12174100
2015-10-16 00:00:00,4.45,4.6,4.45,4.5,12510352
2015-10-15 00:00:00,3.97,4.24,3.95,4.21,5406036
2015-10-14 00:00:00,3.99,3.99,3.94,3.97,3385431
2015-10-13 00:00:00,3.95,4.0,3.94,3.99,2707442
2015-10-12 00:00:00,3.99,4.0,3.96,3.97,3593202
2015-10-09 00:00:00,4.03,4.04,3.97,3.99,6602868
2015-10-08 00:00:00,3.97,4.0,3.85,4.0,5222580
2015-10-07 00:00:00,4.04,4.04,3.93,3.93,6290732
2015-10-06 00:00:00,4.0,4.08,3.96,4.03,7652141
2015-10-05 00:00:00,3.95,4.08,3.92,3.97,14737483
2015-10-02 00:00:00,3.6,3.73,3.56,3.7,21305495
2015-10-01 00:00:00,3.5,3.59,3.41,3.47,7559749
2015-09-30 00:00:00,3.37,3.55,3.35,3.46,8653247
2015-09-29 00:00:00,3.36,3.38,3.3,3.35,3691715
2015-09-28 00:00:00,3.33,3.39,3.28,3.38,4232951
2015-09-25 00:00:00,3.34,3.36,3.29,3.33,3977961
2015-09-24 00:00:00,3.36,3.43,3.23,3.3,6529349
2015-09-23 00:00:00,3.26,3.38,3.12,3.35,7391488
2015-09-22 00:00:00,3.4,3.4,3.3,3.31,4947673
2015-09-21 00:00:00,3.41,3.42,3.35,3.39,2985270
2015-09-18 00:00:00,3.48,3.48,3.38,3.41,6259571
2015-09-17 00:00:00,3.46,3.51,3.38,3.44,4850418
2015-09-16 00:00:00,3.33,3.45,3.33,3.45,6904043
2015-09-15 00:00:00,3.44,3.44,3.22,3.31,8636771
2015-09-14 00:00:00,3.48,3.54,3.28,3.43,12753098
2015-09-11 00:00:00,3.45,3.51,3.41,3.46,14583945
2015-09-10 00:00:00,3.23,3.47,3.22,3.4,16214515
2015-09-09 00:00:00,3.12,3.33,3.1,3.24,13259654
2015-09-08 00:00:00,3.13,3.18,3.06,3.09,8063730
2015-09-07 00:00:00,3.0,3.12,2.99,3.09,10093869
2015-09-04 00:00:00,2.98,2.98,2.86,2.96,6478088
2015-09-03 00:00:00,2.91,3.02,2.88,2.99,14482693
2015-09-02 00:00:00,2.8,2.87,2.75,2.85,11479616
2015-09-01 00:00:00,2.71,2.71,2.59,2.62,6488193
2015-08-31 00:00:00,2.79,2.79,2.71,2.75,3315475
2015-08-28 00:00:00,2.8,2.85,2.74,2.8,4938171
2015-08-27 00:00:00,2.88,2.95,2.74,2.79,13030329
2015-08-26 00:00:00,2.58,2.79,2.46,2.67,10733579
2015-08-25 00:00:00,2.32,2.64,2.32,2.58,12791225
2015-08-24 00:00:00,2.48,2.54,2.15,2.32,17239171
2015-08-21 00:00:00,2.46,2.73,2.37,2.67,10657193
2015-08-20 00:00:00,2.66,2.68,2.45,2.55,6802853
2015-08-19 00:00:00,2.71,2.72,2.6,2.66,3221120
2015-08-18 00:00:00,2.78,2.78,2.66,2.71,5938554
2015-08-17 00:00:00,2.74,2.82,2.71,2.77,12766732
2015-08-14 00:00:00,2.75,2.78,2.66,2.72,4480347
2015-08-13 00:00:00,2.72,2.82,2.66,2.74,6343983
2015-08-12 00:00:00,2.8,2.83,2.4,2.62,12547925
2015-08-11 00:00:00,2.62,2.98,2.6,2.78,32071332
2015-08-10 00:00:00,2.36,2.65,2.36,2.61,15571444
2015-08-07 00:00:00,2.25,2.42,2.24,2.31,20648824
2015-08-06 00:00:00,1.99,2.24,1.98,2.24,21501239
2015-08-05 00:00:00,1.94,2.0,1.93,1.98,6274090
2015-08-04 00:00:00,1.79,1.93,1.78,1.93,7100906
2015-08-03 00:00:00,1.83,1.84,1.78,1.81,2503351
2015-07-31 00:00:00,1.82,1.84,1.77,1.84,4569447
2015-07-30 00:00:00,1.85,1.86,1.82,1.85,3243442
2015-07-29 00:00:00,1.86,1.88,1.84,1.87,1226270
2015-07-28 00:00:00,1.88,1.89,1.83,1.86,2162376
2015-07-27 00:00:00,1.95,1.97,1.83,1.87,8456651
2015-07-24 00:00:00,2.03,2.05,1.85,1.95,9635373
2015-07-23 00:00:00,1.95,2.06,1.94,2.02,19425084
2015-07-22 00:00:00,1.84,1.94,1.82,1.91,7812511
2015-07-21 00:00:00,1.89,1.89,1.81,1.84,5761444
2015-07-20 00:00:00,1.82,1.91,1.8,1.86,13417201
2015-07-17 00:00:00,1.76,1.96,1.7,1.78,27004801
2015-07-16 00:00:00,1.5,1.87,1.45,1.75,32830293
2015-07-15 00:00:00,1.32,1.37,1.32,1.36,7870675
2015-07-14 00:00:00,1.32,1.34,1.29,1.31,8557294
2015-07-13 00:00:00,1.28,1.28,1.26,1.28,836576
2015-07-10 00:00:00,1.28,1.29,1.26,1.28,1355971
2015-07-09 00:00:00,1.28,1.28,1.25,1.28,1636541
2015-07-08 00:00:00,1.28,1.28,1.26,1.28,1459032
2015-07-07 00:00:00,1.28,1.29,1.25,1.29,999489
2015-07-06 00:00:00,1.25,1.3,1.25,1.28,1351662
2015-07-03 00:00:00,1.29,1.3,1.26,1.3,1913567
2015-07-02 00:00:00,1.29,1.29,1.25,1.29,1358957
2015-07-01 00:00:00,1.28,1.31,1.27,1.29,2385142
2015-06-30 00:00:00,1.26,1.27,1.23,1.26,2329197
2015-06-29 00:00:00,1.27,1.29,1.26,1.27,2724007
2015-06-26 00:00:00,1.3,1.33,1.27,1.32,5385873
2015-06-25 00:00:00,1.3,1.3,1.25,1.28,4511891
2015-06-24 00:00:00,1.33,1.35,1.28,1.29,14088127
2015-06-23 00:00:00,1.27,1.4,1.27,1.33,26733233
2015-06-22 00:00:00,1.15,1.16,1.14,1.16,232979
2015-06-19 00:00:00,,1.16,1.16,1.16,0
2015-06-18 00:00:00,1.17,1.17,1.14,1.16,787951
2015-06-17 00:00:00,1.18,1.18,1.16,1.16,804061
2015-06-16 00:00:00,1.16,1.18,1.15,1.17,605718
2015-06-15 00:00:00,1.18,1.18,1.14,1.16,1174014
2015-06-12 00:00:00,1.18,1.19,1.15,1.18,2098731
2015-06-11 00:00:00,1.16,1.18,1.15,1.17,862886
2015-06-10 00:00:00,1.14,1.17,1.14,1.16,1528604
2015-06-09 00:00:00,1.14,1.15,1.13,1.14,510372
2015-06-08 00:00:00,1.14,1.18,1.13,1.15,1853357
2015-06-05 00:00:00,1.15,1.15,1.14,1.15,885537
2015-06-04 00:00:00,1.17,1.17,1.13,1.15,1216169
2015-06-03 00:00:00,1.17,1.19,1.15,1.17,528299
2015-06-02 00:00:00,1.14,1.19,1.14,1.16,1299129
2015-06-01 00:00:00,1.15,1.16,1.13,1.15,1054963
2015-05-29 00:00:00,1.16,1.16,1.14,1.16,275167
2015-05-28 00:00:00,1.14,1.16,1.14,1.16,938561
2015-05-27 00:00:00,1.16,1.16,1.14,1.15,599619
2015-05-26 00:00:00,1.16,1.16,1.13,1.16,849228
2015-05-25 00:00:00,1.16,1.17,1.14,1.15,1767316
2015-05-22 00:00:00,1.15,1.17,1.15,1.16,117144
2015-05-21 00:00:00,1.17,1.17,1.15,1.15,598956
2015-05-20 00:00:00,1.16,1.17,1.14,1.17,962074
2015-05-19 00:00:00,1.16,1.17,1.15,1.17,1263304
2015-05-18 00:00:00,1.16,1.16,1.14,1.15,325281
2015-05-15 00:00:00,1.14,1.15,1.14,1.15,450181
2015-05-14 00:00:00,1.12,1.14,1.12,1.14,351282
2015-05-13 00:00:00,1.12,1.14,1.12,1.14,351282
2015-05-12 00:00:00,1.13,1.15,1.12,1.12,1124054
2015-05-11 00:00:00,1.16,1.17,1.12,1.13,1906662
2015-05-08 00:00:00,1.17,1.17,1.15,1.16,398173
2015-05-07 00:00:00,1.19,1.19,1.13,1.18,900610
2015-05-06 00:00:00,1.22,1.22,1.19,1.2,1009811
2015-05-05 00:00:00,1.22,1.23,1.2,1.22,1212922
2015-05-04 00:00:00,1.17,1.22,1.17,1.21,1555392
2015-05-01 00:00:00,1.18,1.19,1.17,1.19,612899
2015-04-30 00:00:00,1.18,1.19,1.17,1.19,612899
2015-04-29 00:00:00,1.16,1.19,1.15,1.17,2166952
2015-04-28 00:00:00,1.16,1.16,1.14,1.16,1195904
2015-04-27 00:00:00,1.16,1.16,1.13,1.16,1108299
2015-04-24 00:00:00,1.14,1.16,1.14,1.15,1341873
2015-04-23 00:00:00,1.13,1.14,1.12,1.13,1090606
2015-04-22 00:00:00,1.13,1.16,1.12,1.13,2763409
2015-04-21 00:00:00,1.1,1.12,1.09,1.12,1078705
2015-04-20 00:00:00,1.07,1.1,1.07,1.09,344274
2015-04-17 00:00:00,1.09,1.1,1.08,1.09,828008
2015-04-16 00:00:00,1.09,1.1,1.08,1.09,523816
2015-04-15 00:00:00,1.09,1.1,1.09,1.09,285745
2015-04-14 00:00:00,1.1,1.12,1.1,1.1,806828
2015-04-13 00:00:00,1.13,1.13,1.1,1.11,555640
2015-04-10 00:00:00,1.11,1.13,1.11,1.13,1076918
2015-04-09 00:00:00,1.1,1.12,1.1,1.12,767919
2015-04-08 00:00:00,1.11,1.12,1.1,1.11,377141
2015-04-07 00:00:00,1.1,1.11,1.09,1.11,530231
2015-04-02 00:00:00,1.1,1.1,1.08,1.1,131580
2015-04-01 00:00:00,1.08,1.1,1.08,1.1,853221
2015-03-31 00:00:00,1.07,1.08,1.07,1.08,474757
2015-03-30 00:00:00,1.05,1.07,1.04,1.07,765649
2015-03-27 00:00:00,1.07,1.07,1.03,1.05,1008412
2015-03-26 00:00:00,1.07,1.07,1.05,1.06,234196
2015-03-25 00:00:00,1.05,1.08,1.04,1.06,636840
2015-03-24 00:00:00,1.07,1.07,1.04,1.05,259930
2015-03-23 00:00:00,1.01,1.09,1.01,1.06,4362142
2015-03-20 00:00:00,1.04,1.05,1.0,1.01,1971776
2015-03-19 00:00:00,1.04,1.06,1.03,1.03,1704651
2015-03-18 00:00:00,1.05,1.07,1.04,1.04,1866890
2015-03-17 00:00:00,1.04,1.05,1.04,1.05,556658
2015-03-16 00:00:00,1.06,1.06,1.04,1.05,980602
2015-03-13 00:00:00,1.02,1.09,1.0,1.06,3486881
2015-03-12 00:00:00,1.05,1.06,1.02,1.04,2806490
2015-03-11 00:00:00,1.07,1.09,1.05,1.08,2545278
2015-03-10 00:00:00,1.12,1.12,1.09,1.09,1369251
2015-03-09 00:00:00,1.09,1.13,1.09,1.12,1668447
2015-03-06 00:00:00,1.11,1.11,1.08,1.09,1303645
2015-03-05 00:00:00,1.12,1.12,1.1,1.1,693990
2015-03-04 00:00:00,1.12,1.13,1.1,1.12,2659933
2015-03-03 00:00:00,1.12,1.13,1.11,1.12,1740383
2015-03-02 00:00:00,1.09,1.12,1.09,1.12,2543223
2015-02-27 00:00:00,1.08,1.09,1.07,1.09,1062132
2015-02-26 00:00:00,1.08,1.08,1.07,1.08,505499
2015-02-25 00:00:00,1.08,1.09,1.06,1.08,594208
2015-02-24 00:00:00,1.1,1.1,1.08,1.1,591231
2015-02-23 00:00:00,1.11,1.11,1.08,1.1,483852
2015-02-20 00:00:00,1.08,1.1,1.08,1.09,706063
2015-02-19 00:00:00,1.1,1.11,1.09,1.1,339533
2015-02-18 00:00:00,1.09,1.11,1.09,1.11,489899
2015-02-17 00:00:00,1.12,1.12,1.09,1.1,928032
2015-02-16 00:00:00,1.12,1.14,1.11,1.11,989581
2015-02-13 00:00:00,1.13,1.14,1.11,1.12,1557198
2015-02-12 00:00:00,1.13,1.13,1.11,1.13,669389
2015-02-11 00:00:00,1.12,1.12,1.1,1.12,540387
2015-02-10 00:00:00,1.11,1.12,1.1,1.1,822081
2015-02-09 00:00:00,1.11,1.12,1.1,1.1,1607229
2015-02-06 00:00:00,1.11,1.11,1.06,1.1,1244273
2015-02-05 00:00:00,1.08,1.1,1.08,1.09,441241
2015-02-04 00:00:00,1.1,1.1,1.07,1.08,664728
2015-02-03 00:00:00,1.09,1.1,1.05,1.1,2338843
2015-02-02 00:00:00,1.12,1.12,1.08,1.09,1453045
2015-01-30 00:00:00,1.12,1.12,1.09,1.12,1186383
2015-01-29 00:00:00,1.12,1.17,1.09,1.13,10253217
2015-01-28 00:00:00,1.02,1.05,1.02,1.05,1318476
2015-01-27 00:00:00,1.0,1.03,1.0,1.02,456931
2015-01-26 00:00:00,1.01,1.02,1.0,1.0,997402
2015-01-23 00:00:00,1.0,1.01,0.985,1.01,1159603
2015-01-22 00:00:00,1.01,1.01,0.98,1.0,840843
2015-01-21 00:00:00,1.0,1.01,0.99,1.01,765911
2015-01-20 00:00:00,1.03,1.04,1.0,1.0,2366334
2015-01-19 00:00:00,0.96,1.05,0.96,1.03,8419628
2015-01-16 00:00:00,0.97,0.98,0.94,0.96,1164336
2015-01-15 00:00:00,0.91,0.965,0.895,0.96,1780549
2015-01-14 00:00:00,0.905,0.93,0.905,0.91,458954
2015-01-13 00:00:00,0.91,0.93,0.89,0.905,1832047
2015-01-12 00:00:00,0.91,0.915,0.88,0.89,267263
2015-01-09 00:00:00,0.92,0.92,0.9,0.915,567492
2015-01-08 00:00:00,0.91,0.92,0.89,0.92,534219
2015-01-07 00:00:00,0.87,0.94,0.86,0.89,2027636
2015-01-06 00:00:00,,0.885,0.885,0.885,0
2015-01-05 00:00:00,0.885,0.885,0.86,0.885,235112
2015-01-02 00:00:00,0.805,0.87,0.805,0.87,625157
2015-01-01 00:00:00,0.82,0.82,0.795,0.81,1638186
2014-12-30 00:00:00,0.82,0.82,0.795,0.81,1638186
2014-12-29 00:00:00,0.83,0.84,0.805,0.82,1987984
2014-12-23 00:00:00,0.83,0.84,0.82,0.84,1040735
2014-12-22 00:00:00,0.83,0.835,0.815,0.83,734399
2014-12-19 00:00:00,0.835,0.85,0.83,0.83,404060
2014-12-18 00:00:00,0.83,0.84,0.805,0.82,929651
2014-12-17 00:00:00,0.83,0.83,0.8,0.83,768066
2014-12-16 00:00:00,0.84,0.85,0.825,0.83,312049
2014-12-15 00:00:00,0.88,0.88,0.85,0.85,606745
2014-12-12 00:00:00,0.87,0.89,0.84,0.88,669433
2014-12-11 00:00:00,0.81,0.875,0.805,0.87,1146637
2014-12-10 00:00:00,0.83,0.835,0.815,0.815,450228
2014-12-09 00:00:00,0.865,0.865,0.83,0.835,469209
2014-12-08 00:00:00,0.87,0.87,0.85,0.86,315532
2014-12-05 00:00:00,0.88,0.88,0.83,0.87,388369
2014-12-04 00:00:00,0.875,0.885,0.85,0.88,893259
2014-12-03 00:00:00,0.89,0.905,0.87,0.875,363864
2014-12-02 00:00:00,0.91,0.915,0.89,0.895,313904
2014-12-01 00:00:00,0.89,0.91,0.865,0.89,476923
2014-11-28 00:00:00,0.9,0.905,0.89,0.89,279984
2014-11-27 00:00:00,0.91,0.91,0.88,0.9,638156
2014-11-26 00:00:00,0.935,0.935,0.89,0.89,540262
2014-11-25 00:00:00,0.91,0.92,0.88,0.92,537651
2014-11-24 00:00:00,0.92,0.935,0.9,0.905,738817
2014-11-21 00:00:00,0.86,0.93,0.86,0.91,1935837
2014-11-20 00:00:00,0.8,0.87,0.795,0.845,2541609
2014-11-19 00:00:00,0.84,0.85,0.795,0.8,1651701
2014-11-18 00:00:00,0.795,0.83,0.78,0.81,1621410
2014-11-17 00:00:00,0.81,0.815,0.77,0.795,1569494
2014-11-14 00:00:00,0.84,0.84,0.8,0.82,1347422
2014-11-13 00:00:00,0.85,0.865,0.825,0.83,1597154
2014-11-12 00:00:00,0.87,0.885,0.82,0.825,1474294
2014-11-11 00:00:00,0.88,0.9,0.875,0.875,525856
2014-11-10 00:00:00,0.88,0.89,0.87,0.875,722752
2014-11-07 00:00:00,0.9,0.91,0.885,0.885,546675
2014-11-06 00:00:00,0.92,0.92,0.89,0.89,965343
2014-11-05 00:00:00,0.905,0.92,0.88,0.895,1991916
2014-11-04 00:00:00,0.94,0.945,0.915,0.92,1660059
2014-11-03 00:00:00,0.92,1.03,0.905,0.93,7965148
2014-10-31 00:00:00,0.905,0.93,0.9,0.915,432817
2014-10-30 00:00:00,0.935,0.95,0.88,0.91,1120562
2014-10-29 00:00:00,0.99,1.01,0.92,0.92,2068307
2014-10-28 00:00:00,0.96,0.96,0.94,0.96,299252
2014-10-24 00:00:00,0.94,0.97,0.94,0.95,69151
2014-10-23 00:00:00,0.965,0.965,0.93,0.96,297047
2014-10-22 00:00:00,0.95,0.965,0.95,0.965,224367
2014-10-21 00:00:00,0.97,0.97,0.96,0.965,75462
2014-10-20 00:00:00,0.94,0.945,0.91,0.945,177262
2014-10-17 00:00:00,0.91,0.94,0.885,0.94,674051
2014-10-16 00:00:00,0.92,0.92,0.86,0.915,818234
2014-10-15 00:00:00,0.98,0.98,0.91,0.95,361594
2014-10-14 00:00:00,0.93,0.96,0.905,0.96,456307
2014-10-13 00:00:00,0.91,0.96,0.9,0.93,533669
2014-10-10 00:00:00,0.99,0.99,0.905,0.97,725363
2014-10-09 00:00:00,0.97,0.99,0.97,0.99,445769
2014-10-08 00:00:00,0.99,1.0,0.965,0.98,613223
2014-10-07 00:00:00,0.98,1.02,0.98,0.995,810975
2014-10-06 00:00:00,1.02,1.03,1.01,1.01,323345
2014-10-03 00:00:00,1.01,1.05,1.0,1.02,494580
2014-10-02 00:00:00,1.01,1.05,1.01,1.01,381071
2014-10-01 00:00:00,1.05,1.05,1.01,1.03,692180
2014-09-30 00:00:00,1.06,1.08,1.04,1.06,490484
2014-09-29 00:00:00,1.05,1.07,1.02,1.07,864274
2014-09-26 00:00:00,1.05,1.05,1.03,1.05,352240
2014-09-25 00:00:00,1.05,1.07,1.02,1.05,974302
2014-09-24 00:00:00,1.0,1.03,1.0,1.01,1109865
2014-09-23 00:00:00,1.02,1.07,1.0,1.0,2128723
2014-09-22 00:00:00,1.04,1.05,1.0,1.02,887642
2014-09-19 00:00:00,1.03,1.04,1.02,1.04,573798
2014-09-18 00:00:00,1.05,1.05,1.0,1.03,994116
2014-09-17 00:00:00,1.04,1.06,1.03,1.05,438375
2014-09-16 00:00:00,1.05,1.05,1.03,1.05,260038
2014-09-15 00:00:00,1.08,1.08,0.99,1.06,1961342
2014-09-12 00:00:00,1.08,1.08,1.07,1.08,245184
2014-09-11 00:00:00,1.11,1.11,1.07,1.08,822960
2014-09-10 00:00:00,1.11,1.11,1.09,1.11,403986
2014-09-09 00:00:00,1.1,1.12,1.09,1.1,421196
2014-09-08 00:00:00,1.12,1.12,1.07,1.1,828940
2014-09-05 00:00:00,1.12,1.12,1.1,1.11,645413
2014-09-04 00:00:00,1.12,1.13,1.11,1.12,192636
2014-09-03 00:00:00,1.12,1.14,1.12,1.13,227121
2014-09-02 00:00:00,1.14,1.15,1.12,1.12,235946
2014-09-01 00:00:00,1.15,1.15,1.12,1.14,649123
2014-08-29 00:00:00,1.12,1.15,1.12,1.15,773982
2014-08-28 00:00:00,1.13,1.13,1.11,1.13,227654
2014-08-27 00:00:00,1.11,1.13,1.1,1.13,267031
2014-08-26 00:00:00,1.11,1.11,1.1,1.1,172084
2014-08-25 00:00:00,1.1,1.11,1.1,1.11,378763
2014-08-22 00:00:00,1.13,1.13,1.1,1.1,1339627
2014-08-21 00:00:00,1.12,1.13,1.11,1.13,357428
2014-08-20 00:00:00,1.15,1.15,1.12,1.13,504086
2014-08-19 00:00:00,1.17,1.19,1.13,1.14,3408390
2014-08-18 00:00:00,1.16,1.17,1.15,1.17,188179
2014-08-15 00:00:00,1.15,1.16,1.14,1.15,260023
2014-08-14 00:00:00,1.15,1.16,1.14,1.15,394661
2014-08-13 00:00:00,1.14,1.16,1.14,1.15,599017
2014-08-12 00:00:00,1.14,1.15,1.14,1.15,1027410
2014-08-11 00:00:00,1.12,1.14,1.12,1.14,541318
2014-08-08 00:00:00,1.12,1.14,1.12,1.13,222804
2014-08-07 00:00:00,1.13,1.14,1.13,1.14,74218
2014-08-06 00:00:00,1.14,1.14,1.12,1.14,382402
2014-08-05 00:00:00,1.11,1.14,1.11,1.14,195967
2014-08-04 00:00:00,1.1,1.13,1.1,1.12,345890
2014-08-01 00:00:00,1.11,1.12,1.1,1.12,133440
2014-07-31 00:00:00,1.12,1.12,1.11,1.12,263862
2014-07-30 00:00:00,1.12,1.12,1.12,1.12,44905
2014-07-29 00:00:00,1.12,1.13,1.12,1.12,73599
2014-07-28 00:00:00,1.13,1.13,1.12,1.12,239061
2014-07-25 00:00:00,1.13,1.14,1.12,1.12,55741
2014-07-24 00:00:00,1.14,1.14,1.13,1.14,108246
2014-07-23 00:00:00,1.14,1.14,1.13,1.13,63036
2014-07-22 00:00:00,1.12,1.13,1.11,1.13,663927
2014-07-21 00:00:00,1.13,1.14,1.12,1.13,370450
2014-07-18 00:00:00,1.13,1.14,1.13,1.14,94622
2014-07-17 00:00:00,1.13,1.15,1.12,1.13,130157
2014-07-16 00:00:00,1.14,1.15,1.13,1.13,541798
2014-07-15 00:00:00,1.15,1.15,1.14,1.14,138072
2014-07-14 00:00:00,1.16,1.17,1.15,1.15,146588
2014-07-11 00:00:00,1.14,1.16,1.14,1.16,511827
2014-07-10 00:00:00,1.16,1.16,1.14,1.14,246480
2014-07-09 00:00:00,1.16,1.16,1.15,1.15,398750
2014-07-08 00:00:00,1.16,1.17,1.15,1.15,334530
2014-07-07 00:00:00,1.16,1.18,1.15,1.17,352950
2014-07-04 00:00:00,1.16,1.18,1.16,1.16,592458
2014-07-03 00:00:00,1.14,1.16,1.13,1.16,1035855
2014-07-02 00:00:00,1.13,1.16,1.13,1.14,1918079
2014-07-01 00:00:00,1.13,1.14,1.12,1.13,138334
2014-06-30 00:00:00,1.14,1.14,1.13,1.14,234407
2014-06-27 00:00:00,1.11,1.14,1.11,1.14,807352
2014-06-26 00:00:00,1.12,1.13,1.11,1.13,297800
2014-06-25 00:00:00,1.13,1.13,1.12,1.13,117550
2014-06-24 00:00:00,1.12,1.14,1.12,1.14,319562
2014-06-23 00:00:00,1.14,1.14,1.13,1.14,564019
2014-06-20 00:00:00,,1.14,1.14,1.14,0
2014-06-19 00:00:00,1.15,1.15,1.13,1.14,167058
2014-06-18 00:00:00,1.14,1.15,1.13,1.15,109475
2014-06-17 00:00:00,1.13,1.14,1.13,1.14,109910
2014-06-16 00:00:00,1.13,1.15,1.12,1.13,501557
2014-06-13 00:00:00,1.15,1.15,1.13,1.15,713224
2014-06-12 00:00:00,1.16,1.16,1.14,1.14,220930
2014-06-11 00:00:00,1.15,1.16,1.14,1.14,329341
2014-06-10 00:00:00,1.15,1.16,1.14,1.15,390381
2014-06-09 00:00:00,1.15,1.16,1.15,1.15,267695
2014-06-06 00:00:00,,1.15,1.15,1.15,0
2014-06-05 00:00:00,1.15,1.16,1.15,1.15,219550
2014-06-04 00:00:00,1.15,1.16,1.15,1.15,277068
2014-06-03 00:00:00,1.15,1.16,1.15,1.16,196682
2014-06-02 00:00:00,1.16,1.17,1.15,1.16,357622
2014-05-30 00:00:00,1.15,1.16,1.14,1.16,501326
2014-05-28 00:00:00,1.15,1.16,1.15,1.16,281606
2014-05-27 00:00:00,1.15,1.16,1.15,1.15,291643
2014-05-26 00:00:00,1.17,1.17,1.14,1.15,2436807
2014-05-23 00:00:00,1.17,1.18,1.16,1.16,509879
2014-05-22 00:00:00,1.16,1.17,1.16,1.16,241509
2014-05-21 00:00:00,1.16,1.18,1.16,1.18,1418194
2014-05-20 00:00:00,1.17,1.18,1.16,1.17,630005
2014-05-19 00:00:00,1.18,1.18,1.16,1.17,1149923
2014-05-16 00:00:00,1.16,1.17,1.16,1.17,551832
2014-05-15 00:00:00,1.14,1.18,1.14,1.18,1391195
2014-05-14 00:00:00,1.15,1.16,1.14,1.15,454786
2014-05-13 00:00:00,1.15,1.17,1.15,1.15,1291996
2014-05-12 00:00:00,1.18,1.18,1.14,1.15,666916
2014-05-09 00:00:00,1.15,1.19,1.15,1.17,1124524
2014-05-08 00:00:00,1.16,1.17,1.15,1.17,3159304
2014-05-07 00:00:00,1.14,1.16,1.13,1.16,1667547
2014-05-06 00:00:00,1.13,1.14,1.12,1.14,229694
2014-05-05 00:00:00,1.15,1.15,1.12,1.13,358720
2014-05-02 00:00:00,1.13,1.15,1.11,1.15,661737
2014-05-01 00:00:00,,1.13,1.13,1.13,0
2014-04-30 00:00:00,1.13,1.13,1.12,1.13,74619
2014-04-29 00:00:00,1.12,1.13,1.12,1.12,198654
2014-04-28 00:00:00,1.12,1.13,1.1,1.13,694685
2014-04-25 00:00:00,1.13,1.13,1.11,1.12,720596
2014-04-24 00:00:00,1.15,1.15,1.11,1.12,1530393
2014-04-23 00:00:00,1.11,1.15,1.11,1.14,935261
2014-04-22 00:00:00,1.1,1.13,1.1,1.11,1589977
2014-04-17 00:00:00,1.08,1.1,1.08,1.08,770348
2014-04-16 00:00:00,1.12,1.12,1.1,1.11,1297576
2014-04-15 00:00:00,1.14,1.14,1.12,1.12,929648
2014-04-14 00:00:00,1.14,1.15,1.12,1.14,457892
2014-04-11 00:00:00,1.14,1.15,1.13,1.14,681314
2014-04-10 00:00:00,1.14,1.15,1.13,1.14,928368
2014-04-09 00:00:00,1.12,1.13,1.11,1.12,426140
2014-04-08 00:00:00,1.12,1.13,1.11,1.12,714609
2014-04-07 00:00:00,1.12,1.13,1.12,1.12,823500
2014-04-04 00:00:00,1.13,1.16,1.12,1.14,518995
2014-04-03 00:00:00,1.14,1.14,1.12,1.13,790490
2014-04-02 00:00:00,1.13,1.14,1.12,1.14,481581
2014-04-01 00:00:00,1.13,1.14,1.13,1.14,235140
2014-03-31 00:00:00,1.11,1.14,1.11,1.13,405955
2014-03-28 00:00:00,1.12,1.12,1.1,1.11,335033
2014-03-27 00:00:00,1.14,1.14,1.11,1.12,294232
2014-03-26 00:00:00,1.15,1.15,1.13,1.14,610147
2014-03-25 00:00:00,1.13,1.14,1.12,1.13,199751
2014-03-24 00:00:00,1.15,1.15,1.12,1.13,620400
2014-03-21 00:00:00,1.13,1.14,1.13,1.14,446350
2014-03-20 00:00:00,1.15,1.15,1.14,1.14,228109
2014-03-19 00:00:00,1.15,1.16,1.14,1.14,372573
2014-03-18 00:00:00,1.13,1.16,1.13,1.15,475152
2014-03-17 00:00:00,1.15,1.16,1.14,1.16,175699
2014-03-14 00:00:00,1.14,1.15,1.12,1.15,510043
2014-03-13 00:00:00,1.13,1.16,1.13,1.15,761648
2014-03-12 00:00:00,1.14,1.14,1.12,1.14,647016
2014-03-11 00:00:00,1.15,1.16,1.13,1.14,1069200
2014-03-10 00:00:00,1.14,1.18,1.14,1.14,980811
2014-03-07 00:00:00,1.14,1.16,1.13,1.13,335609
2014-03-06 00:00:00,1.15,1.16,1.15,1.15,273966
2014-03-05 00:00:00,1.18,1.18,1.15,1.16,319462
2014-03-04 00:00:00,1.14,1.18,1.13,1.17,536288
2014-03-03 00:00:00,1.16,1.16,1.05,1.14,2657853
2014-02-28 00:00:00,1.18,1.19,1.18,1.18,552960
2014-02-27 00:00:00,1.21,1.21,1.18,1.19,735317
2014-02-26 00:00:00,1.19,1.2,1.19,1.2,246200
2014-02-25 00:00:00,1.2,1.2,1.19,1.2,690733
2014-02-24 00:00:00,1.2,1.2,1.19,1.2,399424
2014-02-21 00:00:00,1.2,1.2,1.18,1.19,166486
2014-02-20 00:00:00,1.19,1.2,1.18,1.19,222756
2014-02-19 00:00:00,1.19,1.2,1.18,1.2,701613
2014-02-18 00:00:00,1.19,1.21,1.19,1.2,527323
2014-02-17 00:00:00,1.2,1.2,1.18,1.19,383550
2014-02-14 00:00:00,1.18,1.2,1.18,1.18,559723
2014-02-13 00:00:00,1.18,1.22,1.18,1.19,1019178
2014-02-12 00:00:00,1.19,1.21,1.17,1.21,3406118
2014-02-11 00:00:00,1.18,1.2,1.18,1.19,711756
2014-02-10 00:00:00,1.18,1.19,1.17,1.18,760656
2014-02-07 00:00:00,1.2,1.2,1.17,1.18,1623331
2014-02-06 00:00:00,1.2,1.23,1.17,1.19,9250965
2014-02-05 00:00:00,1.11,1.12,1.09,1.12,817699
2014-02-04 00:00:00,1.11,1.14,1.08,1.12,1458723
2014-02-03 00:00:00,1.12,1.13,1.11,1.13,387591
2014-01-31 00:00:00,1.12,1.13,1.12,1.12,294554
2014-01-30 00:00:00,1.12,1.14,1.12,1.12,420125
2014-01-29 00:00:00,1.15,1.15,1.13,1.14,895241
2014-01-28 00:00:00,1.14,1.15,1.13,1.14,948690
2014-01-27 00:00:00,1.11,1.14,1.1,1.13,1344165
2014-01-24 00:00:00,1.16,1.16,1.1,1.12,3188435
2014-01-23 00:00:00,1.16,1.21,1.14,1.15,9925447
2014-01-22 00:00:00,1.12,1.16,1.12,1.16,889306
2014-01-21 00:00:00,1.15,1.16,1.12,1.12,1838318
2014-01-20 00:00:00,1.14,1.15,1.13,1.14,774684
2014-01-17 00:00:00,1.14,1.15,1.13,1.14,391666
2014-01-16 00:00:00,1.15,1.15,1.13,1.15,889456
2014-01-15 00:00:00,1.13,1.15,1.13,1.15,554774
2014-01-14 00:00:00,1.13,1.15,1.12,1.15,1359684
2014-01-13 00:00:00,1.13,1.15,1.12,1.14,980202
2014-01-10 00:00:00,1.11,1.14,1.11,1.14,917367
2014-01-09 00:00:00,1.1,1.11,1.09,1.1,449631
2014-01-08 00:00:00,1.11,1.12,1.09,1.1,807425
2014-01-07 00:00:00,1.1,1.12,1.09,1.11,1408893
2014-01-06 00:00:00,,1.09,1.09,1.09,0
2014-01-03 00:00:00,1.12,1.12,1.09,1.09,516738
2014-01-02 00:00:00,1.07,1.13,1.07,1.12,1018520
2013-12-31 00:00:00,,1.06,1.06,1.06,0
2013-12-30 00:00:00,1.05,1.09,1.05,1.06,1484429
2013-12-27 00:00:00,1.09,1.1,1.05,1.06,1561407
2013-12-23 00:00:00,1.11,1.12,1.09,1.09,1438255
2013-12-20 00:00:00,1.14,1.14,1.11,1.12,551750
2013-12-19 00:00:00,1.15,1.15,1.13,1.14,712875
2013-12-18 00:00:00,1.13,1.16,1.13,1.14,843766
2013-12-17 00:00:00,1.14,1.15,1.13,1.13,650845
2013-12-16 00:00:00,1.15,1.16,1.14,1.14,1078960
2013-12-13 00:00:00,1.16,1.18,1.15,1.16,362700
2013-12-12 00:00:00,1.17,1.18,1.15,1.16,799219
2013-12-11 00:00:00,1.17,1.18,1.15,1.17,721021
2013-12-10 00:00:00,1.19,1.19,1.17,1.18,483600
2013-12-09 00:00:00,1.19,1.2,1.17,1.19,615977
2013-12-06 00:00:00,1.18,1.2,1.16,1.19,1616574
2013-12-05 00:00:00,1.19,1.19,1.18,1.18,559226
2013-12-04 00:00:00,1.2,1.2,1.18,1.19,682361
2013-12-03 00:00:00,1.18,1.2,1.15,1.2,2164329
2013-12-02 00:00:00,1.16,1.21,1.16,1.18,3071355
2013-11-29 00:00:00,1.14,1.16,1.13,1.16,1421181
2013-11-28 00:00:00,1.15,1.15,1.13,1.15,1448679
2013-11-27 00:00:00,1.13,1.15,1.11,1.15,890039
2013-11-26 00:00:00,1.12,1.15,1.12,1.13,1365307
2013-11-25 00:00:00,1.13,1.13,1.11,1.13,596208
2013-11-22 00:00:00,1.13,1.14,1.1,1.13,970362
2013-11-21 00:00:00,1.15,1.15,1.1,1.13,1353731
2013-11-20 00:00:00,1.17,1.17,1.14,1.15,630594
2013-11-19 00:00:00,1.17,1.18,1.14,1.16,814601
2013-11-18 00:00:00,1.16,1.18,1.13,1.17,1231345
2013-11-15 00:00:00,1.11,1.15,1.1,1.15,2059674
2013-11-14 00:00:00,1.1,1.13,1.09,1.1,1415776
2013-11-13 00:00:00,1.04,1.1,1.04,1.1,1774116
2013-11-12 00:00:00,1.03,1.05,1.03,1.04,646613
2013-11-11 00:00:00,1.03,1.05,1.02,1.03,822250
2013-11-08 00:00:00,1.02,1.03,1.01,1.03,408586
2013-11-07 00:00:00,1.01,1.03,1.0,1.02,930724
2013-11-06 00:00:00,1.01,1.03,0.99,1.02,1403634
2013-11-05 00:00:00,1.03,1.03,1.0,1.0,1072933
2013-11-04 00:00:00,1.04,1.05,1.02,1.04,906913
2013-11-01 00:00:00,1.06,1.06,1.04,1.04,296534
2013-10-31 00:00:00,1.07,1.07,1.03,1.04,1799798
2013-10-30 00:00:00,1.05,1.08,1.05,1.06,689010
2013-10-29 00:00:00,1.03,1.07,1.03,1.05,706467
2013-10-28 00:00:00,1.09,1.09,1.0,1.03,7571530
2013-10-25 00:00:00,1.12,1.13,1.07,1.08,1768239
2013-10-24 00:00:00,1.13,1.15,1.08,1.12,5634580
2013-10-23 00:00:00,1.1,1.17,1.09,1.13,4312834
2013-10-22 00:00:00,1.04,1.09,1.01,1.08,4081113
2013-10-21 00:00:00,0.93,1.0,0.93,1.0,4899181
2013-10-18 00:00:00,0.94,0.95,0.91,0.95,957166
2013-10-17 00:00:00,0.94,0.94,0.91,0.94,1057769
2013-10-16 00:00:00,0.93,0.94,0.92,0.94,462054
2013-10-15 00:00:00,0.95,0.95,0.93,0.94,942731
2013-10-14 00:00:00,0.95,0.96,0.94,0.95,338043
2013-10-11 00:00:00,0.99,0.99,0.97,0.97,336674
2013-10-10 00:00:00,0.94,0.99,0.94,0.98,408267
2013-10-09 00:00:00,0.97,0.97,0.93,0.95,981429
2013-10-08 00:00:00,0.93,0.97,0.93,0.97,1225321
2013-10-07 00:00:00,0.97,0.99,0.92,0.95,4510724
2013-10-04 00:00:00,1.0,1.0,0.96,1.0,1388044
2013-10-03 00:00:00,1.02,1.03,1.0,1.0,3123941
2013-10-02 00:00:00,1.05,1.05,1.03,1.03,667770
2013-10-01 00:00:00,1.05,1.06,1.04,1.05,516238
2013-09-30 00:00:00,1.06,1.07,1.05,1.05,303096
2013-09-27 00:00:00,1.03,1.08,1.03,1.06,1873907
2013-09-26 00:00:00,1.04,1.06,1.03,1.04,1232775
2013-09-25 00:00:00,1.05,1.05,1.03,1.04,873855
2013-09-24 00:00:00,1.05,1.07,1.04,1.05,1767398
2013-09-23 00:00:00,1.07,1.08,1.05,1.06,1795602
2013-09-20 00:00:00,1.09,1.09,1.07,1.09,1192310
2013-09-19 00:00:00,1.09,1.1,1.07,1.09,1567599
2013-09-18 00:00:00,1.1,1.1,1.06,1.09,7550651
2013-09-17 00:00:00,1.12,1.12,1.06,1.1,2007140
2013-09-16 00:00:00,1.09,1.13,1.09,1.12,1396495
2013-09-13 00:00:00,1.1,1.11,1.08,1.09,2434984
2013-09-12 00:00:00,1.13,1.14,1.1,1.12,2793000
2013-09-11 00:00:00,1.15,1.15,1.13,1.14,650972
2013-09-10 00:00:00,1.15,1.16,1.14,1.15,1055425
2013-09-09 00:00:00,1.18,1.18,1.15,1.16,844880
2013-09-06 00:00:00,1.17,1.17,1.15,1.16,397485
2013-09-05 00:00:00,1.16,1.18,1.15,1.17,1466914
2013-09-04 00:00:00,1.15,1.17,1.15,1.16,607858
2013-09-03 00:00:00,1.17,1.18,1.15,1.17,801091
2013-09-02 00:00:00,1.17,1.18,1.15,1.18,486583
2013-08-30 00:00:00,1.15,1.17,1.15,1.17,684897
2013-08-29 00:00:00,1.14,1.17,1.14,1.17,729753
2013-08-28 00:00:00,1.14,1.16,1.14,1.15,701773
2013-08-27 00:00:00,1.17,1.17,1.15,1.16,754070
2013-08-26 00:00:00,1.17,1.17,1.14,1.17,718562
2013-08-23 00:00:00,1.15,1.18,1.12,1.16,2416455
2013-08-22 00:00:00,1.19,1.2,1.15,1.17,968386
2013-08-21 00:00:00,1.19,1.19,1.16,1.18,592995
2013-08-20 00:00:00,1.18,1.19,1.15,1.17,887906
2013-08-19 00:00:00,1.16,1.18,1.16,1.16,526418
2013-08-16 00:00:00,1.18,1.18,1.16,1.17,726793
2013-08-15 00:00:00,1.16,1.18,1.16,1.18,693315
2013-08-14 00:00:00,1.16,1.17,1.16,1.17,760440
2013-08-13 00:00:00,1.17,1.18,1.16,1.16,1148731
2013-08-12 00:00:00,1.2,1.2,1.16,1.18,1397000
2013-08-09 00:00:00,1.2,1.21,1.19,1.21,548075
2013-08-08 00:00:00,1.2,1.21,1.19,1.19,500749
2013-08-07 00:00:00,1.22,1.22,1.17,1.2,1741308
2013-08-06 00:00:00,1.22,1.23,1.22,1.22,561197
2013-08-05 00:00:00,1.25,1.25,1.22,1.22,413385
2013-08-02 00:00:00,1.24,1.25,1.22,1.23,429703
2013-08-01 00:00:00,1.21,1.25,1.21,1.23,1160541
2013-07-31 00:00:00,1.21,1.22,1.2,1.21,256882
2013-07-30 00:00:00,1.2,1.21,1.19,1.21,691150
2013-07-29 00:00:00,1.2,1.21,1.17,1.2,635969
2013-07-26 00:00:00,1.19,1.2,1.18,1.2,348059
2013-07-25 00:00:00,1.2,1.21,1.18,1.18,422278
2013-07-24 00:00:00,1.2,1.21,1.19,1.2,532675
2013-07-23 00:00:00,1.21,1.22,1.2,1.21,612495
2013-07-22 00:00:00,1.21,1.22,1.19,1.21,996693
2013-07-19 00:00:00,1.25,1.25,1.21,1.22,616047
2013-07-18 00:00:00,1.24,1.24,1.23,1.23,1022489
2013-07-17 00:00:00,1.22,1.25,1.21,1.24,1030485
2013-07-16 00:00:00,1.21,1.22,1.19,1.22,1192440
2013-07-15 00:00:00,1.25,1.25,1.18,1.21,2121310
2013-07-12 00:00:00,1.25,1.27,1.23,1.25,1425059
2013-07-11 00:00:00,1.27,1.27,1.23,1.24,1294489
2013-07-10 00:00:00,1.28,1.31,1.23,1.27,3135493
2013-07-09 00:00:00,1.34,1.39,1.25,1.28,3527327
2013-07-08 00:00:00,1.3,1.45,1.28,1.32,11359381
2013-07-05 00:00:00,1.23,1.3,1.23,1.3,2768855
2013-07-04 00:00:00,1.19,1.23,1.19,1.23,1128735
2013-07-03 00:00:00,1.18,1.19,1.17,1.19,717331
2013-07-02 00:00:00,1.19,1.19,1.17,1.17,546671
2013-07-01 00:00:00,1.19,1.21,1.17,1.19,803620
2013-06-28 00:00:00,1.19,1.19,1.17,1.18,508840
2013-06-27 00:00:00,1.18,1.2,1.16,1.19,1141803
2013-06-26 00:00:00,1.2,1.22,1.16,1.19,2342492
2013-06-25 00:00:00,1.2,1.34,1.17,1.19,8103725
2013-06-24 00:00:00,1.22,1.24,1.17,1.2,1126221
2013-06-21 00:00:00,,1.2,1.2,1.2,0
2013-06-20 00:00:00,1.19,1.22,1.17,1.2,846767
2013-06-19 00:00:00,1.2,1.2,1.16,1.19,1394975
2013-06-18 00:00:00,1.21,1.22,1.17,1.2,1192177
2013-06-17 00:00:00,1.17,1.21,1.14,1.21,2900855
2013-06-14 00:00:00,1.15,1.18,1.13,1.17,1830644
2013-06-13 00:00:00,1.09,1.14,1.08,1.14,691040
2013-06-12 00:00:00,1.1,1.12,1.09,1.1,415626
2013-06-11 00:00:00,1.13,1.13,1.1,1.11,655757
2013-06-10 00:00:00,1.07,1.12,1.05,1.11,1457366
2013-06-07 00:00:00,1.06,1.07,1.05,1.07,821287
2013-06-06 00:00:00,,1.06,1.06,1.06,0
2013-06-05 00:00:00,1.07,1.07,1.05,1.06,719103
2013-06-04 00:00:00,1.06,1.08,1.06,1.07,621939
2013-06-03 00:00:00,1.07,1.09,1.06,1.07,445792
2013-05-31 00:00:00,1.09,1.11,1.08,1.08,263352
2013-05-30 00:00:00,1.09,1.12,1.07,1.09,585628
2013-05-29 00:00:00,1.08,1.1,1.05,1.1,879877
2013-05-28 00:00:00,1.11,1.11,1.08,1.1,454760
2013-05-27 00:00:00,1.12,1.12,1.07,1.1,957238
2013-05-24 00:00:00,1.15,1.16,1.13,1.13,488571
2013-05-23 00:00:00,1.14,1.16,1.12,1.15,855405
2013-05-22 00:00:00,1.1,1.2,1.08,1.16,3566976
2013-05-21 00:00:00,1.05,1.11,1.05,1.1,2143606
2013-05-20 00:00:00,1.07,1.07,1.04,1.05,1708729
2013-05-17 00:00:00,1.08,1.09,1.06,1.07,1421075
2013-05-16 00:00:00,1.1,1.11,1.07,1.09,1224975
2013-05-15 00:00:00,1.08,1.12,1.08,1.1,1317074
2013-05-14 00:00:00,1.13,1.13,0.98,1.09,4035619
2013-05-13 00:00:00,1.21,1.22,1.14,1.16,1561944
2013-05-10 00:00:00,1.2,1.22,1.2,1.2,760171
2013-05-09 00:00:00,,1.19,1.19,1.19,0
2013-05-08 00:00:00,1.24,1.24,1.17,1.19,1069741
2013-05-07 00:00:00,1.25,1.25,1.21,1.23,1511889
2013-05-06 00:00:00,1.23,1.26,1.22,1.25,1257569
2013-05-03 00:00:00,1.23,1.25,1.2,1.23,1393312
2013-05-02 00:00:00,1.22,1.24,1.2,1.23,2332581
2013-05-01 00:00:00,,1.22,1.22,1.22,0
2013-04-30 00:00:00,1.23,1.23,1.2,1.22,1696489
2013-04-29 00:00:00,1.22,1.26,1.18,1.22,3922744
2013-04-26 00:00:00,1.08,1.38,1.08,1.21,16933179
2013-04-25 00:00:00,1.04,1.1,1.04,1.08,2107771
2013-04-24 00:00:00,1.03,1.06,1.03,1.04,1355604
2013-04-23 00:00:00,1.09,1.09,1.04,1.06,1990662
2013-04-22 00:00:00,1.08,1.09,1.07,1.07,387383
2013-04-19 00:00:00,1.09,1.1,1.07,1.08,877763
2013-04-18 00:00:00,1.09,1.09,1.05,1.08,1901891
2013-04-17 00:00:00,1.09,1.11,1.07,1.08,2567223
2013-04-16 00:00:00,1.1,1.1,1.05,1.1,874566
2013-04-15 00:00:00,1.15,1.15,1.08,1.09,3366602
2013-04-12 00:00:00,1.1,1.1,1.06,1.07,1890949
2013-04-11 00:00:00,1.05,1.1,1.04,1.1,2504250
2013-04-10 00:00:00,1.02,1.06,1.02,1.04,2315491
2013-04-09 00:00:00,1.0,1.04,0.98,1.02,1993783
2013-04-08 00:00:00,0.98,1.01,0.95,0.99,1929356
2013-04-05 00:00:00,0.93,0.99,0.91,0.97,2319047
2013-04-04 00:00:00,0.91,0.94,0.91,0.93,1160116
2013-04-03 00:00:00,0.91,0.94,0.91,0.92,1212388
2013-04-02 00:00:00,0.93,0.93,0.91,0.92,738657
2013-04-01 00:00:00,,0.93,0.93,0.93,0
2013-03-29 00:00:00,0.96,0.93,0.93,0.93,2040026
2013-03-28 00:00:00,0.96,0.96,0.94,0.94,2040026
2013-03-27 00:00:00,0.96,0.96,0.94,0.94,2040026
2013-03-26 00:00:00,0.98,0.99,0.95,0.96,1303439
2013-03-25 00:00:00,0.91,1.04,0.9,0.97,12199870
2013-03-22 00:00:00,0.91,0.92,0.9,0.91,1551786
2013-03-21 00:00:00,0.94,0.94,0.9,0.91,1071068
2013-03-20 00:00:00,0.93,0.93,0.91,0.93,2115259
2013-03-19 00:00:00,0.9,0.95,0.89,0.93,4400039
2013-03-18 00:00:00,0.89,0.9,0.87,0.9,3405242
2013-03-15 00:00:00,0.84,0.95,0.84,0.89,5410497
2013-03-14 00:00:00,0.83,0.85,0.82,0.84,987492
2013-03-13 00:00:00,0.85,0.85,0.82,0.84,1165539
2013-03-12 00:00:00,0.84,0.86,0.84,0.85,670650
2013-03-11 00:00:00,0.85,0.86,0.83,0.86,1262635
2013-03-08 00:00:00,0.85,0.85,0.82,0.85,2344937
2013-03-07 00:00:00,0.85,0.85,0.8,0.85,9582392
2013-03-06 00:00:00,0.88,0.88,0.82,0.85,8819376
2013-03-05 00:00:00,0.75,0.88,0.75,0.88,13208608
2013-03-04 00:00:00,0.74,0.76,0.74,0.76,236450
2013-03-01 00:00:00,0.76,0.76,0.74,0.76,530733
2013-02-28 00:00:00,0.76,0.76,0.74,0.76,926441
2013-02-27 00:00:00,0.73,0.76,0.73,0.76,1335021
2013-02-26 00:00:00,0.76,0.76,0.72,0.73,888146
2013-02-25 00:00:00,0.73,0.76,0.73,0.75,688909
2013-02-22 00:00:00,0.74,0.75,0.74,0.75,795342
2013-02-21 00:00:00,0.75,0.75,0.74,0.74,287744
2013-02-20 00:00:00,0.75,0.75,0.73,0.74,421174
2013-02-19 00:00:00,0.75,0.75,0.74,0.74,576725
2013-02-18 00:00:00,0.74,0.74,0.73,0.74,973886
2013-02-15 00:00:00,0.73,0.73,0.72,0.73,950861
2013-02-14 00:00:00,0.73,0.73,0.72,0.72,408979
2013-02-13 00:00:00,0.71,0.73,0.71,0.73,1475844
2013-02-12 00:00:00,0.73,0.74,0.72,0.73,971973
2013-02-11 00:00:00,0.73,0.74,0.72,0.73,2122514
2013-02-08 00:00:00,0.73,0.74,0.72,0.73,1858150
2013-02-07 00:00:00,0.73,0.73,0.72,0.72,1819728
2013-02-06 00:00:00,0.71,0.74,0.7,0.72,2288528
2013-02-05 00:00:00,0.67,0.71,0.67,0.71,2193141
2013-02-04 00:00:00,0.68,0.69,0.68,0.68,773866
2013-02-01 00:00:00,0.68,0.69,0.67,0.68,563651
2013-01-31 00:00:00,0.69,0.69,0.67,0.68,1471540
2013-01-30 00:00:00,0.68,0.69,0.67,0.68,1655958
2013-01-29 00:00:00,0.7,0.7,0.66,0.68,2399239
2013-01-28 00:00:00,0.71,0.72,0.68,0.7,4968965
2013-01-25 00:00:00,0.75,0.75,0.71,0.72,3489568
2013-01-24 00:00:00,0.76,0.77,0.73,0.74,3406814
2013-01-23 00:00:00,0.75,0.77,0.74,0.75,5764208
2013-01-22 00:00:00,0.67,0.75,0.65,0.73,5781643
2013-01-21 00:00:00,0.74,0.74,0.67,0.69,5895666
2013-01-18 00:00:00,0.75,0.77,0.74,0.74,2743906
2013-01-17 00:00:00,0.75,0.76,0.74,0.75,1367459
2013-01-16 00:00:00,0.78,0.78,0.75,0.76,1528843
2013-01-15 00:00:00,0.8,0.8,0.76,0.78,3234269
2013-01-14 00:00:00,0.79,0.82,0.78,0.79,3973513
2013-01-11 00:00:00,0.78,0.8,0.76,0.79,4801851
2013-01-10 00:00:00,0.74,0.8,0.72,0.76,12193415
2013-01-09 00:00:00,0.73,0.73,0.7,0.72,3333975
2013-01-08 00:00:00,0.71,0.73,0.67,0.7,11987917
2013-01-07 00:00:00,0.59,0.82,0.57,0.7,32473647
2013-01-04 00:00:00,0.51,0.62,0.51,0.58,7392150
2013-01-03 00:00:00,0.51,0.52,0.5,0.51,2300701
2013-01-02 00:00:00,0.49,0.51,0.49,0.51,2229233
2013-01-01 00:00:00,,0.49,0.49,0.49,0
2012-12-31 00:00:00,,0.49,0.49,0.49,0
2012-12-28 00:00:00,0.47,0.49,0.47,0.49,1936615
2012-12-27 00:00:00,0.48,0.49,0.47,0.47,3307046
2012-12-26 00:00:00,,0.48,0.48,0.48,0
2012-12-25 00:00:00,,0.48,0.48,0.48,0
2012-12-24 00:00:00,,0.48,0.48,0.48,0
2012-12-21 00:00:00,0.48,0.5,0.48,0.48,2549555
2012-12-20 00:00:00,0.5,0.51,0.48,0.48,3265064
2012-12-19 00:00:00,0.49,0.51,0.48,0.5,4679104
2012-12-18 00:00:00,0.48,0.5,0.48,0.49,864446
2012-12-17 00:00:00,0.5,0.5,0.48,0.48,1741254
2012-12-14 00:00:00,0.5,0.53,0.49,0.5,3536023
2012-12-13 00:00:00,0.49,0.5,0.48,0.49,1022697
2012-12-12 00:00:00,0.49,0.51,0.48,0.49,1949597
2012-12-11 00:00:00,0.49,0.51,0.47,0.49,3676932
2012-12-10 00:00:00,0.48,0.51,0.45,0.49,4947626
2012-12-07 00:00:00,0.5,0.5,0.44,0.48,3796093
2012-12-06 00:00:00,0.53,0.53,0.48,0.49,6152274
2012-12-05 00:00:00,0.48,0.53,0.47,0.53,9214176
2012-12-04 00:00:00,0.41,0.48,0.41,0.47,4632233
2012-12-03 00:00:00,0.43,0.44,0.4,0.4,21914225
2012-11-30 00:00:00,0.43,0.44,0.43,0.43,2100599
2012-11-29 00:00:00,0.43,0.43,0.42,0.43,920925
2012-11-28 00:00:00,0.42,0.43,0.42,0.43,1435814
2012-11-27 00:00:00,0.42,0.43,0.41,0.42,2554298
2012-11-26 00:00:00,0.41,0.42,0.4,0.42,1751707
2012-11-23 00:00:00,0.4,0.41,0.4,0.4,296704
2012-11-22 00:00:00,0.39,0.41,0.39,0.4,635032
2012-11-21 00:00:00,0.39,0.41,0.39,0.39,2599183
2012-11-20 00:00:00,0.39,0.39,0.38,0.38,621588
2012-11-19 00:00:00,0.4,0.4,0.38,0.39,1236621
2012-11-16 00:00:00,0.39,0.4,0.38,0.39,452096
2012-11-15 00:00:00,0.39,0.39,0.38,0.38,463466
2012-11-14 00:00:00,0.4,0.4,0.39,0.39,400680
2012-11-13 00:00:00,0.39,0.4,0.38,0.39,642494
2012-11-12 00:00:00,0.37,0.4,0.37,0.39,2065348
2012-11-09 00:00:00,0.38,0.38,0.37,0.37,890826
2012-11-08 00:00:00,0.4,0.4,0.38,0.38,1573108
2012-11-07 00:00:00,0.39,0.41,0.39,0.4,1001712
2012-11-06 00:00:00,0.4,0.41,0.4,0.41,978473
2012-11-05 00:00:00,0.42,0.42,0.39,0.4,3251920
2012-11-02 00:00:00,0.42,0.42,0.42,0.42,157640
2012-11-01 00:00:00,0.41,0.43,0.41,0.43,1792186
2012-10-31 00:00:00,0.41,0.42,0.4,0.41,2224112
2012-10-30 00:00:00,0.39,0.42,0.39,0.41,3976310
2012-10-29 00:00:00,0.38,0.4,0.38,0.39,1082942
2012-10-26 00:00:00,0.39,0.39,0.38,0.38,859771
2012-10-25 00:00:00,0.38,0.41,0.38,0.39,13227403
2012-10-24 00:00:00,0.36,0.38,0.36,0.38,1512556
2012-10-23 00:00:00,0.38,0.38,0.36,0.36,1250794
2012-10-22 00:00:00,0.36,0.38,0.36,0.38,3229746
2012-10-19 00:00:00,0.38,0.38,0.36,0.37,2682248
2012-10-18 00:00:00,0.38,0.38,0.35,0.37,4006874
2012-10-17 00:00:00,0.42,0.43,0.37,0.38,15970388
2012-10-16 00:00:00,0.4,0.44,0.38,0.42,26005010
2012-10-15 00:00:00,0.28,0.38,0.28,0.37,18599920
2012-10-12 00:00:00,0.29,0.3,0.28,0.29,470305
2012-10-11 00:00:00,0.3,0.3,0.28,0.28,557000
2012-10-10 00:00:00,0.3,0.3,0.28,0.29,670228
2012-10-09 00:00:00,0.31,0.31,0.29,0.3,1763075
2012-10-08 00:00:00,0.3,0.31,0.3,0.3,415499
2012-10-05 00:00:00,0.31,0.31,0.3,0.31,227615
2012-10-04 00:00:00,0.3,0.32,0.3,0.31,476131
2012-10-03 00:00:00,0.31,0.32,0.3,0.31,208386
2012-10-02 00:00:00,0.31,0.32,0.3,0.31,900526
2012-10-01 00:00:00,0.32,0.32,0.31,0.32,1707312
2012-09-28 00:00:00,0.32,0.32,0.31,0.32,1219915
2012-09-27 00:00:00,0.32,0.32,0.31,0.32,102600
2012-09-26 00:00:00,0.32,0.33,0.31,0.32,516058
2012-09-25 00:00:00,0.32,0.32,0.31,0.32,1134214
2012-09-24 00:00:00,0.33,0.33,0.31,0.32,2553268
2012-09-21 00:00:00,0.31,0.32,0.31,0.32,158000
2012-09-20 00:00:00,0.33,0.33,0.32,0.32,1314672
2012-09-19 00:00:00,0.33,0.34,0.32,0.33,2145821
2012-09-18 00:00:00,0.33,0.33,0.31,0.33,3442431
2012-09-17 00:00:00,0.29,0.34,0.29,0.33,7063792
2012-09-14 00:00:00,0.3,0.31,0.29,0.29,1751867
2012-09-13 00:00:00,0.29,0.3,0.28,0.29,3408767
2012-09-12 00:00:00,0.31,0.31,0.29,0.3,165250
2012-09-11 00:00:00,0.3,0.32,0.3,0.31,2735433
2012-09-10 00:00:00,0.3,0.31,0.3,0.3,898228
