Dates,Open,High,Low,Close,Volume
2017-09-08 00:00:00,70.25,71.75,70.25,71.75,2761
2017-09-07 00:00:00,71.25,72.0,70.25,71.75,1927
2017-09-06 00:00:00,72.25,72.25,70.25,71.0,1316
2017-09-04 00:00:00,70.25,71.0,69.25,70.75,5820
2017-09-01 00:00:00,72.0,72.0,68.5,70.75,8010
2017-08-31 00:00:00,71.0,72.0,70.5,72.0,3688
2017-08-30 00:00:00,71.0,72.0,70.75,71.0,1349
2017-08-29 00:00:00,70.5,72.25,70.25,71.0,2550
2017-08-28 00:00:00,71.5,71.5,70.75,71.5,1512
2017-08-25 00:00:00,72.0,72.0,70.75,72.0,1373
2017-08-24 00:00:00,70.5,72.25,70.5,71.0,2750
2017-08-23 00:00:00,72.5,73.0,69.5,71.75,1739
2017-08-22 00:00:00,70.5,72.5,70.5,72.0,5408
2017-08-21 00:00:00,72.0,72.5,71.0,71.0,1542
2017-08-18 00:00:00,72.5,72.5,71.0,71.0,113
2017-08-17 00:00:00,70.5,72.75,69.5,72.75,2684
2017-08-16 00:00:00,71.0,71.5,70.0,70.5,3435
2017-08-15 00:00:00,71.5,71.5,70.0,70.0,6378
2017-08-14 00:00:00,72.0,73.0,71.0,71.0,16750
2017-08-11 00:00:00,73.5,73.5,72.0,72.0,758
2017-08-10 00:00:00,73.0,73.5,72.25,73.5,862
2017-08-09 00:00:00,71.75,73.5,71.75,72.75,2870
2017-08-08 00:00:00,72.0,73.0,72.0,73.0,2292
2017-08-07 00:00:00,72.0,72.75,71.5,72.5,2345
2017-08-04 00:00:00,73.0,73.0,72.0,72.0,1896
2017-08-03 00:00:00,72.0,73.0,71.5,73.0,1680
2017-08-02 00:00:00,73.0,73.0,71.5,72.75,2805
2017-08-01 00:00:00,72.5,73.0,71.5,73.0,1475
2017-07-31 00:00:00,73.25,73.25,71.75,71.75,764
2017-07-28 00:00:00,71.75,73.25,71.5,73.25,3960
2017-07-27 00:00:00,71.5,71.75,71.5,71.75,4320
2017-07-26 00:00:00,71.5,72.5,71.5,71.5,4135
2017-07-25 00:00:00,71.5,72.25,71.5,71.5,2825
2017-07-24 00:00:00,71.5,72.5,71.5,72.5,2887
2017-07-21 00:00:00,71.5,72.0,71.5,72.0,2001
2017-07-20 00:00:00,71.5,72.5,71.5,72.5,260
2017-07-19 00:00:00,71.5,72.75,71.5,72.5,4112
2017-07-18 00:00:00,71.5,72.5,71.5,72.25,2211
2017-07-17 00:00:00,71.5,72.0,69.5,69.5,2519
2017-07-14 00:00:00,72.5,72.5,71.5,71.5,3889
2017-07-13 00:00:00,73.0,73.75,71.75,72.5,3037
2017-07-12 00:00:00,72.0,72.5,71.5,71.5,6181
2017-07-11 00:00:00,71.5,72.75,71.5,72.25,3146
2017-07-10 00:00:00,71.5,72.0,71.0,71.75,687
2017-07-07 00:00:00,71.5,72.5,71.5,71.75,5909
2017-07-06 00:00:00,72.0,72.0,71.5,71.5,3928
2017-07-05 00:00:00,71.75,72.75,71.5,72.0,4854
2017-07-04 00:00:00,73.25,74.0,71.5,71.5,7742
2017-07-03 00:00:00,71.75,73.25,71.5,72.5,5098
2017-06-30 00:00:00,72.0,73.0,72.0,72.75,1125
2017-06-29 00:00:00,72.0,73.0,71.5,73.0,6163
2017-06-28 00:00:00,72.0,72.75,71.5,72.75,7279
2017-06-27 00:00:00,71.75,73.0,71.5,72.0,2714
2017-06-26 00:00:00,74.0,74.0,71.5,72.25,6511
2017-06-23 00:00:00,,73.5,73.5,73.5,0
2017-06-22 00:00:00,73.75,74.0,71.5,73.5,11457
2017-06-21 00:00:00,74.5,74.5,72.0,74.5,5274
2017-06-20 00:00:00,72.0,74.75,72.0,74.0,10544
2017-06-19 00:00:00,70.75,71.75,69.5,70.5,9186
2017-06-16 00:00:00,69.5,71.0,69.0,70.75,4093
2017-06-15 00:00:00,73.0,73.5,69.5,70.5,13486
2017-06-14 00:00:00,72.75,73.5,71.5,73.25,12001
2017-06-13 00:00:00,74.0,75.0,72.5,72.75,6933
2017-06-12 00:00:00,75.5,75.5,72.0,74.0,16680
2017-06-09 00:00:00,75.25,76.0,75.0,75.5,4612
2017-06-08 00:00:00,76.5,76.5,75.0,76.5,8050
2017-06-07 00:00:00,77.0,77.0,75.25,76.5,3822
2017-06-06 00:00:00,,77.25,77.25,77.25,0
2017-06-05 00:00:00,77.0,77.5,76.5,77.25,1843
2017-06-02 00:00:00,76.5,78.0,75.25,77.0,3043
2017-06-01 00:00:00,77.25,78.25,76.5,76.5,1755
2017-05-31 00:00:00,78.25,79.25,77.5,77.5,5755
2017-05-30 00:00:00,78.75,79.5,78.25,78.25,7913
2017-05-29 00:00:00,79.5,80.0,78.5,78.5,2549
2017-05-26 00:00:00,79.0,79.25,78.25,78.75,6164
2017-05-24 00:00:00,78.25,78.5,78.25,78.5,1593
2017-05-23 00:00:00,78.25,79.0,78.25,78.5,2738
2017-05-22 00:00:00,78.5,78.75,78.25,78.25,4348
2017-05-19 00:00:00,80.0,80.0,75.75,78.25,15864
2017-05-18 00:00:00,81.0,81.75,80.25,81.75,7510
2017-05-17 00:00:00,81.25,81.25,80.0,80.5,5982
2017-05-16 00:00:00,81.0,81.0,79.0,81.0,5185
2017-05-15 00:00:00,80.5,81.0,79.25,81.0,5764
2017-05-12 00:00:00,81.0,79.0,79.0,79.0,6584
2017-05-11 00:00:00,79.25,81.25,79.0,81.0,2304
2017-05-10 00:00:00,79.5,79.75,79.0,79.25,1914
2017-05-09 00:00:00,78.5,79.75,78.5,79.75,4833
2017-05-08 00:00:00,78.75,79.0,78.5,78.5,24336
2017-05-05 00:00:00,79.5,79.5,78.5,78.75,3896
2017-05-04 00:00:00,80.75,80.75,78.25,78.5,7983
2017-05-03 00:00:00,80.5,80.75,80.0,80.25,2109
2017-05-02 00:00:00,80.5,81.0,80.5,80.75,3603
2017-05-01 00:00:00,,81.0,81.0,81.0,0
2017-04-28 00:00:00,81.25,81.25,80.5,81.0,2454
2017-04-27 00:00:00,79.0,81.5,79.0,81.25,1605
2017-04-26 00:00:00,78.75,79.75,78.75,79.0,29039
2017-04-25 00:00:00,82.0,83.25,82.0,82.5,2128
2017-04-24 00:00:00,84.0,84.0,82.0,82.25,2568
2017-04-21 00:00:00,83.5,83.5,80.75,82.5,2885
2017-04-20 00:00:00,84.5,84.5,81.75,82.5,757
2017-04-19 00:00:00,81.5,85.25,80.25,83.0,19430
2017-04-18 00:00:00,81.5,81.5,79.0,79.5,2228
2017-04-13 00:00:00,81.0,82.0,81.0,81.75,3152
2017-04-12 00:00:00,80.0,80.75,80.0,80.0,1682
2017-04-11 00:00:00,80.0,80.0,78.75,78.75,4306
2017-04-10 00:00:00,79.0,80.0,79.0,79.5,4905
2017-04-07 00:00:00,79.0,79.0,78.0,79.0,1414
2017-04-06 00:00:00,78.25,79.75,78.0,79.5,2528
2017-04-05 00:00:00,78.5,79.0,78.0,78.25,2694
2017-04-04 00:00:00,78.25,79.25,77.5,79.25,1077
2017-04-03 00:00:00,77.75,78.5,77.5,78.25,4844
2017-03-31 00:00:00,78.25,79.0,77.75,78.75,1415
2017-03-30 00:00:00,78.5,80.0,77.5,78.5,7660
2017-03-29 00:00:00,78.75,78.75,77.25,78.5,3401
2017-03-28 00:00:00,78.5,78.5,78.25,78.5,1515
2017-03-27 00:00:00,77.5,78.0,77.5,78.0,1597
2017-03-24 00:00:00,78.0,78.5,77.75,78.0,12511
2017-03-23 00:00:00,78.75,79.5,78.0,78.75,2410
2017-03-22 00:00:00,78.0,78.5,78.0,78.0,8004
2017-03-21 00:00:00,78.0,78.25,78.0,78.25,7425
2017-03-20 00:00:00,77.75,78.75,77.75,78.0,10023
2017-03-17 00:00:00,79.0,79.0,78.0,78.25,1973
2017-03-16 00:00:00,79.75,79.75,78.75,78.75,1880
2017-03-15 00:00:00,78.0,80.0,78.0,78.0,2664
2017-03-14 00:00:00,79.25,79.75,78.0,78.0,352
2017-03-13 00:00:00,78.5,79.75,78.0,78.25,8048
2017-03-10 00:00:00,79.5,78.5,78.5,78.5,6643
2017-03-09 00:00:00,80.0,80.0,79.0,79.5,10924
2017-03-08 00:00:00,79.5,80.0,79.25,80.0,3413
2017-03-07 00:00:00,79.5,80.0,79.5,79.5,2197
2017-03-06 00:00:00,80.0,80.5,79.25,79.5,3426
2017-03-03 00:00:00,80.0,81.0,81.0,81.0,7432
2017-03-02 00:00:00,79.75,80.25,79.25,80.0,6389
2017-03-01 00:00:00,80.25,80.25,79.0,80.0,3119
2017-02-28 00:00:00,80.0,80.25,79.5,80.25,1151
2017-02-27 00:00:00,79.75,80.0,79.0,80.0,8799
2017-02-24 00:00:00,80.25,80.75,79.75,80.0,5941
2017-02-23 00:00:00,79.0,80.0,79.0,80.0,8575
2017-02-22 00:00:00,81.0,82.5,79.0,79.0,16652
2017-02-21 00:00:00,79.25,83.0,79.25,80.75,8859
2017-02-20 00:00:00,79.5,80.75,79.0,79.5,3949
2017-02-17 00:00:00,80.0,81.0,79.5,80.0,2068
2017-02-16 00:00:00,81.25,81.25,79.75,80.0,3214
2017-02-15 00:00:00,80.0,80.25,79.5,80.25,4470
2017-02-14 00:00:00,79.0,80.25,79.0,79.5,5356
2017-02-13 00:00:00,79.0,80.0,79.0,79.0,2669
2017-02-10 00:00:00,79.0,79.75,78.25,79.75,7938
2017-02-09 00:00:00,80.0,80.5,79.0,80.0,1895
2017-02-08 00:00:00,80.25,80.5,79.0,79.75,9455
2017-02-07 00:00:00,80.25,81.5,80.0,81.0,5992
2017-02-06 00:00:00,80.0,82.0,80.0,80.0,5487
2017-02-03 00:00:00,80.0,82.0,80.0,80.75,1809
2017-02-02 00:00:00,81.75,82.0,80.25,81.25,2184
2017-02-01 00:00:00,80.25,81.75,80.0,81.75,1326
2017-01-31 00:00:00,80.0,80.75,80.0,80.75,1338
2017-01-30 00:00:00,81.75,81.75,79.25,79.5,8435
2017-01-27 00:00:00,81.5,82.0,80.25,81.75,5732
2017-01-26 00:00:00,82.0,82.5,80.5,81.5,4730
2017-01-25 00:00:00,81.0,82.0,80.25,82.0,3649
2017-01-24 00:00:00,81.75,84.0,79.0,81.0,21375
2017-01-23 00:00:00,81.5,82.25,80.75,81.75,7388
2017-01-20 00:00:00,80.75,82.0,80.25,81.5,9794
2017-01-19 00:00:00,81.0,81.5,80.75,81.0,6146
2017-01-18 00:00:00,81.5,83.5,81.0,81.0,11696
2017-01-17 00:00:00,81.5,83.0,80.75,81.0,8303
2017-01-16 00:00:00,81.25,82.25,81.25,81.5,1687
2017-01-13 00:00:00,81.5,83.0,81.5,81.5,5446
2017-01-12 00:00:00,82.0,82.25,81.75,82.25,3772
2017-01-11 00:00:00,83.0,83.0,82.0,83.0,1488
2017-01-10 00:00:00,82.25,87.0,81.25,83.75,10299
2017-01-09 00:00:00,82.0,84.25,81.0,82.25,5589
2017-01-06 00:00:00,,81.25,81.25,81.25,0
2017-01-05 00:00:00,81.25,82.25,81.25,81.25,1880
2017-01-04 00:00:00,84.0,84.0,81.75,81.75,2345
2017-01-03 00:00:00,81.75,83.75,81.75,83.75,1480
2017-01-02 00:00:00,82.5,82.5,81.5,82.5,3287
2016-12-30 00:00:00,81.0,81.75,80.5,81.75,5171
2016-12-29 00:00:00,81.0,81.75,80.25,81.5,4659
2016-12-28 00:00:00,81.5,81.75,80.0,81.5,4981
2016-12-27 00:00:00,80.75,81.25,80.25,81.25,6225
2016-12-23 00:00:00,81.5,82.25,80.0,80.75,9010
2016-12-22 00:00:00,82.5,82.5,81.0,81.0,7848
2016-12-21 00:00:00,84.5,84.5,82.25,82.75,2401
2016-12-20 00:00:00,84.25,85.75,84.0,84.5,2035
2016-12-19 00:00:00,83.5,83.5,82.0,83.5,1057
2016-12-16 00:00:00,84.0,85.0,83.25,83.5,4061
2016-12-15 00:00:00,83.25,84.0,83.0,84.0,552
2016-12-14 00:00:00,83.0,83.25,82.0,83.0,1941
2016-12-13 00:00:00,82.75,83.25,81.5,83.0,5164
2016-12-12 00:00:00,83.0,83.0,82.0,82.75,2693
2016-12-09 00:00:00,83.5,84.25,82.75,83.0,1809
2016-12-08 00:00:00,85.0,85.0,83.0,83.75,5038
2016-12-07 00:00:00,83.0,84.75,81.5,84.75,3474
2016-12-06 00:00:00,85.0,85.75,83.75,84.25,2453
2016-12-05 00:00:00,85.75,86.0,84.75,85.0,2873
2016-12-02 00:00:00,86.0,87.25,82.75,85.0,6623
2016-12-01 00:00:00,85.25,86.0,83.75,84.5,3722
2016-11-30 00:00:00,87.0,88.0,85.5,86.75,3150
2016-11-29 00:00:00,88.5,89.0,86.75,88.0,4410
2016-11-28 00:00:00,88.75,89.5,87.5,87.5,18033
2016-11-25 00:00:00,84.25,86.75,84.25,86.5,7097
2016-11-24 00:00:00,84.0,87.0,83.0,84.25,7411
2016-11-23 00:00:00,86.5,89.5,84.0,84.0,43751
2016-11-22 00:00:00,80.0,81.25,78.75,81.25,2402
2016-11-21 00:00:00,78.0,80.75,78.0,80.75,2739
2016-11-18 00:00:00,78.0,79.0,76.5,78.0,3372
2016-11-17 00:00:00,77.5,78.5,75.0,77.5,5436
2016-11-16 00:00:00,77.75,79.5,77.75,78.5,1795
2016-11-15 00:00:00,77.5,79.0,77.0,78.5,3206
2016-11-14 00:00:00,80.0,80.75,78.0,78.0,9732
2016-11-11 00:00:00,82.75,84.0,81.25,82.5,2452
2016-11-10 00:00:00,81.0,84.5,80.75,81.25,8770
2016-11-09 00:00:00,77.0,80.75,77.0,80.75,12355
2016-11-08 00:00:00,79.0,80.75,77.75,77.75,1990
2016-11-07 00:00:00,79.5,80.0,77.75,78.25,7572
2016-11-04 00:00:00,80.25,80.25,80.0,80.0,374
2016-11-03 00:00:00,80.0,81.0,78.75,80.25,1242
2016-11-02 00:00:00,79.5,81.0,78.75,81.0,3684
2016-11-01 00:00:00,81.0,81.0,78.0,79.5,4560
2016-10-31 00:00:00,81.0,81.0,79.0,80.75,5578
2016-10-28 00:00:00,82.0,82.0,80.25,81.25,3326
2016-10-27 00:00:00,81.25,82.5,80.0,81.0,3517
2016-10-26 00:00:00,80.75,81.5,80.0,80.0,4499
2016-10-25 00:00:00,80.25,81.75,80.25,80.75,2996
2016-10-24 00:00:00,81.0,81.75,77.0,80.75,7246
2016-10-21 00:00:00,80.0,82.5,80.0,80.5,2991
2016-10-20 00:00:00,82.5,82.5,81.5,81.5,1868
2016-10-19 00:00:00,81.0,82.5,81.0,82.5,1917
2016-10-18 00:00:00,79.0,81.0,79.0,81.0,6784
2016-10-17 00:00:00,80.25,82.25,78.5,79.75,11770
2016-10-14 00:00:00,82.5,82.5,80.0,80.75,6701
2016-10-13 00:00:00,82.5,82.5,81.25,81.75,9060
2016-10-12 00:00:00,82.0,82.5,81.0,82.5,4213
2016-10-11 00:00:00,83.0,83.0,81.5,81.5,4783
2016-10-10 00:00:00,82.75,83.75,81.75,83.75,4051
2016-10-07 00:00:00,83.0,83.75,82.5,82.75,1078
2016-10-06 00:00:00,84.25,84.25,82.0,83.0,4598
2016-10-05 00:00:00,85.75,85.75,83.5,84.25,1002
2016-10-04 00:00:00,84.5,85.5,83.75,84.25,5656
2016-10-03 00:00:00,85.0,85.5,84.75,85.25,2095
2016-09-30 00:00:00,84.5,85.5,84.25,85.5,6127
2016-09-29 00:00:00,85.75,88.0,84.5,84.5,9992
2016-09-28 00:00:00,85.75,87.75,85.5,86.25,2311
2016-09-27 00:00:00,87.5,88.0,85.75,86.75,2772
2016-09-26 00:00:00,87.0,88.0,87.0,88.0,1937
2016-09-23 00:00:00,87.25,87.25,86.0,86.5,1656
2016-09-22 00:00:00,85.25,88.0,85.25,88.0,11054
2016-09-21 00:00:00,87.0,87.0,85.5,85.5,4315
2016-09-20 00:00:00,86.5,88.0,86.25,86.25,2046
2016-09-19 00:00:00,87.75,87.75,86.5,86.5,1385
2016-09-16 00:00:00,87.75,87.75,86.25,87.5,4811
2016-09-15 00:00:00,88.0,88.25,86.5,87.75,3031
2016-09-14 00:00:00,88.5,88.75,87.5,88.5,923
2016-09-13 00:00:00,88.0,89.0,87.5,88.5,5154
2016-09-12 00:00:00,88.0,88.0,86.75,88.0,879
2016-09-09 00:00:00,87.75,89.75,86.75,89.0,10533
2016-09-08 00:00:00,87.0,87.5,86.75,87.25,3518
2016-09-07 00:00:00,88.0,88.0,87.0,88.0,7369
2016-09-06 00:00:00,87.0,87.75,86.75,87.75,12154
2016-09-05 00:00:00,85.0,87.5,85.0,87.0,10017
2016-09-02 00:00:00,84.0,85.25,82.75,83.75,3371
2016-09-01 00:00:00,85.0,85.5,83.5,84.0,2975
2016-08-31 00:00:00,84.75,85.25,84.0,85.25,4738
2016-08-30 00:00:00,85.25,85.75,84.75,85.75,3397
2016-08-29 00:00:00,87.5,87.5,85.75,85.75,3843
2016-08-26 00:00:00,86.5,88.0,86.0,86.25,3009
2016-08-25 00:00:00,87.5,88.0,86.0,86.0,1278
2016-08-24 00:00:00,87.0,87.0,85.75,87.0,6146
2016-08-23 00:00:00,83.5,85.75,83.5,85.75,6357
2016-08-22 00:00:00,87.5,87.5,84.0,85.75,8362
2016-08-19 00:00:00,87.0,87.0,85.75,87.0,1301
2016-08-18 00:00:00,85.75,86.75,85.75,86.75,927
2016-08-17 00:00:00,85.25,87.0,85.25,86.0,1539
2016-08-16 00:00:00,87.75,87.75,86.0,86.0,3214
2016-08-15 00:00:00,83.75,89.0,83.75,87.0,6019
2016-08-12 00:00:00,83.75,85.75,83.75,84.5,848
2016-08-11 00:00:00,86.5,86.75,83.75,83.75,2164
2016-08-10 00:00:00,87.0,87.75,85.5,87.5,3249
2016-08-09 00:00:00,87.5,88.0,85.5,87.0,4174
2016-08-08 00:00:00,83.0,88.25,83.0,87.5,22188
2016-08-05 00:00:00,81.25,83.75,81.25,82.75,856
2016-08-04 00:00:00,83.25,83.25,81.25,82.0,4619
2016-08-03 00:00:00,84.75,84.75,80.0,80.75,1074
2016-08-02 00:00:00,81.25,81.25,80.0,80.25,2725
2016-08-01 00:00:00,82.0,82.0,80.25,81.25,1976
2016-07-29 00:00:00,82.75,82.75,81.25,82.0,324
2016-07-28 00:00:00,80.75,82.25,80.75,82.25,1418
2016-07-27 00:00:00,80.5,82.75,80.5,82.75,534
2016-07-26 00:00:00,80.5,82.75,80.5,82.0,1291
2016-07-25 00:00:00,82.0,82.75,80.0,80.5,5851
2016-07-22 00:00:00,82.75,82.75,80.5,82.0,2922
2016-07-21 00:00:00,82.5,83.0,81.75,82.5,2033
2016-07-20 00:00:00,84.0,84.0,82.5,83.5,4669
2016-07-19 00:00:00,84.0,84.0,83.25,84.0,428
2016-07-18 00:00:00,83.5,84.5,83.5,84.25,3293
2016-07-15 00:00:00,84.0,84.0,83.5,83.5,492
2016-07-14 00:00:00,82.75,86.25,82.0,83.75,5456
2016-07-13 00:00:00,83.75,84.5,83.75,84.5,2510
2016-07-12 00:00:00,86.75,86.75,83.5,84.75,4648
2016-07-11 00:00:00,84.0,86.75,84.0,85.75,4763
2016-07-08 00:00:00,87.25,87.25,87.0,87.0,227
2016-07-07 00:00:00,84.0,87.5,84.0,87.5,2251
2016-07-06 00:00:00,87.25,87.5,85.75,87.25,5631
2016-07-05 00:00:00,82.25,86.75,82.25,86.25,10889
2016-07-04 00:00:00,82.0,82.5,82.0,82.5,1522
2016-07-01 00:00:00,81.25,82.5,81.25,82.5,1313
2016-06-30 00:00:00,79.5,82.5,79.5,81.5,2001
2016-06-29 00:00:00,80.75,81.25,79.25,81.25,1689
2016-06-28 00:00:00,80.5,80.75,78.5,80.5,3867
2016-06-27 00:00:00,74.25,80.5,74.25,80.5,18155
2016-06-24 00:00:00,,80.0,80.0,80.0,0
2016-06-23 00:00:00,79.75,81.75,79.5,80.0,3858
2016-06-22 00:00:00,80.0,81.0,78.75,79.25,5701
2016-06-21 00:00:00,82.75,82.75,82.0,82.0,860
2016-06-20 00:00:00,79.0,82.0,79.0,81.75,5149
2016-06-17 00:00:00,80.25,82.0,78.5,80.0,3287
2016-06-16 00:00:00,81.0,84.5,78.5,80.25,7801
2016-06-15 00:00:00,84.25,84.25,80.75,81.0,5631
2016-06-14 00:00:00,82.5,83.0,81.25,82.0,3397
2016-06-13 00:00:00,82.5,84.75,81.0,81.25,6714
2016-06-10 00:00:00,85.0,85.25,84.0,84.0,3030
2016-06-09 00:00:00,84.0,85.5,84.0,85.25,1990
2016-06-08 00:00:00,85.75,85.75,83.5,83.5,3162
2016-06-07 00:00:00,84.25,86.0,84.25,86.0,2813
2016-06-06 00:00:00,,85.75,85.75,85.75,0
2016-06-03 00:00:00,86.0,86.0,84.5,85.75,1154
2016-06-02 00:00:00,85.0,86.0,85.0,85.75,1833
2016-06-01 00:00:00,85.25,86.75,84.5,85.0,2056
2016-05-31 00:00:00,85.75,87.0,85.5,87.0,2831
2016-05-30 00:00:00,88.25,88.25,86.0,86.0,1381
2016-05-27 00:00:00,87.25,88.5,85.75,85.75,3601
2016-05-26 00:00:00,86.75,88.0,86.0,86.5,6833
2016-05-25 00:00:00,85.0,86.0,84.75,85.5,1997
2016-05-24 00:00:00,85.25,85.25,83.5,84.0,6400
2016-05-23 00:00:00,88.5,88.5,85.5,85.5,1402
2016-05-20 00:00:00,85.5,87.75,84.75,87.75,8041
2016-05-19 00:00:00,87.5,89.5,86.25,89.0,8220
2016-05-18 00:00:00,86.25,87.75,85.75,87.75,5879
2016-05-17 00:00:00,88.0,88.0,86.0,86.25,5585
2016-05-16 00:00:00,88.75,88.75,87.0,88.0,606
2016-05-13 00:00:00,89.0,89.0,88.0,88.75,945
2016-05-12 00:00:00,87.0,89.0,86.0,88.0,4284
2016-05-11 00:00:00,89.75,89.75,88.5,89.0,1790
2016-05-10 00:00:00,88.75,90.75,86.5,89.0,2797
2016-05-09 00:00:00,89.0,89.0,87.0,88.25,6946
2016-05-06 00:00:00,88.5,89.0,87.0,89.0,2326
2016-05-05 00:00:00,87.0,90.0,87.0,88.5,5804
2016-05-04 00:00:00,87.0,90.0,87.0,88.5,5804
2016-05-03 00:00:00,87.5,87.75,84.0,85.25,8346
2016-05-02 00:00:00,84.75,88.0,84.5,88.0,2162
2016-04-29 00:00:00,85.75,86.0,84.0,85.5,3874
2016-04-28 00:00:00,85.0,85.75,83.0,84.25,1632
2016-04-27 00:00:00,86.25,86.25,82.0,85.75,10889
2016-04-26 00:00:00,89.0,89.0,87.25,88.25,2441
2016-04-25 00:00:00,89.5,89.5,86.5,87.5,5434
2016-04-22 00:00:00,88.5,89.0,88.0,88.0,826
2016-04-21 00:00:00,88.5,88.5,87.0,88.5,1086
2016-04-20 00:00:00,89.5,89.5,87.0,89.0,1769
2016-04-19 00:00:00,86.0,90.0,86.0,89.0,5816
2016-04-18 00:00:00,85.75,87.0,85.5,86.0,3435
2016-04-15 00:00:00,86.0,86.25,85.0,86.0,6740
2016-04-14 00:00:00,86.25,86.25,85.25,86.0,1821
2016-04-13 00:00:00,86.0,87.0,85.75,86.25,2413
2016-04-12 00:00:00,88.0,89.0,85.25,85.25,3053
2016-04-11 00:00:00,87.5,88.0,86.5,86.5,1454
2016-04-08 00:00:00,85.0,87.25,85.0,87.0,1414
2016-04-07 00:00:00,86.0,87.0,85.0,86.25,3229
2016-04-06 00:00:00,88.75,89.0,85.0,85.0,6873
2016-04-05 00:00:00,89.0,89.0,87.0,87.0,1166
2016-04-04 00:00:00,89.0,89.0,87.75,88.0,3202
2016-04-01 00:00:00,86.75,89.0,86.75,89.0,2143
2016-03-31 00:00:00,89.25,90.0,87.0,88.5,1052
2016-03-30 00:00:00,88.0,89.25,88.0,89.25,1323
2016-03-29 00:00:00,88.5,89.0,87.0,87.0,3473
2016-03-28 00:00:00,87.5,88.0,87.75,87.75,1801
2016-03-25 00:00:00,87.5,88.0,87.0,87.75,1801
2016-03-24 00:00:00,87.5,88.0,87.0,87.75,1801
2016-03-23 00:00:00,88.0,88.0,85.0,88.0,9955
2016-03-22 00:00:00,89.0,89.0,89.0,89.0,71
2016-03-21 00:00:00,87.0,89.25,85.5,89.25,5720
2016-03-18 00:00:00,87.5,87.75,86.0,86.0,2968
2016-03-17 00:00:00,87.5,87.75,86.0,86.5,944
2016-03-16 00:00:00,86.0,87.75,86.0,86.0,816
2016-03-15 00:00:00,86.5,87.5,85.75,86.75,3663
2016-03-14 00:00:00,88.0,88.0,86.0,87.5,3197
2016-03-11 00:00:00,88.5,88.5,86.5,88.0,3074
2016-03-10 00:00:00,87.25,89.5,87.25,88.75,903
2016-03-09 00:00:00,88.75,89.0,87.0,87.5,4757
2016-03-08 00:00:00,87.0,88.5,86.5,88.0,4054
2016-03-07 00:00:00,90.0,90.0,86.5,87.25,8294
2016-03-04 00:00:00,89.25,90.0,88.0,90.0,5512
2016-03-03 00:00:00,91.75,92.0,89.25,89.25,1011
2016-03-02 00:00:00,92.0,92.0,90.0,91.75,4866
2016-03-01 00:00:00,90.0,91.75,89.0,91.0,5474
2016-02-29 00:00:00,86.0,90.0,85.0,89.0,12110
2016-02-26 00:00:00,85.0,85.0,84.0,85.0,5021
2016-02-25 00:00:00,84.25,85.0,84.25,85.0,3368
2016-02-24 00:00:00,87.0,87.0,85.0,85.0,6678
2016-02-23 00:00:00,87.25,87.25,85.75,87.0,2125
2016-02-22 00:00:00,88.25,88.25,86.5,87.5,1547
2016-02-19 00:00:00,87.5,87.5,86.0,87.0,2206
2016-02-18 00:00:00,87.0,88.5,85.75,87.5,5336
2016-02-17 00:00:00,89.5,90.0,86.5,89.0,13657
2016-02-16 00:00:00,89.0,89.0,86.75,87.0,6363
2016-02-15 00:00:00,89.5,89.5,85.5,87.25,3004
2016-02-12 00:00:00,87.0,88.25,85.5,88.0,2566
2016-02-11 00:00:00,88.0,90.0,85.25,87.0,1037
2016-02-10 00:00:00,84.75,88.0,84.75,88.0,6053
2016-02-09 00:00:00,87.0,87.0,84.0,84.25,2153
2016-02-08 00:00:00,87.0,87.0,84.5,84.5,2253
2016-02-05 00:00:00,86.0,86.0,83.75,84.0,5879
2016-02-04 00:00:00,86.5,87.0,84.5,86.0,1314
2016-02-03 00:00:00,85.0,87.5,84.75,86.25,1204
2016-02-02 00:00:00,88.25,88.5,85.25,86.0,2542
2016-02-01 00:00:00,87.25,88.25,84.75,87.25,3144
2016-01-29 00:00:00,84.25,87.25,84.0,87.25,2229
2016-01-28 00:00:00,85.0,85.75,83.5,83.5,2795
2016-01-27 00:00:00,85.0,85.25,84.75,85.0,3143
2016-01-26 00:00:00,83.0,87.0,83.0,86.0,153
2016-01-25 00:00:00,85.0,87.0,84.0,85.0,592
2016-01-22 00:00:00,84.5,85.5,83.5,83.5,8300
2016-01-21 00:00:00,84.75,85.0,83.5,84.5,3747
2016-01-20 00:00:00,86.25,87.25,85.0,85.0,2132
2016-01-19 00:00:00,85.0,87.75,85.0,87.0,1322
2016-01-18 00:00:00,85.5,89.25,85.25,87.25,1552
2016-01-15 00:00:00,85.0,90.25,85.0,85.0,3575
2016-01-14 00:00:00,86.75,88.75,83.75,84.5,7566
2016-01-13 00:00:00,89.75,91.5,86.0,86.0,4495
2016-01-12 00:00:00,89.25,90.0,86.75,89.0,5246
2016-01-11 00:00:00,88.0,88.0,86.25,86.5,4276
2016-01-08 00:00:00,89.25,90.0,88.0,88.0,2213
2016-01-07 00:00:00,88.25,88.25,85.0,88.0,7169
2016-01-06 00:00:00,,88.25,88.25,88.25,0
2016-01-05 00:00:00,88.0,88.25,88.0,88.25,1927
2016-01-04 00:00:00,87.0,88.25,86.5,88.25,5917
2016-01-01 00:00:00,,88.25,88.25,88.25,0
2015-12-31 00:00:00,,88.25,88.25,88.25,0
2015-12-30 00:00:00,87.75,88.25,87.0,88.25,6033
2015-12-29 00:00:00,88.75,89.75,87.5,88.5,4062
2015-12-28 00:00:00,88.25,90.0,88.0,90.0,1387
2015-12-25 00:00:00,90.0,90.5,88.25,89.25,821
2015-12-24 00:00:00,90.0,90.5,88.25,89.25,821
2015-12-23 00:00:00,90.0,90.5,88.25,89.25,821
2015-12-22 00:00:00,88.75,89.75,88.5,89.25,3693
2015-12-21 00:00:00,90.0,91.75,88.5,88.5,4386
2015-12-18 00:00:00,88.0,88.75,87.5,88.25,5318
2015-12-17 00:00:00,90.0,92.25,87.5,89.5,17471
2015-12-16 00:00:00,88.5,90.0,88.5,89.25,1473
2015-12-15 00:00:00,92.5,92.75,88.25,89.0,3847
2015-12-14 00:00:00,92.75,92.75,89.25,90.25,1319
2015-12-11 00:00:00,93.75,93.75,88.0,92.75,9437
2015-12-10 00:00:00,92.0,92.0,90.75,90.75,3968
2015-12-09 00:00:00,92.75,92.75,91.5,92.5,5359
2015-12-08 00:00:00,93.0,93.5,90.5,92.0,7897
2015-12-07 00:00:00,94.0,94.0,92.0,93.75,21667
2015-12-04 00:00:00,89.0,89.75,87.5,89.75,3108
2015-12-03 00:00:00,90.75,90.75,88.0,89.0,2852
2015-12-02 00:00:00,89.5,90.75,89.0,90.75,1676
2015-12-01 00:00:00,89.25,90.5,88.75,89.0,6992
2015-11-30 00:00:00,90.5,90.5,88.25,89.0,1957
2015-11-27 00:00:00,90.5,90.75,89.5,90.0,691
2015-11-26 00:00:00,90.5,90.75,89.5,89.5,1880
2015-11-25 00:00:00,89.5,90.75,88.5,90.5,3487
2015-11-24 00:00:00,90.25,91.0,88.5,89.0,4200
2015-11-23 00:00:00,90.75,92.5,89.0,89.75,6243
2015-11-20 00:00:00,91.75,91.75,91.5,91.5,1970
2015-11-19 00:00:00,91.0,91.75,90.0,91.75,3272
2015-11-18 00:00:00,90.75,91.5,90.25,91.5,1587
2015-11-17 00:00:00,92.5,92.5,90.5,90.5,6383
2015-11-16 00:00:00,93.0,93.0,91.0,91.75,4133
2015-11-13 00:00:00,92.5,94.0,92.5,93.0,1142
2015-11-12 00:00:00,94.5,94.5,91.25,93.75,8315
2015-11-11 00:00:00,95.25,99.0,92.5,94.0,35804
2015-11-10 00:00:00,94.0,94.0,92.5,93.75,7521
2015-11-09 00:00:00,92.0,94.0,90.25,94.0,12640
2015-11-06 00:00:00,91.75,92.0,90.0,92.0,4422
2015-11-05 00:00:00,89.0,90.0,88.5,89.0,4426
2015-11-04 00:00:00,92.0,92.25,88.75,89.0,9031
2015-11-03 00:00:00,90.75,92.0,89.5,92.0,5379
2015-11-02 00:00:00,89.0,91.5,88.75,90.0,2152
2015-10-30 00:00:00,89.25,90.0,88.75,88.75,3947
2015-10-29 00:00:00,89.0,90.0,88.75,89.75,833
2015-10-28 00:00:00,88.75,90.0,88.75,89.0,2496
2015-10-27 00:00:00,91.0,91.0,88.75,89.5,3161
2015-10-26 00:00:00,89.0,90.0,88.5,90.0,5204
2015-10-23 00:00:00,90.0,90.0,89.5,89.5,1773
2015-10-22 00:00:00,88.5,89.0,87.5,89.0,2770
2015-10-21 00:00:00,88.0,88.0,87.25,88.0,4514
2015-10-20 00:00:00,88.5,89.0,88.0,88.5,1325
2015-10-19 00:00:00,88.75,89.75,87.0,87.75,2244
2015-10-16 00:00:00,88.75,91.75,88.75,90.0,1242
2015-10-15 00:00:00,89.0,92.5,89.0,91.0,2129
2015-10-14 00:00:00,90.25,92.5,88.75,89.0,4774
2015-10-13 00:00:00,93.0,93.0,90.0,92.0,3617
2015-10-12 00:00:00,90.0,94.0,90.0,93.0,3742
2015-10-09 00:00:00,90.5,91.5,90.0,90.5,2171
2015-10-08 00:00:00,90.0,90.5,90.0,90.25,556
2015-10-07 00:00:00,88.0,90.0,87.25,90.0,2807
2015-10-06 00:00:00,90.0,90.0,87.25,90.0,1224
2015-10-05 00:00:00,87.75,90.0,85.25,89.75,5817
2015-10-02 00:00:00,90.0,91.5,86.75,86.75,4143
2015-10-01 00:00:00,89.0,90.0,85.5,88.0,5633
2015-09-30 00:00:00,80.5,90.0,80.5,88.75,9225
2015-09-29 00:00:00,81.5,81.75,78.0,81.5,10270
2015-09-28 00:00:00,83.0,83.0,81.75,81.75,1153
2015-09-25 00:00:00,82.0,84.75,81.25,82.5,8359
2015-09-24 00:00:00,86.75,86.75,80.0,81.5,8941
2015-09-23 00:00:00,86.0,86.0,77.5,85.5,27889
2015-09-22 00:00:00,86.0,86.25,82.75,85.25,11577
2015-09-21 00:00:00,87.75,89.0,86.5,86.75,5169
2015-09-18 00:00:00,90.0,90.0,87.0,87.0,10604
2015-09-17 00:00:00,90.5,90.5,88.75,89.75,958
2015-09-16 00:00:00,91.75,91.75,90.0,90.0,1552
2015-09-15 00:00:00,88.5,91.5,88.25,90.25,3073
2015-09-14 00:00:00,92.0,92.0,89.0,89.0,7367
2015-09-11 00:00:00,93.5,93.5,90.0,91.75,1972
2015-09-10 00:00:00,93.0,93.0,90.25,90.25,2736
2015-09-09 00:00:00,93.25,94.0,92.75,93.0,2310
2015-09-08 00:00:00,93.0,93.0,90.75,91.75,6748
2015-09-07 00:00:00,89.25,93.75,89.0,93.5,4663
2015-09-04 00:00:00,91.75,92.0,91.5,91.5,499
2015-09-03 00:00:00,88.25,93.0,88.25,92.25,5465
2015-09-02 00:00:00,89.75,91.0,89.75,90.0,2002
2015-09-01 00:00:00,89.5,91.0,88.0,90.5,3932
2015-08-31 00:00:00,92.0,93.5,90.0,90.0,4084
2015-08-28 00:00:00,93.0,93.0,91.25,91.25,4352
2015-08-27 00:00:00,93.0,93.0,91.75,93.0,5204
2015-08-26 00:00:00,92.5,92.5,88.25,89.75,5082
2015-08-25 00:00:00,85.0,94.25,85.0,90.0,9570
2015-08-24 00:00:00,87.5,88.0,84.5,85.25,23465
2015-08-21 00:00:00,93.0,93.0,88.75,90.0,5428
2015-08-20 00:00:00,93.5,93.5,91.0,93.0,6899
2015-08-19 00:00:00,95.5,95.5,94.5,94.75,1020
2015-08-18 00:00:00,96.0,96.0,94.75,95.75,8776
2015-08-17 00:00:00,96.5,96.5,93.0,96.0,7202
2015-08-14 00:00:00,95.25,96.5,94.0,94.0,1779
2015-08-13 00:00:00,95.0,97.5,93.75,95.0,1447
2015-08-12 00:00:00,95.75,95.75,93.0,93.0,2147
2015-08-11 00:00:00,95.25,97.75,95.0,95.0,4690
2015-08-10 00:00:00,97.5,98.25,95.0,97.0,2161
2015-08-07 00:00:00,96.25,98.0,96.25,96.5,1245
2015-08-06 00:00:00,97.0,98.5,96.5,98.5,1941
2015-08-05 00:00:00,98.0,98.75,96.75,98.75,3430
2015-08-04 00:00:00,95.25,99.25,95.25,98.0,6763
2015-08-03 00:00:00,94.25,96.0,94.25,96.0,1578
2015-07-31 00:00:00,95.0,95.75,94.0,94.0,2826
2015-07-30 00:00:00,94.5,97.0,94.5,94.5,2516
2015-07-29 00:00:00,98.0,98.0,93.0,95.0,30654
2015-07-28 00:00:00,101.0,102.5,99.75,101.5,3792
2015-07-27 00:00:00,100.75,101.5,100.0,101.0,17201
2015-07-24 00:00:00,97.25,100.0,97.25,100.0,6932
2015-07-23 00:00:00,97.75,100.0,97.0,99.5,9401
2015-07-22 00:00:00,98.0,99.0,96.5,97.75,4567
2015-07-21 00:00:00,98.0,98.0,96.0,98.0,1904
2015-07-20 00:00:00,97.75,100.0,97.5,98.0,7620
2015-07-17 00:00:00,98.5,98.5,95.0,96.25,4367
2015-07-16 00:00:00,99.25,99.25,95.5,95.5,4732
2015-07-15 00:00:00,98.5,98.5,95.25,95.25,4904
2015-07-14 00:00:00,97.75,100.0,97.75,98.5,6076
2015-07-13 00:00:00,95.0,98.0,94.0,98.0,12773
2015-07-10 00:00:00,95.0,96.0,93.5,95.0,4927
2015-07-09 00:00:00,95.0,95.5,93.0,95.5,4411
2015-07-08 00:00:00,93.75,97.0,92.5,95.5,5764
2015-07-07 00:00:00,92.25,94.75,92.25,94.5,8012
2015-07-06 00:00:00,90.0,94.5,90.0,94.0,8845
2015-07-03 00:00:00,93.5,93.5,90.0,92.25,2027
2015-07-02 00:00:00,93.0,93.0,91.0,93.0,4651
2015-07-01 00:00:00,89.5,94.5,89.5,93.25,10313
2015-06-30 00:00:00,87.5,90.0,87.5,90.0,6290
2015-06-29 00:00:00,88.0,89.5,87.5,89.0,6291
2015-06-26 00:00:00,88.75,90.75,88.0,90.0,3676
2015-06-25 00:00:00,89.5,89.75,89.0,89.75,1980
2015-06-24 00:00:00,90.0,90.25,89.5,89.5,1965
2015-06-23 00:00:00,90.0,91.25,89.25,90.0,12496
2015-06-22 00:00:00,92.0,92.0,90.0,92.0,3018
2015-06-19 00:00:00,,91.25,91.25,91.25,0
2015-06-18 00:00:00,90.5,92.75,90.5,91.25,2192
2015-06-17 00:00:00,90.0,94.5,90.0,91.0,7947
2015-06-16 00:00:00,87.5,90.0,87.25,88.5,3567
2015-06-15 00:00:00,87.25,89.75,87.25,88.0,6099
2015-06-12 00:00:00,89.25,91.0,89.25,90.0,4309
2015-06-11 00:00:00,91.0,91.25,89.0,91.0,6263
2015-06-10 00:00:00,89.5,91.0,85.75,90.75,9705
2015-06-09 00:00:00,91.75,91.75,89.5,91.25,3266
2015-06-08 00:00:00,89.5,93.0,89.5,91.5,3574
2015-06-05 00:00:00,89.5,90.0,87.5,89.5,15468
2015-06-04 00:00:00,93.75,93.75,90.5,90.5,4531
2015-06-03 00:00:00,92.75,93.5,92.25,93.5,5636
2015-06-02 00:00:00,92.0,93.5,90.0,92.5,10279
2015-06-01 00:00:00,95.0,95.5,92.0,92.5,8948
2015-05-29 00:00:00,94.75,95.0,93.0,95.0,4466
2015-05-28 00:00:00,95.0,95.0,93.0,94.75,4687
2015-05-27 00:00:00,93.5,95.0,93.0,95.0,5707
2015-05-26 00:00:00,94.0,96.0,93.0,93.75,15497
2015-05-25 00:00:00,94.5,98.75,94.5,95.5,5571
2015-05-22 00:00:00,95.0,97.0,94.75,96.0,8307
2015-05-21 00:00:00,93.5,98.0,93.5,97.0,6281
2015-05-20 00:00:00,97.0,98.0,95.0,95.0,17003
2015-05-19 00:00:00,96.0,97.0,96.0,96.75,3775
2015-05-18 00:00:00,95.0,97.0,95.0,96.5,5536
2015-05-15 00:00:00,96.5,96.5,94.75,95.0,4752
2015-05-14 00:00:00,95.5,96.25,93.5,96.25,2864
2015-05-13 00:00:00,95.5,96.25,93.5,96.25,2864
2015-05-12 00:00:00,96.0,97.25,93.0,95.75,4154
2015-05-11 00:00:00,94.25,97.5,94.25,95.75,12238
2015-05-08 00:00:00,94.0,94.5,91.0,94.0,7941
2015-05-07 00:00:00,94.0,94.5,91.0,94.0,10597
2015-05-06 00:00:00,93.5,94.0,92.0,94.0,7898
2015-05-05 00:00:00,97.25,97.25,93.75,94.0,12537
2015-05-04 00:00:00,96.5,97.75,96.0,97.5,6302
2015-05-01 00:00:00,95.75,98.0,95.25,97.75,10866
2015-04-30 00:00:00,95.75,98.0,95.25,97.75,10866
2015-04-29 00:00:00,95.0,97.75,94.25,95.25,68684
2015-04-28 00:00:00,91.25,91.5,90.0,91.5,6204
2015-04-27 00:00:00,92.0,92.5,90.0,91.5,8910
2015-04-24 00:00:00,90.0,93.0,89.0,91.75,11970
2015-04-23 00:00:00,89.75,89.75,88.0,89.75,6961
2015-04-22 00:00:00,90.0,90.5,88.5,90.5,3444
2015-04-21 00:00:00,90.0,91.0,89.0,90.5,6974
2015-04-20 00:00:00,88.0,90.5,87.25,90.0,20960
2015-04-17 00:00:00,89.0,89.0,87.25,88.0,5950
2015-04-16 00:00:00,87.75,89.5,87.0,87.75,9507
2015-04-15 00:00:00,87.5,88.0,86.75,87.5,10011
2015-04-14 00:00:00,84.0,88.0,84.0,86.5,30725
2015-04-13 00:00:00,83.75,83.75,82.5,83.0,4218
2015-04-10 00:00:00,82.5,83.75,82.0,83.75,8574
2015-04-09 00:00:00,83.0,83.5,82.25,83.0,2551
2015-04-08 00:00:00,82.5,83.0,82.0,83.0,10066
2015-04-07 00:00:00,82.0,83.5,82.0,83.5,8274
2015-04-02 00:00:00,83.5,83.5,82.75,83.0,2378
2015-04-01 00:00:00,83.25,83.25,81.75,82.75,5187
2015-03-31 00:00:00,82.25,83.5,82.0,83.0,9026
2015-03-30 00:00:00,82.75,83.0,81.75,82.25,5735
2015-03-27 00:00:00,82.5,82.75,80.75,82.75,15859
2015-03-26 00:00:00,82.5,83.0,81.25,82.75,9450
2015-03-25 00:00:00,83.0,83.0,81.25,82.5,7573
2015-03-24 00:00:00,83.0,83.0,81.25,81.75,9004
2015-03-23 00:00:00,83.25,84.0,82.0,82.0,20104
2015-03-20 00:00:00,81.0,82.0,80.5,80.75,4037
2015-03-19 00:00:00,81.75,81.75,80.75,81.75,4499
2015-03-18 00:00:00,80.0,82.25,80.0,81.5,4993
2015-03-17 00:00:00,81.0,82.0,80.0,80.5,3802
2015-03-16 00:00:00,82.25,82.5,80.25,80.25,3423
2015-03-13 00:00:00,82.75,82.75,80.75,82.25,1327
2015-03-12 00:00:00,82.75,82.75,82.5,82.75,6609
2015-03-11 00:00:00,81.75,82.5,81.75,82.5,774
2015-03-10 00:00:00,80.75,81.5,80.0,80.25,10403
2015-03-09 00:00:00,82.25,82.75,80.5,82.0,8622
2015-03-06 00:00:00,83.0,83.25,82.0,83.0,4065
2015-03-05 00:00:00,83.0,84.0,82.0,82.75,18579
2015-03-04 00:00:00,81.5,82.25,80.0,82.25,4458
2015-03-03 00:00:00,82.0,83.5,80.0,81.5,5897
2015-03-02 00:00:00,80.5,83.0,79.75,82.0,25781
2015-02-27 00:00:00,81.0,82.5,80.75,81.5,11852
2015-02-26 00:00:00,83.75,84.0,80.5,82.0,8431
2015-02-25 00:00:00,82.25,84.0,82.25,83.75,1540
2015-02-24 00:00:00,84.0,84.5,82.0,82.5,8232
2015-02-23 00:00:00,82.5,84.0,82.0,83.5,13671
2015-02-20 00:00:00,85.0,85.5,81.5,81.5,12086
2015-02-19 00:00:00,81.0,84.0,81.0,84.0,50757
2015-02-18 00:00:00,78.5,79.75,78.5,79.5,5440
2015-02-17 00:00:00,79.0,81.75,78.25,78.25,12579
2015-02-16 00:00:00,79.0,79.0,77.0,78.0,10627
2015-02-13 00:00:00,77.5,79.25,77.0,78.5,18106
2015-02-12 00:00:00,80.25,80.25,77.0,77.25,39443
2015-02-11 00:00:00,85.0,86.0,79.0,80.0,39835
2015-02-10 00:00:00,80.0,84.0,80.0,83.0,19336
2015-02-09 00:00:00,78.75,80.5,78.75,80.5,10024
2015-02-06 00:00:00,78.5,80.0,78.0,78.75,11270
2015-02-05 00:00:00,79.0,79.0,78.0,78.25,4895
2015-02-04 00:00:00,77.25,78.5,77.0,77.0,4670
2015-02-03 00:00:00,78.0,78.25,76.25,77.25,4969
2015-02-02 00:00:00,78.0,78.0,76.25,77.0,3127
2015-01-30 00:00:00,77.5,78.5,77.5,78.0,1265
2015-01-29 00:00:00,77.0,78.25,76.5,77.5,4303
2015-01-28 00:00:00,78.25,78.25,76.5,77.5,1854
2015-01-27 00:00:00,77.0,78.75,76.75,78.0,3436
2015-01-26 00:00:00,78.0,78.0,77.0,78.0,6215
2015-01-23 00:00:00,76.0,78.75,76.0,77.75,8328
2015-01-22 00:00:00,77.5,77.5,76.5,76.5,11443
2015-01-21 00:00:00,77.0,78.25,77.0,77.25,2951
2015-01-20 00:00:00,79.0,79.0,76.5,77.0,3995
2015-01-19 00:00:00,77.0,77.75,76.25,77.75,3167
2015-01-16 00:00:00,79.0,79.0,76.5,77.5,3792
2015-01-15 00:00:00,77.0,80.0,77.0,79.0,7286
2015-01-14 00:00:00,77.25,77.25,76.25,76.25,4025
2015-01-13 00:00:00,77.5,78.0,76.5,77.5,4518
2015-01-12 00:00:00,81.0,81.0,76.5,78.0,13175
2015-01-09 00:00:00,79.75,79.75,78.75,79.0,3713
2015-01-08 00:00:00,80.25,80.25,78.5,79.75,5916
2015-01-07 00:00:00,82.0,82.75,80.0,80.0,13695
2015-01-06 00:00:00,,79.5,79.5,79.5,0
2015-01-05 00:00:00,79.0,80.0,77.75,79.5,3967
2015-01-02 00:00:00,76.0,81.0,76.0,79.0,5415
2015-01-01 00:00:00,77.75,78.0,75.25,76.0,8515
2014-12-30 00:00:00,77.75,78.0,75.25,76.0,8515
2014-12-29 00:00:00,79.0,79.0,75.5,76.75,8393
2014-12-23 00:00:00,81.0,83.0,78.5,78.5,26091
2014-12-22 00:00:00,75.5,76.0,75.0,76.0,7339
2014-12-19 00:00:00,75.5,76.5,75.0,76.25,3933
2014-12-18 00:00:00,74.5,77.5,74.5,76.5,6346
2014-12-17 00:00:00,76.25,77.0,73.75,76.0,4120
2014-12-16 00:00:00,74.5,79.25,74.5,76.0,10239
2014-12-15 00:00:00,76.0,77.25,74.75,74.75,6058
2014-12-12 00:00:00,77.0,77.0,76.0,76.5,6365
2014-12-11 00:00:00,77.0,78.0,76.5,77.0,5878
2014-12-10 00:00:00,78.5,79.75,77.25,78.0,2146
2014-12-09 00:00:00,78.5,79.0,77.5,78.25,7183
2014-12-08 00:00:00,78.25,79.5,78.0,78.75,3497
2014-12-05 00:00:00,78.75,80.0,77.75,80.0,6345
2014-12-04 00:00:00,78.75,80.0,78.0,78.75,7309
2014-12-03 00:00:00,76.5,79.0,76.5,78.5,2620
2014-12-02 00:00:00,79.0,80.0,78.5,80.0,4783
2014-12-01 00:00:00,83.0,83.0,79.0,79.0,7135
2014-11-28 00:00:00,82.5,82.5,80.75,81.5,1831
2014-11-27 00:00:00,81.5,82.5,81.25,82.0,2578
2014-11-26 00:00:00,81.5,81.5,81.25,81.25,4611
2014-11-25 00:00:00,82.0,83.25,81.25,82.0,4821
2014-11-24 00:00:00,84.5,84.5,81.25,81.75,3922
2014-11-21 00:00:00,83.5,84.0,81.0,83.5,4813
2014-11-20 00:00:00,83.75,84.0,82.25,84.0,6561
2014-11-19 00:00:00,85.25,85.25,83.75,84.5,2084
2014-11-18 00:00:00,85.0,85.0,84.0,84.75,2974
2014-11-17 00:00:00,83.75,85.5,83.75,84.5,5415
2014-11-14 00:00:00,84.0,84.0,81.5,83.75,3130
2014-11-13 00:00:00,82.0,83.5,81.0,83.5,5423
2014-11-12 00:00:00,85.0,85.25,83.5,84.0,3830
2014-11-11 00:00:00,85.25,85.25,84.0,85.0,5302
2014-11-10 00:00:00,85.5,85.5,83.0,85.25,10932
2014-11-07 00:00:00,85.0,86.0,83.75,83.75,11554
2014-11-06 00:00:00,84.0,86.5,83.5,84.5,16632
2014-11-05 00:00:00,79.5,84.0,79.0,83.25,23114
2014-11-04 00:00:00,77.5,83.0,77.25,78.0,9262
2014-11-03 00:00:00,77.75,77.75,75.75,76.25,8153
2014-10-31 00:00:00,79.0,79.0,77.0,77.75,2532
2014-10-30 00:00:00,78.0,78.25,76.5,78.0,8160
2014-10-29 00:00:00,79.75,80.0,76.75,78.0,11522
2014-10-28 00:00:00,78.25,80.0,78.25,78.75,3077
2014-10-24 00:00:00,79.75,81.5,79.0,79.0,4124
2014-10-23 00:00:00,78.5,82.0,78.5,79.25,6211
2014-10-22 00:00:00,74.5,78.75,74.5,77.0,3378
2014-10-21 00:00:00,73.0,75.0,73.0,75.0,4409
2014-10-20 00:00:00,75.0,75.5,74.0,74.0,2765
2014-10-17 00:00:00,74.5,75.5,73.25,75.5,10150
2014-10-16 00:00:00,72.25,77.75,72.25,74.5,10205
2014-10-15 00:00:00,74.75,75.0,73.0,73.0,17726
2014-10-14 00:00:00,76.0,77.25,73.75,75.5,7310
2014-10-13 00:00:00,77.25,77.25,75.0,75.75,11555
2014-10-10 00:00:00,77.0,77.25,75.0,77.25,8418
2014-10-09 00:00:00,83.5,83.5,76.75,77.0,4709
2014-10-08 00:00:00,78.25,80.0,77.0,77.5,14978
2014-10-07 00:00:00,84.25,84.25,78.5,78.5,17592
2014-10-06 00:00:00,81.75,86.0,81.25,83.0,9901
2014-10-03 00:00:00,80.0,81.75,78.5,80.5,4665
2014-10-02 00:00:00,81.0,81.0,77.5,80.0,11402
2014-10-01 00:00:00,83.25,83.25,77.75,78.0,42103
2014-09-30 00:00:00,85.75,85.75,83.75,83.75,5012
2014-09-29 00:00:00,87.0,87.0,82.0,85.0,34855
2014-09-26 00:00:00,88.75,89.5,85.5,87.5,4929
2014-09-25 00:00:00,87.75,89.5,86.75,88.0,9730
2014-09-24 00:00:00,89.0,89.0,85.25,86.25,14947
2014-09-23 00:00:00,92.0,92.5,88.5,89.75,14491
2014-09-22 00:00:00,91.5,92.75,91.5,92.0,14558
2014-09-19 00:00:00,88.75,93.0,88.75,91.5,66010
2014-09-18 00:00:00,87.0,88.75,87.0,88.5,24695
2014-09-17 00:00:00,87.0,88.0,86.0,86.5,15214
2014-09-16 00:00:00,86.0,86.75,84.5,84.75,8170
2014-09-15 00:00:00,82.75,87.5,82.75,85.25,44444
2014-09-12 00:00:00,82.0,84.5,81.0,82.75,13198
2014-09-11 00:00:00,81.5,82.5,81.0,82.25,16494
2014-09-10 00:00:00,81.5,83.0,81.0,82.5,6729
2014-09-09 00:00:00,83.0,83.0,82.0,83.0,12430
2014-09-08 00:00:00,80.0,86.0,78.5,83.0,24947
2014-09-05 00:00:00,80.0,81.0,77.5,81.0,12909
2014-09-04 00:00:00,80.0,80.0,78.5,80.0,3017
2014-09-03 00:00:00,80.25,81.5,79.75,80.0,3531
2014-09-02 00:00:00,81.25,81.25,79.0,80.0,6938
2014-09-01 00:00:00,78.0,82.5,77.75,81.25,36696
2014-08-29 00:00:00,77.5,78.0,75.5,78.0,3109
2014-08-28 00:00:00,78.0,78.0,76.0,76.0,582
2014-08-27 00:00:00,76.75,77.75,75.0,77.75,2098
2014-08-26 00:00:00,77.75,77.75,77.0,77.0,2275
2014-08-25 00:00:00,76.75,80.0,76.75,77.5,8000
2014-08-22 00:00:00,74.5,74.5,73.75,74.5,7494
2014-08-21 00:00:00,75.5,75.5,73.25,74.0,5289
2014-08-20 00:00:00,81.5,81.5,72.5,75.0,28927
2014-08-19 00:00:00,81.5,81.75,80.0,81.5,6393
2014-08-18 00:00:00,82.0,82.0,80.0,80.0,6983
2014-08-15 00:00:00,81.25,81.75,78.25,81.75,5723
2014-08-14 00:00:00,82.5,83.5,79.75,79.75,7260
2014-08-13 00:00:00,80.0,83.5,80.0,83.5,12380
2014-08-12 00:00:00,76.0,82.0,75.5,79.5,21564
2014-08-11 00:00:00,73.75,76.0,73.75,75.75,1727
2014-08-08 00:00:00,72.5,73.75,72.0,73.75,3191
2014-08-07 00:00:00,74.0,75.0,72.5,74.25,5415
2014-08-06 00:00:00,77.0,78.0,74.0,74.0,1698
2014-08-05 00:00:00,77.0,78.0,75.5,77.0,4300
2014-08-04 00:00:00,73.0,76.75,73.0,76.75,2619
2014-08-01 00:00:00,75.0,75.0,72.5,74.25,6534
2014-07-31 00:00:00,76.0,76.0,74.0,75.0,845
2014-07-30 00:00:00,76.0,76.0,74.0,75.0,1788
2014-07-29 00:00:00,77.0,78.0,76.0,76.0,1790
2014-07-28 00:00:00,73.5,77.5,72.25,77.0,5900
2014-07-25 00:00:00,73.25,73.75,73.0,73.5,2715
2014-07-24 00:00:00,74.0,75.5,72.5,75.5,2981
2014-07-23 00:00:00,77.0,77.5,74.0,74.0,2611
2014-07-22 00:00:00,76.25,76.75,74.25,74.25,5220
2014-07-21 00:00:00,73.5,75.75,71.5,75.0,4850
2014-07-18 00:00:00,76.25,76.25,73.5,73.5,3232
2014-07-17 00:00:00,75.25,75.25,73.5,75.0,1931
2014-07-16 00:00:00,75.0,77.0,74.5,75.0,5975
2014-07-15 00:00:00,76.75,76.75,75.0,75.0,2134
2014-07-14 00:00:00,76.25,77.0,76.25,77.0,2376
2014-07-11 00:00:00,74.75,76.75,74.25,76.5,412
2014-07-10 00:00:00,77.0,77.25,75.0,76.0,3419
2014-07-09 00:00:00,77.75,77.75,75.25,77.75,695
2014-07-08 00:00:00,77.5,77.5,77.0,77.0,568
2014-07-07 00:00:00,78.0,78.0,76.0,77.75,3799
2014-07-04 00:00:00,76.5,77.5,76.25,77.0,3063
2014-07-03 00:00:00,75.0,76.5,74.5,76.25,5764
2014-07-02 00:00:00,76.25,76.5,75.25,76.0,2439
2014-07-01 00:00:00,76.75,76.75,75.5,76.5,1346
2014-06-30 00:00:00,75.25,75.25,74.0,75.0,3007
2014-06-27 00:00:00,76.0,76.0,74.75,75.25,3427
2014-06-26 00:00:00,76.25,76.25,74.25,76.25,2252
2014-06-25 00:00:00,74.0,79.0,74.0,75.0,8025
2014-06-24 00:00:00,74.75,74.75,73.0,74.0,7314
2014-06-23 00:00:00,77.25,77.25,74.0,75.0,5222
2014-06-20 00:00:00,,76.5,76.5,76.5,0
2014-06-19 00:00:00,76.0,77.0,76.0,76.5,867
2014-06-18 00:00:00,75.0,76.75,75.0,76.25,974
2014-06-17 00:00:00,76.25,76.75,73.5,75.25,11922
2014-06-16 00:00:00,76.5,78.5,76.5,77.5,2482
2014-06-13 00:00:00,77.0,79.0,76.5,76.5,3417
2014-06-12 00:00:00,77.25,79.5,77.0,77.0,7593
2014-06-11 00:00:00,79.75,79.75,77.0,77.25,3672
2014-06-10 00:00:00,79.0,80.0,77.0,77.0,3775
2014-06-09 00:00:00,79.5,80.0,76.5,77.5,7386
2014-06-06 00:00:00,,79.5,79.5,79.5,0
2014-06-05 00:00:00,80.0,80.0,78.0,79.5,7840
2014-06-04 00:00:00,82.0,82.0,79.5,79.5,7469
2014-06-03 00:00:00,80.5,82.0,80.5,82.0,2054
2014-06-02 00:00:00,80.25,82.0,80.25,80.25,1466
2014-05-30 00:00:00,81.5,81.75,80.0,81.75,2728
2014-05-28 00:00:00,81.5,82.0,80.25,82.0,2719
2014-05-27 00:00:00,80.5,81.0,80.0,80.75,2526
2014-05-26 00:00:00,80.25,82.0,80.25,80.5,1082
2014-05-23 00:00:00,80.25,82.25,80.25,81.75,1582
2014-05-22 00:00:00,81.5,84.0,79.5,80.0,6395
2014-05-21 00:00:00,83.5,83.5,80.0,82.0,2636
2014-05-20 00:00:00,83.5,84.5,81.75,83.5,3695
2014-05-19 00:00:00,84.75,84.75,83.5,83.5,1119
2014-05-16 00:00:00,85.0,86.0,83.5,83.75,832
2014-05-15 00:00:00,85.0,86.0,83.0,86.0,4239
2014-05-14 00:00:00,84.5,87.75,83.5,86.0,5405
2014-05-13 00:00:00,84.0,89.0,84.0,86.0,11438
2014-05-12 00:00:00,78.0,90.5,78.0,84.0,12407
2014-05-09 00:00:00,80.5,80.5,75.5,78.75,7417
2014-05-08 00:00:00,78.75,80.5,78.75,79.5,3758
2014-05-07 00:00:00,80.5,80.75,79.25,80.0,2160
2014-05-06 00:00:00,79.75,82.5,78.25,79.75,5901
2014-05-05 00:00:00,80.0,81.5,79.25,80.0,3276
2014-05-02 00:00:00,80.0,81.25,79.25,80.0,3191
2014-05-01 00:00:00,,78.5,78.5,78.5,0
2014-04-30 00:00:00,80.75,80.75,78.0,78.5,2338
2014-04-29 00:00:00,81.0,82.5,80.5,80.5,4235
2014-04-28 00:00:00,80.5,84.0,80.5,81.0,1631
2014-04-25 00:00:00,84.0,84.0,80.5,80.75,1550
2014-04-24 00:00:00,82.5,82.5,80.0,80.0,11834
2014-04-23 00:00:00,86.0,86.0,80.0,82.0,17161
2014-04-22 00:00:00,81.0,86.0,80.25,86.0,9591
2014-04-17 00:00:00,82.5,82.5,80.0,81.5,4443
2014-04-16 00:00:00,84.0,84.0,80.5,82.5,5293
2014-04-15 00:00:00,85.25,85.25,83.0,83.0,2328
2014-04-14 00:00:00,83.5,85.25,81.5,85.25,6554
2014-04-11 00:00:00,84.25,84.25,83.0,84.25,3375
2014-04-10 00:00:00,84.0,85.5,84.0,84.25,2366
2014-04-09 00:00:00,85.0,87.25,84.0,84.0,7484
2014-04-08 00:00:00,88.75,88.75,84.25,84.75,6976
2014-04-07 00:00:00,88.75,88.75,86.5,88.5,3232
2014-04-04 00:00:00,89.5,89.5,85.5,88.0,4425
2014-04-03 00:00:00,87.5,89.75,86.0,89.75,20585
2014-04-02 00:00:00,85.0,87.5,85.0,87.25,4771
2014-04-01 00:00:00,85.0,85.75,84.0,85.0,4693
2014-03-31 00:00:00,80.5,83.75,80.5,83.5,5101
2014-03-28 00:00:00,81.0,84.5,79.5,80.75,12949
2014-03-27 00:00:00,80.0,80.0,78.75,79.75,3828
2014-03-26 00:00:00,80.0,81.5,80.0,81.5,498
2014-03-25 00:00:00,79.0,80.0,78.75,80.0,2805
2014-03-24 00:00:00,78.5,83.0,78.0,78.75,16390
2014-03-21 00:00:00,82.75,82.75,79.5,80.75,5123
2014-03-20 00:00:00,81.0,82.0,80.25,82.0,2809
2014-03-19 00:00:00,80.25,82.0,80.25,81.0,2647
2014-03-18 00:00:00,84.0,84.0,82.0,82.0,1710
2014-03-17 00:00:00,81.0,83.0,81.0,83.0,5498
2014-03-14 00:00:00,82.0,82.0,80.0,82.0,7435
2014-03-13 00:00:00,83.25,83.25,80.0,82.0,5369
2014-03-12 00:00:00,82.25,84.75,80.5,83.25,8604
2014-03-11 00:00:00,84.0,84.5,82.25,82.5,3233
2014-03-10 00:00:00,85.0,85.75,83.5,83.5,9467
2014-03-07 00:00:00,86.0,87.0,85.0,86.0,5511
2014-03-06 00:00:00,87.25,87.25,84.0,85.75,12788
2014-03-05 00:00:00,86.75,87.5,85.75,87.25,9111
2014-03-04 00:00:00,82.0,86.75,82.0,86.75,7581
2014-03-03 00:00:00,83.5,84.5,73.0,83.0,34377
2014-02-28 00:00:00,84.0,85.75,83.25,85.75,16473
2014-02-27 00:00:00,85.75,86.0,84.5,85.0,8636
2014-02-26 00:00:00,91.0,91.0,84.0,85.5,72136
2014-02-25 00:00:00,90.0,91.0,88.25,91.0,7248
2014-02-24 00:00:00,90.0,91.75,89.0,90.0,12300
2014-02-21 00:00:00,91.0,91.5,89.75,90.5,9522
2014-02-20 00:00:00,91.5,91.5,89.0,89.0,10860
2014-02-19 00:00:00,88.0,92.75,88.0,91.75,21641
2014-02-18 00:00:00,88.75,88.75,85.75,87.0,10727
2014-02-17 00:00:00,90.0,91.0,86.75,87.5,15700
2014-02-14 00:00:00,91.5,91.5,88.25,90.5,11715
2014-02-13 00:00:00,90.25,92.25,90.25,90.75,3651
2014-02-12 00:00:00,92.5,93.0,90.0,91.75,4716
2014-02-11 00:00:00,90.0,92.5,90.0,92.5,7854
2014-02-10 00:00:00,88.25,90.75,88.25,90.5,9803
2014-02-07 00:00:00,88.0,88.0,86.25,87.0,3717
2014-02-06 00:00:00,89.5,91.25,85.5,88.0,19221
2014-02-05 00:00:00,85.5,90.75,85.5,89.75,14382
2014-02-04 00:00:00,87.0,87.0,84.5,86.25,11995
2014-02-03 00:00:00,89.5,90.5,86.5,87.0,18895
2014-01-31 00:00:00,93.5,93.5,88.5,89.5,11369
2014-01-30 00:00:00,91.25,91.25,89.5,91.25,8783
2014-01-29 00:00:00,91.0,94.0,89.75,91.25,32577
2014-01-28 00:00:00,91.5,91.5,88.5,89.75,12810
2014-01-27 00:00:00,95.0,95.0,90.0,90.5,19169
2014-01-24 00:00:00,92.75,96.0,91.0,94.25,10454
2014-01-23 00:00:00,92.5,93.75,91.5,91.5,12566
2014-01-22 00:00:00,95.0,96.0,92.5,93.5,15495
2014-01-21 00:00:00,97.5,97.5,93.5,93.75,26796
2014-01-20 00:00:00,98.25,98.25,96.0,97.5,17619
2014-01-17 00:00:00,99.0,101.75,97.75,98.5,26663
2014-01-16 00:00:00,97.0,102.0,97.0,100.0,93575
2014-01-15 00:00:00,99.0,99.0,94.25,96.25,28513
2014-01-14 00:00:00,100.0,102.0,95.0,97.5,123494
2014-01-13 00:00:00,85.25,97.5,85.25,96.0,63692
2014-01-10 00:00:00,84.5,88.0,84.5,87.25,13634
2014-01-09 00:00:00,85.25,85.25,82.75,83.75,5336
2014-01-08 00:00:00,85.0,85.25,84.25,85.0,11513
2014-01-07 00:00:00,84.75,86.5,83.5,85.0,6179
2014-01-06 00:00:00,,84.5,84.5,84.5,0
2014-01-03 00:00:00,84.75,86.75,84.5,84.5,15671
2014-01-02 00:00:00,79.0,84.75,79.0,83.75,18759
2013-12-31 00:00:00,,79.0,79.0,79.0,0
2013-12-30 00:00:00,79.0,80.5,78.5,79.0,31401
2013-12-27 00:00:00,79.5,81.5,78.5,80.0,16152
2013-12-23 00:00:00,81.0,81.0,78.5,79.25,8300
2013-12-20 00:00:00,80.0,82.0,78.0,80.75,22294
2013-12-19 00:00:00,82.5,86.0,78.0,81.5,26492
2013-12-18 00:00:00,73.0,81.0,73.0,80.75,39830
2013-12-17 00:00:00,76.0,76.0,72.0,72.75,35451
2013-12-16 00:00:00,76.5,78.5,76.0,76.0,8849
2013-12-13 00:00:00,77.0,78.0,75.0,76.5,26746
2013-12-12 00:00:00,80.0,80.0,75.5,78.0,42728
2013-12-11 00:00:00,87.0,87.0,80.0,81.0,74292
2013-12-10 00:00:00,89.25,90.0,86.0,87.0,17245
2013-12-09 00:00:00,91.5,91.5,89.0,89.25,22176
2013-12-06 00:00:00,91.0,93.0,90.5,91.5,15585
2013-12-05 00:00:00,89.0,91.0,89.0,90.5,10587
2013-12-04 00:00:00,88.75,91.0,88.5,88.5,18783
2013-12-03 00:00:00,88.5,94.0,85.0,87.5,51056
2013-12-02 00:00:00,89.0,90.0,87.5,87.5,13958
2013-11-29 00:00:00,90.0,90.5,89.0,89.75,31443
2013-11-28 00:00:00,87.0,89.0,86.25,88.0,30193
2013-11-27 00:00:00,85.25,86.0,84.5,85.0,23184
2013-11-26 00:00:00,83.75,87.0,83.25,85.25,41481
2013-11-25 00:00:00,86.0,86.0,80.5,83.75,96602
2013-11-22 00:00:00,86.5,92.0,84.75,85.25,121938
2013-11-21 00:00:00,88.0,89.0,83.0,84.0,38543
2013-11-20 00:00:00,88.25,88.25,84.5,88.0,17939
2013-11-19 00:00:00,87.25,90.25,83.0,88.25,70769
2013-11-18 00:00:00,92.0,92.0,88.0,88.5,28366
2013-11-15 00:00:00,92.0,93.25,90.25,92.0,19433
2013-11-14 00:00:00,93.25,95.0,90.5,92.0,50443
2013-11-13 00:00:00,96.0,99.75,88.75,95.0,80377
2013-11-12 00:00:00,100.0,105.5,94.0,94.0,151016
2013-11-11 00:00:00,91.0,100.0,90.25,100.0,155692
2013-11-08 00:00:00,90.5,91.0,85.5,89.0,85746
2013-11-07 00:00:00,84.25,95.25,84.25,91.5,226393
2013-11-06 00:00:00,74.75,83.25,72.5,82.0,138663
2013-11-05 00:00:00,77.0,77.5,73.5,74.75,28485
2013-11-04 00:00:00,79.25,83.5,76.0,78.0,40687
2013-11-01 00:00:00,70.5,82.5,70.5,80.0,62715
2013-10-31 00:00:00,67.5,75.0,67.5,72.0,60819
2013-10-30 00:00:00,67.5,67.5,66.0,67.5,1445
2013-10-29 00:00:00,67.25,67.25,66.0,66.0,2775
2013-10-28 00:00:00,68.0,68.0,65.75,67.0,8233
2013-10-25 00:00:00,69.0,69.5,65.0,67.25,18977
2013-10-24 00:00:00,62.25,71.0,62.25,69.25,57328
2013-10-23 00:00:00,64.25,64.25,62.25,62.25,4435
2013-10-22 00:00:00,61.0,67.0,61.0,64.25,25905
2013-10-21 00:00:00,57.5,62.0,57.5,60.75,14490
2013-10-18 00:00:00,60.0,60.0,58.75,59.0,2010
2013-10-17 00:00:00,59.5,60.0,59.0,60.0,7829
2013-10-16 00:00:00,59.5,59.5,57.0,59.25,8430
2013-10-15 00:00:00,57.0,59.75,57.0,59.75,6240
2013-10-14 00:00:00,58.25,58.5,54.25,57.25,4406
2013-10-11 00:00:00,57.5,58.25,57.5,58.25,1189
2013-10-10 00:00:00,56.5,58.25,56.5,57.75,2790
2013-10-09 00:00:00,58.0,58.0,56.0,56.5,2368
2013-10-08 00:00:00,56.5,58.0,56.5,58.0,2932
2013-10-07 00:00:00,56.5,58.0,56.5,57.25,3829
2013-10-04 00:00:00,57.5,57.5,57.0,57.0,2430
2013-10-03 00:00:00,57.5,58.25,57.5,57.5,2787
2013-10-02 00:00:00,59.0,59.0,57.5,57.5,2701
2013-10-01 00:00:00,58.0,58.0,57.25,58.0,2830
2013-09-30 00:00:00,59.0,59.0,58.5,58.75,2088
2013-09-27 00:00:00,59.5,59.5,58.0,59.0,1319
2013-09-26 00:00:00,58.5,59.75,58.25,59.0,5880
2013-09-25 00:00:00,59.25,59.25,57.0,59.0,6047
2013-09-24 00:00:00,59.25,60.75,59.25,60.0,3203
2013-09-23 00:00:00,58.75,61.5,58.75,59.25,25492
2013-09-20 00:00:00,58.0,58.75,58.0,58.0,4092
2013-09-19 00:00:00,59.0,59.25,58.0,58.0,6760
2013-09-18 00:00:00,59.25,59.25,58.0,58.0,9127
2013-09-17 00:00:00,59.25,59.25,58.0,58.25,4253
2013-09-16 00:00:00,58.5,59.0,58.0,59.0,2410
2013-09-13 00:00:00,58.25,59.0,57.0,58.0,9391
2013-09-12 00:00:00,58.5,58.5,57.5,58.25,3462
2013-09-11 00:00:00,58.0,58.5,58.0,58.0,1315
2013-09-10 00:00:00,58.25,59.0,57.25,57.25,2903
2013-09-09 00:00:00,57.0,59.0,57.0,59.0,5620
2013-09-06 00:00:00,58.5,58.5,57.0,57.0,5052
2013-09-05 00:00:00,58.0,58.5,57.5,58.0,2505
2013-09-04 00:00:00,57.25,58.5,56.5,58.0,9620
2013-09-03 00:00:00,57.5,57.5,56.5,57.25,7035
2013-09-02 00:00:00,57.75,60.0,57.0,58.5,11614
2013-08-30 00:00:00,57.0,58.0,57.0,57.75,1755
2013-08-29 00:00:00,56.0,57.75,56.0,57.0,14286
2013-08-28 00:00:00,58.25,58.25,56.0,57.75,710
2013-08-27 00:00:00,58.0,58.25,58.0,58.0,1755
2013-08-26 00:00:00,59.25,59.5,58.25,58.25,4358
2013-08-23 00:00:00,58.0,59.0,57.0,58.75,3349
2013-08-22 00:00:00,59.5,59.5,58.5,59.0,6750
2013-08-21 00:00:00,58.0,59.5,55.0,59.5,10524
2013-08-20 00:00:00,60.5,60.5,58.0,59.5,4821
2013-08-19 00:00:00,59.75,60.75,59.5,60.75,4863
2013-08-16 00:00:00,57.75,59.75,57.75,59.75,1677
2013-08-15 00:00:00,60.0,60.0,57.0,58.75,21730
2013-08-14 00:00:00,60.0,61.0,59.0,59.0,8600
2013-08-13 00:00:00,60.5,62.0,59.0,60.25,38165
2013-08-12 00:00:00,61.0,61.0,59.5,60.5,7903
2013-08-09 00:00:00,61.0,63.0,60.5,61.0,17202
2013-08-08 00:00:00,60.25,61.0,60.0,60.0,8821
2013-08-07 00:00:00,60.75,60.75,60.0,60.75,2330
2013-08-06 00:00:00,59.25,61.0,59.25,61.0,3793
2013-08-05 00:00:00,61.0,61.0,59.25,59.25,2953
2013-08-02 00:00:00,60.75,61.0,58.75,61.0,16567
2013-08-01 00:00:00,60.5,61.75,60.0,60.75,15063
2013-07-31 00:00:00,58.5,60.5,58.5,60.0,22792
2013-07-30 00:00:00,58.75,59.0,58.25,58.5,5865
2013-07-29 00:00:00,58.5,58.5,58.25,58.5,3058
2013-07-26 00:00:00,58.5,58.5,58.25,58.5,837
2013-07-25 00:00:00,58.75,58.75,57.0,58.75,4116
2013-07-24 00:00:00,58.0,59.0,58.0,58.75,8120
2013-07-23 00:00:00,56.0,57.5,56.0,57.5,5028
2013-07-22 00:00:00,56.0,56.5,55.0,56.25,4232
2013-07-19 00:00:00,56.25,56.25,54.75,56.0,3631
2013-07-18 00:00:00,56.5,56.5,55.25,56.25,1459
2013-07-17 00:00:00,56.0,56.75,55.0,55.25,3453
2013-07-16 00:00:00,57.0,58.0,55.0,57.0,5646
2013-07-15 00:00:00,58.75,59.0,56.5,57.0,5724
2013-07-12 00:00:00,59.75,59.75,56.0,57.5,6292
2013-07-11 00:00:00,57.25,59.0,56.5,58.75,32813
2013-07-10 00:00:00,53.5,56.75,53.5,56.5,22377
2013-07-09 00:00:00,53.5,54.75,53.5,54.5,1065
2013-07-08 00:00:00,54.0,54.0,52.0,53.5,3605
2013-07-05 00:00:00,52.75,56.0,52.0,54.0,23490
2013-07-04 00:00:00,49.5,51.5,49.5,51.5,3011
2013-07-03 00:00:00,50.25,50.25,50.25,50.25,80
2013-07-02 00:00:00,51.25,51.25,49.1,49.3,7312
2013-07-01 00:00:00,52.0,52.0,49.3,49.3,5391
2013-06-28 00:00:00,51.5,52.0,49.9,51.5,7249
2013-06-27 00:00:00,50.0,51.75,50.0,51.75,11142
2013-06-26 00:00:00,50.5,50.75,49.8,50.0,2511
2013-06-25 00:00:00,50.0,52.0,49.1,50.0,14455
2013-06-24 00:00:00,46.9,49.7,46.9,49.7,8231
2013-06-21 00:00:00,,47.2,47.2,47.2,0
2013-06-20 00:00:00,49.0,49.0,47.2,47.2,768
2013-06-19 00:00:00,48.5,50.0,48.0,48.4,18514
2013-06-18 00:00:00,47.5,48.0,47.5,47.9,3230
2013-06-17 00:00:00,46.1,47.5,46.1,47.5,310
2013-06-14 00:00:00,48.3,48.3,46.7,47.0,3461
2013-06-13 00:00:00,48.3,48.3,47.5,47.5,2034
2013-06-12 00:00:00,47.0,49.0,47.0,47.5,12602
2013-06-11 00:00:00,47.4,47.4,47.0,47.0,850
2013-06-10 00:00:00,47.3,47.5,47.0,47.5,5860
2013-06-07 00:00:00,47.0,47.7,47.0,47.3,17727
2013-06-06 00:00:00,,47.0,47.0,47.0,0
2013-06-05 00:00:00,47.0,47.0,46.5,47.0,2411
2013-06-04 00:00:00,47.0,47.1,47.0,47.0,14733
2013-06-03 00:00:00,,47.0,47.0,47.0,0
2013-05-31 00:00:00,46.7,47.0,46.7,47.0,953
2013-05-30 00:00:00,47.0,47.0,46.1,46.8,4369
2013-05-29 00:00:00,47.2,47.2,46.9,47.0,4234
2013-05-28 00:00:00,48.2,48.6,47.0,47.9,3310
2013-05-27 00:00:00,48.1,48.7,48.0,48.5,3500
2013-05-24 00:00:00,47.8,49.9,47.0,49.4,5315
2013-05-23 00:00:00,48.6,48.6,45.6,47.2,5162
2013-05-22 00:00:00,48.5,48.7,47.7,48.5,6848
2013-05-21 00:00:00,49.0,49.8,49.0,49.8,1320
2013-05-20 00:00:00,49.4,51.0,48.6,49.0,5997
2013-05-17 00:00:00,48.2,49.5,48.0,49.5,4169
2013-05-16 00:00:00,49.3,49.4,48.2,48.6,10109
2013-05-15 00:00:00,49.0,51.0,49.0,49.6,10525
2013-05-14 00:00:00,47.0,52.0,46.7,48.9,20548
2013-05-13 00:00:00,45.7,47.0,45.5,47.0,16878
2013-05-10 00:00:00,45.7,45.7,45.7,45.7,137
2013-05-09 00:00:00,,45.5,45.5,45.5,0
2013-05-08 00:00:00,45.2,45.7,45.2,45.5,994
2013-05-07 00:00:00,45.0,45.0,44.3,44.5,1874
2013-05-06 00:00:00,45.3,45.3,44.5,44.5,1700
2013-05-03 00:00:00,44.7,45.3,44.7,45.2,4471
2013-05-02 00:00:00,44.1,44.8,44.0,44.8,5521
2013-05-01 00:00:00,,44.5,44.5,44.5,0
2013-04-30 00:00:00,44.6,44.6,44.5,44.5,2789
2013-04-29 00:00:00,45.7,45.7,44.6,44.6,1300
2013-04-26 00:00:00,45.2,45.7,44.0,45.7,2146
2013-04-25 00:00:00,46.4,46.4,46.0,46.0,2760
2013-04-24 00:00:00,45.6,46.3,43.7,45.9,6887
2013-04-23 00:00:00,46.5,46.5,44.5,45.5,5398
2013-04-22 00:00:00,44.2,46.9,44.2,46.2,1756
2013-04-19 00:00:00,44.6,46.5,44.6,45.0,13349
2013-04-18 00:00:00,43.8,44.6,43.8,44.0,2210
2013-04-17 00:00:00,43.6,44.7,43.6,43.8,956
2013-04-16 00:00:00,44.6,44.9,43.3,44.9,520
2013-04-15 00:00:00,45.5,45.5,45.5,45.5,35
2013-04-12 00:00:00,44.7,45.9,44.6,45.9,7720
2013-04-11 00:00:00,43.7,44.2,43.7,44.2,5520
2013-04-10 00:00:00,43.7,43.7,42.9,43.1,2050
2013-04-09 00:00:00,43.0,44.3,42.4,44.3,4362
2013-04-08 00:00:00,41.9,42.5,41.7,42.2,3199
2013-04-05 00:00:00,42.6,42.8,41.1,42.3,8989
2013-04-04 00:00:00,43.0,43.2,42.8,42.8,1285
2013-04-03 00:00:00,43.6,43.6,42.8,43.3,1371
2013-04-02 00:00:00,43.6,43.9,42.7,43.5,1980
2013-04-01 00:00:00,,43.6,43.6,43.6,0
2013-03-29 00:00:00,43.6,43.6,43.6,43.6,4191
2013-03-28 00:00:00,43.6,43.6,42.7,43.4,4191
2013-03-27 00:00:00,43.6,43.6,42.7,43.4,4191
2013-03-26 00:00:00,43.3,43.6,43.3,43.5,1879
2013-03-25 00:00:00,44.5,44.5,42.2,42.2,10767
2013-03-22 00:00:00,43.7,44.3,43.7,43.8,2949
2013-03-21 00:00:00,45.5,45.7,44.0,44.0,6452
2013-03-20 00:00:00,44.4,45.5,44.4,44.6,7555
2013-03-19 00:00:00,45.2,45.6,45.0,45.3,2781
2013-03-18 00:00:00,45.6,45.7,45.0,45.2,2893
2013-03-15 00:00:00,45.7,45.7,45.0,45.7,1470
2013-03-14 00:00:00,45.0,45.5,44.3,44.7,5311
2013-03-13 00:00:00,45.9,45.9,44.7,44.9,6941
2013-03-12 00:00:00,45.5,45.9,45.1,45.9,6601
2013-03-11 00:00:00,44.0,46.9,44.0,44.5,8180
2013-03-08 00:00:00,44.1,44.7,43.6,44.0,6876
2013-03-07 00:00:00,45.6,45.6,44.0,45.5,3700
2013-03-06 00:00:00,45.8,46.3,45.8,45.8,855
2013-03-05 00:00:00,45.7,46.4,45.7,45.8,2989
2013-03-04 00:00:00,46.0,46.5,45.7,46.0,5348
2013-03-01 00:00:00,46.1,47.0,45.7,45.7,5912
2013-02-28 00:00:00,45.7,47.0,45.6,47.0,11684
2013-02-27 00:00:00,45.5,45.6,45.0,45.6,4755
2013-02-26 00:00:00,46.3,46.3,45.5,45.5,4302
2013-02-25 00:00:00,45.9,47.0,45.9,46.4,5420
2013-02-22 00:00:00,45.9,46.0,45.0,45.9,21258
2013-02-21 00:00:00,42.9,45.9,42.5,45.9,17388
2013-02-20 00:00:00,46.5,46.5,42.0,42.9,32972
2013-02-19 00:00:00,46.0,46.8,45.5,46.8,26148
2013-02-18 00:00:00,43.9,46.8,43.9,45.9,35772
2013-02-15 00:00:00,43.0,43.9,43.0,43.8,7210
2013-02-14 00:00:00,43.5,43.5,42.9,42.9,2910
2013-02-13 00:00:00,44.1,44.1,43.0,43.8,1981
2013-02-12 00:00:00,44.4,44.7,43.0,43.9,5954
2013-02-11 00:00:00,42.3,45.1,42.3,44.3,20700
2013-02-08 00:00:00,41.7,42.4,41.5,42.0,2659
2013-02-07 00:00:00,42.0,42.0,41.5,41.7,1646
2013-02-06 00:00:00,41.7,42.4,41.7,42.0,3500
2013-02-05 00:00:00,41.5,41.8,41.0,41.7,4770
2013-02-04 00:00:00,41.8,41.8,41.8,41.8,1700
2013-02-01 00:00:00,42.0,42.4,41.5,41.8,3334
2013-01-31 00:00:00,42.5,42.5,42.0,42.4,2593
2013-01-30 00:00:00,42.9,42.9,41.9,42.4,2360
2013-01-29 00:00:00,42.6,43.1,42.1,42.9,7851
2013-01-28 00:00:00,41.5,42.9,41.5,42.4,7311
2013-01-25 00:00:00,41.8,41.8,40.1,41.0,7351
2013-01-24 00:00:00,41.8,42.3,41.0,41.0,17448
2013-01-23 00:00:00,41.3,42.0,40.5,41.7,53048
2013-01-22 00:00:00,42.3,42.3,40.6,41.0,16571
2013-01-21 00:00:00,43.0,43.0,42.1,42.3,11280
2013-01-18 00:00:00,42.1,43.0,42.1,43.0,39201
2013-01-17 00:00:00,42.5,42.8,42.0,42.0,690
2013-01-16 00:00:00,42.8,42.8,42.0,42.5,1549
2013-01-15 00:00:00,42.0,42.5,42.0,42.5,2639
2013-01-14 00:00:00,43.7,43.7,41.0,42.8,17678
2013-01-11 00:00:00,43.1,43.6,42.5,42.6,5338
2013-01-10 00:00:00,43.6,43.6,42.7,43.1,15813
2013-01-09 00:00:00,43.4,43.6,43.4,43.6,105
2013-01-08 00:00:00,43.1,44.0,43.1,43.6,10030
2013-01-07 00:00:00,44.2,44.2,43.1,43.8,3478
2013-01-04 00:00:00,44.2,44.2,43.5,44.2,2035
2013-01-03 00:00:00,44.5,44.5,43.5,44.2,3530
2013-01-02 00:00:00,43.8,45.0,43.3,44.5,8195
2013-01-01 00:00:00,,43.8,43.8,43.8,0
2012-12-31 00:00:00,,43.8,43.8,43.8,0
2012-12-28 00:00:00,42.0,44.0,41.2,43.8,6585
2012-12-27 00:00:00,42.0,42.0,40.1,41.8,14840
2012-12-26 00:00:00,,42.3,42.3,42.3,0
2012-12-25 00:00:00,,42.3,42.3,42.3,0
2012-12-24 00:00:00,,42.3,42.3,42.3,0
2012-12-21 00:00:00,42.4,42.4,42.0,42.3,14551
2012-12-20 00:00:00,43.3,43.5,42.2,42.4,7875
2012-12-19 00:00:00,43.5,43.9,43.0,43.9,6840
2012-12-18 00:00:00,42.9,44.9,42.9,43.4,6718
2012-12-17 00:00:00,43.4,43.5,42.4,42.6,10003
2012-12-14 00:00:00,42.9,43.0,42.6,42.9,6671
2012-12-13 00:00:00,42.7,42.9,42.6,42.7,9323
2012-12-12 00:00:00,42.7,42.7,42.0,42.7,2030
2012-12-11 00:00:00,43.0,43.0,42.0,42.7,5270
2012-12-10 00:00:00,42.0,44.8,42.0,43.0,17291
2012-12-07 00:00:00,41.3,42.7,41.3,42.0,1308
2012-12-06 00:00:00,42.9,43.6,40.1,42.0,8184
2012-12-05 00:00:00,43.7,43.7,42.5,43.0,3561
2012-12-04 00:00:00,43.0,43.7,43.0,43.0,4400
2012-12-03 00:00:00,43.7,43.7,43.0,43.0,2283
2012-11-30 00:00:00,43.0,44.1,43.0,43.7,10999
2012-11-29 00:00:00,39.7,43.8,39.7,43.8,19690
2012-11-28 00:00:00,39.4,39.8,39.4,39.8,2802
2012-11-27 00:00:00,39.8,40.0,39.0,39.5,30115
2012-11-26 00:00:00,39.8,40.2,39.5,40.2,8744
2012-11-23 00:00:00,40.0,40.6,40.0,40.6,1600
2012-11-22 00:00:00,40.5,40.9,39.8,40.9,7191
2012-11-21 00:00:00,40.1,41.2,39.5,40.9,10765
2012-11-20 00:00:00,41.0,41.0,40.5,40.5,2185
2012-11-19 00:00:00,39.7,42.6,39.7,42.5,1735
2012-11-16 00:00:00,41.0,41.2,40.5,41.0,2793
2012-11-15 00:00:00,42.0,42.0,41.0,41.9,1840
2012-11-14 00:00:00,42.5,43.1,41.8,42.3,3890
2012-11-13 00:00:00,42.9,42.9,42.0,42.9,495
2012-11-12 00:00:00,43.0,43.4,42.5,43.1,2600
2012-11-09 00:00:00,42.0,44.0,41.3,42.9,3929
2012-11-08 00:00:00,42.3,42.3,40.2,42.0,10233
2012-11-07 00:00:00,45.5,45.5,42.0,42.3,27871
2012-11-06 00:00:00,46.7,46.7,45.5,46.6,6532
2012-11-05 00:00:00,46.4,46.4,45.3,46.4,3114
2012-11-02 00:00:00,46.0,46.0,46.0,46.0,500
2012-11-01 00:00:00,46.0,46.0,46.0,46.0,241
2012-10-31 00:00:00,45.0,46.4,45.0,45.1,4016
2012-10-30 00:00:00,46.7,46.7,45.1,46.4,2021
2012-10-29 00:00:00,43.4,47.0,43.4,46.9,18333
2012-10-26 00:00:00,41.8,43.1,41.8,43.1,3073
2012-10-25 00:00:00,43.5,43.5,41.0,43.4,7940
2012-10-24 00:00:00,44.2,44.2,44.2,44.2,30
2012-10-23 00:00:00,44.5,44.5,44.2,44.2,1730
2012-10-22 00:00:00,46.0,46.0,44.2,44.3,751
2012-10-19 00:00:00,45.0,45.0,45.0,45.0,10
2012-10-18 00:00:00,45.0,47.5,44.5,45.0,6467
2012-10-17 00:00:00,44.5,44.5,44.1,44.1,310
2012-10-16 00:00:00,44.6,45.0,44.2,44.2,3252
2012-10-15 00:00:00,44.6,44.6,44.4,44.6,2076
2012-10-12 00:00:00,44.6,45.0,44.6,45.0,1180
2012-10-11 00:00:00,44.6,45.4,44.6,45.4,2400
2012-10-10 00:00:00,45.0,45.6,44.6,45.6,825
2012-10-09 00:00:00,45.6,45.6,44.6,45.6,3430
2012-10-08 00:00:00,44.7,44.7,44.7,44.7,500
2012-10-05 00:00:00,45.0,45.4,44.9,45.4,621
2012-10-04 00:00:00,46.1,46.1,45.4,45.4,900
2012-10-03 00:00:00,46.3,46.3,45.0,46.0,4450
2012-10-02 00:00:00,45.7,46.2,45.0,46.1,2013
2012-10-01 00:00:00,45.5,47.0,45.5,46.1,2334
2012-09-28 00:00:00,45.1,46.0,45.1,46.0,250
2012-09-27 00:00:00,45.2,45.2,45.2,45.2,228
2012-09-26 00:00:00,46.0,46.0,45.1,45.1,1720
2012-09-25 00:00:00,46.1,47.0,46.0,46.0,3039
2012-09-24 00:00:00,46.5,47.6,46.5,47.6,2314
2012-09-21 00:00:00,46.0,47.6,45.8,47.6,8912
2012-09-20 00:00:00,46.5,46.8,46.0,46.0,7093
2012-09-19 00:00:00,46.0,47.9,46.0,47.9,5529
2012-09-18 00:00:00,45.4,46.9,44.2,46.3,9614
2012-09-17 00:00:00,46.0,46.5,45.4,45.4,1567
2012-09-14 00:00:00,46.0,47.5,46.0,46.1,4048
2012-09-13 00:00:00,45.5,46.0,45.5,46.0,960
2012-09-12 00:00:00,47.0,47.0,45.5,47.0,1765
2012-09-11 00:00:00,47.2,47.2,45.0,47.0,4750
2012-09-10 00:00:00,44.9,48.0,44.9,47.2,1873
