Dates,Open,High,Low,Close,Volume
2017-09-08 00:00:00,49.3,49.9,48.1,48.2,3749
2017-09-07 00:00:00,47.4,48.9,47.4,48.5,3439
2017-09-06 00:00:00,49.0,49.0,47.6,48.0,6699
2017-09-04 00:00:00,48.2,48.3,47.9,47.9,10364
2017-09-01 00:00:00,49.5,49.5,48.3,48.3,1168
2017-08-31 00:00:00,49.9,49.9,49.0,49.9,1417
2017-08-30 00:00:00,49.9,49.9,48.1,49.9,2661
2017-08-29 00:00:00,50.25,50.25,48.1,49.9,1269
2017-08-28 00:00:00,49.6,49.6,49.5,49.6,512
2017-08-25 00:00:00,49.1,50.25,48.5,49.7,3244
2017-08-24 00:00:00,49.8,49.8,49.2,49.2,4116
2017-08-23 00:00:00,49.8,50.25,49.3,50.0,2942
2017-08-22 00:00:00,50.25,50.25,49.2,49.2,2878
2017-08-21 00:00:00,50.0,50.0,49.6,49.6,7311
2017-08-18 00:00:00,50.0,50.75,50.0,50.75,1732
2017-08-17 00:00:00,51.25,51.25,50.0,51.0,13508
2017-08-16 00:00:00,52.0,52.5,51.25,51.25,5598
2017-08-15 00:00:00,52.0,52.5,50.5,52.0,1455
2017-08-14 00:00:00,53.0,53.0,52.0,53.0,2382
2017-08-11 00:00:00,52.5,53.0,51.75,53.0,4552
2017-08-10 00:00:00,53.0,53.5,53.0,53.25,3394
2017-08-09 00:00:00,54.0,54.0,52.75,52.75,1292
2017-08-08 00:00:00,52.75,57.0,52.75,54.0,1665
2017-08-07 00:00:00,53.0,54.5,52.5,52.75,3243
2017-08-04 00:00:00,53.25,53.75,52.5,53.75,2574
2017-08-03 00:00:00,54.5,54.75,53.25,53.25,4462
2017-08-02 00:00:00,55.0,55.0,54.0,54.5,5532
2017-08-01 00:00:00,55.0,55.0,53.25,55.0,1927
2017-07-31 00:00:00,54.5,54.75,54.5,54.5,4042
2017-07-28 00:00:00,55.25,55.25,53.0,54.0,3263
2017-07-27 00:00:00,54.75,54.75,53.5,53.5,4984
2017-07-26 00:00:00,54.0,55.0,53.5,54.5,1654
2017-07-25 00:00:00,54.0,58.0,54.0,54.0,7697
2017-07-24 00:00:00,52.75,55.0,52.75,53.25,13868
2017-07-21 00:00:00,59.5,59.75,50.5,51.0,46483
2017-07-20 00:00:00,57.25,59.0,57.0,59.0,2694
2017-07-19 00:00:00,57.5,58.0,57.5,58.0,3447
2017-07-18 00:00:00,58.5,59.0,58.25,59.0,1110
2017-07-17 00:00:00,59.0,59.0,58.5,58.5,524
2017-07-14 00:00:00,58.5,59.25,58.5,59.25,2030
2017-07-13 00:00:00,58.5,59.0,58.5,59.0,170
2017-07-12 00:00:00,59.0,59.0,58.25,58.5,3034
2017-07-11 00:00:00,57.25,59.0,56.75,59.0,1197
2017-07-10 00:00:00,57.25,58.5,56.5,57.25,2827
2017-07-07 00:00:00,57.75,57.75,56.75,57.25,1850
2017-07-06 00:00:00,58.25,59.0,57.75,57.75,1046
2017-07-05 00:00:00,58.25,58.25,57.0,58.25,5572
2017-07-04 00:00:00,59.0,59.0,58.5,58.5,407
2017-07-03 00:00:00,58.25,60.0,58.25,60.0,3873
2017-06-30 00:00:00,59.75,59.75,58.25,58.25,4010
2017-06-29 00:00:00,58.25,59.75,58.25,58.25,4114
2017-06-28 00:00:00,59.0,60.0,59.0,59.0,1880
2017-06-27 00:00:00,59.5,60.0,58.25,59.0,4829
2017-06-26 00:00:00,59.5,60.0,58.75,59.0,25045
2017-06-23 00:00:00,,59.0,59.0,59.0,0
2017-06-22 00:00:00,58.5,59.0,57.75,59.0,3082
2017-06-21 00:00:00,58.5,59.75,58.5,58.5,1046
2017-06-20 00:00:00,60.25,60.25,58.5,58.75,4416
2017-06-19 00:00:00,60.25,60.25,58.75,59.0,1363
2017-06-16 00:00:00,58.5,59.0,58.0,59.0,1052
2017-06-15 00:00:00,59.75,59.75,58.75,58.75,1700
2017-06-14 00:00:00,60.0,60.0,58.5,58.5,1390
2017-06-13 00:00:00,59.0,59.5,58.25,59.5,4710
2017-06-12 00:00:00,58.0,58.5,58.0,58.5,950
2017-06-09 00:00:00,60.75,60.75,58.5,59.0,4818
2017-06-08 00:00:00,61.0,61.0,59.0,59.0,6417
2017-06-07 00:00:00,61.75,61.75,59.0,60.75,22528
2017-06-06 00:00:00,,63.0,63.0,63.0,0
2017-06-05 00:00:00,59.5,63.0,59.5,63.0,8651
2017-06-02 00:00:00,61.0,61.0,58.75,61.0,13485
2017-06-01 00:00:00,61.0,63.0,59.0,60.5,46148
2017-05-31 00:00:00,56.0,62.5,55.0,61.75,130119
2017-05-30 00:00:00,55.0,56.75,55.0,56.25,4285
2017-05-29 00:00:00,55.5,55.5,55.0,55.5,2985
2017-05-26 00:00:00,55.25,55.75,54.5,54.5,928
2017-05-24 00:00:00,55.25,56.0,54.0,55.0,3302
2017-05-23 00:00:00,56.0,56.0,56.0,56.0,1880
2017-05-22 00:00:00,55.5,56.5,55.0,56.0,6061
2017-05-19 00:00:00,54.0,60.0,54.0,56.0,14832
2017-05-18 00:00:00,54.0,55.0,53.5,55.0,13420
2017-05-17 00:00:00,55.25,55.25,54.0,54.0,5347
2017-05-16 00:00:00,56.75,57.0,54.5,55.25,6155
2017-05-15 00:00:00,56.5,56.75,55.0,56.75,4687
2017-05-12 00:00:00,56.5,56.0,56.0,56.0,2121
2017-05-11 00:00:00,55.75,56.25,55.0,56.25,9560
2017-05-10 00:00:00,56.0,56.0,54.75,55.75,12371
2017-05-09 00:00:00,56.75,58.75,55.0,56.0,32165
2017-05-08 00:00:00,57.75,57.75,55.5,57.0,5497
2017-05-05 00:00:00,59.5,59.5,57.0,57.75,18634
2017-05-04 00:00:00,61.0,61.0,59.5,59.5,5016
2017-05-03 00:00:00,62.5,62.5,59.25,60.0,32037
2017-05-02 00:00:00,60.5,62.5,60.0,62.5,11666
2017-05-01 00:00:00,,60.5,60.5,60.5,0
2017-04-28 00:00:00,60.25,62.0,59.5,60.5,11692
2017-04-27 00:00:00,65.75,65.75,57.0,60.25,71575
2017-04-26 00:00:00,65.5,66.0,64.5,65.75,8766
2017-04-25 00:00:00,65.0,65.0,64.0,64.5,1122
2017-04-24 00:00:00,66.5,66.5,64.25,65.25,3473
2017-04-21 00:00:00,64.0,65.25,63.0,65.25,2649
2017-04-20 00:00:00,64.0,65.0,63.0,64.0,1186
2017-04-19 00:00:00,65.0,65.0,64.0,64.0,5079
2017-04-18 00:00:00,65.0,66.0,64.75,66.0,2254
2017-04-13 00:00:00,64.0,65.0,64.0,65.0,514
2017-04-12 00:00:00,65.5,65.5,64.0,64.0,150
2017-04-11 00:00:00,65.5,65.5,64.75,65.25,1007
2017-04-10 00:00:00,64.5,65.5,64.5,65.5,1476
2017-04-07 00:00:00,66.0,66.0,65.0,65.25,3621
2017-04-06 00:00:00,67.0,67.0,66.0,66.0,1303
2017-04-05 00:00:00,63.0,68.0,62.5,67.75,13795
2017-04-04 00:00:00,63.0,63.75,63.0,63.0,5178
2017-04-03 00:00:00,64.25,64.5,63.0,64.0,3399
2017-03-31 00:00:00,64.0,64.25,63.0,64.25,8464
2017-03-30 00:00:00,63.5,64.0,63.5,64.0,7762
2017-03-29 00:00:00,64.0,64.5,64.0,64.0,5108
2017-03-28 00:00:00,65.0,68.5,64.0,64.5,10046
2017-03-27 00:00:00,64.0,65.5,64.0,65.0,7574
2017-03-24 00:00:00,67.5,67.5,64.75,66.5,5092
2017-03-23 00:00:00,66.0,68.0,63.75,68.0,12293
2017-03-22 00:00:00,66.0,66.0,63.0,65.0,7688
2017-03-21 00:00:00,66.25,67.5,65.25,66.0,3910
2017-03-20 00:00:00,66.5,67.5,65.25,67.5,2989
2017-03-17 00:00:00,66.5,66.5,65.5,66.5,2326
2017-03-16 00:00:00,67.0,68.0,66.5,67.25,981
2017-03-15 00:00:00,66.25,66.5,66.0,66.5,3447
2017-03-14 00:00:00,67.5,67.5,66.5,66.5,3083
2017-03-13 00:00:00,67.5,68.0,67.0,67.5,4824
2017-03-10 00:00:00,68.0,67.0,67.0,67.0,2185
2017-03-09 00:00:00,69.25,69.5,67.0,68.5,3134
2017-03-08 00:00:00,69.0,70.75,68.5,69.5,5037
2017-03-07 00:00:00,68.5,69.0,68.5,68.5,2948
2017-03-06 00:00:00,67.75,68.5,67.75,68.5,606
2017-03-03 00:00:00,69.0,67.5,67.5,67.5,9662
2017-03-02 00:00:00,68.0,69.0,67.25,69.0,6875
2017-03-01 00:00:00,68.0,68.0,67.0,67.75,6751
2017-02-28 00:00:00,68.0,68.0,67.5,68.0,260
2017-02-27 00:00:00,67.5,68.5,67.5,67.5,5282
2017-02-24 00:00:00,68.0,68.0,67.25,67.25,1162
2017-02-23 00:00:00,67.0,67.75,66.25,67.5,6742
2017-02-22 00:00:00,68.25,68.75,67.0,67.0,4850
2017-02-21 00:00:00,70.0,70.0,68.25,68.25,3733
2017-02-20 00:00:00,68.0,70.0,67.0,70.0,4944
2017-02-17 00:00:00,70.0,70.0,68.0,68.0,11136
2017-02-16 00:00:00,67.5,70.0,66.75,69.0,55368
2017-02-15 00:00:00,63.0,69.25,62.0,66.0,75518
2017-02-14 00:00:00,62.0,63.0,62.0,62.5,4378
2017-02-13 00:00:00,61.0,63.0,61.0,62.0,9213
2017-02-10 00:00:00,60.5,60.75,60.0,60.75,2975
2017-02-09 00:00:00,59.0,60.5,58.25,60.0,7807
2017-02-08 00:00:00,60.5,60.5,58.0,60.0,5204
2017-02-07 00:00:00,62.0,62.0,59.5,60.5,16177
2017-02-06 00:00:00,60.0,61.75,59.25,60.0,8445
2017-02-03 00:00:00,60.0,60.75,59.5,60.0,1141
2017-02-02 00:00:00,59.25,61.0,59.25,60.0,3269
2017-02-01 00:00:00,61.5,62.0,60.0,60.0,6463
2017-01-31 00:00:00,61.0,61.0,60.0,61.0,2988
2017-01-30 00:00:00,60.0,62.0,59.0,61.0,4907
2017-01-27 00:00:00,60.25,60.25,59.0,60.0,6992
2017-01-26 00:00:00,60.0,60.5,58.25,60.25,8266
2017-01-25 00:00:00,61.0,61.0,58.5,60.0,2889
2017-01-24 00:00:00,59.5,60.0,58.0,60.0,5874
2017-01-23 00:00:00,60.0,60.0,58.0,59.75,5275
2017-01-20 00:00:00,60.75,60.75,58.75,60.0,3315
2017-01-19 00:00:00,58.75,60.0,58.75,60.0,6003
2017-01-18 00:00:00,57.5,59.0,57.25,58.75,1319
2017-01-17 00:00:00,59.5,60.25,57.0,60.0,3992
2017-01-16 00:00:00,61.0,61.0,58.75,60.0,1878
2017-01-13 00:00:00,61.0,61.0,59.0,61.0,9286
2017-01-12 00:00:00,61.0,61.0,59.5,60.0,2176
2017-01-11 00:00:00,61.5,61.75,60.5,60.5,2517
2017-01-10 00:00:00,59.0,61.0,59.0,60.75,2722
2017-01-09 00:00:00,61.0,61.0,60.0,60.25,2583
2017-01-06 00:00:00,,60.0,60.0,60.0,0
2017-01-05 00:00:00,59.5,61.0,59.5,60.0,2405
2017-01-04 00:00:00,58.5,61.0,55.5,60.5,26048
2017-01-03 00:00:00,59.0,59.0,58.0,58.0,2463
2017-01-02 00:00:00,60.0,60.0,56.5,59.0,5044
2016-12-30 00:00:00,57.0,59.5,56.75,59.5,3858
2016-12-29 00:00:00,56.5,56.75,55.0,56.75,3744
2016-12-28 00:00:00,57.0,57.0,56.5,56.5,1491
2016-12-27 00:00:00,57.0,57.0,56.0,57.0,8063
2016-12-23 00:00:00,56.5,57.0,55.0,57.0,8192
2016-12-22 00:00:00,56.5,56.5,55.0,55.0,6432
2016-12-21 00:00:00,55.0,56.5,54.0,56.5,16210
2016-12-20 00:00:00,54.0,56.25,53.5,54.0,15405
2016-12-19 00:00:00,53.5,53.5,52.25,53.25,978
2016-12-16 00:00:00,53.5,53.5,52.25,53.25,1780
2016-12-15 00:00:00,52.5,53.5,51.75,53.5,5932
2016-12-14 00:00:00,53.0,53.25,52.5,53.25,705
2016-12-13 00:00:00,53.0,53.0,52.25,53.0,4790
2016-12-12 00:00:00,52.0,55.0,51.0,53.0,22581
2016-12-09 00:00:00,52.0,53.0,52.0,53.0,398
2016-12-08 00:00:00,52.0,53.0,52.0,53.0,7403
2016-12-07 00:00:00,52.0,53.0,51.75,53.0,3561
2016-12-06 00:00:00,52.75,53.25,52.0,53.25,8865
2016-12-05 00:00:00,52.75,53.5,52.25,53.25,2453
2016-12-02 00:00:00,53.75,53.75,52.25,52.25,3360
2016-12-01 00:00:00,53.0,53.75,52.75,53.75,577
2016-11-30 00:00:00,52.75,56.0,52.75,54.0,13737
2016-11-29 00:00:00,53.5,53.5,52.0,52.0,16703
2016-11-28 00:00:00,53.75,54.0,53.0,53.5,3578
2016-11-25 00:00:00,54.5,54.5,53.25,53.75,1383
2016-11-24 00:00:00,55.0,55.5,53.5,53.75,4160
2016-11-23 00:00:00,53.25,55.0,52.5,55.0,14405
2016-11-22 00:00:00,53.25,54.0,52.0,54.0,8620
2016-11-21 00:00:00,53.0,54.25,53.0,54.0,1613
2016-11-18 00:00:00,54.0,54.25,53.0,54.0,4481
2016-11-17 00:00:00,54.0,55.0,54.0,55.0,1821
2016-11-16 00:00:00,55.5,55.5,53.75,53.75,2754
2016-11-15 00:00:00,54.5,55.0,54.0,54.75,976
2016-11-14 00:00:00,57.75,57.75,54.75,54.75,1505
2016-11-11 00:00:00,56.0,56.0,54.0,55.5,2818
2016-11-10 00:00:00,55.0,58.0,55.0,57.0,4747
2016-11-09 00:00:00,52.0,57.0,51.5,55.0,5238
2016-11-08 00:00:00,57.0,57.5,55.0,55.5,8854
2016-11-07 00:00:00,57.0,57.0,55.5,56.75,7624
2016-11-04 00:00:00,57.5,58.75,58.25,58.25,1245
2016-11-03 00:00:00,59.0,60.25,58.25,59.0,7114
2016-11-02 00:00:00,60.0,60.0,58.0,59.0,1281
2016-11-01 00:00:00,57.5,60.0,57.5,59.25,463
2016-10-31 00:00:00,61.0,61.0,57.75,59.75,5135
2016-10-28 00:00:00,59.25,61.0,59.25,61.0,7884
2016-10-27 00:00:00,59.5,61.0,58.0,59.5,4898
2016-10-26 00:00:00,56.75,59.75,56.0,59.5,5507
2016-10-25 00:00:00,57.75,57.75,56.0,56.75,9447
2016-10-24 00:00:00,58.5,58.5,56.5,57.75,20414
2016-10-21 00:00:00,66.0,66.75,55.0,59.0,104689
2016-10-20 00:00:00,65.0,66.25,65.0,65.75,3821
2016-10-19 00:00:00,66.25,66.25,65.5,66.0,619
2016-10-18 00:00:00,65.0,66.25,65.0,66.25,6213
2016-10-17 00:00:00,65.0,66.0,63.0,65.5,13378
2016-10-14 00:00:00,64.5,65.5,64.0,65.0,3524
2016-10-13 00:00:00,65.75,65.75,64.5,64.5,1392
2016-10-12 00:00:00,66.25,66.25,65.0,65.75,7329
2016-10-11 00:00:00,65.5,66.25,65.0,66.25,6946
2016-10-10 00:00:00,67.0,67.0,65.0,65.5,7557
2016-10-07 00:00:00,66.5,67.0,65.0,67.0,12823
2016-10-06 00:00:00,68.0,68.0,65.5,66.5,25443
2016-10-05 00:00:00,69.0,69.0,67.0,67.5,4096
2016-10-04 00:00:00,67.5,70.25,65.75,69.0,8298
2016-10-03 00:00:00,66.75,69.0,66.0,66.25,6925
2016-09-30 00:00:00,66.0,68.0,65.5,68.0,1509
2016-09-29 00:00:00,67.0,67.0,65.5,66.0,4634
2016-09-28 00:00:00,67.0,67.5,65.25,67.0,3383
2016-09-27 00:00:00,67.5,67.5,66.5,67.0,1603
2016-09-26 00:00:00,66.75,68.0,66.5,67.5,2712
2016-09-23 00:00:00,66.25,67.0,65.5,66.75,6289
2016-09-22 00:00:00,66.5,67.25,66.0,66.0,3073
2016-09-21 00:00:00,63.75,70.0,63.75,66.75,21216
2016-09-20 00:00:00,63.75,66.25,63.5,64.75,18901
2016-09-19 00:00:00,64.5,67.25,64.0,65.0,14391
2016-09-16 00:00:00,63.75,65.0,63.75,64.5,398
2016-09-15 00:00:00,65.0,65.0,63.5,63.75,2421
2016-09-14 00:00:00,65.0,65.0,63.5,65.0,300
2016-09-13 00:00:00,64.5,65.5,63.5,64.5,2070
2016-09-12 00:00:00,65.5,65.5,63.0,64.0,2841
2016-09-09 00:00:00,66.5,66.5,65.0,65.5,5274
2016-09-08 00:00:00,66.5,67.0,65.75,66.5,10089
2016-09-07 00:00:00,67.25,67.5,66.0,66.75,8252
2016-09-06 00:00:00,68.0,68.0,65.0,66.0,5358
2016-09-05 00:00:00,69.0,69.0,65.0,67.25,10463
2016-09-02 00:00:00,63.0,71.0,62.5,69.0,17684
2016-09-01 00:00:00,64.0,64.5,63.0,64.0,6239
2016-08-31 00:00:00,64.5,65.75,64.0,64.0,2809
2016-08-30 00:00:00,65.75,65.75,64.25,64.5,6101
2016-08-29 00:00:00,62.75,64.5,62.75,64.5,9905
2016-08-26 00:00:00,64.0,64.0,62.75,64.0,15895
2016-08-25 00:00:00,64.0,64.0,63.0,63.5,7384
2016-08-24 00:00:00,64.0,66.0,64.0,64.25,34267
2016-08-23 00:00:00,62.75,65.0,62.75,64.5,62375
2016-08-22 00:00:00,61.75,63.0,61.75,62.75,2544
2016-08-19 00:00:00,63.5,63.5,62.0,62.0,2935
2016-08-18 00:00:00,64.0,64.0,62.5,62.5,12770
2016-08-17 00:00:00,64.0,64.25,63.0,63.0,16344
2016-08-16 00:00:00,64.5,65.0,63.75,64.75,40074
2016-08-15 00:00:00,67.0,67.0,63.5,64.5,13798
2016-08-12 00:00:00,64.25,66.0,63.75,66.0,10454
2016-08-11 00:00:00,62.0,65.75,61.75,65.75,44164
2016-08-10 00:00:00,62.0,63.25,61.25,63.25,1930
2016-08-09 00:00:00,62.75,63.0,61.75,62.0,4662
2016-08-08 00:00:00,62.5,62.75,61.25,62.75,3723
2016-08-05 00:00:00,63.75,64.0,61.5,62.5,1673
2016-08-04 00:00:00,62.25,62.25,61.25,61.5,2125
2016-08-03 00:00:00,62.0,62.75,61.0,61.25,13409
2016-08-02 00:00:00,63.75,64.0,62.0,62.75,6518
2016-08-01 00:00:00,64.0,64.5,63.0,63.75,5184
2016-07-29 00:00:00,65.0,65.25,63.0,64.0,12275
2016-07-28 00:00:00,61.5,65.25,61.5,65.25,31006
2016-07-27 00:00:00,59.75,61.25,59.75,60.25,5085
2016-07-26 00:00:00,61.5,61.5,59.75,59.75,4078
2016-07-25 00:00:00,60.25,61.5,59.5,61.5,10740
2016-07-22 00:00:00,62.0,62.0,60.0,60.5,35837
2016-07-21 00:00:00,64.75,65.5,63.0,64.0,5595
2016-07-20 00:00:00,64.25,64.25,63.0,63.5,2803
2016-07-19 00:00:00,63.0,64.5,63.0,64.0,3944
2016-07-18 00:00:00,63.75,64.0,63.0,64.0,699
2016-07-15 00:00:00,63.0,63.75,62.5,63.75,3716
2016-07-14 00:00:00,62.0,63.25,61.5,62.5,45957
2016-07-13 00:00:00,62.75,63.0,61.5,62.0,1465
2016-07-12 00:00:00,62.5,63.5,62.5,62.75,1321
2016-07-11 00:00:00,62.0,63.5,62.0,63.5,4827
2016-07-08 00:00:00,60.5,62.0,59.5,62.0,9107
2016-07-07 00:00:00,63.5,63.5,61.0,61.5,5991
2016-07-06 00:00:00,62.75,62.75,61.5,61.75,4749
2016-07-05 00:00:00,63.0,64.0,62.75,62.75,1573
2016-07-04 00:00:00,62.25,64.0,62.25,63.5,3601
2016-07-01 00:00:00,62.0,64.25,61.0,63.75,7265
2016-06-30 00:00:00,62.0,62.25,60.5,62.0,5230
2016-06-29 00:00:00,60.75,61.5,59.5,61.0,8031
2016-06-28 00:00:00,61.0,62.0,58.0,60.75,10455
2016-06-27 00:00:00,60.25,62.0,60.0,61.0,31038
2016-06-24 00:00:00,,63.25,63.25,63.25,0
2016-06-23 00:00:00,63.0,63.5,62.25,63.25,5954
2016-06-22 00:00:00,62.25,63.0,62.0,62.25,5204
2016-06-21 00:00:00,63.0,63.25,62.5,63.0,1445
2016-06-20 00:00:00,64.0,64.5,62.0,62.5,26460
2016-06-17 00:00:00,62.0,64.0,62.0,64.0,9053
2016-06-16 00:00:00,63.5,63.75,61.5,62.0,11124
2016-06-15 00:00:00,61.25,63.75,61.25,63.5,6305
2016-06-14 00:00:00,64.25,64.25,61.0,61.75,9729
2016-06-13 00:00:00,66.5,67.0,63.0,64.25,16074
2016-06-10 00:00:00,64.25,69.5,62.25,66.0,59536
2016-06-09 00:00:00,66.0,66.0,64.5,65.0,14943
2016-06-08 00:00:00,65.25,66.75,64.5,65.0,10648
2016-06-07 00:00:00,67.5,67.5,65.0,65.0,22758
2016-06-06 00:00:00,,67.0,67.0,67.0,0
2016-06-03 00:00:00,68.0,72.0,64.0,67.0,27012
2016-06-02 00:00:00,64.5,67.5,62.25,67.0,60253
2016-06-01 00:00:00,59.0,63.0,59.0,62.75,29843
2016-05-31 00:00:00,57.25,60.5,57.25,59.75,50548
2016-05-30 00:00:00,58.5,58.5,56.5,57.25,22180
2016-05-27 00:00:00,57.0,58.0,56.25,58.0,16125
2016-05-26 00:00:00,55.25,57.0,55.25,56.25,9075
2016-05-25 00:00:00,55.5,57.0,55.0,56.0,5001
2016-05-24 00:00:00,57.25,57.25,55.5,56.25,10719
2016-05-23 00:00:00,57.25,57.5,55.75,57.5,7104
2016-05-20 00:00:00,60.0,60.0,56.75,57.25,15471
2016-05-19 00:00:00,55.0,59.25,55.0,59.25,46245
2016-05-18 00:00:00,53.5,55.0,53.5,55.0,10904
2016-05-17 00:00:00,55.0,55.75,53.75,54.0,18610
2016-05-16 00:00:00,57.0,57.0,53.0,54.75,53968
2016-05-13 00:00:00,56.25,58.0,56.25,57.75,2254
2016-05-12 00:00:00,56.0,58.0,55.75,57.5,12029
2016-05-11 00:00:00,58.5,59.0,56.0,57.0,26032
2016-05-10 00:00:00,58.5,60.0,57.0,58.5,31038
2016-05-09 00:00:00,56.25,58.75,55.5,58.75,11480
2016-05-06 00:00:00,57.5,57.5,56.5,57.5,2662
2016-05-05 00:00:00,57.25,57.75,56.75,57.5,2689
2016-05-04 00:00:00,57.25,57.75,56.75,57.5,2689
2016-05-03 00:00:00,60.0,60.0,56.25,57.75,12599
2016-05-02 00:00:00,59.0,60.0,57.0,60.0,18536
2016-04-29 00:00:00,61.75,62.0,59.25,60.0,21842
2016-04-28 00:00:00,55.0,63.0,53.5,62.0,67749
2016-04-27 00:00:00,51.75,55.5,51.25,55.0,181942
2016-04-26 00:00:00,52.0,52.0,50.5,51.75,85455
2016-04-25 00:00:00,54.75,55.75,51.75,52.5,103175
2016-04-22 00:00:00,52.5,53.25,51.5,53.25,85623
2016-04-21 00:00:00,48.5,53.75,48.2,52.5,186229
2016-04-20 00:00:00,50.0,55.75,47.1,49.6,404912
2016-04-19 00:00:00,33.7,33.8,32.7,32.7,8164
2016-04-18 00:00:00,32.0,33.0,31.8,32.7,5193
2016-04-15 00:00:00,31.1,32.1,31.1,32.1,7641
2016-04-14 00:00:00,33.0,33.0,32.1,32.1,1620
2016-04-13 00:00:00,31.8,33.5,31.1,33.5,2417
2016-04-12 00:00:00,32.6,32.6,31.3,31.8,3176
2016-04-11 00:00:00,31.9,33.0,31.8,31.8,4055
2016-04-08 00:00:00,31.5,32.0,31.0,32.0,12993
2016-04-07 00:00:00,31.0,31.5,30.9,31.5,14368
2016-04-06 00:00:00,30.5,31.9,30.5,31.5,3539
2016-04-05 00:00:00,31.0,31.0,30.5,30.5,500
2016-04-04 00:00:00,30.1,31.2,30.1,31.0,14510
2016-04-01 00:00:00,30.5,31.0,30.5,31.0,4407
2016-03-31 00:00:00,30.9,31.0,30.9,31.0,1357
2016-03-30 00:00:00,30.5,31.0,30.5,31.0,1150
2016-03-29 00:00:00,31.5,31.5,31.2,31.2,1800
2016-03-28 00:00:00,31.3,31.5,31.5,31.5,981
2016-03-25 00:00:00,31.3,31.5,31.2,31.5,981
2016-03-24 00:00:00,31.3,31.5,31.2,31.5,981
2016-03-23 00:00:00,31.9,32.0,31.2,31.3,4293
2016-03-22 00:00:00,31.0,31.5,30.0,31.5,10408
2016-03-21 00:00:00,31.0,31.1,30.8,31.0,2217
2016-03-18 00:00:00,30.1,31.1,30.0,30.7,6121
2016-03-17 00:00:00,30.3,31.0,30.2,30.2,1416
2016-03-16 00:00:00,30.3,30.5,30.3,30.3,2507
2016-03-15 00:00:00,30.0,30.3,30.0,30.3,322
2016-03-14 00:00:00,31.0,31.0,30.2,30.2,1090
2016-03-11 00:00:00,30.6,31.2,30.6,31.0,9240
2016-03-10 00:00:00,31.0,31.0,30.1,30.2,4785
2016-03-09 00:00:00,30.0,31.0,30.0,31.0,7958
2016-03-08 00:00:00,31.1,31.1,29.7,30.0,8545
2016-03-07 00:00:00,30.1,31.2,29.3,31.1,4778
2016-03-04 00:00:00,31.0,31.0,30.1,30.1,2238
2016-03-03 00:00:00,29.7,31.0,29.7,30.9,25996
2016-03-02 00:00:00,31.0,31.0,29.4,29.7,8305
2016-03-01 00:00:00,31.0,31.0,29.5,30.5,10448
2016-02-29 00:00:00,29.0,30.5,29.0,30.2,18645
2016-02-26 00:00:00,29.7,30.1,29.4,29.4,6101
2016-02-25 00:00:00,29.0,29.3,29.0,29.3,3416
2016-02-24 00:00:00,29.2,29.5,28.9,29.0,6426
2016-02-23 00:00:00,30.2,30.2,29.4,29.7,4983
2016-02-22 00:00:00,31.0,31.0,29.5,30.2,8746
2016-02-19 00:00:00,29.7,31.4,29.1,30.1,51125
2016-02-18 00:00:00,27.7,29.9,27.1,29.7,50807
2016-02-17 00:00:00,27.5,27.8,27.0,27.4,31727
2016-02-16 00:00:00,27.4,27.7,27.0,27.5,127454
2016-02-15 00:00:00,26.8,27.2,26.8,27.0,61427
2016-02-12 00:00:00,26.2,26.5,25.9,26.1,11582
2016-02-11 00:00:00,26.5,27.0,26.2,26.2,3298
2016-02-10 00:00:00,26.6,27.5,26.6,27.1,7760
2016-02-09 00:00:00,26.0,27.3,26.0,26.6,71881
2016-02-08 00:00:00,27.1,27.3,26.0,27.1,40603
2016-02-05 00:00:00,27.8,28.4,26.3,28.4,38574
2016-02-04 00:00:00,28.5,28.9,27.0,27.7,45163
2016-02-03 00:00:00,28.9,29.9,28.0,28.4,13524
2016-02-02 00:00:00,31.7,31.7,27.5,28.8,153240
2016-02-01 00:00:00,34.5,35.0,34.0,35.0,21915
2016-01-29 00:00:00,31.2,34.6,31.2,34.2,42549
2016-01-28 00:00:00,31.5,32.0,31.5,31.5,2890
2016-01-27 00:00:00,31.4,32.0,31.4,32.0,4484
2016-01-26 00:00:00,31.0,31.5,30.8,30.9,13815
2016-01-25 00:00:00,31.1,31.4,31.1,31.4,3235
2016-01-22 00:00:00,30.9,31.9,30.9,31.0,29025
2016-01-21 00:00:00,31.5,31.5,30.7,31.0,8377
2016-01-20 00:00:00,31.6,32.2,31.5,32.0,74399
2016-01-19 00:00:00,31.0,32.0,31.0,31.6,88672
2016-01-18 00:00:00,31.0,31.5,31.0,31.0,17957
2016-01-15 00:00:00,31.8,31.8,31.0,31.0,114598
2016-01-14 00:00:00,31.0,31.5,31.0,31.1,42893
2016-01-13 00:00:00,31.5,31.5,30.8,31.0,1394
2016-01-12 00:00:00,31.5,31.5,30.5,31.5,6830
2016-01-11 00:00:00,32.0,32.0,31.0,31.0,4073
2016-01-08 00:00:00,31.6,32.7,31.3,31.3,13221
2016-01-07 00:00:00,32.0,32.0,31.0,31.6,21979
2016-01-06 00:00:00,,32.0,32.0,32.0,0
2016-01-05 00:00:00,32.0,32.0,31.5,32.0,2609
2016-01-04 00:00:00,32.5,33.0,32.0,32.0,6732
2016-01-01 00:00:00,,32.7,32.7,32.7,0
2015-12-31 00:00:00,,32.7,32.7,32.7,0
2015-12-30 00:00:00,32.3,33.4,32.3,32.7,10239
2015-12-29 00:00:00,32.2,33.2,32.0,32.6,31112
2015-12-28 00:00:00,32.7,33.0,32.2,32.6,5144
2015-12-25 00:00:00,32.5,33.1,32.0,32.7,19649
2015-12-24 00:00:00,32.5,33.1,32.0,32.7,19649
2015-12-23 00:00:00,32.5,33.1,32.0,32.7,19649
2015-12-22 00:00:00,33.4,33.4,32.4,32.4,8989
2015-12-21 00:00:00,33.5,33.6,32.6,32.6,23944
2015-12-18 00:00:00,33.0,33.8,33.0,33.4,10163
2015-12-17 00:00:00,33.3,33.5,33.1,33.2,6266
2015-12-16 00:00:00,33.5,33.5,32.6,33.0,13105
2015-12-15 00:00:00,33.2,33.6,32.8,33.4,16356
2015-12-14 00:00:00,33.4,34.1,32.6,32.6,38939
2015-12-11 00:00:00,32.6,33.8,32.6,33.4,25027
2015-12-10 00:00:00,34.0,34.1,32.0,32.0,35922
2015-12-09 00:00:00,32.5,34.0,32.5,34.0,76695
2015-12-08 00:00:00,31.8,32.9,31.5,32.2,38521
2015-12-07 00:00:00,31.8,32.5,31.8,31.9,2367
2015-12-04 00:00:00,32.5,32.9,31.7,31.8,454
2015-12-03 00:00:00,32.0,32.5,32.0,32.0,42305
2015-12-02 00:00:00,31.7,32.5,31.7,32.0,23560
2015-12-01 00:00:00,31.4,32.3,31.0,32.3,26387
2015-11-30 00:00:00,32.4,32.4,31.9,32.3,3907
2015-11-27 00:00:00,31.9,32.4,31.5,32.4,2098
2015-11-26 00:00:00,32.4,32.4,31.5,31.9,13207
2015-11-25 00:00:00,32.5,32.8,31.8,32.4,15760
2015-11-24 00:00:00,32.3,32.8,32.0,32.4,15183
2015-11-23 00:00:00,33.8,34.3,32.2,33.0,50394
2015-11-20 00:00:00,32.8,34.3,32.5,34.2,73826
2015-11-19 00:00:00,32.1,32.7,31.5,32.0,15273
2015-11-18 00:00:00,32.2,32.4,31.5,32.2,19238
2015-11-17 00:00:00,31.2,33.0,31.2,32.2,97982
2015-11-16 00:00:00,31.7,33.1,31.6,32.1,72765
2015-11-13 00:00:00,32.5,32.5,31.3,31.7,6137
2015-11-12 00:00:00,31.9,32.0,31.4,31.4,10356
2015-11-11 00:00:00,31.1,33.0,31.1,31.9,39432
2015-11-10 00:00:00,32.0,32.4,31.0,31.5,15629
2015-11-09 00:00:00,31.2,31.8,30.8,31.8,15652
2015-11-06 00:00:00,31.5,31.5,30.7,31.1,12485
2015-11-05 00:00:00,30.6,31.8,30.6,31.0,17120
2015-11-04 00:00:00,31.0,31.8,31.0,31.5,10699
2015-11-03 00:00:00,31.6,32.0,31.0,31.5,24180
2015-11-02 00:00:00,31.2,31.8,30.7,31.2,1551
2015-10-30 00:00:00,30.6,31.2,30.5,31.2,10444
2015-10-29 00:00:00,30.9,31.0,30.5,31.0,9751
2015-10-28 00:00:00,30.2,30.9,30.1,30.9,9328
2015-10-27 00:00:00,30.9,30.9,30.2,30.9,573
2015-10-26 00:00:00,30.2,31.0,30.2,30.9,21363
2015-10-23 00:00:00,31.0,31.0,30.9,30.9,817
2015-10-22 00:00:00,30.6,30.9,30.5,30.9,15947
2015-10-21 00:00:00,30.8,34.0,28.5,30.7,113234
2015-10-20 00:00:00,29.4,30.8,29.4,30.8,7160
2015-10-19 00:00:00,30.6,31.0,30.3,30.3,34483
2015-10-16 00:00:00,31.0,31.0,30.6,30.6,6894
2015-10-15 00:00:00,31.0,31.5,31.0,31.0,2400
2015-10-14 00:00:00,30.3,30.5,30.3,30.5,4100
2015-10-13 00:00:00,30.2,30.3,30.2,30.3,750
2015-10-12 00:00:00,30.3,30.7,30.2,30.2,2508
2015-10-09 00:00:00,30.7,30.7,30.2,30.2,6
2015-10-08 00:00:00,30.2,30.8,30.2,30.2,7243
2015-10-07 00:00:00,30.1,30.6,30.1,30.6,490
2015-10-06 00:00:00,30.3,32.0,29.5,30.1,21973
2015-10-05 00:00:00,29.0,32.8,29.0,30.5,21233
2015-10-02 00:00:00,29.7,32.0,28.6,29.8,26963
2015-10-01 00:00:00,30.3,32.5,29.4,29.4,14449
2015-09-30 00:00:00,29.0,30.0,28.9,29.2,46024
2015-09-29 00:00:00,29.0,29.5,29.0,29.5,440
2015-09-28 00:00:00,29.0,30.0,29.0,29.2,22011
2015-09-25 00:00:00,29.2,30.1,29.2,30.1,1410
2015-09-24 00:00:00,29.9,30.0,28.5,30.0,66953
2015-09-23 00:00:00,29.0,30.0,29.0,30.0,450
2015-09-22 00:00:00,29.0,29.0,29.0,29.0,11296
2015-09-21 00:00:00,29.2,29.2,29.0,29.0,313
2015-09-18 00:00:00,30.0,30.0,29.8,30.0,4380
2015-09-17 00:00:00,30.0,30.0,30.0,30.0,3646
2015-09-16 00:00:00,28.1,30.5,28.1,29.6,17338
2015-09-15 00:00:00,29.8,29.8,28.5,29.0,5332
2015-09-14 00:00:00,29.2,30.0,29.0,29.0,1430
2015-09-11 00:00:00,29.0,29.5,29.0,29.4,1675
2015-09-10 00:00:00,29.8,30.0,29.1,30.0,1413
2015-09-09 00:00:00,29.6,30.0,28.7,29.8,4714
2015-09-08 00:00:00,29.9,30.5,28.5,28.5,19915
2015-09-07 00:00:00,29.8,30.0,29.8,29.9,934
2015-09-04 00:00:00,29.5,29.5,28.7,29.2,2939
2015-09-03 00:00:00,30.0,30.0,29.0,29.1,1676
2015-09-02 00:00:00,29.7,30.3,29.5,30.0,4172
2015-09-01 00:00:00,30.0,30.0,28.6,29.7,23221
2015-08-31 00:00:00,31.0,31.0,30.0,30.0,13223
2015-08-28 00:00:00,31.0,31.0,30.5,30.5,2947
2015-08-27 00:00:00,30.0,31.0,30.0,30.9,1536
2015-08-26 00:00:00,30.0,30.0,30.0,30.0,3300
2015-08-25 00:00:00,28.8,29.7,28.8,29.7,3021
2015-08-24 00:00:00,30.1,30.1,28.5,29.6,11887
2015-08-21 00:00:00,30.8,31.3,30.1,31.3,2176
2015-08-20 00:00:00,30.3,30.7,30.3,30.7,2927
2015-08-19 00:00:00,30.0,30.9,29.1,30.3,16492
2015-08-18 00:00:00,32.0,32.2,30.0,30.1,32175
2015-08-17 00:00:00,30.0,32.0,30.0,31.9,19442
2015-08-14 00:00:00,29.5,30.5,29.0,30.5,5466
2015-08-13 00:00:00,30.0,30.0,30.0,30.0,3900
2015-08-12 00:00:00,29.6,30.5,29.6,30.0,5858
2015-08-11 00:00:00,29.7,29.7,29.1,29.5,7250
2015-08-10 00:00:00,29.1,30.5,29.1,29.5,4418
2015-08-07 00:00:00,29.5,30.2,29.5,29.9,2800
2015-08-06 00:00:00,30.0,30.3,29.5,30.3,9795
2015-08-05 00:00:00,31.0,31.5,30.0,30.0,6050
2015-08-04 00:00:00,30.9,30.9,30.9,30.9,500
2015-08-03 00:00:00,31.1,31.1,31.0,31.1,424
2015-07-31 00:00:00,30.0,30.9,30.0,30.5,830
2015-07-30 00:00:00,31.3,31.3,30.7,30.7,1090
2015-07-29 00:00:00,30.3,31.1,29.9,30.7,12593
2015-07-28 00:00:00,30.5,30.6,30.2,30.6,1103
2015-07-27 00:00:00,31.5,31.5,30.5,30.5,7857
2015-07-24 00:00:00,31.0,31.4,30.5,31.4,4405
2015-07-23 00:00:00,31.5,32.0,31.0,31.0,8751
2015-07-22 00:00:00,32.0,32.0,31.4,31.5,3194
2015-07-21 00:00:00,32.2,33.7,31.5,32.0,45364
2015-07-20 00:00:00,30.0,31.6,30.0,30.9,8360
2015-07-17 00:00:00,29.7,29.9,29.7,29.9,260
2015-07-16 00:00:00,29.6,29.8,29.5,29.7,2140
2015-07-15 00:00:00,29.4,29.4,29.4,29.4,40
2015-07-14 00:00:00,29.1,29.1,29.1,29.1,2750
2015-07-13 00:00:00,29.0,29.5,29.0,29.5,1810
2015-07-10 00:00:00,29.0,29.2,28.6,29.2,27516
2015-07-09 00:00:00,29.0,29.0,28.3,28.6,3699
2015-07-08 00:00:00,28.6,29.0,28.5,28.5,3639
2015-07-07 00:00:00,28.6,29.1,28.6,29.0,7412
2015-07-06 00:00:00,29.0,29.9,28.8,29.0,12426
2015-07-03 00:00:00,,29.7,29.7,29.7,0
2015-07-02 00:00:00,29.8,30.4,29.5,29.7,9013
2015-07-01 00:00:00,30.6,30.6,30.5,30.6,1016
2015-06-30 00:00:00,30.0,30.0,29.7,30.0,4410
2015-06-29 00:00:00,29.4,30.5,29.4,30.0,2550
2015-06-26 00:00:00,31.0,31.0,30.9,30.9,1371
2015-06-25 00:00:00,30.4,31.0,30.4,31.0,2997
2015-06-24 00:00:00,30.4,31.4,30.1,30.9,11050
2015-06-23 00:00:00,31.2,31.2,31.2,31.2,1250
2015-06-22 00:00:00,31.5,31.5,31.0,31.0,750
2015-06-19 00:00:00,,30.3,30.3,30.3,0
2015-06-18 00:00:00,31.8,31.8,30.3,30.3,6984
2015-06-17 00:00:00,31.0,31.7,31.0,31.7,1095
2015-06-16 00:00:00,31.8,31.8,31.2,31.3,3200
2015-06-15 00:00:00,30.5,31.8,30.5,30.9,6705
2015-06-12 00:00:00,31.0,31.5,30.7,31.5,4705
2015-06-11 00:00:00,32.5,32.5,31.5,31.5,2905
2015-06-10 00:00:00,31.4,31.5,30.8,31.5,3291
2015-06-09 00:00:00,31.3,31.4,31.3,31.4,4076
2015-06-08 00:00:00,31.2,31.2,31.2,31.2,1540
2015-06-05 00:00:00,31.2,32.0,31.2,31.2,3569
2015-06-04 00:00:00,31.8,31.8,31.8,31.8,1225
2015-06-03 00:00:00,31.5,32.0,31.4,31.9,5309
2015-06-02 00:00:00,32.0,32.0,31.5,31.5,4550
2015-06-01 00:00:00,31.6,32.5,31.6,32.5,82
2015-05-29 00:00:00,32.6,32.9,31.4,32.5,7693
2015-05-28 00:00:00,32.5,32.9,32.3,32.6,4738
2015-05-27 00:00:00,31.0,32.2,31.0,32.2,2035
2015-05-26 00:00:00,32.5,32.5,31.2,32.0,2130
2015-05-25 00:00:00,31.7,32.5,31.4,32.5,4300
2015-05-22 00:00:00,31.7,31.8,31.0,31.8,10736
2015-05-21 00:00:00,30.5,32.0,30.5,31.0,4131
2015-05-20 00:00:00,31.8,31.8,31.0,31.2,7769
2015-05-19 00:00:00,33.0,33.0,30.7,31.7,8496
2015-05-18 00:00:00,32.0,32.5,31.6,31.7,17562
2015-05-15 00:00:00,31.4,32.0,31.4,31.7,3525
2015-05-14 00:00:00,33.0,33.0,31.7,31.7,4857
2015-05-13 00:00:00,33.0,33.0,31.7,31.7,4857
2015-05-12 00:00:00,31.8,32.5,31.2,32.4,15355
2015-05-11 00:00:00,31.9,32.6,31.9,32.6,12654
2015-05-08 00:00:00,31.2,31.5,31.0,31.0,4200
2015-05-07 00:00:00,32.0,32.2,30.6,30.9,26709
2015-05-06 00:00:00,32.9,33.0,32.2,32.2,13790
2015-05-05 00:00:00,33.0,33.2,32.8,32.8,29574
2015-05-04 00:00:00,32.6,33.0,32.5,33.0,9334
2015-05-01 00:00:00,32.0,32.5,31.8,32.2,8668
2015-04-30 00:00:00,32.0,32.5,31.8,32.2,8668
2015-04-29 00:00:00,39.0,39.0,31.7,31.9,42439
2015-04-28 00:00:00,37.8,38.5,37.6,38.4,12791
2015-04-27 00:00:00,37.0,37.5,36.6,37.0,6839
2015-04-24 00:00:00,36.7,37.0,36.5,37.0,4785
2015-04-23 00:00:00,36.3,36.9,36.0,36.9,5520
2015-04-22 00:00:00,36.0,37.4,36.0,37.0,7427
2015-04-21 00:00:00,35.4,36.8,35.4,36.5,13767
2015-04-20 00:00:00,35.2,36.5,35.2,36.0,11664
2015-04-17 00:00:00,36.0,36.9,35.7,36.0,3500
2015-04-16 00:00:00,36.5,37.0,36.5,36.9,5826
2015-04-15 00:00:00,36.8,36.8,36.1,36.6,3550
2015-04-14 00:00:00,36.6,37.0,36.0,36.4,13164
2015-04-13 00:00:00,36.0,37.1,36.0,36.2,15113
2015-04-10 00:00:00,34.7,36.0,34.5,36.0,8706
2015-04-09 00:00:00,35.0,36.0,34.5,34.9,13125
2015-04-08 00:00:00,34.5,35.0,34.0,34.7,19580
2015-04-07 00:00:00,34.0,34.9,33.6,34.1,20906
2015-04-02 00:00:00,33.0,33.0,33.0,33.0,1855
2015-04-01 00:00:00,32.0,32.5,32.0,32.5,6221
2015-03-31 00:00:00,33.3,33.3,31.2,32.5,9093
2015-03-30 00:00:00,33.0,33.6,32.7,33.6,7102
2015-03-27 00:00:00,33.7,33.7,33.0,33.0,1810
2015-03-26 00:00:00,33.2,33.2,33.2,33.2,4000
2015-03-25 00:00:00,33.4,33.5,33.2,33.5,2063
2015-03-24 00:00:00,33.1,33.8,33.1,33.4,2499
2015-03-23 00:00:00,31.7,34.0,31.7,34.0,11928
2015-03-20 00:00:00,31.7,32.9,31.7,32.6,6539
2015-03-19 00:00:00,32.6,32.7,31.6,31.7,11751
2015-03-18 00:00:00,31.9,32.4,31.8,32.3,13377
2015-03-17 00:00:00,32.2,33.0,31.9,31.9,26930
2015-03-16 00:00:00,31.6,32.7,31.6,32.4,2995
2015-03-13 00:00:00,32.2,32.2,31.5,32.1,10948
2015-03-12 00:00:00,32.0,32.2,32.0,32.2,125
2015-03-11 00:00:00,32.1,33.0,32.1,32.1,7616
2015-03-10 00:00:00,34.1,34.1,33.0,33.0,19121
2015-03-09 00:00:00,33.5,34.0,32.9,34.0,3910
2015-03-06 00:00:00,32.9,34.4,32.4,34.1,11461
2015-03-05 00:00:00,32.7,33.4,32.1,32.7,6022
2015-03-04 00:00:00,33.0,33.3,32.6,33.3,12860
2015-03-03 00:00:00,32.5,33.0,32.5,33.0,1580
2015-03-02 00:00:00,33.4,33.4,32.4,33.0,4512
2015-02-27 00:00:00,33.4,33.4,32.2,33.4,2937
2015-02-26 00:00:00,32.5,33.4,32.0,33.0,4372
2015-02-25 00:00:00,31.6,33.5,31.6,33.5,11430
2015-02-24 00:00:00,32.7,32.7,31.0,31.0,11220
2015-02-23 00:00:00,31.0,32.7,31.0,32.7,9958
2015-02-20 00:00:00,32.0,32.0,30.4,31.0,17158
2015-02-19 00:00:00,33.0,33.4,32.1,32.1,8525
2015-02-18 00:00:00,33.4,33.5,33.0,33.2,3400
2015-02-17 00:00:00,34.2,34.2,33.4,33.6,3090
2015-02-16 00:00:00,34.1,34.7,34.0,34.1,6248
2015-02-13 00:00:00,35.1,37.4,34.0,34.2,55245
2015-02-12 00:00:00,34.3,35.1,33.8,35.1,9299
2015-02-11 00:00:00,34.5,34.5,33.3,34.0,8535
2015-02-10 00:00:00,33.8,34.3,33.4,33.6,2614
2015-02-09 00:00:00,34.1,34.5,33.2,33.3,10623
2015-02-06 00:00:00,34.0,34.0,33.6,34.0,2323
2015-02-05 00:00:00,33.8,34.9,33.4,34.0,2399
2015-02-04 00:00:00,33.0,34.0,33.0,33.9,1751
2015-02-03 00:00:00,33.5,33.8,32.9,33.4,1400
2015-02-02 00:00:00,33.4,33.4,32.8,32.8,2611
2015-01-30 00:00:00,33.9,33.9,33.9,33.9,415
2015-01-29 00:00:00,34.3,34.3,33.4,33.9,6810
2015-01-28 00:00:00,33.0,34.7,33.0,33.9,3659
2015-01-27 00:00:00,34.0,34.0,33.0,33.0,6494
2015-01-26 00:00:00,32.7,33.6,32.5,33.0,11078
2015-01-23 00:00:00,33.0,33.4,32.7,32.7,9695
2015-01-22 00:00:00,32.5,33.0,32.5,33.0,1850
2015-01-21 00:00:00,33.0,33.0,33.0,33.0,1797
2015-01-20 00:00:00,33.5,33.5,32.5,33.0,11618
2015-01-19 00:00:00,32.5,33.4,32.5,33.4,176
2015-01-16 00:00:00,32.6,33.7,32.6,32.9,5256
2015-01-15 00:00:00,33.1,33.3,32.7,33.3,2125
2015-01-14 00:00:00,32.8,33.4,32.5,32.5,12513
2015-01-13 00:00:00,33.4,33.4,32.7,33.4,3775
2015-01-12 00:00:00,34.0,34.0,32.8,33.5,2525
2015-01-09 00:00:00,33.3,33.3,33.3,33.3,1000
2015-01-08 00:00:00,32.7,33.4,32.5,33.4,6391
2015-01-07 00:00:00,33.9,33.9,32.6,33.2,6260
2015-01-06 00:00:00,,33.9,33.9,33.9,0
2015-01-05 00:00:00,34.4,34.7,33.5,33.9,2550
2015-01-02 00:00:00,32.5,33.6,32.5,33.5,6789
2015-01-01 00:00:00,33.0,33.0,32.0,32.8,4055
2014-12-30 00:00:00,33.0,33.0,32.0,32.8,4055
2014-12-29 00:00:00,32.0,33.0,32.0,33.0,14508
2014-12-23 00:00:00,32.6,32.9,32.0,32.8,21156
2014-12-22 00:00:00,32.6,33.7,32.3,32.6,5471
2014-12-19 00:00:00,33.1,34.0,32.5,32.6,18012
2014-12-18 00:00:00,31.9,34.3,31.9,34.3,21662
2014-12-17 00:00:00,32.3,32.5,31.8,32.5,9550
2014-12-16 00:00:00,31.6,32.8,31.6,32.8,7810
2014-12-15 00:00:00,33.4,33.4,32.1,33.1,9485
2014-12-12 00:00:00,34.0,34.0,33.0,33.4,8259
2014-12-11 00:00:00,37.3,37.3,33.7,34.3,5572
2014-12-10 00:00:00,36.0,36.7,35.1,35.1,3932
2014-12-09 00:00:00,36.1,36.8,36.0,36.8,5147
2014-12-08 00:00:00,37.0,37.0,36.6,36.6,4396
2014-12-05 00:00:00,36.0,37.4,36.0,37.2,5861
2014-12-04 00:00:00,36.3,36.9,35.4,35.4,4700
2014-12-03 00:00:00,36.6,36.6,36.3,36.3,800
2014-12-02 00:00:00,36.5,36.5,36.3,36.3,1217
2014-12-01 00:00:00,37.1,37.1,36.4,36.5,1516
2014-11-28 00:00:00,37.2,37.2,36.4,36.4,1549
2014-11-27 00:00:00,37.0,37.0,36.4,36.5,2499
2014-11-26 00:00:00,36.5,37.0,36.5,36.9,3027
2014-11-25 00:00:00,37.5,37.5,37.0,37.4,79960
2014-11-24 00:00:00,36.2,37.5,36.2,37.5,6204
2014-11-21 00:00:00,36.7,36.9,36.3,36.8,3175
2014-11-20 00:00:00,37.0,37.5,37.0,37.0,450
2014-11-19 00:00:00,36.9,37.0,36.8,37.0,800
2014-11-18 00:00:00,38.9,40.0,37.5,37.9,2110
2014-11-17 00:00:00,36.8,38.0,36.3,38.0,65442
2014-11-14 00:00:00,37.0,37.8,36.3,37.8,9968
2014-11-13 00:00:00,35.5,36.8,35.0,36.5,12695
2014-11-12 00:00:00,35.3,35.9,35.1,35.7,2371
2014-11-11 00:00:00,35.3,36.0,35.3,35.5,13560
2014-11-10 00:00:00,34.3,35.3,34.3,35.3,635
2014-11-07 00:00:00,35.0,35.5,34.9,34.9,4273
2014-11-06 00:00:00,34.0,35.8,34.0,35.2,5780
2014-11-05 00:00:00,33.1,33.9,33.1,33.7,6215
2014-11-04 00:00:00,31.3,33.5,31.3,32.4,11443
2014-11-03 00:00:00,31.0,31.4,30.7,31.4,12981
2014-10-31 00:00:00,31.0,31.4,30.8,31.3,7067
2014-10-30 00:00:00,32.0,32.1,31.4,32.1,3770
2014-10-29 00:00:00,34.0,34.0,32.1,32.1,7928
2014-10-28 00:00:00,32.6,33.4,31.8,33.4,7398
2014-10-24 00:00:00,33.5,33.5,33.5,33.5,250
2014-10-23 00:00:00,32.7,34.5,32.7,33.3,2440
2014-10-22 00:00:00,35.9,35.9,32.7,32.7,8467
2014-10-21 00:00:00,30.5,35.5,30.5,35.4,18768
2014-10-20 00:00:00,33.5,33.5,30.8,31.7,11749
2014-10-17 00:00:00,31.8,33.1,31.8,33.1,5058
2014-10-16 00:00:00,32.5,32.5,31.0,31.8,3600
2014-10-15 00:00:00,32.0,33.2,32.0,32.5,12029
2014-10-14 00:00:00,32.0,32.5,31.9,31.9,4148
2014-10-13 00:00:00,31.1,32.6,31.1,32.1,4227
2014-10-10 00:00:00,32.5,33.0,31.8,33.0,5500
2014-10-09 00:00:00,33.4,33.4,32.4,32.4,5812
2014-10-08 00:00:00,34.0,34.0,33.0,33.4,5960
2014-10-07 00:00:00,34.4,34.5,34.0,34.5,1940
2014-10-06 00:00:00,33.2,34.9,33.2,34.6,8879
2014-10-03 00:00:00,33.5,33.8,33.2,33.8,5304
2014-10-02 00:00:00,34.2,34.2,33.7,33.9,3616
2014-10-01 00:00:00,34.6,35.0,34.4,34.8,8317
2014-09-30 00:00:00,35.6,35.6,34.5,35.2,10741
2014-09-29 00:00:00,36.0,36.0,35.8,35.8,1646
2014-09-26 00:00:00,36.5,36.5,36.1,36.1,5199
2014-09-25 00:00:00,37.0,37.4,36.6,37.4,797
2014-09-24 00:00:00,37.0,37.5,36.1,37.5,2139
2014-09-23 00:00:00,37.2,37.9,37.2,37.5,3422
2014-09-22 00:00:00,38.6,39.9,37.5,37.8,3300
2014-09-19 00:00:00,38.1,39.0,38.0,38.7,1881
2014-09-18 00:00:00,,38.3,38.3,38.3,0
2014-09-17 00:00:00,37.7,38.3,37.7,38.3,2300
2014-09-16 00:00:00,,37.6,37.6,37.6,0
2014-09-15 00:00:00,37.5,38.1,37.5,37.6,2931
2014-09-12 00:00:00,38.0,38.2,37.3,38.2,4930
2014-09-11 00:00:00,38.6,38.6,38.3,38.3,1740
2014-09-10 00:00:00,38.6,39.0,38.3,39.0,2880
2014-09-09 00:00:00,,38.9,38.9,38.9,0
2014-09-08 00:00:00,39.5,39.5,38.2,38.9,2251
2014-09-05 00:00:00,39.0,39.1,39.0,39.0,2442
2014-09-04 00:00:00,38.8,40.0,38.8,39.9,1148
2014-09-03 00:00:00,39.4,39.4,38.8,38.8,350
2014-09-02 00:00:00,41.0,41.0,39.5,39.5,4825
2014-09-01 00:00:00,38.8,40.5,38.8,40.5,3304
2014-08-29 00:00:00,39.0,39.0,38.6,38.8,4733
2014-08-28 00:00:00,39.7,39.9,39.3,39.9,2966
2014-08-27 00:00:00,40.0,40.0,39.4,39.7,1845
2014-08-26 00:00:00,39.7,40.0,39.1,39.7,1814
2014-08-25 00:00:00,39.1,40.0,39.1,39.7,4497
2014-08-22 00:00:00,39.2,39.7,39.2,39.7,867
2014-08-21 00:00:00,39.6,40.5,39.6,39.8,6464
2014-08-20 00:00:00,40.2,41.1,40.2,41.1,782
2014-08-19 00:00:00,40.8,40.8,40.1,40.1,2145
2014-08-18 00:00:00,40.8,40.8,40.8,40.8,630
2014-08-15 00:00:00,,41.3,41.3,41.3,0
2014-08-14 00:00:00,42.0,42.0,41.3,41.3,1796
2014-08-13 00:00:00,41.0,42.5,41.0,41.8,3944
2014-08-12 00:00:00,42.2,42.3,41.6,41.6,1345
2014-08-11 00:00:00,41.0,42.3,41.0,41.8,8292
2014-08-08 00:00:00,43.0,43.0,42.0,42.1,2879
2014-08-07 00:00:00,44.4,44.4,42.6,43.0,3695
2014-08-06 00:00:00,44.0,44.7,43.0,44.0,10655
2014-08-05 00:00:00,43.4,43.5,43.0,43.5,4266
2014-08-04 00:00:00,42.1,43.0,42.0,42.3,8496
2014-08-01 00:00:00,43.8,43.8,41.8,42.0,4244
2014-07-31 00:00:00,40.5,44.1,40.5,42.8,12620
2014-07-30 00:00:00,38.5,41.5,38.4,41.1,14105
2014-07-29 00:00:00,39.6,39.7,39.2,39.5,2973
2014-07-28 00:00:00,37.7,39.6,37.6,39.0,1581
2014-07-25 00:00:00,39.1,39.9,39.1,39.3,1560
2014-07-24 00:00:00,39.3,39.3,39.0,39.1,2733
2014-07-23 00:00:00,39.1,39.1,38.4,38.6,5934
2014-07-22 00:00:00,39.6,39.6,39.0,39.0,2962
2014-07-21 00:00:00,39.5,39.6,39.0,39.6,7425
2014-07-18 00:00:00,40.9,40.9,39.0,39.0,24908
2014-07-17 00:00:00,45.0,47.8,39.4,39.5,44223
2014-07-16 00:00:00,46.3,46.8,45.6,45.6,4492
2014-07-15 00:00:00,47.0,47.4,46.5,46.5,1464
2014-07-14 00:00:00,47.0,47.6,47.0,47.3,111
2014-07-11 00:00:00,48.4,48.4,47.0,47.0,48
2014-07-10 00:00:00,48.0,48.2,47.4,47.4,1613
2014-07-09 00:00:00,47.0,48.5,47.0,47.9,6802
2014-07-08 00:00:00,46.7,47.0,46.7,47.0,3403
2014-07-07 00:00:00,46.1,48.0,46.1,47.0,5762
2014-07-04 00:00:00,45.9,46.7,45.1,46.6,10437
2014-07-03 00:00:00,46.5,46.5,46.2,46.5,5020
2014-07-02 00:00:00,46.3,47.0,46.3,47.0,1565
2014-07-01 00:00:00,46.2,47.1,46.2,47.1,11410
2014-06-30 00:00:00,47.0,47.5,47.0,47.1,2238
2014-06-27 00:00:00,47.5,47.7,47.0,47.0,837
2014-06-26 00:00:00,47.0,48.0,47.0,47.5,1475
2014-06-25 00:00:00,46.5,47.0,46.5,47.0,660
2014-06-24 00:00:00,47.0,47.4,47.0,47.0,1875
2014-06-23 00:00:00,47.0,47.6,47.0,47.1,1802
2014-06-20 00:00:00,,47.6,47.6,47.6,0
2014-06-19 00:00:00,47.5,48.0,47.5,47.6,14230
2014-06-18 00:00:00,48.2,48.2,47.5,47.7,6458
2014-06-17 00:00:00,48.2,48.5,47.9,48.1,7569
2014-06-16 00:00:00,48.7,48.9,48.7,48.7,697
2014-06-13 00:00:00,49.3,49.5,49.0,49.5,1220
2014-06-12 00:00:00,49.9,50.0,49.9,50.0,250
2014-06-11 00:00:00,50.75,50.75,49.1,49.1,1053
2014-06-10 00:00:00,48.3,50.75,48.3,50.75,4830
2014-06-09 00:00:00,50.0,50.0,48.2,48.9,4013
2014-06-06 00:00:00,,50.0,50.0,50.0,0
2014-06-05 00:00:00,50.0,50.0,50.0,50.0,200
2014-06-04 00:00:00,49.1,50.0,49.1,50.0,1648
2014-06-03 00:00:00,50.75,51.0,49.5,50.25,2411
2014-06-02 00:00:00,52.0,52.0,51.25,51.25,2702
2014-05-30 00:00:00,52.0,52.0,50.5,51.25,2503
2014-05-28 00:00:00,51.25,52.0,51.25,52.0,2329
2014-05-27 00:00:00,50.5,51.25,50.25,51.25,5609
2014-05-26 00:00:00,52.5,52.5,51.5,51.5,5142
2014-05-23 00:00:00,49.5,52.5,49.5,51.5,8196
2014-05-22 00:00:00,48.7,52.0,48.7,51.25,8149
2014-05-21 00:00:00,47.0,48.8,47.0,48.7,6047
2014-05-20 00:00:00,46.7,47.1,46.5,47.0,11075
2014-05-19 00:00:00,47.2,47.2,47.2,47.2,500
2014-05-16 00:00:00,49.0,49.0,47.2,47.7,3434
2014-05-15 00:00:00,47.1,49.0,47.1,49.0,4520
2014-05-14 00:00:00,48.4,48.7,47.6,48.7,19146
2014-05-13 00:00:00,46.5,48.3,46.0,48.3,34890
2014-05-12 00:00:00,46.8,47.4,46.5,46.9,12095
2014-05-09 00:00:00,46.4,46.4,45.0,45.3,10003
2014-05-08 00:00:00,46.7,46.7,46.0,46.7,7582
2014-05-07 00:00:00,47.0,47.0,46.6,46.6,771
2014-05-06 00:00:00,47.1,47.3,46.6,47.0,8469
2014-05-05 00:00:00,47.8,47.8,46.6,47.2,14507
2014-05-02 00:00:00,49.0,49.0,47.7,47.9,7323
2014-05-01 00:00:00,,49.0,49.0,49.0,0
2014-04-30 00:00:00,49.9,50.0,49.0,49.0,2880
2014-04-29 00:00:00,48.6,49.8,47.7,49.5,5980
2014-04-28 00:00:00,47.0,50.0,46.0,48.6,43214
2014-04-25 00:00:00,47.0,48.0,46.2,48.0,6417
2014-04-24 00:00:00,47.5,49.0,47.2,47.2,31163
2014-04-23 00:00:00,50.5,52.0,42.7,47.0,129911
2014-04-22 00:00:00,52.0,52.0,50.5,52.0,4828
2014-04-17 00:00:00,52.0,52.0,52.0,52.0,15
2014-04-16 00:00:00,50.0,52.0,50.0,52.0,11075
2014-04-15 00:00:00,50.25,50.5,50.0,50.0,1534
2014-04-14 00:00:00,52.0,52.0,49.9,50.0,6187
2014-04-11 00:00:00,51.75,51.75,51.0,51.75,5703
2014-04-10 00:00:00,52.25,53.5,52.0,52.0,16134
2014-04-09 00:00:00,51.75,52.0,51.5,52.0,12983
2014-04-08 00:00:00,50.5,51.5,50.5,51.5,850
2014-04-07 00:00:00,52.0,52.0,50.0,50.25,2486
2014-04-04 00:00:00,50.25,51.75,50.25,51.75,8162
2014-04-03 00:00:00,51.75,52.0,50.5,51.0,4491
2014-04-02 00:00:00,51.0,52.0,50.5,51.0,9470
2014-04-01 00:00:00,48.4,51.5,48.4,50.5,60110
2014-03-31 00:00:00,48.4,49.5,48.2,49.5,65457
2014-03-28 00:00:00,50.0,50.0,48.7,49.1,3900
2014-03-27 00:00:00,49.4,50.5,49.4,50.0,29288
2014-03-26 00:00:00,52.5,52.5,49.0,49.8,18323
2014-03-25 00:00:00,51.25,52.0,51.0,51.75,1630
2014-03-24 00:00:00,52.0,52.0,51.25,52.0,35082
2014-03-21 00:00:00,52.75,53.0,51.25,52.0,14848
2014-03-20 00:00:00,53.0,53.0,51.75,52.0,2115
2014-03-19 00:00:00,53.0,53.5,52.75,53.0,3593
2014-03-18 00:00:00,53.0,54.0,53.0,53.25,2670
2014-03-17 00:00:00,50.75,54.0,50.75,54.0,17031
2014-03-14 00:00:00,52.5,53.0,52.0,52.75,13529
2014-03-13 00:00:00,54.0,54.0,53.0,53.0,14775
2014-03-12 00:00:00,53.5,53.5,53.25,53.25,2165
2014-03-11 00:00:00,54.5,54.5,53.5,54.25,5824
2014-03-10 00:00:00,56.0,56.0,53.5,54.5,13353
2014-03-07 00:00:00,56.5,56.5,55.5,56.5,6985
2014-03-06 00:00:00,56.5,57.0,56.0,57.0,18603
2014-03-05 00:00:00,56.25,57.75,55.75,56.5,21082
2014-03-04 00:00:00,54.0,56.75,54.0,55.0,15385
2014-03-03 00:00:00,50.0,52.75,50.0,52.75,36990
2014-02-28 00:00:00,53.0,53.0,51.0,52.0,25613
2014-02-27 00:00:00,53.0,54.75,53.0,53.5,7866
2014-02-26 00:00:00,55.75,55.75,53.75,54.75,15308
2014-02-25 00:00:00,56.0,56.0,55.0,55.5,63678
2014-02-24 00:00:00,54.75,58.0,54.75,56.0,52557
2014-02-21 00:00:00,52.75,54.5,52.75,54.0,63587
2014-02-20 00:00:00,54.75,54.75,53.0,53.5,25106
2014-02-19 00:00:00,51.0,54.5,51.0,54.0,122774
2014-02-18 00:00:00,48.9,49.5,46.2,49.0,9251
2014-02-17 00:00:00,48.7,48.9,46.1,48.9,32653
2014-02-14 00:00:00,49.5,49.5,47.3,48.0,12367
2014-02-13 00:00:00,48.0,50.5,46.8,49.9,76171
2014-02-12 00:00:00,41.5,47.2,41.5,46.5,123365
2014-02-11 00:00:00,38.7,39.5,38.7,39.5,3497
2014-02-10 00:00:00,38.6,38.7,38.2,38.6,4720
2014-02-07 00:00:00,39.1,39.6,39.0,39.0,3635
2014-02-06 00:00:00,39.2,39.2,38.3,38.3,788
2014-02-05 00:00:00,38.2,39.3,38.2,38.2,3241
2014-02-04 00:00:00,38.1,38.2,38.1,38.2,1000
2014-02-03 00:00:00,39.9,40.0,38.5,39.5,14832
2014-01-31 00:00:00,39.0,39.6,39.0,39.6,3983
2014-01-30 00:00:00,39.8,39.8,38.0,38.8,10181
2014-01-29 00:00:00,40.0,41.0,39.0,39.3,9058
2014-01-28 00:00:00,38.9,40.0,38.9,39.9,7773
2014-01-27 00:00:00,39.1,39.2,38.1,38.5,10255
2014-01-24 00:00:00,39.0,39.8,39.0,39.8,7271
2014-01-23 00:00:00,39.0,39.4,39.0,39.0,5800
2014-01-22 00:00:00,38.3,39.1,38.3,39.0,6478
2014-01-21 00:00:00,38.7,39.0,38.2,39.0,6270
2014-01-20 00:00:00,37.8,38.7,37.1,38.7,7650
2014-01-17 00:00:00,38.0,38.0,37.7,38.0,6104
2014-01-16 00:00:00,38.1,38.2,38.1,38.1,1270
2014-01-15 00:00:00,38.4,38.4,38.1,38.1,2106
2014-01-14 00:00:00,38.8,39.0,38.3,38.3,2900
2014-01-13 00:00:00,38.2,38.9,38.2,38.3,2952
2014-01-10 00:00:00,38.1,38.1,38.0,38.0,1615
2014-01-09 00:00:00,38.2,38.4,38.1,38.1,6300
2014-01-08 00:00:00,38.2,39.4,38.2,38.6,2929
2014-01-07 00:00:00,38.9,39.2,38.2,38.3,4809
2014-01-06 00:00:00,,38.2,38.2,38.2,0
2014-01-03 00:00:00,38.5,38.5,38.2,38.2,4170
2014-01-02 00:00:00,37.5,38.4,37.5,37.6,5773
2013-12-31 00:00:00,,37.8,37.8,37.8,0
2013-12-30 00:00:00,37.0,38.2,37.0,37.8,10978
2013-12-27 00:00:00,36.5,37.3,36.2,37.1,10319
2013-12-23 00:00:00,36.3,37.2,36.0,36.8,6547
2013-12-20 00:00:00,36.2,36.5,36.2,36.3,8444
2013-12-19 00:00:00,35.5,36.3,35.3,36.3,3555
2013-12-18 00:00:00,35.4,36.2,35.0,36.0,10629
2013-12-17 00:00:00,37.8,37.8,35.9,36.0,5489
2013-12-16 00:00:00,37.0,37.8,35.8,37.1,6520
2013-12-13 00:00:00,36.6,37.0,36.3,37.0,2600
2013-12-12 00:00:00,37.2,37.2,36.7,36.7,4191
2013-12-11 00:00:00,37.3,37.5,37.3,37.5,315
2013-12-10 00:00:00,37.7,38.0,37.7,38.0,3225
2013-12-09 00:00:00,37.2,38.5,37.2,38.1,2304
2013-12-06 00:00:00,37.8,38.3,37.8,38.3,7790
2013-12-05 00:00:00,38.9,39.0,38.5,38.5,7800
2013-12-04 00:00:00,38.2,38.2,38.0,38.0,927
2013-12-03 00:00:00,38.0,39.0,38.0,39.0,3866
2013-12-02 00:00:00,37.8,38.5,37.8,38.5,5541
2013-11-29 00:00:00,37.8,38.1,37.8,37.8,4101
2013-11-28 00:00:00,37.4,39.0,37.3,39.0,14411
2013-11-27 00:00:00,36.7,38.0,36.5,38.0,2960
2013-11-26 00:00:00,35.4,36.4,35.4,36.4,4787
2013-11-25 00:00:00,35.3,36.0,35.1,35.1,15270
2013-11-22 00:00:00,35.3,35.3,35.2,35.2,6378
2013-11-21 00:00:00,35.2,35.8,35.2,35.2,22997
2013-11-20 00:00:00,35.2,35.6,35.2,35.6,468
2013-11-19 00:00:00,35.5,36.3,35.2,36.3,1445
2013-11-18 00:00:00,36.4,36.4,36.0,36.0,1550
2013-11-15 00:00:00,36.1,36.2,35.3,36.0,15214
2013-11-14 00:00:00,36.5,36.5,35.5,36.1,1971
2013-11-13 00:00:00,35.9,36.4,35.5,36.4,3771
2013-11-12 00:00:00,36.7,37.1,35.6,36.6,4952
2013-11-11 00:00:00,36.6,37.2,36.6,37.2,3674
2013-11-08 00:00:00,36.7,37.0,36.5,36.6,3947
2013-11-07 00:00:00,37.0,37.3,37.0,37.3,38
2013-11-06 00:00:00,37.0,37.3,36.9,37.3,1510
2013-11-05 00:00:00,38.1,38.1,36.5,37.9,2847
2013-11-04 00:00:00,39.0,39.0,37.2,38.1,5765
2013-11-01 00:00:00,39.0,39.0,38.0,38.0,825
2013-10-31 00:00:00,38.0,39.4,38.0,39.0,4450
2013-10-30 00:00:00,38.8,39.0,38.0,38.0,4040
2013-10-29 00:00:00,37.7,38.9,37.7,38.9,11862
2013-10-28 00:00:00,37.7,38.5,37.7,37.7,6746
2013-10-25 00:00:00,38.0,38.6,38.0,38.5,3050
2013-10-24 00:00:00,37.8,38.3,36.8,38.3,18109
2013-10-23 00:00:00,33.4,36.5,33.2,36.0,43300
2013-10-22 00:00:00,33.2,33.9,33.1,33.9,15814
2013-10-21 00:00:00,33.5,33.8,33.1,33.5,4630
2013-10-18 00:00:00,33.5,33.5,32.8,33.2,2200
2013-10-17 00:00:00,33.2,33.4,32.9,32.9,7204
2013-10-16 00:00:00,32.2,33.2,32.2,33.2,3759
2013-10-15 00:00:00,32.1,32.9,32.1,32.9,1070
2013-10-14 00:00:00,32.4,32.5,32.1,32.1,976
2013-10-11 00:00:00,32.1,32.6,32.1,32.3,2977
2013-10-10 00:00:00,32.0,32.0,32.0,32.0,1100
2013-10-09 00:00:00,32.0,32.5,31.9,31.9,2150
2013-10-08 00:00:00,32.4,33.2,32.4,32.4,3100
2013-10-07 00:00:00,32.1,33.1,32.1,32.4,6535
2013-10-04 00:00:00,32.0,32.1,31.6,31.6,12290
2013-10-03 00:00:00,31.7,31.7,31.7,31.7,200
2013-10-02 00:00:00,31.4,31.6,31.4,31.5,1650
2013-10-01 00:00:00,31.4,31.4,31.2,31.4,8990
2013-09-30 00:00:00,32.0,32.0,31.2,31.7,8811
2013-09-27 00:00:00,31.1,32.0,31.0,32.0,16690
2013-09-26 00:00:00,31.2,31.2,31.1,31.1,1320
2013-09-25 00:00:00,31.0,31.5,30.8,31.5,6870
2013-09-24 00:00:00,30.8,31.1,30.8,31.0,1283
2013-09-23 00:00:00,31.3,31.7,30.8,31.7,3270
2013-09-20 00:00:00,30.6,31.7,30.6,31.7,10857
2013-09-19 00:00:00,31.1,31.2,31.1,31.2,1450
2013-09-18 00:00:00,31.0,31.7,31.0,31.7,9810
2013-09-17 00:00:00,31.1,31.7,30.5,31.7,3800
2013-09-16 00:00:00,31.7,31.7,31.1,31.2,3170
2013-09-13 00:00:00,31.6,32.5,31.6,31.8,3261
2013-09-12 00:00:00,31.4,31.7,31.1,31.6,2416
2013-09-11 00:00:00,32.0,32.1,31.8,31.8,3461
2013-09-10 00:00:00,32.3,33.0,29.3,31.9,5939
2013-09-09 00:00:00,32.4,32.4,32.3,32.3,3330
2013-09-06 00:00:00,33.0,33.2,32.3,32.3,7562
2013-09-05 00:00:00,32.3,32.9,32.3,32.9,4333
2013-09-04 00:00:00,30.6,32.3,30.6,32.3,8650
2013-09-03 00:00:00,31.9,31.9,31.9,31.9,150
2013-09-02 00:00:00,31.0,33.0,31.0,31.3,20468
2013-08-30 00:00:00,30.0,30.8,30.0,30.6,5820
2013-08-29 00:00:00,29.6,30.4,29.6,30.4,5351
2013-08-28 00:00:00,29.5,29.5,29.5,29.5,1329
2013-08-27 00:00:00,30.0,30.3,30.0,30.3,700
2013-08-26 00:00:00,29.5,30.2,29.5,30.1,10901
2013-08-23 00:00:00,30.0,30.0,29.6,30.0,77425
2013-08-22 00:00:00,29.8,29.9,29.8,29.8,1359
2013-08-21 00:00:00,29.6,29.9,29.5,29.8,3162
2013-08-20 00:00:00,30.0,30.0,29.6,29.7,5257
2013-08-19 00:00:00,29.9,30.0,29.7,30.0,10971
2013-08-16 00:00:00,29.7,29.9,29.7,29.8,4130
2013-08-15 00:00:00,30.2,30.5,30.0,30.0,17094
2013-08-14 00:00:00,30.0,30.2,29.5,30.2,67672
2013-08-13 00:00:00,29.7,29.9,29.6,29.8,7949
2013-08-12 00:00:00,29.9,30.0,29.3,29.5,16094
2013-08-09 00:00:00,29.7,30.0,29.7,30.0,38200
2013-08-08 00:00:00,29.8,29.9,29.3,29.8,3503
2013-08-07 00:00:00,30.0,30.0,29.7,29.7,4748
2013-08-06 00:00:00,29.3,30.0,29.3,30.0,10582
2013-08-05 00:00:00,29.0,29.3,28.6,29.3,4360
2013-08-02 00:00:00,,29.3,29.3,29.3,0
2013-08-01 00:00:00,29.1,29.3,28.9,29.3,8280
2013-07-31 00:00:00,29.2,29.5,29.1,29.1,3210
2013-07-30 00:00:00,29.4,29.5,29.2,29.2,3700
2013-07-29 00:00:00,29.9,29.9,29.2,29.5,2800
2013-07-26 00:00:00,30.3,30.3,29.9,29.9,1060
2013-07-25 00:00:00,29.2,30.2,29.2,30.2,5704
2013-07-24 00:00:00,29.6,29.7,29.6,29.7,2297
2013-07-23 00:00:00,30.0,30.0,29.8,29.8,720
2013-07-22 00:00:00,29.7,30.0,29.7,30.0,3550
2013-07-19 00:00:00,30.0,30.2,29.8,30.0,18353
2013-07-18 00:00:00,30.2,30.5,30.0,30.3,5579
2013-07-17 00:00:00,30.1,30.1,30.0,30.0,500
2013-07-16 00:00:00,30.5,30.9,30.5,30.9,4000
2013-07-15 00:00:00,31.1,31.1,30.0,30.8,4160
2013-07-12 00:00:00,30.5,30.8,30.5,30.5,600
2013-07-11 00:00:00,30.2,31.0,30.0,30.3,13215
2013-07-10 00:00:00,29.8,30.2,29.7,30.1,4098
2013-07-09 00:00:00,30.7,30.7,29.7,29.9,5504
2013-07-08 00:00:00,31.3,31.3,31.0,31.3,4183
2013-07-05 00:00:00,30.6,31.2,30.4,31.2,6006
2013-07-04 00:00:00,30.6,31.0,30.0,30.6,4450
2013-07-03 00:00:00,30.0,30.6,29.8,30.6,6903
2013-07-02 00:00:00,30.0,30.0,29.3,29.3,2441
2013-07-01 00:00:00,29.8,30.0,29.0,30.0,3800
2013-06-28 00:00:00,30.0,30.0,29.6,30.0,4499
2013-06-27 00:00:00,29.9,30.0,29.0,29.7,4580
2013-06-26 00:00:00,29.9,30.2,29.9,29.9,6190
2013-06-25 00:00:00,29.9,30.0,29.9,29.9,4200
2013-06-24 00:00:00,29.7,29.9,29.5,29.9,12741
2013-06-21 00:00:00,,30.2,30.2,30.2,0
2013-06-20 00:00:00,30.3,30.3,29.7,30.2,9117
2013-06-19 00:00:00,30.1,30.5,29.9,30.3,6581
2013-06-18 00:00:00,30.3,30.3,30.0,30.3,3691
2013-06-17 00:00:00,29.5,30.1,29.0,30.1,13747
2013-06-14 00:00:00,29.6,30.2,29.6,30.1,3200
2013-06-13 00:00:00,30.2,30.2,29.6,29.6,3965
2013-06-12 00:00:00,30.2,30.5,30.2,30.5,1020
2013-06-11 00:00:00,30.2,31.0,30.2,31.0,3300
2013-06-10 00:00:00,30.1,31.0,30.1,30.2,2185
2013-06-07 00:00:00,30.0,30.4,30.0,30.0,7522
2013-06-06 00:00:00,,30.3,30.3,30.3,0
2013-06-05 00:00:00,29.8,30.4,29.5,30.3,5897
2013-06-04 00:00:00,30.0,30.0,29.8,30.0,7385
2013-06-03 00:00:00,29.6,30.1,29.6,30.1,7336
2013-05-31 00:00:00,29.6,29.8,29.6,29.6,2000
2013-05-30 00:00:00,30.0,30.0,30.0,30.0,800
2013-05-29 00:00:00,30.0,30.0,29.6,29.6,2616
2013-05-28 00:00:00,30.0,30.0,29.8,29.8,1135
2013-05-27 00:00:00,30.7,30.7,29.6,30.0,6241
2013-05-24 00:00:00,30.8,30.9,29.6,29.6,25020
2013-05-23 00:00:00,31.5,31.5,30.5,30.8,4284
2013-05-22 00:00:00,31.4,32.0,31.4,31.6,7304
2013-05-21 00:00:00,31.0,31.9,31.0,31.4,17111
2013-05-20 00:00:00,31.0,31.0,30.9,30.9,425
2013-05-17 00:00:00,30.2,30.6,30.2,30.6,3215
2013-05-16 00:00:00,29.8,30.5,29.8,30.3,8169
2013-05-15 00:00:00,29.7,30.2,29.7,30.2,3550
2013-05-14 00:00:00,29.7,30.0,29.7,29.7,6097
2013-05-13 00:00:00,29.6,30.0,29.1,30.0,8215
2013-05-10 00:00:00,30.5,30.5,29.5,29.6,13230
2013-05-09 00:00:00,,30.4,30.4,30.4,0
2013-05-08 00:00:00,27.9,30.4,27.9,30.4,180
2013-05-07 00:00:00,31.0,31.0,30.7,30.7,1340
2013-05-06 00:00:00,31.0,31.7,31.0,31.4,5938
2013-05-03 00:00:00,29.8,31.0,29.8,31.0,2925
2013-05-02 00:00:00,30.2,30.2,30.0,30.0,1200
2013-05-01 00:00:00,,30.0,30.0,30.0,0
2013-04-30 00:00:00,,30.0,30.0,30.0,0
2013-04-29 00:00:00,29.7,30.0,29.5,30.0,14639
2013-04-26 00:00:00,29.5,29.9,29.0,29.7,5200
2013-04-25 00:00:00,30.0,30.0,28.8,29.9,8657
2013-04-24 00:00:00,28.8,30.1,28.8,30.0,14142
2013-04-23 00:00:00,28.7,29.8,28.7,29.1,11134
2013-04-22 00:00:00,29.0,29.0,27.8,28.6,5053
2013-04-19 00:00:00,28.8,29.3,28.8,29.0,1104
2013-04-18 00:00:00,29.0,29.3,28.8,28.8,2605
2013-04-17 00:00:00,29.0,29.4,28.8,29.1,18724
2013-04-16 00:00:00,29.5,29.7,29.5,29.5,2100
2013-04-15 00:00:00,28.0,29.2,28.0,29.2,730
2013-04-12 00:00:00,30.3,30.3,29.4,29.4,2714
2013-04-11 00:00:00,30.0,30.3,30.0,30.3,4142
2013-04-10 00:00:00,29.7,30.2,29.7,30.2,13800
2013-04-09 00:00:00,29.7,29.8,29.7,29.7,41123
2013-04-08 00:00:00,29.0,29.7,29.0,29.7,2042
2013-04-05 00:00:00,29.5,29.7,29.0,29.7,22139
2013-04-04 00:00:00,29.5,29.5,29.1,29.5,6200
2013-04-03 00:00:00,29.6,29.6,29.6,29.6,1130
2013-04-02 00:00:00,29.0,29.8,29.0,29.7,4600
2013-04-01 00:00:00,,29.6,29.6,29.6,0
2013-03-29 00:00:00,30.0,29.6,29.6,29.6,4466
2013-03-28 00:00:00,30.0,30.1,29.3,29.4,4466
2013-03-27 00:00:00,30.0,30.1,29.3,29.4,4466
2013-03-26 00:00:00,29.5,30.0,29.0,30.0,23548
2013-03-25 00:00:00,29.3,29.7,29.3,29.7,5108
2013-03-22 00:00:00,29.3,29.5,29.3,29.5,2167
2013-03-21 00:00:00,29.5,29.5,29.0,29.2,21222
2013-03-20 00:00:00,30.0,30.0,29.3,29.3,600
2013-03-19 00:00:00,29.4,30.4,29.2,30.0,11717
2013-03-18 00:00:00,30.5,30.6,29.4,29.4,23039
2013-03-15 00:00:00,30.1,30.4,29.9,30.4,4500
2013-03-14 00:00:00,31.0,31.0,30.1,30.1,3806
2013-03-13 00:00:00,30.2,30.4,30.1,30.4,4593
2013-03-12 00:00:00,30.3,30.4,30.1,30.2,2721
2013-03-11 00:00:00,30.6,31.0,30.1,30.3,5592
2013-03-08 00:00:00,30.1,30.6,30.1,30.6,5278
2013-03-07 00:00:00,30.0,30.5,30.0,30.1,18376
2013-03-06 00:00:00,29.9,30.3,29.7,30.0,14776
2013-03-05 00:00:00,30.6,30.8,30.0,30.2,12461
2013-03-04 00:00:00,31.0,31.5,31.0,31.2,3810
2013-03-01 00:00:00,31.0,31.6,30.5,31.1,27642
2013-02-28 00:00:00,31.1,31.1,29.8,31.1,18047
2013-02-27 00:00:00,30.7,31.5,30.7,30.8,9320
2013-02-26 00:00:00,30.0,31.9,29.6,30.5,17785
2013-02-25 00:00:00,29.7,29.8,29.1,29.8,14960
2013-02-22 00:00:00,29.0,29.8,29.0,29.8,16745
2013-02-21 00:00:00,29.1,29.3,29.0,29.0,4435
2013-02-20 00:00:00,29.2,29.4,28.8,29.0,11374
2013-02-19 00:00:00,29.2,30.5,28.7,29.3,40050
2013-02-18 00:00:00,29.4,29.6,28.5,29.5,20114
2013-02-15 00:00:00,29.0,30.0,28.4,29.5,32663
2013-02-14 00:00:00,32.0,32.7,27.5,29.3,61223
2013-02-13 00:00:00,32.5,32.5,32.0,32.3,6005
2013-02-12 00:00:00,32.7,32.8,32.0,32.4,10673
2013-02-11 00:00:00,31.1,32.3,30.7,32.3,8529
2013-02-08 00:00:00,31.5,31.5,31.0,31.0,2080
2013-02-07 00:00:00,31.6,31.6,31.5,31.5,1190
2013-02-06 00:00:00,31.5,31.9,30.9,31.8,6260
2013-02-05 00:00:00,30.9,31.9,30.9,31.9,5615
2013-02-04 00:00:00,30.9,31.3,30.8,31.2,10299
2013-02-01 00:00:00,31.6,33.2,31.3,31.3,8133
2013-01-31 00:00:00,31.0,31.5,30.5,31.4,3742
2013-01-30 00:00:00,31.1,31.6,30.6,30.7,15621
2013-01-29 00:00:00,31.9,32.1,31.0,31.0,7390
2013-01-28 00:00:00,32.5,33.1,31.9,32.2,6365
2013-01-25 00:00:00,32.4,33.0,32.1,32.1,10474
2013-01-24 00:00:00,33.0,33.0,32.1,32.1,19990
2013-01-23 00:00:00,33.5,33.5,32.8,33.1,5887
2013-01-22 00:00:00,32.5,33.6,32.4,33.3,6071
2013-01-21 00:00:00,33.2,33.2,31.1,32.5,21619
2013-01-18 00:00:00,34.0,34.1,32.8,33.2,17411
2013-01-17 00:00:00,33.9,34.0,33.4,33.5,6326
2013-01-16 00:00:00,33.5,33.9,33.0,33.2,15006
2013-01-15 00:00:00,33.7,33.7,33.5,33.5,2265
2013-01-14 00:00:00,33.9,34.0,33.4,33.5,7518
2013-01-11 00:00:00,33.2,34.4,33.2,34.0,13352
2013-01-10 00:00:00,34.0,35.0,33.8,34.0,10786
2013-01-09 00:00:00,34.4,35.0,34.0,34.0,11404
2013-01-08 00:00:00,34.0,34.9,33.5,34.4,28215
2013-01-07 00:00:00,31.6,33.1,31.5,33.1,16071
2013-01-04 00:00:00,31.4,31.5,30.9,31.3,12493
2013-01-03 00:00:00,31.0,31.2,31.0,31.0,9985
2013-01-02 00:00:00,30.0,31.5,30.0,30.9,10401
2013-01-01 00:00:00,,29.5,29.5,29.5,0
2012-12-31 00:00:00,,29.5,29.5,29.5,0
2012-12-28 00:00:00,29.0,29.5,29.0,29.5,30969
2012-12-27 00:00:00,29.6,29.9,27.9,29.1,25401
2012-12-26 00:00:00,,28.6,28.6,28.6,0
2012-12-25 00:00:00,,28.6,28.6,28.6,0
2012-12-24 00:00:00,,28.6,28.6,28.6,0
2012-12-21 00:00:00,29.5,30.0,28.6,28.6,18832
2012-12-20 00:00:00,30.0,30.0,29.4,29.5,10295
2012-12-19 00:00:00,30.0,30.1,29.9,30.0,30022
2012-12-18 00:00:00,30.0,30.5,29.5,30.5,35863
2012-12-17 00:00:00,30.0,30.2,29.5,29.9,14577
2012-12-14 00:00:00,29.5,30.5,29.5,30.0,16098
2012-12-13 00:00:00,29.5,30.0,29.3,30.0,24595
2012-12-12 00:00:00,29.0,29.7,29.0,29.5,17075
2012-12-11 00:00:00,28.9,29.3,28.5,29.0,10839
2012-12-10 00:00:00,29.4,29.4,28.9,28.9,5338
2012-12-07 00:00:00,28.7,29.4,28.7,29.4,2741
2012-12-06 00:00:00,29.0,29.7,28.5,28.8,5728
2012-12-05 00:00:00,28.7,29.3,28.7,29.0,10041
2012-12-04 00:00:00,29.7,29.7,29.6,29.6,1500
2012-12-03 00:00:00,30.1,30.4,29.8,30.0,14400
2012-11-30 00:00:00,30.3,30.5,29.8,30.5,41119
2012-11-29 00:00:00,29.9,30.0,29.7,30.0,13505
2012-11-28 00:00:00,30.3,30.9,29.8,30.0,9987
2012-11-27 00:00:00,29.4,30.4,29.4,30.0,27970
2012-11-26 00:00:00,29.2,31.0,29.2,29.9,27864
2012-11-23 00:00:00,28.9,29.8,28.9,29.1,41067
2012-11-22 00:00:00,28.4,28.9,28.4,28.9,18148
2012-11-21 00:00:00,28.0,28.4,27.7,28.4,18780
2012-11-20 00:00:00,28.2,28.4,27.4,28.4,7500
2012-11-19 00:00:00,27.8,28.4,27.1,28.4,10067
2012-11-16 00:00:00,28.0,28.0,27.1,27.3,6559
2012-11-15 00:00:00,28.1,28.1,27.7,28.1,5429
2012-11-14 00:00:00,27.3,28.1,27.3,28.1,11125
2012-11-13 00:00:00,28.5,28.5,27.5,28.0,7267
2012-11-12 00:00:00,27.5,27.9,27.1,27.6,17795
2012-11-09 00:00:00,28.8,28.8,27.5,27.5,18140
2012-11-08 00:00:00,29.0,29.0,28.0,28.8,32108
2012-11-07 00:00:00,27.8,28.9,27.8,28.0,44905
2012-11-06 00:00:00,26.2,27.8,26.2,27.3,32021
2012-11-05 00:00:00,25.2,26.0,25.0,25.0,41066
2012-11-02 00:00:00,25.7,25.7,25.4,25.4,2492
2012-11-01 00:00:00,25.7,25.7,24.8,25.7,6143
2012-10-31 00:00:00,25.6,26.0,24.0,25.5,32204
2012-10-30 00:00:00,25.4,26.0,25.4,25.7,4526
2012-10-29 00:00:00,25.5,26.4,24.5,26.0,38954
2012-10-26 00:00:00,31.0,31.0,25.0,26.3,35129
2012-10-25 00:00:00,30.5,31.0,30.0,31.0,6280
2012-10-24 00:00:00,31.1,31.5,30.7,31.3,6790
2012-10-23 00:00:00,31.1,31.6,31.1,31.1,7058
2012-10-22 00:00:00,31.6,31.6,31.1,31.1,7495
2012-10-19 00:00:00,30.6,31.3,30.6,31.3,2110
2012-10-18 00:00:00,31.8,31.8,31.3,31.5,1935
2012-10-17 00:00:00,32.3,33.1,31.8,31.8,5622
2012-10-16 00:00:00,33.3,33.3,31.8,32.3,4793
2012-10-15 00:00:00,32.0,33.3,32.0,33.3,12674
2012-10-12 00:00:00,33.9,33.9,32.5,33.1,3340
2012-10-11 00:00:00,34.8,34.8,33.0,33.0,50996
2012-10-10 00:00:00,33.8,36.0,33.7,35.4,21642
2012-10-09 00:00:00,33.8,34.4,33.3,34.0,16946
2012-10-08 00:00:00,34.5,34.6,34.2,34.6,4857
2012-10-05 00:00:00,34.7,35.4,34.6,34.6,3663
2012-10-04 00:00:00,35.6,36.1,35.0,35.3,9029
2012-10-03 00:00:00,35.1,36.1,35.1,35.5,10999
2012-10-02 00:00:00,35.2,35.5,35.0,35.1,38206
2012-10-01 00:00:00,34.8,35.4,34.7,35.0,47330
2012-09-28 00:00:00,35.0,35.8,34.9,34.9,14650
2012-09-27 00:00:00,35.0,35.4,35.0,35.0,4441
2012-09-26 00:00:00,36.5,36.9,34.9,34.9,16642
2012-09-25 00:00:00,36.3,36.6,36.3,36.4,2542
2012-09-24 00:00:00,37.0,37.0,37.0,37.0,1110
2012-09-21 00:00:00,36.1,37.0,36.1,37.0,6750
2012-09-20 00:00:00,36.9,36.9,36.4,36.4,1441
2012-09-19 00:00:00,37.3,37.3,36.0,36.8,9667
2012-09-18 00:00:00,36.4,37.3,36.4,37.3,1200
2012-09-17 00:00:00,36.6,37.0,36.3,36.5,6265
2012-09-14 00:00:00,37.0,37.5,36.2,36.9,15792
2012-09-13 00:00:00,36.0,36.5,35.8,36.2,3025
2012-09-12 00:00:00,36.1,36.5,36.1,36.5,6727
2012-09-11 00:00:00,36.3,36.3,36.1,36.1,1213
2012-09-10 00:00:00,35.7,36.9,35.7,36.4,3194
