Dates;Open;High;Low;Close;Volume
2017-10-09;203.2;203.9;202.2;203.3;1313161
2017-10-06;203.8;203.9;202.8;203.3;1266282
2017-10-05;202.9;203.8;202.8;203.6;1428452
2017-10-04;203.3;203.9;201.2;203.6;1910266
2017-10-03;204.0;204.0;202.8;203.0;1723141
2017-10-02;201.8;203.8;201.8;202.9;1600849
2017-09-29;200.1;201.6;198.9;201.6;1545141
2017-09-28;199.8;200.1;198.7;200.0;1443181
2017-09-27;200.0;200.4;198.8;199.7;1313981
2017-09-26;198.0;199.8;197.7;199.7;1292856
2017-09-25;196.6;198.6;196.4;198.6;2041055
2017-09-22;196.8;196.9;195.6;196.6;1036971
2017-09-21;196.4;196.9;195.7;196.9;887442
2017-09-20;195.0;196.7;195.0;195.9;1060022
2017-09-19;195.2;196.4;195.2;195.6;1737928
2017-09-18;195.0;195.7;194.5;195.2;1214579
2017-09-15;195.7;196.3;193.6;194.2;1330068
2017-09-14;195.1;196.1;194.5;195.9;1575397
2017-09-13;193.8;195.3;193.3;195.3;1082888
2017-09-12;194.1;194.6;192.9;194.4;1242519
2017-09-11;191.6;194.6;191.1;193.9;1530153
2017-09-08;190.1;191.4;189.1;191.0;1063178
2017-09-07;190.0;190.6;188.3;190.6;1635040
2017-09-06;187.7;189.8;187.1;189.3;1466066
2017-09-04;184.7;187.3;184.6;186.9;1178382
2017-09-01;185.1;186.9;184.7;186.1;1065681
2017-08-31;182.6;184.0;182.3;183.6;1248085
2017-08-30;182.0;182.7;181.1;182.6;1813007
2017-08-29;182.8;183.1;181.2;181.2;1387307
2017-08-28;185.2;185.6;183.8;184.1;719319
2017-08-25;186.4;187.1;185.9;185.9;941509
2017-08-24;187.8;188.4;185.9;186.0;1211625
2017-08-23;186.8;187.6;186.4;187.3;1546138
2017-08-22;184.3;187.4;184.3;187.3;2192074
2017-08-21;184.0;185.1;182.9;183.8;1240957
2017-08-18;186.2;186.8;184.8;184.9;1243705
2017-08-17;187.4;187.8;186.6;187.2;1507183
2017-08-16;184.4;187.6;184.4;187.4;1644275
2017-08-15;186.4;187.5;184.0;184.6;1211219
2017-08-14;186.0;187.3;185.9;186.3;832782
2017-08-11;186.0;186.8;185.5;185.8;1239225
2017-08-10;189.7;189.8;186.6;186.6;895696
2017-08-09;190.9;191.2;189.4;189.5;876009
2017-08-08;189.4;192.0;189.4;191.4;1128878
2017-08-07;190.6;191.1;188.8;189.7;950428
2017-08-04;190.4;191.3;189.4;190.9;831554
2017-08-03;191.2;191.3;189.7;190.3;880489
2017-08-02;192.0;192.4;190.1;190.8;1230619
2017-08-01;189.7;192.4;189.5;191.5;755353
2017-07-31;190.4;191.6;189.7;190.1;961258
2017-07-28;191.0;191.5;189.0;190.3;1386087
2017-07-27;191.7;193.1;191.3;191.6;947622
2017-07-26;192.5;193.9;191.4;191.7;1133666
2017-07-25;192.7;193.7;191.5;192.5;1138515
2017-07-24;195.5;196.3;192.7;192.7;1454776
2017-07-21;199.4;199.6;195.7;196.1;1806148
2017-07-20;203.0;203.4;200.1;201.4;3292571
2017-07-19;206.8;208.6;206.4;207.6;1285232
2017-07-18;207.1;208.6;205.7;206.3;1202159
2017-07-17;208.2;209.5;207.5;208.2;940522
2017-07-14;208.4;208.4;206.4;208.0;1045259
2017-07-13;212.0;212.0;208.8;208.8;1221812
2017-07-12;207.9;212.6;207.9;212.0;1032671
2017-07-11;208.2;209.4;207.2;207.7;976192
2017-07-10;208.1;209.2;207.7;207.8;631485
2017-07-07;208.8;209.2;207.4;207.4;727008
2017-07-06;209.3;210.0;206.6;208.9;1247869
2017-07-05;209.3;210.3;208.4;210.3;945532
2017-07-04;210.7;211.1;209.7;209.9;766962
2017-07-03;209.4;211.7;209.3;211.1;1193928
2017-06-30;209.5;211.0;208.4;209.2;3334657
2017-06-29;215.7;215.7;209.8;209.8;1526320
2017-06-28;218.0;218.0;214.5;214.9;1158243
2017-06-27;220.9;221.1;218.6;218.6;923088
2017-06-26;221.3;222.4;220.9;221.2;836675
2017-06-23;;220.7;220.7;220.7;0
2017-06-22;220.8;221.1;219.4;220.7;873722
2017-06-21;220.4;221.8;218.5;221.2;1133025
2017-06-20;222.1;222.9;220.9;220.9;876945
2017-06-19;220.1;222.0;220.1;221.7;1067375
2017-06-16;219.3;219.5;216.6;219.2;1313419
2017-06-15;218.3;218.4;215.5;217.2;1041670
2017-06-14;219.8;221.3;218.3;218.7;993175
2017-06-13;218.4;220.1;218.2;219.3;538035
2017-06-12;220.6;220.6;217.9;219.0;919823
2017-06-09;220.5;222.1;220.2;221.1;819956
2017-06-08;219.8;221.3;219.6;220.4;801001
2017-06-07;221.0;221.6;220.0;220.2;1371153
2017-06-06;;221.2;221.2;221.2;0
2017-06-05;221.0;222.2;220.7;221.2;453780
2017-06-02;219.2;222.8;218.9;222.6;1075546
2017-06-01;218.0;220.3;217.8;218.5;707893
2017-05-31;217.3;219.4;216.0;219.0;1845579
2017-05-30;217.0;218.1;216.5;217.4;584758
2017-05-29;216.8;217.7;215.8;217.3;445865
2017-05-26;216.3;217.2;215.3;216.9;739223
2017-05-24;214.7;217.5;214.6;216.1;403457
2017-05-23;216.7;217.0;214.6;216.9;1326095
2017-05-22;218.5;219.3;217.1;217.9;1176070
2017-05-19;217.0;218.8;216.6;217.9;1060586
2017-05-18;216.1;216.8;213.7;215.9;1686859
2017-05-17;220.0;220.4;216.1;216.9;1403117
2017-05-16;218.5;221.5;218.1;220.6;1106709
2017-05-15;218.3;218.9;215.9;218.4;839935
2017-05-12;218.5;218.2;218.2;218.2;953809
2017-05-11;218.9;219.3;217.2;218.2;892547
2017-05-10;217.7;219.0;216.7;218.7;1075920
2017-05-09;217.0;219.6;216.7;217.9;1057376
2017-05-08;217.8;217.8;215.6;217.0;1097762
2017-05-05;217.6;218.0;216.1;218.0;843217
2017-05-04;217.0;217.8;216.0;217.8;1388188
2017-05-03;216.8;217.0;215.8;216.9;922945
2017-05-02;216.7;217.2;216.0;217.2;1244773
2017-05-01;;216.9;216.9;216.9;0
2017-04-28;216.0;217.7;215.5;216.9;1585526
2017-04-27;212.7;217.4;211.8;216.6;2104532
2017-04-26;212.0;214.3;210.6;214.0;1430319
2017-04-25;211.8;212.4;208.9;212.2;2203313
2017-04-24;210.0;212.0;209.3;211.3;2254654
2017-04-21;207.3;209.7;206.8;209.4;2700178
2017-04-20;202.0;205.1;201.2;204.4;1484753
2017-04-19;199.4;201.0;198.8;200.6;1272562
2017-04-18;206.5;207.1;203.4;204.5;1370344
2017-04-13;205.5;206.7;205.0;206.5;459586
2017-04-12;207.4;208.2;206.2;207.0;519773
2017-04-11;207.5;209.0;206.3;207.8;1134436
2017-04-10;212.0;212.0;209.8;210.0;710298
2017-04-07;210.3;211.6;208.4;211.5;795513
2017-04-06;208.0;210.7;207.0;210.7;645736
2017-04-05;210.0;210.1;207.4;208.9;848745
2017-04-04;208.8;210.8;208.6;210.2;759847
2017-04-03;209.4;209.8;207.5;208.0;797910
2017-03-31;209.0;209.4;206.5;209.4;1067175
2017-03-30;206.9;209.0;206.5;208.9;884721
2017-03-29;207.0;208.1;206.5;207.2;951394
2017-03-28;205.5;207.0;204.9;206.7;961975
2017-03-27;204.8;205.1;203.3;204.0;994477
2017-03-24;206.1;207.1;204.6;206.0;626731
2017-03-23;203.1;206.8;202.3;206.8;858008
2017-03-22;203.5;203.9;201.1;203.9;1532356
2017-03-21;206.0;206.7;203.9;204.4;1337314
2017-03-20;205.0;206.8;204.8;206.1;705421
2017-03-17;204.4;205.5;202.8;205.1;1039599
2017-03-16;204.5;206.3;203.3;204.2;1323982
2017-03-15;201.7;204.2;201.7;203.8;834548
2017-03-14;201.7;202.2;200.9;201.9;748127
2017-03-13;202.4;204.1;201.6;201.6;1099047
2017-03-10;201.7;202.4;202.4;202.4;939081
2017-03-09;204.1;204.1;200.5;201.7;1184392
2017-03-08;203.7;204.5;202.5;204.3;747229
2017-03-07;202.9;203.7;202.0;203.0;798735
2017-03-06;204.0;204.1;201.5;203.0;739678
2017-03-03;205.9;204.5;204.5;204.5;907550
2017-03-02;207.7;208.3;206.0;206.3;556653
2017-03-01;204.3;207.1;203.9;206.7;1060638
2017-02-28;203.5;204.2;203.0;204.2;708543
2017-02-27;203.4;203.7;201.5;202.8;1211882
2017-02-24;204.9;205.1;200.6;202.3;1036527
2017-02-23;205.5;206.2;204.2;205.1;819660
2017-02-22;206.0;207.4;204.4;204.9;981398
2017-02-21;203.6;206.5;203.2;206.2;1052671
2017-02-20;203.2;204.1;202.7;203.3;826341
2017-02-17;203.5;203.9;201.3;202.3;688156
2017-02-16;204.0;204.3;202.9;203.5;568341
2017-02-15;203.6;204.5;202.6;204.0;685595
2017-02-14;204.8;204.8;203.0;203.5;769000
2017-02-13;203.9;204.8;203.6;204.7;519393
2017-02-10;203.0;204.8;201.0;203.8;1359190
2017-02-09;201.0;203.2;201.0;202.4;1295642
2017-02-08;203.4;203.6;199.5;200.3;2703161
2017-02-07;205.8;208.5;205.3;207.5;749906
2017-02-06;207.3;207.8;205.3;205.9;667930
2017-02-03;206.5;207.3;205.9;207.1;577473
2017-02-02;207.0;207.2;204.6;206.6;973486
2017-02-01;209.3;209.8;207.3;207.6;631348
2017-01-31;209.0;210.4;206.9;207.6;1056399
2017-01-30;210.0;210.9;208.3;208.4;974725
2017-01-27;209.9;210.5;209.3;210.0;1093716
2017-01-26;208.2;211.5;207.7;210.4;2236879
2017-01-25;203.7;207.8;203.0;207.4;1864451
2017-01-24;200.6;202.7;200.6;202.2;1090917
2017-01-23;201.5;202.4;199.8;200.2;1133234
2017-01-20;201.2;202.9;201.1;202.6;1488437
2017-01-19;200.0;202.4;199.5;201.8;1600204
2017-01-18;199.5;200.0;197.8;200.0;1454437
2017-01-17;198.8;200.0;196.2;199.5;2130809
2017-01-16;200.0;201.6;196.0;199.3;2304404
2017-01-13;198.1;200.7;198.1;200.5;1292409
2017-01-12;200.3;200.6;197.5;197.8;1186412
2017-01-11;199.7;203.3;199.5;201.7;1889216
2017-01-10;194.7;197.3;194.3;197.2;1618783
2017-01-09;194.7;195.8;193.2;194.4;1200305
2017-01-06;;192.4;192.4;192.4;0
2017-01-05;193.7;194.2;192.1;192.4;364851
2017-01-04;193.6;194.3;192.6;193.8;617423
2017-01-03;193.0;194.7;192.9;193.6;903020
2017-01-02;191.0;193.5;190.5;192.9;555231
2016-12-30;192.8;192.9;190.4;191.8;2007168
2016-12-29;194.3;194.3;191.9;192.5;629536
2016-12-28;194.0;195.4;193.8;194.6;822616
2016-12-27;193.7;194.8;193.7;194.5;563853
2016-12-23;194.5;195.7;193.6;194.0;681064
2016-12-22;193.4;194.1;192.8;193.8;618964
2016-12-21;197.0;197.5;193.5;194.4;1509556
2016-12-20;196.8;198.1;196.6;197.6;1371050
2016-12-19;196.6;197.7;195.8;196.9;1657359
2016-12-16;196.0;197.4;195.9;197.2;1569073
2016-12-15;194.5;196.8;194.1;196.8;1568995
2016-12-14;194.3;196.2;194.0;194.9;1775800
2016-12-13;192.9;194.1;190.9;194.0;1676153
2016-12-12;193.4;195.5;193.4;194.8;1782726
2016-12-09;191.0;192.6;190.1;192.2;1102697
2016-12-08;191.0;191.3;189.2;191.0;1377035
2016-12-07;192.5;192.9;189.3;190.4;1505980
2016-12-06;191.4;192.7;190.4;191.7;1295867
2016-12-05;188.4;193.1;188.4;192.2;1080541
2016-12-02;189.0;190.4;188.0;189.5;1048239
2016-12-01;188.3;190.0;188.0;190.0;1053256
2016-11-30;187.4;188.9;186.3;187.9;2500705
2016-11-29;188.0;188.6;186.7;187.6;1065130
2016-11-28;190.0;190.3;187.8;188.2;1186229
2016-11-25;189.8;190.9;188.5;190.6;683281
2016-11-24;190.9;191.3;189.3;189.9;665923
2016-11-23;190.8;191.2;189.7;190.9;1306474
2016-11-22;191.3;191.7;189.6;190.9;1670520
2016-11-21;192.0;192.1;188.9;190.8;1534948
2016-11-18;193.5;193.5;191.0;191.7;991089
2016-11-17;192.2;193.4;191.9;193.0;1135992
2016-11-16;193.5;194.6;192.4;192.6;750082
2016-11-15;193.1;193.9;191.5;193.8;820495
2016-11-14;194.1;196.1;192.2;193.2;1266868
2016-11-11;193.9;195.2;192.2;193.2;1416958
2016-11-10;192.4;194.6;191.9;192.8;1704967
2016-11-09;182.1;193.1;182.1;190.9;3033626
2016-11-08;188.5;189.0;185.9;187.8;865637
2016-11-07;185.6;188.8;185.2;188.5;1355148
2016-11-04;182.2;183.3;182.6;182.6;721446
2016-11-03;182.1;184.5;181.8;182.9;1172494
2016-11-02;183.8;184.7;182.1;182.6;1130641
2016-11-01;186.8;187.3;183.4;183.9;1016776
2016-10-31;184.7;186.5;184.6;185.9;1076565
2016-10-28;185.1;186.4;183.7;185.9;1147402
2016-10-27;188.0;188.0;183.1;187.2;4424584
2016-10-26;197.2;198.3;196.8;197.3;1049922
2016-10-25;198.3;199.0;197.2;197.3;1327374
2016-10-24;199.5;200.8;198.3;198.6;949045
2016-10-21;198.6;199.6;198.0;199.0;871401
2016-10-20;198.3;199.0;197.4;198.5;812233
2016-10-19;197.6;199.1;196.3;198.7;868046
2016-10-18;197.8;198.3;196.6;197.8;758455
2016-10-17;197.4;198.2;196.7;197.2;693900
2016-10-14;196.2;198.2;195.7;197.9;964572
2016-10-13;197.0;197.4;194.9;195.5;941450
2016-10-12;197.6;199.0;197.2;197.4;1234864
2016-10-11;197.7;200.1;197.4;197.9;1502595
2016-10-10;196.9;198.0;196.7;198.0;1188093
2016-10-07;197.1;197.9;196.2;196.9;1075914
2016-10-06;196.7;197.8;195.5;197.2;800015
2016-10-05;194.5;195.6;193.0;195.4;861079
2016-10-04;193.5;196.1;192.2;195.5;1819252
2016-10-03;192.8;194.0;192.7;193.4;664839
2016-09-30;191.8;193.0;190.0;192.8;1220857
2016-09-29;194.9;195.3;192.4;192.9;985341
2016-09-28;193.8;194.7;193.0;193.5;793170
2016-09-27;193.7;193.8;191.3;193.1;828265
2016-09-26;193.5;193.6;192.6;192.8;761595
2016-09-23;195.2;195.4;194.3;194.8;877581
2016-09-22;192.8;195.5;192.7;194.9;732961
2016-09-21;192.0;193.4;191.2;192.0;948202
2016-09-20;188.8;191.7;188.0;190.6;700316
2016-09-19;188.5;189.4;188.0;188.7;1000724
2016-09-16;189.3;189.8;186.3;187.7;1158912
2016-09-15;187.1;189.1;187.1;189.0;926780
2016-09-14;191.2;191.8;188.0;188.2;1080895
2016-09-13;189.3;191.5;188.7;189.9;1165758
2016-09-12;187.6;188.5;186.7;188.3;1558703
2016-09-09;191.1;192.3;189.9;190.1;905853
2016-09-08;191.0;192.1;189.6;191.7;908060
2016-09-07;191.4;193.2;190.6;191.4;1251187
2016-09-06;191.5;191.9;190.6;191.1;712815
2016-09-05;190.6;191.7;190.5;190.7;779907
2016-09-02;186.0;190.7;186.0;190.7;1968841
2016-09-01;185.7;186.7;185.1;185.3;659375
2016-08-31;185.3;186.7;185.3;185.7;789042
2016-08-30;186.7;187.3;186.2;186.4;1126705
2016-08-29;185.0;186.6;185.0;186.0;418383
2016-08-26;185.1;186.6;184.7;186.4;503660
2016-08-25;184.9;185.9;183.9;185.0;772941
2016-08-24;184.4;185.7;183.7;185.3;633328
2016-08-23;185.0;185.7;184.3;185.2;1044760
2016-08-22;184.8;186.6;183.5;184.0;875371
2016-08-19;186.7;186.7;184.1;184.8;1099254
2016-08-18;185.4;187.0;185.4;186.9;755386
2016-08-17;185.7;186.7;184.9;185.0;705153
2016-08-16;185.9;187.0;185.2;186.1;810532
2016-08-15;186.7;187.7;186.5;187.4;533682
2016-08-12;186.2;187.0;185.7;187.0;616697
2016-08-11;185.8;186.5;184.9;185.9;954006
2016-08-10;183.6;186.2;183.6;185.5;746521
2016-08-09;183.7;184.9;183.5;184.8;1180121
2016-08-08;182.5;183.9;182.2;183.8;737178
2016-08-05;181.4;182.6;180.7;182.4;604705
2016-08-04;179.6;181.5;179.6;181.5;750344
2016-08-03;179.9;180.1;178.5;179.1;722534
2016-08-02;182.1;182.9;179.5;179.9;1268920
2016-08-01;182.5;182.8;179.9;181.5;1014361
2016-07-29;181.5;183.4;181.1;182.0;784431
2016-07-28;180.0;182.6;179.9;181.5;682386
2016-07-27;181.5;182.7;180.7;180.9;715352
2016-07-26;179.8;181.3;179.5;180.8;661595
2016-07-25;180.0;182.1;179.7;180.1;1003388
2016-07-22;178.5;181.7;178.1;180.1;2321577
2016-07-21;176.3;179.8;176.3;178.7;2006868
2016-07-20;174.2;175.5;173.4;175.2;1033175
2016-07-19;170.3;174.0;169.9;173.7;1020171
2016-07-18;171.0;172.2;170.5;171.3;969874
2016-07-15;168.2;170.7;168.1;170.7;1329796
2016-07-14;166.7;170.6;166.6;169.5;1178319
2016-07-13;165.5;167.8;165.5;166.6;1019790
2016-07-12;166.3;167.8;165.8;166.1;1094452
2016-07-11;164.0;167.1;163.6;166.8;1470538
2016-07-08;165.2;168.8;165.2;168.6;1568784
2016-07-07;164.4;167.4;164.4;166.5;1314060
2016-07-06;164.2;165.4;162.7;163.5;1143378
2016-07-05;166.0;166.5;163.4;165.0;1379144
2016-07-04;169.4;169.8;165.8;166.7;1015976
2016-07-01;167.2;168.3;166.1;168.1;1427836
2016-06-30;164.7;166.3;163.3;165.9;2769143
2016-06-29;165.8;165.8;162.9;164.7;2038618
2016-06-28;167.0;167.0;164.2;164.2;1797848
2016-06-27;168.4;169.8;163.6;164.2;2768161
2016-06-24;;176.4;176.4;176.4;0
2016-06-23;176.8;178.3;175.5;176.4;1803668
2016-06-22;176.0;177.5;174.8;177.3;1336121
2016-06-21;173.5;176.0;172.7;175.4;1778544
2016-06-20;172.0;174.4;172.0;174.3;3670360
2016-06-17;169.9;171.4;169.7;170.7;1745858
2016-06-16;167.5;170.3;167.5;169.0;2291468
2016-06-15;168.0;171.2;167.8;170.5;1718267
2016-06-14;167.1;168.5;166.8;167.4;1947159
2016-06-13;170.2;171.2;167.8;168.1;1730840
2016-06-10;172.4;172.7;171.2;172.0;1927247
2016-06-09;174.0;174.2;171.5;172.5;1486598
2016-06-08;174.6;175.2;173.4;174.3;1053899
2016-06-07;172.6;175.8;172.6;175.5;1483267
2016-06-06;;171.1;171.1;171.1;0
2016-06-03;173.1;173.6;170.6;171.1;1189760
2016-06-02;172.4;174.1;172.4;173.2;1118689
2016-06-01;173.0;173.9;172.3;173.1;999481
2016-05-31;175.0;175.6;173.1;173.2;2673200
2016-05-30;175.9;176.3;175.4;175.9;878185
2016-05-27;173.2;176.1;173.0;175.9;1228497
2016-05-26;171.9;174.9;171.9;174.0;1691882
2016-05-25;172.2;172.4;171.4;171.8;895016
2016-05-24;171.0;172.2;170.3;171.4;1847787
2016-05-23;170.4;172.0;169.2;171.9;1533354
2016-05-20;168.8;170.7;168.7;170.4;1299122
2016-05-19;169.4;170.1;168.3;168.4;1361530
2016-05-18;168.0;170.3;167.9;170.2;1287075
2016-05-17;168.9;170.4;168.2;169.0;1397316
2016-05-16;167.7;168.8;166.9;168.5;836265
2016-05-13;168.0;169.1;166.5;168.6;2047629
2016-05-12;168.5;170.9;167.9;169.1;1640631
2016-05-11;168.5;169.9;167.6;169.5;1119104
2016-05-10;167.7;168.7;167.0;168.4;986946
2016-05-09;168.1;169.0;166.7;167.3;1249512
2016-05-06;167.5;168.0;166.5;167.5;1213455
2016-05-05;168.1;170.3;168.1;168.6;785880
2016-05-04;168.1;170.3;168.1;168.6;785880
2016-05-03;169.0;169.3;167.0;169.3;2559464
2016-05-02;169.9;170.5;168.9;169.5;1325837
2016-04-29;168.9;170.4;168.0;169.7;1840201
2016-04-28;169.6;171.1;168.3;170.9;1103478
2016-04-27;169.3;170.9;169.3;170.4;1057805
2016-04-26;168.3;170.1;168.3;169.8;1690750
2016-04-25;168.8;169.8;166.9;168.2;1194233
2016-04-22;168.8;169.4;167.7;168.8;1155118
2016-04-21;170.2;170.5;167.1;169.3;1566664
2016-04-20;166.7;171.4;166.7;170.0;2886685
2016-04-19;162.4;164.9;162.3;164.2;2159091
2016-04-18;160.0;162.4;159.6;162.4;1551914
2016-04-15;161.3;162.3;160.7;161.6;1210299
2016-04-14;161.2;162.2;160.9;161.4;1019142
2016-04-13;160.1;161.1;159.7;160.9;1314168
2016-04-12;158.6;159.6;156.9;159.3;1498152
2016-04-11;158.3;159.9;156.9;158.3;1712887
2016-04-08;156.3;158.8;155.9;158.5;1550932
2016-04-07;156.7;157.9;155.0;155.4;1716393
2016-04-06;154.5;156.5;154.0;156.4;1197257
2016-04-05;156.6;157.0;154.6;156.1;1457298
2016-04-04;156.1;159.8;155.6;158.4;1429831
2016-04-01;157.0;157.2;154.5;156.2;1573880
2016-03-31;159.0;159.1;157.5;158.5;1602717
2016-03-30;158.5;160.4;158.0;160.0;1465392
2016-03-29;157.4;158.4;156.0;156.9;1048783
2016-03-28;158.0;158.4;156.6;156.6;972704
2016-03-25;158.0;158.4;156.3;156.6;972704
2016-03-24;158.0;158.4;156.3;156.6;972704
2016-03-23;159.2;160.1;158.1;159.2;1272871
2016-03-22;158.0;159.4;157.2;159.1;3216373
2016-03-21;159.2;159.8;157.9;158.9;1832862
2016-03-18;159.7;160.8;158.9;160.5;2687703
2016-03-17;156.9;159.4;154.9;159.3;2792886
2016-03-16;153.5;156.4;153.5;155.6;2622272
2016-03-15;153.7;154.1;152.3;152.5;1258255
2016-03-14;156.2;156.5;153.8;154.5;1442741
2016-03-11;153.9;156.1;153.5;155.7;1392589
2016-03-10;154.3;156.7;152.3;152.5;2529742
2016-03-09;155.3;155.8;153.5;153.9;1386264
2016-03-08;155.3;157.1;154.8;155.3;1051157
2016-03-07;156.0;156.7;155.1;156.5;1154074
2016-03-04;157.5;157.8;154.8;156.6;2420575
2016-03-03;157.5;159.4;157.0;157.6;1603357
2016-03-02;156.7;157.4;155.1;156.7;1341074
2016-03-01;154.5;156.4;153.6;156.1;1614130
2016-02-29;151.8;154.7;150.2;154.3;1622383
2016-02-26;152.8;154.0;151.9;152.8;1513642
2016-02-25;148.8;151.5;148.2;151.1;2311261
2016-02-24;150.6;150.6;146.8;147.8;1979328
2016-02-23;151.5;152.7;150.1;150.4;1478848
2016-02-22;151.8;153.3;151.5;152.1;1851622
2016-02-19;151.5;152.0;149.8;151.2;1849131
2016-02-18;152.9;153.3;151.0;151.8;1821752
2016-02-17;148.5;153.1;148.5;152.4;1823553
2016-02-16;148.0;148.6;146.4;147.9;2013724
2016-02-15;145.3;147.5;144.7;147.1;1781203
2016-02-12;140.5;142.9;139.8;142.9;2326063
2016-02-11;142.9;142.9;138.4;138.4;2354697
2016-02-10;143.7;146.5;142.4;144.2;2286737
2016-02-09;144.2;146.1;141.6;143.3;2130107
2016-02-08;150.1;150.5;144.4;144.7;2376843
2016-02-05;148.1;151.3;147.2;149.9;2472675
2016-02-04;146.5;148.6;143.8;148.0;2648942
2016-02-03;150.4;151.7;143.2;145.1;2829688
2016-02-02;147.1;147.1;143.6;145.6;2631077
2016-02-01;148.7;148.8;145.1;146.5;1355271
2016-01-29;145.6;148.0;145.1;147.2;2217037
2016-01-28;145.3;146.5;143.7;143.9;2380007
2016-01-27;142.5;145.2;141.5;144.8;2052367
2016-01-26;138.8;143.0;138.5;142.5;1699922
2016-01-25;142.6;142.6;139.8;140.2;2281955
2016-01-22;140.8;143.7;140.4;141.9;2046673
2016-01-21;137.1;139.5;136.6;137.9;1727653
2016-01-20;137.2;138.4;136.3;137.1;1705113
2016-01-19;140.8;142.8;139.3;140.3;1785161
2016-01-18;138.1;139.8;137.1;137.1;1886782
2016-01-15;142.1;142.2;138.1;138.4;2031701
2016-01-14;140.0;143.0;138.5;142.1;2147940
2016-01-13;142.5;143.6;141.4;142.0;1072847
2016-01-12;139.6;143.0;138.9;141.6;1701621
2016-01-11;139.6;141.9;139.0;139.7;1248326
2016-01-08;142.3;143.5;140.4;140.6;2101904
2016-01-07;144.9;144.9;141.2;142.7;2739688
2016-01-06;;146.4;146.4;146.4;0
2016-01-05;147.0;148.3;146.2;146.4;1091112
2016-01-04;149.7;149.9;146.1;147.1;1690284
2016-01-01;;152.8;152.8;152.8;0
2015-12-31;;152.8;152.8;152.8;0
2015-12-30;153.0;153.7;152.1;152.8;1942966
2015-12-29;152.2;153.4;151.9;153.2;1182994
2015-12-28;152.5;153.3;151.5;151.8;615713
2015-12-25;149.9;152.3;149.9;152.2;1253996
2015-12-24;149.9;152.3;149.9;152.2;1253996
2015-12-23;149.9;152.3;149.9;152.2;1253996
2015-12-22;149.7;149.8;147.6;148.7;1926004
2015-12-21;150.0;152.0;149.3;149.3;1852219
2015-12-18;151.7;151.8;150.4;150.6;1882701
2015-12-17;154.0;155.4;152.0;152.5;1683870
2015-12-16;153.2;154.2;151.8;152.0;2475409
2015-12-15;152.2;153.7;151.2;153.2;3135568
2015-12-14;152.5;154.2;151.1;151.4;2457057
2015-12-11;154.9;155.3;151.4;152.2;2357418
2015-12-10;153.8;155.2;153.3;154.2;1892868
2015-12-09;155.3;156.1;152.9;154.8;2435974
2015-12-08;157.3;157.3;154.0;156.0;2155987
2015-12-07;158.8;160.1;157.9;158.3;1378337
2015-12-04;159.3;159.9;156.7;158.0;2224042
2015-12-03;161.4;163.3;159.1;159.3;3840339
2015-12-02;162.0;162.2;160.3;161.6;1378217
2015-12-01;164.6;164.6;161.2;161.6;2042789
2015-11-30;162.9;165.9;162.1;165.4;2352782
2015-11-27;164.2;164.2;162.1;163.6;1132267
2015-11-26;164.4;165.3;163.5;164.6;1331349
2015-11-25;162.7;165.3;161.7;164.7;1347402
2015-11-24;161.7;162.8;159.3;162.0;1865304
2015-11-23;164.3;164.3;161.5;162.3;1646201
2015-11-20;163.9;164.9;163.5;164.3;1252250
2015-11-19;163.6;164.8;161.9;162.6;1566255
2015-11-18;162.8;163.6;162.1;163.1;915294
2015-11-17;160.8;164.4;160.8;163.5;1472333
2015-11-16;158.0;161.1;158.0;159.4;1262031
2015-11-13;160.0;161.3;158.8;159.9;1103829
2015-11-12;164.4;164.9;159.8;161.4;1659457
2015-11-11;164.0;165.4;163.3;164.0;1286335
2015-11-10;164.7;165.4;162.8;163.3;1985965
2015-11-09;167.0;168.1;164.7;164.7;1094485
2015-11-06;165.1;167.9;164.4;166.4;1693124
2015-11-05;166.0;166.3;164.2;164.8;1613092
2015-11-04;163.6;166.4;163.2;165.8;2067613
2015-11-03;163.0;163.3;161.9;162.8;1154264
2015-11-02;160.5;163.3;159.6;162.1;1688702
2015-10-30;160.6;161.5;160.3;160.3;878698
2015-10-29;159.1;160.8;158.3;160.2;1863505
2015-10-28;157.0;159.3;155.9;158.7;1508890
2015-10-27;157.0;158.0;155.8;156.8;1361006
2015-10-26;157.4;159.8;157.3;157.8;1359064
2015-10-23;153.5;159.7;153.5;158.1;2996086
2015-10-22;151.1;153.0;148.6;153.0;1747146
2015-10-21;152.1;154.5;150.1;150.6;2214576
2015-10-20;148.9;150.8;147.3;150.3;2131912
2015-10-19;149.7;151.2;148.2;148.9;1374517
2015-10-16;153.7;154.0;148.5;149.8;2745689
2015-10-15;151.3;153.0;149.9;152.8;1480150
2015-10-14;150.8;151.7;149.6;150.7;1267219
2015-10-13;152.8;152.8;149.8;151.0;1778060
2015-10-12;155.7;156.7;152.8;153.7;1320104
2015-10-09;154.9;156.6;154.6;155.1;1705181
2015-10-08;151.0;153.1;150.8;152.9;1847750
2015-10-07;151.5;153.8;150.9;151.1;1860520
2015-10-06;151.0;152.0;149.2;151.0;1814512
2015-10-05;148.7;151.0;148.3;150.5;2055457
2015-10-02;147.7;149.1;145.4;146.7;1698978
2015-10-01;149.7;149.9;146.1;146.9;1670266
2015-09-30;148.2;149.5;147.0;148.0;2205557
2015-09-29;144.5;147.4;143.8;146.5;2409908
2015-09-28;146.1;147.7;145.3;145.6;2366850
2015-09-25;146.2;147.2;145.5;146.6;2368532
2015-09-24;146.9;147.1;143.7;144.5;3843249
2015-09-23;147.9;148.6;146.8;146.9;2173930
2015-09-22;151.5;151.5;147.6;148.1;2343951
2015-09-21;149.5;152.2;148.6;151.9;2603542
2015-09-18;152.8;153.2;149.5;149.9;2645669
2015-09-17;154.8;155.0;152.9;154.2;1633521
2015-09-16;155.2;156.1;154.6;154.9;1380375
2015-09-15;153.9;154.5;151.1;154.1;1549024
2015-09-14;154.6;155.6;152.8;153.8;2413639
2015-09-11;156.6;157.1;154.2;154.6;2383028
2015-09-10;158.2;158.7;155.4;156.1;3280591
2015-09-09;163.5;163.9;159.2;159.6;3275281
2015-09-08;159.0;161.5;159.0;159.7;2791166
2015-09-07;156.3;158.4;155.1;155.9;1118542
2015-09-04;157.8;157.9;154.6;155.3;2408087
2015-09-03;159.4;160.3;158.1;159.4;2268330
2015-09-02;161.9;162.6;157.7;158.4;1614022
2015-09-01;161.8;163.5;160.9;161.5;2728257
2015-08-31;162.6;163.3;161.3;163.2;895328
2015-08-28;163.5;163.7;160.7;162.9;1486574
2015-08-27;162.9;164.3;161.5;163.5;1822075
2015-08-26;160.0;162.2;156.9;159.5;1551629
2015-08-25;157.9;161.8;156.8;161.7;5303324
2015-08-24;158.1;158.3;151.0;156.0;5592059
2015-08-21;163.8;165.0;161.2;161.5;1946932
2015-08-20;167.8;168.5;165.1;165.4;1461283
2015-08-19;169.5;169.5;167.7;168.7;1487130
2015-08-18;169.9;170.7;169.3;170.2;765240
2015-08-17;170.5;171.2;169.5;170.5;1875377
2015-08-14;171.5;171.5;169.0;169.9;1465270
2015-08-13;174.8;175.0;170.9;171.1;1711272
2015-08-12;176.0;176.0;171.9;172.4;1762870
2015-08-11;180.0;180.7;176.8;177.1;1239029
2015-08-10;180.2;180.9;178.7;180.4;1269257
2015-08-07;178.6;181.3;178.1;180.3;963249
2015-08-06;178.7;179.7;177.6;178.7;774438
2015-08-05;175.4;182.6;174.1;179.0;2074800
2015-08-04;175.0;176.0;173.8;174.5;838828
2015-08-03;174.6;176.0;174.2;174.8;722049
2015-07-31;174.2;175.3;173.7;175.1;904438
2015-07-30;172.5;174.4;172.0;173.5;891936
2015-07-29;170.6;172.3;169.9;171.8;903941
2015-07-28;168.7;170.0;167.9;169.8;1282393
2015-07-27;173.7;173.9;167.5;168.0;2135269
2015-07-24;179.3;179.3;175.0;175.5;1279763
2015-07-23;181.6;184.5;179.3;179.3;2013653
2015-07-22;177.2;177.2;174.1;176.2;1561790
2015-07-21;179.6;180.4;177.3;177.5;1507495
2015-07-20;179.2;179.9;178.7;179.4;980017
2015-07-17;178.4;179.2;177.8;179.0;1531644
2015-07-16;175.9;178.6;175.6;178.2;1705266
2015-07-15;178.2;178.2;174.5;175.3;1415616
2015-07-14;176.6;179.4;176.5;178.6;1005636
2015-07-13;174.9;177.3;174.5;176.5;1368752
2015-07-10;174.5;174.8;172.8;173.8;1779117
2015-07-09;171.5;172.3;170.1;171.5;1512082
2015-07-08;171.6;173.2;170.8;171.0;1351112
2015-07-07;173.7;174.1;171.0;171.4;1318869
2015-07-06;173.3;174.4;173.0;173.1;1862689
2015-07-03;175.8;176.4;173.9;175.6;920365
2015-07-02;174.9;177.3;174.6;175.7;1254881
2015-07-01;174.9;177.1;173.4;175.5;1789287
2015-06-30;176.7;176.7;173.6;173.7;2537834
2015-06-29;175.3;179.2;175.2;177.5;1871366
2015-06-26;178.2;180.5;176.5;180.2;1342482
2015-06-25;179.6;180.0;178.3;178.8;1798450
2015-06-24;183.9;184.4;180.4;180.8;2199812
2015-06-23;184.0;185.1;183.0;183.6;2153170
2015-06-22;182.8;184.7;182.4;183.2;2416888
2015-06-19;;179.6;179.6;179.6;0
2015-06-18;184.2;184.2;176.8;179.6;4144764
2015-06-17;185.5;187.3;184.6;186.0;1617351
2015-06-16;183.0;186.2;182.7;185.8;2115727
2015-06-15;185.5;185.8;183.0;183.8;1823543
2015-06-12;186.9;188.5;186.3;186.9;1745760
2015-06-11;189.8;190.3;185.9;186.5;2454569
2015-06-10;188.9;191.2;188.5;190.5;1020678
2015-06-09;188.9;190.3;187.7;189.0;2775531
2015-06-08;191.5;192.0;189.2;189.6;2336098
2015-06-05;191.7;193.3;190.4;191.4;2163269
2015-06-04;186.0;196.0;185.1;192.6;4707833
2015-06-03;186.5;188.6;185.9;186.5;1968169
2015-06-02;187.1;187.8;186.2;186.8;4227140
2015-06-01;186.1;187.0;185.1;186.3;1248846
2015-05-29;186.7;188.1;186.0;186.0;2104191
2015-05-28;187.1;187.5;186.2;187.0;1973063
2015-05-27;183.8;187.5;183.8;187.3;2371057
2015-05-26;181.3;183.9;181.3;183.0;1425051
2015-05-25;180.8;181.6;180.3;181.4;587245
2015-05-22;182.8;182.9;181.3;181.9;1270553
2015-05-21;180.8;183.3;180.8;183.2;2179196
2015-05-20;182.3;183.3;180.9;181.5;1760056
2015-05-19;183.5;184.7;181.8;182.3;1520488
2015-05-18;182.4;184.2;182.1;182.9;1233803
2015-05-15;182.4;184.3;181.9;182.7;2114401
2015-05-14;181.7;183.0;181.4;182.0;790401
2015-05-13;181.7;183.0;181.4;182.0;790401
2015-05-12;180.9;181.8;179.8;181.4;3147200
2015-05-11;180.6;182.4;180.5;181.8;1959169
2015-05-08;178.6;181.5;178.0;180.7;2438151
2015-05-07;176.8;178.4;174.3;177.5;3083557
2015-05-06;179.3;179.8;176.6;177.6;2475033
2015-05-05;179.2;181.2;178.7;179.4;3618857
2015-05-04;181.8;184.6;181.2;183.5;2344777
2015-05-01;184.5;185.2;180.0;180.5;2138777
2015-04-30;184.5;185.2;180.0;180.5;2138777
2015-04-29;189.3;191.1;184.1;185.5;3522483
2015-04-28;189.4;190.4;187.3;188.3;2070896
2015-04-27;187.2;190.2;186.1;190.1;2519004
2015-04-24;188.6;189.5;186.7;187.1;2300573
2015-04-23;191.4;192.2;187.3;188.3;2950405
2015-04-22;192.5;192.7;189.5;190.8;2650347
2015-04-21;191.3;193.5;191.2;191.6;2021298
2015-04-20;189.8;191.3;189.6;190.8;1614541
2015-04-17;190.2;190.7;187.8;188.1;2649695
2015-04-16;192.4;193.2;189.4;189.5;1780495
2015-04-15;190.9;193.3;190.8;192.7;2163194
2015-04-14;190.0;191.5;189.9;190.8;1864188
2015-04-13;190.1;191.0;189.8;190.3;1137811
2015-04-10;188.6;189.8;187.1;189.4;3601176
2015-04-09;186.8;189.4;186.8;188.4;1751258
2015-04-08;187.8;188.4;186.6;186.6;1555911
2015-04-07;185.3;188.6;184.8;187.8;1348553
2015-04-02;185.0;185.6;184.5;185.3;436940
2015-04-01;182.6;185.5;182.2;185.1;1612970
2015-03-31;184.7;184.8;183.0;183.1;1821664
2015-03-30;183.2;185.5;183.2;185.0;1397370
2015-03-27;182.5;183.4;181.5;182.4;1155044
2015-03-26;181.5;182.8;180.6;182.5;1701262
2015-03-25;184.1;184.9;182.7;183.2;2099035
2015-03-24;183.1;185.8;182.5;184.9;2036677
2015-03-23;184.0;185.0;183.3;183.5;1926108
2015-03-20;181.7;185.4;181.1;184.7;1970921
2015-03-19;181.5;184.4;180.2;181.2;2856860
2015-03-18;176.7;182.0;176.0;181.2;2624569
2015-03-17;176.3;176.6;175.3;176.2;1579550
2015-03-16;175.7;176.4;175.1;176.0;1724552
2015-03-13;173.7;174.4;173.3;174.3;1324415
2015-03-12;174.0;174.5;171.9;173.2;1858258
2015-03-11;173.2;175.3;172.8;174.7;2888895
2015-03-10;175.2;176.1;172.7;173.6;2336457
2015-03-09;176.5;176.9;175.3;175.7;2824057
2015-03-06;175.8;178.5;175.4;177.3;2405110
2015-03-05;176.5;177.0;175.5;176.1;2010501
2015-03-04;175.4;176.4;174.2;176.1;2680481
2015-03-03;179.2;179.4;175.0;175.3;2098793
2015-03-02;179.1;179.7;178.3;179.2;2324791
2015-02-27;180.2;180.9;178.4;179.7;2209190
2015-02-26;177.6;180.2;177.0;179.6;1462004
2015-02-25;179.7;180.1;177.5;177.9;3373633
2015-02-24;180.8;181.0;179.6;180.4;1522492
2015-02-23;180.5;181.1;179.0;180.6;1964748
2015-02-20;178.2;180.5;178.1;179.8;1952447
2015-02-19;177.8;179.2;176.7;179.2;3845842
2015-02-18;177.2;180.0;176.6;179.5;2722822
2015-02-17;179.1;179.3;176.4;176.9;2343322
2015-02-16;179.1;180.8;178.7;180.1;1644557
2015-02-13;178.0;180.4;176.3;179.6;2683157
2015-02-12;174.1;178.5;174.0;177.4;3690704
2015-02-11;172.8;174.8;172.3;173.7;2265528
2015-02-10;173.0;174.9;171.7;172.5;2615730
2015-02-09;169.9;172.8;169.1;172.3;2151247
2015-02-06;168.0;171.8;167.7;171.2;3308517
2015-02-05;161.7;168.7;157.0;167.3;7890668
2015-02-04;163.3;164.8;162.6;164.8;2741678
2015-02-03;161.9;163.6;161.7;163.2;3183512
2015-02-02;158.6;160.7;157.2;160.6;2505618
2015-01-30;158.4;160.0;157.0;159.2;3202558
2015-01-29;160.1;160.9;158.3;159.0;4094127
2015-01-28;161.4;161.8;158.9;161.5;4655895
2015-01-27;164.2;164.6;160.1;160.9;3736092
2015-01-26;163.6;165.3;162.6;164.5;3038604
2015-01-23;164.8;166.2;163.5;164.8;4101950
2015-01-22;162.8;164.5;160.8;163.7;4359595
2015-01-21;160.0;161.9;158.1;161.8;5131844
2015-01-20;159.5;160.8;157.3;160.1;5524125
2015-01-19;160.3;163.1;158.3;159.3;5219186
2015-01-16;162.9;164.4;156.7;160.3;6193023
2015-01-15;157.0;166.3;156.1;161.8;20090988
2015-01-14;159.3;159.3;155.6;155.6;3280121
2015-01-13;159.8;160.6;158.3;160.0;2445040
2015-01-12;161.5;162.6;160.6;161.1;1795966
2015-01-09;162.8;162.8;160.0;160.6;1885969
2015-01-08;160.3;163.3;159.2;163.0;1946157
2015-01-07;161.2;161.6;159.1;159.1;2546062
2015-01-06;;164.4;164.4;164.4;0
2015-01-05;165.6;166.6;164.4;164.4;1013670
2015-01-02;166.4;167.4;165.5;166.0;944525
2015-01-01;168.3;169.0;165.7;165.9;1531713
2014-12-30;168.3;169.0;165.7;165.9;1531713
2014-12-29;167.7;169.8;167.5;169.2;1775424
2014-12-23;166.6;167.8;165.8;167.4;1642079
2014-12-22;164.9;167.2;164.7;166.5;1895793
2014-12-19;163.9;165.0;162.8;164.8;2646967
2014-12-18;161.0;162.8;159.6;162.1;2190668
2014-12-17;158.3;160.0;157.8;159.7;2581564
2014-12-16;157.0;160.1;155.1;159.9;3849979
2014-12-15;157.3;158.6;156.6;156.7;1859797
2014-12-12;159.5;159.7;157.4;157.4;1839307
2014-12-11;159.8;160.7;158.8;160.3;1547255
2014-12-10;162.1;162.1;159.9;160.2;1913010
2014-12-09;162.5;162.6;160.5;162.0;2050566
2014-12-08;164.1;164.5;163.5;164.0;1143743
2014-12-05;163.2;164.6;162.5;164.5;2475012
2014-12-04;166.0;166.3;164.0;164.4;2188274
2014-12-03;164.6;165.6;164.3;165.3;1237142
2014-12-02;164.4;165.4;163.5;164.3;1879641
2014-12-01;165.7;166.0;162.9;163.5;2841885
2014-11-28;169.9;169.9;165.9;167.5;1963493
2014-11-27;169.4;169.9;168.8;169.6;966293
2014-11-26;170.7;171.5;168.6;169.3;1498746
2014-11-25;170.3;171.9;169.9;170.6;1451565
2014-11-24;169.6;170.7;169.5;170.5;1630429
2014-11-21;167.5;170.0;167.5;170.0;1798895
2014-11-20;166.8;167.3;166.1;166.9;993284
2014-11-19;167.0;167.8;166.3;166.9;945448
2014-11-18;166.0;167.1;165.7;166.8;1827820
2014-11-17;164.2;166.0;164.2;165.8;1159701
2014-11-14;165.8;165.8;163.2;165.2;1556971
2014-11-13;165.8;167.0;165.2;166.8;1772103
2014-11-12;165.8;166.1;164.1;165.0;1476637
2014-11-11;165.4;166.0;164.1;165.9;1076540
2014-11-10;164.4;166.2;163.4;166.0;1167966
2014-11-07;164.9;165.7;163.8;164.4;1437358
2014-11-06;162.8;165.8;162.7;164.5;2174411
2014-11-05;160.8;163.2;160.5;163.2;1783376
2014-11-04;160.7;162.1;160.0;160.4;1608026
2014-11-03;161.9;163.0;160.5;160.7;1501787
2014-10-31;161.3;162.5;160.0;162.4;1307570
2014-10-30;159.3;159.9;157.5;159.1;1594940
2014-10-29;159.5;161.0;158.5;158.6;2237661
2014-10-28;155.4;159.6;155.4;158.7;2536194
2014-10-24;155.7;155.7;154.0;154.5;1563688
2014-10-23;154.3;155.9;153.0;155.8;1993752
2014-10-22;154.1;156.0;152.9;154.7;3328997
2014-10-21;147.0;150.9;146.5;150.6;2367516
2014-10-20;147.6;149.3;146.8;147.7;2096572
2014-10-17;146.1;148.3;145.1;147.8;3273358
2014-10-16;146.0;148.7;142.1;145.9;3326019
2014-10-15;150.0;150.3;144.6;145.7;2746119
2014-10-14;146.8;150.2;145.9;150.0;2330310
2014-10-13;147.1;149.7;145.2;147.8;2433571
2014-10-10;151.1;151.3;147.8;148.2;3454585
2014-10-09;154.5;155.1;151.7;152.3;1947525
2014-10-08;154.9;155.2;152.7;153.3;2145778
2014-10-07;157.6;157.9;154.6;155.6;2019816
2014-10-06;157.8;159.0;157.0;157.9;1604032
2014-10-03;157.1;157.7;156.5;157.3;1184684
2014-10-02;160.0;160.0;156.8;156.9;2088954
2014-10-01;161.9;162.2;160.4;160.5;1724674
2014-09-30;163.2;163.3;161.6;162.3;1934499
2014-09-29;163.5;164.0;162.9;163.5;1199395
2014-09-26;162.9;165.0;162.3;164.0;1153426
2014-09-25;163.9;165.2;162.9;163.1;1536249
2014-09-24;164.3;164.6;162.6;163.6;4158296
2014-09-23;164.0;164.6;163.2;164.3;2314658
2014-09-22;163.8;165.1;163.5;164.1;1341527
2014-09-19;164.9;164.9;164.1;164.4;1188745
2014-09-18;163.6;164.4;163.4;163.9;1851505
2014-09-17;164.0;164.4;163.6;163.8;1236568
2014-09-16;162.6;163.7;161.9;163.6;1258120
2014-09-15;162.8;163.7;162.0;162.4;1073751
2014-09-12;162.9;163.6;162.6;163.1;1513916
2014-09-11;163.1;163.3;161.2;162.2;1794019
2014-09-10;164.2;164.3;162.0;162.1;1556798
2014-09-09;166.2;167.8;164.1;164.1;3982599
2014-09-08;163.0;163.6;161.9;163.2;1472216
2014-09-05;163.6;163.8;162.5;162.9;2026360
2014-09-04;163.4;163.9;162.1;163.5;1973642
2014-09-03;163.4;164.9;163.0;163.6;3096040
2014-09-02;160.0;161.3;159.6;160.4;1549361
2014-09-01;159.0;159.8;158.5;159.5;1581907
2014-08-29;159.2;159.5;157.5;158.3;1334596
2014-08-28;158.9;159.4;158.1;158.7;1232194
2014-08-27;159.0;159.8;158.3;159.1;990565
2014-08-26;158.3;159.4;158.1;159.3;996447
2014-08-25;157.6;158.7;157.5;158.6;1201769
2014-08-22;157.7;157.9;156.0;156.4;1785984
2014-08-21;156.2;158.1;155.8;158.0;1339787
2014-08-20;155.9;156.4;155.0;155.8;1271967
2014-08-19;154.7;156.1;154.7;156.0;1066278
2014-08-18;155.1;155.4;154.1;154.6;976288
2014-08-15;155.3;155.9;154.1;154.1;1291129
2014-08-14;154.3;155.6;153.9;154.8;857336
2014-08-13;154.9;155.2;154.0;154.9;1088640
2014-08-12;154.8;155.2;153.7;154.0;1181717
2014-08-11;154.5;155.3;154.4;154.7;1933068
2014-08-08;153.0;154.6;152.7;153.6;1663799
2014-08-07;155.6;155.7;153.7;154.0;1308295
2014-08-06;155.3;156.3;154.1;155.8;1425539
2014-08-05;156.7;156.8;155.5;156.1;981130
2014-08-04;157.3;158.3;156.3;156.6;1290078
2014-08-01;159.2;159.2;156.7;157.1;1613168
2014-07-31;161.2;161.9;159.1;159.2;1298678
2014-07-30;162.0;162.6;160.7;161.1;1227796
2014-07-29;163.7;164.3;162.0;162.4;802048
2014-07-28;162.8;164.0;162.0;163.7;1166850
2014-07-25;164.0;164.1;162.2;162.6;1205225
2014-07-24;162.0;164.9;161.1;164.4;2091836
2014-07-23;156.2;162.6;155.9;162.0;3832349
2014-07-22;156.2;160.7;156.1;159.8;2333993
2014-07-21;155.5;155.5;154.0;155.4;884772
2014-07-18;156.1;156.2;154.2;155.2;1092099
2014-07-17;156.4;157.4;155.9;156.2;1314381
2014-07-16;154.9;156.9;154.9;156.4;1013340
2014-07-15;155.6;156.1;154.7;155.0;915395
2014-07-14;154.2;156.5;154.2;155.8;1035765
2014-07-11;154.0;154.7;153.5;153.9;804759
2014-07-10;156.3;156.3;152.9;153.8;1576532
2014-07-09;156.5;156.5;155.0;156.1;1032119
2014-07-08;156.6;157.7;156.4;156.4;887453
2014-07-07;156.8;157.3;156.1;156.7;650175
2014-07-04;157.0;158.4;156.6;157.0;1074596
2014-07-03;153.8;157.6;153.8;156.9;2420871
2014-07-02;154.0;154.6;153.4;153.7;1093625
2014-07-01;154.1;154.5;152.6;154.2;975057
2014-06-30;154.4;154.9;153.8;154.0;987895
2014-06-27;153.1;154.8;152.8;154.4;1195081
2014-06-26;154.0;154.2;152.7;153.1;1412731
2014-06-25;154.9;155.1;153.3;154.1;1919367
2014-06-24;154.7;155.7;153.9;155.7;1525723
2014-06-23;155.8;156.3;154.0;154.6;1700825
2014-06-20;;155.8;155.8;155.8;0
2014-06-19;155.8;155.9;155.0;155.8;973124
2014-06-18;154.5;155.8;154.5;154.5;909911
2014-06-17;154.1;154.8;153.8;154.4;969963
2014-06-16;154.5;155.2;153.8;154.0;1212926
2014-06-13;156.3;156.3;154.2;154.5;1344529
2014-06-12;156.5;156.7;155.8;156.3;903187
2014-06-11;158.6;158.6;156.3;156.8;1337063
2014-06-10;157.8;159.5;157.6;158.6;1234436
2014-06-09;157.6;158.8;157.0;158.6;1003785
2014-06-06;;157.3;157.3;157.3;0
2014-06-05;155.9;157.6;155.6;157.3;1970145
2014-06-04;156.6;157.0;155.9;156.2;1102012
2014-06-03;157.7;158.0;156.9;157.1;1329689
2014-06-02;159.3;159.5;157.6;157.8;1486966
2014-05-30;158.1;159.1;157.4;158.7;1459167
2014-05-28;158.7;158.8;157.8;158.5;510714
2014-05-27;158.5;159.2;158.2;158.6;1137537
2014-05-26;158.4;159.4;158.2;158.7;980249
2014-05-23;156.3;159.0;156.2;158.6;1722683
2014-05-22;155.8;156.5;155.3;156.0;1789431
2014-05-21;156.1;156.3;154.6;155.6;2033789
2014-05-20;156.6;157.8;156.3;156.5;2915291
2014-05-19;155.4;156.1;154.5;155.6;1605215
2014-05-16;155.5;155.5;154.6;155.3;1685556
2014-05-15;156.1;156.3;154.6;156.0;2207754
2014-05-14;155.7;156.7;155.2;156.3;1182994
2014-05-13;157.0;157.3;155.0;155.4;1795725
2014-05-12;153.4;156.8;153.0;156.5;2322443
2014-05-09;151.8;152.8;150.8;152.7;1789344
2014-05-08;152.4;153.0;151.5;152.0;2144053
2014-05-07;152.1;153.0;149.2;151.8;1962219
2014-05-06;153.1;153.9;152.0;152.9;2468625
2014-05-05;154.0;154.2;152.3;153.3;2048631
2014-05-02;157.5;158.4;155.8;158.0;2973878
2014-05-01;;159.8;159.8;159.8;0
2014-04-30;159.0;160.0;157.9;159.8;2285617
2014-04-29;160.5;162.2;158.1;159.1;5956612
2014-04-28;172.0;172.5;169.9;171.1;1156250
2014-04-25;171.4;171.8;170.4;171.6;838049
2014-04-24;171.3;173.0;170.0;171.4;1025275
2014-04-23;171.4;171.8;170.4;170.7;663024
2014-04-22;170.7;172.2;170.3;171.6;1174342
2014-04-17;168.2;169.4;167.8;169.4;609584
2014-04-16;168.2;168.8;167.1;167.9;714704
2014-04-15;167.1;167.8;165.2;166.4;976204
2014-04-14;167.0;168.3;165.3;167.8;936726
2014-04-11;167.6;168.0;166.4;167.6;1353647
2014-04-10;169.5;170.9;168.7;169.1;1028485
2014-04-09;168.4;169.9;168.2;168.6;1642270
2014-04-08;169.2;169.7;166.8;167.8;1976627
2014-04-07;169.0;170.7;168.5;169.3;1175468
2014-04-04;170.1;170.9;170.0;170.4;990670
2014-04-03;169.3;170.6;169.2;169.8;1139290
2014-04-02;168.8;169.3;168.4;169.1;1001005
2014-04-01;167.1;169.3;166.9;168.3;1061279
2014-03-31;166.8;167.9;166.0;167.4;1260820
2014-03-28;163.7;166.5;163.4;166.0;1168662
2014-03-27;161.9;163.9;161.8;163.2;888744
2014-03-26;160.2;163.6;160.0;162.3;1135942
2014-03-25;159.1;160.2;158.8;159.5;1059161
2014-03-24;162.1;162.5;158.6;159.4;1247096
2014-03-21;161.7;163.2;161.3;161.9;1192191
2014-03-20;159.5;161.2;158.6;161.2;1119920
2014-03-19;160.2;161.5;159.5;160.1;1374310
2014-03-18;159.4;160.7;158.2;160.5;1355706
2014-03-17;158.0;159.6;157.8;159.5;1538486
2014-03-14;158.7;158.9;156.8;157.6;1377450
2014-03-13;161.8;162.2;159.5;160.0;720327
2014-03-12;160.4;162.2;159.7;161.6;1343354
2014-03-11;162.1;162.5;160.7;160.9;954883
2014-03-10;162.7;163.4;161.0;161.7;991379
2014-03-07;166.4;166.6;162.3;162.9;1595650
2014-03-06;165.9;166.4;165.4;166.3;1202715
2014-03-05;165.0;165.7;164.3;165.3;1367895
2014-03-04;163.3;165.1;163.3;165.1;2134420
2014-03-03;162.0;162.5;160.0;161.1;1909754
2014-02-28;164.7;165.7;162.0;163.6;1650851
2014-02-27;165.1;165.5;163.9;164.9;1401986
2014-02-26;163.8;165.4;163.8;165.2;1274766
2014-02-25;163.5;164.0;162.6;163.7;1472431
2014-02-24;164.0;164.5;163.1;164.0;1932289
2014-02-21;164.5;165.4;163.3;164.1;1684715
2014-02-20;162.6;164.5;162.0;164.5;1660919
2014-02-19;163.0;165.8;162.7;165.5;1676264
2014-02-18;163.2;163.4;161.7;162.9;1521811
2014-02-17;163.6;164.2;162.8;163.3;937914
2014-02-14;162.7;163.9;161.7;163.6;1023670
2014-02-13;161.8;163.7;160.3;162.2;2242938
2014-02-12;165.8;165.9;164.3;164.4;1190127
2014-02-11;165.0;165.8;164.5;165.1;1425932
2014-02-10;164.1;164.8;163.0;163.7;1057413
2014-02-07;164.0;164.4;163.1;164.1;1265379
2014-02-06;162.1;163.0;161.1;162.6;2668925
2014-02-05;160.5;163.6;160.5;161.9;1891315
2014-02-04;159.1;160.1;158.2;159.6;1694156
2014-02-03;162.2;164.0;159.7;160.0;2025044
2014-01-31;162.9;163.2;161.2;162.9;2102146
2014-01-30;163.1;164.6;162.2;163.5;1433865
2014-01-29;164.3;164.4;162.2;163.7;2648126
2014-01-28;162.1;164.4;161.5;163.4;1974273
2014-01-27;162.8;162.9;160.3;162.1;2098493
2014-01-24;166.6;167.0;163.3;163.4;2643703
2014-01-23;165.8;168.8;165.5;166.5;3821295
2014-01-22;166.0;167.7;164.3;165.7;5449662
2014-01-21;175.3;175.3;172.5;172.5;2728268
2014-01-20;175.9;176.3;175.1;175.7;1941061
2014-01-17;171.9;175.9;171.8;175.7;3036566
2014-01-16;169.8;170.4;168.7;169.7;1277203
2014-01-15;169.5;170.0;168.7;169.8;1729291
2014-01-14;169.3;169.8;168.4;169.1;1615377
2014-01-13;170.2;170.8;169.8;170.5;974173
2014-01-10;170.1;170.4;168.8;169.8;1279470
2014-01-09;169.3;170.9;169.0;169.3;1066528
2014-01-08;168.6;169.5;168.1;169.1;1467226
2014-01-07;168.4;168.4;165.2;168.1;2684014
2014-01-06;;170.0;170.0;170.0;0
2014-01-03;168.3;170.3;167.6;170.0;1007661
2014-01-02;170.4;171.2;168.7;169.0;1336344
2013-12-31;;170.0;170.0;170.0;0
2013-12-30;172.0;172.2;169.5;170.0;1182105
2013-12-27;171.3;172.4;171.0;172.3;1281021
2013-12-23;169.0;171.0;168.9;170.8;1397195
2013-12-20;169.0;169.5;167.6;169.0;1546545
2013-12-19;166.0;168.2;165.6;168.1;1646766
2013-12-18;163.2;165.1;163.2;164.9;1465260
2013-12-17;163.3;164.3;162.8;162.9;960570
2013-12-16;161.1;164.1;158.5;164.0;1428741
2013-12-13;162.2;163.5;161.2;161.7;1230433
2013-12-12;163.3;163.9;161.8;161.8;1741740
2013-12-11;163.0;164.8;161.9;164.0;1434255
2013-12-10;165.4;167.4;164.2;164.2;1973027
2013-12-09;165.6;166.0;164.6;165.8;1553091
2013-12-06;162.2;165.2;162.2;164.6;2096430
2013-12-05;161.2;163.7;161.0;162.1;2002108
2013-12-04;162.5;163.3;160.4;161.8;1739438
2013-12-03;166.4;166.4;161.9;162.5;1592978
2013-12-02;167.5;167.6;166.5;166.6;1566856
2013-11-29;167.5;168.7;167.5;168.0;1572774
2013-11-28;168.1;169.2;167.4;167.7;1720659
2013-11-27;167.0;168.6;166.6;168.4;1340093
2013-11-26;166.3;167.5;166.1;167.3;1022136
2013-11-25;167.2;168.0;166.7;167.2;1012605
2013-11-22;166.3;167.4;165.9;167.2;1707149
2013-11-21;165.8;166.5;165.0;166.3;1434226
2013-11-20;167.1;167.6;166.2;166.5;1417502
2013-11-19;168.0;168.6;167.3;167.6;1403263
2013-11-18;167.8;168.9;167.3;168.7;1827774
2013-11-15;167.9;168.0;166.8;167.8;1386746
2013-11-14;167.0;167.9;166.7;167.9;1485577
2013-11-13;165.5;166.6;165.3;165.8;1446130
2013-11-12;165.7;167.0;165.3;166.3;1782235
2013-11-11;165.8;166.8;165.1;165.4;1277931
2013-11-08;164.6;165.7;164.3;165.2;1550115
2013-11-07;165.0;166.3;163.8;165.2;2050888
2013-11-06;163.6;165.5;163.5;165.0;1769734
2013-11-05;164.3;164.8;163.1;163.6;1367762
2013-11-04;164.0;164.6;163.1;164.2;940376
2013-11-01;165.6;166.0;163.5;163.5;1206418
2013-10-31;163.8;165.8;163.8;165.4;1295582
2013-10-30;163.5;165.3;163.4;164.9;1428422
2013-10-29;163.2;164.7;162.9;163.0;1376672
2013-10-28;163.0;164.7;162.9;163.6;1224628
2013-10-25;163.0;164.3;162.5;163.5;2067526
2013-10-24;160.2;165.0;160.2;164.2;3738342
2013-10-23;155.6;157.0;155.2;156.9;2044458
2013-10-22;153.6;156.3;153.2;156.0;3129427
2013-10-21;151.7;154.2;151.7;153.6;3660030
2013-10-18;149.8;152.0;149.4;151.8;2509390
2013-10-17;150.8;150.8;148.5;148.8;3013539
2013-10-16;151.1;151.8;149.6;150.8;3111507
2013-10-15;151.0;152.1;150.5;151.7;2278768
2013-10-14;150.2;151.0;150.1;150.4;1667363
2013-10-11;151.5;151.6;150.7;151.1;1852886
2013-10-10;148.1;151.2;147.2;150.5;2916929
2013-10-09;148.0;148.1;146.7;146.9;2986070
2013-10-08;149.7;150.5;148.4;148.6;2101941
2013-10-07;150.7;150.9;149.6;149.6;2618774
2013-10-04;149.1;150.4;148.1;149.3;2527805
2013-10-03;150.2;150.5;149.0;149.1;2218862
2013-10-02;150.5;150.9;149.4;149.8;1697912
2013-10-01;151.0;152.2;150.1;150.6;2051563
2013-09-30;151.7;152.0;150.4;151.3;1897043
2013-09-27;153.0;153.4;152.0;152.6;1443199
2013-09-26;152.9;153.3;152.2;153.1;1061756
2013-09-25;152.4;153.4;152.2;153.0;1908358
2013-09-24;151.3;153.3;150.9;153.2;2682043
2013-09-23;151.7;152.3;151.3;151.6;2009188
2013-09-20;152.7;152.9;151.4;152.6;1550005
2013-09-19;152.0;152.5;151.3;152.0;2459483
2013-09-18;150.4;151.5;150.4;151.1;1634711
2013-09-17;150.8;150.8;150.1;150.3;1843036
2013-09-16;150.6;151.8;150.0;151.0;2436192
2013-09-13;150.3;150.4;149.0;149.8;1841099
2013-09-12;150.4;151.1;149.7;150.7;1507278
2013-09-11;149.0;150.6;148.6;150.1;1681106
2013-09-10;148.0;149.2;147.4;148.8;2306128
2013-09-09;147.8;148.3;146.9;147.7;1443440
2013-09-06;146.4;147.9;146.4;147.9;2824170
2013-09-05;144.9;146.8;144.7;146.2;2362714
2013-09-04;143.3;145.7;142.6;145.1;2091430
2013-09-03;142.5;143.4;141.7;143.3;2021094
2013-09-02;142.4;143.4;142.3;142.6;1432456
2013-08-30;142.8;142.9;141.3;141.8;1350202
2013-08-29;143.1;143.1;141.4;142.5;2931015
2013-08-28;141.0;144.4;141.0;143.6;2425370
2013-08-27;147.2;147.8;144.4;144.8;1742764
2013-08-26;146.6;147.5;146.3;147.4;989343
2013-08-23;146.5;147.6;146.2;147.1;1555304
2013-08-22;145.7;147.2;145.5;146.5;1359039
2013-08-21;145.1;146.6;145.1;145.8;1550247
2013-08-20;145.5;146.0;145.0;145.4;1070212
2013-08-19;147.1;147.4;145.7;145.9;1546079
2013-08-16;146.6;147.5;146.0;147.1;1267765
2013-08-15;146.6;146.8;145.8;146.4;1586775
2013-08-14;147.3;147.5;146.6;146.9;1143260
2013-08-13;146.8;147.8;146.2;147.3;1328749
2013-08-12;146.0;147.0;145.1;146.8;970181
2013-08-09;146.0;147.2;145.2;146.1;1129054
2013-08-08;144.9;145.8;144.5;145.2;938426
2013-08-07;145.1;145.6;144.3;144.5;1143637
2013-08-06;145.9;147.3;145.5;145.7;1767320
2013-08-05;146.8;147.0;145.8;146.1;869818
2013-08-02;146.6;146.9;144.8;146.5;1859711
2013-08-01;145.0;146.8;144.3;146.8;1317704
2013-07-31;144.6;145.4;144.0;144.1;1230539
2013-07-30;142.8;145.0;142.5;144.7;1518263
2013-07-29;143.2;144.2;142.4;142.6;1194334
2013-07-26;145.0;145.1;142.5;143.1;2352714
2013-07-25;146.3;146.3;142.0;145.1;4547886
2013-07-24;147.4;149.4;146.9;148.9;1121954
2013-07-23;148.7;148.8;146.7;147.2;1273737
2013-07-22;149.6;150.0;148.2;148.7;919007
2013-07-19;149.9;150.0;148.5;149.8;1307604
2013-07-18;149.2;150.4;148.8;150.1;1248266
2013-07-17;150.1;150.6;148.3;149.3;2041460
2013-07-16;150.9;151.4;149.8;150.0;1730666
2013-07-15;150.1;151.1;150.1;150.4;1102793
2013-07-12;150.0;150.7;149.3;149.8;1866921
2013-07-11;148.8;149.9;148.3;149.9;1771540
2013-07-10;147.5;148.6;146.3;147.8;1415099
2013-07-09;148.3;148.8;146.0;147.6;1405286
2013-07-08;146.3;148.9;146.3;147.1;1571187
2013-07-05;146.1;146.8;145.2;146.2;1819594
2013-07-04;144.8;146.7;144.5;145.7;1813089
2013-07-03;143.9;144.3;142.6;143.9;1353638
2013-07-02;145.4;145.5;143.9;144.6;1909529
2013-07-01;146.2;147.0;145.0;145.8;1582092
2013-06-28;146.1;146.7;145.5;146.5;2785158
2013-06-27;144.0;146.4;143.7;146.1;1536009
2013-06-26;142.3;144.1;141.4;143.9;2019884
2013-06-25;141.5;142.4;140.65;141.6;2440286
2013-06-24;141.1;141.7;139.0;140.6;3063253
2013-06-21;;142.8;142.8;142.8;0
2013-06-20;143.1;144.1;142.0;142.8;2666113
2013-06-19;146.0;146.0;144.4;144.5;1706494
2013-06-18;144.9;146.8;144.8;146.0;1676573
2013-06-17;142.0;146.3;142.0;145.0;2519349
2013-06-14;142.7;143.0;140.9;140.9;1996992
2013-06-13;141.3;142.0;139.5;141.7;2288571
2013-06-12;143.2;144.2;142.2;142.4;1682106
2013-06-11;144.6;145.1;143.1;143.6;2250420
2013-06-10;144.0;145.9;143.3;144.9;1511663
2013-06-07;143.1;145.1;142.1;144.2;2426722
2013-06-06;;144.2;144.2;144.2;0
2013-06-05;145.1;145.6;143.8;144.2;1851561
2013-06-04;145.1;146.1;144.8;145.4;1325350
2013-06-03;144.7;146.0;144.2;145.0;2181306
2013-05-31;147.0;147.2;144.6;147.2;2210532
2013-05-30;146.6;147.5;146.2;146.8;1411475
2013-05-29;148.4;148.9;146.9;147.3;1505803
2013-05-28;148.0;149.2;147.5;148.8;1772642
2013-05-27;148.2;148.7;146.9;147.6;1212164
2013-05-24;147.5;148.8;147.3;148.1;1818601
2013-05-23;146.4;147.9;146.4;146.9;2273963
2013-05-22;149.8;150.1;148.6;149.1;1540442
2013-05-21;149.0;150.2;148.4;149.9;2106253
2013-05-20;148.6;149.8;148.6;148.9;972251
2013-05-17;147.3;149.0;147.0;148.6;1494818
2013-05-16;147.8;148.3;146.9;148.1;2418898
2013-05-15;147.9;149.5;147.7;149.2;1529935
2013-05-14;147.3;148.9;146.6;148.5;1473292
2013-05-13;148.6;148.7;146.7;147.4;1342243
2013-05-10;149.0;149.1;146.1;148.2;3344126
2013-05-09;;149.5;149.5;149.5;0
2013-05-08;148.7;149.5;148.6;149.5;844242
2013-05-07;148.1;149.2;147.7;148.2;1860802
2013-05-06;147.8;148.7;147.4;148.3;992960
2013-05-03;146.6;148.5;146.1;148.0;1559811
2013-05-02;146.0;146.2;144.5;145.8;2043870
2013-05-01;;147.2;147.2;147.2;0
2013-04-30;148.3;148.7;146.7;147.2;1063195
2013-04-29;145.6;147.4;145.3;147.3;2157108
2013-04-26;150.3;150.8;148.8;149.4;2459201
2013-04-25;148.4;151.5;148.0;151.1;2886988
2013-04-24;146.6;149.0;144.4;148.6;3312157
2013-04-23;138.3;144.8;137.9;144.2;2574441
2013-04-22;141.0;141.5;137.3;137.8;1564392
2013-04-19;140.3;141.5;138.9;139.7;1640230
2013-04-18;140.5;141.8;139.0;140.1;1554907
2013-04-17;143.5;143.7;139.3;140.1;2489609
2013-04-16;142.2;143.3;140.3;142.5;1753704
2013-04-15;144.3;145.4;142.2;142.3;1565775
2013-04-12;144.2;144.6;143.2;144.0;1434346
2013-04-11;144.6;145.6;143.9;144.5;1872637
2013-04-10;141.2;144.5;141.2;144.5;2380088
2013-04-09;141.5;141.9;140.4;141.0;1634102
2013-04-08;142.2;142.6;139.9;140.4;2095728
2013-04-05;145.5;145.6;141.8;142.1;2711251
2013-04-04;146.8;147.7;144.8;145.1;1819252
2013-04-03;147.9;149.0;146.5;146.8;1385627
2013-04-02;147.1;148.2;146.6;147.9;1510605
2013-04-01;;148.1;148.1;148.1;0
2013-03-29;148.7;148.1;148.1;148.1;2161326
2013-03-28;148.7;148.8;146.1;147.3;2161326
2013-03-27;148.7;148.8;146.1;147.3;2161326
2013-03-26;147.1;148.4;146.7;148.3;2054346
2013-03-25;147.7;149.4;146.8;147.2;2201901
2013-03-22;146.2;147.4;145.6;146.5;1375499
2013-03-21;148.0;148.4;145.5;146.5;1487680
2013-03-20;147.0;148.1;146.2;148.1;1655241
2013-03-19;146.5;147.1;145.8;146.4;2909649
2013-03-18;146.4;147.7;146.3;147.1;2022476
2013-03-15;148.0;148.8;147.4;148.7;1718089
2013-03-14;147.0;147.7;146.5;147.7;1617174
2013-03-13;145.9;146.9;145.2;146.3;1223355
2013-03-12;145.4;146.1;145.0;145.2;1174436
2013-03-11;146.0;146.0;145.3;145.8;804639
2013-03-08;146.0;146.7;145.5;145.9;1625832
2013-03-07;147.1;147.5;145.5;146.0;2289894
2013-03-06;146.7;147.4;146.4;146.5;1554003
2013-03-05;145.3;147.1;145.1;146.9;2292402
2013-03-04;144.4;145.3;144.1;145.3;1880304
2013-03-01;147.1;148.1;145.6;146.4;2291578
2013-02-28;147.2;148.6;147.1;147.6;2163882
2013-02-27;145.8;146.9;144.7;146.9;2695752
2013-02-26;144.1;146.5;144.0;144.9;2285531
2013-02-25;148.1;148.8;145.5;146.3;2100552
2013-02-22;146.3;148.4;146.2;148.1;2073089
2013-02-21;145.6;147.2;144.6;146.3;2645786
2013-02-20;145.3;147.0;145.0;146.6;1606622
2013-02-19;143.9;145.5;143.5;145.1;1891621
2013-02-18;143.0;144.7;142.8;144.0;1936589
2013-02-15;142.8;144.3;142.4;143.8;3761267
2013-02-14;138.2;143.1;138.2;142.3;7619446
2013-02-13;134.1;135.7;133.6;135.1;2102591
2013-02-12;134.4;134.6;132.9;133.9;1544636
2013-02-11;135.4;135.6;134.1;134.4;1606345
2013-02-08;134.5;135.5;134.5;135.3;1694071
2013-02-07;135.0;135.8;134.3;134.4;1350727
2013-02-06;134.3;136.1;133.8;134.8;2248273
2013-02-05;133.4;135.0;133.2;134.6;1819531
2013-02-04;137.6;137.6;133.2;133.5;2339621
2013-02-01;136.1;138.0;135.6;137.7;1823733
2013-01-31;137.4;138.1;136.5;136.9;1546751
2013-01-30;137.0;138.0;136.6;137.9;1942398
2013-01-29;137.0;137.2;136.6;137.2;888445
2013-01-28;137.5;137.8;136.8;137.1;1067061
2013-01-25;136.6;137.4;136.2;137.2;2272489
2013-01-24;136.7;137.3;135.9;137.1;1232759
2013-01-23;135.8;137.0;134.3;137.0;2218133
2013-01-22;136.8;136.9;135.0;136.2;2359673
2013-01-21;137.7;138.1;136.1;137.1;1891251
2013-01-18;138.4;138.4;136.0;137.8;3276801
2013-01-17;136.9;139.0;136.6;138.8;1423487
2013-01-16;136.0;137.9;135.8;137.8;1452960
2013-01-15;136.6;137.2;135.1;136.1;1948691
2013-01-14;139.3;139.3;137.0;137.1;1201496
2013-01-11;139.1;139.6;138.5;139.3;1277274
2013-01-10;139.6;139.8;138.6;139.0;1297479
2013-01-09;137.5;139.3;137.3;139.2;1273231
2013-01-08;135.9;137.7;135.9;136.8;1071945
2013-01-07;137.5;137.5;136.0;136.2;1600230
2013-01-04;136.4;137.4;135.5;137.4;1730526
2013-01-03;137.4;137.5;135.9;136.6;1557186
2013-01-02;135.7;138.3;135.5;138.1;1177222
2013-01-01;;134.1;134.1;134.1;0
2012-12-31;;134.1;134.1;134.1;0
2012-12-28;134.9;135.6;133.9;134.1;1776841
2012-12-27;135.2;136.0;134.6;135.2;1329298
2012-12-26;;135.7;135.7;135.7;0
2012-12-25;;135.7;135.7;135.7;0
2012-12-24;;135.7;135.7;135.7;0
2012-12-21;135.1;135.7;134.6;135.7;1830286
2012-12-20;135.6;135.8;135.1;135.1;958265
2012-12-19;136.7;137.0;135.2;136.1;1444836
2012-12-18;136.3;137.0;136.0;136.6;1728826
2012-12-17;136.4;136.6;135.6;136.3;1205728
2012-12-14;135.5;136.6;135.1;136.6;1651151
2012-12-13;134.6;135.8;134.3;135.3;2161421
2012-12-12;133.5;134.4;132.4;134.0;1647255
2012-12-11;133.0;133.5;132.7;133.3;1238254
2012-12-10;132.6;133.2;131.5;133.1;1475295
2012-12-07;132.1;133.0;131.4;132.6;1121104
2012-12-06;131.0;132.3;131.0;131.6;1344339
2012-12-05;131.0;131.4;130.5;130.5;1102974
2012-12-04;129.9;130.7;129.6;130.2;1095448
2012-12-03;130.3;131.5;129.5;129.7;1263739
2012-11-30;130.0;130.9;129.1;130.0;1507147
2012-11-29;127.8;130.2;127.8;130.1;1850852
2012-11-28;126.1;127.4;125.7;127.1;1479154
2012-11-27;124.8;127.2;124.8;126.2;1598166
2012-11-26;125.0;125.6;123.8;124.6;1604934
2012-11-23;124.5;125.4;123.8;125.1;1349846
2012-11-22;123.7;125.0;123.2;124.4;1381860
2012-11-21;122.1;123.6;122.1;123.2;1049393
2012-11-20;121.9;123.0;121.6;122.3;1191800
2012-11-19;120.2;122.4;120.0;122.3;1265158
2012-11-16;120.8;121.1;119.4;119.7;1290523
2012-11-15;121.9;122.3;121.0;121.0;1234231
2012-11-14;123.2;123.5;122.2;122.5;1337052
2012-11-13;123.1;123.7;121.6;123.2;1195597
2012-11-12;123.7;124.0;123.0;123.3;1115579
2012-11-09;123.1;123.9;122.3;123.7;1624738
2012-11-08;123.1;124.5;122.7;122.8;1176680
2012-11-07;125.0;126.3;122.5;122.5;1676422
2012-11-06;122.5;124.7;122.5;124.2;1420256
2012-11-05;122.7;123.0;121.7;121.9;1835064
2012-11-02;122.3;124.4;122.1;124.1;747994
2012-11-01;119.4;122.2;119.4;122.0;2111751
2012-10-31;121.9;122.0;119.8;119.8;1217444
2012-10-30;121.2;122.4;120.7;121.0;1625211
2012-10-29;121.8;122.0;120.6;121.0;1307945
2012-10-26;124.1;124.4;121.5;122.7;1820838
2012-10-25;126.8;126.8;123.5;124.6;2556404
2012-10-24;125.8;126.6;124.8;126.0;1860638
2012-10-23;128.8;128.9;125.3;126.0;1587445
2012-10-22;127.8;129.7;127.2;129.0;2413335
2012-10-19;129.8;130.4;128.1;128.2;1505856
2012-10-18;128.9;130.0;128.0;129.8;1430808
2012-10-17;127.5;129.7;127.4;129.5;1333817
2012-10-16;127.3;128.1;126.2;127.9;1315259
2012-10-15;126.7;127.6;126.0;126.6;1128168
2012-10-12;126.4;128.1;126.2;127.2;1449866
2012-10-11;125.0;127.8;124.3;127.0;1377615
2012-10-10;126.5;126.7;124.5;125.0;1075240
