Dates;Open;High;Low;Close;Volume
2017-10-09;10.65;10.75;10.6;10.61;371890
2017-10-06;10.71;10.76;10.64;10.64;648422
2017-10-05;10.7;10.78;10.65;10.7;602723
2017-10-04;10.75;10.8;10.67;10.76;640772
2017-10-03;10.9;10.94;10.65;10.75;921563
2017-10-02;11.1;11.12;10.82;10.87;1175840
2017-09-29;11.29;11.3;11.09;11.09;840025
2017-09-28;11.45;11.45;11.27;11.3;635462
2017-09-27;11.5;11.63;11.4;11.45;1422730
2017-09-26;11.25;11.61;11.16;11.4;2566564
2017-09-25;11.01;11.22;10.96;11.16;1565761
2017-09-22;11.01;11.13;10.96;11.06;701972
2017-09-21;11.0;11.19;11.0;11.11;518029
2017-09-20;10.95;11.18;10.91;11.18;637247
2017-09-19;11.04;11.14;10.93;10.98;1684229
2017-09-18;11.23;11.34;11.04;11.13;731388
2017-09-15;11.41;11.48;11.2;11.21;1237107
2017-09-14;11.2;11.53;11.11;11.43;1182638
2017-09-13;10.86;11.19;10.85;11.11;1346756
2017-09-12;10.89;10.98;10.8;10.9;405417
2017-09-11;10.99;11.01;10.83;10.85;535346
2017-09-08;10.94;11.09;10.94;10.96;229320
2017-09-07;11.1;11.1;10.93;10.94;449750
2017-09-06;10.9;11.1;10.71;11.1;1010002
2017-09-04;10.85;10.9;10.71;10.72;488768
2017-09-01;11.2;11.2;10.75;10.8;1190079
2017-08-31;10.9;11.06;10.8;11.06;630490
2017-08-30;10.84;10.95;10.74;10.86;626344
2017-08-29;11.07;11.14;10.67;10.75;1248529
2017-08-28;11.31;11.31;11.07;11.07;754893
2017-08-25;11.5;11.6;11.25;11.31;769071
2017-08-24;11.62;11.69;11.47;11.52;487322
2017-08-23;11.82;11.82;11.56;11.62;413758
2017-08-22;11.55;11.85;11.41;11.82;1127759
2017-08-21;11.5;11.53;11.28;11.48;751296
2017-08-18;11.46;11.57;11.28;11.28;876941
2017-08-17;11.77;11.82;11.42;11.45;1583997
2017-08-16;12.03;12.08;11.76;11.76;1336301
2017-08-15;12.04;12.12;11.99;12.12;437916
2017-08-14;12.21;12.38;12.13;12.19;544951
2017-08-11;12.3;12.32;11.86;12.02;1553982
2017-08-10;12.48;12.51;12.33;12.36;629092
2017-08-09;12.45;12.55;12.34;12.38;667018
2017-08-08;12.4;12.5;12.26;12.43;618744
2017-08-07;12.47;12.64;12.42;12.46;417027
2017-08-04;12.59;12.59;12.42;12.47;482955
2017-08-03;12.51;12.59;12.43;12.59;560159
2017-08-02;12.55;12.62;12.28;12.4;944691
2017-08-01;12.62;12.74;12.54;12.55;687456
2017-07-31;12.8;12.97;12.59;12.59;873353
2017-07-28;12.79;12.86;12.65;12.79;427824
2017-07-27;12.94;13.1;12.77;12.77;624597
2017-07-26;12.68;12.96;12.66;12.88;1340439
2017-07-25;13.2;13.36;13.14;13.16;492314
2017-07-24;12.85;13.2;12.79;13.2;818653
2017-07-21;12.9;13.11;12.75;13.01;1255303
2017-07-20;12.62;13.0;12.62;13.0;1150405
2017-07-19;12.4;12.57;12.25;12.57;605380
2017-07-18;12.58;12.59;12.41;12.46;555679
2017-07-17;12.58;12.79;12.57;12.58;528790
2017-07-14;12.3;12.77;12.3;12.58;718015
2017-07-13;12.39;12.55;12.31;12.55;548469
2017-07-12;12.19;12.49;12.19;12.39;1052548
2017-07-11;12.32;12.34;12.01;12.11;1147122
2017-07-10;12.6;12.62;12.32;12.32;769813
2017-07-07;12.63;12.68;12.54;12.54;704699
2017-07-06;12.65;12.8;12.59;12.8;1237765
2017-07-05;12.8;12.97;12.7;12.79;1145988
2017-07-04;12.7;12.88;12.7;12.8;616744
2017-07-03;12.73;12.89;12.57;12.88;864438
2017-06-30;12.7;12.7;12.43;12.58;1418321
2017-06-29;12.72;12.81;12.32;12.74;2030189
2017-06-28;12.7;12.75;12.56;12.66;481175
2017-06-27;12.6;12.7;12.45;12.7;895835
2017-06-26;12.56;12.81;12.4;12.45;934552
2017-06-23;;12.55;12.55;12.55;0
2017-06-22;12.65;12.65;12.42;12.55;1633776
2017-06-21;12.59;12.95;12.52;12.84;1000086
2017-06-20;13.0;13.0;12.6;12.61;1177200
2017-06-19;12.73;13.0;12.72;12.94;654203
2017-06-16;12.84;13.19;12.71;12.73;1438176
2017-06-15;13.01;13.05;12.61;12.7;1898436
2017-06-14;13.2;13.26;13.02;13.17;1095549
2017-06-13;13.14;13.18;13.02;13.14;916106
2017-06-12;12.75;13.14;12.61;13.13;2228028
2017-06-09;12.93;13.05;12.65;12.71;3224173
2017-06-08;13.01;13.16;12.85;13.0;1498681
2017-06-07;13.42;13.45;12.99;13.03;1286363
2017-06-06;;13.16;13.16;13.16;0
2017-06-05;13.16;13.37;13.15;13.16;917672
2017-06-02;13.21;13.39;13.12;13.15;1393420
2017-06-01;13.14;13.43;13.12;13.4;1331332
2017-05-31;13.3;13.3;13.06;13.06;2393560
2017-05-30;13.69;13.72;13.3;13.34;1344466
2017-05-29;13.76;13.99;13.47;13.51;988915
2017-05-26;14.02;14.02;13.75;13.76;2061385
2017-05-24;14.43;14.49;14.31;14.33;303026
2017-05-23;14.31;14.49;14.16;14.43;1148558
2017-05-22;14.7;14.75;14.3;14.3;1479124
2017-05-19;14.16;14.56;14.15;14.56;1490015
2017-05-18;14.4;14.46;13.71;14.04;2964437
2017-05-17;14.46;14.69;14.11;14.5;4308394
2017-05-16;13.8;14.25;13.8;13.81;1438661
2017-05-15;13.7;14.07;13.63;14.01;2464410
2017-05-12;13.45;13.38;13.38;13.38;831646
2017-05-11;13.6;13.85;13.35;13.63;1245227
2017-05-10;13.14;13.48;13.14;13.48;1081065
2017-05-09;13.0;13.48;13.0;13.27;1344484
2017-05-08;13.3;13.39;12.95;12.98;1696497
2017-05-05;13.0;13.35;12.82;13.14;1446917
2017-05-04;13.5;13.5;13.08;13.12;1788415
2017-05-03;13.75;13.8;13.16;13.16;1749038
2017-05-02;13.91;14.06;13.75;13.76;872129
2017-05-01;;13.92;13.92;13.92;0
2017-04-28;14.1;14.17;13.9;13.92;1025376
2017-04-27;14.68;14.73;13.9;13.95;1818782
2017-04-26;14.01;14.61;14.01;14.33;1890875
2017-04-25;13.93;14.38;13.72;14.05;1391428
2017-04-24;13.98;14.0;13.67;13.84;1667819
2017-04-21;14.1;14.19;13.66;13.66;1295076
2017-04-20;14.14;14.38;14.01;14.03;845171
2017-04-19;14.17;14.55;14.1;14.27;760622
2017-04-18;14.6;14.75;14.23;14.24;1746248
2017-04-13;14.95;15.03;14.65;14.76;943634
2017-04-12;15.01;15.4;15.01;15.12;876742
2017-04-11;15.5;15.5;14.93;14.93;1454999
2017-04-10;15.45;15.66;15.32;15.66;1004532
2017-04-07;15.25;15.55;15.2;15.46;1144029
2017-04-06;15.0;15.44;14.93;15.35;1455027
2017-04-05;15.26;15.43;15.16;15.16;2251276
2017-04-04;14.88;15.12;14.63;15.1;1186482
2017-04-03;15.01;15.38;14.8;14.91;1600579
2017-03-31;15.32;15.36;14.86;15.02;1309420
2017-03-30;14.66;15.27;14.62;15.27;2458399
2017-03-29;14.19;14.5;14.16;14.5;1772425
2017-03-28;13.79;14.13;13.79;14.11;1420813
2017-03-27;14.07;14.2;13.62;13.69;2027125
2017-03-24;14.01;14.3;13.94;14.16;1532055
2017-03-23;14.0;14.2;13.86;13.96;1439373
2017-03-22;14.16;14.16;13.43;13.95;5281239
2017-03-21;14.6;14.63;14.33;14.33;1597291
2017-03-20;14.7;14.73;14.51;14.55;1051824
2017-03-17;14.46;14.98;14.37;14.73;2167034
2017-03-16;14.72;14.86;14.38;14.42;2004345
2017-03-15;14.35;14.73;14.35;14.51;1973764
2017-03-14;14.5;15.0;14.19;14.25;3835190
2017-03-13;14.85;14.95;14.52;14.62;1740818
2017-03-10;14.7;14.8;14.8;14.8;1811415
2017-03-09;15.0;15.28;14.67;14.72;3621684
2017-03-08;15.64;15.77;15.16;15.43;3590573
2017-03-07;15.87;16.19;15.7;15.76;1298139
2017-03-06;16.29;16.29;15.55;15.99;3376798
2017-03-03;16.6;16.33;16.33;16.33;1445025
2017-03-02;16.91;16.91;16.57;16.72;1341938
2017-03-01;16.96;17.04;16.85;16.91;1185592
2017-02-28;16.83;17.16;16.77;16.95;1139861
2017-02-27;17.15;17.32;16.83;16.9;1302440
2017-02-24;17.5;17.52;17.08;17.08;1224026
2017-02-23;17.5;17.79;17.25;17.46;1265666
2017-02-22;17.93;18.0;17.4;17.4;1283742
2017-02-21;17.59;17.97;17.42;17.81;2534012
2017-02-20;16.95;17.5;16.95;17.5;1632042
2017-02-17;17.05;17.15;16.9;16.93;1004837
2017-02-16;17.17;17.36;17.02;17.02;1147864
2017-02-15;17.25;17.42;17.12;17.17;1041628
2017-02-14;17.29;17.5;17.19;17.25;886691
2017-02-13;17.5;17.6;17.21;17.29;1305617
2017-02-10;17.0;17.46;16.87;17.46;1927092
2017-02-09;16.93;17.23;16.85;16.96;1201325
2017-02-08;17.17;17.17;16.91;17.0;1805306
2017-02-07;17.5;17.67;17.32;17.34;1533437
2017-02-06;17.69;17.88;17.55;17.58;1606007
2017-02-03;17.66;17.98;17.62;17.95;1661622
2017-02-02;17.63;18.1;17.55;17.59;1645108
2017-02-01;17.74;18.05;17.39;17.77;2743701
2017-01-31;16.81;17.75;16.3;17.74;5330055
2017-01-30;17.48;17.48;16.87;16.87;2100007
2017-01-27;17.77;17.8;17.4;17.49;1200570
2017-01-26;17.45;17.89;17.33;17.77;2279381
2017-01-25;17.82;17.82;17.23;17.23;2788828
2017-01-24;17.75;17.99;17.17;17.75;2936603
2017-01-23;18.4;18.43;17.66;17.75;3152705
2017-01-20;18.31;18.6;18.24;18.42;2039955
2017-01-19;18.9;19.1;18.54;18.6;3196537
2017-01-18;18.49;18.8;18.4;18.8;2607662
2017-01-17;19.5;20.0;18.35;18.43;8241045
2017-01-16;18.98;18.98;18.63;18.63;1792106
2017-01-13;18.78;19.0;18.65;18.98;2191931
2017-01-12;19.12;19.18;18.73;18.85;3098403
2017-01-11;18.49;19.2;18.15;19.15;6071708
2017-01-10;18.25;18.95;18.0;18.59;5369220
2017-01-09;18.3;18.47;17.73;18.05;2330273
2017-01-06;;18.15;18.15;18.15;0
2017-01-05;18.14;18.31;18.1;18.15;1799638
2017-01-04;18.6;18.6;18.02;18.1;4823361
2017-01-03;18.92;19.28;18.62;18.7;4751020
2017-01-02;18.24;18.9;18.14;18.81;3327143
2016-12-30;18.13;18.27;17.92;18.16;1913161
2016-12-29;18.08;18.27;17.95;18.12;3185597
2016-12-28;18.2;18.56;17.68;18.08;5930493
2016-12-27;17.2;18.19;17.2;18.15;6911515
2016-12-23;16.4;17.2;16.4;17.13;3086307
2016-12-22;16.6;16.75;16.3;16.39;2088871
2016-12-21;16.45;16.91;16.34;16.59;3588980
2016-12-20;17.3;17.59;16.5;16.61;7395461
2016-12-19;16.0;17.05;16.0;16.84;14249060
2016-12-16;14.75;15.14;14.7;15.0;2369365
2016-12-15;14.8;14.8;14.45;14.66;1606739
2016-12-14;15.22;15.25;14.84;14.89;1978958
2016-12-13;14.83;15.44;14.6;15.22;3893384
2016-12-12;14.5;14.99;14.5;14.9;3403847
2016-12-09;14.15;14.49;13.96;13.98;2282756
2016-12-08;13.69;14.28;13.42;14.12;1887677
2016-12-07;13.71;13.75;13.5;13.69;1194855
2016-12-06;13.6;13.68;13.36;13.68;1204761
2016-12-05;13.52;13.88;13.5;13.58;1576790
2016-12-02;13.64;13.69;13.42;13.64;1721823
2016-12-01;13.34;13.8;13.19;13.75;3269511
2016-11-30;12.65;13.29;12.65;13.09;3475331
2016-11-29;12.9;12.9;12.65;12.65;1105504
2016-11-28;12.93;13.06;12.8;12.9;1137322
2016-11-25;13.0;13.0;12.91;12.91;463754
2016-11-24;13.03;13.1;12.96;13.0;705892
2016-11-23;13.3;13.33;12.89;13.0;1682883
2016-11-22;13.6;13.65;13.33;13.33;1610885
2016-11-21;13.1;13.37;13.0;13.34;1315078
2016-11-18;13.17;13.17;12.98;13.0;440387
2016-11-17;13.0;13.23;12.98;13.17;895278
2016-11-16;13.6;13.9;12.9;12.95;2005075
2016-11-15;12.55;13.36;12.55;13.32;1817867
2016-11-14;12.7;12.81;12.45;12.45;894754
2016-11-11;12.85;12.96;12.6;12.66;881606
2016-11-10;13.1;13.22;12.76;12.81;1162395
2016-11-09;12.28;13.02;12.27;12.82;1522761
2016-11-08;13.1;13.2;12.9;12.93;871329
2016-11-07;12.9;13.09;12.89;13.0;1452243
2016-11-04;13.0;13.0;12.69;12.69;626018
2016-11-03;12.8;12.97;12.8;12.89;1028457
2016-11-02;12.89;12.99;12.75;12.75;1461042
2016-11-01;13.17;13.24;12.66;12.7;2075870
2016-10-31;13.7;13.7;13.11;13.11;1816770
2016-10-28;13.79;13.98;13.77;13.85;652023
2016-10-27;13.9;14.1;13.83;13.9;1168105
2016-10-26;14.3;14.32;13.85;14.06;1724241
2016-10-25;14.68;14.71;14.3;14.32;1360300
2016-10-24;14.94;15.15;14.59;14.68;1635626
2016-10-21;14.98;15.07;14.78;14.94;1115262
2016-10-20;15.5;15.54;15.1;15.1;1026036
2016-10-19;15.51;15.67;15.4;15.54;820426
2016-10-18;15.48;15.75;15.35;15.5;1118268
2016-10-17;15.39;15.56;15.28;15.49;1098298
2016-10-14;15.18;15.52;15.18;15.39;1044178
2016-10-13;15.24;15.34;14.85;15.07;1114929
2016-10-12;15.23;15.69;15.04;15.27;1512174
2016-10-11;16.05;16.46;15.01;15.22;4487864
2016-10-10;15.17;16.05;15.17;16.05;3046650
2016-10-07;14.59;15.2;14.56;15.14;3506352
2016-10-06;14.35;14.75;14.21;14.48;3382530
2016-10-05;13.97;14.1;13.82;14.09;1846145
2016-10-04;13.96;14.0;13.81;13.95;1421423
2016-10-03;13.6;13.97;13.57;13.75;1417157
2016-09-30;13.3;13.59;13.2;13.57;1763691
2016-09-29;13.33;13.53;13.23;13.4;2141824
2016-09-28;13.01;13.1;12.95;12.95;599320
2016-09-27;13.02;13.1;12.91;12.99;724404
2016-09-26;13.18;13.18;13.0;13.0;561563
2016-09-23;13.1;13.23;13.05;13.23;520317
2016-09-22;13.17;13.24;13.12;13.13;549322
2016-09-21;13.12;13.25;13.1;13.2;448245
2016-09-20;13.23;13.23;12.96;13.04;669192
2016-09-19;13.05;13.27;13.05;13.26;1108289
2016-09-16;12.75;12.95;12.61;12.8;572947
2016-09-15;12.73;12.8;12.45;12.76;626542
2016-09-14;12.6;12.95;12.51;12.72;621273
2016-09-13;12.85;12.92;12.61;12.61;368509
2016-09-12;12.99;13.0;12.71;12.78;1074828
2016-09-09;13.17;13.29;13.1;13.1;640826
2016-09-08;13.3;13.31;13.15;13.27;455336
2016-09-07;13.2;13.3;13.1;13.27;660909
2016-09-06;13.2;13.29;13.03;13.07;542259
2016-09-05;13.26;13.44;13.15;13.15;1051375
2016-09-02;13.02;13.31;13.0;13.31;639124
2016-09-01;13.14;13.3;13.02;13.02;797481
2016-08-31;13.55;13.59;13.13;13.14;1526158
2016-08-30;13.3;13.39;13.12;13.22;844862
2016-08-29;13.05;13.35;12.92;13.3;1001140
2016-08-26;12.98;13.15;12.83;13.15;583819
2016-08-25;12.92;13.03;12.7;12.97;834913
2016-08-24;13.3;13.38;12.9;12.92;1844820
2016-08-23;13.22;13.56;13.15;13.47;904721
2016-08-22;13.37;13.4;13.11;13.22;902024
2016-08-19;13.84;13.84;13.45;13.5;954590
2016-08-18;13.4;13.96;13.4;13.72;2120526
2016-08-17;13.0;13.57;12.81;13.36;2694377
2016-08-16;12.9;12.97;12.79;12.95;950720
2016-08-15;13.05;13.08;12.84;12.84;1873087
2016-08-12;12.96;13.1;12.34;12.84;2758278
2016-08-11;11.45;12.8;11.4;12.74;5761106
2016-08-10;11.55;11.6;11.44;11.56;563976
2016-08-09;11.64;11.64;11.47;11.57;559681
2016-08-08;11.59;11.67;11.46;11.56;813150
2016-08-05;11.5;11.67;11.5;11.59;618879
2016-08-04;11.51;11.62;11.45;11.5;374455
2016-08-03;11.4;11.5;11.35;11.44;378952
2016-08-02;11.51;11.62;11.4;11.4;715715
2016-08-01;11.64;11.7;11.54;11.68;471056
2016-07-29;11.82;11.86;11.6;11.64;584273
2016-07-28;11.88;11.88;11.71;11.82;374622
2016-07-27;11.75;11.93;11.72;11.88;996694
2016-07-26;11.78;11.78;11.56;11.72;628038
2016-07-25;11.74;11.8;11.65;11.66;590377
2016-07-22;11.83;11.86;11.76;11.8;499938
2016-07-21;11.97;11.98;11.83;11.91;308158
2016-07-20;12.0;12.0;11.81;11.97;739488
2016-07-19;11.95;12.0;11.8;12.0;638952
2016-07-18;11.99;12.06;11.91;11.93;645048
2016-07-15;12.1;12.1;11.92;12.05;424328
2016-07-14;12.05;12.11;11.94;11.97;623528
2016-07-13;12.05;12.09;11.95;12.06;731665
2016-07-12;11.82;12.06;11.8;11.94;601358
2016-07-11;11.81;12.01;11.81;11.87;615811
2016-07-08;11.9;11.99;11.69;11.81;815539
2016-07-07;11.76;12.21;11.76;11.94;946467
2016-07-06;12.0;12.08;11.65;11.65;799429
2016-07-05;12.2;12.2;12.0;12.02;533665
2016-07-04;12.24;12.35;12.01;12.29;508920
2016-07-01;12.34;12.34;12.11;12.12;836434
2016-06-30;12.2;12.34;11.97;12.34;1049646
2016-06-29;11.95;12.2;11.65;12.2;938387
2016-06-28;11.6;11.95;11.46;11.46;1442717
2016-06-27;11.4;12.0;11.35;11.4;1928955
2016-06-24;;12.35;12.35;12.35;0
2016-06-23;12.42;12.45;12.28;12.35;724059
2016-06-22;12.43;12.43;12.21;12.39;734494
2016-06-21;12.46;12.46;12.12;12.12;1133465
2016-06-20;12.4;12.64;12.3;12.47;763213
2016-06-17;12.08;12.4;12.08;12.29;1165920
2016-06-16;12.35;12.35;12.01;12.02;1569659
2016-06-15;12.45;12.71;12.32;12.52;1021642
2016-06-14;12.75;12.75;12.48;12.48;874821
2016-06-13;12.9;12.9;12.62;12.73;1589379
2016-06-10;13.49;13.49;13.05;13.08;990071
2016-06-09;13.7;13.74;13.43;13.49;1270823
2016-06-08;13.52;13.75;13.47;13.71;1384411
2016-06-07;13.0;13.62;13.0;13.52;1469449
2016-06-06;;13.0;13.0;13.0;0
2016-06-03;13.18;13.22;13.0;13.0;561374
2016-06-02;13.29;13.38;13.0;13.07;646036
2016-06-01;13.23;13.31;13.03;13.29;1073239
2016-05-31;13.0;13.4;12.88;13.3;2239051
2016-05-30;12.93;12.98;12.75;12.87;690836
2016-05-27;13.13;13.13;12.89;12.93;680626
2016-05-26;12.93;13.14;12.92;13.14;1757884
2016-05-25;12.65;12.89;12.48;12.85;772665
2016-05-24;12.59;12.59;12.46;12.5;613913
2016-05-23;12.75;12.8;12.5;12.59;841756
2016-05-20;12.81;13.05;12.6;12.73;1021854
2016-05-19;13.06;13.06;12.65;12.65;1407170
2016-05-18;13.29;13.51;13.16;13.22;1501013
2016-05-17;13.3;13.48;13.15;13.22;1276989
2016-05-16;12.9;13.24;12.7;13.18;1538226
2016-05-13;12.81;12.9;12.61;12.89;808615
2016-05-12;12.66;13.0;12.3;12.81;1418633
2016-05-11;12.22;12.56;11.97;12.56;1934717
2016-05-10;13.26;13.26;12.16;12.16;2016645
2016-05-09;13.25;13.45;12.75;12.75;805879
2016-05-06;13.21;13.3;13.03;13.12;679155
2016-05-05;13.45;13.5;13.17;13.19;652173
2016-05-04;13.45;13.5;13.17;13.19;652173
2016-05-03;13.75;13.94;13.39;13.45;1745511
2016-05-02;13.89;13.96;13.7;13.75;866383
2016-04-29;14.29;14.35;13.96;13.96;2086966
2016-04-28;13.7;14.23;13.5;14.17;2617276
2016-04-27;13.42;13.89;13.42;13.89;2453483
2016-04-26;13.28;13.28;13.0;13.25;994016
2016-04-25;13.48;13.5;13.22;13.28;1115912
2016-04-22;13.71;13.71;13.41;13.64;880475
2016-04-21;13.95;13.95;13.47;13.5;1400924
2016-04-20;13.46;13.74;13.16;13.74;1472838
2016-04-19;13.4;13.55;13.0;13.46;2462670
2016-04-18;12.82;13.34;12.56;13.22;2281523
2016-04-15;13.8;13.84;13.5;13.52;1061404
2016-04-14;13.87;13.95;13.6;13.78;1190917
2016-04-13;13.95;14.15;13.81;13.96;2120374
2016-04-12;13.31;13.9;13.21;13.9;1932842
2016-04-11;13.24;13.4;13.02;13.35;815991
2016-04-08;12.72;13.18;12.72;13.18;920423
2016-04-07;13.07;13.2;12.58;12.58;775390
2016-04-06;12.7;12.99;12.66;12.96;877952
2016-04-05;13.05;13.05;12.59;12.62;1273836
2016-04-04;13.53;13.55;13.09;13.22;1100935
2016-04-01;13.55;13.78;13.38;13.53;1127850
2016-03-31;13.48;13.9;13.21;13.58;1654821
2016-03-30;13.38;13.69;13.36;13.58;1285172
2016-03-29;13.0;13.33;12.91;13.33;1415229
2016-03-28;13.35;13.35;12.95;12.95;1267034
2016-03-25;13.35;13.35;12.95;12.95;1267034
2016-03-24;13.35;13.35;12.95;12.95;1267034
2016-03-23;13.65;13.98;13.4;13.45;2124700
2016-03-22;13.77;13.81;13.45;13.7;2187190
2016-03-21;13.07;13.83;12.9;13.8;3450221
2016-03-18;12.99;13.17;12.81;13.0;2919310
2016-03-17;13.0;13.02;12.7;12.96;1955480
2016-03-16;12.4;12.94;12.4;12.85;4689355
2016-03-15;12.0;12.12;11.8;11.95;1642935
2016-03-14;12.49;12.55;12.06;12.1;2376805
2016-03-11;12.3;12.55;12.0;12.46;4020244
2016-03-10;12.26;12.27;11.83;11.83;1482866
2016-03-09;11.88;12.31;11.88;12.26;1772063
2016-03-08;12.46;12.69;11.7;11.87;3381945
2016-03-07;12.15;12.4;12.11;12.4;2684867
2016-03-04;11.69;11.87;11.51;11.86;2134786
2016-03-03;11.38;11.6;11.2;11.5;1581675
2016-03-02;11.38;11.44;11.05;11.36;1428141
2016-03-01;11.06;11.35;11.02;11.23;1622406
2016-02-29;10.53;11.02;10.31;10.97;2105243
2016-02-26;10.65;10.8;10.52;10.57;1996306
2016-02-25;10.6;10.6;10.3;10.42;743767
2016-02-24;10.35;10.49;10.1;10.23;956665
2016-02-23;10.67;10.84;10.39;10.39;1034632
2016-02-22;10.44;10.74;10.4;10.71;974718
2016-02-19;10.55;10.66;10.24;10.31;1191558
2016-02-18;10.9;10.96;10.56;10.56;1823746
2016-02-17;10.45;10.89;10.31;10.88;1757601
2016-02-16;10.85;11.15;10.41;10.45;2020044
2016-02-15;10.5;10.82;10.47;10.63;1221788
2016-02-12;10.19;10.38;10.06;10.38;1894741
2016-02-11;10.05;10.05;9.75;9.85;1588618
2016-02-10;10.2;10.24;9.9;10.1;1890298
2016-02-09;10.21;10.31;9.99;10.22;1662481
2016-02-08;10.89;11.1;10.14;10.33;2246419
2016-02-05;11.0;11.11;10.72;10.75;1863990
2016-02-04;11.0;11.5;10.94;10.94;3731854
2016-02-03;10.69;11.18;10.6;10.87;1741773
2016-02-02;11.13;11.2;10.6;10.73;1516022
2016-02-01;11.97;11.97;11.21;11.3;2106701
2016-01-29;11.82;11.94;11.41;11.9;2909485
2016-01-28;10.45;11.6;10.45;11.3;3137864
2016-01-27;10.38;10.56;10.24;10.53;1145591
2016-01-26;10.01;10.55;9.8;10.49;1421361
2016-01-25;10.75;10.75;10.19;10.27;1401972
2016-01-22;10.02;10.42;10.01;10.38;3219589
2016-01-21;9.4;9.8;9.385;9.725;1691915
2016-01-20;9.665;9.85;9.265;9.35;1728165
2016-01-19;9.9;10.3;9.9;9.99;1476867
2016-01-18;9.84;9.96;9.405;9.68;1604633
2016-01-15;10.27;10.27;9.86;9.94;2003475
2016-01-14;10.1;10.49;9.85;10.38;2131881
2016-01-13;10.25;10.44;10.15;10.2;1926725
2016-01-12;10.5;10.71;10.1;10.14;2937031
2016-01-11;11.4;11.67;10.76;10.76;1912921
2016-01-08;11.91;12.06;11.35;11.37;1439881
2016-01-07;12.1;12.1;11.5;11.83;2735264
2016-01-06;;12.92;12.92;12.92;0
2016-01-05;12.7;12.92;12.52;12.92;1094536
2016-01-04;11.95;12.96;11.71;12.61;2645271
2016-01-01;;11.91;11.91;11.91;0
2015-12-31;;11.91;11.91;11.91;0
2015-12-30;12.18;12.19;11.91;11.91;1909894
2015-12-29;12.2;12.34;12.1;12.18;1779765
2015-12-28;12.45;12.6;12.2;12.22;1305050
2015-12-25;12.19;12.49;12.06;12.49;2201156
2015-12-24;12.19;12.49;12.06;12.49;2201156
2015-12-23;12.19;12.49;12.06;12.49;2201156
2015-12-22;12.14;12.28;12.01;12.16;929375
2015-12-21;12.0;12.5;11.96;12.21;2241458
2015-12-18;11.84;12.12;11.59;12.05;1649774
2015-12-17;12.0;12.0;11.8;11.89;2000505
2015-12-16;12.22;12.29;11.74;11.75;2145104
2015-12-15;11.39;12.2;11.3;12.17;4665850
2015-12-14;11.1;11.14;10.68;10.69;2281659
2015-12-11;11.94;11.94;11.21;11.27;1759094
2015-12-10;11.92;11.96;11.66;11.79;1302418
2015-12-09;11.87;11.99;11.58;11.92;1650679
2015-12-08;12.03;12.1;11.6;11.81;2766732
2015-12-07;12.77;12.77;11.75;12.03;3165611
2015-12-04;12.99;13.25;12.75;12.77;2264654
2015-12-03;13.1;13.15;12.96;13.0;1411741
2015-12-02;12.9;13.34;12.8;13.15;2352379
2015-12-01;12.93;13.1;12.76;13.1;1499996
2015-11-30;12.73;12.95;12.6;12.94;1965865
2015-11-27;12.5;12.77;12.41;12.7;1181369
2015-11-26;12.75;12.86;12.53;12.57;1567117
2015-11-25;12.96;12.96;12.45;12.7;4047552
2015-11-24;12.98;13.08;12.76;12.96;2408424
2015-11-23;12.75;13.1;12.5;12.85;2322223
2015-11-20;13.1;13.28;12.86;12.87;2023420
2015-11-19;12.9;13.35;12.7;13.05;3289840
2015-11-18;12.5;13.12;12.32;12.91;2036423
2015-11-17;12.85;12.99;12.45;12.56;2852285
2015-11-16;13.08;13.39;12.85;12.85;1715905
2015-11-13;12.85;13.4;12.81;13.07;2073276
2015-11-12;13.5;13.56;12.86;13.1;3174316
2015-11-11;14.2;14.44;13.67;13.68;4370034
2015-11-10;14.15;14.4;13.51;13.84;6908192
2015-11-09;16.0;16.5;13.92;14.08;24256342
2015-11-06;11.1;11.19;10.93;11.12;1168078
2015-11-05;11.42;11.42;11.03;11.07;1640578
2015-11-04;11.7;12.22;11.38;11.43;3192012
2015-11-03;10.6;11.67;10.6;11.65;3539175
2015-11-02;10.7;10.71;10.5;10.6;1239885
2015-10-30;10.65;10.75;10.33;10.66;968973
2015-10-29;10.8;10.8;10.24;10.63;2848635
2015-10-28;10.8;10.94;10.4;10.79;3650887
2015-10-27;11.28;11.28;10.69;10.69;2279982
2015-10-26;11.52;11.7;11.31;11.34;1141083
2015-10-23;11.84;11.92;11.47;11.51;1874251
2015-10-22;11.55;11.82;11.39;11.76;1368261
2015-10-21;11.7;11.91;11.4;11.59;1203042
2015-10-20;12.33;12.33;11.66;11.74;1963493
2015-10-19;12.68;12.7;12.19;12.19;744516
2015-10-16;12.71;12.78;12.54;12.65;1007975
2015-10-15;12.4;12.68;12.32;12.48;1027770
2015-10-14;12.48;12.61;12.01;12.29;1871083
2015-10-13;12.69;12.8;12.17;12.56;2589570
2015-10-12;12.93;13.38;12.81;12.84;2777021
2015-10-09;13.53;13.55;12.78;12.96;3817304
2015-10-08;12.85;13.1;12.4;12.9;2583605
2015-10-07;12.37;13.51;12.37;12.85;8546445
2015-10-06;11.57;12.1;10.9;12.1;3857522
2015-10-05;10.62;11.49;10.56;11.49;2963487
2015-10-02;10.07;10.49;10.0;10.38;2170552
2015-10-01;9.86;10.25;9.85;10.07;1894278
2015-09-30;9.6;9.95;9.6;9.8;1564169
2015-09-29;9.68;9.77;9.47;9.58;2120802
2015-09-28;9.895;10.36;9.73;9.81;2132227
2015-09-25;9.605;9.82;9.605;9.78;1316690
2015-09-24;9.905;9.96;9.37;9.445;3394810
2015-09-23;10.12;10.27;9.865;9.905;1405784
2015-09-22;10.17;10.25;9.895;10.12;1269692
2015-09-21;10.38;10.4;10.18;10.27;734350
2015-09-18;10.44;10.47;10.16;10.4;1106101
2015-09-17;10.35;10.58;10.31;10.52;1289497
2015-09-16;10.0;10.57;10.0;10.34;2120802
2015-09-15;10.1;10.1;9.73;9.87;2998884
2015-09-14;10.56;10.63;10.15;10.17;1248576
2015-09-11;10.64;10.75;10.43;10.5;1777318
2015-09-10;10.92;10.92;10.56;10.63;1807597
2015-09-09;11.3;11.4;11.02;11.08;1291945
2015-09-08;11.25;11.4;11.0;11.08;1678474
2015-09-07;11.54;11.6;11.25;11.25;560718
2015-09-04;11.49;11.67;11.21;11.36;1111576
2015-09-03;11.5;11.74;11.33;11.67;2084129
2015-09-02;12.07;12.19;11.3;11.33;3628344
2015-09-01;12.75;12.84;12.24;12.29;2280703
2015-08-31;12.71;12.77;12.11;12.37;1279059
2015-08-28;12.2;12.7;12.04;12.7;3094015
2015-08-27;11.6;11.89;11.41;11.82;2251094
2015-08-26;11.1;11.43;10.85;11.13;2055700
2015-08-25;10.8;11.53;10.8;11.2;2584143
2015-08-24;11.55;11.58;10.6;10.8;5206057
2015-08-21;12.6;12.6;12.24;12.37;2033729
2015-08-20;12.9;12.96;12.76;12.76;1724665
2015-08-19;13.24;13.25;12.91;12.96;2372140
2015-08-18;13.0;13.09;12.88;13.02;1324621
2015-08-17;12.86;13.04;12.71;13.02;1564840
2015-08-14;13.01;13.03;12.78;12.85;1592024
2015-08-13;12.84;12.95;12.69;12.93;1678681
2015-08-12;12.85;13.0;12.7;12.7;1726163
2015-08-11;13.03;13.08;12.72;12.72;2521898
2015-08-10;13.07;13.08;12.84;13.02;2577072
2015-08-07;12.93;13.0;12.84;12.98;1049732
2015-08-06;12.99;12.99;12.66;12.77;1240447
2015-08-05;12.91;13.07;12.69;13.07;1272601
2015-08-04;12.61;13.05;12.55;12.86;1265700
2015-08-03;12.98;12.98;12.65;12.72;2031798
2015-07-31;13.28;13.28;12.9;13.07;1708856
2015-07-30;13.32;13.63;12.95;13.36;2516064
2015-07-29;12.7;13.34;12.59;13.28;4176042
2015-07-28;12.3;12.53;12.07;12.37;3046230
2015-07-27;13.0;13.0;12.38;12.4;3347702
2015-07-24;13.63;13.76;13.02;13.03;2317626
2015-07-23;14.11;14.11;13.62;13.63;1489579
2015-07-22;14.18;14.34;13.91;13.95;1548779
2015-07-21;14.02;14.09;13.9;13.99;753593
2015-07-20;14.04;14.13;13.92;14.0;1105772
2015-07-17;14.03;14.15;13.95;14.03;860287
2015-07-16;14.2;14.2;13.96;13.96;1804103
2015-07-15;14.52;14.55;14.06;14.12;1122120
2015-07-14;14.7;14.71;14.3;14.42;1593357
2015-07-13;14.83;14.88;14.43;14.76;1909532
2015-07-10;15.06;15.06;14.6;14.73;2255375
2015-07-09;13.78;14.4;13.52;14.4;2651769
2015-07-08;13.29;13.58;13.04;13.45;2866347
2015-07-07;13.85;14.09;13.04;13.04;3483536
2015-07-06;14.0;14.19;13.8;13.85;2079343
2015-07-03;14.95;14.95;14.3;14.38;1344039
2015-07-02;14.62;14.99;14.3;14.89;1793110
2015-07-01;15.07;15.38;14.56;14.59;2617131
2015-06-30;14.3;15.1;14.3;15.0;2107723
2015-06-29;14.6;14.8;14.05;14.24;2464293
2015-06-26;15.15;15.18;15.01;15.03;698249
2015-06-25;15.55;15.55;15.14;15.14;665799
2015-06-24;15.5;15.57;15.32;15.41;1015724
2015-06-23;15.06;15.47;15.06;15.36;1361933
2015-06-22;15.6;15.64;15.0;15.06;1315600
2015-06-19;;15.2;15.2;15.2;0
2015-06-18;15.29;15.5;15.05;15.2;1118353
2015-06-17;15.73;15.98;15.22;15.36;993400
2015-06-16;15.45;15.61;14.95;15.44;1301055
2015-06-15;16.0;16.0;15.45;15.45;1595159
2015-06-12;16.52;16.52;15.95;16.1;1610145
2015-06-11;17.14;17.19;16.5;16.5;1543212
2015-06-10;16.52;17.3;16.5;17.14;2278980
2015-06-09;16.25;16.73;16.03;16.4;2112072
2015-06-08;16.36;16.55;15.89;15.96;1697868
2015-06-05;16.64;16.64;15.86;16.36;2713844
2015-06-04;17.18;17.18;16.62;16.68;1603001
2015-06-03;17.46;17.46;17.18;17.18;1183762
2015-06-02;17.52;17.7;17.23;17.44;1005782
2015-06-01;17.98;17.98;17.5;17.5;1679446
2015-05-29;17.4;17.94;17.37;17.94;2750050
2015-05-28;17.54;17.69;17.2;17.38;1342306
2015-05-27;17.49;17.81;17.47;17.58;1184850
2015-05-26;17.99;18.0;17.42;17.46;1939757
2015-05-25;18.2;18.2;17.8;17.99;692145
2015-05-22;18.25;18.25;17.93;18.0;1527835
2015-05-21;17.97;18.08;17.8;18.03;1507514
2015-05-20;17.61;17.9;17.61;17.87;1519055
2015-05-19;18.27;18.27;17.6;17.6;2088524
2015-05-18;18.31;18.36;18.06;18.17;2336144
2015-05-15;18.4;18.49;18.06;18.18;1998087
2015-05-14;17.9;18.2;17.9;18.06;1112035
2015-05-13;17.9;18.2;17.9;18.06;1112035
2015-05-12;17.7;17.92;17.26;17.83;2044284
2015-05-11;18.2;18.3;17.7;17.7;2009035
2015-05-08;17.9;18.32;17.31;18.03;2554559
2015-05-07;18.92;18.92;17.9;18.08;3609075
2015-05-06;18.44;19.09;18.35;18.97;5108199
2015-05-05;17.93;18.5;17.77;18.21;3399031
2015-05-04;17.1;18.1;16.62;17.77;4653623
2015-05-01;18.4;18.5;17.86;18.15;3704155
2015-04-30;18.4;18.5;17.86;18.15;3704155
2015-04-29;17.92;18.1;17.55;18.02;2250990
2015-04-28;18.0;18.02;17.83;18.0;1872011
2015-04-27;18.02;18.18;17.82;17.91;2244921
2015-04-24;18.2;18.3;17.9;18.09;3809871
2015-04-23;17.22;18.15;16.7;17.92;4748481
2015-04-22;17.69;17.69;17.08;17.22;3680358
2015-04-21;18.2;18.2;17.81;17.98;3049983
2015-04-20;18.0;18.34;17.8;18.2;4304038
2015-04-17;17.5;17.8;17.0;17.6;4747932
2015-04-16;18.1;18.46;17.02;17.1;11103166
2015-04-15;16.61;17.82;16.5;17.82;10241709
2015-04-14;14.92;16.24;14.92;16.24;11863144
2015-04-13;14.13;14.64;14.1;14.6;3774834
2015-04-10;13.99;14.29;13.75;14.03;4243092
2015-04-09;13.1;13.5;13.08;13.47;1899087
2015-04-08;13.5;14.35;12.93;13.07;5319986
2015-04-07;13.1;13.46;12.89;13.44;3008906
2015-04-02;12.75;12.9;12.65;12.68;742302
2015-04-01;12.54;12.9;12.35;12.7;1915410
2015-03-31;12.7;12.7;12.02;12.58;4098944
2015-03-30;13.43;13.43;12.67;12.7;3505537
2015-03-27;13.7;13.7;13.46;13.46;1763960
2015-03-26;13.72;13.9;13.51;13.59;2449069
2015-03-25;13.7;13.75;13.47;13.53;2042145
2015-03-24;13.7;13.84;13.58;13.66;1782893
2015-03-23;13.8;14.1;13.57;13.65;2707879
2015-03-20;14.0;14.18;13.67;13.72;2794656
2015-03-19;14.4;14.45;13.95;13.97;2318012
2015-03-18;13.85;14.28;13.75;13.96;2616957
2015-03-17;13.68;14.71;13.5;14.15;6135632
2015-03-16;14.2;14.2;13.57;13.91;4076827
2015-03-13;15.5;15.7;14.1;14.26;7102912
2015-03-12;15.74;15.99;15.5;15.52;2444659
2015-03-11;16.01;16.3;15.61;15.89;2764540
2015-03-10;16.7;16.7;16.25;16.34;1942283
2015-03-09;16.75;16.88;16.44;16.79;1276531
2015-03-06;16.85;16.85;16.6;16.85;1090462
2015-03-05;16.77;16.91;16.63;16.79;1594800
2015-03-04;16.52;16.85;16.33;16.61;2876374
2015-03-03;16.5;16.59;16.22;16.38;1939645
2015-03-02;16.22;16.9;16.11;16.37;4032636
2015-02-27;15.9;16.32;15.72;16.05;3011392
2015-02-26;16.28;16.72;16.24;16.65;2402899
2015-02-25;16.22;16.55;16.01;16.1;2450641
2015-02-24;16.35;17.0;15.95;16.59;4762903
2015-02-23;17.45;17.45;16.26;16.5;4897628
2015-02-20;17.4;17.68;17.2;17.26;2735026
2015-02-19;17.8;17.89;17.14;17.28;5194860
2015-02-18;18.46;18.49;17.9;18.18;4584456
2015-02-17;19.33;19.36;18.01;18.11;6094400
2015-02-16;19.31;19.52;18.89;19.32;5476851
2015-02-13;19.7;19.86;18.8;18.8;15430373
2015-02-12;19.82;21.35;19.82;20.56;9771200
2015-02-11;19.65;20.42;19.22;19.82;6605298
2015-02-10;22.11;22.97;20.21;20.54;12744876
2015-02-09;19.53;21.94;18.9;21.82;8978691
2015-02-06;19.2;19.57;18.9;19.45;5624176
2015-02-05;17.2;18.7;16.86;18.7;6015790
2015-02-04;18.7;19.46;17.2;17.69;8098918
2015-02-03;17.2;18.58;17.16;18.58;8742009
2015-02-02;16.75;16.8;16.15;16.64;4867608
2015-01-30;15.45;15.5;15.2;15.48;1438428
2015-01-29;15.64;15.65;15.05;15.05;2094256
2015-01-28;16.01;16.18;15.81;15.85;1015000
2015-01-27;16.0;16.09;15.65;15.86;1086855
2015-01-26;16.35;16.35;15.4;16.0;3161572
2015-01-23;17.96;18.1;16.61;16.69;4539956
2015-01-22;17.2;18.59;17.2;17.97;5635458
2015-01-21;16.88;17.1;16.5;17.0;1330378
2015-01-20;17.0;17.2;16.6;16.71;1451419
2015-01-19;16.91;17.16;16.75;17.01;1157863
2015-01-16;16.57;16.95;16.35;16.69;1690883
2015-01-15;17.4;17.72;16.51;16.7;3311159
2015-01-14;16.4;17.0;16.35;16.6;2080620
2015-01-13;16.38;16.54;16.08;16.33;1869093
2015-01-12;16.3;16.69;16.15;16.37;2672140
2015-01-09;16.05;16.27;15.91;15.95;1585131
2015-01-08;16.11;16.24;15.85;16.05;1900437
2015-01-07;15.45;16.25;15.4;15.65;3883765
2015-01-06;;16.75;16.75;16.75;0
2015-01-05;16.95;17.26;16.62;16.75;1102015
2015-01-02;17.0;17.38;16.75;16.91;2612695
2015-01-01;17.27;17.3;16.8;17.1;3991937
2014-12-30;17.27;17.3;16.8;17.1;3991937
2014-12-29;17.0;17.59;17.0;17.56;4629228
2014-12-23;16.55;16.64;16.05;16.45;2657964
2014-12-22;16.22;17.1;16.21;16.5;5769356
2014-12-19;15.73;16.18;15.47;15.94;4470066
2014-12-18;15.76;16.43;15.36;15.81;9444526
2014-12-17;14.15;15.11;13.9;15.1;4339846
2014-12-16;13.4;14.44;13.39;14.44;4208082
2014-12-15;13.62;14.63;13.45;13.45;4390831
2014-12-12;13.82;13.82;12.82;13.7;8389732
2014-12-11;15.2;15.2;14.05;14.29;6306664
2014-12-10;15.6;16.08;15.12;15.35;4059047
2014-12-09;16.63;16.69;15.48;15.5;5728798
2014-12-08;17.85;17.99;16.93;17.0;1935402
2014-12-05;18.4;18.44;17.75;17.9;1530823
2014-12-04;18.5;18.98;17.82;18.27;2271243
2014-12-03;17.4;18.59;17.38;18.43;5733181
2014-12-02;17.66;18.1;17.0;17.3;4681238
2014-12-01;19.6;19.61;17.13;17.3;10118864
2014-11-28;22.57;22.57;19.6;20.21;8229545
2014-11-27;23.2;23.2;22.66;22.85;957424
2014-11-26;23.29;23.35;22.95;23.11;1266760
2014-11-25;23.43;23.59;23.2;23.4;1174930
2014-11-24;22.98;23.3;22.95;23.27;821370
2014-11-21;23.1;23.38;22.75;22.87;1181267
2014-11-20;23.4;23.41;22.95;23.0;1174138
2014-11-19;23.65;23.75;23.42;23.56;518440
2014-11-18;23.56;23.79;23.5;23.6;854917
2014-11-17;23.9;23.95;23.5;23.56;1261647
2014-11-14;22.9;23.78;22.8;23.6;1473744
2014-11-13;22.9;23.3;22.6;22.95;1334924
2014-11-12;23.0;23.46;22.72;22.88;1624297
2014-11-11;23.15;23.35;22.71;23.03;2313508
2014-11-10;23.85;24.25;23.41;23.63;2016589
2014-11-07;22.9;23.85;22.53;23.69;1943596
2014-11-06;22.8;23.37;22.22;22.7;2025949
2014-11-05;22.1;23.34;22.1;22.8;2131398
2014-11-04;23.8;23.8;22.04;22.1;1901829
2014-11-03;23.7;23.99;23.62;23.8;917657
2014-10-31;23.7;23.99;23.45;23.8;981637
2014-10-30;23.5;23.94;23.4;23.7;1794980
2014-10-29;23.49;24.13;23.04;23.82;3795802
2014-10-28;23.2;23.59;22.9;23.23;2058942
2014-10-24;23.7;24.09;22.6;22.82;5160824
2014-10-23;27.75;27.75;24.0;24.16;5289306
2014-10-22;29.2;29.2;28.01;28.5;1068155
2014-10-21;26.7;29.19;26.65;28.7;1918999
2014-10-20;26.58;26.99;26.1;26.6;960451
2014-10-17;25.2;26.74;25.16;26.4;2235250
2014-10-16;24.64;25.37;22.91;25.0;3079842
2014-10-15;27.0;27.25;24.7;24.7;3225273
2014-10-14;27.5;28.44;26.75;27.38;2014987
2014-10-13;28.8;28.8;27.65;27.8;1359311
2014-10-10;30.45;30.45;28.41;29.4;1764382
2014-10-09;30.6;30.85;30.22;30.8;1311970
2014-10-08;30.0;30.35;29.3;30.23;1109243
2014-10-07;30.42;30.5;29.1;30.3;1162635
2014-10-06;30.5;30.58;29.58;30.4;1620746
2014-10-03;29.09;30.49;28.71;30.31;2320167
2014-10-02;31.0;31.0;28.22;28.45;3582830
2014-10-01;32.15;32.66;31.0;31.15;1573074
2014-09-30;30.2;31.95;30.1;31.75;3315260
2014-09-29;31.15;31.28;29.3;29.85;3317058
2014-09-26;31.8;32.0;30.5;30.6;3195013
2014-09-25;33.0;33.19;31.5;31.5;5129198
2014-09-24;35.11;35.3;32.1;32.4;3290739
2014-09-23;36.01;36.1;34.85;34.94;2112933
2014-09-22;38.1;38.1;36.32;36.32;1719128
2014-09-19;37.67;38.49;36.7;38.0;1944774
2014-09-18;39.58;39.58;37.65;37.65;1499633
2014-09-17;38.89;39.52;38.72;39.5;731746
2014-09-16;40.42;40.42;37.86;38.7;3224841
2014-09-15;39.5;40.88;39.1;40.2;1016218
2014-09-12;39.75;40.0;39.02;39.55;865256
2014-09-11;41.35;41.57;39.21;39.6;1322011
2014-09-10;42.2;42.5;41.13;41.13;762960
2014-09-09;43.03;43.03;42.3;42.91;826874
2014-09-08;43.44;43.54;42.78;43.03;730767
2014-09-05;43.5;43.59;42.62;43.55;634965
2014-09-04;44.1;44.14;43.31;43.66;733344
2014-09-03;44.15;44.35;44.0;44.13;397904
2014-09-02;44.0;44.2;43.8;44.0;559831
2014-09-01;43.8;43.94;43.2;43.94;351252
2014-08-29;43.5;44.0;42.7;43.5;676180
2014-08-28;42.5;43.67;41.4;43.1;1207716
2014-08-27;40.8;41.75;40.42;41.75;561074
2014-08-26;42.2;42.2;40.81;40.9;936687
2014-08-25;43.2;43.45;42.26;42.26;417575
2014-08-22;43.6;44.17;43.02;43.02;393109
2014-08-21;43.5;43.88;43.4;43.45;323509
2014-08-20;42.7;43.42;42.7;43.42;543222
2014-08-19;42.7;42.75;42.1;42.63;394380
2014-08-18;42.2;43.0;42.0;42.5;538851
2014-08-15;42.2;43.0;41.7;42.0;881696
2014-08-14;40.4;42.6;39.99;42.23;1622118
2014-08-13;41.6;41.99;40.42;40.53;799350
2014-08-12;40.9;42.3;40.5;41.48;1080891
2014-08-11;38.9;40.4;38.86;40.32;1195265
2014-08-08;38.8;38.8;38.05;38.59;939731
2014-08-07;39.2;40.0;38.62;38.81;787159
2014-08-06;39.66;40.0;38.2;38.69;2145159
2014-08-05;41.2;41.21;40.36;40.57;602021
2014-08-04;41.5;42.05;41.2;41.21;611759
2014-08-01;43.0;43.23;41.17;41.3;1129065
2014-07-31;44.32;44.5;43.27;43.27;453774
2014-07-30;45.4;45.4;44.4;44.59;469492
2014-07-29;45.2;45.79;45.2;45.4;320696
2014-07-28;45.1;45.8;45.05;45.19;349130
2014-07-25;45.2;45.79;45.05;45.49;430324
2014-07-24;45.2;45.85;45.2;45.45;512350
2014-07-23;44.9;45.38;44.65;45.05;573324
2014-07-22;44.09;44.87;43.7;44.83;333461
2014-07-21;43.95;44.0;42.85;44.0;595534
2014-07-18;43.81;44.6;43.51;44.0;385795
2014-07-17;44.13;44.3;43.85;43.85;347353
2014-07-16;44.65;45.2;44.24;44.57;594518
2014-07-15;43.57;44.69;43.5;44.5;955078
2014-07-14;43.8;43.9;42.2;43.4;2226683
2014-07-11;44.5;44.58;43.91;44.15;294546
2014-07-10;45.0;45.0;44.0;44.35;643997
2014-07-09;44.66;45.06;44.55;44.9;412953
2014-07-08;45.9;45.9;44.45;44.66;1318055
2014-07-07;46.51;46.8;46.26;46.3;1033504
2014-07-04;46.82;46.82;46.4;46.51;421865
2014-07-03;45.5;47.0;45.46;47.0;1073626
2014-07-02;45.0;45.95;44.95;45.65;1710113
2014-07-01;45.9;46.2;44.6;45.6;2140272
2014-06-30;46.4;46.9;45.3;46.5;1275172
2014-06-27;46.3;47.6;46.3;46.6;1275092
2014-06-26;45.8;46.1;45.4;45.9;903688
2014-06-25;47.5;47.6;44.8;45.6;2739459
2014-06-24;48.8;49.4;47.3;47.4;3546576
2014-06-23;48.2;48.3;46.4;47.6;1405351
2014-06-20;;47.0;47.0;47.0;0
2014-06-19;46.2;47.0;46.0;47.0;794563
2014-06-18;46.0;46.7;46.0;46.5;892151
2014-06-17;46.4;46.6;45.2;46.1;1661996
2014-06-16;48.0;48.1;46.3;46.4;910225
2014-06-13;48.5;48.5;48.0;48.0;817461
2014-06-12;48.9;48.9;48.1;48.5;517577
2014-06-11;48.8;49.0;48.1;48.9;665354
2014-06-10;49.2;49.2;48.7;49.1;765804
2014-06-09;48.6;49.3;48.5;49.3;1070775
2014-06-06;;48.5;48.5;48.5;0
2014-06-05;48.3;48.7;48.0;48.5;853966
2014-06-04;48.4;48.4;48.0;48.0;1116436
2014-06-03;47.8;48.5;47.5;48.5;1417500
2014-06-02;48.0;48.1;47.4;47.7;1231963
2014-05-30;47.7;47.8;47.1;47.4;991427
2014-05-28;47.3;47.7;46.9;47.7;423754
2014-05-27;47.6;48.1;47.2;47.2;1655133
2014-05-26;47.6;48.5;47.0;47.2;1011705
2014-05-23;45.7;47.8;45.4;47.1;4657379
2014-05-22;49.0;49.3;48.0;48.1;1822032
2014-05-21;50.0;50.25;49.2;49.5;4012224
2014-05-20;50.75;51.5;50.25;50.75;1212942
2014-05-19;51.75;52.0;50.25;50.75;1750235
2014-05-16;51.75;52.25;51.5;51.5;2876140
2014-05-15;50.5;52.0;49.9;51.5;2687232
2014-05-14;52.5;53.25;51.75;53.0;973327
2014-05-13;53.0;53.0;52.5;52.5;767830
2014-05-12;53.0;53.75;52.0;52.75;1506585
2014-05-09;52.5;53.0;52.0;53.0;2133009
2014-05-08;53.5;54.5;52.5;52.75;1941442
2014-05-07;51.25;53.75;51.25;53.5;2677611
2014-05-06;51.25;52.0;50.75;51.25;1251188
2014-05-05;51.25;51.5;50.0;51.0;1426182
2014-05-02;49.7;50.75;49.6;50.75;994854
2014-05-01;;49.6;49.6;49.6;0
2014-04-30;49.1;49.9;48.9;49.6;718448
2014-04-29;49.0;49.5;48.2;49.0;1149083
2014-04-28;48.4;49.6;48.3;48.8;837868
2014-04-25;48.3;49.4;47.6;48.7;1000748
2014-04-24;48.1;49.2;47.7;48.3;1288841
2014-04-23;46.1;48.2;45.8;48.0;1619683
2014-04-22;45.1;45.7;45.1;45.7;598563
2014-04-17;45.4;45.5;44.8;45.0;739590
2014-04-16;45.0;45.3;44.6;44.8;815289
2014-04-15;45.3;46.2;44.5;44.5;1150961
2014-04-14;44.4;45.9;43.5;45.2;1250035
2014-04-11;44.7;44.7;43.4;44.4;1164061
2014-04-10;45.4;45.5;44.8;45.0;747464
2014-04-09;45.4;45.6;45.0;45.3;975233
2014-04-08;45.9;45.9;44.6;44.8;1366782
2014-04-07;45.9;45.9;44.8;45.6;1819422
2014-04-04;45.2;46.7;44.6;45.9;5597418
2014-04-03;46.0;46.3;44.8;45.0;3259406
2014-04-02;46.2;46.3;45.0;45.6;3254672
2014-04-01;43.8;46.5;43.7;46.1;6677870
2014-03-31;43.8;44.2;42.7;43.4;2937568
2014-03-28;44.5;45.3;42.0;43.3;7325178
2014-03-27;47.0;47.0;44.3;44.3;5663302
2014-03-26;50.5;51.0;49.8;49.8;858184
2014-03-25;50.5;51.25;50.0;50.25;768744
2014-03-24;51.25;51.75;50.25;50.25;832460
2014-03-21;50.75;52.0;50.5;52.0;1100340
2014-03-20;51.25;51.25;50.0;50.5;788714
2014-03-19;51.0;52.5;50.5;51.5;1462216
2014-03-18;50.5;51.5;50.25;50.5;1541807
2014-03-17;50.0;50.25;49.6;50.25;775595
2014-03-14;49.5;50.5;49.1;49.8;1060617
2014-03-13;51.25;52.0;49.8;49.8;1656112
2014-03-12;51.5;52.0;51.0;51.75;1293864
2014-03-11;52.0;52.75;51.5;51.75;3732726
2014-03-10;51.75;52.0;49.7;50.75;928496
2014-03-07;52.5;52.5;50.75;51.5;580789
2014-03-06;51.25;52.75;51.0;52.75;837591
2014-03-05;51.5;51.75;50.25;51.25;1341097
2014-03-04;49.0;50.25;49.0;50.25;709153
2014-03-03;49.2;49.5;48.4;48.4;1129055
2014-02-28;50.0;50.75;49.8;50.75;454507
2014-02-27;49.6;50.25;49.5;49.8;1413859
2014-02-26;50.0;51.0;49.8;50.25;1065024
2014-02-25;51.5;51.75;50.5;50.75;450051
2014-02-24;52.5;52.5;51.5;51.75;781839
2014-02-21;52.5;53.25;52.25;52.5;1230424
2014-02-20;51.0;52.75;50.75;52.75;963846
2014-02-19;49.3;52.25;49.2;51.5;1026332
2014-02-18;49.3;49.7;48.9;49.7;328734
2014-02-17;49.5;49.9;49.2;49.3;348227
2014-02-14;49.5;49.8;48.9;49.8;1006720
2014-02-13;48.0;49.2;47.5;49.2;1834479
2014-02-12;48.8;50.25;48.4;49.0;2598081
2014-02-11;47.4;48.4;47.3;47.8;722628
2014-02-10;48.6;48.7;47.2;47.8;1128294
2014-02-07;48.6;48.8;47.2;47.7;1127812
2014-02-06;47.3;48.9;46.5;48.9;1563684
2014-02-05;49.3;49.7;46.7;47.2;1647066
2014-02-04;48.3;49.3;47.1;48.6;1057639
2014-02-03;48.5;49.0;47.7;48.2;1074826
2014-01-31;48.3;48.5;46.5;47.8;2415778
2014-01-30;49.3;49.5;48.1;48.8;1783442
2014-01-29;51.0;51.0;49.3;49.6;1390421
2014-01-28;50.5;51.25;49.4;50.0;765660
2014-01-27;51.0;51.0;49.4;50.5;1745439
2014-01-24;53.5;54.25;51.0;51.25;1254496
2014-01-23;54.25;55.0;53.25;53.5;1187603
2014-01-22;53.5;54.75;52.5;53.75;1356881
2014-01-21;55.25;55.25;52.75;53.0;2748289
2014-01-20;56.75;57.0;55.75;55.75;774769
2014-01-17;57.25;57.5;56.5;56.5;1148134
2014-01-16;58.0;58.25;56.0;57.0;3988866
2014-01-15;61.25;61.5;57.75;58.5;7094408
2014-01-14;56.75;57.0;55.75;56.75;1667418
2014-01-13;57.75;58.25;57.25;57.5;620848
2014-01-10;58.25;59.25;57.5;57.75;1678031
2014-01-09;58.25;59.25;57.5;58.0;1648859
2014-01-08;58.0;58.75;57.75;58.75;1005441
2014-01-07;57.0;57.5;56.25;57.25;1009344
2014-01-06;;57.0;57.0;57.0;0
2014-01-03;57.0;57.5;56.75;57.0;735517
2014-01-02;56.0;57.5;56.0;56.75;1065901
2013-12-31;;55.75;55.75;55.75;0
2013-12-30;55.0;55.75;54.5;55.75;750184
2013-12-27;54.0;55.25;54.0;54.5;529393
2013-12-23;52.75;54.0;52.25;53.75;558094
2013-12-20;52.75;53.0;51.75;52.75;909578
2013-12-19;53.0;53.25;52.25;52.5;1128852
2013-12-18;53.0;53.25;51.75;51.75;962585
2013-12-17;53.0;53.25;51.75;52.75;1965244
2013-12-16;53.25;54.0;52.75;53.0;1316327
2013-12-13;52.75;54.25;52.75;53.0;1793026
2013-12-12;54.0;54.25;52.75;53.0;1884892
2013-12-11;55.25;55.5;54.25;54.25;2000763
2013-12-10;55.5;56.25;54.5;56.0;3828380
2013-12-09;57.0;58.5;55.0;55.5;8663193
2013-12-06;61.0;62.0;61.0;61.0;641599
2013-12-05;60.75;61.5;60.5;60.75;842575
2013-12-04;61.5;62.0;60.5;60.75;925617
2013-12-03;62.75;63.25;61.0;61.5;1170178
2013-12-02;63.5;64.25;63.0;63.0;794040
2013-11-29;64.75;64.75;63.25;63.25;672131
2013-11-28;64.5;64.75;64.25;64.75;580777
2013-11-27;64.75;65.75;64.5;64.75;948878
2013-11-26;65.0;65.5;64.25;64.5;1437934
2013-11-25;64.5;66.75;64.25;65.0;4129637
2013-11-22;62.75;64.5;62.25;64.0;3232603
2013-11-21;58.0;59.75;57.75;59.75;1464352
2013-11-20;57.0;58.25;57.0;58.0;1040817
2013-11-19;56.5;57.0;56.0;56.75;407837
2013-11-18;56.0;56.75;55.5;56.75;563169
2013-11-15;56.25;57.0;55.75;55.75;874395
2013-11-14;55.75;57.25;55.0;56.25;1258638
2013-11-13;55.5;55.75;55.0;55.25;1733595
2013-11-12;54.75;55.5;54.75;55.0;522258
2013-11-11;55.0;55.75;55.0;55.25;582940
2013-11-08;54.5;55.5;54.25;54.5;871824
2013-11-07;53.75;56.5;53.5;55.0;2475067
2013-11-06;55.5;55.75;53.75;54.5;2838586
2013-11-05;56.25;56.75;55.75;56.0;646922
2013-11-04;57.0;57.0;56.25;56.25;830788
2013-11-01;57.5;57.5;56.75;56.75;374169
2013-10-31;57.0;57.75;56.75;57.5;516688
2013-10-30;58.0;58.0;56.75;57.0;664444
2013-10-29;56.75;58.0;56.75;57.5;1252568
2013-10-28;56.5;57.25;56.25;57.0;1200465
2013-10-25;57.5;57.75;56.75;57.75;1305163
2013-10-24;56.5;57.75;56.5;57.75;931189
2013-10-23;56.75;56.75;56.25;56.5;891194
2013-10-22;58.5;58.5;57.0;57.0;1352736
2013-10-21;59.0;59.0;57.5;58.5;1123264
2013-10-18;59.75;60.0;58.5;58.5;1505046
2013-10-17;57.0;59.0;55.75;59.0;5862023
2013-10-16;53.25;53.5;51.5;53.0;609715
2013-10-15;53.0;54.0;53.0;53.0;432501
2013-10-14;52.75;53.25;51.75;52.75;602720
2013-10-11;54.0;54.0;52.75;52.75;601166
2013-10-10;53.0;54.0;52.5;53.25;704069
2013-10-09;53.75;54.5;53.25;53.25;933704
2013-10-08;54.25;55.0;54.25;54.25;788354
2013-10-07;55.5;55.75;53.5;54.0;1788753
2013-10-04;54.5;56.0;54.25;55.75;3327574
2013-10-03;54.5;54.75;53.75;54.0;642907
2013-10-02;54.0;54.75;53.5;54.0;958539
2013-10-01;51.5;53.75;51.25;53.25;1804374
2013-09-30;52.5;52.75;51.75;51.75;1150069
2013-09-27;54.25;54.5;52.25;53.5;1049558
2013-09-26;54.5;55.25;53.5;54.0;2781461
2013-09-25;53.25;53.5;52.75;53.0;714189
2013-09-24;52.0;54.5;52.0;52.75;2347728
2013-09-23;51.5;51.75;50.0;51.5;1151303
2013-09-20;49.6;51.75;49.3;50.75;1126636
2013-09-19;50.75;52.25;49.5;49.7;2243677
2013-09-18;48.9;50.25;48.3;50.25;1276238
2013-09-17;49.0;49.0;48.5;48.5;228779
2013-09-16;48.8;49.3;48.4;48.9;911930
2013-09-13;48.0;48.3;47.1;48.1;364599
2013-09-12;48.0;48.6;46.9;47.7;764910
2013-09-11;49.5;49.8;48.1;48.2;870211
2013-09-10;49.5;50.0;49.0;49.4;707027
2013-09-09;50.5;50.75;48.6;48.9;1198164
2013-09-06;50.0;51.5;49.8;50.25;2124805
2013-09-05;48.9;49.7;48.6;48.8;1224505
2013-09-04;46.0;48.8;45.4;48.5;2357947
2013-09-03;46.0;46.5;44.4;45.9;1504655
2013-09-02;43.4;44.7;43.2;44.2;333851
2013-08-30;44.1;44.7;43.4;43.4;447401
2013-08-29;41.7;44.9;41.0;43.7;1033569
2013-08-28;41.4;42.0;40.6;41.7;762174
2013-08-27;43.7;43.7;41.5;41.8;1021943
2013-08-26;43.0;44.5;42.8;43.5;413240
2013-08-23;43.0;43.5;42.8;43.0;422002
2013-08-22;43.0;43.3;41.5;42.9;965022
2013-08-21;43.0;43.6;42.7;43.0;517436
2013-08-20;44.2;44.2;43.3;43.3;727444
2013-08-19;45.9;46.0;44.5;44.6;724714
2013-08-16;46.4;46.4;45.3;45.8;553254
2013-08-15;46.8;47.2;46.3;46.4;371350
2013-08-14;46.6;47.5;46.6;47.1;585078
2013-08-13;47.7;48.0;47.4;47.6;286606
2013-08-12;48.6;48.6;47.7;47.7;235182
2013-08-09;47.3;48.5;47.3;48.1;433758
2013-08-08;47.9;48.1;47.0;47.2;430025
2013-08-07;48.9;48.9;48.0;48.4;332570
2013-08-06;49.1;49.7;48.7;48.7;277346
2013-08-05;49.8;50.0;49.0;49.5;347780
2013-08-02;50.0;50.5;49.5;50.0;979558
2013-08-01;49.7;49.9;48.6;49.6;796588
2013-07-31;48.2;49.8;47.3;49.0;2520794
2013-07-30;45.8;46.5;45.6;46.4;122093
2013-07-29;46.0;46.2;45.4;46.0;180239
2013-07-26;46.7;46.7;46.0;46.1;130671
2013-07-25;46.8;47.0;46.1;46.5;193989
2013-07-24;46.0;47.0;45.8;46.8;237887
2013-07-23;45.0;45.9;44.7;45.7;216668
2013-07-22;44.5;45.0;44.2;44.7;145933
2013-07-19;45.9;45.9;44.8;44.8;210640
2013-07-18;45.6;45.9;45.0;45.9;180904
2013-07-17;44.2;45.5;43.8;45.4;374464
2013-07-16;43.0;44.4;42.8;44.2;464818
2013-07-15;43.0;43.7;42.7;43.3;223838
2013-07-12;43.2;43.2;42.4;43.0;286395
2013-07-11;43.8;44.0;42.4;42.8;509485
2013-07-10;44.4;44.6;43.5;43.8;235348
2013-07-09;42.8;44.2;42.8;44.0;336336
2013-07-08;44.6;44.9;42.9;43.0;724895
2013-07-05;45.0;45.4;44.2;44.2;548958
2013-07-04;46.0;46.0;43.5;45.1;1160807
2013-07-03;52.5;53.0;45.1;46.1;4665247
2013-07-02;46.6;46.8;44.6;44.9;354194
2013-07-01;45.6;46.9;45.6;46.3;171985
2013-06-28;47.0;47.1;45.0;45.0;291400
2013-06-27;46.6;47.6;46.0;46.5;319156
2013-06-26;46.9;47.4;46.2;46.6;319841
2013-06-25;45.9;47.4;45.9;47.0;297869
2013-06-24;45.2;46.4;45.0;45.7;577781
2013-06-21;;47.8;47.8;47.8;0
2013-06-20;48.3;48.8;47.3;47.8;259463
2013-06-19;49.2;49.2;48.5;48.5;324151
2013-06-18;49.9;50.5;48.7;49.7;624849
2013-06-17;48.6;49.9;48.3;49.9;540627
2013-06-14;48.0;49.4;48.0;49.0;462356
2013-06-13;47.6;48.0;46.5;48.0;368423
2013-06-12;49.6;50.0;48.1;48.1;892587
2013-06-11;47.9;48.3;46.8;48.3;395719
2013-06-10;47.2;48.2;46.6;47.3;599460
2013-06-07;47.8;47.8;45.7;45.8;649361
2013-06-06;;48.2;48.2;48.2;0
2013-06-05;49.0;49.0;46.7;48.2;752819
2013-06-04;49.0;49.5;48.7;49.0;378470
2013-06-03;48.0;50.0;48.0;48.6;1359568
2013-05-31;46.3;47.8;45.5;47.7;1019207
2013-05-30;45.8;46.5;45.3;45.6;604528
2013-05-29;43.9;46.6;43.7;45.9;1389352
2013-05-28;43.0;43.4;42.5;43.3;354857
2013-05-27;42.2;43.5;42.2;43.1;216475
2013-05-24;43.0;43.3;42.3;43.0;245727
2013-05-23;42.0;42.7;41.0;42.4;615212
2013-05-22;43.2;43.5;42.7;43.3;347061
2013-05-21;44.2;44.2;42.7;43.2;444403
2013-05-20;44.0;44.4;43.5;43.7;274388
2013-05-17;43.1;44.0;43.0;44.0;604349
2013-05-16;43.8;44.2;42.8;43.0;633580
2013-05-15;43.4;43.5;42.5;42.5;463863
2013-05-14;43.6;43.6;43.0;43.4;216571
2013-05-13;43.7;43.9;43.0;43.6;460545
2013-05-10;42.7;43.9;42.6;43.2;1323146
2013-05-09;;42.1;42.1;42.1;0
2013-05-08;41.1;43.2;41.1;42.1;1213354
2013-05-07;39.9;41.4;39.5;41.1;799747
2013-05-06;40.9;41.1;39.4;40.6;626040
2013-05-03;39.7;41.0;39.2;40.9;940930
2013-05-02;39.6;39.9;38.5;39.8;2244467
2013-05-01;;38.5;38.5;38.5;0
2013-04-30;38.3;39.2;38.3;38.5;296555
2013-04-29;39.5;39.6;38.6;38.8;343444
2013-04-26;40.0;40.0;39.1;39.4;559853
2013-04-25;39.3;40.0;38.9;39.7;1098704
2013-04-24;38.5;39.5;38.2;38.5;931393
2013-04-23;36.7;38.2;36.7;37.9;1295353
2013-04-22;37.9;38.5;36.1;36.3;870275
2013-04-19;36.3;37.5;36.3;37.0;961837
2013-04-18;36.3;36.9;35.9;36.5;1503255
2013-04-17;37.4;38.2;34.9;35.7;3072575
2013-04-16;38.7;39.4;37.5;37.7;4892713
2013-04-15;42.6;44.0;40.2;40.4;2750999
2013-04-12;45.0;45.0;43.7;43.7;589396
2013-04-11;44.7;45.4;44.1;45.4;427537
2013-04-10;45.5;46.0;44.6;44.9;439480
2013-04-09;45.0;45.5;44.0;44.8;416255
2013-04-08;43.2;45.3;42.9;45.2;723143
2013-04-05;44.9;45.2;43.1;43.2;830923
2013-04-04;44.3;44.6;42.7;43.2;673668
2013-04-03;45.3;45.3;44.5;44.8;333783
2013-04-02;46.0;46.2;44.5;45.2;688447
2013-04-01;;45.8;45.8;45.8;0
2013-03-29;44.7;45.8;45.8;45.8;1070652
2013-03-28;44.7;46.0;44.1;45.6;1070652
2013-03-27;44.7;46.0;44.1;45.6;1070652
2013-03-26;47.9;48.0;44.7;45.5;1673721
2013-03-25;42.0;47.3;41.4;46.9;3393347
2013-03-22;41.6;41.7;40.7;41.4;694142
2013-03-21;42.4;42.5;41.2;41.7;504968
2013-03-20;41.7;42.7;41.7;42.4;449090
2013-03-19;42.6;42.7;41.3;41.5;740430
2013-03-18;43.1;43.1;42.5;42.7;426923
2013-03-15;43.9;44.2;43.4;43.7;318831
2013-03-14;45.2;45.3;43.6;44.4;682678
2013-03-13;44.6;45.4;44.2;45.2;413463
2013-03-12;44.8;45.2;43.8;44.8;463345
2013-03-11;45.2;45.5;44.7;44.8;452550
2013-03-08;46.1;46.1;44.5;44.8;830251
2013-03-07;44.0;45.3;43.9;44.9;680012
2013-03-06;46.5;46.7;43.8;44.4;1551902
2013-03-05;41.5;46.8;41.3;46.5;1624730
2013-03-04;42.8;43.0;41.5;41.7;1225903
2013-03-01;42.6;44.0;42.1;43.8;2207419
2013-02-28;46.1;46.3;44.4;45.0;693057
2013-02-27;44.1;45.4;44.0;45.0;1053058
2013-02-26;45.4;46.8;45.2;45.6;893086
2013-02-25;48.3;48.3;46.3;47.4;752681
2013-02-22;47.6;48.1;47.0;47.8;721446
2013-02-21;47.0;48.2;44.1;47.0;2730971
2013-02-20;48.4;48.4;45.6;46.8;1575015
2013-02-19;50.5;50.5;47.7;48.6;1510587
2013-02-18;51.5;51.75;49.9;50.5;803913
2013-02-15;51.5;51.5;49.6;50.0;793381
2013-02-14;52.0;52.0;50.5;51.25;857123
2013-02-13;51.25;53.0;51.0;52.25;2887196
2013-02-12;49.2;51.5;46.2;49.7;1945975
2013-02-11;49.8;49.8;49.0;49.6;485349
2013-02-08;49.5;50.25;49.2;49.5;229949
2013-02-07;49.5;49.9;49.0;49.5;366434
2013-02-06;50.5;50.75;49.3;49.4;1041094
2013-02-05;50.5;51.0;50.0;50.75;537995
2013-02-04;52.5;53.25;48.6;50.0;2124648
2013-02-01;51.75;52.5;51.25;51.75;807987
2013-01-31;52.75;52.75;51.5;51.75;752276
2013-01-30;53.5;53.75;52.5;52.75;1331597
2013-01-29;51.25;53.5;51.0;52.25;2691912
2013-01-28;50.5;51.0;49.5;50.25;829168
2013-01-25;50.25;50.5;49.4;50.25;1067320
2013-01-24;49.9;50.75;49.4;50.0;2140748
2013-01-23;49.8;50.5;49.0;49.2;2867173
2013-01-22;47.4;48.7;47.3;48.2;721905
2013-01-21;47.3;47.4;47.0;47.2;427637
2013-01-18;46.7;47.3;46.6;47.0;826863
2013-01-17;46.4;46.8;46.3;46.5;538281
2013-01-16;46.0;46.6;45.5;46.2;533904
2013-01-15;46.5;46.6;45.5;45.6;403976
2013-01-14;46.4;47.7;46.1;46.4;1352303
2013-01-11;46.6;46.7;44.5;45.8;1892051
2013-01-10;47.2;48.2;46.8;47.2;2245735
2013-01-09;46.0;46.5;45.8;46.1;517680
2013-01-08;44.0;45.9;43.9;45.8;953206
2013-01-07;45.6;45.7;44.4;44.8;1311681
2013-01-04;46.3;46.9;45.6;46.1;823286
2013-01-03;48.2;48.2;46.4;46.7;1678422
2013-01-02;46.4;48.7;46.4;48.4;1340372
2013-01-01;;45.7;45.7;45.7;0
2012-12-31;;45.7;45.7;45.7;0
2012-12-28;46.3;46.9;45.2;45.7;2999440
2012-12-27;45.6;47.2;45.1;45.9;892566
2012-12-26;;45.2;45.2;45.2;0
2012-12-25;;45.2;45.2;45.2;0
2012-12-24;;45.2;45.2;45.2;0
2012-12-21;45.4;45.6;43.9;45.2;980673
2012-12-20;44.5;45.9;44.4;44.9;1099149
2012-12-19;43.2;44.7;43.1;44.3;1005656
2012-12-18;46.0;46.0;43.3;44.0;2177420
2012-12-17;45.3;46.7;45.2;46.1;2355298
2012-12-14;42.8;44.6;42.7;43.7;3686196
2012-12-13;46.0;46.0;41.1;41.9;6559627
2012-12-12;47.4;48.1;46.3;46.3;2890726
2012-12-11;51.25;51.25;46.4;47.8;7885855
2012-12-10;51.25;51.25;50.0;51.25;1672421
2012-12-07;52.0;52.25;51.0;51.25;1957133
2012-12-06;51.25;52.25;50.75;52.25;1201777
2012-12-05;51.75;52.5;51.25;51.5;1690673
2012-12-04;50.75;52.5;49.7;50.75;2228194
2012-12-03;52.75;53.0;50.5;51.0;3232731
2012-11-30;54.25;54.5;52.75;54.0;1174837
2012-11-29;54.25;55.75;53.25;54.0;2515849
2012-11-28;53.0;57.5;52.75;55.5;5576839
2012-11-27;57.5;60.0;55.25;56.25;3221258
2012-11-26;65.0;65.75;55.5;56.25;9311430
2012-11-23;70.75;71.0;69.5;71.0;649427
2012-11-22;70.0;70.5;69.25;70.25;533578
2012-11-21;71.25;71.25;69.0;69.25;868417
2012-11-20;70.0;71.25;69.75;71.25;893164
2012-11-19;69.5;70.5;69.25;70.0;481505
2012-11-16;70.25;71.5;69.25;69.25;765366
2012-11-15;68.0;70.25;66.75;70.25;1156185
2012-11-14;70.75;70.75;68.0;68.25;2044914
2012-11-13;72.25;74.25;71.25;71.5;1763214
2012-11-12;70.5;72.5;69.25;71.5;1600406
2012-11-09;68.75;70.5;68.75;70.0;846773
2012-11-08;69.0;70.0;68.75;69.5;630651
2012-11-07;70.0;71.0;68.25;68.5;921458
2012-11-06;68.75;69.5;67.75;69.0;737985
2012-11-05;69.75;71.0;68.75;68.75;1219346
2012-11-02;69.5;70.0;69.0;69.75;396544
2012-11-01;68.0;69.25;66.5;69.25;1640843
2012-10-31;71.25;71.25;65.75;66.25;6937192
2012-10-30;62.75;64.0;62.75;62.75;382138
2012-10-29;64.25;64.75;62.75;62.75;432454
2012-10-26;66.5;66.5;64.25;64.25;456556
2012-10-25;64.5;66.25;64.0;66.0;687155
2012-10-24;65.0;65.5;63.75;64.25;611098
2012-10-23;66.25;67.0;56.5;65.0;2961505
2012-10-22;66.5;67.75;65.5;66.25;568041
2012-10-19;67.75;68.25;65.75;66.5;753908
2012-10-18;69.0;69.0;67.25;67.25;739413
2012-10-17;69.25;69.5;68.0;69.0;999332
2012-10-16;68.25;68.75;67.25;68.25;1324750
2012-10-15;68.5;69.25;67.0;67.0;650003
2012-10-12;69.25;69.5;68.0;68.0;727080
2012-10-11;68.0;70.0;67.75;69.5;1086420
2012-10-10;72.5;72.5;69.25;69.25;1642763
