Dates;Open;High;Low;Close;Volume
2017-10-09;137.8;138.5;137.5;137.8;170820
2017-10-06;139.7;139.8;137.1;137.8;250308
2017-10-05;139.4;139.7;138.9;139.7;177082
2017-10-04;138.9;139.7;138.2;139.5;224726
2017-10-03;138.6;139.2;138.3;138.9;128278
2017-10-02;139.1;139.9;137.7;138.3;182368
2017-09-29;136.6;139.9;136.4;139.0;640230
2017-09-28;136.5;136.9;135.9;136.1;216030
2017-09-27;138.2;138.8;136.0;136.3;315269
2017-09-26;138.5;138.9;137.8;138.2;302948
2017-09-25;139.5;139.5;138.6;138.6;156700
2017-09-22;139.1;139.6;138.4;139.2;206883
2017-09-21;140.9;141.3;138.9;139.2;136860
2017-09-20;139.3;140.9;139.3;140.6;116419
2017-09-19;140.0;140.7;139.6;139.6;98906
2017-09-18;140.8;141.3;139.9;140.0;167234
2017-09-15;140.5;141.1;139.9;140.2;289527
2017-09-14;139.9;140.5;139.1;140.5;272889
2017-09-13;139.4;140.0;138.6;139.7;174264
2017-09-12;140.7;141.1;139.6;140.1;146120
2017-09-11;140.1;141.0;140.1;140.7;193812
2017-09-08;139.3;140.6;139.3;140.2;145122
2017-09-07;139.6;140.2;139.2;140.1;203014
2017-09-06;140.1;140.1;137.9;139.4;224441
2017-09-04;141.1;142.0;140.9;141.0;157638
2017-09-01;141.2;142.5;141.2;142.3;221710
2017-08-31;139.1;141.3;139.1;141.2;328600
2017-08-30;138.6;139.5;138.5;139.3;244273
2017-08-29;138.4;138.9;137.2;138.6;198864
2017-08-28;139.0;139.6;138.6;138.7;205558
2017-08-25;139.3;139.3;138.4;138.9;211033
2017-08-24;139.3;139.4;137.8;138.9;259810
2017-08-23;140.0;140.0;137.8;139.2;352136
2017-08-22;138.7;140.0;138.1;139.6;470312
2017-08-21;136.3;137.4;136.0;137.2;297568
2017-08-18;138.5;138.5;135.8;136.9;208732
2017-08-17;139.5;139.6;138.4;138.6;126644
2017-08-16;138.8;140.4;138.8;139.7;174155
2017-08-15;140.3;140.4;138.8;138.9;141971
2017-08-14;138.3;140.4;138.1;140.0;156961
2017-08-11;140.3;140.4;138.2;138.3;167586
2017-08-10;142.0;142.3;140.4;140.7;105052
2017-08-09;143.1;143.5;141.5;142.0;151107
2017-08-08;143.5;143.6;142.8;143.6;110986
2017-08-07;143.5;143.6;142.3;143.5;109950
2017-08-04;143.5;144.0;142.7;143.5;149858
2017-08-03;143.8;144.7;143.5;144.1;108120
2017-08-02;143.3;144.5;142.9;143.9;150580
2017-08-01;141.0;144.0;140.7;143.8;179670
2017-07-31;141.3;142.0;140.6;140.6;212976
2017-07-28;142.7;143.0;140.8;141.3;182849
2017-07-27;142.5;144.1;142.2;143.1;363735
2017-07-26;142.2;143.0;142.1;142.8;227467
2017-07-25;142.8;143.4;142.3;142.7;176498
2017-07-24;141.6;143.6;141.6;142.8;266872
2017-07-21;143.0;143.0;141.4;141.7;247732
2017-07-20;141.4;143.1;141.4;142.6;178250
2017-07-19;140.5;141.6;140.1;141.1;175089
2017-07-18;139.8;140.4;139.3;140.4;322960
2017-07-17;140.0;140.1;139.0;139.5;91853
2017-07-14;139.8;139.9;138.8;139.6;361093
2017-07-13;140.0;140.0;139.1;139.7;439872
2017-07-12;138.3;140.1;138.2;139.9;182714
2017-07-11;140.0;140.0;137.7;138.1;136458
2017-07-10;138.0;140.2;138.0;140.2;162458
2017-07-07;138.9;139.0;137.3;138.1;237519
2017-07-06;140.1;140.6;138.6;139.0;151895
2017-07-05;140.2;140.2;138.7;139.8;263629
2017-07-04;139.0;140.2;138.6;140.2;133721
2017-07-03;139.8;140.3;139.0;139.3;112493
2017-06-30;140.5;140.7;139.2;139.7;319244
2017-06-29;140.7;141.0;139.9;140.5;397502
2017-06-28;140.4;141.6;139.4;140.0;275324
2017-06-27;143.0;143.2;140.4;140.4;236963
2017-06-26;143.7;144.3;142.8;142.8;211733
2017-06-23;;143.8;143.8;143.8;0
2017-06-22;145.0;145.2;143.8;143.8;141604
2017-06-21;145.9;146.0;144.6;144.8;306246
2017-06-20;146.1;146.6;145.4;146.0;253146
2017-06-19;147.6;147.6;145.8;146.9;114055
2017-06-16;146.0;147.2;145.5;147.0;336511
2017-06-15;147.1;147.6;146.1;146.4;213779
2017-06-14;147.2;147.6;146.9;147.1;235970
2017-06-13;147.5;147.9;147.1;147.2;175819
2017-06-12;147.8;148.3;146.9;147.2;97719
2017-06-09;148.5;148.8;146.6;148.7;174318
2017-06-08;150.0;150.9;148.3;148.3;183944
2017-06-07;150.5;151.0;149.8;150.5;342000
2017-06-06;;150.1;150.1;150.1;0
2017-06-05;150.0;151.0;149.4;150.1;158312
2017-06-02;149.5;149.9;148.7;149.9;115532
2017-06-01;147.3;149.4;147.3;148.4;154605
2017-05-31;148.6;149.0;147.5;147.7;290628
2017-05-30;146.8;148.3;145.8;148.3;250924
2017-05-29;146.0;146.6;145.0;146.5;223777
2017-05-26;146.0;146.9;145.7;145.9;140376
2017-05-24;144.7;145.8;144.7;145.7;102136
2017-05-23;145.8;145.8;143.5;144.6;296752
2017-05-22;143.8;146.0;143.8;145.8;465144
2017-05-19;143.8;144.3;143.3;144.0;234464
2017-05-18;144.6;145.0;142.2;143.2;241432
2017-05-17;145.0;145.5;144.4;145.5;420945
2017-05-16;145.2;145.3;144.7;145.1;233958
2017-05-15;145.4;145.7;144.5;145.2;175350
2017-05-12;145.2;145.4;145.4;145.4;256018
2017-05-11;144.0;145.5;143.5;145.1;303288
2017-05-10;143.5;143.8;142.7;143.8;291396
2017-05-09;142.3;143.1;141.8;143.1;248358
2017-05-08;142.5;143.9;142.2;142.4;228881
2017-05-05;141.0;142.5;140.7;142.3;169272
2017-05-04;141.0;141.5;140.2;140.9;110802
2017-05-03;140.9;141.7;140.5;141.0;199144
2017-05-02;139.0;141.4;139.0;141.4;194408
2017-05-01;;138.8;138.8;138.8;0
2017-04-28;141.0;141.2;138.5;138.8;260660
2017-04-27;140.8;141.3;139.7;140.8;184906
2017-04-26;140.2;141.0;140.2;140.8;211823
2017-04-25;139.8;141.9;139.5;140.9;339810
2017-04-24;139.6;140.8;139.3;139.7;325312
2017-04-21;139.0;139.7;138.9;139.3;309850
2017-04-20;139.6;139.6;138.8;139.4;290984
2017-04-19;139.1;139.7;137.9;139.3;177917
2017-04-18;137.6;139.4;137.2;139.3;297862
2017-04-13;137.9;137.9;136.7;137.4;41391
2017-04-12;136.4;137.9;136.3;137.9;212373
2017-04-11;136.0;136.9;135.6;136.6;188143
2017-04-10;135.3;136.2;135.3;136.0;175582
2017-04-07;134.8;136.1;133.9;136.1;264376
2017-04-06;134.1;135.3;133.7;135.0;329677
2017-04-05;131.0;134.9;130.5;134.2;554542
2017-04-04;128.7;130.1;128.7;129.5;369020
2017-04-03;131.8;132.1;128.6;129.3;390372
2017-03-31;130.6;132.8;130.0;132.8;280073
2017-03-30;133.1;133.1;129.9;130.7;179073
2017-03-29;131.0;132.6;130.4;132.5;184575
2017-03-28;130.4;131.1;129.8;130.7;214906
2017-03-27;131.1;131.1;129.8;130.3;224646
2017-03-24;131.4;131.4;130.2;131.1;247188
2017-03-23;133.5;135.0;133.5;134.4;205226
2017-03-22;135.3;135.5;132.8;133.2;214846
2017-03-21;136.5;136.5;134.7;135.1;186248
2017-03-20;136.4;136.8;135.9;136.2;239423
2017-03-17;135.5;136.6;134.8;136.2;270529
2017-03-16;134.8;135.3;134.0;135.3;517144
2017-03-15;135.5;135.5;134.0;134.1;171189
2017-03-14;135.0;135.2;133.9;135.1;315733
2017-03-13;134.9;135.3;134.3;135.0;341214
2017-03-10;135.0;135.0;135.0;135.0;317920
2017-03-09;133.5;134.5;132.6;134.0;390069
2017-03-08;134.7;134.9;133.3;134.3;317042
2017-03-07;137.3;137.3;134.7;134.8;187222
2017-03-06;137.0;137.4;136.0;137.0;295817
2017-03-03;137.3;137.0;137.0;137.0;168901
2017-03-02;138.1;138.3;136.4;137.5;288660
2017-03-01;140.0;140.3;137.6;138.1;387983
2017-02-28;140.7;140.7;138.7;140.1;291530
2017-02-27;142.8;143.1;139.9;140.4;229469
2017-02-24;143.5;143.6;141.8;142.9;283768
2017-02-23;143.3;143.5;142.6;143.2;192577
2017-02-22;143.3;143.5;142.0;143.3;298591
2017-02-21;144.1;144.1;142.2;143.1;213837
2017-02-20;145.0;145.2;142.9;144.1;239125
2017-02-17;143.9;145.9;143.4;144.8;412669
2017-02-16;145.8;146.1;143.3;144.8;221078
2017-02-15;144.6;145.9;144.1;145.9;122611
2017-02-14;143.1;144.6;141.9;144.1;134991
2017-02-13;144.4;145.0;142.7;142.9;182127
2017-02-10;144.8;145.0;143.8;144.5;189834
2017-02-09;145.4;145.6;143.9;144.8;533325
2017-02-08;143.3;145.7;142.4;145.1;171318
2017-02-07;141.0;143.1;141.0;142.8;160940
2017-02-06;142.0;142.3;141.1;141.5;161601
2017-02-03;142.0;142.4;141.5;141.7;204373
2017-02-02;141.8;142.0;140.0;141.9;305896
2017-02-01;139.6;142.0;139.4;141.4;180831
2017-01-31;138.5;139.6;138.3;139.4;223012
2017-01-30;138.6;139.4;137.9;138.2;132643
2017-01-27;139.6;139.6;137.9;138.6;131109
2017-01-26;139.4;139.5;138.6;138.9;180948
2017-01-25;137.5;139.0;137.3;138.4;357859
2017-01-24;136.9;138.0;136.9;137.0;165316
2017-01-23;136.5;138.1;136.3;136.8;289394
2017-01-20;137.0;137.1;135.7;136.5;157260
2017-01-19;136.5;137.3;135.1;136.3;160252
2017-01-18;135.7;136.6;135.1;136.5;197026
2017-01-17;137.2;137.3;136.2;136.6;164577
2017-01-16;136.4;137.3;136.4;136.9;98039
2017-01-13;136.9;137.4;136.3;136.9;128171
2017-01-12;136.2;138.3;135.6;136.9;300132
2017-01-11;139.7;139.9;138.0;138.9;165591
2017-01-10;138.1;139.6;138.0;139.2;238168
2017-01-09;140.1;141.1;138.3;138.5;353280
2017-01-06;;140.5;140.5;140.5;0
2017-01-05;140.7;141.3;140.1;140.5;136844
2017-01-04;140.3;141.4;139.1;140.7;214804
2017-01-03;143.6;143.9;138.6;140.3;362938
2017-01-02;143.9;145.0;143.8;144.6;48624
2016-12-30;142.1;143.9;141.9;143.9;84834
2016-12-29;140.4;142.8;140.2;142.1;127736
2016-12-28;141.7;141.7;140.3;141.1;140350
2016-12-27;139.6;142.4;139.6;141.7;110664
2016-12-23;139.2;141.4;138.7;139.4;216362
2016-12-22;140.0;140.0;138.1;138.7;162335
2016-12-21;139.9;140.2;138.1;140.1;220487
2016-12-20;141.6;141.7;140.1;140.1;158214
2016-12-19;138.6;142.0;138.1;141.6;445983
2016-12-16;138.3;139.2;137.9;138.6;390959
2016-12-15;138.9;138.9;135.8;138.3;313416
2016-12-14;138.8;139.6;137.8;138.9;430977
2016-12-13;136.1;139.1;136.1;138.8;248421
2016-12-12;137.5;137.6;134.9;136.3;300715
2016-12-09;135.7;138.5;135.5;137.9;297698
2016-12-08;136.0;137.5;135.3;135.7;286023
2016-12-07;136.1;137.1;135.2;135.8;207757
2016-12-06;135.5;136.2;135.2;136.0;275301
2016-12-05;136.0;137.2;135.5;135.9;226876
2016-12-02;137.6;137.7;135.8;135.8;396179
2016-12-01;138.4;139.3;137.4;137.6;364488
2016-11-30;140.0;140.8;139.2;140.4;552161
2016-11-29;139.5;140.1;138.1;139.9;265460
2016-11-28;139.6;139.6;137.1;139.1;384643
2016-11-25;137.5;138.6;136.1;138.6;212312
2016-11-24;138.0;138.8;136.0;137.0;227689
2016-11-23;134.9;138.3;134.5;136.9;397955
2016-11-22;133.4;134.3;132.7;133.8;209759
2016-11-21;133.2;133.8;132.2;133.3;223032
2016-11-18;131.8;133.9;131.1;133.2;221353
2016-11-17;129.5;132.0;129.0;131.8;262741
2016-11-16;130.8;131.0;129.2;129.5;166200
2016-11-15;128.2;131.3;128.2;130.8;447799
2016-11-14;130.8;132.4;127.9;128.2;335708
2016-11-11;132.4;133.1;130.5;130.8;637069
2016-11-10;135.4;136.7;131.4;131.8;473417
2016-11-09;130.0;136.8;124.1;134.5;259104
2016-11-08;136.4;137.6;136.3;137.2;256326
2016-11-07;136.1;137.3;135.9;136.4;187056
2016-11-04;136.8;137.6;135.7;135.7;146244
2016-11-03;137.0;138.8;136.1;136.8;265791
2016-11-02;137.0;137.8;136.4;137.0;247960
2016-11-01;140.0;140.8;137.5;137.6;199732
2016-10-31;138.9;140.4;138.5;139.8;245842
2016-10-28;139.8;141.3;138.3;139.8;255284
2016-10-27;141.5;142.4;139.5;139.8;241491
2016-10-26;144.3;144.3;140.8;141.6;177266
2016-10-25;144.1;145.2;143.1;143.8;269889
2016-10-24;141.6;144.1;141.2;144.0;279572
2016-10-21;141.4;141.6;140.7;141.5;114983
2016-10-20;140.0;141.7;139.6;141.4;216006
2016-10-19;140.0;140.3;139.1;140.3;199975
2016-10-18;139.4;140.5;138.8;140.1;263600
2016-10-17;139.1;139.1;136.9;137.8;229522
2016-10-14;138.2;139.9;138.1;139.4;229314
2016-10-13;135.6;138.5;135.4;138.5;307705
2016-10-12;136.1;137.3;135.8;136.2;456373
2016-10-11;138.0;138.6;136.2;136.9;316096
2016-10-10;137.8;138.4;137.2;138.2;285090
2016-10-07;139.4;139.6;137.4;137.8;450265
2016-10-06;144.7;144.7;138.6;139.5;423487
2016-10-05;146.0;146.4;143.3;144.5;270742
2016-10-04;145.1;147.1;144.9;146.5;369251
2016-10-03;148.8;149.2;147.7;148.3;192274
2016-09-30;148.0;148.8;146.4;148.6;255965
2016-09-29;151.1;151.8;148.4;148.6;179000
2016-09-28;150.3;151.3;149.2;150.6;107042
2016-09-27;150.5;150.9;148.8;150.3;134155
2016-09-26;152.0;152.1;149.4;149.6;142139
2016-09-23;151.0;152.4;150.4;151.5;221953
2016-09-22;148.0;151.8;147.8;151.4;327437
2016-09-21;149.0;149.2;146.4;146.8;171786
2016-09-20;148.9;149.1;147.3;148.7;213566
2016-09-19;148.0;149.8;146.9;148.2;156407
2016-09-16;148.3;148.3;146.5;147.7;382766
2016-09-15;146.0;148.7;145.6;148.4;331386
2016-09-14;145.3;146.2;144.8;145.5;175290
2016-09-13;146.0;147.6;144.6;145.0;162801
2016-09-12;145.3;146.1;143.9;145.8;309733
2016-09-09;149.6;149.7;146.1;146.5;264569
2016-09-08;151.5;151.5;149.0;149.5;157249
2016-09-07;150.1;151.8;150.1;151.1;128276
2016-09-06;151.0;151.0;150.1;150.4;147186
2016-09-05;151.2;151.6;149.6;150.4;176511
2016-09-02;149.1;151.5;149.0;151.2;499696
2016-09-01;149.0;150.2;148.5;148.9;202392
2016-08-31;148.6;150.1;147.9;148.9;275628
2016-08-30;150.0;150.6;148.3;148.6;130253
2016-08-29;150.0;150.0;148.1;149.6;131959
2016-08-26;149.9;149.9;148.7;149.3;143238
2016-08-25;148.5;150.2;148.0;149.7;165509
2016-08-24;148.8;149.0;147.6;148.8;225740
2016-08-23;145.0;149.2;144.4;148.8;416814
2016-08-22;144.1;144.3;141.9;143.4;179236
2016-08-19;145.5;145.5;142.9;144.1;153100
2016-08-18;141.6;145.7;140.5;145.5;356585
2016-08-17;145.2;145.2;143.0;143.6;103725
2016-08-16;146.4;146.4;144.4;144.8;97418
2016-08-15;146.5;147.2;145.7;146.4;111777
2016-08-12;145.2;146.5;144.0;146.5;139297
2016-08-11;144.2;145.4;144.0;145.4;177335
2016-08-10;145.0;145.0;142.8;144.7;160636
2016-08-09;144.3;145.0;143.3;145.0;123127
2016-08-08;145.0;145.0;142.6;144.0;159122
2016-08-05;143.0;144.9;142.8;144.9;335468
2016-08-04;141.3;142.9;139.5;142.9;217912
2016-08-03;143.2;143.8;140.4;140.6;164697
2016-08-02;144.5;144.7;143.1;143.9;196745
2016-08-01;143.9;145.4;143.5;144.5;205754
2016-07-29;141.7;143.1;141.1;142.9;205684
2016-07-28;140.5;141.5;139.6;141.3;299494
2016-07-27;140.9;141.2;140.0;140.5;162047
2016-07-26;141.4;142.0;140.4;140.7;149697
2016-07-25;139.4;141.4;139.3;140.7;151045
2016-07-22;139.1;140.2;138.9;139.4;205645
2016-07-21;139.4;139.7;137.5;139.0;253758
2016-07-20;138.0;140.1;137.8;139.3;142184
2016-07-19;136.7;137.9;136.5;137.7;128105
2016-07-18;135.3;137.0;135.0;136.5;137547
2016-07-15;135.7;136.8;134.9;135.3;134681
2016-07-14;137.5;138.6;136.4;136.6;125190
2016-07-13;136.0;137.1;135.4;136.8;147866
2016-07-12;136.1;138.4;136.0;136.3;266228
2016-07-11;134.5;137.2;134.4;136.9;123417
2016-07-08;131.0;134.5;130.9;134.1;272648
2016-07-07;131.0;132.9;130.4;131.5;197831
2016-07-06;133.3;133.5;130.6;130.8;186982
2016-07-05;133.9;134.3;132.1;133.4;176199
2016-07-04;134.6;136.1;133.2;133.9;100904
2016-07-01;133.0;134.8;132.5;134.1;219651
2016-06-30;131.7;132.5;130.4;132.1;364968
2016-06-29;127.5;132.5;127.5;131.2;263627
2016-06-28;125.7;128.3;125.7;126.8;279527
2016-06-27;125.0;128.5;123.8;124.6;316218
2016-06-24;;131.3;131.3;131.3;0
2016-06-23;130.1;132.2;130.0;131.3;151214
2016-06-22;130.2;131.6;129.0;129.8;320429
2016-06-21;129.5;131.5;127.7;130.1;406248
2016-06-20;125.4;127.9;125.4;126.9;127044
2016-06-17;124.0;124.8;122.9;124.2;208533
2016-06-16;124.0;125.6;122.9;123.2;150208
2016-06-15;125.0;126.3;124.6;125.4;185493
2016-06-14;127.6;127.6;124.7;125.0;157611
2016-06-13;129.4;129.9;127.6;127.9;186898
2016-06-10;132.0;132.2;130.3;130.7;219111
2016-06-09;132.0;132.8;131.6;132.3;202503
2016-06-08;131.0;132.8;130.7;132.3;172039
2016-06-07;131.5;131.7;130.0;131.2;286582
2016-06-06;;130.6;130.6;130.6;0
2016-06-03;130.3;132.2;129.7;130.6;236626
2016-06-02;130.5;130.8;129.1;130.3;145972
2016-06-01;130.0;131.2;129.2;130.8;224283
2016-05-31;130.9;130.9;129.1;129.1;420340
2016-05-30;131.0;131.0;130.0;130.5;62567
2016-05-27;130.1;131.3;129.7;130.6;172572
2016-05-26;129.4;130.0;129.0;130.0;235579
2016-05-25;130.0;130.0;128.5;129.4;224638
2016-05-24;128.4;129.7;127.1;129.7;176152
2016-05-23;127.4;128.2;126.1;127.6;172771
2016-05-20;126.2;127.2;126.0;127.1;139459
2016-05-19;126.4;126.6;125.3;125.6;134077
2016-05-18;127.4;127.8;126.1;126.4;169484
2016-05-17;127.1;128.1;126.5;127.3;209461
2016-05-16;126.2;127.1;126.1;127.1;79295
2016-05-13;125.0;127.4;125.0;126.8;227982
2016-05-12;127.3;127.4;126.0;126.4;199526
2016-05-11;128.3;129.1;126.8;127.3;393623
2016-05-10;129.0;130.7;128.4;128.4;164169
2016-05-09;127.9;129.6;127.9;129.0;227958
2016-05-06;126.9;128.9;126.5;127.7;344165
2016-05-05;125.4;126.8;125.4;126.2;94163
2016-05-04;125.4;126.8;125.4;126.2;94163
2016-05-03;126.5;126.6;124.5;125.0;249423
2016-05-02;124.6;127.2;124.6;126.2;141921
2016-04-29;125.7;125.7;123.8;124.4;324935
2016-04-28;126.6;127.0;124.5;125.7;319877
2016-04-27;125.3;127.8;125.3;126.6;227977
2016-04-26;123.8;126.1;123.8;125.3;234464
2016-04-25;122.3;123.7;122.2;123.7;173277
2016-04-22;124.0;124.2;122.0;122.3;377038
2016-04-21;124.6;124.9;122.8;123.7;305477
2016-04-20;124.1;125.8;124.1;124.9;274123
2016-04-19;124.7;124.9;123.5;124.4;319543
2016-04-18;123.8;124.0;123.2;123.8;272448
2016-04-15;124.3;124.8;123.5;124.0;255311
2016-04-14;125.8;126.0;123.0;123.7;281432
2016-04-13;129.4;129.8;125.2;125.6;491480
2016-04-12;128.4;128.9;127.1;128.3;258420
2016-04-11;128.8;129.3;127.3;128.5;164113
2016-04-08;127.0;129.3;127.0;128.3;163406
2016-04-07;127.8;128.1;127.1;127.3;215751
2016-04-06;129.2;129.2;127.4;128.0;342345
2016-04-05;127.0;129.7;127.0;129.4;415358
2016-04-04;127.8;130.0;127.3;127.9;166679
2016-04-01;128.7;128.7;126.9;127.8;214838
2016-03-31;128.0;128.8;127.5;128.7;249398
2016-03-30;127.0;128.9;126.8;128.4;212686
2016-03-29;126.9;127.3;125.4;127.3;236157
2016-03-28;127.4;127.8;126.9;126.9;65316
2016-03-25;127.4;127.8;126.5;126.9;65316
2016-03-24;127.4;127.8;126.5;126.9;65316
2016-03-23;128.1;129.0;127.4;127.5;408054
2016-03-22;128.0;128.6;126.6;128.1;291942
2016-03-21;128.5;129.5;127.0;129.1;450851
2016-03-18;128.4;130.0;127.5;130.0;603040
2016-03-17;131.0;131.6;129.7;131.0;484202
2016-03-16;129.0;130.3;129.0;130.1;607534
2016-03-15;128.9;129.0;127.9;128.7;366430
2016-03-14;126.8;128.7;126.8;128.7;248654
2016-03-11;125.8;127.0;125.3;126.8;172077
2016-03-10;123.3;125.9;123.2;124.2;286350
2016-03-09;123.6;124.2;122.8;123.5;238259
2016-03-08;124.8;124.8;122.4;123.1;215424
2016-03-07;126.1;126.1;124.3;124.8;195317
2016-03-04;125.3;126.9;124.2;126.1;269959
2016-03-03;125.1;125.4;123.6;124.3;246056
2016-03-02;127.0;127.2;123.8;124.1;261006
2016-03-01;126.1;127.1;124.8;126.2;243143
2016-02-29;124.0;125.3;123.2;125.3;458393
2016-02-26;126.4;127.3;124.7;124.8;255632
2016-02-25;124.5;126.0;124.1;125.6;216892
2016-02-24;123.2;124.0;122.3;122.5;489926
2016-02-23;127.7;127.7;123.1;123.1;512350
2016-02-22;126.3;128.6;126.2;127.8;417063
2016-02-19;125.0;126.2;124.7;126.0;355190
2016-02-18;125.5;126.2;124.2;125.3;348399
2016-02-17;121.3;125.3;120.8;125.3;607481
2016-02-16;121.5;121.5;119.2;120.7;494974
2016-02-15;120.0;120.9;119.6;120.4;533664
2016-02-12;116.6;118.6;116.6;117.7;525832
2016-02-11;113.4;116.8;111.5;115.5;526719
2016-02-10;113.0;115.4;112.1;114.3;346868
2016-02-09;112.3;112.3;110.4;111.6;452021
2016-02-08;117.5;118.6;111.9;112.1;393796
2016-02-05;120.0;120.0;116.8;117.0;451314
2016-02-04;121.0;121.4;118.2;119.1;623352
2016-02-03;118.7;120.9;117.7;120.7;421939
2016-02-02;119.1;119.5;118.2;118.6;240730
2016-02-01;118.0;119.7;116.8;119.1;367714
2016-01-29;116.4;118.5;115.3;117.7;303877
2016-01-28;114.2;116.5;113.8;115.3;219806
2016-01-27;115.2;115.9;113.9;114.2;254098
2016-01-26;114.1;116.4;113.9;116.0;232098
2016-01-25;115.0;115.6;114.1;115.3;252636
2016-01-22;114.7;115.9;113.7;115.2;363944
2016-01-21;110.2;111.7;109.4;110.5;699729
2016-01-20;111.3;113.4;110.2;110.3;345815
2016-01-19;111.6;113.1;111.6;113.1;340418
2016-01-18;112.0;113.1;110.5;110.5;231288
2016-01-15;113.5;114.4;111.3;112.4;542827
2016-01-14;113.2;114.2;112.6;113.6;310252
2016-01-13;116.1;116.1;114.4;115.0;200640
2016-01-12;113.2;116.1;113.2;114.9;160755
2016-01-11;113.6;114.7;112.6;113.2;265896
2016-01-08;115.4;116.1;114.1;114.4;236036
2016-01-07;115.6;116.6;113.5;115.4;304253
2016-01-06;;118.2;118.2;118.2;0
2016-01-05;118.8;120.0;117.9;118.2;101059
2016-01-04;119.3;119.5;116.5;119.1;202665
2016-01-01;;119.9;119.9;119.9;0
2015-12-31;;119.9;119.9;119.9;0
2015-12-30;119.4;120.6;118.6;119.9;177038
2015-12-29;118.5;119.8;118.3;119.8;196673
2015-12-28;118.0;118.5;116.9;117.5;102474
2015-12-25;117.9;118.5;116.9;118.5;156398
2015-12-24;117.9;118.5;116.9;118.5;156398
2015-12-23;117.9;118.5;116.9;118.5;156398
2015-12-22;117.0;118.0;115.8;117.6;175381
2015-12-21;119.0;119.9;116.6;116.6;159683
2015-12-18;118.9;120.1;118.2;118.6;397181
2015-12-17;118.5;120.4;117.8;119.3;358650
2015-12-16;116.1;118.2;116.1;117.2;298200
2015-12-15;115.0;116.7;114.8;116.2;283192
2015-12-14;114.2;114.7;112.4;114.3;301091
2015-12-11;114.4;114.7;112.6;114.2;237481
2015-12-10;113.5;114.7;113.1;114.6;610632
2015-12-09;116.2;117.0;114.3;114.9;409493
2015-12-08;119.0;119.4;116.2;116.2;311590
2015-12-07;117.5;120.1;117.5;119.3;381507
2015-12-04;118.7;118.7;115.8;117.3;369607
2015-12-03;120.0;121.0;118.0;118.4;212361
2015-12-02;122.5;122.5;120.0;120.0;210430
2015-12-01;121.2;122.4;121.1;122.2;356174
2015-11-30;120.7;121.4;119.8;120.7;353923
2015-11-27;120.7;121.3;119.4;121.2;176713
2015-11-26;120.0;121.6;120.0;120.7;110567
2015-11-25;119.2;120.4;118.7;120.3;220837
2015-11-24;121.2;121.2;118.0;119.5;188478
2015-11-23;122.0;122.5;121.1;121.2;259840
2015-11-20;120.4;122.0;119.8;122.0;295176
2015-11-19;120.0;120.8;119.4;120.8;271544
2015-11-18;119.6;120.1;119.0;120.0;87417
2015-11-17;119.1;120.4;118.8;120.4;196453
2015-11-16;117.4;118.2;115.8;117.8;267021
2015-11-13;119.1;119.1;117.1;117.5;134324
2015-11-12;119.5;120.6;118.3;118.5;218938
2015-11-11;119.0;120.0;118.8;119.6;167941
2015-11-10;119.1;119.5;118.3;118.5;252777
2015-11-09;122.0;122.0;118.4;118.5;1061838
2015-11-06;121.9;122.8;120.9;121.8;364002
2015-11-05;121.3;122.5;121.0;121.6;427391
2015-11-04;122.7;122.8;120.9;121.0;340596
2015-11-03;121.7;122.5;121.2;121.3;271081
2015-11-02;121.1;122.9;120.8;121.7;293913
2015-10-30;121.3;122.4;120.6;121.0;112887
2015-10-29;121.5;122.2;120.6;121.7;454745
2015-10-28;118.1;121.3;117.7;121.3;378273
2015-10-27;117.7;118.2;116.9;117.3;208157
2015-10-26;117.7;118.6;117.0;118.2;268219
2015-10-23;115.0;117.5;114.9;116.8;316980
2015-10-22;112.9;114.7;112.2;114.6;324465
2015-10-21;112.2;113.0;111.9;112.6;281631
2015-10-20;111.8;112.9;111.5;112.2;170741
2015-10-19;110.0;111.8;110.0;111.5;160326
2015-10-16;111.0;111.8;109.6;110.4;267210
2015-10-15;111.0;111.1;110.2;110.7;181689
2015-10-14;111.5;111.8;110.4;110.5;407491
2015-10-13;112.7;112.7;111.2;111.6;276284
2015-10-12;111.8;113.2;111.2;112.2;379946
2015-10-09;110.7;111.5;110.4;111.1;356128
2015-10-08;110.0;111.0;108.7;110.5;462048
2015-10-07;112.0;113.0;109.0;109.4;281267
2015-10-06;109.6;111.6;109.0;110.6;295984
2015-10-05;108.0;110.5;107.1;109.8;266221
2015-10-02;107.0;110.3;105.4;106.7;289470
2015-10-01;110.0;111.2;106.1;106.5;327698
2015-09-30;109.9;110.9;109.5;109.5;364387
2015-09-29;108.5;110.2;107.5;109.3;204358
2015-09-28;111.2;111.4;109.4;109.5;165493
2015-09-25;109.0;111.9;109.0;111.2;287617
2015-09-24;109.8;110.8;108.3;108.4;346905
2015-09-23;107.7;109.6;107.3;109.2;189135
2015-09-22;109.4;110.1;107.1;107.5;310664
2015-09-21;107.9;110.5;107.8;110.0;185761
2015-09-18;108.5;109.0;107.6;108.0;938462
2015-09-17;107.5;108.8;107.4;108.6;363867
2015-09-16;107.5;110.0;107.1;108.0;215079
2015-09-15;109.0;109.0;106.6;107.5;252529
2015-09-14;110.6;111.2;109.0;109.0;312065
2015-09-11;112.0;112.3;110.1;110.5;287691
2015-09-10;110.9;111.9;110.2;111.6;180507
2015-09-09;111.0;112.3;111.0;111.4;271680
2015-09-08;109.1;110.7;109.1;109.9;187788
2015-09-07;109.2;109.8;108.3;108.8;93023
2015-09-04;109.7;109.8;108.1;109.2;169125
2015-09-03;108.5;110.3;108.2;110.0;167860
2015-09-02;106.7;108.1;106.3;107.6;327216
2015-09-01;108.1;108.1;105.8;106.7;238501
2015-08-31;108.4;109.3;107.1;108.9;130754
2015-08-28;109.3;109.5;107.7;108.5;205519
2015-08-27;108.2;109.5;107.8;109.3;160794
2015-08-26;106.3;108.8;105.8;106.9;233031
2015-08-25;105.6;108.8;104.8;108.4;311486
2015-08-24;105.2;107.8;103.4;105.3;455054
2015-08-21;112.0;113.4;111.1;111.1;178988
2015-08-20;113.5;115.3;112.9;113.4;197150
2015-08-19;115.4;116.4;114.4;115.3;165059
2015-08-18;117.8;118.1;115.6;116.8;226774
2015-08-17;118.0;118.5;116.5;117.8;167188
2015-08-14;116.3;118.0;116.1;118.0;257935
2015-08-13;116.8;116.8;115.1;115.7;155852
2015-08-12;116.4;116.6;114.4;114.9;242465
2015-08-11;116.3;117.0;115.4;116.7;144542
2015-08-10;114.6;116.6;114.2;116.3;172488
2015-08-07;114.3;115.3;114.0;114.1;114093
2015-08-06;113.8;114.7;113.6;114.2;114249
2015-08-05;112.4;114.5;112.4;114.2;168827
2015-08-04;112.0;113.0;111.2;112.7;190782
2015-08-03;111.7;112.7;111.1;112.0;104574
2015-07-31;112.0;112.5;111.0;111.6;174473
2015-07-30;111.4;112.6;110.9;111.6;110163
2015-07-29;112.0;112.5;110.8;111.5;150432
2015-07-28;110.4;112.6;110.1;111.6;190573
2015-07-27;112.4;112.7;109.9;110.6;177040
2015-07-24;111.7;113.8;111.5;112.5;334617
2015-07-23;113.5;113.8;111.5;111.8;240586
2015-07-22;113.0;113.8;112.8;113.3;193357
2015-07-21;114.5;115.3;113.3;113.5;227440
2015-07-20;113.6;114.2;113.1;113.8;170438
2015-07-17;113.9;114.0;112.8;113.5;340730
2015-07-16;112.5;114.5;111.2;113.6;453452
2015-07-15;111.3;112.7;111.2;111.3;87374
2015-07-14;111.5;112.8;111.0;111.5;131595
2015-07-13;110.0;112.5;110.0;112.5;247883
2015-07-10;109.7;110.1;108.5;109.6;208951
2015-07-09;106.4;108.9;106.3;108.5;116055
2015-07-08;105.3;107.1;104.7;106.4;159106
2015-07-07;106.2;107.1;105.7;106.1;175022
2015-07-06;105.3;106.3;103.6;105.4;312478
2015-07-03;105.4;107.1;105.2;106.4;126849
2015-07-02;105.0;106.3;103.6;105.5;260270
2015-07-01;101.1;104.5;101.1;104.1;178172
2015-06-30;102.0;102.4;100.5;100.9;244646
2015-06-29;102.5;103.6;101.0;102.2;358634
2015-06-26;104.7;105.4;103.7;105.2;152896
2015-06-25;103.8;105.3;103.1;104.6;252250
2015-06-24;104.9;105.5;104.1;104.6;170623
2015-06-23;104.1;105.2;103.3;104.8;350894
2015-06-22;101.8;104.0;101.2;102.9;312741
2015-06-19;;102.4;102.4;102.4;0
2015-06-18;102.5;103.0;101.4;102.4;242850
2015-06-17;104.9;105.0;102.4;102.5;260752
2015-06-16;103.0;104.7;102.3;103.8;276935
2015-06-15;104.5;104.7;102.5;103.3;351861
2015-06-12;106.3;106.3;104.3;104.9;404494
2015-06-11;105.7;107.6;105.5;106.5;905514
2015-06-10;106.0;106.7;105.3;106.0;285635
2015-06-09;104.8;106.9;104.5;106.0;299705
2015-06-08;105.6;106.1;104.7;104.8;247486
2015-06-05;106.7;106.9;105.6;105.7;303021
2015-06-04;106.7;108.4;106.5;108.1;420343
2015-06-03;107.5;107.9;106.5;106.7;418826
2015-06-02;109.4;109.5;107.5;107.5;268607
2015-06-01;110.2;110.6;109.0;109.4;500857
2015-05-29;110.0;110.1;108.9;109.3;642121
2015-05-28;111.2;111.3;109.4;110.3;277713
2015-05-27;110.0;111.3;109.4;111.2;438831
2015-05-26;109.6;111.3;108.8;109.1;444242
2015-05-25;111.3;111.3;108.8;109.8;131729
2015-05-22;110.8;110.9;109.5;109.7;213895
2015-05-21;111.6;111.7;110.3;110.8;405504
2015-05-20;113.2;113.2;111.4;111.7;260148
2015-05-19;112.0;113.3;112.0;113.3;211528
2015-05-18;111.4;112.3;110.9;111.7;172642
2015-05-15;109.6;112.0;109.4;111.7;217496
2015-05-14;108.4;109.5;108.0;109.1;151180
2015-05-13;108.4;109.5;108.0;109.1;151180
2015-05-12;108.2;108.7;106.3;107.8;378493
2015-05-11;110.6;110.8;108.5;109.4;244056
2015-05-08;110.5;111.0;108.6;110.6;297593
2015-05-07;110.1;110.1;106.9;109.6;555596
2015-05-06;112.3;112.7;109.1;110.1;464173
2015-05-05;117.1;117.1;112.0;112.4;413396
2015-05-04;115.9;117.4;115.7;117.0;205822
2015-05-01;114.5;116.5;113.3;115.5;458255
2015-04-30;114.5;116.5;113.3;115.5;458255
2015-04-29;117.7;118.5;114.4;115.6;377301
2015-04-28;121.0;121.1;116.6;117.5;288991
2015-04-27;119.4;121.2;118.1;121.1;375656
2015-04-24;120.0;120.2;118.7;119.5;224951
2015-04-23;120.3;121.4;118.7;119.2;220575
2015-04-22;120.5;121.4;119.2;120.4;168518
2015-04-21;120.5;122.1;120.2;120.7;247554
2015-04-20;119.5;120.4;119.4;120.4;127806
2015-04-17;120.3;121.0;118.5;119.6;234875
2015-04-16;121.6;121.6;119.5;120.4;197233
2015-04-15;120.8;122.5;120.7;121.3;158493
2015-04-14;120.0;121.1;119.9;120.9;215255
2015-04-13;120.7;120.9;119.5;119.9;285024
2015-04-10;122.0;123.0;120.9;121.0;262934
2015-04-09;120.4;122.6;120.4;122.6;239397
2015-04-08;120.5;120.7;119.4;120.3;151229
2015-04-07;120.4;121.5;120.3;120.6;226692
2015-04-02;119.0;120.0;118.6;119.1;101996
2015-04-01;118.3;119.2;117.2;119.0;220934
2015-03-31;118.0;119.2;117.8;118.3;322706
2015-03-30;115.4;117.6;115.4;117.6;264048
2015-03-27;116.5;116.6;115.1;115.4;259830
2015-03-26;119.2;119.2;116.9;118.2;321506
2015-03-25;121.7;121.8;119.8;120.5;190314
2015-03-24;120.7;121.8;120.2;121.3;320725
2015-03-23;121.1;121.2;119.3;120.2;257504
2015-03-20;120.0;121.4;119.4;121.0;346410
2015-03-19;118.9;120.0;118.6;120.0;293081
2015-03-18;116.5;118.7;116.4;118.0;291861
2015-03-17;117.9;118.0;116.3;116.7;321997
2015-03-16;115.0;117.6;115.0;117.6;259446
2015-03-13;112.7;115.0;112.4;114.7;242257
2015-03-12;114.4;114.4;111.8;112.5;297733
2015-03-11;111.7;114.1;111.4;113.8;431625
2015-03-10;112.9;114.1;111.2;111.4;455008
2015-03-09;113.4;113.8;110.7;113.2;514087
2015-03-06;117.4;117.5;113.5;113.7;427387
2015-03-05;117.3;118.9;117.0;117.1;213385
2015-03-04;119.4;119.5;115.7;117.3;352229
2015-03-03;121.0;121.4;119.2;119.5;214333
2015-03-02;121.2;121.9;120.2;120.8;418243
2015-02-27;120.0;122.8;120.0;122.2;254356
2015-02-26;121.5;121.6;119.8;120.8;397940
2015-02-25;121.4;121.7;120.4;121.3;291340
2015-02-24;121.3;122.2;120.5;121.2;287884
2015-02-23;120.0;121.4;119.7;121.2;381285
2015-02-20;120.7;121.0;118.8;119.8;309778
2015-02-19;120.5;120.8;119.4;120.1;461743
2015-02-18;119.1;120.5;119.1;120.5;316059
2015-02-17;119.3;120.0;117.6;118.8;241518
2015-02-16;118.8;119.3;118.0;119.2;313756
2015-02-13;117.1;119.4;117.1;118.5;599047
2015-02-12;113.0;117.0;113.0;116.4;488170
2015-02-11;114.2;114.2;112.9;113.0;220966
2015-02-10;114.4;114.4;112.9;114.1;223441
2015-02-09;114.3;114.3;111.9;113.4;241320
2015-02-06;114.4;115.0;113.1;114.4;254460
2015-02-05;112.3;114.2;112.2;114.2;224091
2015-02-04;110.5;112.7;110.1;112.0;287033
2015-02-03;111.3;112.0;110.3;110.6;276076
2015-02-02;109.2;110.8;108.6;110.8;457854
2015-01-30;108.2;109.7;108.0;108.5;280572
2015-01-29;107.4;108.1;106.7;107.8;210539
2015-01-28;106.1;108.0;106.0;107.3;312569
2015-01-27;107.0;107.3;105.7;105.7;354662
2015-01-26;106.2;107.0;105.7;107.0;443389
2015-01-23;105.5;106.6;105.3;106.3;472569
2015-01-22;105.4;106.1;104.7;105.5;441599
2015-01-21;106.0;107.1;105.1;105.4;377872
2015-01-20;105.0;107.2;104.8;106.7;410481
2015-01-19;106.1;107.5;104.6;105.0;327667
2015-01-16;103.8;105.4;102.6;104.9;229207
2015-01-15;103.0;104.3;100.8;103.5;244315
2015-01-14;104.3;104.7;102.9;103.0;191478
2015-01-13;104.5;105.0;104.0;104.5;241530
2015-01-12;103.5;105.0;103.5;104.5;234715
2015-01-09;103.0;104.2;101.8;103.4;143232
2015-01-08;102.9;104.1;102.7;103.4;284216
2015-01-07;101.8;103.2;100.5;102.6;239146
2015-01-06;;101.8;101.8;101.8;0
2015-01-05;101.3;102.2;101.3;101.8;59118
2015-01-02;102.5;102.6;100.4;101.2;128074
2015-01-01;101.7;101.7;100.8;101.6;80799
2014-12-30;101.7;101.7;100.8;101.6;80799
2014-12-29;102.0;102.5;101.4;101.7;100096
2014-12-23;101.2;101.9;100.7;101.8;79643
2014-12-22;100.2;101.7;100.2;101.2;149054
2014-12-19;99.8;101.3;98.8;100.2;365451
2014-12-18;97.1;99.8;97.1;99.8;197798
2014-12-17;96.55;97.3;95.25;97.3;236871
2014-12-16;97.5;97.55;96.1;96.5;188069
2014-12-15;98.2;98.8;97.55;97.55;178785
2014-12-12;98.65;98.7;97.45;98.2;134427
2014-12-11;99.25;99.75;98.5;98.85;104699
2014-12-10;98.65;99.85;98.65;99.7;172940
2014-12-09;99.1;99.15;98.4;98.7;267353
2014-12-08;99.4;99.4;98.65;99.1;236953
2014-12-05;98.6;99.3;98.5;99.25;343021
2014-12-04;99.15;99.5;98.15;98.35;209932
2014-12-03;98.6;99.4;98.5;99.3;232773
2014-12-02;97.65;99.1;97.55;98.85;193746
2014-12-01;96.0;97.9;96.0;97.8;168377
2014-11-28;96.8;97.6;96.1;97.45;125042
2014-11-27;96.05;97.15;96.05;96.75;189459
2014-11-26;97.0;97.25;95.75;96.3;149024
2014-11-25;95.9;96.75;95.7;96.4;192823
2014-11-24;94.7;95.8;94.65;95.8;99480
2014-11-21;93.5;95.25;93.5;94.8;107531
2014-11-20;93.1;93.55;92.95;93.4;249803
2014-11-19;93.35;94.0;93.0;93.1;142079
2014-11-18;92.5;93.7;92.5;93.35;165175
2014-11-17;93.5;93.5;92.75;93.0;107062
2014-11-14;93.2;93.95;93.1;93.9;151851
2014-11-13;93.5;93.85;93.15;93.2;185055
2014-11-12;94.2;94.3;93.2;93.2;212618
2014-11-11;93.75;94.5;93.55;94.1;254785
2014-11-10;93.75;94.25;93.25;93.75;259125
2014-11-07;95.1;95.1;93.45;93.55;265895
2014-11-06;94.75;95.0;93.85;94.3;463485
2014-11-05;98.35;98.4;94.8;94.85;335312
2014-11-04;96.05;96.4;95.3;95.7;306376
2014-11-03;95.65;96.0;95.1;95.8;338024
2014-10-31;93.8;95.65;93.45;95.65;201478
2014-10-30;93.5;93.7;92.35;93.35;342076
2014-10-29;92.7;93.35;92.1;92.8;234470
2014-10-28;91.05;93.4;91.05;92.65;144589
2014-10-24;92.0;92.35;90.25;90.5;127216
2014-10-23;91.1;92.35;90.3;92.0;162286
2014-10-22;90.15;91.65;90.15;91.2;305664
2014-10-21;87.25;90.35;87.0;90.15;549787
2014-10-20;86.85;87.5;85.1;87.3;469144
2014-10-17;84.05;86.9;82.1;86.9;409102
2014-10-16;82.55;84.65;81.0;84.3;482124
2014-10-15;85.0;85.35;82.3;82.55;403280
2014-10-14;83.5;87.3;83.4;84.7;408115
2014-10-13;84.0;85.15;83.3;83.6;370060
2014-10-10;85.0;85.05;83.3;84.75;591536
2014-10-09;85.95;86.75;85.0;85.55;240974
2014-10-08;85.5;85.5;84.3;85.4;316013
2014-10-07;87.35;87.35;85.7;85.75;229140
2014-10-06;87.85;88.1;87.2;87.4;234981
2014-10-03;87.55;88.5;87.1;87.75;243078
2014-10-02;88.8;88.8;87.45;87.45;308891
2014-10-01;89.75;89.95;88.2;88.85;222079
2014-09-30;89.7;89.9;88.85;89.9;188220
2014-09-29;90.0;90.55;88.55;89.45;571874
2014-09-26;88.45;89.75;88.2;89.55;282309
2014-09-25;89.65;89.75;88.35;88.35;450327
2014-09-24;90.0;90.5;88.55;89.4;170849
2014-09-23;89.2;89.9;88.5;89.7;277775
2014-09-22;88.4;89.6;88.4;89.05;214476
2014-09-19;89.45;90.7;88.35;88.35;324039
2014-09-18;89.7;90.0;88.55;89.25;229134
2014-09-17;89.5;89.85;89.35;89.55;177688
2014-09-16;90.0;90.15;88.9;89.05;169024
2014-09-15;89.5;89.95;89.05;89.35;91245
2014-09-12;90.2;90.45;89.8;89.85;193467
2014-09-11;90.65;90.65;89.75;90.2;183090
2014-09-10;91.4;91.4;90.25;90.4;144152
2014-09-09;92.2;92.2;91.2;91.4;117226
2014-09-08;91.9;92.4;91.35;91.9;168638
2014-09-05;92.2;92.4;91.4;91.8;251508
2014-09-04;92.65;93.4;92.3;92.4;211412
2014-09-03;92.95;93.5;92.6;92.95;270444
2014-09-02;93.0;93.95;92.65;92.8;171028
2014-09-01;93.05;93.4;92.75;93.15;116593
2014-08-29;93.95;93.95;92.8;92.85;1040001
2014-08-28;94.15;94.25;93.15;93.25;126629
2014-08-27;93.95;94.4;93.05;94.2;183748
2014-08-26;93.0;93.75;92.1;93.7;166009
2014-08-25;92.55;93.05;92.05;92.9;87370
2014-08-22;92.5;92.95;91.45;91.95;108609
2014-08-21;93.45;94.75;91.65;92.4;273946
2014-08-20;93.6;93.9;93.2;93.65;114065
2014-08-19;93.9;94.0;93.2;93.6;117363
2014-08-18;92.0;93.2;92.0;93.2;91243
2014-08-15;93.25;93.25;91.6;91.65;197033
2014-08-14;91.7;92.8;91.25;92.6;130470
2014-08-13;91.7;92.1;91.3;91.7;147437
2014-08-12;91.8;92.9;91.15;91.25;230026
2014-08-11;91.15;92.8;91.0;92.75;312051
2014-08-08;91.25;91.25;89.95;90.75;207163
2014-08-07;90.85;91.9;90.3;91.5;220155
2014-08-06;92.3;92.3;90.9;91.1;190506
2014-08-05;93.2;93.5;92.45;92.45;232437
2014-08-04;93.8;94.3;92.65;92.75;122795
2014-08-01;94.75;94.95;92.8;93.75;137051
2014-07-31;95.3;95.75;94.65;94.75;162139
2014-07-30;96.0;96.65;95.1;95.1;127125
2014-07-29;96.1;97.25;95.8;96.55;150189
2014-07-28;96.25;96.55;95.85;95.9;188847
2014-07-25;96.05;96.45;95.65;96.0;73625
2014-07-24;97.1;97.25;96.3;96.65;83922
2014-07-23;96.3;97.25;96.1;96.8;126096
2014-07-22;94.45;96.85;94.45;95.95;178420
2014-07-21;95.15;95.5;94.1;94.7;127819
2014-07-18;95.75;96.05;95.0;95.85;136629
2014-07-17;95.2;95.95;94.7;95.5;149086
2014-07-16;94.9;95.45;94.3;95.2;103294
2014-07-15;95.0;95.5;94.1;94.55;92281
2014-07-14;95.0;96.1;94.85;95.65;95640
2014-07-11;96.1;96.1;93.95;94.2;108070
2014-07-10;94.7;95.85;94.2;95.4;151121
2014-07-09;95.1;95.65;94.7;95.4;132354
2014-07-08;96.15;96.5;95.0;95.1;116834
2014-07-07;96.3;96.55;94.15;96.55;266086
2014-07-04;97.3;97.45;96.05;96.3;110347
2014-07-03;94.8;97.75;94.8;96.85;247058
2014-07-02;93.85;95.4;93.8;94.9;182420
2014-07-01;94.0;94.2;93.45;93.65;176072
2014-06-30;94.3;94.5;93.45;93.8;200741
2014-06-27;94.4;94.4;93.55;94.0;207226
2014-06-26;94.1;94.15;93.15;94.0;170938
2014-06-25;94.8;94.8;93.1;93.5;235288
2014-06-24;94.5;95.05;93.65;94.7;431209
2014-06-23;94.6;94.6;93.0;94.25;269867
2014-06-20;;93.7;93.7;93.7;0
2014-06-19;93.25;94.05;92.8;93.7;652072
2014-06-18;94.25;94.25;92.25;92.55;491680
2014-06-17;94.6;94.9;93.3;93.75;357486
2014-06-16;96.95;96.95;93.8;94.5;288960
2014-06-13;97.85;97.85;96.45;96.8;296043
2014-06-12;96.55;97.95;96.55;97.9;423754
2014-06-11;98.6;98.9;96.45;96.55;303130
2014-06-10;99.05;99.35;98.25;98.6;253591
2014-06-09;97.25;99.2;97.0;99.1;282266
2014-06-06;;96.3;96.3;96.3;0
2014-06-05;96.15;96.75;95.7;96.3;575327
2014-06-04;96.6;96.6;96.15;96.4;146062
2014-06-03;97.6;97.9;96.55;96.6;185943
2014-06-02;97.15;98.0;96.5;97.15;189812
2014-05-30;96.8;97.5;96.35;96.55;432267
2014-05-28;96.0;96.45;95.4;96.2;127211
2014-05-27;95.0;96.8;94.8;96.0;461950
2014-05-26;95.7;95.8;94.7;95.2;196344
2014-05-23;95.0;95.95;94.25;95.65;379536
2014-05-22;94.85;95.05;94.0;94.75;362231
2014-05-21;94.5;94.55;93.55;94.0;366571
2014-05-20;97.5;97.5;94.4;94.5;402959
2014-05-19;96.65;97.55;96.15;97.3;180735
2014-05-16;96.7;97.15;96.1;96.5;174361
2014-05-15;98.35;98.35;96.6;96.75;330541
2014-05-14;98.85;99.0;96.9;98.1;355883
2014-05-13;98.5;98.8;97.85;98.75;203899
2014-05-12;97.75;98.25;97.25;98.0;258351
2014-05-09;97.5;97.5;96.4;97.0;229076
2014-05-08;96.5;97.5;96.5;97.0;335736
2014-05-07;96.15;96.7;95.65;96.35;235195
2014-05-06;96.5;97.2;95.05;96.0;349226
2014-05-05;95.9;96.45;94.8;96.05;172984
2014-05-02;95.55;96.0;95.1;95.45;219685
2014-05-01;;95.0;95.0;95.0;0
2014-04-30;95.5;95.55;94.75;95.0;81687
2014-04-29;95.45;95.8;95.05;95.2;193362
2014-04-28;95.7;95.8;94.95;95.2;150975
2014-04-25;94.25;95.25;94.05;94.9;221998
2014-04-24;94.35;94.5;93.55;94.1;452984
2014-04-23;94.95;95.05;93.5;93.7;223415
2014-04-22;94.0;95.85;94.0;94.65;318312
2014-04-17;92.85;93.5;92.5;93.5;125028
2014-04-16;92.0;92.85;91.55;92.45;339955
2014-04-15;92.3;92.8;91.05;91.2;347034
2014-04-14;91.0;92.35;91.0;92.05;250421
2014-04-11;91.4;91.4;90.05;90.85;374165
2014-04-10;92.85;93.8;91.55;91.55;442507
2014-04-09;91.8;92.55;91.5;92.4;94598
2014-04-08;92.4;92.4;90.75;91.5;189123
2014-04-07;91.5;92.1;91.0;92.1;121328
2014-04-04;92.1;92.35;91.65;92.05;145750
2014-04-03;92.0;92.1;91.4;91.85;192463
2014-04-02;91.9;92.3;91.55;91.85;188133
2014-04-01;92.0;92.0;91.15;91.55;250305
2014-03-31;89.8;91.3;89.4;91.3;542370
2014-03-28;89.6;89.75;89.3;89.4;228473
2014-03-27;89.15;89.4;89.0;89.15;192391
2014-03-26;89.85;89.85;89.0;89.05;395482
2014-03-25;89.0;89.3;88.55;89.05;186946
2014-03-24;89.45;89.75;88.2;88.5;282269
2014-03-21;89.7;90.0;88.85;89.4;789413
2014-03-20;94.3;94.3;91.9;92.1;357166
2014-03-19;94.85;94.85;93.9;94.45;281891
2014-03-18;93.95;94.6;93.6;94.2;243736
2014-03-17;92.0;93.9;92.0;93.9;150190
2014-03-14;92.65;93.1;91.9;92.05;227121
2014-03-13;93.3;93.8;92.7;93.05;198041
2014-03-12;94.2;94.35;92.85;92.85;251258
2014-03-11;94.6;94.6;94.0;94.4;231006
2014-03-10;95.45;95.55;93.9;94.0;382800
2014-03-07;95.7;96.0;94.95;95.0;182021
2014-03-06;95.45;95.8;95.1;95.4;387419
2014-03-05;96.0;96.15;94.75;94.85;144742
2014-03-04;95.0;96.35;95.0;95.9;185471
2014-03-03;95.15;95.45;94.05;94.35;223361
2014-02-28;95.15;96.3;95.15;96.25;214737
2014-02-27;95.45;96.25;95.15;95.4;210991
2014-02-26;94.9;95.5;94.8;95.45;204079
2014-02-25;94.85;95.0;94.35;95.0;219017
2014-02-24;94.95;95.0;94.25;94.45;255322
2014-02-21;95.25;95.25;94.6;94.8;211503
2014-02-20;94.35;95.35;94.15;94.7;244851
2014-02-19;93.65;94.7;93.2;94.5;171849
2014-02-18;93.7;94.2;92.95;93.6;234101
2014-02-17;93.0;94.45;93.0;94.3;183337
2014-02-14;91.95;92.65;91.5;92.4;221903
2014-02-13;91.95;92.1;90.55;92.1;344220
2014-02-12;90.8;91.9;90.6;91.35;268102
2014-02-11;90.35;90.9;90.05;90.65;611885
2014-02-10;90.6;90.6;89.6;89.7;146331
2014-02-07;89.25;90.0;88.75;89.95;158449
2014-02-06;88.95;89.35;88.2;88.55;328486
2014-02-05;87.8;88.4;87.2;88.25;255657
2014-02-04;87.7;87.95;86.75;87.3;178822
2014-02-03;88.0;88.7;87.3;87.7;175434
2014-01-31;88.5;89.6;87.3;87.85;156218
2014-01-30;87.75;89.35;87.4;88.1;240413
2014-01-29;89.5;89.9;87.65;87.75;173746
2014-01-28;89.0;89.15;87.2;88.65;109742
2014-01-27;88.5;88.75;87.35;88.35;149585
2014-01-24;89.15;89.75;88.1;88.1;104072
2014-01-23;89.9;90.25;89.35;89.45;161071
2014-01-22;89.55;90.0;89.3;89.9;143762
2014-01-21;89.85;90.25;89.5;89.6;104907
2014-01-20;89.5;90.25;89.35;89.6;81670
2014-01-17;88.2;90.6;88.2;90.0;294781
2014-01-16;88.45;88.45;87.7;88.2;106889
2014-01-15;87.75;89.1;87.65;88.45;167945
2014-01-14;87.7;87.8;87.0;87.4;146402
2014-01-13;88.3;88.85;88.05;88.05;126246
2014-01-10;87.05;88.3;87.05;88.15;139451
2014-01-09;87.0;87.4;86.85;87.3;155284
2014-01-08;87.7;87.7;86.6;86.95;132613
2014-01-07;87.15;87.3;86.55;87.1;198836
2014-01-06;;86.4;86.4;86.4;0
2014-01-03;86.2;87.15;85.95;86.4;218970
2014-01-02;86.9;86.9;85.0;85.95;274652
2013-12-31;;86.15;86.15;86.15;0
2013-12-30;85.85;86.3;85.5;86.15;167915
2013-12-27;86.25;86.6;85.65;85.75;98660
2013-12-23;84.8;86.05;84.8;85.9;115446
2013-12-20;85.6;85.85;84.8;85.3;299855
2013-12-19;84.9;85.75;84.45;85.75;173907
2013-12-18;83.55;84.4;83.2;83.95;117587
2013-12-17;84.0;84.4;83.45;83.45;169544
2013-12-16;84.2;84.85;84.0;84.0;108526
2013-12-13;84.15;85.05;84.0;84.0;195683
2013-12-12;84.55;84.55;83.9;84.35;174650
2013-12-11;85.75;85.85;84.0;84.0;190178
2013-12-10;85.4;86.15;85.0;85.65;302153
2013-12-09;85.0;85.4;84.45;85.3;214009
2013-12-06;83.55;84.95;83.55;84.55;306881
2013-12-05;84.25;84.4;83.6;83.6;105193
2013-12-04;84.15;85.0;83.75;83.9;143431
2013-12-03;84.75;84.9;83.8;84.25;184367
2013-12-02;85.05;85.35;84.75;84.8;109902
2013-11-29;85.5;85.95;85.0;85.0;314069
2013-11-28;85.25;85.65;84.45;85.2;122125
2013-11-27;85.25;85.4;84.8;85.25;62297
2013-11-26;84.75;85.05;84.35;85.05;128884
2013-11-25;85.75;85.75;84.75;84.75;92198
2013-11-22;85.15;85.25;84.75;85.25;79865
2013-11-21;85.5;85.8;84.7;85.1;122712
2013-11-20;85.65;85.75;85.15;85.5;118079
2013-11-19;86.3;86.3;85.5;85.7;161550
2013-11-18;85.5;86.4;85.05;86.4;256737
2013-11-15;85.0;85.3;84.35;85.3;127935
2013-11-14;85.2;85.5;84.6;84.8;65016
2013-11-13;85.1;85.35;84.5;84.55;177396
2013-11-12;85.0;85.5;84.75;84.95;342806
2013-11-11;83.7;84.85;83.7;84.8;218488
2013-11-08;83.8;83.8;83.35;83.65;215254
2013-11-07;84.35;84.75;83.65;83.8;182227
2013-11-06;84.25;84.9;84.05;84.8;136319
2013-11-05;84.1;84.7;84.1;84.35;81410
2013-11-04;85.0;85.25;83.65;84.15;141566
2013-11-01;85.0;85.0;84.2;84.9;40637
2013-10-31;85.3;85.3;84.1;84.85;131717
2013-10-30;85.65;86.0;84.95;85.35;174120
2013-10-29;85.25;86.1;85.15;85.45;175430
2013-10-28;85.0;85.55;84.95;85.25;184200
2013-10-25;84.7;85.3;84.6;84.9;223589
2013-10-24;84.25;84.9;84.25;84.8;113124
2013-10-23;84.5;84.75;84.35;84.6;157220
2013-10-22;84.5;84.7;83.9;84.65;183812
2013-10-21;84.0;84.45;83.25;84.45;291206
2013-10-18;82.4;84.0;82.4;84.0;234209
2013-10-17;81.2;82.35;81.2;82.35;220589
2013-10-16;81.25;81.35;80.6;81.0;159843
2013-10-15;81.75;82.2;81.55;81.65;115085
2013-10-14;81.05;81.55;80.9;81.5;72350
2013-10-11;81.5;81.75;81.2;81.5;161301
2013-10-10;80.8;81.85;80.6;81.5;201233
2013-10-09;80.25;80.85;79.85;80.6;162816
2013-10-08;80.9;80.9;80.0;80.25;185449
2013-10-07;81.55;81.6;80.65;80.85;139468
2013-10-04;82.1;82.1;81.5;81.55;223289
2013-10-03;82.15;82.45;81.7;81.9;105737
2013-10-02;82.05;82.8;81.85;82.3;95808
2013-10-01;81.8;82.8;81.3;82.8;234552
2013-09-30;81.5;82.0;81.25;81.8;198918
2013-09-27;82.8;82.8;82.0;82.0;155679
2013-09-26;82.5;82.85;82.1;82.65;161142
2013-09-25;82.65;82.75;82.0;82.2;165358
2013-09-24;82.95;83.1;82.15;82.45;232257
2013-09-23;84.6;84.65;82.65;82.75;372050
2013-09-20;85.0;85.35;84.55;84.65;342639
2013-09-19;83.2;85.4;83.2;85.0;574190
2013-09-18;82.9;83.15;82.15;82.35;477475
2013-09-17;83.5;83.75;82.7;83.0;133019
2013-09-16;83.4;83.9;83.25;83.5;233882
2013-09-13;83.35;83.65;83.0;83.0;103378
2013-09-12;83.7;83.75;83.05;83.3;356301
2013-09-11;83.3;83.85;82.8;83.7;249490
2013-09-10;82.4;83.8;82.4;82.75;306354
2013-09-09;82.8;82.8;81.95;82.15;625705
2013-09-06;83.6;83.6;82.0;82.55;264761
2013-09-05;83.5;84.0;83.05;83.2;266852
2013-09-04;83.0;83.65;82.75;83.2;420436
2013-09-03;83.1;83.3;82.0;82.0;311429
2013-09-02;81.0;83.1;81.0;83.1;782098
2013-08-30;80.85;81.35;80.25;80.7;187948
2013-08-29;81.0;81.2;80.2;80.85;263217
2013-08-28;81.4;81.5;80.5;80.9;171223
2013-08-27;83.35;83.45;81.0;81.55;435991
2013-08-26;83.0;83.3;82.55;83.3;210605
2013-08-23;81.2;82.8;81.2;82.5;506481
2013-08-22;81.2;81.95;80.8;80.85;299624
2013-08-21;82.0;82.35;80.75;80.85;172347
2013-08-20;81.85;82.05;81.4;81.8;99823
2013-08-19;82.0;82.4;81.2;81.85;188484
2013-08-16;81.85;82.55;81.4;81.8;473450
2013-08-15;83.0;83.05;81.5;82.05;113670
2013-08-14;83.25;83.7;83.05;83.05;147065
2013-08-13;83.4;83.8;83.1;83.25;155512
2013-08-12;83.1;83.5;82.45;83.25;119002
2013-08-09;83.85;84.6;83.05;83.1;401465
2013-08-08;84.45;85.0;83.85;83.95;609291
2013-08-07;84.4;84.5;83.7;84.5;201694
2013-08-06;84.95;85.1;84.15;84.45;157582
2013-08-05;84.0;85.15;84.0;84.85;142835
2013-08-02;84.75;85.6;83.75;83.9;167033
2013-08-01;83.1;85.15;82.85;85.1;207993
2013-07-31;83.3;83.6;82.75;82.75;111760
2013-07-30;83.0;83.85;82.8;83.4;112757
2013-07-29;82.5;83.05;82.25;82.5;94214
2013-07-26;82.95;83.1;82.35;82.35;81726
2013-07-25;82.45;82.95;82.25;82.95;127540
2013-07-24;82.55;82.65;82.0;82.3;127741
2013-07-23;83.3;83.35;82.0;82.5;117304
2013-07-22;83.35;83.75;82.35;82.9;172180
2013-07-19;83.3;83.35;82.7;83.2;184770
2013-07-18;83.15;83.45;82.55;83.3;105955
2013-07-17;83.2;83.5;82.0;82.7;131890
2013-07-16;83.2;83.35;82.8;83.0;121083
2013-07-15;84.0;84.2;82.8;83.15;165929
2013-07-12;83.35;83.9;83.2;83.2;94711
2013-07-11;82.75;83.5;82.7;83.35;261932
2013-07-10;82.85;83.0;82.05;82.3;175691
2013-07-09;82.8;83.15;82.35;82.85;192908
2013-07-08;82.85;83.4;82.8;82.8;235984
2013-07-05;82.85;83.85;81.75;82.65;365916
2013-07-04;80.15;82.25;80.15;82.05;193416
2013-07-03;80.85;81.2;79.8;80.25;229632
2013-07-02;80.85;81.35;80.05;81.35;313675
2013-07-01;81.65;85.0;79.85;80.25;398419
2013-06-28;80.2;80.95;80.15;80.2;505809
2013-06-27;78.6;80.45;78.5;80.15;418369
2013-06-26;77.7;79.2;77.55;78.8;540139
2013-06-25;77.2;77.75;76.55;77.45;648711
2013-06-24;79.85;79.85;76.65;76.9;423144
2013-06-21;;80.15;80.15;80.15;0
2013-06-20;81.6;81.7;80.05;80.15;310514
2013-06-19;83.25;83.25;81.85;82.3;248136
2013-06-18;83.25;83.45;82.75;83.15;229859
2013-06-17;83.5;83.75;83.05;83.25;166827
2013-06-14;83.3;84.05;83.0;83.45;214117
2013-06-13;83.45;83.7;82.5;83.15;238386
2013-06-12;83.6;84.45;82.85;83.75;431476
2013-06-11;85.9;85.9;83.25;83.65;434712
2013-06-10;86.3;86.35;85.2;85.45;173049
2013-06-07;86.1;87.05;84.15;86.35;354948
2013-06-06;;86.1;86.1;86.1;0
2013-06-05;87.8;87.8;85.7;86.1;232906
2013-06-04;87.4;88.0;86.6;87.9;664002
2013-06-03;87.2;87.2;85.75;86.95;443849
2013-05-31;88.35;88.35;86.6;87.35;269076
2013-05-30;88.75;88.75;87.2;88.25;418951
2013-05-29;89.4;89.8;88.7;88.85;314858
2013-05-28;90.25;90.7;89.5;89.5;354890
2013-05-27;90.95;90.95;89.95;90.15;164565
2013-05-24;90.25;90.85;89.85;90.55;239791
2013-05-23;92.9;92.9;90.2;90.25;377923
2013-05-22;92.1;93.65;92.1;93.1;435698
2013-05-21;94.6;94.7;93.3;94.0;521559
2013-05-20;93.5;95.25;93.4;94.55;496755
2013-05-17;92.05;94.05;92.0;93.95;378620
2013-05-16;92.3;92.35;91.7;92.0;264958
2013-05-15;90.25;91.7;90.25;91.7;189096
2013-05-14;90.0;90.95;90.0;90.8;155863
2013-05-13;90.55;90.75;90.0;90.3;713058
2013-05-10;90.3;91.0;89.65;90.15;205931
2013-05-09;;89.6;89.6;89.6;0
2013-05-08;88.95;89.6;88.35;89.6;135335
2013-05-07;88.25;89.3;88.25;89.05;343909
2013-05-06;86.7;88.2;86.65;88.2;192540
2013-05-03;85.9;87.15;85.6;86.65;314187
2013-05-02;85.0;86.55;85.0;86.4;459339
2013-05-01;;84.7;84.7;84.7;0
2013-04-30;84.25;84.85;84.25;84.7;147671
2013-04-29;84.0;84.7;83.6;84.25;133771
2013-04-26;84.0;84.0;83.3;83.35;160165
2013-04-25;82.6;84.0;82.6;83.8;184875
2013-04-24;83.0;83.15;82.3;82.85;296066
2013-04-23;82.45;82.85;81.7;82.85;192062
2013-04-22;81.45;82.5;81.3;82.0;204502
2013-04-19;81.95;81.95;81.1;81.45;276352
2013-04-18;81.0;81.7;80.5;81.45;193177
2013-04-17;81.9;82.3;80.45;80.95;254208
2013-04-16;81.95;82.3;81.75;82.05;298523
2013-04-15;83.2;83.45;81.75;82.0;231837
2013-04-12;83.4;83.75;82.5;83.2;388087
2013-04-11;82.85;83.95;82.65;83.15;384144
2013-04-10;81.2;82.9;80.3;82.85;373264
2013-04-09;81.75;82.5;81.4;82.15;199739
2013-04-08;80.85;82.3;80.85;81.95;325560
2013-04-05;82.4;82.65;80.85;81.1;332685
2013-04-04;84.05;84.1;82.1;82.4;224005
2013-04-03;83.5;84.35;83.0;83.9;264251
2013-04-02;81.8;83.7;81.6;83.2;269317
2013-04-01;;81.8;81.8;81.8;0
2013-03-29;81.8;81.8;81.8;81.8;154764
2013-03-28;81.8;82.0;80.8;80.9;154764
2013-03-27;81.8;82.0;80.8;80.9;154764
2013-03-26;81.7;82.05;81.35;81.8;218086
2013-03-25;82.9;82.9;81.15;81.5;242556
2013-03-22;83.0;83.0;81.85;82.25;203969
2013-03-21;84.9;85.55;84.4;85.2;365591
2013-03-20;84.0;85.0;83.9;84.6;363496
2013-03-19;85.6;85.6;83.65;84.2;278135
2013-03-18;84.5;85.3;84.1;85.15;482457
2013-03-15;88.0;88.15;84.35;84.35;1914937
2013-03-14;87.45;87.9;87.1;87.8;212753
2013-03-13;87.0;87.35;86.8;87.35;430270
2013-03-12;87.55;87.9;86.8;86.8;248285
2013-03-11;88.5;88.95;87.65;88.1;639892
2013-03-08;89.1;89.55;88.3;88.5;152235
2013-03-07;88.85;89.95;88.65;89.2;341629
2013-03-06;89.75;89.75;88.3;88.3;218958
2013-03-05;88.9;89.5;88.9;89.25;194455
2013-03-04;89.35;89.35;88.2;88.6;153842
2013-03-01;88.7;89.4;88.55;89.2;131950
2013-02-28;89.35;89.5;88.8;89.1;235918
2013-02-27;89.05;89.6;88.0;89.0;144834
2013-02-26;87.95;89.2;87.65;88.7;234290
2013-02-25;89.15;89.35;88.2;88.95;287281
2013-02-22;89.4;89.75;88.45;88.5;274505
2013-02-21;90.25;90.5;87.85;89.0;331035
2013-02-20;88.7;90.65;88.6;90.25;355652
2013-02-19;87.7;88.9;87.7;88.55;238261
2013-02-18;86.9;88.5;86.9;87.5;356837
2013-02-15;85.9;86.8;85.1;86.75;1042150
2013-02-14;85.75;85.75;83.85;84.9;242691
2013-02-13;84.45;86.1;84.25;85.45;337598
2013-02-12;83.9;84.0;83.45;83.75;134671
2013-02-11;83.7;84.0;83.05;83.6;295132
2013-02-08;83.95;84.25;83.5;83.7;186523
2013-02-07;83.4;84.3;83.15;83.25;156738
2013-02-06;83.75;84.3;82.9;83.4;163244
2013-02-05;82.0;83.6;82.0;83.5;183301
2013-02-04;83.85;83.85;81.85;82.0;158331
2013-02-01;82.3;83.2;82.3;82.85;187591
2013-01-31;83.0;83.5;81.85;82.25;251888
2013-01-30;83.85;83.95;82.7;82.8;386436
2013-01-29;83.0;83.6;82.15;82.65;173913
2013-01-28;83.4;83.75;82.55;82.8;187371
2013-01-25;82.6;83.0;82.45;82.95;145857
2013-01-24;82.35;82.55;81.85;82.55;486025
2013-01-23;82.15;82.25;81.65;82.25;163704
2013-01-22;82.05;82.5;81.85;82.15;147672
2013-01-21;82.6;82.6;82.15;82.45;160342
2013-01-18;82.25;82.6;82.05;82.2;196560
2013-01-17;81.75;82.3;81.4;82.3;125845
2013-01-16;80.7;81.8;79.95;81.75;284769
2013-01-15;80.0;80.95;79.85;80.5;412994
2013-01-14;80.5;80.65;80.0;80.1;183246
2013-01-11;81.8;81.8;80.0;80.0;1019395
2013-01-10;81.85;81.95;80.5;80.6;630943
2013-01-09;82.35;82.35;81.75;81.75;205249
2013-01-08;81.5;82.4;81.5;82.0;453902
2013-01-07;82.15;82.4;81.5;81.8;159031
2013-01-04;81.75;82.25;81.5;82.15;196229
2013-01-03;82.2;82.2;81.3;81.75;121954
2013-01-02;82.6;83.0;82.05;82.35;289047
2013-01-01;;81.95;81.95;81.95;0
2012-12-31;;81.95;81.95;81.95;0
2012-12-28;82.2;82.5;81.65;81.95;120301
2012-12-27;81.7;83.2;81.5;82.35;240792
2012-12-26;;81.5;81.5;81.5;0
2012-12-25;;81.5;81.5;81.5;0
2012-12-24;;81.5;81.5;81.5;0
2012-12-21;82.5;82.5;81.5;81.5;637066
2012-12-20;83.25;83.3;82.55;82.7;412896
2012-12-19;84.3;84.3;83.2;83.35;211168
2012-12-18;84.0;84.35;83.7;84.3;270885
2012-12-17;83.05;83.65;82.75;83.5;248802
2012-12-14;83.05;83.6;83.05;83.25;152362
2012-12-13;83.75;84.05;83.3;83.35;170746
2012-12-12;84.3;84.35;83.6;84.15;125654
2012-12-11;83.6;84.55;83.15;84.4;189302
2012-12-10;82.75;83.75;82.55;83.6;206438
2012-12-07;83.45;83.7;82.8;83.2;222447
2012-12-06;84.45;84.75;83.25;83.45;317208
2012-12-05;85.15;85.15;84.05;84.45;90026
2012-12-04;85.15;85.2;84.5;84.5;129297
2012-12-03;85.15;85.7;84.8;85.1;188553
2012-11-30;84.35;85.6;83.35;85.0;613717
2012-11-29;82.55;83.75;82.05;83.7;322986
2012-11-28;81.25;81.95;81.25;81.85;265194
2012-11-27;80.6;81.45;80.6;81.25;190261
2012-11-26;81.1;81.1;80.4;80.5;215892
2012-11-23;81.5;81.5;81.15;81.2;209691
2012-11-22;80.85;81.25;80.8;81.25;151621
2012-11-21;81.2;81.2;80.55;80.95;120938
2012-11-20;81.75;81.75;80.8;81.05;259902
2012-11-19;81.25;82.3;81.25;82.1;312356
2012-11-16;81.15;82.25;80.9;81.25;179004
2012-11-15;82.0;82.0;81.2;81.45;91090
2012-11-14;83.0;83.4;82.0;82.7;105031
2012-11-13;83.45;83.45;82.6;83.0;167479
2012-11-12;83.55;83.95;83.2;83.4;85776
2012-11-09;84.0;84.0;82.6;83.45;199430
2012-11-08;84.5;84.5;83.3;83.8;94292
2012-11-07;85.2;85.6;84.05;84.15;153162
2012-11-06;84.35;85.15;84.2;85.15;160071
2012-11-05;85.0;85.4;84.1;84.2;131027
2012-11-02;84.5;85.35;84.5;85.0;44737
2012-11-01;84.3;84.9;84.05;84.8;173129
2012-10-31;83.75;84.3;83.65;84.25;152166
2012-10-30;84.0;84.45;83.7;83.7;101414
2012-10-29;83.5;84.35;83.45;83.95;98292
2012-10-26;83.4;83.85;82.2;83.85;85267
2012-10-25;84.0;84.0;82.8;83.45;174418
2012-10-24;83.7;83.9;82.95;83.85;153396
2012-10-23;84.15;84.3;83.05;83.35;232228
2012-10-22;84.6;84.8;84.1;84.4;127088
2012-10-19;84.05;84.85;84.05;84.65;113279
2012-10-18;84.5;84.7;83.9;84.45;181692
2012-10-17;83.25;84.45;82.8;84.35;291683
2012-10-16;82.15;83.0;82.15;83.0;250046
2012-10-15;80.65;82.4;80.65;82.2;220849
2012-10-12;80.85;81.3;80.65;80.9;117061
2012-10-11;80.25;81.15;80.25;81.0;144470
2012-10-10;81.4;81.4;79.85;80.35;134373
