Dates;Open;High;Low;Close;Volume
2017-10-09;284.5;288.2;282.6;282.8;186240
2017-10-06;283.7;286.2;283.3;284.8;236194
2017-10-05;284.2;284.5;282.4;283.6;159358
2017-10-04;285.3;285.3;282.3;283.8;171296
2017-10-03;285.2;286.7;283.3;285.2;181859
2017-10-02;288.4;289.9;283.8;284.4;292870
2017-09-29;281.8;290.0;281.8;288.0;523142
2017-09-28;279.0;281.3;277.8;281.0;390624
2017-09-27;277.9;279.0;277.2;278.1;219306
2017-09-26;279.0;279.0;276.9;277.9;219156
2017-09-25;278.9;279.5;277.9;279.3;220451
2017-09-22;279.0;279.6;277.0;278.9;184808
2017-09-21;280.6;281.5;278.6;279.2;230926
2017-09-20;280.9;283.3;278.9;280.1;448994
2017-09-19;281.9;282.6;279.6;281.0;402904
2017-09-18;280.9;283.1;279.4;280.9;364422
2017-09-15;284.8;284.8;279.5;280.5;542648
2017-09-14;275.2;287.6;274.9;284.4;919598
2017-09-13;274.0;276.3;271.6;275.0;474542
2017-09-12;273.9;276.7;272.2;273.2;466765
2017-09-11;269.7;274.4;269.0;273.4;493987
2017-09-08;265.4;269.8;265.3;268.1;564972
2017-09-07;259.9;263.4;258.8;262.5;270120
2017-09-06;258.7;259.8;255.8;259.3;364955
2017-09-04;257.8;260.7;256.5;259.8;209986
2017-09-01;258.8;261.3;255.8;259.0;374065
2017-08-31;249.9;260.0;249.1;259.3;501933
2017-08-30;252.0;256.4;251.2;255.5;455843
2017-08-29;251.0;251.6;248.6;250.2;468367
2017-08-28;250.1;252.4;249.3;250.9;298886
2017-08-25;245.1;251.2;245.1;250.1;454496
2017-08-24;245.4;248.0;243.3;245.1;403387
2017-08-23;245.5;246.1;243.7;245.2;323607
2017-08-22;245.0;246.2;239.6;245.8;788418
2017-08-21;247.8;247.9;243.2;244.4;350416
2017-08-18;248.4;249.1;246.6;248.0;372872
2017-08-17;246.7;250.2;244.9;249.9;854866
2017-08-16;245.3;248.9;242.8;247.1;689546
2017-08-15;246.9;247.1;240.3;240.5;864486
2017-08-14;245.9;248.9;245.4;246.4;739572
2017-08-11;254.4;254.4;245.4;245.6;525198
2017-08-10;257.2;257.8;254.4;254.4;339178
2017-08-09;257.0;257.2;253.3;256.7;338052
2017-08-08;260.9;262.0;257.5;257.5;468070
2017-08-07;262.0;263.0;258.2;260.7;340562
2017-08-04;262.8;262.8;254.7;261.4;630500
2017-08-03;263.3;266.6;262.1;262.8;252307
2017-08-02;265.5;269.4;262.5;263.1;435288
2017-08-01;263.9;265.5;262.3;264.8;358589
2017-07-31;266.0;266.1;261.3;262.8;1133232
2017-07-28;267.9;268.1;264.0;265.5;428340
2017-07-27;275.0;275.1;266.6;267.3;532045
2017-07-26;268.5;279.0;267.0;270.2;1164135
2017-07-25;290.0;290.0;262.4;262.9;1607840
2017-07-24;289.7;289.9;283.6;285.0;417999
2017-07-21;290.2;292.7;286.4;287.5;198749
2017-07-20;292.4;294.7;290.9;291.4;278904
2017-07-19;286.5;294.4;286.2;292.4;456151
2017-07-18;285.3;286.9;283.8;285.0;266158
2017-07-17;285.5;287.6;283.2;286.0;226370
2017-07-14;284.8;286.0;282.9;285.5;247842
2017-07-13;286.7;287.4;282.1;283.8;294824
2017-07-12;282.4;287.3;282.4;286.7;389113
2017-07-11;290.8;291.2;278.1;281.0;450048
2017-07-10;288.6;291.5;287.6;290.5;372288
2017-07-07;287.7;289.6;286.3;288.5;171210
2017-07-06;292.5;292.5;287.2;288.3;206585
2017-07-05;294.0;298.2;289.8;291.9;640853
2017-07-04;287.0;298.2;285.5;296.8;447049
2017-07-03;286.9;291.8;286.7;287.8;463705
2017-06-30;287.8;287.9;282.6;286.0;485324
2017-06-29;298.0;300.1;294.0;294.2;358373
2017-06-28;300.3;301.0;295.5;297.0;373030
2017-06-27;306.0;307.3;301.3;301.8;242274
2017-06-26;305.0;310.9;302.6;305.7;546346
2017-06-23;;304.9;304.9;304.9;0
2017-06-22;307.6;308.6;300.4;304.9;383532
2017-06-21;310.7;311.0;305.5;307.6;291938
2017-06-20;308.2;313.4;308.2;310.5;430002
2017-06-19;305.1;308.6;305.1;308.0;339229
2017-06-16;295.5;306.9;294.5;304.4;547391
2017-06-15;299.0;299.0;290.2;295.4;445809
2017-06-14;295.0;301.2;293.7;299.2;711016
2017-06-13;289.7;294.5;287.8;293.9;521275
2017-06-12;298.0;298.1;289.4;289.7;605381
2017-06-09;292.7;298.3;291.9;298.0;398852
2017-06-08;291.5;293.6;289.8;292.6;501217
2017-06-07;290.2;291.6;289.8;291.3;367414
2017-06-06;;293.1;293.1;293.1;0
2017-06-05;294.8;296.9;292.3;293.1;233900
2017-06-02;297.0;297.0;292.6;294.2;300750
2017-06-01;294.9;299.5;293.6;296.7;280497
2017-05-31;301.0;301.2;293.1;294.2;421421
2017-05-30;296.0;301.4;294.3;300.8;285238
2017-05-29;302.6;303.0;294.6;296.2;282510
2017-05-26;306.5;306.7;298.9;302.4;362723
2017-05-24;296.8;306.1;294.9;306.1;394133
2017-05-23;292.3;298.0;290.9;295.4;518158
2017-05-22;306.4;306.4;291.3;291.9;761287
2017-05-19;308.0;309.4;302.2;305.2;481186
2017-05-18;324.0;325.0;305.7;307.0;1086953
2017-05-17;353.0;354.2;347.0;347.5;163210
2017-05-16;353.5;354.9;350.5;353.9;208107
2017-05-15;355.0;355.5;350.9;353.2;147714
2017-05-12;354.1;353.3;353.3;353.3;111680
2017-05-11;358.0;358.7;352.2;353.8;117695
2017-05-10;357.3;359.2;354.4;357.6;123879
2017-05-09;357.0;360.2;355.6;357.2;190189
2017-05-08;353.3;355.5;349.4;355.1;216379
2017-05-05;350.0;350.9;345.9;350.4;156772
2017-05-04;349.6;350.8;346.4;350.8;153640
2017-05-03;352.6;352.6;344.7;347.4;196098
2017-05-02;353.4;353.9;349.2;352.7;204592
2017-05-01;;352.0;352.0;352.0;0
2017-04-28;348.5;352.9;346.9;352.0;392019
2017-04-27;354.3;354.3;346.9;348.0;240305
2017-04-26;351.8;359.6;350.1;354.3;362840
2017-04-25;348.0;354.1;344.0;350.7;265980
2017-04-24;347.0;351.2;341.6;349.9;263653
2017-04-21;345.1;345.1;340.8;342.2;180082
2017-04-20;346.0;347.6;343.1;344.6;210564
2017-04-19;345.1;348.9;343.4;347.8;162541
2017-04-18;348.5;348.6;342.5;344.2;279453
2017-04-13;350.1;350.7;346.0;346.9;70216
2017-04-12;346.0;354.0;346.0;351.6;215643
2017-04-11;346.4;347.8;344.7;346.0;153513
2017-04-10;344.4;347.4;343.5;347.3;171462
2017-04-07;341.0;344.8;339.2;344.8;286049
2017-04-06;337.9;341.4;337.3;340.6;635650
2017-04-05;337.0;339.4;336.9;337.8;177170
2017-04-04;338.0;340.8;337.3;337.7;173308
2017-04-03;334.4;340.1;332.4;338.0;347468
2017-03-31;330.0;335.0;329.5;334.5;153997
2017-03-30;329.3;332.4;328.7;331.0;121824
2017-03-29;328.0;330.4;326.1;329.4;171463
2017-03-28;328.8;331.4;326.4;328.8;182029
2017-03-27;328.4;328.9;326.3;328.0;208327
2017-03-24;329.0;330.2;326.9;329.0;133985
2017-03-23;324.9;330.0;324.6;329.4;263757
2017-03-22;326.0;327.6;322.4;325.7;242668
2017-03-21;338.0;338.9;327.2;327.2;395760
2017-03-20;337.5;340.2;337.3;338.0;307217
2017-03-17;334.4;337.7;332.4;337.5;184508
2017-03-16;335.5;336.1;331.6;334.2;316163
2017-03-15;333.0;335.4;330.9;333.4;167161
2017-03-14;330.0;333.5;327.5;333.0;232648
2017-03-13;331.0;334.7;329.3;333.4;243564
2017-03-10;329.8;331.0;331.0;331.0;243059
2017-03-09;325.9;330.2;324.4;329.8;148852
2017-03-08;325.0;327.5;323.0;327.1;130419
2017-03-07;326.6;327.5;322.4;326.3;263595
2017-03-06;327.5;327.5;322.7;326.6;184651
2017-03-03;328.3;327.6;327.6;327.6;213340
2017-03-02;329.9;330.8;326.0;328.3;256446
2017-03-01;328.3;330.8;326.7;329.7;195103
2017-02-28;325.0;327.5;323.2;326.5;238139
2017-02-27;324.7;325.5;319.8;323.5;427569
2017-02-24;330.0;330.1;322.5;323.6;440896
2017-02-23;319.0;330.8;319.0;329.4;493302
2017-02-22;317.0;319.0;316.5;318.0;279645
2017-02-21;315.0;317.4;313.8;316.4;129480
2017-02-20;314.0;317.6;312.4;316.6;255206
2017-02-17;312.1;315.0;312.1;312.5;433306
2017-02-16;315.1;315.5;311.6;312.9;244739
2017-02-15;310.0;316.8;309.0;315.1;447810
2017-02-14;306.3;309.8;305.6;309.1;237317
2017-02-13;307.0;307.0;303.4;306.1;217137
2017-02-10;306.6;306.7;303.5;305.8;166264
2017-02-09;305.0;306.6;302.0;304.4;277876
2017-02-08;302.9;304.2;299.3;303.8;191094
2017-02-07;301.5;305.2;299.4;302.0;135243
2017-02-06;304.0;304.0;299.5;301.5;209645
2017-02-03;301.8;304.9;299.5;303.1;194973
2017-02-02;298.9;302.1;296.2;299.7;277027
2017-02-01;297.5;301.5;296.7;298.6;300239
2017-01-31;302.4;303.7;293.7;294.6;496994
2017-01-30;309.0;309.1;301.7;303.0;320944
2017-01-27;308.3;310.6;304.0;305.4;341969
2017-01-26;302.0;311.8;300.0;308.1;1022940
2017-01-25;289.6;292.2;285.0;288.3;537104
2017-01-24;288.4;289.6;284.8;288.5;341524
2017-01-23;293.0;293.5;288.6;289.6;176679
2017-01-20;292.3;293.9;289.1;293.0;183658
2017-01-19;292.5;293.7;290.7;292.1;207023
2017-01-18;293.0;293.1;291.3;292.5;313695
2017-01-17;297.0;297.0;291.6;293.3;368057
2017-01-16;297.5;298.6;295.9;297.0;216216
2017-01-13;292.8;297.9;292.1;297.5;527239
2017-01-12;305.0;305.4;291.7;292.8;722370
2017-01-11;310.0;311.3;308.5;309.7;122174
2017-01-10;310.3;310.9;307.5;309.4;321487
2017-01-09;310.7;311.4;307.0;309.0;251105
2017-01-06;;310.2;310.2;310.2;0
2017-01-05;314.0;314.8;310.2;310.2;91666
2017-01-04;313.9;314.1;311.0;314.0;215541
2017-01-03;312.5;314.8;311.0;312.1;239089
2017-01-02;307.0;313.2;306.5;313.2;105166
2016-12-30;307.2;308.2;306.1;307.4;118914
2016-12-29;310.5;310.5;307.0;307.2;138842
2016-12-28;312.2;312.6;309.3;310.5;130419
2016-12-27;310.8;313.3;310.1;312.4;101844
2016-12-23;311.3;311.3;308.5;309.1;184406
2016-12-22;311.7;313.2;308.6;309.6;171744
2016-12-21;314.0;316.7;310.1;311.0;286292
2016-12-20;313.2;316.6;313.2;314.6;309581
2016-12-19;315.1;318.4;311.8;312.3;324123
2016-12-16;315.5;318.0;310.8;316.9;1216610
2016-12-15;298.1;315.9;296.5;315.5;1109747
2016-12-14;297.0;298.6;292.2;293.2;630357
2016-12-13;310.0;311.4;292.4;299.4;1025422
2016-12-12;287.0;295.6;284.1;291.8;411198
2016-12-09;284.4;288.2;283.9;287.1;241462
2016-12-08;280.0;284.1;279.4;283.5;322614
2016-12-07;278.6;279.5;275.9;278.9;176672
2016-12-06;279.0;279.0;275.4;277.8;249507
2016-12-05;278.3;281.0;276.2;277.9;236138
2016-12-02;280.2;281.9;277.4;278.3;199503
2016-12-01;281.8;284.7;278.0;281.7;272701
2016-11-30;282.0;283.1;278.5;279.3;358227
2016-11-29;285.0;286.7;281.3;282.5;335739
2016-11-28;285.4;288.5;284.6;285.0;393700
2016-11-25;284.4;287.0;281.4;286.1;254476
2016-11-24;286.3;290.0;283.0;283.8;406014
2016-11-23;291.0;295.0;284.2;286.5;531565
2016-11-22;288.9;294.9;288.5;292.9;628345
2016-11-21;293.7;294.0;286.6;287.7;458800
2016-11-18;288.9;296.9;285.8;292.3;750261
2016-11-17;289.0;293.0;285.5;286.6;671300
2016-11-16;290.5;299.3;286.8;290.1;1141756
2016-11-15;300.1;310.0;281.7;289.0;1329095
2016-11-14;333.5;380.0;298.3;300.0;2818427
2016-11-11;278.0;280.0;274.5;278.3;755535
2016-11-10;268.8;282.7;268.0;277.1;579168
2016-11-09;261.6;268.7;260.5;266.7;443250
2016-11-08;270.3;272.0;269.0;270.4;141378
2016-11-07;271.6;272.1;270.2;270.9;219470
2016-11-04;271.7;272.6;269.6;269.6;122609
2016-11-03;271.0;272.8;268.5;271.7;267608
2016-11-02;275.4;275.4;270.0;270.6;225926
2016-11-01;279.4;279.7;275.1;275.9;215847
2016-10-31;280.0;280.0;276.8;278.5;128411
2016-10-28;281.6;281.6;277.2;279.0;201517
2016-10-27;283.5;283.5;279.9;280.9;156544
2016-10-26;284.5;285.5;281.1;282.5;610786
2016-10-25;286.0;286.9;283.9;284.0;419327
2016-10-24;289.9;289.9;285.2;286.0;176866
2016-10-21;288.4;288.5;285.2;287.9;218186
2016-10-20;291.0;294.5;287.6;288.3;346146
2016-10-19;294.6;296.8;283.8;290.7;1495219
2016-10-18;270.1;274.9;270.1;273.3;207468
2016-10-17;272.0;272.6;270.0;271.6;192726
2016-10-14;270.1;273.7;270.0;271.4;280997
2016-10-13;270.0;272.3;269.2;270.5;395077
2016-10-12;268.5;269.8;268.0;268.6;222075
2016-10-11;270.7;271.8;269.0;269.3;154213
2016-10-10;268.3;271.2;267.9;270.7;150069
2016-10-07;271.9;272.1;268.1;268.3;330893
2016-10-06;275.0;276.4;271.8;272.0;305812
2016-10-05;276.8;276.8;274.2;274.8;223490
2016-10-04;276.0;279.7;275.0;277.5;158815
2016-10-03;277.0;278.0;275.9;276.0;398330
2016-09-30;272.4;277.0;270.5;276.7;160470
2016-09-29;276.0;277.4;274.0;274.5;193859
2016-09-28;274.0;278.5;274.0;275.3;192607
2016-09-27;274.0;275.3;270.1;273.1;202326
2016-09-26;278.0;278.1;272.7;273.7;165551
2016-09-23;280.1;280.1;277.0;278.0;185070
2016-09-22;273.5;281.5;272.2;280.7;298737
2016-09-21;275.5;275.8;271.1;271.1;165276
2016-09-20;273.5;274.6;271.6;273.7;226553
2016-09-19;272.1;273.4;271.0;272.8;147423
2016-09-16;272.1;273.3;270.7;271.6;168648
2016-09-15;272.4;272.4;270.2;272.1;218411
2016-09-14;275.3;275.5;271.7;272.0;183781
2016-09-13;277.6;277.6;273.0;273.2;131685
2016-09-12;272.1;275.8;270.3;275.6;159647
2016-09-09;278.0;278.7;274.7;275.1;161865
2016-09-08;279.0;280.5;278.0;278.7;112980
2016-09-07;280.3;281.0;278.1;279.7;247539
2016-09-06;275.0;280.2;274.9;280.0;320280
2016-09-05;274.0;275.2;272.8;275.0;283541
2016-09-02;271.0;274.1;269.7;274.1;163088
2016-09-01;271.2;272.1;270.1;270.7;183235
2016-08-31;271.7;272.5;270.2;270.3;197620
2016-08-30;272.0;273.5;270.4;271.8;171000
2016-08-29;269.9;271.2;267.0;271.0;127510
2016-08-26;270.0;271.0;268.7;269.8;123023
2016-08-25;272.0;272.0;269.7;270.4;199646
2016-08-24;272.0;272.9;269.5;272.1;258155
2016-08-23;267.7;273.5;267.7;272.7;227304
2016-08-22;267.0;270.1;266.8;267.7;311008
2016-08-19;272.3;272.3;266.1;266.9;149540
2016-08-18;269.1;272.1;268.3;271.0;150411
2016-08-17;272.6;272.6;267.2;268.2;284775
2016-08-16;275.0;275.0;270.8;272.6;192935
2016-08-15;276.7;277.5;274.7;275.0;154498
2016-08-12;276.5;277.9;275.5;276.4;130486
2016-08-11;275.1;277.7;274.6;276.2;155323
2016-08-10;274.0;275.4;272.8;275.1;215630
2016-08-09;270.9;275.0;269.5;274.0;355301
2016-08-08;269.8;270.7;268.1;270.5;347846
2016-08-05;265.0;271.1;263.7;269.8;341811
2016-08-04;264.4;265.7;262.1;264.3;390764
2016-08-03;269.2;269.2;260.7;263.2;380761
2016-08-02;272.4;272.8;269.2;269.4;280771
2016-08-01;276.5;276.7;273.1;273.4;186947
2016-07-29;274.0;274.7;271.3;274.6;307622
2016-07-28;274.6;276.7;272.0;272.4;224304
2016-07-27;271.3;274.8;271.3;274.4;227404
2016-07-26;272.0;272.8;269.1;271.3;216531
2016-07-25;270.0;272.8;268.5;272.0;251212
2016-07-22;268.5;269.8;264.2;269.0;370853
2016-07-21;270.6;270.6;266.4;268.2;313515
2016-07-20;270.1;273.0;268.5;269.7;359583
2016-07-19;280.0;283.5;266.8;266.8;843961
2016-07-18;263.5;265.0;261.4;264.8;211967
2016-07-15;262.0;264.6;261.5;263.4;136477
2016-07-14;264.6;265.9;262.8;263.7;250929
2016-07-13;266.4;267.4;263.2;265.1;202921
2016-07-12;265.4;268.0;264.7;266.4;185118
2016-07-11;264.0;265.5;260.7;265.0;239972
2016-07-08;258.5;262.2;258.5;262.2;174474
2016-07-07;258.8;262.7;258.6;259.2;200267
2016-07-06;261.3;261.6;257.8;258.8;140026
2016-07-05;266.0;266.0;260.2;261.5;117972
2016-07-04;267.8;268.5;264.3;266.6;136110
2016-07-01;263.9;266.9;261.4;266.9;216025
2016-06-30;264.0;266.0;261.3;263.2;266728
2016-06-29;264.0;266.3;259.9;265.5;264106
2016-06-28;261.6;263.3;259.2;262.4;246979
2016-06-27;269.0;269.0;255.1;256.8;442849
2016-06-24;;283.2;283.2;283.2;0
2016-06-23;279.0;283.3;277.6;283.2;214119
2016-06-22;277.3;280.2;276.7;278.7;165434
2016-06-21;276.1;278.5;270.5;278.0;222399
2016-06-20;271.6;275.7;271.0;274.7;167584
2016-06-17;266.0;269.9;265.9;268.3;289458
2016-06-16;266.3;267.7;264.3;266.1;177264
2016-06-15;269.3;271.9;268.1;268.6;232612
2016-06-14;274.7;274.8;268.3;269.0;197841
2016-06-13;273.1;277.0;272.5;276.2;204822
2016-06-10;287.4;287.4;275.5;276.4;179250
2016-06-09;287.0;287.4;286.0;286.4;113345
2016-06-08;286.5;289.3;286.5;287.7;154963
2016-06-07;288.1;288.8;286.2;287.4;248290
2016-06-06;;288.1;288.1;288.1;0
2016-06-03;288.3;290.5;286.2;288.1;306672
2016-06-02;287.5;288.9;286.5;287.6;190749
2016-06-01;291.2;291.8;287.3;288.0;254717
2016-05-31;292.3;296.7;291.6;291.9;255329
2016-05-30;291.6;292.5;290.4;292.2;111339
2016-05-27;292.8;292.8;290.1;291.5;109402
2016-05-26;291.1;293.3;290.2;291.8;141414
2016-05-25;292.0;293.2;289.7;291.0;126965
2016-05-24;290.0;292.5;287.7;291.9;151342
2016-05-23;292.1;293.4;289.2;290.0;236046
2016-05-20;290.5;292.4;289.5;292.0;166566
2016-05-19;291.9;292.2;289.1;290.4;120749
2016-05-18;288.9;292.1;287.6;292.0;179626
2016-05-17;290.2;294.9;289.7;291.1;182677
2016-05-16;290.1;290.9;286.6;290.9;73632
2016-05-13;288.5;291.9;288.3;290.7;163897
2016-05-12;291.9;293.2;288.0;290.0;176191
2016-05-11;290.4;293.0;289.6;292.2;153441
2016-05-10;293.2;295.3;289.3;290.4;183827
2016-05-09;291.0;295.3;291.0;293.0;235521
2016-05-06;291.8;292.9;289.8;291.0;335176
2016-05-05;290.4;292.5;290.4;291.0;179783
2016-05-04;290.4;292.5;290.4;291.0;179783
2016-05-03;289.0;290.7;286.6;290.3;302299
2016-05-02;288.5;290.4;286.3;288.7;172803
2016-04-29;286.7;288.9;283.7;288.2;339784
2016-04-28;285.6;287.5;282.1;286.7;212532
2016-04-27;287.2;289.2;284.9;285.4;499411
2016-04-26;291.1;292.5;286.9;288.2;379323
2016-04-25;289.2;292.1;285.8;291.1;234817
2016-04-22;291.1;291.1;287.3;289.5;254852
2016-04-21;289.4;294.7;284.5;291.1;796689
2016-04-20;294.6;319.5;294.6;296.0;1086866
2016-04-19;280.6;283.8;280.1;281.5;617286
2016-04-18;287.0;287.0;280.5;280.5;287913
2016-04-15;286.4;287.3;283.3;284.2;343428
2016-04-14;290.2;290.7;285.6;286.1;244385
2016-04-13;291.9;291.9;288.1;290.2;116473
2016-04-12;288.7;289.0;285.7;287.8;189671
2016-04-11;289.0;290.2;286.4;288.9;136284
2016-04-08;282.0;292.0;282.0;289.2;279808
2016-04-07;284.5;285.1;281.4;281.5;151642
2016-04-06;283.1;285.4;280.3;284.7;280751
2016-04-05;285.2;286.4;280.9;283.1;348324
2016-04-04;285.9;289.1;283.7;286.7;139733
2016-04-01;284.0;287.7;281.3;285.9;194168
2016-03-31;289.9;289.9;284.3;286.4;193277
2016-03-30;284.5;289.3;284.1;288.1;197514
2016-03-29;278.0;282.5;277.2;282.1;199102
2016-03-28;282.5;283.2;280.5;280.5;67922
2016-03-25;282.5;283.2;279.9;280.5;67922
2016-03-24;282.5;283.2;279.9;280.5;67922
2016-03-23;281.0;285.1;280.0;284.0;252887
2016-03-22;280.0;280.9;275.0;280.1;201341
2016-03-21;278.7;282.6;277.9;278.7;263988
2016-03-18;274.2;279.8;273.0;278.8;264329
2016-03-17;271.9;275.0;270.3;274.2;367810
2016-03-16;272.0;272.9;269.2;271.2;250175
2016-03-15;270.0;271.8;269.9;271.5;227421
2016-03-14;272.0;272.5;269.9;271.7;157595
2016-03-11;266.0;270.2;265.4;270.0;251416
2016-03-10;259.8;267.5;259.0;261.4;318819
2016-03-09;257.0;260.6;256.0;259.5;210958
2016-03-08;258.9;258.9;255.9;257.0;258249
2016-03-07;262.0;263.1;259.0;259.4;152790
2016-03-04;263.0;264.3;260.3;263.0;126881
2016-03-03;264.6;265.9;261.0;261.8;122717
2016-03-02;268.9;268.9;261.6;263.6;188723
2016-03-01;262.1;266.5;261.5;265.8;296126
2016-02-29;265.0;265.0;261.0;262.7;291756
2016-02-26;264.0;266.7;263.4;265.2;322672
2016-02-25;261.7;264.2;259.7;262.7;139885
2016-02-24;258.6;259.9;255.9;257.6;263099
2016-02-23;261.6;262.8;258.7;258.8;470067
2016-02-22;261.0;265.0;259.5;261.4;811060
2016-02-19;261.0;261.2;258.6;260.0;240722
2016-02-18;266.3;266.3;260.3;261.5;324211
2016-02-17;262.0;264.7;261.0;263.7;478201
2016-02-16;263.2;263.5;258.4;260.1;180560
2016-02-15;260.0;263.9;259.1;259.8;198405
2016-02-12;255.0;256.0;251.3;254.6;199351
2016-02-11;260.9;260.9;252.0;252.0;271437
2016-02-10;259.8;264.9;256.0;261.6;195767
2016-02-09;254.8;258.3;250.0;256.8;406641
2016-02-08;269.2;271.4;253.1;253.9;391932
2016-02-05;275.0;276.9;266.5;266.8;349872
2016-02-04;282.2;283.4;273.1;274.1;391185
2016-02-03;279.5;284.6;276.0;279.1;299737
2016-02-02;283.1;283.6;278.1;279.3;264369
2016-02-01;283.4;286.4;278.7;281.9;402676
2016-01-29;272.8;286.8;272.1;283.2;1143332
2016-01-28;259.0;273.0;259.0;266.1;559170
2016-01-27;265.0;266.4;262.1;264.7;232604
2016-01-26;263.0;266.1;261.4;263.9;293624
2016-01-25;268.2;269.0;264.3;265.0;234919
2016-01-22;265.2;269.4;264.2;265.7;308708
2016-01-21;265.0;268.7;258.5;261.7;380280
2016-01-20;268.8;270.0;264.3;264.5;291838
2016-01-19;273.5;275.0;270.6;272.5;265481
2016-01-18;275.0;278.5;269.0;269.8;197150
2016-01-15;278.4;282.7;272.9;273.5;290981
2016-01-14;282.7;285.0;276.8;276.9;385541
2016-01-13;284.4;289.0;283.5;284.0;201870
2016-01-12;275.0;284.5;273.8;284.0;859707
2016-01-11;273.0;275.6;270.0;271.9;175722
2016-01-08;275.2;280.1;272.6;273.8;165106
2016-01-07;278.0;278.0;270.2;276.5;172637
2016-01-06;;281.0;281.0;281.0;0
2016-01-05;287.0;288.5;280.7;281.0;155198
2016-01-04;286.5;286.5;281.4;283.3;207880
2016-01-01;;288.6;288.6;288.6;0
2015-12-31;;288.6;288.6;288.6;0
2015-12-30;287.1;289.7;284.4;288.6;115235
2015-12-29;285.0;287.6;284.8;287.3;84402
2015-12-28;286.0;287.7;282.6;284.9;103811
2015-12-25;281.9;286.3;277.2;285.4;159380
2015-12-24;281.9;286.3;277.2;285.4;159380
2015-12-23;281.9;286.3;277.2;285.4;159380
2015-12-22;280.9;282.8;277.8;278.3;140396
2015-12-21;285.5;286.5;280.6;280.8;152330
2015-12-18;283.2;285.3;281.8;285.0;294322
2015-12-17;283.5;286.0;280.2;284.7;449136
2015-12-16;284.1;285.1;278.2;279.4;255207
2015-12-15;277.4;284.2;275.3;284.0;345135
2015-12-14;275.5;277.9;270.7;274.3;345197
2015-12-11;281.0;281.0;273.0;275.2;372541
2015-12-10;280.7;283.0;279.7;281.1;316209
2015-12-09;283.6;283.6;278.7;280.3;244778
2015-12-08;287.5;287.6;280.6;281.8;234786
2015-12-07;287.6;290.5;286.6;287.5;180261
2015-12-04;287.5;287.9;282.8;285.8;229856
2015-12-03;292.8;297.6;287.8;288.4;270890
2015-12-02;292.4;294.3;287.4;292.8;386101
2015-12-01;298.1;299.3;291.5;292.6;373928
2015-11-30;299.9;299.9;297.7;298.1;376800
2015-11-27;297.0;300.1;293.5;299.3;137197
2015-11-26;293.7;298.5;293.7;297.3;126525
2015-11-25;295.0;296.9;293.5;296.4;269095
2015-11-24;295.9;295.9;290.3;293.9;286727
2015-11-23;295.0;296.8;292.9;295.9;144243
2015-11-20;293.8;295.4;291.1;294.6;269301
2015-11-19;292.0;296.2;291.2;293.8;239140
2015-11-18;290.1;291.0;288.1;289.9;101880
2015-11-17;285.9;291.2;285.9;290.7;211851
2015-11-16;282.4;287.0;280.7;284.7;190158
2015-11-13;285.0;286.2;282.7;284.8;190060
2015-11-12;288.0;288.0;284.5;285.5;188674
2015-11-11;283.0;287.5;282.9;286.7;271229
2015-11-10;284.5;285.2;280.7;282.3;284176
2015-11-09;284.7;287.8;282.7;283.0;421973
2015-11-06;282.5;284.5;274.1;282.5;641817
2015-11-05;287.7;287.7;281.6;282.6;1079072
2015-11-04;287.0;290.5;284.0;286.4;566889
2015-11-03;292.0;292.0;285.1;286.4;582136
2015-11-02;307.0;309.5;289.7;291.2;942611
2015-10-30;310.5;312.2;305.5;307.0;142809
2015-10-29;311.0;312.4;308.3;309.5;132617
2015-10-28;304.7;311.3;304.7;310.5;188094
2015-10-27;301.0;304.7;300.4;304.5;219051
2015-10-26;301.0;302.8;299.6;300.4;153478
2015-10-23;289.0;302.2;289.0;299.0;314042
2015-10-22;297.0;297.1;286.0;288.0;472019
2015-10-21;308.6;308.6;288.5;298.6;558523
2015-10-20;302.3;308.6;299.5;308.6;209566
2015-10-19;300.0;302.5;298.1;301.9;154977
2015-10-16;301.0;302.8;299.0;300.0;108884
2015-10-15;294.8;299.7;291.3;299.7;152513
2015-10-14;289.0;294.8;286.2;291.3;306107
2015-10-13;296.6;296.6;288.7;288.8;322408
2015-10-12;294.8;299.7;294.8;295.5;135816
2015-10-09;295.6;298.0;293.4;294.3;138530
2015-10-08;293.5;295.3;292.8;293.7;112075
2015-10-07;301.0;301.8;293.5;293.6;147795
2015-10-06;301.1;303.2;298.2;300.9;144896
2015-10-05;295.1;301.5;295.1;299.4;207898
2015-10-02;291.4;293.5;287.3;291.6;112442
2015-10-01;293.8;295.5;288.2;289.4;135788
2015-09-30;289.1;290.4;286.2;289.3;173050
2015-09-29;283.8;285.6;280.6;284.4;238899
2015-09-28;289.5;290.0;286.3;287.0;315969
2015-09-25;287.5;290.9;286.3;290.0;104015
2015-09-24;288.1;288.4;280.8;282.7;200935
2015-09-23;288.0;290.5;286.0;288.1;91783
2015-09-22;294.5;295.4;287.2;288.4;220286
2015-09-21;287.0;295.6;286.1;294.5;178757
2015-09-18;293.1;294.8;286.9;287.9;316562
2015-09-17;289.2;296.0;289.2;294.3;226395
2015-09-16;291.2;294.4;288.3;289.9;186256
2015-09-15;290.1;291.6;286.2;290.5;117373
2015-09-14;291.5;294.6;289.0;289.6;254328
2015-09-11;293.2;294.2;291.1;292.6;134859
2015-09-10;292.8;295.5;290.1;293.2;186108
2015-09-09;299.2;302.8;294.0;294.3;199569
2015-09-08;291.3;296.2;290.7;294.0;232779
2015-09-07;288.1;289.8;285.5;288.1;145922
2015-09-04;290.2;290.8;286.0;287.1;138743
2015-09-03;285.2;293.4;285.2;292.3;179071
2015-09-02;284.0;287.0;281.3;284.6;203181
2015-09-01;287.4;287.5;280.9;282.5;241386
2015-08-31;288.7;291.7;286.0;290.6;157103
2015-08-28;290.8;291.8;287.5;289.0;192720
2015-08-27;285.6;291.4;284.6;290.7;246847
2015-08-26;282.3;282.7;274.8;279.4;244528
2015-08-25;272.9;283.2;272.9;282.0;271382
2015-08-24;270.3;274.1;263.6;271.5;302411
2015-08-21;281.0;286.3;278.9;279.5;126471
2015-08-20;291.4;293.2;285.6;287.4;389534
2015-08-19;295.1;296.6;292.4;293.5;145831
2015-08-18;293.3;300.0;293.3;297.9;151250
2015-08-17;294.6;297.3;292.5;294.6;185823
2015-08-14;295.0;296.6;292.0;294.6;91149
2015-08-13;293.9;297.2;293.9;295.0;118834
2015-08-12;293.5;293.5;287.6;291.2;247041
2015-08-11;297.3;297.8;294.0;295.8;136405
2015-08-10;290.9;297.0;288.5;296.2;130434
2015-08-07;294.5;294.6;289.7;289.7;122442
2015-08-06;299.0;299.9;294.0;294.0;117726
2015-08-05;296.9;299.4;295.7;299.0;137067
2015-08-04;294.7;296.5;293.4;295.2;107940
2015-08-03;293.3;297.4;293.2;294.5;156145
2015-07-31;293.3;294.8;289.7;293.5;167803
2015-07-30;294.0;296.0;290.5;291.2;179008
2015-07-29;296.1;298.7;292.1;294.1;229185
2015-07-28;289.0;296.4;289.0;292.9;129123
2015-07-27;294.0;294.0;286.0;288.6;108515
2015-07-24;293.7;297.5;290.7;294.6;166046
2015-07-23;292.9;295.2;292.3;294.2;140875
2015-07-22;292.0;294.8;291.4;291.5;158885
2015-07-21;297.1;302.8;295.0;295.8;217647
2015-07-20;292.3;297.5;290.4;296.4;280603
2015-07-17;274.5;292.9;274.5;292.3;504083
2015-07-16;279.1;287.5;272.1;273.1;355462
2015-07-15;263.0;267.7;255.7;267.5;189372
2015-07-14;267.7;268.1;265.6;265.6;128895
2015-07-13;267.0;267.7;265.1;266.3;200203
2015-07-10;264.0;264.9;261.2;264.6;103090
2015-07-09;253.1;258.9;252.2;258.3;93033
2015-07-08;253.4;255.9;250.2;253.7;209410
2015-07-07;254.5;257.4;252.5;252.5;253839
2015-07-06;255.0;257.4;254.5;254.5;206456
2015-07-03;257.4;259.6;255.6;258.4;158975
2015-07-02;254.4;258.3;254.2;257.0;261218
2015-07-01;254.6;258.2;253.5;256.0;144877
2015-06-30;252.0;254.3;249.7;251.0;186683
2015-06-29;249.3;256.7;244.7;252.7;179368
2015-06-26;255.0;257.2;253.9;256.8;129888
2015-06-25;252.2;257.4;249.8;254.8;175383
2015-06-24;256.2;256.9;250.4;251.8;209097
2015-06-23;252.9;256.3;250.7;255.4;139599
2015-06-22;250.0;251.7;248.0;250.1;144385
2015-06-19;;246.4;246.4;246.4;0
2015-06-18;246.6;247.5;242.0;246.4;188597
2015-06-17;251.0;251.0;245.1;246.3;180418
2015-06-16;242.5;251.1;241.0;249.7;218059
2015-06-15;246.4;248.9;244.0;245.1;282396
2015-06-12;253.0;254.0;246.6;247.7;174293
2015-06-11;250.0;253.9;250.0;253.2;185407
2015-06-10;248.7;250.5;247.1;250.3;183161
2015-06-09;247.5;249.0;244.5;248.5;206334
2015-06-08;248.2;250.1;247.5;248.6;151892
2015-06-05;250.0;251.9;248.9;250.1;190894
2015-06-04;261.2;261.4;251.5;252.3;238215
2015-06-03;264.7;265.3;260.5;261.0;185803
2015-06-02;264.1;264.4;261.0;262.8;153206
2015-06-01;263.3;265.2;261.7;263.6;111913
2015-05-29;264.0;264.3;260.5;260.5;145719
2015-05-28;266.3;266.5;262.4;264.0;97144
2015-05-27;261.7;266.4;261.7;265.3;187035
2015-05-26;261.6;263.6;259.0;261.7;123978
2015-05-25;265.0;265.0;256.3;260.7;163666
2015-05-22;262.5;264.2;262.0;262.6;111593
2015-05-21;262.4;263.5;260.5;262.5;127449
2015-05-20;265.9;265.9;262.6;263.6;182792
2015-05-19;262.5;266.2;261.5;264.3;247234
2015-05-18;261.6;263.0;259.0;262.1;122934
2015-05-15;262.7;268.4;261.9;262.6;234244
2015-05-14;259.5;264.5;259.1;261.9;124095
2015-05-13;259.5;264.5;259.1;261.9;124095
2015-05-12;261.3;261.3;255.5;259.5;223678
2015-05-11;260.0;263.2;259.6;261.3;158493
2015-05-08;256.9;262.8;255.7;261.8;287495
2015-05-07;253.6;257.8;249.0;257.5;286750
2015-05-06;257.3;260.5;254.1;255.7;261488
2015-05-05;264.7;267.6;256.6;257.4;376733
2015-05-04;262.9;266.5;258.6;264.9;188403
2015-05-01;261.5;264.8;258.3;262.9;211640
2015-04-30;261.5;264.8;258.3;262.9;211640
2015-04-29;269.5;272.2;261.4;261.5;270272
2015-04-28;267.8;273.8;267.8;269.5;401268
2015-04-27;271.8;273.2;268.3;270.6;323169
2015-04-24;269.0;274.3;263.7;272.0;815787
2015-04-23;244.0;266.7;239.5;265.9;1340710
2015-04-22;258.5;258.5;240.1;246.1;438355
2015-04-21;252.0;257.1;252.0;256.8;233244
2015-04-20;251.0;255.0;251.0;253.0;157774
2015-04-17;254.1;255.5;248.2;251.2;195941
2015-04-16;258.1;260.1;253.6;255.5;210125
2015-04-15;257.5;261.4;257.5;258.1;96376
2015-04-14;255.2;258.2;253.8;256.8;195650
2015-04-13;252.3;255.0;249.4;255.0;289547
2015-04-10;248.4;253.0;248.2;252.3;131066
2015-04-09;247.3;251.8;247.3;248.8;107395
2015-04-08;249.0;251.0;246.6;247.3;151406
2015-04-07;244.0;249.8;244.0;247.8;91054
2015-04-02;242.4;245.2;242.1;242.8;52961
2015-04-01;240.1;245.6;239.1;242.2;231810
2015-03-31;244.7;248.6;241.8;242.0;206413
2015-03-30;233.0;244.9;233.0;244.7;589930
2015-03-27;233.7;235.2;232.2;232.5;219926
2015-03-26;238.0;238.0;230.3;233.9;182417
2015-03-25;238.1;240.0;236.5;238.2;284612
2015-03-24;240.0;241.7;237.1;238.5;274604
2015-03-23;240.6;241.9;238.1;240.1;120599
2015-03-20;240.5;243.4;239.5;240.6;252325
2015-03-19;245.2;248.1;238.9;240.7;283247
2015-03-18;240.5;246.9;240.0;245.6;232237
2015-03-17;240.3;241.8;237.9;240.9;190452
2015-03-16;234.7;240.7;234.5;239.8;271219
2015-03-13;230.9;235.4;230.9;234.9;182053
2015-03-12;231.5;232.4;229.6;231.0;467821
2015-03-11;231.5;232.3;230.6;231.0;269163
2015-03-10;232.1;237.7;230.6;231.2;410463
2015-03-09;233.3;233.3;230.2;232.0;137546
2015-03-06;233.7;235.2;232.2;233.0;115218
2015-03-05;232.0;235.6;232.0;233.4;192045
2015-03-04;235.0;236.5;230.0;232.9;225360
2015-03-03;238.5;238.7;232.6;232.7;368125
2015-03-02;237.0;238.5;235.0;237.3;195544
2015-02-27;236.7;236.8;234.7;236.7;185522
2015-02-26;236.4;238.0;234.8;235.5;253867
2015-02-25;235.7;237.0;235.6;236.1;549768
2015-02-24;237.0;239.1;234.4;235.4;139954
2015-02-23;235.5;237.0;235.5;236.5;119214
2015-02-20;235.0;236.0;233.9;235.5;135668
2015-02-19;236.1;237.8;235.2;236.6;147696
2015-02-18;235.0;238.0;235.0;236.2;161156
2015-02-17;236.0;236.9;233.6;235.6;132637
2015-02-16;238.0;240.5;235.5;236.7;105086
2015-02-13;238.6;239.3;236.7;238.0;199744
2015-02-12;234.0;238.5;232.8;237.3;220404
2015-02-11;235.0;236.2;232.7;232.7;208191
2015-02-10;232.4;235.5;232.4;233.8;149865
2015-02-09;233.9;234.0;231.1;233.8;176373
2015-02-06;235.0;235.0;232.3;234.6;146806
2015-02-05;229.5;233.9;229.5;233.7;149542
2015-02-04;225.2;230.8;225.2;230.1;255514
2015-02-03;225.5;228.3;224.0;225.1;697969
2015-02-02;221.0;229.6;220.0;225.3;399352
2015-01-30;218.5;221.4;218.5;220.5;654621
2015-01-29;223.1;223.1;218.1;218.1;444148
2015-01-28;224.7;226.8;222.1;225.9;319940
2015-01-27;233.1;233.1;221.8;222.8;493947
2015-01-26;224.7;236.1;222.0;235.4;356403
2015-01-23;229.5;232.0;225.3;225.5;318457
2015-01-22;228.0;229.7;226.8;229.7;144253
2015-01-21;229.5;230.4;226.0;227.7;83609
2015-01-20;229.5;231.5;228.4;229.5;170631
2015-01-19;224.0;230.3;224.0;229.5;159517
2015-01-16;225.9;226.0;222.1;224.7;199362
2015-01-15;222.7;226.0;220.5;225.7;293426
2015-01-14;225.0;225.3;219.7;221.7;262505
2015-01-13;225.3;227.0;224.5;225.8;302961
2015-01-12;226.0;229.5;224.5;226.5;212763
2015-01-09;227.5;227.5;223.7;225.5;248975
2015-01-08;223.2;229.0;223.2;228.6;154214
2015-01-07;231.0;231.0;221.3;221.8;246133
2015-01-06;;232.9;232.9;232.9;0
2015-01-05;233.8;234.3;232.5;232.9;45584
2015-01-02;232.0;235.7;231.5;233.7;166036
2015-01-01;234.1;234.2;230.8;232.0;116012
2014-12-30;234.1;234.2;230.8;232.0;116012
2014-12-29;233.0;235.0;232.9;234.2;142872
2014-12-23;236.9;236.9;233.3;233.3;255881
2014-12-22;233.2;237.0;232.7;237.0;226157
2014-12-19;231.8;235.0;231.8;233.7;196881
2014-12-18;224.8;231.4;224.8;230.6;282180
2014-12-17;222.4;223.8;219.0;222.8;201240
2014-12-16;219.9;222.9;218.7;222.5;348474
2014-12-15;221.0;222.9;219.6;219.8;212298
2014-12-12;228.4;229.1;221.0;221.0;353747
2014-12-11;228.4;230.0;226.3;230.0;192858
2014-12-10;228.0;229.4;228.0;228.4;145504
2014-12-09;225.0;228.8;224.1;226.6;211168
2014-12-08;227.8;229.1;227.5;227.8;96291
2014-12-05;222.2;229.0;222.2;227.8;464052
2014-12-04;225.4;226.3;221.3;221.8;155540
2014-12-03;223.0;225.7;223.0;225.4;498507
2014-12-02;222.8;224.9;222.5;223.3;179149
2014-12-01;223.5;223.8;220.0;222.7;311624
2014-11-28;225.1;225.2;223.0;223.5;161954
2014-11-27;223.7;226.0;223.7;225.1;115616
2014-11-26;224.7;225.8;223.0;223.7;305535
2014-11-25;222.5;225.7;222.0;224.6;370173
2014-11-24;221.4;222.2;220.5;221.1;227376
2014-11-21;219.0;222.2;218.8;221.5;134879
2014-11-20;218.2;219.6;217.7;218.8;149283
2014-11-19;219.8;219.8;218.0;218.8;161255
2014-11-18;218.6;221.0;218.6;219.8;131593
2014-11-17;217.9;219.5;216.1;218.5;122860
2014-11-14;220.7;221.5;218.1;219.0;177248
2014-11-13;219.8;221.7;219.3;220.6;100601
2014-11-12;221.1;221.5;217.4;218.0;266991
2014-11-11;218.4;223.0;218.4;221.1;156789
2014-11-10;218.3;220.0;217.5;218.9;175709
2014-11-07;217.7;219.6;216.7;218.4;192501
2014-11-06;219.3;219.3;216.4;217.5;235681
2014-11-05;217.5;220.2;217.5;219.0;248564
2014-11-04;218.1;220.8;216.1;217.0;262444
2014-11-03;219.8;220.0;217.3;218.5;206960
2014-10-31;219.8;219.8;216.9;219.4;131048
2014-10-30;214.6;217.5;213.8;216.2;237895
2014-10-29;215.4;217.1;214.4;215.0;175080
2014-10-28;209.6;215.2;209.6;214.4;230625
2014-10-24;209.5;209.8;206.3;207.8;344029
2014-10-23;203.7;210.2;202.7;209.6;570927
2014-10-22;210.0;212.5;199.8;203.7;456504
2014-10-21;193.9;201.5;192.7;201.5;217260
2014-10-20;194.1;195.7;191.5;195.3;187540
2014-10-17;189.5;194.7;188.3;194.1;263383
2014-10-16;189.5;192.5;185.6;189.8;215795
2014-10-15;196.0;197.0;187.3;189.5;257898
2014-10-14;191.6;195.4;190.1;195.3;250381
2014-10-13;192.0;195.2;190.0;193.1;289726
2014-10-10;191.9;194.2;188.7;193.5;387370
2014-10-09;197.7;200.0;192.5;193.1;173822
2014-10-08;196.5;197.5;192.8;197.5;184900
2014-10-07;200.9;201.6;196.6;196.9;211776
2014-10-06;205.1;205.9;202.1;202.7;169231
2014-10-03;199.8;205.0;199.7;205.0;239043
2014-10-02;201.4;202.9;199.6;199.7;637856
2014-10-01;202.0;203.6;201.5;201.8;282187
2014-09-30;200.6;204.0;199.9;203.4;283282
2014-09-29;200.7;202.5;199.0;201.2;123619
2014-09-26;200.0;202.1;197.5;200.7;106738
2014-09-25;201.8;203.4;199.7;200.4;354397
2014-09-24;202.3;202.3;199.1;201.9;288490
2014-09-23;203.3;204.1;201.1;202.3;275020
2014-09-22;204.4;204.4;201.6;202.9;266578
2014-09-19;209.9;210.4;203.3;204.5;324284
2014-09-18;207.4;210.0;207.2;208.9;219307
2014-09-17;209.0;210.1;204.4;207.6;404514
2014-09-16;215.0;216.5;205.2;209.0;840541
2014-09-15;217.1;218.5;216.5;218.3;245248
2014-09-12;217.0;218.5;215.4;218.5;238026
2014-09-11;215.6;217.4;215.2;215.3;150540
2014-09-10;214.0;216.5;213.6;215.8;213646
2014-09-09;214.6;215.9;213.8;214.9;292460
2014-09-08;215.9;217.5;214.5;215.6;227102
2014-09-05;216.4;217.1;215.0;216.7;213351
2014-09-04;219.3;219.3;215.3;216.4;189820
2014-09-03;217.9;220.0;217.9;219.4;81110
2014-09-02;220.4;221.2;217.7;217.8;133326
2014-09-01;216.7;220.4;216.7;220.4;285239
2014-08-29;215.2;217.0;214.9;216.7;336466
2014-08-28;219.1;219.5;215.3;215.4;162638
2014-08-27;220.0;221.2;219.0;220.5;79311
2014-08-26;217.0;220.7;215.8;219.5;162997
2014-08-25;216.6;218.2;216.1;217.6;187475
2014-08-22;222.0;222.0;214.2;216.2;628429
2014-08-21;218.0;222.4;217.5;220.8;519150
2014-08-20;215.0;218.9;215.0;217.5;197220
2014-08-19;214.9;216.3;214.5;215.4;845652
2014-08-18;211.2;215.5;211.2;214.5;364323
2014-08-15;210.3;213.8;209.4;210.4;207506
2014-08-14;209.5;213.1;209.3;213.0;254285
2014-08-13;211.7;211.7;208.6;209.1;248743
2014-08-12;208.6;212.5;208.0;211.7;354311
2014-08-11;204.0;208.7;203.9;208.6;468658
2014-08-08;205.6;205.6;201.1;203.9;324970
2014-08-07;206.0;208.8;204.5;206.9;221104
2014-08-06;209.9;209.9;204.7;206.6;142387
2014-08-05;209.4;210.7;207.8;210.0;273567
2014-08-04;207.5;210.5;206.5;207.9;306410
2014-08-01;211.4;211.4;207.3;207.6;221123
2014-07-31;215.6;215.6;211.4;211.5;167290
2014-07-30;215.0;216.0;213.9;215.5;98237
2014-07-29;215.0;217.3;214.5;215.0;129007
2014-07-28;216.9;216.9;212.7;214.8;174108
2014-07-25;215.9;217.1;213.5;215.2;192487
2014-07-24;216.1;216.5;214.2;215.0;153513
2014-07-23;215.0;217.0;214.5;216.0;137665
2014-07-22;215.0;217.9;214.1;215.0;194155
2014-07-21;210.9;214.1;208.1;213.7;247951
2014-07-18;202.8;210.0;198.7;210.0;378742
2014-07-17;213.5;214.3;202.2;203.1;343855
2014-07-16;202.6;205.5;201.7;205.5;104812
2014-07-15;202.3;202.9;200.5;202.8;124736
2014-07-14;200.5;202.8;199.1;202.3;71363
2014-07-11;198.2;199.6;197.6;199.4;82494
2014-07-10;202.1;202.1;197.3;197.3;259492
2014-07-09;201.4;201.6;200.1;201.0;97325
2014-07-08;203.5;203.7;200.7;202.5;136610
2014-07-07;203.5;203.7;201.4;202.8;120103
2014-07-04;205.0;206.0;203.4;204.0;549649
2014-07-03;201.0;204.3;200.0;204.0;105142
2014-07-02;199.5;201.3;199.5;200.8;88000
2014-07-01;199.1;200.5;199.0;199.5;129202
2014-06-30;198.0;199.5;197.9;199.4;155310
2014-06-27;199.5;199.5;196.7;197.7;119871
2014-06-26;198.0;199.3;196.9;198.1;155174
2014-06-25;199.5;201.7;197.4;197.6;178731
2014-06-24;202.2;203.0;198.7;199.6;122471
2014-06-23;195.8;202.9;195.8;202.0;261363
2014-06-20;;196.8;196.8;196.8;0
2014-06-19;199.0;202.5;195.1;196.8;665644
2014-06-18;197.1;199.1;196.4;196.5;267970
2014-06-17;199.5;200.0;197.5;198.0;136568
2014-06-16;202.2;202.2;198.9;199.1;271847
2014-06-13;203.3;204.1;200.2;202.8;135166
2014-06-12;204.5;206.4;203.8;204.7;124347
2014-06-11;206.7;206.8;204.6;205.1;114963
2014-06-10;209.1;209.5;206.6;206.7;295071
2014-06-09;210.0;210.5;208.0;209.9;147282
2014-06-06;;208.0;208.0;208.0;0
2014-06-05;206.0;208.0;205.6;208.0;243177
2014-06-04;207.6;208.1;205.5;207.0;266956
2014-06-03;208.5;208.9;206.7;207.6;257234
2014-06-02;208.5;209.4;206.1;207.8;210872
2014-05-30;201.7;209.1;201.3;208.3;264680
2014-05-28;201.9;203.0;201.3;201.7;35155
2014-05-27;204.9;205.2;199.9;200.9;244689
2014-05-26;200.0;204.0;199.6;203.5;146173
2014-05-23;199.5;200.3;199.2;200.0;122916
2014-05-22;197.5;200.0;197.5;199.6;156992
2014-05-21;198.7;199.6;197.5;197.7;134547
2014-05-20;198.5;200.4;197.0;198.7;191292
2014-05-19;196.7;199.5;196.6;198.0;289418
2014-05-16;196.5;197.8;195.0;196.5;208741
2014-05-15;197.0;197.6;195.6;196.8;157519
2014-05-14;197.1;198.9;195.9;197.4;143117
2014-05-13;196.9;197.5;195.0;196.7;133427
2014-05-12;192.1;196.6;192.1;196.0;109680
2014-05-09;192.4;193.1;191.0;192.0;108282
2014-05-08;191.0;193.0;190.4;192.4;117214
2014-05-07;190.5;191.8;189.8;190.0;213472
2014-05-06;192.0;193.7;191.5;192.6;327617
2014-05-05;191.5;191.9;189.6;190.7;150543
2014-05-02;189.4;192.8;189.4;190.9;254503
2014-05-01;;188.1;188.1;188.1;0
2014-04-30;188.6;191.0;188.1;188.1;120736
2014-04-29;190.0;192.3;189.5;189.7;168987
2014-04-28;192.0;192.5;189.1;190.1;191664
2014-04-25;188.9;192.2;188.5;190.9;220321
2014-04-24;182.8;189.2;182.1;188.7;501333
2014-04-23;189.5;189.5;185.4;186.2;226220
2014-04-22;185.0;186.5;184.5;186.0;273444
2014-04-17;180.0;184.9;180.0;183.0;132681
2014-04-16;180.0;182.7;180.0;181.5;193640
2014-04-15;180.0;182.3;177.6;178.8;174933
2014-04-14;181.0;182.4;177.5;180.5;185973
2014-04-11;182.0;182.0;177.3;181.0;348990
2014-04-10;183.6;186.8;182.0;183.1;146466
2014-04-09;183.5;186.3;183.4;184.5;189576
2014-04-08;183.0;184.8;179.3;182.5;139564
2014-04-07;186.8;186.8;182.5;183.7;124468
2014-04-04;187.0;187.4;184.6;186.9;131148
2014-04-03;184.7;187.5;184.1;186.6;381125
2014-04-02;184.0;184.8;182.5;183.8;301759
2014-04-01;176.1;180.7;176.1;180.7;383016
2014-03-31;176.0;177.4;175.0;176.6;235485
2014-03-28;173.3;176.2;173.3;175.9;205080
2014-03-27;174.1;175.9;172.0;173.9;191312
2014-03-26;180.6;181.8;172.7;173.9;396604
2014-03-25;181.0;182.0;179.1;179.5;102918
2014-03-24;184.0;184.3;179.1;180.1;337041
2014-03-21;182.8;185.4;182.8;183.5;176064
2014-03-20;184.0;186.0;182.8;183.7;189702
2014-03-19;184.0;186.0;183.0;185.5;185761
2014-03-18;184.9;184.9;182.0;183.5;343841
2014-03-17;180.0;184.5;179.5;183.9;489191
2014-03-14;182.0;182.0;178.0;179.8;296105
2014-03-13;183.8;184.4;181.5;182.2;1610179
2014-03-12;185.0;185.0;182.4;183.8;191248
2014-03-11;187.0;187.6;185.3;186.0;88163
2014-03-10;186.5;188.9;185.9;186.5;210886
2014-03-07;185.7;190.0;185.4;186.2;419907
2014-03-06;184.7;187.2;184.4;186.6;323870
2014-03-05;187.5;187.5;183.4;183.6;455838
2014-03-04;181.2;187.5;181.2;186.6;468465
2014-03-03;183.5;183.5;180.1;181.0;255211
2014-02-28;184.6;188.0;183.7;187.0;233987
2014-02-27;187.3;187.5;184.5;185.8;130728
2014-02-26;188.5;190.0;188.3;188.6;88184
2014-02-25;187.5;190.0;186.5;189.0;209871
2014-02-24;183.0;188.5;182.7;188.0;252016
2014-02-21;184.0;184.8;182.7;183.9;498957
2014-02-20;184.9;185.0;183.3;184.0;315849
2014-02-19;186.0;186.5;184.4;185.0;1555983
2014-02-18;187.0;187.9;185.4;186.0;275836
2014-02-17;186.0;187.0;184.7;186.9;232540
2014-02-14;186.0;187.0;184.6;185.3;443552
2014-02-13;184.0;186.0;182.9;186.0;347804
2014-02-12;182.6;186.1;182.6;184.0;111936
2014-02-11;182.5;182.7;181.5;182.6;106264
2014-02-10;181.5;183.2;181.0;181.8;318894
2014-02-07;183.0;183.0;179.8;179.8;1571389
2014-02-06;170.0;182.8;170.0;181.8;575943
2014-02-05;182.2;182.5;167.6;169.7;919127
2014-02-04;183.1;183.3;179.8;182.2;144310
2014-02-03;184.9;187.0;182.4;183.0;158178
2014-01-31;184.5;185.8;183.4;185.0;99717
2014-01-30;183.8;184.3;182.0;183.5;193178
2014-01-29;186.5;187.4;182.2;183.3;203003
2014-01-28;182.5;185.0;182.4;184.2;159456
2014-01-27;181.5;182.4;178.6;181.5;169535
2014-01-24;184.2;185.3;181.0;182.0;112597
2014-01-23;188.0;188.0;183.2;183.3;520040
2014-01-22;186.9;189.4;186.9;188.3;144263
2014-01-21;186.2;187.8;186.0;186.0;311095
2014-01-20;187.0;187.3;186.1;186.8;70586
2014-01-17;185.4;187.1;185.3;186.4;128665
2014-01-16;184.0;186.8;183.9;186.0;178684
2014-01-15;180.7;184.0;180.7;184.0;136560
2014-01-14;180.1;182.2;179.5;182.0;120947
2014-01-13;180.0;180.5;179.1;180.3;115479
2014-01-10;178.2;179.1;177.5;179.1;97915
2014-01-09;177.4;179.6;177.4;178.2;270006
2014-01-08;176.6;179.0;176.5;177.4;109109
2014-01-07;180.7;181.3;177.7;178.5;115717
2014-01-06;;180.7;180.7;180.7;0
2014-01-03;182.4;183.0;180.5;180.7;118358
2014-01-02;180.0;183.0;179.5;181.4;247524
2013-12-31;;180.0;180.0;180.0;0
2013-12-30;178.5;180.5;178.5;180.0;168423
2013-12-27;177.5;179.0;177.5;178.5;104616
2013-12-23;173.0;177.5;172.5;177.5;437581
2013-12-20;171.5;174.5;170.5;174.0;93539
2013-12-19;166.5;171.5;166.5;171.5;561700
2013-12-18;167.0;167.0;166.0;166.5;154145
2013-12-17;164.5;167.0;164.0;166.5;115967
2013-12-16;165.5;166.5;164.5;164.5;75093
2013-12-13;167.0;167.5;165.0;166.0;52270
2013-12-12;167.0;167.5;166.5;166.5;73454
2013-12-11;169.5;169.5;166.5;167.0;138677
2013-12-10;168.5;169.0;167.0;169.0;168766
2013-12-09;167.5;168.5;166.0;168.5;389878
2013-12-06;166.0;167.0;165.0;167.0;137665
2013-12-05;165.0;166.0;164.0;165.0;156136
2013-12-04;167.0;167.0;165.0;165.0;74190
2013-12-03;169.5;169.5;166.0;166.0;105391
2013-12-02;167.5;169.5;167.5;168.5;124423
2013-11-29;170.5;170.5;167.0;167.0;125597
2013-11-28;167.0;170.5;166.0;170.0;244848
2013-11-27;163.0;167.5;162.5;167.5;119058
2013-11-26;163.5;164.0;161.5;163.0;195713
2013-11-25;165.0;166.0;163.5;164.0;155784
2013-11-22;165.5;166.0;165.0;165.0;57669
2013-11-21;166.5;166.5;165.0;165.5;40629
2013-11-20;166.0;167.5;165.5;166.5;104938
2013-11-19;167.0;167.0;165.5;166.0;128720
2013-11-18;168.5;169.0;165.5;167.0;167161
2013-11-15;170.0;170.5;168.5;168.5;89678
2013-11-14;171.0;171.0;170.0;170.0;83442
2013-11-13;172.5;173.0;171.0;171.0;79622
2013-11-12;171.0;174.0;171.0;173.5;99602
2013-11-11;169.0;171.5;168.5;171.5;61772
2013-11-08;166.5;169.0;166.0;169.0;624571
2013-11-07;168.0;169.0;167.0;168.0;247368
2013-11-06;167.5;169.0;167.0;168.5;126753
2013-11-05;168.0;169.0;167.0;168.0;107448
2013-11-04;171.0;171.0;167.0;168.0;306711
2013-11-01;172.5;173.5;170.5;170.5;41855
2013-10-31;173.5;174.0;172.5;172.5;102203
2013-10-30;175.0;176.0;174.0;174.5;110220
2013-10-29;174.5;177.0;174.5;175.0;339429
2013-10-28;175.5;176.5;174.0;174.5;104105
2013-10-25;174.5;176.0;174.5;175.0;84527
2013-10-24;178.5;178.5;171.5;174.5;387852
2013-10-23;177.5;179.0;177.0;178.0;263914
2013-10-22;177.5;178.0;176.0;177.5;194172
2013-10-21;173.5;177.0;173.5;176.0;176732
2013-10-18;175.0;175.5;173.5;174.0;75973
2013-10-17;174.0;176.0;174.0;174.5;110450
2013-10-16;173.0;174.0;172.5;174.0;68604
2013-10-15;172.0;173.5;172.0;173.5;42600
2013-10-14;171.5;172.5;171.5;171.5;58911
2013-10-11;174.5;175.0;172.0;172.0;115719
2013-10-10;171.5;174.0;171.5;174.0;41766
2013-10-09;173.0;173.5;171.5;172.0;119458
2013-10-08;171.5;173.0;171.5;173.0;190710
2013-10-07;172.0;173.5;171.5;172.0;92756
2013-10-04;173.5;173.5;171.5;172.5;80108
2013-10-03;174.0;174.0;172.5;173.0;100028
2013-10-02;172.5;174.0;171.5;174.0;75539
2013-10-01;172.0;173.5;171.5;173.5;109954
2013-09-30;171.0;172.5;170.0;172.0;141683
2013-09-27;172.5;173.0;171.5;172.0;312170
2013-09-26;175.0;175.0;172.0;172.0;116883
2013-09-25;174.5;175.5;174.0;174.0;81237
2013-09-24;174.0;175.5;172.5;175.0;163996
2013-09-23;170.5;174.0;170.5;173.5;144466
2013-09-20;172.0;174.5;169.5;169.5;422589
2013-09-19;174.0;175.0;172.5;172.5;198661
2013-09-18;169.0;174.0;169.0;171.5;234001
2013-09-17;170.5;170.5;168.0;169.5;79972
2013-09-16;167.0;170.5;167.0;170.5;115243
2013-09-13;165.0;168.0;164.5;167.5;190520
2013-09-12;168.0;169.0;165.0;166.5;183007
2013-09-11;169.0;169.5;167.5;168.5;56243
2013-09-10;169.0;170.0;168.5;169.5;75251
2013-09-09;168.5;169.0;167.5;168.5;67797
2013-09-06;171.5;172.0;168.0;169.0;144138
2013-09-05;170.0;171.5;169.0;171.0;124884
2013-09-04;168.0;169.5;166.0;169.0;208236
2013-09-03;166.5;169.0;166.5;167.0;367522
2013-09-02;161.5;166.5;161.5;166.5;404318
2013-08-30;163.5;164.0;161.5;161.5;108141
2013-08-29;161.0;163.0;161.0;163.0;220477
2013-08-28;163.0;164.5;160.5;160.5;166189
2013-08-27;164.5;165.5;163.0;163.5;139977
2013-08-26;166.5;168.0;162.5;165.0;190873
2013-08-23;169.0;169.5;167.5;167.5;69462
2013-08-22;166.0;169.5;165.5;169.5;102053
2013-08-21;166.0;167.0;165.0;166.0;132369
2013-08-20;167.0;167.0;165.0;166.0;102473
2013-08-19;166.5;167.5;166.5;167.0;183936
2013-08-16;168.0;168.0;166.5;167.0;99572
2013-08-15;170.0;171.0;167.5;168.0;89426
2013-08-14;168.5;172.0;168.0;171.5;114461
2013-08-13;169.0;170.0;167.0;169.0;1093696
2013-08-12;168.5;169.0;168.0;169.0;132185
2013-08-09;170.0;170.0;168.0;168.0;63706
2013-08-08;166.5;170.0;166.5;170.0;82398
2013-08-07;168.5;169.0;165.5;165.5;186871
2013-08-06;166.0;169.0;165.5;168.5;161157
2013-08-05;165.0;166.0;164.0;166.0;106058
2013-08-02;166.0;167.0;164.5;166.0;60286
2013-08-01;165.5;167.0;164.0;166.0;181554
2013-07-31;166.0;168.5;164.5;166.0;196759
2013-07-30;159.5;166.5;158.5;166.0;251230
2013-07-29;159.5;160.5;157.0;158.5;167150
2013-07-26;162.0;163.0;159.0;159.5;115446
2013-07-25;163.0;163.0;161.5;162.0;147116
2013-07-24;164.0;166.0;162.5;163.0;144378
2013-07-23;161.0;164.0;161.0;164.0;136166
2013-07-22;165.5;166.5;161.5;162.0;193966
2013-07-19;161.5;173.5;161.5;167.0;518563
2013-07-18;147.0;149.0;147.0;149.0;58772
2013-07-17;147.0;148.0;146.5;146.75;52077
2013-07-16;148.25;148.25;146.25;147.25;53437
2013-07-15;146.5;148.5;146.5;148.25;40942
2013-07-12;145.5;147.5;145.5;147.0;39377
2013-07-11;148.0;149.0;144.75;145.5;251766
2013-07-10;145.75;148.5;145.75;146.75;207502
2013-07-09;144.0;146.75;144.0;146.5;40960
2013-07-08;141.0;144.75;141.0;144.5;54016
2013-07-05;141.0;142.75;140.0;141.75;40290
2013-07-04;141.0;142.0;139.75;141.75;183345
2013-07-03;141.5;141.5;139.25;140.75;33473
2013-07-02;140.5;142.25;139.5;142.0;122311
2013-07-01;139.25;140.75;138.0;140.5;100692
2013-06-28;139.0;140.0;137.25;137.5;142828
2013-06-27;134.5;138.75;133.5;137.25;85966
2013-06-26;135.25;135.25;133.5;134.0;114690
2013-06-25;133.5;135.25;133.5;134.5;88281
2013-06-24;137.0;137.0;133.5;134.0;125146
2013-06-21;;137.0;137.0;137.0;0
2013-06-20;137.75;139.25;136.75;137.0;126127
2013-06-19;139.5;139.75;137.0;138.75;86274
2013-06-18;137.25;139.25;137.0;138.75;91082
2013-06-17;135.0;137.25;135.0;136.75;41978
2013-06-14;133.5;134.75;133.0;134.75;111603
2013-06-13;130.0;132.75;128.75;132.5;768578
2013-06-12;129.75;130.75;129.5;130.0;53696
2013-06-11;132.0;132.0;130.0;130.25;65341
2013-06-10;134.5;134.75;131.75;132.0;142131
2013-06-07;133.0;135.0;132.75;134.75;137310
2013-06-06;;134.0;134.0;134.0;0
2013-06-05;136.75;136.75;133.5;134.0;130868
2013-06-04;137.0;137.5;136.25;137.0;94522
2013-06-03;137.75;138.0;135.75;136.75;51669
2013-05-31;137.25;139.75;136.5;139.75;162266
2013-05-30;137.25;138.5;136.5;137.75;89515
2013-05-29;138.0;138.5;136.75;138.0;114426
2013-05-28;138.5;139.75;138.25;139.0;77436
2013-05-27;138.0;139.0;138.0;138.25;28258
2013-05-24;138.5;139.5;137.5;138.0;117544
2013-05-23;138.0;139.25;138.0;138.5;113803
2013-05-22;142.25;142.5;141.0;142.0;111175
2013-05-21;140.5;142.25;140.0;142.25;95389
2013-05-20;141.75;142.5;140.75;141.75;38736
2013-05-17;142.5;142.5;141.0;141.75;67376
2013-05-16;142.75;143.75;141.0;141.0;153261
2013-05-15;138.0;142.0;138.0;142.0;90223
2013-05-14;139.0;140.25;138.25;139.25;114622
2013-05-13;140.0;141.5;137.0;139.25;156392
2013-05-10;138.5;141.25;138.25;140.0;280336
2013-05-09;;138.0;138.0;138.0;0
2013-05-08;134.0;140.5;133.5;138.0;255338
2013-05-07;132.25;134.5;132.25;134.5;144807
2013-05-06;132.5;134.0;132.25;133.5;44233
2013-05-03;132.75;134.75;132.5;133.0;119797
2013-05-02;132.0;135.0;131.75;135.0;118811
2013-05-01;;133.5;133.5;133.5;0
2013-04-30;134.0;135.0;131.5;133.5;122200
2013-04-29;131.0;134.0;131.0;133.0;245472
2013-04-26;133.0;133.0;131.5;131.5;154746
2013-04-25;135.0;135.0;131.5;132.75;760446
2013-04-24;129.25;139.5;128.75;139.0;751544
2013-04-23;120.75;123.75;120.5;123.75;167507
2013-04-22;121.5;122.25;120.0;120.25;58931
2013-04-19;121.25;122.25;120.75;121.25;65566
2013-04-18;120.0;122.0;119.75;121.25;72893
2013-04-17;122.5;123.0;120.5;120.75;52845
2013-04-16;121.25;122.5;120.75;122.25;124621
2013-04-15;126.0;126.0;122.25;122.25;133029
2013-04-12;125.75;126.5;124.5;125.25;85721
2013-04-11;126.25;126.75;125.75;126.25;118704
2013-04-10;124.0;126.0;124.0;125.75;224664
2013-04-09;124.5;125.0;123.0;123.75;207230
2013-04-08;123.75;125.5;123.25;124.25;106105
2013-04-05;125.0;125.75;122.5;123.75;104761
2013-04-04;128.0;128.0;124.5;125.5;134582
2013-04-03;127.0;128.75;126.5;128.25;137959
2013-04-02;125.25;126.75;125.0;126.75;225630
2013-04-01;;126.0;126.0;126.0;0
2013-03-29;126.0;126.0;126.0;126.0;146297
2013-03-28;126.0;126.5;125.0;125.0;146297
2013-03-27;126.0;126.5;125.0;125.0;146297
2013-03-26;126.25;126.25;123.25;125.5;186551
2013-03-25;123.5;126.75;123.25;126.0;230352
2013-03-22;117.75;123.5;117.5;123.5;168185
2013-03-21;120.0;121.5;119.0;119.75;150535
2013-03-20;121.75;121.75;119.0;119.75;88431
2013-03-19;122.5;122.5;121.25;121.5;65518
2013-03-18;123.5;123.5;121.0;122.5;70334
2013-03-15;120.0;124.0;119.5;124.0;180150
2013-03-14;119.5;120.75;119.0;120.75;63993
2013-03-13;118.25;120.0;118.0;120.0;51695
2013-03-12;120.25;120.25;118.5;118.75;81586
2013-03-11;120.25;120.5;119.0;120.5;73252
2013-03-08;120.0;120.25;118.75;119.75;367259
2013-03-07;119.0;120.5;118.75;119.75;206423
2013-03-06;122.0;123.0;118.5;119.25;620364
2013-03-05;120.0;122.5;118.0;122.5;532263
2013-03-04;117.75;120.5;116.75;120.0;221107
2013-03-01;116.0;118.75;116.0;118.0;164140
2013-02-28;117.75;117.75;115.5;116.0;166359
2013-02-27;117.0;117.75;115.5;116.75;130924
2013-02-26;116.5;117.25;115.0;117.0;135844
2013-02-25;117.75;118.5;117.0;117.5;179275
2013-02-22;117.25;118.5;116.5;117.75;113234
2013-02-21;118.25;118.25;115.75;117.75;192000
2013-02-20;117.5;119.0;117.0;118.0;261475
2013-02-19;117.0;118.0;116.0;117.5;170789
2013-02-18;117.75;118.75;117.5;118.25;117188
2013-02-15;117.0;118.0;116.0;117.75;362207
2013-02-14;117.75;117.75;116.0;116.75;125591
2013-02-13;116.0;118.0;115.75;118.0;281494
2013-02-12;113.5;116.0;113.0;116.0;193502
2013-02-11;114.0;114.25;112.5;113.0;165242
2013-02-08;114.5;114.75;112.5;114.0;165724
2013-02-07;113.25;114.5;113.0;114.0;254404
2013-02-06;112.0;113.75;110.75;113.0;713346
2013-02-05;109.75;111.75;107.5;109.5;1073192
2013-02-04;104.5;104.5;102.25;103.0;105948
2013-02-01;102.25;103.75;102.0;103.25;109395
2013-01-31;103.0;103.5;102.25;103.0;141092
2013-01-30;104.5;104.5;102.0;103.0;474878
2013-01-29;104.25;104.5;103.75;104.5;138243
2013-01-28;104.75;104.75;103.5;104.5;87939
2013-01-25;105.75;105.75;103.5;104.5;517765
2013-01-24;104.0;106.0;104.0;105.0;902128
2013-01-23;104.0;104.75;103.5;104.25;100723
2013-01-22;104.5;104.5;103.25;104.25;142914
2013-01-21;104.0;105.0;103.75;104.5;116379
2013-01-18;104.0;105.25;103.0;103.75;277546
2013-01-17;102.5;103.75;102.0;103.5;586914
2013-01-16;101.0;102.5;101.0;102.0;253623
2013-01-15;99.5;100.75;99.25;100.5;166231
2013-01-14;98.0;99.75;98.0;99.5;167401
2013-01-11;99.0;99.0;97.75;98.0;97626
2013-01-10;98.0;98.75;97.75;98.5;119611
2013-01-09;98.25;98.25;96.75;98.0;276876
2013-01-08;96.75;98.0;96.75;97.5;116648
2013-01-07;97.5;98.0;96.75;96.75;115057
2013-01-04;97.75;97.75;97.0;97.0;184012
2013-01-03;97.0;97.5;96.75;97.25;115453
2013-01-02;97.25;98.0;96.75;96.75;207589
2013-01-01;;97.0;97.0;97.0;0
2012-12-31;;97.0;97.0;97.0;0
2012-12-28;96.0;97.0;95.75;97.0;206377
2012-12-27;96.75;97.0;95.0;96.0;129733
2012-12-26;;96.0;96.0;96.0;0
2012-12-25;;96.0;96.0;96.0;0
2012-12-24;;96.0;96.0;96.0;0
2012-12-21;96.25;96.5;95.0;96.0;98385
2012-12-20;95.5;96.75;95.5;96.25;112799
2012-12-19;95.0;96.0;94.75;96.0;134079
2012-12-18;94.25;95.5;93.75;95.0;1266178
2012-12-17;94.0;94.0;93.0;94.0;575502
2012-12-14;93.0;94.75;92.25;94.0;791336
2012-12-13;94.25;94.5;93.5;93.5;170698
2012-12-12;94.5;94.5;93.75;94.25;518340
2012-12-11;95.0;95.25;94.0;94.0;93101
2012-12-10;95.0;95.0;94.25;94.5;88427
2012-12-07;95.5;95.5;94.5;95.0;144077
2012-12-06;95.5;95.5;94.75;95.0;141944
2012-12-05;94.5;95.0;94.25;94.75;371668
2012-12-04;93.75;93.75;93.0;93.5;124573
2012-12-03;93.75;94.0;93.25;93.5;157883
2012-11-30;92.5;93.5;92.25;93.5;195999
2012-11-29;92.75;93.25;91.75;92.25;240230
2012-11-28;92.0;92.5;91.5;92.5;101580
2012-11-27;91.5;92.25;91.0;91.5;187796
2012-11-26;92.0;92.0;90.75;91.0;193420
2012-11-23;91.0;92.0;90.5;91.5;215472
2012-11-22;92.5;92.5;91.0;91.0;203359
2012-11-21;91.5;92.25;91.5;92.0;129561
2012-11-20;93.0;93.5;91.0;91.25;192200
2012-11-19;92.0;93.25;92.0;93.25;165639
2012-11-16;92.25;92.75;91.75;91.75;77568
2012-11-15;92.75;92.75;91.0;92.0;109489
2012-11-14;93.25;93.5;92.5;92.5;91840
2012-11-13;94.0;94.0;92.75;93.25;124789
2012-11-12;94.75;94.75;94.0;94.5;92813
2012-11-09;93.75;94.75;93.5;94.5;174276
2012-11-08;94.5;94.5;93.5;93.75;220057
2012-11-07;96.75;96.75;93.75;94.0;181673
2012-11-06;96.5;97.0;96.0;96.0;186594
2012-11-05;96.0;97.0;95.75;96.0;211630
2012-11-02;95.5;96.0;95.0;95.75;92192
2012-11-01;96.0;96.0;94.5;95.0;160969
2012-10-31;96.5;96.75;95.5;96.0;227269
2012-10-30;96.0;96.75;95.75;96.0;111162
2012-10-29;96.5;96.5;95.75;95.75;64764
2012-10-26;96.5;97.25;95.5;96.5;285537
2012-10-25;95.25;96.75;94.75;96.5;186113
2012-10-24;96.0;96.0;93.75;95.0;145765
2012-10-23;95.75;95.75;94.75;94.75;99771
2012-10-22;95.0;96.0;95.0;95.75;103189
2012-10-19;94.75;95.5;94.25;95.0;186216
2012-10-18;94.5;94.5;93.75;93.75;66812
2012-10-17;92.75;94.0;92.75;93.5;91392
2012-10-16;92.75;93.5;91.75;92.5;214906
2012-10-15;94.25;94.25;92.25;92.25;149347
2012-10-12;94.0;94.0;92.75;92.75;112280
2012-10-11;94.75;94.75;93.75;93.75;94335
2012-10-10;95.0;95.0;94.25;94.75;40775
