Dates;Open;High;Low;Close;Volume
2017-10-09;243.9;245.1;241.3;241.9;218050
2017-10-06;244.4;248.7;243.0;244.2;330785
2017-10-05;241.2;244.9;241.2;244.6;396252
2017-10-04;249.6;249.6;241.2;241.7;626200
2017-10-03;252.5;253.7;248.7;249.8;293522
2017-10-02;256.7;258.2;251.6;253.0;336213
2017-09-29;249.4;256.2;249.4;255.9;443709
2017-09-28;247.5;249.7;244.8;249.1;201726
2017-09-27;244.3;248.3;244.3;247.5;245622
2017-09-26;245.5;246.5;244.4;244.5;208129
2017-09-25;245.6;246.6;243.0;245.2;248249
2017-09-22;243.4;246.2;242.1;246.0;308121
2017-09-21;243.6;245.7;241.8;243.4;225391
2017-09-20;244.5;246.2;242.3;243.6;375460
2017-09-19;243.1;245.6;243.0;244.5;289449
2017-09-18;243.1;244.4;241.9;243.4;247304
2017-09-15;242.4;244.4;240.6;243.9;333605
2017-09-14;245.0;245.3;242.0;242.4;357555
2017-09-13;241.5;245.5;240.6;245.0;530287
2017-09-12;242.6;244.6;238.7;241.2;564158
2017-09-11;239.4;245.0;239.4;242.0;451051
2017-09-08;242.6;242.8;236.4;238.9;578481
2017-09-07;240.3;245.0;240.3;243.1;498734
2017-09-06;246.2;248.5;236.5;240.4;765427
2017-09-04;255.0;256.0;248.1;249.4;325931
2017-09-01;255.0;258.6;252.8;258.3;602265
2017-08-31;251.0;255.9;251.0;255.0;602378
2017-08-30;250.0;255.0;248.7;251.0;4984624
2017-08-29;265.8;267.1;260.7;262.9;242043
2017-08-28;266.9;268.5;265.3;266.3;121508
2017-08-25;267.5;272.2;267.5;267.8;304074
2017-08-24;265.0;269.4;263.9;267.0;358395
2017-08-23;275.7;276.0;264.9;265.6;559319
2017-08-22;278.2;279.0;275.7;276.5;272640
2017-08-21;278.8;282.2;278.0;278.2;194206
2017-08-18;280.9;282.1;277.8;279.9;197716
2017-08-17;281.5;284.5;280.7;281.9;238847
2017-08-16;279.2;282.9;279.2;281.9;136088
2017-08-15;283.0;285.2;278.3;279.5;183905
2017-08-14;281.0;284.9;279.4;283.9;332667
2017-08-11;285.1;286.2;279.8;280.5;157104
2017-08-10;288.7;288.8;285.4;285.4;184956
2017-08-09;292.7;294.2;287.9;288.8;161809
2017-08-08;292.5;295.3;292.4;294.6;167243
2017-08-07;288.2;294.6;288.2;292.4;227399
2017-08-04;284.5;288.2;283.7;287.8;177697
2017-08-03;285.0;287.1;283.9;285.9;152770
2017-08-02;286.0;286.9;284.5;285.0;122398
2017-08-01;282.7;287.0;282.6;286.0;201909
2017-07-31;283.9;286.4;283.3;283.4;159349
2017-07-28;287.0;287.0;283.0;283.9;140754
2017-07-27;288.6;291.0;287.5;288.2;149037
2017-07-26;285.0;290.4;284.6;289.0;243233
2017-07-25;283.0;287.0;282.7;285.0;174824
2017-07-24;284.0;286.2;282.5;283.4;195627
2017-07-21;289.6;290.4;281.6;284.5;327004
2017-07-20;291.5;293.1;288.1;289.8;305224
2017-07-19;291.5;295.0;288.6;291.4;379367
2017-07-18;286.3;293.5;283.7;290.6;463921
2017-07-17;282.5;287.5;280.4;285.7;596014
2017-07-14;302.3;305.4;281.0;282.5;661138
2017-07-13;299.3;305.2;298.2;299.0;332283
2017-07-12;295.9;299.3;295.5;299.3;194552
2017-07-11;304.1;304.5;295.4;296.4;232191
2017-07-10;301.6;304.1;301.0;303.7;183000
2017-07-07;298.0;300.7;295.9;300.6;185336
2017-07-06;304.9;305.7;295.3;298.0;287367
2017-07-05;299.9;305.5;298.7;304.9;245180
2017-07-04;298.7;301.3;297.8;299.9;150760
2017-07-03;297.8;301.8;297.8;298.9;263410
2017-06-30;296.9;299.8;296.1;298.1;364936
2017-06-29;298.5;299.9;295.0;296.6;387375
2017-06-28;299.9;300.8;295.5;298.1;281132
2017-06-27;305.0;306.0;299.6;300.3;257577
2017-06-26;307.7;311.3;305.7;306.5;261998
2017-06-23;;308.3;308.3;308.3;0
2017-06-22;306.9;309.0;305.8;308.3;216349
2017-06-21;308.9;309.2;305.8;307.0;238527
2017-06-20;309.0;312.1;307.3;309.2;345388
2017-06-19;310.0;313.1;308.1;309.1;386789
2017-06-16;308.3;309.8;305.3;309.1;870150
2017-06-15;316.5;316.5;306.2;308.0;474618
2017-06-14;314.4;319.4;314.4;317.1;350514
2017-06-13;309.0;315.7;308.7;314.6;339914
2017-06-12;313.9;314.0;306.2;308.7;417724
2017-06-09;314.5;318.2;313.9;315.0;427123
2017-06-08;314.3;318.5;313.0;314.2;463503
2017-06-07;312.5;318.0;311.5;313.7;552043
2017-06-06;;312.5;312.5;312.5;0
2017-06-05;310.3;314.6;310.0;312.5;261271
2017-06-02;311.0;315.5;309.9;310.8;437847
2017-06-01;323.0;323.6;309.6;310.2;585590
2017-05-31;325.7;328.9;322.8;326.9;326549
2017-05-30;320.0;326.7;319.6;326.0;307888
2017-05-29;324.0;325.0;320.1;320.3;214166
2017-05-26;321.6;324.4;321.6;324.2;207815
2017-05-24;320.1;324.1;320.1;322.1;158559
2017-05-23;318.8;320.6;318.1;320.6;162568
2017-05-22;317.4;319.2;314.5;318.9;239579
2017-05-19;313.3;317.5;313.3;317.3;313959
2017-05-18;319.0;320.7;310.7;314.5;718246
2017-05-17;327.8;327.8;318.6;319.1;345507
2017-05-16;325.1;328.5;325.1;328.2;281646
2017-05-15;329.2;330.3;323.2;326.2;417343
2017-05-12;334.6;329.4;329.4;329.4;330543
2017-05-11;333.1;336.0;333.1;334.6;220287
2017-05-10;333.6;336.4;331.6;333.6;392525
2017-05-09;329.8;335.5;329.8;334.1;266223
2017-05-08;328.7;331.0;327.1;330.3;344422
2017-05-05;326.7;330.0;326.5;328.4;296412
2017-05-04;321.5;327.4;320.8;327.4;390497
2017-05-03;322.0;322.8;317.5;321.9;286969
2017-05-02;311.8;321.6;311.5;320.4;333294
2017-05-01;;311.8;311.8;311.8;0
2017-04-28;305.0;312.1;302.7;311.8;396013
2017-04-27;315.0;320.9;312.1;317.0;395036
2017-04-26;312.5;316.3;311.7;316.3;234006
2017-04-25;312.4;315.0;312.0;312.9;244371
2017-04-24;314.3;314.3;307.9;312.8;337741
2017-04-21;307.3;311.7;307.3;308.9;305476
2017-04-20;314.0;317.7;305.5;307.0;532656
2017-04-19;309.3;315.8;308.7;314.3;303714
2017-04-18;311.9;316.2;308.2;309.3;272576
2017-04-13;308.5;311.2;307.7;311.0;72450
2017-04-12;304.8;310.6;303.0;308.7;409267
2017-04-11;305.0;308.6;304.7;305.5;407008
2017-04-10;304.3;307.3;304.1;306.3;149926
2017-04-07;300.9;304.4;299.3;304.3;248190
2017-04-06;289.7;302.6;289.7;302.0;735136
2017-04-05;287.6;292.6;286.7;289.7;374895
2017-04-04;285.6;287.8;285.2;286.6;217546
2017-04-03;283.0;287.4;282.5;285.7;419493
2017-03-31;283.2;283.2;278.8;282.9;189848
2017-03-30;281.5;283.8;281.3;283.7;92810
2017-03-29;278.9;283.0;278.7;281.8;241466
2017-03-28;275.7;277.5;274.4;277.4;142904
2017-03-27;279.3;280.2;274.5;276.2;123075
2017-03-24;279.0;281.7;278.1;280.3;151134
2017-03-23;279.0;279.3;275.8;279.2;131906
2017-03-22;279.0;282.0;276.7;277.4;192809
2017-03-21;282.4;283.3;277.8;279.2;172207
2017-03-20;283.0;283.8;279.4;281.9;384928
2017-03-17;281.3;283.8;281.3;282.9;165511
2017-03-16;282.2;283.2;281.3;281.9;218582
2017-03-15;283.0;283.8;281.4;281.4;123083
2017-03-14;281.5;284.0;281.0;282.6;337268
2017-03-13;282.8;284.1;282.0;282.0;275739
2017-03-10;284.0;282.7;282.7;282.7;169255
2017-03-09;282.5;283.6;281.5;283.3;257727
2017-03-08;284.1;285.7;282.1;283.0;204176
2017-03-07;285.1;286.9;283.6;284.0;121765
2017-03-06;284.9;285.1;283.5;285.0;171552
2017-03-03;285.1;285.0;285.0;285.0;128979
2017-03-02;288.4;288.7;283.7;285.7;134047
2017-03-01;283.6;290.3;283.6;288.9;286297
2017-02-28;283.7;283.8;280.9;283.8;175510
2017-02-27;283.6;285.0;282.0;282.9;210687
2017-02-24;286.0;286.9;282.2;283.6;168526
2017-02-23;286.0;287.2;285.0;286.6;234976
2017-02-22;287.0;287.6;285.5;285.5;188728
2017-02-21;285.4;288.1;284.5;286.5;186983
2017-02-20;285.0;286.0;284.4;285.0;246919
2017-02-17;284.0;287.5;282.8;284.2;494287
2017-02-16;286.1;287.2;283.7;283.7;250930
2017-02-15;285.8;287.0;284.7;286.0;207905
2017-02-14;284.3;286.2;283.6;285.3;287741
2017-02-13;283.4;284.9;282.9;284.3;269199
2017-02-10;280.4;284.0;280.2;282.4;352221
2017-02-09;280.2;281.5;278.6;280.2;541100
2017-02-08;278.0;283.3;277.2;279.9;441666
2017-02-07;268.0;281.6;268.0;280.8;787747
2017-02-06;267.6;274.0;263.1;269.7;363994
2017-02-03;273.7;274.6;272.1;274.3;180227
2017-02-02;266.0;274.6;266.0;272.7;301417
2017-02-01;265.0;267.3;264.6;266.8;355587
2017-01-31;264.8;266.7;263.4;264.0;213530
2017-01-30;262.2;264.9;259.2;264.9;300383
2017-01-27;265.2;265.2;260.1;262.2;202503
2017-01-26;261.0;265.9;260.0;265.2;400269
2017-01-25;259.4;261.0;259.4;261.0;158731
2017-01-24;257.3;259.2;256.7;259.2;170799
2017-01-23;258.5;258.6;256.2;256.9;342887
2017-01-20;257.9;259.1;256.5;258.5;179659
2017-01-19;258.7;258.7;256.3;258.1;195437
2017-01-18;257.0;258.8;256.0;258.5;176756
2017-01-17;257.2;257.5;253.3;256.6;232276
2017-01-16;257.0;258.0;256.4;257.1;255905
2017-01-13;256.9;259.3;256.0;258.0;209182
2017-01-12;257.8;259.0;255.4;256.0;280698
2017-01-11;258.0;259.2;256.9;257.9;248226
2017-01-10;258.9;259.8;255.6;258.0;208246
2017-01-09;260.2;261.1;257.5;258.9;149143
2017-01-06;;260.2;260.2;260.2;0
2017-01-05;260.1;260.9;259.4;260.2;75249
2017-01-04;264.5;265.2;259.5;260.1;180232
2017-01-03;265.0;265.7;263.7;264.1;190569
2017-01-02;263.5;265.5;262.3;263.8;71237
2016-12-30;261.4;263.6;260.3;263.2;174026
2016-12-29;262.0;262.7;260.9;261.5;120357
2016-12-28;261.6;262.7;260.4;262.0;156819
2016-12-27;260.5;262.1;260.1;262.1;88398
2016-12-23;259.2;261.3;257.0;260.7;78164
2016-12-22;258.2;259.7;256.6;258.6;134306
2016-12-21;258.0;260.6;258.0;258.7;170551
2016-12-20;259.3;260.5;256.5;260.0;253150
2016-12-19;261.0;261.8;259.4;260.8;288257
2016-12-16;259.2;261.8;259.2;261.4;308188
2016-12-15;258.0;260.6;254.1;259.7;518507
2016-12-14;262.0;263.0;257.1;258.1;374543
2016-12-13;255.0;262.2;255.0;262.0;484420
2016-12-12;257.0;257.8;254.5;256.1;363108
2016-12-09;256.0;259.0;253.2;257.3;330396
2016-12-08;251.1;256.7;251.1;256.7;580266
2016-12-07;251.1;251.9;250.0;251.0;143535
2016-12-06;250.9;252.0;249.8;251.0;254217
2016-12-05;248.0;253.9;247.6;252.0;375637
2016-12-02;250.0;250.8;247.5;247.6;142734
2016-12-01;250.7;250.9;248.1;250.5;179766
2016-11-30;252.0;253.0;249.4;250.7;300069
2016-11-29;250.8;252.4;249.9;251.8;421355
2016-11-28;253.0;254.0;249.1;250.8;666814
2016-11-25;248.5;251.3;246.8;251.1;291973
2016-11-24;248.0;248.8;246.0;248.4;274293
2016-11-23;249.5;250.6;246.1;248.1;248865
2016-11-22;247.0;249.4;246.5;248.9;420814
2016-11-21;246.9;247.7;244.3;246.4;182547
2016-11-18;246.9;248.1;245.1;246.9;222870
2016-11-17;241.3;245.6;240.2;245.4;179016
2016-11-16;243.0;244.4;239.2;241.1;297104
2016-11-15;241.2;243.3;239.5;242.0;153343
2016-11-14;242.6;246.0;240.2;240.7;273845
2016-11-11;245.0;245.0;239.6;240.9;389500
2016-11-10;251.0;256.6;242.5;244.5;515145
2016-11-09;243.7;250.1;242.4;250.0;498628
2016-11-08;253.3;254.8;250.9;252.1;247348
2016-11-07;253.8;255.5;252.2;253.0;253325
2016-11-04;256.1;256.1;252.2;252.2;252036
2016-11-03;255.7;259.1;255.4;256.3;222427
2016-11-02;258.8;260.7;255.2;256.9;462003
2016-11-01;260.1;262.9;257.8;259.9;375170
2016-10-31;259.1;260.1;257.2;260.1;382857
2016-10-28;256.0;260.0;253.0;259.7;450716
2016-10-27;254.0;257.5;253.2;254.7;405943
2016-10-26;255.0;259.7;251.2;254.3;1158159
2016-10-25;241.1;242.7;239.4;240.1;150850
2016-10-24;243.9;245.9;241.1;242.0;190863
2016-10-21;241.7;244.4;240.5;243.9;408356
2016-10-20;241.8;243.6;240.5;242.0;209328
2016-10-19;242.2;243.2;241.4;242.1;357486
2016-10-18;236.4;242.9;236.4;241.4;358322
2016-10-17;234.4;237.0;231.0;235.6;258129
2016-10-14;225.5;236.2;225.5;234.9;393227
2016-10-13;226.5;228.5;222.7;228.0;167432
2016-10-12;227.0;230.7;225.9;226.2;240843
2016-10-11;226.9;228.3;226.3;227.5;451451
2016-10-10;226.1;227.2;224.1;227.0;311108
2016-10-07;226.9;226.9;223.5;226.1;262725
2016-10-06;232.0;232.6;226.5;226.9;453462
2016-10-05;230.9;231.9;229.4;231.2;209373
2016-10-04;231.4;235.2;231.4;233.1;241283
2016-10-03;235.0;235.4;231.2;231.9;117518
2016-09-30;231.5;234.8;228.2;234.4;153470
2016-09-29;234.5;235.7;233.0;233.4;203891
2016-09-28;232.5;234.5;231.8;233.4;115210
2016-09-27;233.0;233.0;228.1;231.5;190943
2016-09-26;235.0;235.5;230.0;231.5;135329
2016-09-23;234.5;235.0;233.0;234.6;186666
2016-09-22;233.3;235.6;233.3;234.8;184179
2016-09-21;230.1;234.6;230.1;231.9;294616
2016-09-20;230.9;231.9;229.6;230.1;178736
2016-09-19;225.9;232.8;225.9;230.9;516326
2016-09-16;228.0;228.3;224.6;225.4;221464
2016-09-15;224.0;228.0;223.5;228.0;248243
2016-09-14;222.0;225.8;220.8;225.0;586268
2016-09-13;218.0;223.0;217.2;220.2;511687
2016-09-12;214.5;216.1;211.8;215.5;266436
2016-09-09;219.6;221.4;216.4;216.9;461780
2016-09-08;220.0;221.5;218.8;220.0;326600
2016-09-07;222.5;222.8;219.0;219.8;437556
2016-09-06;219.0;222.7;219.0;220.9;296595
2016-09-05;217.3;219.6;217.1;218.9;407939
2016-09-02;217.7;217.8;216.4;217.6;708538
2016-09-01;217.8;218.8;216.5;217.0;515834
2016-08-31;217.9;219.7;217.2;217.5;138370
2016-08-30;218.8;220.6;217.6;217.9;143669
2016-08-29;219.2;219.5;216.5;218.3;259656
2016-08-26;217.0;219.7;215.8;219.3;185523
2016-08-25;217.2;217.5;215.8;216.5;243209
2016-08-24;218.3;218.5;216.4;217.4;386534
2016-08-23;216.4;217.7;215.5;217.7;477239
2016-08-22;214.0;217.0;213.9;215.3;251720
2016-08-19;215.7;215.8;212.7;214.5;269503
2016-08-18;216.7;217.5;215.4;216.1;270214
2016-08-17;218.0;218.8;215.1;215.5;225530
2016-08-16;221.0;221.0;216.6;217.0;178783
2016-08-15;220.7;223.0;219.9;221.8;117521
2016-08-12;220.0;222.1;219.7;221.2;173418
2016-08-11;218.3;221.0;216.6;221.0;391785
2016-08-10;220.0;220.4;217.0;218.7;124303
2016-08-09;218.0;219.9;217.5;219.9;201250
2016-08-08;221.0;221.8;218.9;219.5;143650
2016-08-05;216.9;220.5;216.1;219.8;152539
2016-08-04;215.0;216.0;213.4;216.0;140568
2016-08-03;215.4;216.1;211.2;213.7;160083
2016-08-02;216.8;217.9;212.0;215.2;235178
2016-08-01;223.3;223.5;215.1;216.5;225227
2016-07-29;222.1;222.5;220.7;221.9;91128
2016-07-28;221.0;223.9;219.6;221.7;137579
2016-07-27;219.0;222.0;219.0;220.6;225968
2016-07-26;219.0;219.7;215.1;218.7;721826
2016-07-25;216.5;219.0;215.9;217.5;137104
2016-07-22;217.1;219.0;214.8;216.5;649893
2016-07-21;220.7;221.5;216.5;217.6;191814
2016-07-20;217.0;222.9;217.0;220.2;277241
2016-07-19;217.0;218.0;213.3;217.0;238117
2016-07-18;209.0;219.0;209.0;217.1;513239
2016-07-15;216.9;218.0;205.1;208.4;678863
2016-07-14;219.0;219.4;216.2;216.7;162822
2016-07-13;218.8;219.4;216.7;217.4;115886
2016-07-12;218.9;220.3;218.6;218.8;153525
2016-07-11;212.5;218.0;212.5;217.7;165066
2016-07-08;206.1;213.0;205.9;212.5;169373
2016-07-07;206.1;209.4;205.6;207.5;178387
2016-07-06;206.6;206.6;202.8;204.5;271723
2016-07-05;213.0;213.8;206.2;206.8;170145
2016-07-04;214.2;215.4;211.1;212.8;216805
2016-07-01;211.7;214.4;208.8;214.0;213739
2016-06-30;209.3;211.3;207.0;210.9;257431
2016-06-29;205.9;209.0;204.2;208.5;202910
2016-06-28;203.4;206.5;201.8;203.3;284826
2016-06-27;204.0;205.0;197.0;199.0;641667
2016-06-24;;215.2;215.2;215.2;0
2016-06-23;213.0;215.8;211.4;215.2;209361
2016-06-22;210.7;212.8;209.9;212.0;192254
2016-06-21;211.4;212.6;209.0;210.7;248566
2016-06-20;207.8;211.6;207.6;211.6;410481
2016-06-17;203.9;205.8;201.2;204.9;259684
2016-06-16;206.0;206.0;201.5;202.3;261913
2016-06-15;204.8;209.5;204.4;207.1;492235
2016-06-14;209.0;209.3;203.7;204.1;472372
2016-06-13;212.0;212.6;207.4;208.6;471985
2016-06-10;224.9;224.9;208.0;215.0;1287609
2016-06-09;229.6;229.6;225.6;227.6;196469
2016-06-08;229.0;229.6;227.9;229.6;303581
2016-06-07;233.1;234.1;228.5;230.3;555871
2016-06-06;;230.8;230.8;230.8;0
2016-06-03;232.8;235.4;230.1;230.8;181596
2016-06-02;233.5;235.0;232.4;233.6;254867
2016-06-01;234.8;235.9;232.9;233.6;196661
2016-05-31;236.4;237.2;235.2;235.6;304622
2016-05-30;236.0;237.8;234.6;236.9;103222
2016-05-27;237.0;237.6;235.5;237.4;283059
2016-05-26;237.0;237.5;236.0;237.0;99717
2016-05-25;238.0;238.8;234.9;237.0;202832
2016-05-24;238.3;238.4;235.6;236.3;216609
2016-05-23;236.5;239.2;235.4;238.3;399520
2016-05-20;235.8;237.1;234.8;236.5;261611
2016-05-19;234.0;236.0;232.6;234.2;174161
2016-05-18;231.0;235.0;230.9;235.0;260534
2016-05-17;231.2;235.0;231.1;233.1;248570
2016-05-16;230.0;231.4;229.3;230.6;138636
2016-05-13;228.0;231.3;226.2;230.7;357310
2016-05-12;228.0;230.0;227.7;227.8;367740
2016-05-11;234.0;234.0;229.6;229.9;288402
2016-05-10;235.5;236.7;232.0;233.0;208525
2016-05-09;232.6;235.5;232.5;234.5;289745
2016-05-06;232.1;233.7;231.0;232.6;281893
2016-05-05;231.1;233.3;230.0;232.9;201636
2016-05-04;231.1;233.3;230.0;232.9;201636
2016-05-03;232.0;233.9;228.9;231.1;454592
2016-05-02;233.0;235.3;231.1;232.6;298797
2016-04-29;231.7;233.9;230.0;232.2;547583
2016-04-28;231.8;233.7;228.5;233.3;466159
2016-04-27;229.7;233.5;229.7;232.5;421379
2016-04-26;229.4;231.0;226.6;229.9;448552
2016-04-25;228.0;231.1;227.4;229.4;446519
2016-04-22;227.1;231.9;225.2;226.2;736232
2016-04-21;217.0;236.0;213.5;234.2;1671719
2016-04-20;214.9;216.2;212.5;216.2;533633
2016-04-19;213.2;216.1;213.2;214.7;350367
2016-04-18;211.8;213.4;209.2;213.3;840899
2016-04-15;207.0;214.6;206.8;214.0;497834
2016-04-14;208.0;208.4;205.6;206.8;393194
2016-04-13;207.5;210.4;202.6;206.8;532914
2016-04-12;206.9;206.9;202.1;206.0;314451
2016-04-11;204.0;207.3;200.1;207.0;403863
2016-04-08;198.7;203.9;198.7;203.1;428603
2016-04-07;203.0;203.1;197.5;197.8;343062
2016-04-06;201.2;204.9;200.6;203.0;486711
2016-04-05;196.5;200.6;193.5;200.6;615653
2016-04-04;205.4;206.0;196.0;197.2;1167625
2016-04-01;210.0;210.0;207.1;209.4;223091
2016-03-31;211.9;211.9;208.2;210.6;305912
2016-03-30;208.9;212.7;208.9;212.3;208038
2016-03-29;210.1;212.0;206.5;207.5;202543
2016-03-28;210.5;210.7;209.7;209.7;160864
2016-03-25;210.5;210.7;208.8;209.7;160864
2016-03-24;210.5;210.7;208.8;209.7;160864
2016-03-23;209.6;212.9;209.5;211.5;191089
2016-03-22;208.6;209.4;205.9;209.4;392922
2016-03-21;208.0;209.5;207.0;208.2;433748
2016-03-18;208.4;208.4;206.5;207.5;349459
2016-03-17;210.2;210.2;204.5;207.2;349788
2016-03-16;210.1;210.8;207.8;208.2;227204
2016-03-15;210.0;210.9;208.0;209.1;427692
2016-03-14;212.2;212.3;209.0;210.7;380713
2016-03-11;208.5;211.0;207.5;210.6;300034
2016-03-10;206.9;212.3;205.0;205.4;566081
2016-03-09;206.5;209.5;205.2;206.3;471281
2016-03-08;207.2;207.7;205.2;205.9;308387
2016-03-07;208.3;209.0;206.0;207.3;361434
2016-03-04;204.5;208.1;204.3;207.3;406510
2016-03-03;206.2;206.9;202.9;204.4;570216
2016-03-02;210.2;211.9;204.4;205.4;662959
2016-03-01;203.3;207.8;202.7;207.2;389270
2016-02-29;202.0;204.3;198.5;203.8;442910
2016-02-26;201.0;203.0;199.7;201.1;740910
2016-02-25;197.2;200.0;195.9;199.5;675814
2016-02-24;194.7;197.3;193.8;195.0;974743
2016-02-23;198.4;198.4;193.7;193.8;466722
2016-02-22;198.2;199.4;196.6;197.7;604572
2016-02-19;198.0;198.1;192.6;194.8;443344
2016-02-18;199.0;200.1;196.3;198.4;470487
2016-02-17;193.3;198.9;193.3;198.5;346931
2016-02-16;198.6;198.6;192.1;193.3;290626
2016-02-15;192.1;196.6;191.7;196.4;453041
2016-02-12;188.3;191.5;184.0;188.0;845049
2016-02-11;187.9;190.0;180.7;187.9;628018
2016-02-10;185.4;190.2;181.1;188.5;592980
2016-02-09;190.0;190.1;179.5;184.0;1134056
2016-02-08;206.5;206.5;189.7;190.1;904313
2016-02-05;212.0;214.0;206.5;207.0;728603
2016-02-04;220.0;220.0;207.7;208.9;1353230
2016-02-03;234.5;237.8;232.5;233.3;217846
2016-02-02;238.6;239.7;234.8;235.6;190213
2016-02-01;237.5;238.5;236.0;238.0;203526
2016-01-29;233.4;236.0;232.1;235.5;279783
2016-01-28;233.2;235.8;228.5;229.1;461753
2016-01-27;228.0;229.5;224.8;227.8;145761
2016-01-26;221.8;228.5;220.3;228.0;366873
2016-01-25;225.4;226.6;223.3;224.8;234009
2016-01-22;222.5;226.1;221.9;225.4;315078
2016-01-21;215.5;220.4;214.9;218.6;348741
2016-01-20;219.9;220.0;215.1;216.1;291885
2016-01-19;226.0;227.0;222.1;222.9;317018
2016-01-18;223.4;227.2;221.5;222.6;146077
2016-01-15;231.0;232.2;222.0;225.1;224535
2016-01-14;228.7;231.2;225.5;229.8;213585
2016-01-13;234.5;237.3;229.7;230.7;196490
2016-01-12;230.0;235.8;229.7;233.1;217751
2016-01-11;232.0;235.3;228.5;231.4;175138
2016-01-08;235.0;237.4;231.3;232.4;225855
2016-01-07;235.0;235.0;227.6;233.9;293638
2016-01-06;;242.3;242.3;242.3;0
2016-01-05;245.5;247.8;241.5;242.3;86432
2016-01-04;249.6;249.6;242.1;243.8;164436
2016-01-01;;252.7;252.7;252.7;0
2015-12-31;;252.7;252.7;252.7;0
2015-12-30;253.0;254.2;249.0;252.7;209132
2015-12-29;247.5;253.0;247.5;253.0;213506
2015-12-28;249.5;250.0;245.5;246.5;93132
2015-12-25;243.0;249.5;242.6;249.5;223554
2015-12-24;243.0;249.5;242.6;249.5;223554
2015-12-23;243.0;249.5;242.6;249.5;223554
2015-12-22;242.3;243.9;239.9;242.7;308394
2015-12-21;243.5;245.9;242.0;242.3;281547
2015-12-18;246.0;246.0;242.0;244.1;258638
2015-12-17;250.3;252.0;246.5;246.9;235018
2015-12-16;249.3;249.4;245.9;247.7;240237
2015-12-15;245.7;249.3;245.7;248.5;210248
2015-12-14;250.0;252.4;243.8;245.6;302843
2015-12-11;255.5;255.5;248.2;249.6;235044
2015-12-10;257.0;258.1;253.7;255.5;210225
2015-12-09;258.3;259.5;255.5;256.7;301489
2015-12-08;263.0;263.4;254.6;258.3;341492
2015-12-07;259.0;265.5;259.0;264.1;338491
2015-12-04;258.8;259.0;253.0;256.3;267747
2015-12-03;263.3;265.0;259.4;259.7;340549
2015-12-02;261.0;264.8;260.1;264.0;352955
2015-12-01;254.4;261.5;253.9;261.0;784554
2015-11-30;247.0;255.0;245.7;254.5;588823
2015-11-27;244.6;248.4;243.5;247.0;365979
2015-11-26;240.9;245.3;240.5;244.6;227070
2015-11-25;239.8;242.3;239.3;240.9;207774
2015-11-24;243.5;243.5;237.2;238.9;238804
2015-11-23;244.0;244.1;239.9;243.3;224588
2015-11-20;244.5;245.1;242.7;244.0;118391
2015-11-19;244.3;245.4;242.1;244.5;195583
2015-11-18;240.0;244.3;238.5;242.6;201655
2015-11-17;235.5;240.9;235.5;240.5;261389
2015-11-16;231.0;234.3;229.6;234.2;241915
2015-11-13;239.5;239.7;231.9;232.8;350665
2015-11-12;243.4;244.9;238.4;239.3;169099
2015-11-11;243.3;245.7;241.7;243.2;208695
2015-11-10;246.0;246.9;242.1;242.7;302668
2015-11-09;246.7;248.5;245.0;245.3;304160
2015-11-06;245.0;248.8;244.4;246.4;207954
2015-11-05;245.9;247.5;244.4;246.0;281143
2015-11-04;242.5;247.3;242.5;244.8;318584
2015-11-03;243.0;244.4;241.1;242.2;354386
2015-11-02;240.0;243.3;239.6;243.3;346652
2015-10-30;240.0;241.9;238.2;241.8;215489
2015-10-29;242.0;242.3;237.5;240.0;204676
2015-10-28;240.0;242.5;236.9;241.9;241406
2015-10-27;237.0;239.4;235.0;239.0;287879
2015-10-26;240.2;240.2;236.5;237.2;228260
2015-10-23;236.9;241.0;236.5;239.2;420858
2015-10-22;224.3;237.0;223.1;237.0;755898
2015-10-21;231.9;231.9;223.1;224.3;554782
2015-10-20;231.0;233.2;229.1;233.2;245548
2015-10-19;231.8;233.2;229.8;230.2;235179
2015-10-16;235.6;236.5;230.6;231.7;173711
2015-10-15;232.0;234.2;231.1;233.5;157272
2015-10-14;234.4;234.4;230.8;231.3;179219
2015-10-13;237.0;237.0;234.1;235.1;212622
2015-10-12;238.3;242.1;235.6;236.5;447965
2015-10-09;235.6;238.0;235.2;236.2;232094
2015-10-08;233.7;235.5;233.3;234.3;201363
2015-10-07;230.1;235.7;230.1;233.2;493582
2015-10-06;227.4;230.7;226.7;229.7;302405
2015-10-05;223.8;227.4;223.0;227.3;235050
2015-10-02;224.5;227.4;218.7;221.4;255698
2015-10-01;226.5;228.5;221.2;222.0;243531
2015-09-30;223.0;226.7;222.3;224.8;283040
2015-09-29;218.0;221.6;214.8;220.4;230523
2015-09-28;225.7;226.1;220.5;221.1;222805
2015-09-25;222.0;226.7;222.0;226.0;226138
2015-09-24;224.9;224.9;218.2;219.0;448147
2015-09-23;223.1;225.5;220.4;224.2;248437
2015-09-22;228.6;228.6;222.5;223.2;178842
2015-09-21;230.3;230.3;225.5;228.6;263354
2015-09-18;231.8;232.8;228.8;230.5;289205
2015-09-17;231.1;233.5;230.1;233.2;380854
2015-09-16;230.0;232.4;228.6;230.1;452945
2015-09-15;231.0;232.0;225.5;227.7;273188
2015-09-14;233.3;235.4;230.5;230.5;352838
2015-09-11;233.9;236.0;231.3;232.9;496799
2015-09-10;231.4;235.8;230.1;233.4;365452
2015-09-09;233.0;237.0;232.0;232.5;727093
2015-09-08;229.0;231.8;228.4;230.1;350609
2015-09-07;229.1;231.5;226.8;227.3;402291
2015-09-04;225.9;226.3;222.6;225.8;282967
2015-09-03;220.9;228.8;220.5;227.3;357714
2015-09-02;216.4;220.4;215.6;218.9;396477
2015-09-01;220.0;220.4;213.3;216.4;313323
2015-08-31;220.9;222.6;219.9;222.4;182255
2015-08-28;221.8;221.9;217.4;220.5;237104
2015-08-27;220.0;221.1;216.2;220.5;365803
2015-08-26;216.2;220.2;211.0;217.3;255883
2015-08-25;208.0;216.3;206.5;216.1;497967
2015-08-24;214.0;214.4;201.6;207.3;624486
2015-08-21;221.0;222.2;217.5;217.8;290113
2015-08-20;226.0;226.5;222.1;223.3;207598
2015-08-19;232.0;232.0;226.1;227.0;245978
2015-08-18;230.8;233.6;230.6;232.8;244058
2015-08-17;231.7;234.7;228.3;230.8;224122
2015-08-14;233.3;234.5;230.1;231.7;135258
2015-08-13;230.7;237.9;230.4;233.3;430097
2015-08-12;229.3;230.1;224.2;228.4;206670
2015-08-11;233.3;233.6;227.5;229.7;248843
2015-08-10;230.0;233.5;229.5;232.8;217274
2015-08-07;230.6;230.8;229.0;229.8;157852
2015-08-06;228.8;230.5;227.4;229.8;222901
2015-08-05;227.6;229.3;226.6;228.5;142774
2015-08-04;227.9;227.9;224.9;226.9;165904
2015-08-03;228.5;229.2;226.3;227.4;161955
2015-07-31;228.0;229.2;224.7;228.5;136456
2015-07-30;227.4;229.3;224.7;226.5;237886
2015-07-29;224.9;227.2;223.8;227.0;448769
2015-07-28;217.4;222.7;216.5;222.5;338082
2015-07-27;221.2;222.0;216.6;217.6;235073
2015-07-24;225.7;225.7;220.2;221.2;290997
2015-07-23;226.4;227.8;225.1;225.1;156499
2015-07-22;224.5;227.8;223.4;225.1;493332
2015-07-21;226.8;228.4;224.3;224.5;390491
2015-07-20;226.0;228.6;226.0;226.6;225587
2015-07-17;226.2;226.8;223.0;225.5;234117
2015-07-16;221.2;226.4;221.0;225.9;378411
2015-07-15;223.9;224.0;215.5;221.0;899052
2015-07-14;232.0;234.7;222.6;223.1;834704
2015-07-13;236.5;238.1;232.7;237.3;523395
2015-07-10;234.5;235.5;231.2;232.0;402415
2015-07-09;225.7;230.1;224.2;229.5;236464
2015-07-08;223.4;227.6;221.1;223.7;349253
2015-07-07;224.4;229.4;223.1;223.1;312480
2015-07-06;228.2;228.2;222.2;223.7;360338
2015-07-03;228.1;231.5;227.3;229.8;158842
2015-07-02;228.4;229.0;226.3;228.1;440966
2015-07-01;226.3;230.5;222.6;227.6;325946
2015-06-30;226.5;229.3;223.0;226.0;333027
2015-06-29;222.0;228.2;222.0;227.5;349150
2015-06-26;228.6;234.0;226.7;232.4;187990
2015-06-25;230.0;231.1;228.3;229.1;152628
2015-06-24;234.1;234.7;229.8;231.0;237788
2015-06-23;231.6;234.1;231.2;232.9;379421
2015-06-22;223.0;230.9;222.0;230.3;379742
2015-06-19;;224.5;224.5;224.5;0
2015-06-18;225.6;225.8;219.5;224.5;405200
2015-06-17;225.4;227.1;223.7;225.6;388966
2015-06-16;221.5;226.5;218.8;225.1;431846
2015-06-15;229.1;229.1;220.9;222.2;422803
2015-06-12;236.0;236.9;229.3;231.2;709346
2015-06-11;233.7;234.9;230.7;231.9;330207
2015-06-10;225.5;233.3;224.5;232.9;502034
2015-06-09;224.5;226.1;222.0;224.6;315220
2015-06-08;229.0;231.0;225.2;225.2;284175
2015-06-05;232.0;232.1;228.6;229.4;320380
2015-06-04;235.8;235.8;231.9;233.2;323081
2015-06-03;237.0;238.5;235.6;235.8;331033
2015-06-02;241.0;241.8;236.2;236.7;351252
2015-06-01;242.2;243.9;239.8;240.4;264458
2015-05-29;243.5;244.2;240.0;241.5;614761
2015-05-28;247.1;247.5;243.0;244.0;311237
2015-05-27;245.4;247.6;243.3;247.0;461597
2015-05-26;246.9;247.7;244.5;245.0;456190
2015-05-25;247.0;247.5;245.2;247.0;153886
2015-05-22;249.4;249.4;246.4;246.9;531690
2015-05-21;249.5;249.6;246.4;249.2;751152
2015-05-20;250.2;251.4;246.4;249.4;904333
2015-05-19;248.0;251.5;248.0;249.5;1382763
2015-05-18;245.6;249.5;244.3;246.6;863274
2015-05-15;238.8;243.5;238.0;239.7;534013
2015-05-14;233.3;239.1;233.1;238.8;316669
2015-05-13;233.3;239.1;233.1;238.8;316669
2015-05-12;235.1;236.5;231.5;232.9;449727
2015-05-11;241.1;242.0;235.6;238.4;327743
2015-05-08;240.0;242.0;235.2;240.8;554749
2015-05-07;236.0;240.3;233.6;238.5;950953
2015-05-06;235.5;239.3;234.7;237.5;837192
2015-05-05;245.0;246.6;234.0;235.3;914874
2015-05-04;248.5;249.2;243.2;246.0;547216
2015-05-01;247.0;249.6;241.6;248.5;441673
2015-04-30;247.0;249.6;241.6;248.5;441673
2015-04-29;258.7;258.9;242.8;246.9;1152858
2015-04-28;262.5;262.5;253.4;257.5;696322
2015-04-27;258.2;263.0;255.0;262.4;709040
2015-04-24;257.0;259.7;253.1;258.0;890056
2015-04-23;264.0;265.1;255.2;255.7;944921
2015-04-22;273.0;273.0;256.2;264.1;1584449
2015-04-21;299.6;305.0;267.3;280.5;1841862
2015-04-20;297.0;302.5;283.1;300.3;266192
2015-04-17;304.0;304.8;298.8;299.5;184703
2015-04-16;308.7;309.5;302.5;304.3;266943
2015-04-15;310.0;310.0;306.8;308.7;439051
2015-04-14;313.2;314.8;310.0;312.0;155994
2015-04-13;310.0;314.7;309.5;313.0;227833
2015-04-10;307.0;310.9;306.1;310.4;319039
2015-04-09;297.5;307.9;297.5;306.6;287029
2015-04-08;296.0;299.6;295.2;297.2;194375
2015-04-07;294.0;298.0;294.0;295.7;139233
2015-04-02;289.0;292.6;288.7;291.5;66497
2015-04-01;287.0;290.0;282.3;288.8;211211
2015-03-31;284.5;289.0;284.3;287.2;346354
2015-03-30;281.6;285.5;281.6;284.3;214003
2015-03-27;281.7;284.1;279.8;281.0;216110
2015-03-26;283.9;283.9;278.5;281.7;237523
2015-03-25;288.7;288.8;283.8;285.3;313202
2015-03-24;277.9;289.9;277.0;289.9;357408
2015-03-23;282.0;282.0;275.9;277.5;396621
2015-03-20;284.0;284.7;282.0;282.1;371801
2015-03-19;290.4;294.4;276.1;284.8;700100
2015-03-18;287.2;291.5;283.8;290.5;243914
2015-03-17;291.3;292.7;283.1;285.6;263164
2015-03-16;284.7;291.6;284.0;290.3;389324
2015-03-13;281.7;285.8;280.3;285.0;230888
2015-03-12;283.0;284.5;279.7;281.0;171505
2015-03-11;276.5;283.0;276.5;281.6;373989
2015-03-10;283.6;286.3;277.0;278.3;194018
2015-03-09;284.4;284.9;277.3;283.5;252938
2015-03-06;291.1;292.7;284.2;284.4;201361
2015-03-05;287.5;294.6;287.4;290.9;269306
2015-03-04;285.5;287.8;281.5;287.5;365576
2015-03-03;295.0;296.1;286.0;286.7;273215
2015-03-02;296.0;299.0;293.3;295.1;198627
2015-02-27;298.0;298.5;293.6;296.0;184443
2015-02-26;299.0;299.5;296.8;297.4;155880
2015-02-25;299.8;301.5;297.5;300.0;272849
2015-02-24;299.8;301.0;293.1;299.9;328602
2015-02-23;294.8;299.9;294.8;298.7;286840
2015-02-20;295.0;296.8;293.2;293.9;497542
2015-02-19;297.0;297.0;292.0;295.0;376110
2015-02-18;294.1;297.3;293.9;296.9;266913
2015-02-17;299.0;299.2;292.9;293.8;287211
2015-02-16;298.6;300.7;296.5;299.0;257551
2015-02-13;296.4;302.6;296.0;298.6;497667
2015-02-12;283.9;295.6;282.5;294.3;444685
2015-02-11;277.8;286.6;271.0;284.0;448943
2015-02-10;278.0;285.9;277.7;283.6;309458
2015-02-09;280.6;281.7;277.0;278.1;551678
2015-02-06;282.2;285.1;280.1;284.4;839520
2015-02-05;276.9;283.2;275.3;282.4;235394
2015-02-04;275.2;277.6;275.0;277.0;269608
2015-02-03;271.1;276.4;271.0;275.0;557278
2015-02-02;273.2;274.7;269.8;271.1;291040
2015-01-30;268.8;274.6;268.8;272.9;277915
2015-01-29;265.1;267.9;262.6;267.2;321853
2015-01-28;262.6;265.3;262.3;265.1;386238
2015-01-27;262.4;265.0;260.6;262.0;326224
2015-01-26;259.8;263.0;259.1;262.5;344863
2015-01-23;257.4;261.3;257.4;260.1;389100
2015-01-22;251.9;257.9;251.9;257.1;355829
2015-01-21;251.4;252.6;249.6;251.1;180240
2015-01-20;254.0;254.6;251.2;252.6;290000
2015-01-19;251.1;255.0;250.1;254.0;180064
2015-01-16;250.0;251.5;246.0;251.1;248409
2015-01-15;248.6;251.5;244.1;251.0;204238
2015-01-14;250.1;250.1;246.5;247.3;287670
2015-01-13;252.2;253.0;250.2;251.0;303317
2015-01-12;252.0;253.5;250.2;252.2;293883
2015-01-09;252.2;254.4;250.0;250.9;300676
2015-01-08;250.9;254.8;249.1;253.0;444542
2015-01-07;252.0;252.0;244.9;245.7;275550
2015-01-06;;253.9;253.9;253.9;0
2015-01-05;252.1;255.4;252.0;253.9;147346
2015-01-02;250.5;253.5;250.5;251.8;226907
2015-01-01;248.2;252.0;246.5;249.0;159746
2014-12-30;248.2;252.0;246.5;249.0;159746
2014-12-29;248.1;249.0;246.4;248.5;124269
2014-12-23;245.5;248.5;244.9;248.0;176696
2014-12-22;243.6;246.0;243.0;245.3;120801
2014-12-19;244.0;245.3;241.0;243.6;163694
2014-12-18;238.3;242.5;237.0;241.5;176990
2014-12-17;235.0;235.7;232.0;234.0;217467
2014-12-16;234.2;236.7;231.1;235.0;274531
2014-12-15;237.2;239.5;234.1;234.1;227537
2014-12-12;240.2;240.5;237.1;237.1;142054
2014-12-11;242.0;243.0;239.5;240.6;177497
2014-12-10;241.3;243.0;241.0;241.9;149780
2014-12-09;241.6;242.3;237.7;239.9;244802
2014-12-08;243.3;244.0;241.1;242.4;340315
2014-12-05;239.2;244.6;239.2;243.1;205536
2014-12-04;239.0;241.9;237.0;238.5;209492
2014-12-03;233.3;238.9;233.1;238.3;199318
2014-12-02;232.2;233.9;231.0;233.3;523203
2014-12-01;237.5;238.0;232.2;232.5;450106
2014-11-28;237.1;237.5;235.8;237.4;265283
2014-11-27;235.6;237.1;235.0;236.9;172423
2014-11-26;233.5;236.9;233.4;235.4;319999
2014-11-25;229.4;235.0;228.3;233.5;314348
2014-11-24;223.8;228.4;223.5;228.4;283756
2014-11-21;220.8;226.1;220.4;224.8;315669
2014-11-20;219.5;221.0;219.0;220.5;343966
2014-11-19;219.4;219.8;218.1;219.4;269765
2014-11-18;218.5;221.0;218.2;219.5;381213
2014-11-17;214.2;219.0;213.0;218.4;267108
2014-11-14;219.9;219.9;214.2;215.0;709751
2014-11-13;227.6;227.6;216.3;219.0;982695
2014-11-12;227.2;228.0;224.0;227.6;420396
2014-11-11;236.5;238.9;224.1;225.6;839168
2014-11-10;235.4;238.4;234.8;237.2;183896
2014-11-07;236.8;238.5;233.6;234.9;208145
2014-11-06;236.4;238.5;232.8;235.8;148960
2014-11-05;237.7;239.7;236.3;236.9;153250
2014-11-04;236.4;239.7;235.1;236.2;198197
2014-11-03;238.0;238.4;236.2;236.5;204829
2014-10-31;233.5;238.2;232.9;238.1;185628
2014-10-30;232.9;232.9;228.5;232.4;192181
2014-10-29;230.0;232.4;229.4;230.8;508973
2014-10-28;227.0;229.0;226.7;228.5;460004
2014-10-24;235.1;237.2;223.2;226.1;389661
2014-10-23;229.9;233.0;226.5;233.0;213758
2014-10-22;226.0;229.5;224.7;229.2;351442
2014-10-21;214.0;224.1;212.5;224.1;258838
2014-10-20;214.5;215.1;210.8;213.5;208397
2014-10-17;209.6;214.2;209.2;213.8;373296
2014-10-16;206.3;210.1;200.0;209.3;369796
2014-10-15;211.0;213.8;205.9;206.3;373003
2014-10-14;208.0;211.9;206.5;210.9;271616
2014-10-13;210.7;212.5;207.5;208.6;247467
2014-10-10;211.4;212.6;208.2;211.6;305878
2014-10-09;216.4;219.4;211.7;213.3;381716
2014-10-08;216.1;216.8;208.7;212.5;920288
2014-10-07;226.6;226.6;216.7;217.7;391666
2014-10-06;228.3;231.3;226.8;227.0;133860
2014-10-03;224.0;228.2;224.0;227.1;281676
2014-10-02;229.0;229.0;223.1;223.7;293061
2014-10-01;230.4;232.9;228.5;229.8;126209
2014-09-30;230.9;232.4;229.1;230.8;188100
2014-09-29;232.8;232.8;228.3;230.9;206702
2014-09-26;228.4;232.4;226.6;231.9;214502
2014-09-25;233.0;233.3;228.4;229.6;178152
2014-09-24;234.5;234.5;229.5;232.4;226469
2014-09-23;238.0;238.0;232.8;233.9;210417
2014-09-22;238.0;238.7;236.1;237.4;149958
2014-09-19;238.4;239.2;237.0;238.1;183056
2014-09-18;241.5;241.7;236.2;237.7;333970
2014-09-17;238.3;241.5;238.0;240.9;293131
2014-09-16;240.3;240.3;237.2;238.1;151795
2014-09-15;241.0;241.0;238.0;240.3;190041
2014-09-12;240.8;242.0;240.2;241.7;157535
2014-09-11;242.0;242.5;239.3;240.8;163203
2014-09-10;241.7;242.5;239.6;241.3;202988
2014-09-09;242.0;243.6;241.2;243.0;144846
2014-09-08;242.8;243.7;240.7;243.2;169429
2014-09-05;243.2;244.2;241.5;242.8;235618
2014-09-04;242.0;245.1;238.7;243.2;409459
2014-09-03;233.0;243.4;232.5;242.5;655025
2014-09-02;228.5;230.9;228.5;229.9;190044
2014-09-01;227.5;229.1;227.0;228.0;168598
2014-08-29;227.2;228.5;226.5;227.5;137965
2014-08-28;229.5;229.5;224.5;227.4;280762
2014-08-27;229.6;231.2;228.7;230.0;252324
2014-08-26;232.3;232.3;229.8;230.5;215841
2014-08-25;232.0;232.0;230.4;232.0;89027
2014-08-22;231.2;232.0;228.7;230.4;151944
2014-08-21;229.9;231.0;228.0;230.7;215295
2014-08-20;227.1;229.0;226.0;228.5;243461
2014-08-19;226.0;227.6;225.0;226.5;399877
2014-08-18;221.7;225.5;221.3;225.0;245001
2014-08-15;218.1;223.4;218.0;219.9;308235
2014-08-14;218.0;218.8;216.8;218.2;238050
2014-08-13;217.2;219.4;216.2;218.0;532601
2014-08-12;219.3;219.3;215.5;216.4;463638
2014-08-11;215.1;219.8;215.1;219.0;473931
2014-08-08;212.9;214.0;210.2;214.0;271438
2014-08-07;217.4;218.0;213.7;214.5;300269
2014-08-06;217.7;217.7;213.9;216.6;263587
2014-08-05;220.0;221.9;218.7;218.7;366106
2014-08-04;218.8;220.8;217.0;219.7;224400
2014-08-01;219.6;220.6;216.4;218.0;231139
2014-07-31;221.9;222.0;216.3;218.8;280076
2014-07-30;222.1;223.4;220.3;221.9;173900
2014-07-29;221.5;224.7;221.0;222.7;183921
2014-07-28;223.0;223.9;221.0;221.5;121828
2014-07-25;227.1;227.1;221.5;222.4;231281
2014-07-24;225.1;227.7;224.1;226.7;133277
2014-07-23;225.2;228.0;225.2;226.5;135626
2014-07-22;228.4;230.0;224.3;225.5;245967
2014-07-21;228.8;228.8;222.6;227.8;318840
2014-07-18;225.1;228.0;223.0;227.6;368142
2014-07-17;231.0;231.5;225.4;226.8;478226
2014-07-16;230.5;232.3;228.0;230.7;664743
2014-07-15;245.5;245.5;229.4;230.0;1836029
2014-07-14;248.6;254.5;248.6;254.0;184992
2014-07-11;246.8;248.8;245.6;248.1;138523
2014-07-10;252.6;252.6;245.8;246.8;329363
2014-07-09;250.0;251.3;248.0;251.3;133540
2014-07-08;251.9;252.8;249.2;250.3;274050
2014-07-07;251.0;252.1;249.2;250.8;137134
2014-07-04;250.0;252.5;248.8;251.0;224695
2014-07-03;249.9;250.9;245.2;249.4;368603
2014-07-02;251.1;252.2;248.1;249.1;135231
2014-07-01;248.0;251.5;247.7;251.1;179762
2014-06-30;245.8;248.0;245.2;248.0;155689
2014-06-27;245.0;246.9;243.7;246.3;144657
2014-06-26;244.4;245.5;240.0;244.9;193618
2014-06-25;249.0;249.0;241.4;244.5;322703
2014-06-24;248.4;250.0;245.2;249.0;275044
2014-06-23;244.1;248.1;242.6;247.4;251411
2014-06-20;;244.0;244.0;244.0;0
2014-06-19;243.1;245.3;243.1;244.0;255238
2014-06-18;239.4;245.0;239.4;242.1;520516
2014-06-17;239.5;241.5;235.1;239.4;518938
2014-06-16;248.0;248.5;238.1;239.1;526094
2014-06-13;251.0;251.0;244.9;248.4;241236
2014-06-12;250.5;252.6;250.0;251.3;167235
2014-06-11;255.2;255.9;247.7;250.4;250959
2014-06-10;253.0;254.9;251.2;254.9;239622
2014-06-09;252.5;253.0;245.6;252.6;329766
2014-06-06;;249.3;249.3;249.3;0
2014-06-05;250.0;250.0;246.7;249.3;266400
2014-06-04;246.8;249.9;246.0;249.9;218679
2014-06-03;248.7;248.7;246.0;246.7;192128
2014-06-02;248.0;249.6;247.0;248.1;251517
2014-05-30;244.0;247.7;242.8;246.0;240651
2014-05-28;244.5;245.0;242.0;244.4;215839
2014-05-27;239.2;244.7;238.0;243.6;570004
2014-05-26;236.4;239.6;236.4;238.0;144527
2014-05-23;236.5;236.7;232.8;236.3;312815
2014-05-22;235.0;236.3;233.2;235.8;226874
2014-05-21;233.5;235.2;232.0;234.5;171620
2014-05-20;234.7;236.1;232.9;233.6;281001
2014-05-19;234.9;235.2;231.2;234.5;365745
2014-05-16;236.7;237.1;233.6;234.9;422925
2014-05-15;239.8;240.2;235.6;237.0;401250
2014-05-14;237.6;239.5;235.8;239.0;210090
2014-05-13;240.0;242.1;235.8;237.5;343705
2014-05-12;236.8;239.9;235.2;239.9;201688
2014-05-09;238.0;238.0;233.7;235.1;202712
2014-05-08;234.0;240.4;234.0;238.0;326257
2014-05-07;229.3;235.7;228.5;234.0;988855
2014-05-06;223.2;229.3;223.2;229.3;297983
2014-05-05;223.7;225.3;220.1;222.8;201123
2014-05-02;218.5;224.0;218.5;223.7;350609
2014-05-01;;220.0;220.0;220.0;0
2014-04-30;219.0;221.0;218.2;220.0;364027
2014-04-29;221.5;223.0;217.5;219.0;352055
2014-04-28;223.0;223.5;219.8;220.3;450497
2014-04-25;222.7;223.6;221.1;222.0;454115
2014-04-24;220.5;237.1;220.5;229.0;967672
2014-04-23;223.4;223.4;218.9;220.3;389838
2014-04-22;220.5;225.2;220.4;223.5;254612
2014-04-17;216.5;219.6;215.4;218.9;108860
2014-04-16;210.0;216.5;210.0;216.5;231084
2014-04-15;211.3;213.4;207.1;208.3;181981
2014-04-14;212.1;212.1;206.5;210.0;234102
2014-04-11;213.7;214.5;210.5;212.4;276108
2014-04-10;217.0;219.7;214.1;215.8;241795
2014-04-09;215.0;218.5;215.0;217.0;187863
2014-04-08;217.0;217.2;211.4;215.0;214007
2014-04-07;216.5;218.4;214.8;217.0;166792
2014-04-04;216.7;218.8;215.7;218.5;229006
2014-04-03;218.0;218.5;215.1;216.5;291458
2014-04-02;219.6;220.0;216.9;217.5;281338
2014-04-01;212.4;218.7;212.1;218.7;451282
2014-03-31;211.0;212.4;209.6;212.4;175320
2014-03-28;210.7;211.6;208.5;210.4;238317
2014-03-27;210.5;210.5;207.7;209.8;196951
2014-03-26;207.8;212.2;207.8;211.0;282550
2014-03-25;205.5;209.0;205.5;207.5;125465
2014-03-24;207.5;207.9;203.5;204.2;163445
2014-03-21;207.5;209.2;206.5;207.5;200253
2014-03-20;209.6;209.8;206.0;207.1;201973
2014-03-19;211.4;212.1;209.7;210.8;273147
2014-03-18;207.9;211.8;206.3;210.6;292013
2014-03-17;203.1;208.8;203.1;207.1;258092
2014-03-14;201.4;203.3;199.0;202.7;293847
2014-03-13;203.0;206.6;202.6;203.5;197071
2014-03-12;202.4;203.5;201.1;202.0;191135
2014-03-11;205.0;205.4;202.0;203.1;165077
2014-03-10;204.2;205.8;203.0;204.3;151186
2014-03-07;209.5;209.6;203.2;204.0;355059
2014-03-06;209.0;209.0;206.5;208.0;311205
2014-03-05;210.2;212.8;207.9;208.0;314873
2014-03-04;205.0;213.5;204.7;210.1;288565
2014-03-03;207.5;207.5;201.8;204.4;257510
2014-02-28;208.5;210.9;208.2;210.8;319391
2014-02-27;207.1;209.7;205.3;208.0;175413
2014-02-26;206.1;208.1;205.0;206.6;572167
2014-02-25;205.0;206.9;204.6;206.5;120200
2014-02-24;203.6;205.7;202.1;205.7;231692
2014-02-21;204.5;205.6;202.2;203.6;210948
2014-02-20;200.7;204.5;199.3;203.9;344956
2014-02-19;202.0;203.0;200.6;201.6;205559
2014-02-18;199.8;201.5;199.4;201.5;216670
2014-02-17;199.6;201.1;199.6;200.7;1069385
2014-02-14;195.3;200.0;195.3;198.7;196243
2014-02-13;194.6;196.5;194.0;195.6;306216
2014-02-12;191.5;198.6;191.5;194.9;710374
2014-02-11;183.5;185.3;182.6;185.2;133776
2014-02-10;183.9;183.9;181.3;182.6;94687
2014-02-07;176.1;182.5;176.1;182.5;500626
2014-02-06;175.8;178.8;175.5;175.7;187449
2014-02-05;173.6;176.1;172.8;175.7;151327
2014-02-04;172.5;174.7;170.7;173.6;116376
2014-02-03;176.1;177.7;173.0;173.2;164578
2014-01-31;177.7;179.6;173.5;175.4;129522
2014-01-30;175.1;178.5;174.2;177.7;104948
2014-01-29;175.8;179.0;172.0;175.6;199527
2014-01-28;173.4;175.7;172.0;175.5;105108
2014-01-27;175.0;175.1;172.0;173.1;166825
2014-01-24;180.2;181.9;175.2;176.5;218069
2014-01-23;183.5;185.2;180.6;181.1;220584
2014-01-22;184.3;185.7;182.4;182.8;117981
2014-01-21;183.0;186.0;182.1;184.3;192768
2014-01-20;183.2;184.0;181.2;184.0;224524
2014-01-17;182.1;185.0;182.0;185.0;135254
2014-01-16;183.0;183.0;180.5;180.5;142539
2014-01-15;176.4;183.5;176.4;183.0;230397
2014-01-14;179.0;179.0;176.1;176.4;353797
2014-01-13;180.7;181.9;179.9;179.9;214818
2014-01-10;178.0;180.7;178.0;180.7;148865
2014-01-09;179.5;180.0;177.9;178.0;307063
2014-01-08;182.1;182.8;179.5;179.5;129018
2014-01-07;183.7;184.0;181.6;182.1;119259
2014-01-06;;183.7;183.7;183.7;0
2014-01-03;182.3;184.5;181.1;183.7;117257
2014-01-02;181.5;183.5;181.5;182.8;133225
2013-12-31;;181.5;181.5;181.5;0
2013-12-30;182.0;183.0;181.0;181.5;95248
2013-12-27;182.0;183.0;180.5;181.5;122325
2013-12-23;178.5;181.0;178.0;181.0;68051
2013-12-20;177.0;179.0;175.5;178.5;142730
2013-12-19;173.0;177.0;173.0;176.5;112693
2013-12-18;171.5;174.0;171.5;172.5;176322
2013-12-17;174.0;174.5;171.5;172.0;144215
2013-12-16;171.5;174.5;171.5;174.0;126423
2013-12-13;170.5;174.0;170.0;171.5;160394
2013-12-12;173.5;174.5;170.0;170.0;193663
2013-12-11;174.5;176.5;173.5;174.0;160104
2013-12-10;173.5;177.0;173.5;174.0;408720
2013-12-09;172.5;174.5;172.0;174.0;378457
2013-12-06;173.0;173.0;169.0;172.0;423303
2013-12-05;170.0;174.0;169.5;172.0;425815
2013-12-04;174.0;174.5;170.0;170.5;372543
2013-12-03;180.0;180.0;170.5;173.5;616946
2013-12-02;185.0;185.5;178.0;179.5;427943
2013-11-29;186.5;188.0;185.0;185.0;148476
2013-11-28;187.5;188.0;186.0;186.5;77598
2013-11-27;185.5;187.5;185.0;187.0;83671
2013-11-26;183.5;185.5;183.0;185.0;106937
2013-11-25;183.0;184.5;180.0;184.0;134341
2013-11-22;182.5;183.5;181.0;182.0;225249
2013-11-21;184.5;186.0;182.0;182.5;172406
2013-11-20;184.5;187.0;183.0;185.0;84878
2013-11-19;185.5;187.0;183.5;184.5;133692
2013-11-18;185.5;188.5;184.5;185.5;182014
2013-11-15;185.0;186.5;185.0;185.5;93502
2013-11-14;187.0;187.5;180.5;185.5;347990
2013-11-13;189.0;190.0;185.5;186.0;526611
2013-11-12;188.5;190.0;187.0;189.5;437901
2013-11-11;186.0;189.0;185.5;188.5;122477
2013-11-08;188.0;188.5;185.5;185.5;138506
2013-11-07;188.5;191.5;188.5;189.5;216462
2013-11-06;187.0;190.5;186.5;188.0;193370
2013-11-05;187.5;189.5;186.0;186.0;115870
2013-11-04;184.5;189.5;184.5;187.5;227479
2013-11-01;185.5;186.0;184.0;184.0;62085
2013-10-31;186.0;186.5;184.0;185.0;130010
2013-10-30;184.5;186.0;184.0;186.0;266285
2013-10-29;185.0;186.5;184.0;184.5;194252
2013-10-28;188.5;189.0;185.5;185.5;221089
2013-10-25;184.5;189.5;184.0;187.5;528919
2013-10-24;197.0;200.5;183.0;184.5;641664
2013-10-23;194.5;197.0;194.5;197.0;77355
2013-10-22;197.0;197.5;193.5;195.0;138992
2013-10-21;197.0;199.0;195.5;196.5;142073
2013-10-18;194.0;197.5;194.0;197.5;160880
2013-10-17;192.5;194.0;192.0;193.0;131528
2013-10-16;187.0;192.0;185.5;192.0;172814
2013-10-15;188.5;190.5;186.5;189.0;171413
2013-10-14;188.5;188.5;185.5;187.5;157829
2013-10-11;190.0;191.0;188.5;189.0;142631
2013-10-10;184.5;189.5;184.5;189.5;426623
2013-10-09;185.0;186.0;183.0;183.5;145822
2013-10-08;184.5;187.0;184.5;185.0;312974
2013-10-07;184.0;185.5;182.5;185.0;138644
2013-10-04;186.0;186.0;184.0;184.5;205929
2013-10-03;185.0;187.0;184.0;186.5;293464
2013-10-02;188.5;188.5;184.5;185.5;375755
2013-10-01;186.5;190.5;186.0;190.0;201785
2013-09-30;185.5;187.5;184.0;187.0;215535
2013-09-27;188.0;188.5;186.5;187.5;107846
2013-09-26;188.5;188.5;187.5;188.5;89672
2013-09-25;188.0;188.5;186.5;188.0;88773
2013-09-24;187.0;189.0;186.5;188.5;106704
2013-09-23;189.0;189.5;187.5;187.5;266750
2013-09-20;190.5;190.5;189.0;189.0;284936
2013-09-19;188.0;192.5;187.5;190.5;676695
2013-09-18;182.5;188.0;182.5;186.5;388016
2013-09-17;184.5;184.5;182.0;182.0;237127
2013-09-16;189.0;189.5;184.0;184.0;279128
2013-09-13;187.0;187.0;183.5;185.0;397264
2013-09-12;190.0;190.5;187.0;187.0;325552
2013-09-11;187.0;191.5;186.5;190.0;1230679
2013-09-10;176.0;189.5;176.0;187.0;840225
2013-09-09;174.0;175.5;172.5;175.5;169854
2013-09-06;174.5;175.5;172.0;174.0;178433
2013-09-05;172.5;174.5;171.5;174.5;246561
2013-09-04;173.5;173.5;171.0;172.0;358486
2013-09-03;173.0;174.5;171.5;173.5;181550
2013-09-02;171.5;173.0;171.0;173.0;139768
2013-08-30;168.0;171.5;167.5;170.5;228955
2013-08-29;168.0;170.5;166.0;167.5;254375
2013-08-28;167.5;168.5;166.0;167.5;157127
2013-08-27;171.0;171.0;167.5;168.0;197164
2013-08-26;171.0;172.0;170.0;171.5;78192
2013-08-23;172.5;173.0;170.0;171.0;115200
2013-08-22;170.5;172.5;170.5;171.5;320053
2013-08-21;173.5;174.5;171.0;171.0;161962
2013-08-20;173.0;174.0;171.0;173.0;212565
2013-08-19;171.0;175.0;169.5;172.5;293941
2013-08-16;167.0;169.0;166.0;169.0;137467
2013-08-15;169.0;170.0;166.0;166.5;171449
2013-08-14;171.5;172.0;169.5;170.0;225893
2013-08-13;172.0;172.5;171.0;171.5;127104
2013-08-12;171.5;172.0;170.0;172.0;119825
2013-08-09;172.5;173.5;170.5;171.5;121110
2013-08-08;172.5;174.0;172.0;173.0;161141
2013-08-07;171.5;172.5;170.0;172.0;269825
2013-08-06;175.5;176.0;171.5;172.0;188066
2013-08-05;173.5;176.0;173.0;176.0;119180
2013-08-02;175.0;176.0;171.5;173.5;222329
2013-08-01;173.5;175.0;173.0;175.0;133789
2013-07-31;173.0;174.5;173.0;173.5;144769
2013-07-30;171.5;173.5;171.5;172.5;145825
2013-07-29;173.5;175.0;172.0;172.5;130331
2013-07-26;173.0;175.0;172.5;174.0;1118875
2013-07-25;172.5;174.0;172.0;173.0;83899
2013-07-24;174.5;175.0;172.5;173.0;287675
2013-07-23;172.0;174.5;171.5;174.5;359396
2013-07-22;172.0;174.5;171.0;171.5;318398
2013-07-19;173.5;174.5;173.0;173.0;368754
2013-07-18;167.5;175.5;167.0;175.0;584732
2013-07-17;158.0;168.5;158.0;168.0;747187
2013-07-16;153.5;154.0;152.0;154.0;428009
2013-07-15;155.0;155.0;152.5;153.0;622138
2013-07-12;158.5;158.5;155.0;155.0;168954
2013-07-11;155.5;160.5;155.5;158.5;296862
2013-07-10;150.5;156.0;150.5;155.5;321914
2013-07-09;150.0;151.0;149.5;151.0;132922
2013-07-08;147.75;149.75;147.25;149.0;181442
2013-07-05;147.5;149.75;146.5;147.75;216691
2013-07-04;142.5;147.0;142.5;147.0;319782
2013-07-03;142.75;143.25;141.25;142.75;125657
2013-07-02;143.25;144.5;142.5;143.5;182847
2013-07-01;141.75;144.25;140.0;143.75;162977
2013-06-28;142.5;143.5;141.5;141.5;141624
2013-06-27;143.0;144.5;141.25;143.5;152121
2013-06-26;142.0;143.5;141.0;143.0;232276
2013-06-25;139.25;142.75;139.0;141.0;193223
2013-06-24;143.0;143.75;137.75;138.25;228741
2013-06-21;;144.0;144.0;144.0;0
2013-06-20;145.5;146.5;143.75;144.0;209706
2013-06-19;148.75;149.5;147.75;148.0;212646
2013-06-18;147.0;149.0;146.75;148.5;168149
2013-06-17;147.0;148.25;147.0;147.0;153188
2013-06-14;146.0;147.25;146.0;147.0;320088
2013-06-13;142.75;145.5;141.5;145.0;465989
2013-06-12;144.25;145.25;143.0;144.0;131661
2013-06-11;143.0;144.5;142.0;144.5;500412
2013-06-10;144.0;144.25;141.75;142.75;151097
2013-06-07;143.5;144.25;140.25;144.25;284361
2013-06-06;;144.0;144.0;144.0;0
2013-06-05;145.25;146.5;143.75;144.0;176680
2013-06-04;144.25;146.5;143.75;145.75;330535
2013-06-03;144.75;146.25;142.5;143.75;199059
2013-05-31;144.25;144.75;142.0;144.0;232202
2013-05-30;143.25;146.5;143.0;144.75;221168
2013-05-29;147.25;147.25;143.5;143.5;275828
2013-05-28;146.0;148.75;146.0;147.75;246790
2013-05-27;144.75;146.25;144.75;145.75;75841
2013-05-24;146.5;148.0;144.5;145.0;193557
2013-05-23;145.75;147.5;144.25;147.0;774767
2013-05-22;146.0;150.0;146.0;148.0;814987
2013-05-21;146.0;147.0;145.5;146.5;179647
2013-05-20;145.0;147.0;143.5;146.75;309396
2013-05-17;147.5;148.25;146.75;146.75;108224
2013-05-16;147.0;149.0;147.0;148.5;532664
2013-05-15;145.0;147.25;145.0;146.5;339472
2013-05-14;145.0;146.25;145.0;145.5;415312
2013-05-13;144.0;145.5;143.5;144.75;648929
2013-05-10;144.75;145.75;143.0;143.75;263933
2013-05-09;;144.5;144.5;144.5;0
2013-05-08;143.0;144.5;143.0;144.5;113547
2013-05-07;143.25;145.5;142.0;142.5;496805
2013-05-06;145.25;146.75;143.25;143.25;131047
2013-05-03;141.75;145.5;141.0;145.25;153093
2013-05-02;145.5;145.5;141.75;142.5;192831
2013-05-01;;146.0;146.0;146.0;0
2013-04-30;146.25;147.0;145.5;146.0;122310
2013-04-29;145.75;146.25;144.0;145.25;294896
2013-04-26;141.75;144.0;138.25;143.0;1239936
2013-04-25;151.0;155.5;145.0;148.0;882190
2013-04-24;151.5;153.0;151.0;152.5;220467
2013-04-23;147.25;153.0;147.25;153.0;304419
2013-04-22;147.5;149.75;146.5;147.25;127140
2013-04-19;147.0;149.0;147.0;147.0;229950
2013-04-18;145.75;148.0;144.25;147.0;801115
2013-04-17;145.75;146.5;143.0;144.25;300520
2013-04-16;148.0;149.0;143.5;144.25;297311
2013-04-15;148.5;150.0;147.75;149.0;162388
2013-04-12;151.0;152.0;149.0;149.5;277539
2013-04-11;150.0;151.0;149.0;151.0;283115
2013-04-10;148.25;150.0;148.25;150.0;355900
2013-04-09;147.0;149.75;147.0;148.5;270603
2013-04-08;145.0;147.25;145.0;146.75;248037
2013-04-05;148.75;149.0;143.5;144.25;315753
2013-04-04;151.5;152.0;146.75;149.0;460934
2013-04-03;153.5;154.0;151.5;152.0;144033
2013-04-02;154.0;154.5;153.5;154.0;76587
2013-04-01;;154.5;154.5;154.5;0
2013-03-29;151.5;154.5;154.5;154.5;242294
2013-03-28;151.5;152.5;150.5;152.0;242294
2013-03-27;151.5;152.5;150.5;152.0;242294
2013-03-26;150.5;152.5;150.5;151.5;156367
2013-03-25;151.5;153.5;151.0;151.0;136965
2013-03-22;153.0;153.0;150.5;151.0;274380
2013-03-21;154.5;154.5;152.0;154.0;283495
2013-03-20;152.5;154.0;152.5;154.0;106473
2013-03-19;153.0;153.0;151.0;152.0;132967
2013-03-18;153.0;153.5;151.5;153.0;222439
2013-03-15;155.5;156.0;155.0;155.0;225706
2013-03-14;152.5;156.5;152.5;155.5;469929
2013-03-13;156.5;157.5;153.0;157.0;250390
2013-03-12;159.0;159.0;154.0;156.0;421518
2013-03-11;159.0;161.0;159.0;160.5;117343
2013-03-08;159.0;160.0;158.0;159.0;236520
2013-03-07;156.5;159.0;156.0;159.0;720023
2013-03-06;154.0;157.5;154.0;156.5;258189
2013-03-05;151.0;155.0;150.5;154.5;480480
2013-03-04;148.5;149.5;148.0;149.5;135074
2013-03-01;148.0;150.5;148.0;150.0;173282
2013-02-28;148.25;149.0;148.0;148.25;251774
2013-02-27;148.0;150.0;147.25;147.75;330176
2013-02-26;147.5;148.75;146.25;148.5;384197
2013-02-25;149.75;152.0;149.0;149.5;255456
2013-02-22;148.75;151.0;148.75;150.0;239595
2013-02-21;151.5;151.5;148.25;148.5;647884
2013-02-20;150.0;154.5;149.75;152.5;638206
2013-02-19;148.0;150.5;147.75;149.75;777645
2013-02-18;148.0;150.0;147.75;148.0;296115
2013-02-15;150.5;152.0;148.0;148.0;615486
2013-02-14;148.5;151.0;147.0;150.5;661870
2013-02-13;148.0;152.0;147.75;147.75;1220524
2013-02-12;141.5;149.25;139.25;146.75;2846777
2013-02-11;135.0;137.75;134.5;136.5;348719
2013-02-08;134.25;136.25;133.25;135.0;468949
2013-02-07;131.25;134.75;131.0;134.25;601764
2013-02-06;133.0;133.75;130.5;132.0;247885
2013-02-05;131.25;133.25;131.25;133.25;273776
2013-02-04;134.5;134.5;130.75;131.75;305692
2013-02-01;130.75;132.75;128.75;132.75;547955
2013-01-31;132.25;132.5;130.0;130.75;485816
2013-01-30;127.25;133.25;126.25;133.0;733658
2013-01-29;127.0;127.0;125.25;126.25;227039
2013-01-28;124.0;127.75;124.0;127.25;268549
2013-01-25;122.0;124.5;122.0;124.5;313358
2013-01-24;124.25;124.75;122.0;122.25;366276
2013-01-23;123.75;125.5;122.75;124.0;333843
2013-01-22;125.0;125.0;122.75;123.5;171964
2013-01-21;124.25;125.25;123.0;125.25;189237
2013-01-18;124.75;124.75;123.0;124.25;151974
2013-01-17;124.25;125.25;123.5;123.75;424102
2013-01-16;122.25;125.0;122.25;124.25;554683
2013-01-15;121.75;124.0;121.5;122.5;501939
2013-01-14;122.0;123.0;121.25;121.75;301921
2013-01-11;119.25;121.5;118.5;121.0;379118
2013-01-10;120.0;120.0;118.25;118.5;143913
2013-01-09;120.0;120.5;119.25;119.25;206511
2013-01-08;119.0;120.5;118.75;120.0;453705
2013-01-07;118.5;119.75;118.5;119.0;123934
2013-01-04;119.25;120.5;118.75;119.0;158461
2013-01-03;119.0;120.25;118.5;120.0;146854
2013-01-02;119.5;120.0;117.75;119.0;215008
2013-01-01;;116.0;116.0;116.0;0
2012-12-31;;116.0;116.0;116.0;0
2012-12-28;116.0;117.75;115.0;116.0;343193
2012-12-27;115.0;117.0;115.0;116.25;130350
2012-12-26;;115.5;115.5;115.5;0
2012-12-25;;115.5;115.5;115.5;0
2012-12-24;;115.5;115.5;115.5;0
2012-12-21;116.75;116.75;115.25;115.5;348897
2012-12-20;117.25;118.25;116.5;117.5;267015
2012-12-19;118.25;119.25;118.25;118.5;254310
2012-12-18;117.25;119.25;117.25;118.75;638770
2012-12-17;117.25;117.75;116.5;117.75;164544
2012-12-14;114.25;118.5;114.0;117.75;572101
2012-12-13;116.25;117.25;114.0;114.0;379689
2012-12-12;116.25;117.0;115.25;116.5;851687
2012-12-11;115.5;117.0;115.5;116.75;270725
2012-12-10;114.0;115.25;113.75;115.0;277750
2012-12-07;114.5;115.0;113.75;114.75;158892
2012-12-06;113.25;115.75;113.25;114.5;286911
2012-12-05;114.0;115.0;113.0;113.75;194965
2012-12-04;113.75;113.75;113.0;113.5;115697
2012-12-03;114.0;115.75;113.25;114.0;178494
2012-11-30;114.5;115.0;113.5;114.0;217471
2012-11-29;112.25;114.0;111.5;113.75;594484
2012-11-28;110.25;112.25;110.0;111.75;216936
2012-11-27;111.75;112.0;109.75;110.5;309205
2012-11-26;112.25;112.25;110.5;111.25;320098
2012-11-23;112.5;113.0;111.75;112.0;304730
2012-11-22;109.5;112.5;109.5;112.5;357905
2012-11-21;108.0;109.0;106.75;108.75;474784
2012-11-20;112.75;113.5;108.0;108.0;703823
2012-11-19;110.75;113.5;110.75;113.0;293884
2012-11-16;112.5;113.75;110.0;110.0;406737
2012-11-15;112.75;113.5;111.75;112.25;247275
2012-11-14;115.25;115.5;113.5;114.0;502609
2012-11-13;117.5;117.75;114.0;115.25;565289
2012-11-12;117.25;119.5;117.25;118.0;213668
2012-11-09;118.0;118.25;116.0;118.25;147651
2012-11-08;119.0;119.75;117.25;118.0;193015
2012-11-07;122.0;122.5;118.25;118.75;279873
2012-11-06;120.5;122.25;120.25;121.5;184369
2012-11-05;120.75;121.5;119.5;120.5;175953
2012-11-02;120.75;121.0;120.0;120.0;80587
2012-11-01;119.0;121.25;118.0;119.5;286383
2012-10-31;119.25;121.75;119.25;119.5;301230
2012-10-30;116.25;120.0;116.25;120.0;231415
2012-10-29;118.5;119.75;116.25;117.0;538438
2012-10-26;115.75;119.75;113.75;118.5;868490
2012-10-25;116.75;117.0;113.75;115.75;386811
2012-10-24;113.25;115.75;111.75;115.5;364225
2012-10-23;118.0;118.0;112.25;113.5;381710
2012-10-22;118.5;118.5;116.25;117.0;267844
2012-10-19;120.5;120.5;118.5;118.5;233675
2012-10-18;119.75;120.5;119.0;120.25;167649
2012-10-17;116.0;119.0;115.75;118.25;207774
2012-10-16;116.0;116.0;114.25;115.5;492372
2012-10-15;114.75;116.75;114.5;116.25;313970
2012-10-12;116.5;116.5;115.0;115.5;379846
2012-10-11;116.25;117.25;115.5;116.25;331001
2012-10-10;118.25;118.5;115.75;117.25;621245
