Dates;Open;High;Low;Close;Volume
2017-10-09;520.0;526.5;519.0;525.0;100197
2017-10-06;538.5;538.5;521.0;523.0;145670
2017-10-05;537.0;541.0;536.0;537.5;78878
2017-10-04;545.5;549.0;536.0;537.0;101576
2017-10-03;537.0;548.0;537.0;544.5;75680
2017-10-02;536.5;541.5;534.0;540.5;99656
2017-09-29;534.0;537.5;528.5;537.5;144165
2017-09-28;538.0;540.5;524.5;531.5;146196
2017-09-27;545.5;548.5;538.0;538.0;97966
2017-09-26;546.5;550.0;541.0;544.0;114691
2017-09-25;540.0;549.0;538.0;549.0;91529
2017-09-22;541.0;548.0;541.0;543.0;73573
2017-09-21;553.0;558.5;540.5;544.0;94405
2017-09-20;557.0;560.0;550.0;551.5;103409
2017-09-19;565.0;568.0;554.5;557.5;187064
2017-09-18;567.5;577.0;565.5;568.5;149797
2017-09-15;557.5;572.0;557.0;572.0;179868
2017-09-14;547.0;560.0;547.0;560.0;78675
2017-09-13;541.5;550.0;537.0;550.0;189231
2017-09-12;539.5;544.0;532.5;540.5;209910
2017-09-11;525.0;540.0;524.5;539.0;170675
2017-09-08;511.5;525.5;510.0;524.0;200091
2017-09-07;507.0;515.5;501.5;513.0;187368
2017-09-06;516.5;516.5;506.0;510.0;154047
2017-09-04;503.0;517.0;495.8;510.5;196538
2017-09-01;498.0;506.0;497.6;503.0;43793
2017-08-31;491.5;499.5;490.9;495.7;109875
2017-08-30;494.3;494.4;485.4;491.5;66074
2017-08-29;498.1;499.1;487.5;487.8;96310
2017-08-28;497.0;497.6;492.0;496.0;100077
2017-08-25;487.9;498.3;484.1;496.0;99401
2017-08-24;475.9;487.8;475.9;485.5;149028
2017-08-23;485.0;485.0;472.8;478.3;183686
2017-08-22;477.6;484.9;474.9;483.1;123603
2017-08-21;485.9;489.6;472.5;477.2;125916
2017-08-18;491.1;495.0;484.6;486.0;129069
2017-08-17;501.0;502.5;493.5;494.0;92614
2017-08-16;505.5;505.5;494.6;499.1;116226
2017-08-15;508.5;510.5;499.4;501.5;75721
2017-08-14;508.0;516.5;506.0;509.0;66591
2017-08-11;517.5;518.0;508.0;510.0;96473
2017-08-10;524.0;525.0;519.0;519.0;50236
2017-08-09;520.0;523.0;516.0;520.0;56800
2017-08-08;525.5;527.0;520.0;523.0;67217
2017-08-07;523.5;527.5;520.5;525.5;47058
2017-08-04;520.0;528.0;520.0;523.5;50860
2017-08-03;523.0;529.5;519.5;520.0;93529
2017-08-02;516.0;530.0;515.5;523.0;140321
2017-08-01;506.5;515.5;506.5;514.0;77473
2017-07-31;513.0;516.5;504.0;506.0;93452
2017-07-28;517.0;517.5;510.0;515.0;60153
2017-07-27;512.5;520.0;508.0;514.0;90742
2017-07-26;502.0;515.0;502.0;513.0;72568
2017-07-25;497.7;503.5;497.6;502.0;64433
2017-07-24;500.0;501.5;496.8;500.0;56414
2017-07-21;491.2;508.5;487.0;500.5;128093
2017-07-20;494.1;502.5;484.8;494.7;405328
2017-07-19;503.5;519.5;503.5;519.0;90068
2017-07-18;514.0;516.5;509.5;512.0;63865
2017-07-17;516.5;519.5;514.0;515.5;61735
2017-07-14;514.0;519.0;511.0;516.5;46404
2017-07-13;510.5;512.5;506.5;511.0;114075
2017-07-12;503.0;508.0;502.5;508.0;70030
2017-07-11;504.5;507.0;500.5;503.0;97397
2017-07-10;505.0;506.5;501.5;506.5;67224
2017-07-07;503.0;505.0;500.5;503.0;55414
2017-07-06;510.0;510.0;500.5;503.0;72469
2017-07-05;500.5;511.0;498.9;510.0;104207
2017-07-04;505.5;506.0;497.2;499.5;52894
2017-07-03;500.0;512.0;500.0;504.0;89683
2017-06-30;497.2;500.0;491.7;497.6;148487
2017-06-29;494.4;502.0;488.7;495.4;68619
2017-06-28;499.2;499.2;485.5;493.5;63863
2017-06-27;502.0;506.5;494.5;498.3;75841
2017-06-26;504.0;510.0;499.9;507.5;93702
2017-06-23;;505.0;505.0;505.0;0
2017-06-22;494.0;505.5;490.5;505.0;100053
2017-06-21;500.0;500.0;491.9;495.2;99549
2017-06-20;500.0;504.5;499.3;500.5;86788
2017-06-19;501.0;504.5;498.3;500.0;67094
2017-06-16;508.0;509.5;499.5;500.5;124297
2017-06-15;507.0;509.5;499.5;506.0;150689
2017-06-14;501.0;509.5;500.0;507.0;97439
2017-06-13;498.1;501.0;489.5;500.5;87062
2017-06-12;500.5;501.0;488.7;494.0;101781
2017-06-09;499.1;503.0;493.2;503.0;67682
2017-06-08;496.0;499.4;493.3;497.0;107041
2017-06-07;503.0;510.0;495.1;496.0;109859
2017-06-06;;503.0;503.0;503.0;0
2017-06-05;499.1;508.0;499.1;503.0;71155
2017-06-02;504.5;510.5;497.6;499.5;104725
2017-06-01;508.0;513.5;499.5;504.0;106407
2017-05-31;517.0;528.0;508.5;509.0;258725
2017-05-30;513.0;519.0;508.0;517.0;169519
2017-05-29;515.0;516.0;508.0;514.0;82963
2017-05-26;504.5;516.5;504.0;515.5;170090
2017-05-24;500.0;504.0;498.8;504.0;110722
2017-05-23;494.2;497.8;490.7;494.4;124476
2017-05-22;486.9;496.6;484.4;494.2;155565
2017-05-19;481.0;482.9;476.7;482.6;85018
2017-05-18;490.9;490.9;476.5;481.2;94113
2017-05-17;493.0;496.2;482.5;491.4;192411
2017-05-16;479.0;496.9;477.5;496.7;173858
2017-05-15;487.9;491.2;478.9;478.9;121468
2017-05-12;474.1;486.4;486.4;486.4;88975
2017-05-11;469.2;476.9;467.0;474.7;132903
2017-05-10;478.5;480.8;463.0;467.3;178937
2017-05-09;477.8;483.8;475.9;478.3;118834
2017-05-08;473.0;476.5;470.2;476.3;89624
2017-05-05;474.4;474.4;458.0;472.0;205232
2017-05-04;505.0;506.0;487.2;489.7;181041
2017-05-03;493.0;505.0;489.9;502.0;171319
2017-05-02;488.2;496.1;484.1;492.7;123044
2017-05-01;;486.0;486.0;486.0;0
2017-04-28;477.9;486.0;468.0;486.0;223682
2017-04-27;488.8;490.1;475.0;479.3;158888
2017-04-26;488.6;503.0;486.0;490.0;222311
2017-04-25;480.0;494.8;480.0;494.0;206654
2017-04-24;493.0;493.5;480.5;482.0;129820
2017-04-21;488.1;489.9;480.5;485.0;170562
2017-04-20;482.5;484.9;477.2;482.5;128136
2017-04-19;480.1;485.3;474.6;482.1;167629
2017-04-18;481.9;483.1;475.3;478.0;212246
2017-04-13;466.7;478.8;466.4;478.8;106431
2017-04-12;469.3;474.5;468.2;470.6;213149
2017-04-11;475.0;478.0;468.4;469.3;167276
2017-04-10;484.8;486.2;477.0;479.4;78039
2017-04-07;485.0;485.0;479.1;483.1;87839
2017-04-06;494.0;496.4;483.1;485.1;80006
2017-04-05;502.0;502.0;491.4;494.0;67186
2017-04-04;492.4;497.0;492.0;495.0;57035
2017-04-03;500.0;501.0;492.8;494.2;84475
2017-03-31;500.0;501.5;492.4;499.7;59194
2017-03-30;502.5;506.0;494.6;501.5;62184
2017-03-29;489.1;501.0;489.1;501.0;58456
2017-03-28;497.4;497.4;487.4;491.0;82348
2017-03-27;495.3;495.3;488.8;491.0;44648
2017-03-24;501.0;501.0;491.7;496.5;72505
2017-03-23;495.0;497.9;488.6;496.1;54816
2017-03-22;495.0;499.8;486.2;494.3;97821
2017-03-21;502.5;505.5;494.4;497.4;135417
2017-03-20;506.0;509.5;502.0;504.5;45198
2017-03-17;510.0;510.0;501.0;506.5;97882
2017-03-16;505.0;511.0;502.0;505.0;101251
2017-03-15;496.7;505.0;493.0;504.5;110756
2017-03-14;492.2;496.4;487.9;496.0;78825
2017-03-13;496.1;496.1;487.3;492.3;85340
2017-03-10;493.6;496.2;496.2;496.2;87151
2017-03-09;490.0;497.2;488.0;493.6;71006
2017-03-08;488.7;496.4;484.7;492.7;70595
2017-03-07;490.3;496.0;488.9;489.7;71063
2017-03-06;490.4;493.8;487.2;493.8;90486
2017-03-03;493.9;492.7;492.7;492.7;108137
2017-03-02;504.0;504.0;491.3;492.1;115833
2017-03-01;491.2;504.0;491.2;499.5;122792
2017-02-28;492.8;492.8;484.0;492.5;145359
2017-02-27;490.0;492.0;482.4;488.6;147994
2017-02-24;490.3;494.4;484.4;490.0;177826
2017-02-23;496.2;496.2;488.8;490.3;103703
2017-02-22;498.4;498.4;489.1;494.2;66540
2017-02-21;492.0;497.0;492.0;496.6;94285
2017-02-20;488.0;493.6;488.0;492.0;66078
2017-02-17;487.5;490.9;483.2;484.7;89874
2017-02-16;487.9;496.2;487.0;490.4;174021
2017-02-15;498.0;498.5;483.1;486.8;113470
2017-02-14;481.0;497.5;481.0;494.0;169753
2017-02-13;476.0;482.1;472.4;482.0;106412
2017-02-10;485.0;486.2;469.5;474.0;131570
2017-02-09;483.1;490.5;468.5;485.2;349344
2017-02-08;440.0;470.4;437.0;470.4;287676
2017-02-07;435.0;444.2;432.6;441.4;83918
2017-02-06;439.3;440.2;429.4;435.0;167464
2017-02-03;435.6;443.1;433.3;438.2;60234
2017-02-02;431.7;435.8;428.5;434.0;65722
2017-02-01;430.1;434.0;428.3;431.1;79894
2017-01-31;427.0;434.3;426.6;432.6;100476
2017-01-30;425.0;427.9;423.0;427.9;57874
2017-01-27;429.6;430.6;423.0;425.0;108998
2017-01-26;422.0;435.9;421.0;431.3;108678
2017-01-25;426.3;426.3;420.9;425.9;165697
2017-01-24;425.5;427.9;424.5;425.3;98856
2017-01-23;434.0;434.0;425.8;427.8;78561
2017-01-20;426.0;435.6;424.1;434.9;147933
2017-01-19;423.8;428.8;421.7;427.9;79294
2017-01-18;426.9;429.3;423.7;425.0;75660
2017-01-17;425.0;428.3;421.3;426.9;54355
2017-01-16;430.0;431.8;424.5;425.8;49443
2017-01-13;428.6;431.1;423.9;430.6;120752
2017-01-12;424.7;429.2;419.0;424.2;70748
2017-01-11;426.8;428.4;420.1;425.4;137582
2017-01-10;419.7;426.8;416.5;426.8;151165
2017-01-09;419.0;420.5;405.0;419.7;259295
2017-01-06;;406.4;406.4;406.4;0
2017-01-05;405.3;416.2;405.3;406.4;101408
2017-01-04;397.5;410.1;397.5;408.6;191017
2017-01-03;400.3;403.5;396.7;396.9;98440
2017-01-02;390.8;403.7;390.1;397.5;135922
2016-12-30;391.2;393.8;387.0;389.3;149207
2016-12-29;393.0;394.8;390.3;392.6;56479
2016-12-28;399.3;400.1;393.3;394.2;86820
2016-12-27;395.0;399.9;392.3;398.8;41699
2016-12-23;390.0;398.0;388.0;396.7;61570
2016-12-22;391.9;393.8;385.5;389.5;95058
2016-12-21;393.2;396.7;389.7;392.0;86168
2016-12-20;394.0;398.7;391.6;394.6;106158
2016-12-19;391.0;395.9;389.8;394.0;140700
2016-12-16;399.3;401.1;389.6;390.0;235985
2016-12-15;395.4;402.0;389.2;399.0;132105
2016-12-14;398.0;404.9;393.4;394.5;193922
2016-12-13;391.5;398.5;389.5;397.8;97783
2016-12-12;394.4;398.4;392.0;392.0;190065
2016-12-09;391.1;395.1;388.3;393.2;182577
2016-12-08;389.6;392.7;387.0;391.0;163787
2016-12-07;384.6;391.8;384.3;385.0;157903
2016-12-06;378.4;385.1;378.4;382.2;169047
2016-12-05;375.7;387.1;375.6;382.6;86927
2016-12-02;382.4;385.0;377.3;380.5;145976
2016-12-01;391.3;391.3;382.5;386.0;166959
2016-11-30;394.3;400.2;389.4;389.4;343439
2016-11-29;392.2;396.3;388.0;391.6;100209
2016-11-28;399.5;399.5;390.4;392.4;177679
2016-11-25;402.0;403.2;395.0;399.4;322373
2016-11-24;403.9;409.6;400.7;402.0;180392
2016-11-23;396.0;417.1;395.9;402.0;197922
2016-11-22;387.0;398.0;386.6;395.9;144521
2016-11-21;384.2;389.9;383.1;386.0;202123
2016-11-18;379.6;383.6;376.5;381.1;185813
2016-11-17;369.3;382.9;367.7;378.1;145784
2016-11-16;357.4;369.0;357.4;367.7;164989
2016-11-15;361.7;362.1;352.7;357.5;134457
2016-11-14;365.0;369.5;353.9;357.7;208642
2016-11-11;370.0;371.3;359.3;359.4;197226
2016-11-10;373.7;377.4;366.5;367.6;147983
2016-11-09;362.9;373.8;361.0;368.9;209486
2016-11-08;360.0;383.9;360.0;374.4;247353
2016-11-07;376.4;396.6;376.4;389.1;146977
2016-11-04;373.5;378.3;374.0;374.0;61352
2016-11-03;374.6;382.7;374.2;377.1;133226
2016-11-02;390.6;394.9;375.6;376.4;181390
2016-11-01;399.5;399.5;388.3;390.7;146702
2016-10-31;394.0;397.1;388.7;397.1;191296
2016-10-28;398.0;401.7;391.3;393.9;133968
2016-10-27;404.6;404.9;392.6;398.0;276860
2016-10-26;430.0;430.1;402.5;404.5;250401
2016-10-25;428.4;444.2;424.5;429.9;116100
2016-10-24;423.6;440.2;423.4;427.2;171349
2016-10-21;423.0;424.4;419.5;421.7;102722
2016-10-20;425.5;429.3;422.2;422.8;112914
2016-10-19;430.0;430.0;421.3;425.0;114443
2016-10-18;423.5;428.6;421.0;427.9;187759
2016-10-17;430.3;430.6;420.8;421.3;121329
2016-10-14;437.9;439.2;431.0;431.7;160400
2016-10-13;444.0;446.1;432.6;433.0;177641
2016-10-12;445.8;445.8;440.1;442.1;99677
2016-10-11;440.9;446.8;438.1;443.5;129427
2016-10-10;447.1;447.1;441.0;441.8;111707
2016-10-07;449.2;454.1;444.0;447.1;140251
2016-10-06;452.0;452.6;444.3;447.0;217748
2016-10-05;452.9;455.4;446.8;452.0;316136
2016-10-04;446.9;457.3;441.3;456.0;175790
2016-10-03;442.7;448.0;442.7;444.0;49545
2016-09-30;443.8;448.0;440.1;445.0;101161
2016-09-29;447.7;447.7;441.4;444.0;97428
2016-09-28;442.0;446.7;441.0;441.8;54121
2016-09-27;452.1;452.2;439.5;442.0;65494
2016-09-26;453.7;453.7;442.8;449.0;77982
2016-09-23;456.0;456.0;446.4;453.7;90020
2016-09-22;443.9;456.7;443.9;455.4;89452
2016-09-21;441.2;455.9;441.2;442.7;156070
2016-09-20;435.2;437.6;430.9;430.9;51917
2016-09-19;436.9;441.5;432.4;433.4;41923
2016-09-16;434.0;436.8;430.0;431.8;82250
2016-09-15;432.0;435.1;430.2;432.4;50955
2016-09-14;436.4;438.0;431.9;431.9;115484
2016-09-13;442.2;444.0;436.3;436.5;102148
2016-09-12;444.9;444.9;432.6;438.9;154218
2016-09-09;448.0;459.7;448.0;451.2;166337
2016-09-08;439.0;448.6;435.8;448.0;173904
2016-09-07;435.0;438.4;430.0;438.0;185312
2016-09-06;432.0;435.5;430.0;433.8;77191
2016-09-05;435.0;438.0;431.2;432.2;48892
2016-09-02;431.0;435.8;426.2;435.8;97807
2016-09-01;438.5;440.1;429.3;430.9;129369
2016-08-31;448.3;450.2;438.5;438.5;180412
2016-08-30;448.0;450.4;445.0;449.3;83322
2016-08-29;445.1;449.4;441.1;446.5;97787
2016-08-26;444.0;451.8;440.1;449.0;90282
2016-08-25;446.2;448.8;443.5;444.3;86266
2016-08-24;449.0;449.0;444.0;446.7;60541
2016-08-23;444.0;449.8;443.6;449.0;99580
2016-08-22;445.2;450.9;443.1;444.7;73615
2016-08-19;452.8;455.0;445.4;449.8;125617
2016-08-18;455.9;456.9;444.6;453.5;150966
2016-08-17;466.5;466.8;453.5;454.0;68000
2016-08-16;478.1;478.1;466.7;467.1;63146
2016-08-15;473.6;474.5;468.9;473.7;103771
2016-08-12;480.7;489.0;470.0;471.8;112137
2016-08-11;490.1;491.8;479.2;490.0;145688
2016-08-10;482.1;490.8;473.3;490.1;318504
2016-08-09;464.9;483.5;464.9;483.5;83292
2016-08-08;470.0;470.0;459.9;467.5;69253
2016-08-05;463.3;471.9;463.3;469.5;56859
2016-08-04;455.0;469.2;455.0;462.2;56114
2016-08-03;452.8;455.8;445.5;454.3;68729
2016-08-02;455.0;456.4;445.2;452.2;70115
2016-08-01;457.7;463.8;455.4;458.7;65721
2016-07-29;458.3;460.8;454.4;457.0;148055
2016-07-28;455.6;459.9;447.1;457.2;217071
2016-07-27;447.8;457.5;447.8;453.8;117442
2016-07-26;457.0;458.4;445.6;447.7;123172
2016-07-25;452.6;458.5;448.9;454.0;114274
2016-07-22;457.2;460.1;447.1;452.5;133260
2016-07-21;470.4;472.9;452.8;455.7;218192
2016-07-20;481.8;484.4;471.3;473.5;274021
2016-07-19;483.6;494.2;480.8;481.9;110455
2016-07-18;483.0;489.2;477.0;483.6;115642
2016-07-15;480.6;485.1;476.6;483.8;81864
2016-07-14;489.0;492.0;477.3;478.5;117182
2016-07-13;486.1;499.3;484.1;489.0;133168
2016-07-12;497.0;498.2;491.1;494.9;122557
2016-07-11;502.5;504.0;494.1;496.7;123069
2016-07-08;501.5;501.5;492.6;496.0;110106
2016-07-07;505.0;506.5;494.1;501.0;93114
2016-07-06;510.0;512.5;496.8;497.9;75413
2016-07-05;520.0;524.5;512.0;515.0;67648
2016-07-04;528.5;528.5;514.0;525.0;41482
2016-07-01;518.0;527.5;514.5;525.0;98514
2016-06-30;497.9;517.0;497.9;515.0;179997
2016-06-29;471.5;499.7;470.8;498.9;203209
2016-06-28;462.0;470.4;461.9;465.1;123169
2016-06-27;476.5;493.5;450.4;454.9;220441
2016-06-24;;507.0;507.0;507.0;0
2016-06-23;507.0;508.0;496.9;507.0;139442
2016-06-22;489.2;507.5;481.9;507.5;173644
2016-06-21;478.3;490.5;473.5;486.0;120769
2016-06-20;473.0;477.7;467.4;476.0;98836
2016-06-17;456.4;464.8;453.0;462.3;126531
2016-06-16;473.1;473.6;453.1;456.2;225262
2016-06-15;476.0;480.0;471.0;473.0;103717
2016-06-14;475.0;478.3;467.1;471.0;198376
2016-06-13;484.0;484.0;470.8;476.1;109231
2016-06-10;497.1;499.5;484.8;488.7;183417
2016-06-09;500.0;503.0;495.1;497.4;132552
2016-06-08;500.0;507.0;496.1;500.0;141891
2016-06-07;495.4;503.5;492.5;501.0;134259
2016-06-06;;488.2;488.2;488.2;0
2016-06-03;490.0;494.7;483.5;488.2;198625
2016-06-02;480.0;494.0;480.0;490.8;82273
2016-06-01;485.8;486.0;480.5;483.5;91041
2016-05-31;490.0;493.9;486.0;486.0;309658
2016-05-30;487.2;490.0;482.5;489.4;53239
2016-05-27;467.1;489.6;465.5;485.0;264365
2016-05-26;460.9;473.0;460.8;470.1;99163
2016-05-25;452.0;463.4;452.0;460.9;114583
2016-05-24;456.0;458.3;445.5;449.1;82389
2016-05-23;462.0;463.4;450.8;456.0;97756
2016-05-20;466.0;470.4;460.0;461.7;129517
2016-05-19;457.0;461.3;449.4;454.1;146254
2016-05-18;460.0;460.0;448.8;454.2;142516
2016-05-17;472.0;480.0;469.2;475.0;115702
2016-05-16;477.5;480.0;467.4;472.8;66262
2016-05-13;449.0;478.0;446.9;477.4;227472
2016-05-12;448.0;451.0;442.1;446.4;170213
2016-05-11;457.6;457.6;447.2;450.5;100968
2016-05-10;459.0;459.0;453.5;455.7;65195
2016-05-09;447.8;459.5;447.8;453.0;98280
2016-05-06;450.5;454.7;440.6;447.6;129280
2016-05-05;460.0;461.4;452.6;456.3;37122
2016-05-04;460.0;461.4;452.6;456.3;37122
2016-05-03;473.0;473.0;452.8;462.1;101336
2016-05-02;470.0;470.3;462.1;468.7;58234
2016-04-29;475.7;476.9;455.1;464.0;249135
2016-04-28;474.0;480.1;469.0;479.6;84224
2016-04-27;472.0;480.5;470.7;474.0;79218
2016-04-26;495.0;505.0;474.5;482.0;116559
2016-04-25;480.0;490.6;480.0;486.4;72131
2016-04-22;483.0;485.0;474.6;480.0;67392
2016-04-21;487.0;493.7;481.9;483.8;91716
2016-04-20;485.0;485.0;476.9;482.5;94101
2016-04-19;462.2;481.2;461.6;478.5;156049
2016-04-18;466.0;472.0;457.9;458.4;128782
2016-04-15;463.0;471.9;463.0;466.6;87871
2016-04-14;465.0;474.7;460.0;461.3;115168
2016-04-13;450.1;464.6;449.2;463.9;88475
2016-04-12;442.6;449.5;439.2;445.5;79736
2016-04-11;439.1;446.6;430.4;442.6;62736
2016-04-08;425.2;437.2;424.1;435.1;54206
2016-04-07;427.3;427.3;420.7;420.7;90590
2016-04-06;424.7;426.3;418.1;425.4;62128
2016-04-05;433.8;433.8;415.5;423.8;99676
2016-04-04;442.0;447.8;434.1;436.7;73046
2016-04-01;437.4;443.1;436.2;442.4;81616
2016-03-31;453.2;453.2;437.4;443.7;161026
2016-03-30;448.3;460.0;447.9;453.3;100004
2016-03-29;441.0;444.2;437.0;444.2;79918
2016-03-28;446.0;446.0;441.0;441.0;41360
2016-03-25;446.0;446.0;437.3;441.0;41360
2016-03-24;446.0;446.0;437.3;441.0;41360
2016-03-23;442.8;448.0;440.7;446.1;117290
2016-03-22;440.5;444.8;430.8;444.8;89825
2016-03-21;435.7;443.7;434.8;441.1;129641
2016-03-18;435.2;442.5;430.5;439.2;139019
2016-03-17;439.1;440.0;426.6;436.7;119240
2016-03-16;449.0;449.0;436.7;437.8;100792
2016-03-15;441.7;446.4;438.5;443.8;129641
2016-03-14;449.0;449.1;429.0;443.0;198277
2016-03-11;450.0;451.1;433.0;448.5;213176
2016-03-10;444.9;454.4;442.7;443.8;156971
2016-03-09;444.4;451.5;441.9;447.7;137061
2016-03-08;447.9;448.1;438.8;440.4;143905
2016-03-07;438.0;441.3;428.8;440.2;112598
2016-03-04;438.0;444.0;436.1;437.6;180726
2016-03-03;435.0;444.8;433.0;437.8;171625
2016-03-02;429.0;434.3;424.6;433.7;187372
2016-03-01;411.5;427.4;408.1;426.0;167926
2016-02-29;408.0;414.1;403.0;412.6;371009
2016-02-26;401.0;413.6;399.7;408.1;132297
2016-02-25;390.0;397.2;387.7;397.0;143630
2016-02-24;401.9;401.9;384.4;387.0;160604
2016-02-23;408.3;410.9;398.3;398.3;308950
2016-02-22;398.0;408.6;395.3;407.8;158997
2016-02-19;397.5;398.7;385.3;392.0;254364
2016-02-18;385.6;407.5;382.9;398.7;279589
2016-02-17;370.0;382.8;369.4;380.0;306002
2016-02-16;372.9;374.6;359.6;364.4;164260
2016-02-15;368.0;375.0;366.5;369.6;161599
2016-02-12;351.2;358.3;348.9;357.0;176088
2016-02-11;364.0;364.0;345.3;351.4;227296
2016-02-10;362.7;374.5;354.2;364.0;242510
2016-02-09;365.0;368.3;346.9;352.3;248138
2016-02-08;382.0;392.4;360.0;362.4;401986
2016-02-05;361.7;378.8;358.6;369.5;281762
2016-02-04;347.7;362.1;347.6;360.0;381123
2016-02-03;359.0;359.0;335.8;342.4;228007
2016-02-02;372.9;379.4;358.0;359.9;151577
2016-02-01;380.0;383.0;371.6;376.7;172581
2016-01-29;374.0;376.8;363.5;376.8;195682
2016-01-28;374.7;376.7;362.4;372.1;157663
2016-01-27;381.8;383.1;371.5;375.4;160436
2016-01-26;375.3;385.2;370.8;380.0;234084
2016-01-25;380.0;386.0;373.3;380.9;179489
2016-01-22;380.1;388.3;376.0;377.4;251354
2016-01-21;370.2;377.7;362.5;374.9;275826
2016-01-20;385.5;385.7;369.4;369.7;338122
2016-01-19;400.0;405.2;393.2;396.9;128290
2016-01-18;405.0;405.1;389.9;392.9;198239
2016-01-15;429.0;432.6;391.7;394.4;291757
2016-01-14;436.1;439.3;419.0;428.0;285140
2016-01-13;460.0;460.0;440.5;440.5;115412
2016-01-12;450.6;454.3;444.8;448.1;106995
2016-01-11;446.0;454.8;443.1;452.5;102452
2016-01-08;455.0;466.5;444.9;446.0;167684
2016-01-07;463.2;469.5;448.1;457.7;236033
2016-01-06;;472.7;472.7;472.7;0
2016-01-05;480.4;483.9;470.4;472.7;44957
2016-01-04;480.9;481.3;470.9;478.1;94410
2016-01-01;;486.5;486.5;486.5;0
2015-12-31;;486.5;486.5;486.5;0
2015-12-30;499.3;499.4;484.1;486.5;136698
2015-12-29;494.0;499.8;490.7;497.3;72987
2015-12-28;496.3;502.0;493.1;494.6;38799
2015-12-25;486.2;497.2;486.2;497.2;110704
2015-12-24;486.2;497.2;486.2;497.2;110704
2015-12-23;486.2;497.2;486.2;497.2;110704
2015-12-22;484.4;487.6;481.9;484.0;105444
2015-12-21;485.0;494.0;479.6;484.4;111867
2015-12-18;489.0;490.3;479.4;486.0;161142
2015-12-17;491.9;508.0;490.0;491.3;122960
2015-12-16;484.6;493.1;480.8;487.0;109529
2015-12-15;491.4;499.3;485.0;486.0;200015
2015-12-14;504.0;508.0;484.3;486.8;231549
2015-12-11;502.0;506.5;498.0;499.8;226105
2015-12-10;505.0;506.5;500.0;503.0;105733
2015-12-09;504.5;508.0;495.5;505.0;348948
2015-12-08;515.5;515.5;499.7;503.0;131275
2015-12-07;510.0;514.0;504.0;510.0;157951
2015-12-04;518.0;519.5;501.5;510.0;113569
2015-12-03;525.5;530.0;520.5;523.0;138316
2015-12-02;512.0;530.0;509.0;525.5;249661
2015-12-01;513.0;513.0;506.0;511.5;178313
2015-11-30;514.5;516.0;507.0;513.0;365776
2015-11-27;505.0;514.0;502.5;510.5;58249
2015-11-26;500.0;514.0;500.0;510.0;60737
2015-11-25;500.5;503.0;492.3;500.0;84426
2015-11-24;512.0;512.0;497.0;504.5;135526
2015-11-23;488.8;515.5;487.7;512.0;243304
2015-11-20;493.0;495.0;485.1;488.8;170425
2015-11-19;470.0;494.9;468.3;493.0;260633
2015-11-18;457.1;469.5;457.0;468.5;192378
2015-11-17;455.0;463.7;450.3;456.6;105435
2015-11-16;447.3;453.4;443.8;452.0;114743
2015-11-13;461.0;461.8;444.2;448.0;138803
2015-11-12;460.7;466.6;457.3;461.3;142633
2015-11-11;465.1;467.5;460.0;463.3;150409
2015-11-10;471.0;472.6;462.7;465.1;125269
2015-11-09;472.0;473.9;466.0;470.0;118720
2015-11-06;475.0;475.0;466.4;472.0;82354
2015-11-05;476.9;477.0;465.4;473.7;104831
2015-11-04;477.0;477.0;468.5;474.0;231691
2015-11-03;477.8;477.8;471.0;474.8;215027
2015-11-02;477.0;485.0;473.4;476.6;128296
2015-10-30;475.7;484.4;471.6;477.0;127035
2015-10-29;495.0;495.0;472.7;478.0;232387
2015-10-28;483.0;495.0;475.1;492.2;164308
2015-10-27;473.0;482.7;465.2;482.6;165313
2015-10-26;466.8;475.2;458.4;473.0;173875
2015-10-23;458.0;477.0;455.9;466.1;471237
2015-10-22;460.0;468.6;449.1;453.4;717949
2015-10-21;508.0;514.0;507.0;510.5;72175
2015-10-20;509.5;518.5;507.0;510.0;106628
2015-10-19;512.5;519.0;509.5;513.5;49811
2015-10-16;517.0;520.5;508.5;514.0;86967
2015-10-15;517.5;523.5;510.5;515.5;72833
2015-10-14;527.0;527.0;508.5;513.0;150434
2015-10-13;535.0;535.5;526.0;526.0;108024
2015-10-12;530.0;538.5;530.0;534.5;117917
2015-10-09;528.0;535.0;522.0;529.0;470004
2015-10-08;526.0;529.0;518.5;521.0;60008
2015-10-07;525.0;531.0;517.0;523.0;134915
2015-10-06;515.0;517.0;508.0;514.5;74993
2015-10-05;514.0;519.0;508.5;515.0;133435
2015-10-02;514.0;515.0;497.4;507.0;91998
2015-10-01;532.0;532.0;507.0;509.0;105342
2015-09-30;505.5;526.5;502.5;523.0;280298
2015-09-29;488.2;503.5;482.5;500.0;181947
2015-09-28;497.4;497.9;491.9;493.2;83797
2015-09-25;491.3;500.5;488.2;497.3;125208
2015-09-24;507.0;509.0;480.9;483.5;93868
2015-09-23;503.5;511.5;500.5;508.0;76013
2015-09-22;516.0;516.0;500.0;502.5;99342
2015-09-21;515.5;517.5;512.0;516.0;52106
2015-09-18;518.0;520.5;512.0;515.5;189114
2015-09-17;521.5;522.5;515.5;521.0;138170
2015-09-16;522.0;524.5;516.5;521.5;91988
2015-09-15;516.5;525.5;512.0;522.0;62652
2015-09-14;530.0;530.0;519.0;519.5;67045
2015-09-11;533.0;533.5;519.0;527.5;82993
2015-09-10;541.0;549.5;524.0;528.0;125193
2015-09-09;548.0;557.5;545.0;549.5;80636
2015-09-08;542.0;544.0;537.0;540.0;47849
2015-09-07;542.5;545.0;534.0;537.5;41709
2015-09-04;540.0;542.5;531.5;536.0;91897
2015-09-03;536.5;546.0;535.0;543.5;118175
2015-09-02;546.0;547.5;530.5;535.0;96790
2015-09-01;561.5;568.0;536.5;543.0;82176
2015-08-31;560.5;565.0;551.0;565.0;124297
2015-08-28;560.0;563.0;549.5;557.5;164446
2015-08-27;549.0;559.0;548.0;559.0;124143
2015-08-26;529.0;550.5;520.0;539.5;267891
2015-08-25;532.0;545.5;528.5;530.5;154175
2015-08-24;551.5;551.5;518.5;526.5;188705
2015-08-21;577.0;587.0;559.5;564.5;244860
2015-08-20;589.5;591.5;584.5;586.5;247561
2015-08-19;607.0;607.5;587.0;588.0;97536
2015-08-18;613.5;615.0;603.0;606.5;79595
2015-08-17;616.5;623.0;605.0;612.5;50744
2015-08-14;624.0;624.0;614.5;619.5;82582
2015-08-13;625.0;626.0;609.5;621.0;79106
2015-08-12;620.0;620.5;607.0;615.0;82734
2015-08-11;621.0;625.0;611.5;620.0;82316
2015-08-10;625.0;630.0;612.0;622.0;98613
2015-08-07;619.5;622.0;613.5;615.0;51399
2015-08-06;628.0;628.5;617.0;617.0;69176
2015-08-05;631.0;644.5;626.5;628.5;71508
2015-08-04;640.0;643.0;629.5;632.0;32448
2015-08-03;626.5;644.5;626.5;634.5;51906
2015-07-31;630.0;631.5;624.0;631.0;74144
2015-07-30;630.0;630.0;623.5;628.0;396027
2015-07-29;621.0;627.5;620.5;625.0;51042
2015-07-28;630.0;633.0;617.0;620.5;168205
2015-07-27;646.5;646.5;626.5;630.0;81937
2015-07-24;645.0;653.0;643.0;645.0;93933
2015-07-23;660.5;662.0;643.5;649.5;297918
2015-07-22;656.5;662.5;648.5;659.5;125709
2015-07-21;645.0;661.0;639.5;657.5;257823
2015-07-20;665.0;665.0;650.5;654.5;64345
2015-07-17;665.0;670.0;659.0;661.5;77306
2015-07-16;660.0;664.0;653.0;660.5;75791
2015-07-15;655.5;658.5;643.5;645.5;84024
2015-07-14;656.5;664.0;655.5;657.5;76488
2015-07-13;651.5;670.5;647.0;660.0;85991
2015-07-10;650.0;652.5;641.5;649.0;69804
2015-07-09;611.0;640.5;610.5;640.5;197352
2015-07-08;611.5;616.0;609.5;610.0;84539
2015-07-07;628.0;636.0;611.5;613.0;246274
2015-07-06;622.5;626.0;617.5;624.0;126039
2015-07-03;629.5;637.0;628.5;633.5;70847
2015-07-02;634.5;634.5;627.0;631.0;121596
2015-07-01;612.5;632.0;612.5;630.0;159041
2015-06-30;616.5;621.5;610.0;611.5;169106
2015-06-29;608.0;622.0;604.0;616.5;53475
2015-06-26;635.0;635.0;623.0;625.0;114646
2015-06-25;636.5;639.5;631.0;635.0;81634
2015-06-24;641.5;647.0;635.0;635.5;113160
2015-06-23;645.5;650.0;642.0;645.0;91220
2015-06-22;621.5;641.5;621.5;640.5;76598
2015-06-19;;624.0;624.0;624.0;0
2015-06-18;624.5;627.0;617.0;624.0;73660
2015-06-17;626.0;633.0;623.0;628.0;153224
2015-06-16;621.0;627.5;611.5;624.0;122606
2015-06-15;634.5;634.5;614.5;623.5;159729
2015-06-12;641.5;644.5;633.0;638.0;88959
2015-06-11;650.0;652.0;643.5;644.0;121928
2015-06-10;641.5;654.0;641.0;649.5;177197
2015-06-09;649.0;651.5;640.5;644.5;87066
2015-06-08;660.0;661.5;645.5;649.0;66825
2015-06-05;659.0;661.5;655.0;659.5;179304
2015-06-04;666.5;667.5;657.5;660.0;129452
2015-06-03;670.0;672.0;664.5;669.5;84867
2015-06-02;675.5;675.5;666.0;671.0;181401
2015-06-01;684.0;684.0;672.5;675.0;193777
2015-05-29;685.0;689.0;675.0;684.0;233579
2015-05-28;680.5;686.0;677.5;685.0;206179
2015-05-27;676.0;681.5;673.5;680.0;165818
2015-05-26;668.0;685.0;666.0;678.0;241307
2015-05-25;664.5;670.0;664.5;668.5;40662
2015-05-22;666.0;668.0;661.0;664.5;124798
2015-05-21;635.0;670.0;633.5;666.0;256840
2015-05-20;636.5;642.5;631.5;633.5;95235
2015-05-19;637.5;640.0;627.5;639.0;92728
2015-05-18;640.0;640.0;606.5;638.5;111642
2015-05-15;655.0;658.0;640.0;646.0;63612
2015-05-14;644.0;644.0;633.0;640.5;54252
2015-05-13;644.0;644.0;633.0;640.5;54252
2015-05-12;656.5;657.5;636.5;640.0;66957
2015-05-11;639.0;657.0;639.0;655.5;90277
2015-05-08;633.5;639.5;626.0;639.0;115609
2015-05-07;630.0;636.0;618.5;635.0;127606
2015-05-06;641.0;644.0;630.0;636.5;154416
2015-05-05;645.0;648.0;638.5;641.0;72972
2015-05-04;655.0;656.5;643.0;650.0;158310
2015-05-01;650.0;659.0;642.5;651.0;132367
2015-04-30;650.0;659.0;642.5;651.0;132367
2015-04-29;661.5;667.0;645.5;650.0;134385
2015-04-28;681.5;681.5;661.5;661.5;182409
2015-04-27;679.5;681.0;673.5;680.5;97899
2015-04-24;676.5;680.5;672.5;677.0;202213
2015-04-23;673.5;689.0;660.0;675.0;187772
2015-04-22;630.0;680.5;630.0;673.0;347395
2015-04-21;615.0;624.5;615.0;616.0;128939
2015-04-20;619.5;621.0;613.5;621.0;80237
2015-04-17;623.5;624.5;611.5;619.0;178656
2015-04-16;645.0;645.0;617.0;621.0;172640
2015-04-15;631.0;649.0;631.0;642.5;101611
2015-04-14;637.0;638.0;625.0;630.0;140201
2015-04-13;638.0;638.5;631.5;636.0;109055
2015-04-10;634.0;637.5;632.0;635.0;73608
2015-04-09;626.0;636.5;621.5;636.5;94842
2015-04-08;629.0;631.0;620.5;624.0;69584
2015-04-07;625.0;627.5;621.0;627.5;97221
2015-04-02;614.5;620.0;611.0;617.0;69651
2015-04-01;621.5;621.5;609.0;614.5;103110
2015-03-31;610.5;626.0;605.0;624.0;266645
2015-03-30;605.5;613.0;605.5;610.5;65918
2015-03-27;613.0;613.0;605.0;609.0;208186
2015-03-26;602.0;609.5;596.5;609.5;240975
2015-03-25;607.0;609.0;601.0;604.0;352567
2015-03-24;592.0;607.0;590.5;606.0;173533
2015-03-23;598.5;598.5;590.5;595.5;76018
2015-03-20;586.0;599.0;583.0;598.5;119340
2015-03-19;583.5;586.0;575.0;586.0;130893
2015-03-18;565.0;583.5;563.0;583.5;281321
2015-03-17;570.5;571.0;557.0;564.5;128808
2015-03-16;574.0;574.0;568.0;570.0;95349
2015-03-13;570.0;576.0;566.5;571.0;92558
2015-03-12;566.0;569.0;561.0;568.5;129402
2015-03-11;566.5;569.0;562.0;567.5;162725
2015-03-10;574.5;576.5;555.0;566.0;217250
2015-03-09;584.0;584.0;570.5;577.0;113732
2015-03-06;590.5;590.5;581.0;584.5;78230
2015-03-05;590.5;593.5;581.5;588.0;210485
2015-03-04;584.5;593.5;583.5;593.5;192220
2015-03-03;580.0;588.5;578.5;584.0;187223
2015-03-02;584.0;588.0;572.0;578.0;119622
2015-02-27;584.0;584.0;575.0;582.0;77969
2015-02-26;573.0;584.0;572.5;582.5;52738
2015-02-25;581.0;582.5;570.5;573.0;101996
2015-02-24;581.0;583.5;574.0;582.5;68310
2015-02-23;584.0;585.0;576.0;581.0;124108
2015-02-20;579.5;580.0;576.0;579.5;288304
2015-02-19;587.0;589.0;579.5;584.5;93485
2015-02-18;580.0;588.5;576.0;588.0;78296
2015-02-17;586.5;587.0;575.0;575.5;79727
2015-02-16;590.0;591.0;583.0;586.0;112897
2015-02-13;584.5;590.5;583.0;583.0;128644
2015-02-12;577.5;584.5;573.5;583.5;173364
2015-02-11;574.0;575.0;571.5;573.0;78937
2015-02-10;575.0;575.0;571.0;573.5;153292
2015-02-09;572.0;574.5;570.0;572.5;220370
2015-02-06;562.0;574.5;560.5;571.5;427746
2015-02-05;555.0;565.5;550.0;562.0;202253
2015-02-04;531.0;550.5;530.0;550.0;295206
2015-02-03;556.0;559.0;529.5;530.0;473101
2015-02-02;529.0;532.5;527.5;531.5;136061
2015-01-30;533.0;533.5;526.5;528.0;135099
2015-01-29;536.0;536.0;529.0;529.5;457432
2015-01-28;532.0;537.5;531.5;535.0;138492
2015-01-27;536.5;538.0;528.0;534.0;221924
2015-01-26;533.5;539.0;531.0;535.0;126373
2015-01-23;532.0;536.5;529.0;533.0;186358
2015-01-22;530.0;532.0;525.5;530.0;273698
2015-01-21;523.0;528.0;521.0;527.5;97411
2015-01-20;525.0;529.0;521.5;524.0;80103
2015-01-19;517.0;525.0;517.0;524.0;89990
2015-01-16;522.5;522.5;512.5;515.5;93596
2015-01-15;516.0;524.0;511.5;522.0;139108
2015-01-14;524.5;530.0;512.0;516.0;270122
2015-01-13;523.0;530.0;520.0;528.5;199864
2015-01-12;545.5;552.5;526.0;528.5;157318
2015-01-09;557.0;560.5;543.0;545.0;208561
2015-01-08;564.5;569.5;563.5;564.5;100455
2015-01-07;572.5;580.0;556.0;560.0;198247
2015-01-06;;584.0;584.0;584.0;0
2015-01-05;585.0;588.0;580.5;584.0;26788
2015-01-02;587.0;588.0;582.5;584.0;45282
2015-01-01;590.0;590.0;579.5;582.5;174204
2014-12-30;590.0;590.0;579.5;582.5;174204
2014-12-29;583.0;592.5;583.0;592.0;65195
2014-12-23;592.5;595.5;587.0;588.0;57531
2014-12-22;586.0;593.5;586.0;592.5;69385
2014-12-19;593.0;596.0;585.0;589.0;136021
2014-12-18;570.5;593.0;570.5;587.5;159809
2014-12-17;566.5;569.0;551.0;569.0;167265
2014-12-16;585.0;586.5;565.0;568.5;179961
2014-12-15;588.0;591.0;583.5;583.5;142264
2014-12-12;598.0;599.0;586.5;586.5;116510
2014-12-11;608.0;608.0;596.5;598.0;133399
2014-12-10;604.5;611.5;601.0;608.5;173818
2014-12-09;615.0;616.0;605.5;609.5;86934
2014-12-08;609.5;618.0;606.5;618.0;122181
2014-12-05;603.5;612.0;603.0;610.0;62233
2014-12-04;616.5;616.5;601.0;603.5;97784
2014-12-03;600.0;617.5;599.5;617.0;177521
2014-12-02;603.0;603.5;581.0;599.0;339501
2014-12-01;623.0;624.0;616.0;618.0;58405
2014-11-28;630.0;630.0;620.0;620.5;121449
2014-11-27;633.0;636.0;626.0;629.5;61646
2014-11-26;639.0;642.5;626.5;633.5;75135
2014-11-25;626.0;641.0;623.0;641.0;216695
2014-11-24;630.0;633.0;620.0;625.5;93924
2014-11-21;618.0;626.0;618.0;626.0;118176
2014-11-20;618.0;624.0;611.5;617.5;164429
2014-11-19;610.0;614.5;608.5;611.0;50387
2014-11-18;616.5;617.5;606.5;611.5;51959
2014-11-17;611.0;614.5;604.5;614.5;62931
2014-11-14;611.0;612.0;606.0;611.0;67090
2014-11-13;610.5;612.5;602.5;608.0;45869
2014-11-12;608.5;609.0;603.0;607.5;77233
2014-11-11;600.0;611.0;598.5;611.0;135943
2014-11-10;607.0;607.0;593.5;597.5;100121
2014-11-07;602.0;608.5;598.0;606.5;73433
2014-11-06;602.5;606.5;598.5;602.0;70607
2014-11-05;602.0;602.5;597.5;602.0;72117
2014-11-04;604.0;605.5;596.0;600.5;163103
2014-11-03;597.5;605.0;595.5;602.0;125590
2014-10-31;601.5;606.0;594.0;602.0;176766
2014-10-30;598.5;599.5;588.0;599.5;67948
2014-10-29;595.0;599.0;592.5;592.5;124891
2014-10-28;578.0;593.0;578.0;593.0;98546
2014-10-24;580.0;586.5;578.0;582.0;124608
2014-10-23;578.5;579.0;568.0;578.0;183900
2014-10-22;552.0;571.0;548.0;567.5;573280
2014-10-21;542.0;550.0;537.5;547.0;71225
2014-10-20;540.0;543.5;531.0;539.5;108775
2014-10-17;534.0;540.0;529.5;539.0;121481
2014-10-16;534.0;537.0;516.0;534.0;124672
2014-10-15;537.5;537.5;524.0;528.0;253268
2014-10-14;532.0;538.0;529.5;533.5;241923
2014-10-13;535.0;541.0;528.5;532.5;89188
2014-10-10;540.5;546.0;530.5;539.0;95828
2014-10-09;552.0;553.0;540.0;546.0;54876
2014-10-08;550.0;553.5;544.5;544.5;77914
2014-10-07;565.0;565.0;550.0;551.0;85867
2014-10-06;568.0;573.5;562.0;564.0;125296
2014-10-03;567.0;570.0;562.5;562.5;152822
2014-10-02;562.0;575.0;558.0;563.5;162821
2014-10-01;577.0;579.0;559.5;564.5;147522
2014-09-30;585.0;585.0;571.0;579.5;184602
2014-09-29;591.5;604.0;580.0;584.5;128738
2014-09-26;577.0;591.5;577.0;589.5;139022
2014-09-25;611.0;612.0;572.0;576.0;232289
2014-09-24;627.5;630.5;594.5;610.0;215956
2014-09-23;628.0;629.0;619.5;625.0;54185
2014-09-22;625.0;629.0;619.5;626.5;167877
2014-09-19;637.0;637.5;624.0;626.0;71624
2014-09-18;634.5;637.5;628.5;633.0;66247
2014-09-17;639.5;644.5;633.5;636.0;84824
2014-09-16;628.5;639.0;628.5;638.5;115508
2014-09-15;625.5;632.0;622.0;628.0;52505
2014-09-12;622.0;631.0;620.0;627.0;71275
2014-09-11;623.0;626.0;620.0;620.0;45584
2014-09-10;625.0;629.5;615.0;619.5;76093
2014-09-09;625.0;628.0;621.0;625.5;27744
2014-09-08;627.5;627.5;620.0;623.0;28545
2014-09-05;626.5;627.0;620.0;624.0;64257
2014-09-04;629.0;630.0;622.0;623.5;36470
2014-09-03;629.5;633.0;627.0;629.5;32896
2014-09-02;630.5;633.0;625.5;628.0;80722
2014-09-01;623.0;631.0;622.0;628.0;27169
2014-08-29;636.0;638.0;621.5;626.5;112830
2014-08-28;629.0;639.5;629.0;636.5;143815
2014-08-27;620.0;631.0;620.0;629.5;140428
2014-08-26;623.5;626.5;619.0;621.0;66849
2014-08-25;618.0;627.0;616.5;622.0;100741
2014-08-22;615.5;617.0;609.0;616.5;48606
2014-08-21;618.5;619.5;609.0;617.5;118398
2014-08-20;602.5;622.5;600.5;621.0;89808
2014-08-19;607.0;607.0;596.5;602.0;62750
2014-08-18;606.5;607.0;601.0;606.5;24069
2014-08-15;607.5;608.0;601.0;603.5;21669
2014-08-14;598.5;605.0;598.5;604.5;28006
2014-08-13;604.5;606.5;596.5;599.0;107343
2014-08-12;599.5;604.0;594.5;604.0;67502
2014-08-11;593.5;598.0;590.0;595.5;61836
2014-08-08;595.0;596.5;583.0;593.5;58325
2014-08-07;603.0;606.0;597.0;599.0;67717
2014-08-06;594.5;604.0;594.5;603.0;184090
2014-08-05;592.5;602.5;589.5;600.5;85290
2014-08-04;585.5;590.5;583.0;587.0;77386
2014-08-01;590.0;593.0;583.0;584.5;68795
2014-07-31;595.0;596.5;586.0;588.0;82572
2014-07-30;598.5;602.0;594.5;597.5;36579
2014-07-29;596.5;603.5;596.5;601.5;21869
2014-07-28;601.0;603.0;596.5;599.0;88121
2014-07-25;603.5;607.0;600.5;601.0;86780
2014-07-24;597.5;607.5;591.5;605.5;89623
2014-07-23;593.5;597.5;590.0;596.0;40292
2014-07-22;595.0;595.0;588.0;590.5;63050
2014-07-21;594.0;597.5;588.5;589.5;110306
2014-07-18;600.5;602.0;591.5;594.5;128076
2014-07-17;612.5;615.5;600.0;600.5;173816
2014-07-16;618.5;629.0;611.5;613.5;156194
2014-07-15;608.5;613.0;602.0;611.5;140693
2014-07-14;607.0;614.5;604.5;611.5;47860
2014-07-11;611.0;611.5;607.0;607.5;90903
2014-07-10;614.0;624.0;603.0;610.0;139340
2014-07-09;619.0;620.5;604.0;613.0;98546
2014-07-08;640.0;640.0;618.5;620.0;74531
2014-07-07;638.0;641.0;635.0;637.5;32161
2014-07-04;640.0;643.5;638.0;638.0;60003
2014-07-03;629.5;643.5;629.5;639.0;104417
2014-07-02;619.0;635.5;614.0;632.0;113818
2014-07-01;611.0;619.5;611.0;619.5;91947
2014-06-30;612.0;615.5;607.0;612.0;78977
2014-06-27;614.0;615.0;609.5;612.5;41791
2014-06-26;613.0;618.0;610.5;612.5;59901
2014-06-25;613.5;619.0;611.5;611.5;83194
2014-06-24;605.0;617.0;605.0;616.5;177113
2014-06-23;613.0;613.5;602.0;604.5;140462
2014-06-20;;612.0;612.0;612.0;0
2014-06-19;618.5;619.5;610.0;612.0;91076
2014-06-18;625.0;625.0;614.0;616.5;76205
2014-06-17;613.5;621.0;602.5;620.0;101352
2014-06-16;623.0;623.0;611.0;613.5;71745
2014-06-13;626.5;626.5;617.0;623.5;64194
2014-06-12;624.5;626.5;621.5;625.0;101882
2014-06-11;617.0;625.5;615.0;622.0;139068
2014-06-10;619.5;619.5;615.0;617.0;97721
2014-06-09;616.0;621.0;613.0;620.5;150989
2014-06-06;;610.0;610.0;610.0;0
2014-06-05;614.0;618.5;603.0;610.0;154497
2014-06-04;611.0;619.0;605.0;613.0;115840
2014-06-03;621.5;621.5;613.5;613.5;199717
2014-06-02;618.5;621.0;610.0;618.0;251024
2014-05-30;621.5;621.5;613.5;618.0;162728
2014-05-28;623.0;629.5;614.0;617.0;60763
2014-05-27;640.0;640.0;634.0;639.0;187243
2014-05-26;638.5;644.0;637.0;638.5;40132
2014-05-23;643.5;643.5;630.5;634.0;121074
2014-05-22;645.0;645.5;637.5;641.0;131465
2014-05-21;641.0;647.0;639.5;644.0;112886
2014-05-20;649.0;650.0;640.5;640.5;257408
2014-05-19;645.0;650.5;641.0;648.5;115673
2014-05-16;652.0;654.0;642.0;646.0;219189
2014-05-15;654.0;660.0;640.5;652.0;214104
2014-05-14;655.0;665.0;652.0;657.0;93373
2014-05-13;665.0;665.0;653.5;656.5;114395
2014-05-12;657.0;664.5;656.0;662.0;95627
2014-05-09;645.0;659.0;643.5;659.0;117916
2014-05-08;649.5;656.5;640.5;642.5;107275
2014-05-07;646.0;658.0;646.0;649.0;98966
2014-05-06;649.5;653.5;648.0;652.5;86514
2014-05-05;641.5;650.0;636.0;650.0;51467
2014-05-02;638.5;643.5;638.5;643.5;74440
2014-05-01;;643.0;643.0;643.0;0
2014-04-30;635.5;643.0;635.5;643.0;55161
2014-04-29;637.5;645.0;633.0;642.0;238219
2014-04-28;627.5;643.5;626.5;640.0;128328
2014-04-25;639.0;639.0;611.0;628.5;186040
2014-04-24;659.0;659.0;626.5;635.0;565166
2014-04-23;653.5;662.0;652.5;660.0;85941
2014-04-22;648.5;654.5;646.5;652.0;82287
2014-04-17;648.5;648.5;642.0;644.0;23565
2014-04-16;641.5;647.5;640.5;644.0;35230
2014-04-15;646.0;649.0;639.0;640.0;68218
2014-04-14;638.0;646.0;638.0;642.0;117051
2014-04-11;668.5;668.5;649.0;649.5;135567
2014-04-10;680.5;684.0;667.0;667.0;84591
2014-04-09;672.0;680.0;670.5;676.0;100589
2014-04-08;675.5;676.0;668.0;672.0;83012
2014-04-07;677.0;678.5;670.0;673.5;145133
2014-04-04;674.0;682.0;674.0;677.0;90839
2014-04-03;669.0;677.5;661.0;675.5;121172
2014-04-02;659.5;669.5;659.0;665.0;103381
2014-04-01;656.0;659.5;646.5;655.0;122516
2014-03-31;660.0;662.0;653.5;659.5;103019
2014-03-28;661.0;661.0;651.0;655.5;62312
2014-03-27;655.5;660.0;653.0;658.0;116921
2014-03-26;647.5;660.0;643.5;653.5;139794
2014-03-25;641.0;646.5;640.0;640.5;107462
2014-03-24;650.5;650.5;633.0;637.5;111508
2014-03-21;653.5;654.0;645.5;649.0;65269
2014-03-20;655.5;662.0;642.0;650.5;170748
2014-03-19;657.5;660.5;648.5;655.5;73510
2014-03-18;644.0;658.0;640.5;654.0;116666
2014-03-17;640.0;653.5;638.5;648.0;55445
2014-03-14;648.5;652.5;637.0;642.0;130833
2014-03-13;659.5;663.0;645.5;648.0;100097
2014-03-12;663.5;665.0;652.0;659.0;61498
2014-03-11;673.0;680.0;660.0;669.5;131105
2014-03-10;675.0;679.5;674.5;679.5;123780
2014-03-07;673.5;678.0;672.5;676.0;57256
2014-03-06;674.0;680.5;648.0;675.5;75750
2014-03-05;671.5;676.5;667.5;668.5;80107
2014-03-04;651.5;669.0;651.5;668.5;67870
2014-03-03;657.5;658.0;645.5;649.0;156569
2014-02-28;669.5;670.0;664.0;668.5;59970
2014-02-27;669.5;671.0;656.5;670.0;112662
2014-02-26;683.0;685.5;628.0;667.5;113155
2014-02-25;690.0;693.5;675.5;680.0;87189
2014-02-24;676.0;689.0;676.0;689.0;64224
2014-02-21;682.0;686.0;670.5;676.0;68216
2014-02-20;677.0;683.0;671.0;679.5;80114
2014-02-19;675.0;687.0;673.0;684.0;184010
2014-02-18;666.5;676.0;666.5;673.0;89366
2014-02-17;662.0;670.5;660.0;667.5;48917
2014-02-14;658.0;666.0;655.0;660.0;83528
2014-02-13;671.0;671.5;648.5;658.0;194766
2014-02-12;670.0;681.5;666.5;670.0;204083
2014-02-11;650.0;694.0;650.0;663.5;523068
2014-02-10;637.0;638.5;630.5;636.0;139934
2014-02-07;633.0;634.5;624.0;630.5;141320
2014-02-06;632.5;639.0;631.0;633.0;76037
2014-02-05;635.5;638.0;626.5;629.5;109498
2014-02-04;633.0;640.0;633.0;638.0;107361
2014-02-03;639.0;652.0;638.0;640.0;270088
2014-01-31;648.5;655.0;635.5;638.0;212880
2014-01-30;647.0;652.0;634.5;649.0;159554
2014-01-29;653.0;662.0;643.0;647.0;276121
2014-01-28;653.5;658.5;646.0;650.0;248356
2014-01-27;670.5;670.5;646.5;652.0;420412
2014-01-24;694.5;694.5;666.5;670.5;170854
2014-01-23;681.0;681.0;671.0;675.0;128665
2014-01-22;679.0;679.0;663.0;676.0;78706
2014-01-21;674.0;692.0;668.5;675.0;268733
2014-01-20;662.0;670.0;658.0;669.5;88704
2014-01-17;666.0;666.0;653.0;660.5;130457
2014-01-16;653.0;672.0;653.0;665.0;137162
2014-01-15;648.0;651.0;635.5;650.5;64871
2014-01-14;653.0;653.0;639.5;643.0;121555
2014-01-13;653.0;657.0;651.0;656.0;294561
2014-01-10;646.0;652.5;646.0;649.5;90884
2014-01-09;647.0;648.0;641.5;645.0;64435
2014-01-08;637.0;647.0;635.0;646.5;97475
2014-01-07;634.0;644.5;628.5;637.5;84960
2014-01-06;;627.5;627.5;627.5;0
2014-01-03;632.0;636.0;626.0;627.5;161217
2014-01-02;641.5;644.5;631.5;632.0;101044
2013-12-31;;640.5;640.5;640.5;0
2013-12-30;645.0;645.0;637.0;640.5;52274
2013-12-27;649.0;649.0;643.5;645.0;44746
2013-12-23;647.5;649.5;639.5;643.5;51113
2013-12-20;648.0;649.5;636.0;647.5;102774
2013-12-19;640.0;649.0;638.5;648.0;107864
2013-12-18;652.0;653.0;633.0;637.0;110475
2013-12-17;636.0;657.0;628.0;651.0;322108
2013-12-16;596.0;646.5;596.0;640.0;355031
2013-12-13;580.5;586.5;579.5;582.0;65684
2013-12-12;592.5;592.5;579.0;582.0;62046
2013-12-11;592.5;595.0;590.0;590.0;45919
2013-12-10;590.0;598.0;581.0;594.0;90896
2013-12-09;583.5;590.0;583.5;587.0;133133
2013-12-06;587.0;588.0;582.5;582.5;60346
2013-12-05;592.5;592.5;584.5;587.0;72131
2013-12-04;585.0;593.0;585.0;589.5;46912
2013-12-03;589.5;593.5;584.5;586.5;69993
2013-12-02;592.5;594.0;586.5;594.0;62831
2013-11-29;596.0;597.0;588.5;588.5;62223
2013-11-28;592.5;597.5;590.0;595.0;37805
2013-11-27;593.5;597.0;590.0;590.5;91968
2013-11-26;597.0;597.5;589.0;593.5;76443
2013-11-25;605.0;605.0;589.5;596.0;77153
2013-11-22;614.0;614.5;597.0;600.0;139458
2013-11-21;611.0;616.0;605.0;616.0;74000
2013-11-20;605.5;611.5;597.0;609.0;60499
2013-11-19;601.5;611.0;598.5;601.5;95423
2013-11-18;597.5;602.0;596.5;602.0;49898
2013-11-15;595.0;601.0;594.5;597.0;110445
2013-11-14;596.0;599.5;595.0;596.0;114495
2013-11-13;598.5;600.0;594.0;596.0;59851
2013-11-12;596.0;604.5;596.0;598.5;43539
2013-11-11;601.5;606.0;597.5;600.5;59211
2013-11-08;598.0;603.0;595.5;601.5;51988
2013-11-07;607.0;611.5;600.0;602.0;56253
2013-11-06;609.0;614.0;603.0;604.5;77938
2013-11-05;605.0;611.0;604.5;606.5;58863
2013-11-04;592.0;616.5;589.5;608.5;149565
2013-11-01;596.0;598.0;589.0;589.0;89920
2013-10-31;589.0;598.0;589.0;597.5;73300
2013-10-30;588.5;599.0;588.5;593.5;134038
2013-10-29;609.5;611.0;592.5;594.0;138540
2013-10-28;612.5;615.5;607.5;609.5;61046
2013-10-25;607.5;615.5;598.5;612.5;99168
2013-10-24;586.5;614.0;574.0;608.5;191103
2013-10-23;585.0;595.5;573.5;580.5;132106
2013-10-22;604.5;611.5;597.0;597.0;193364
2013-10-21;590.0;633.0;586.0;615.5;601517
2013-10-18;551.0;559.0;549.0;559.0;89954
2013-10-17;553.0;560.0;546.5;549.0;152467
2013-10-16;555.0;556.5;551.0;555.5;102795
2013-10-15;553.0;562.5;550.0;557.5;116116
2013-10-14;547.5;558.0;547.0;554.0;101527
2013-10-11;555.5;555.5;546.0;549.5;88692
2013-10-10;546.5;558.5;546.5;551.0;244479
2013-10-09;546.0;550.5;539.5;547.5;659969
2013-10-08;553.0;554.5;546.0;550.0;146083
2013-10-07;551.5;556.5;547.0;554.0;58136
2013-10-04;550.0;554.5;548.5;553.5;69831
2013-10-03;567.0;567.0;549.0;550.0;259261
2013-10-02;569.0;577.5;562.0;563.0;241215
2013-10-01;568.0;571.0;562.5;571.0;115585
2013-09-30;575.5;576.0;567.0;567.5;138369
2013-09-27;582.0;582.0;576.5;579.0;60871
2013-09-26;576.0;581.0;575.5;580.5;438458
2013-09-25;581.5;582.5;575.5;575.5;115787
2013-09-24;581.0;585.0;576.5;581.0;136833
2013-09-23;584.0;585.0;579.5;582.0;113281
2013-09-20;582.0;583.0;579.0;582.0;144689
2013-09-19;585.0;591.5;578.0;586.0;372310
2013-09-18;576.0;585.0;576.0;582.5;125352
2013-09-17;580.0;582.5;576.0;582.0;128451
2013-09-16;587.5;589.0;577.5;580.0;130227
2013-09-13;576.0;590.0;574.0;586.0;178401
2013-09-12;571.5;581.5;571.0;581.0;180665
2013-09-11;570.0;574.0;566.5;574.0;108811
2013-09-10;562.0;570.0;561.0;570.0;150370
2013-09-09;559.0;563.5;558.0;560.0;317289
2013-09-06;567.5;571.5;559.5;559.5;599181
2013-09-05;561.5;570.0;560.5;567.5;199026
2013-09-04;558.0;565.0;552.0;563.5;229136
2013-09-03;545.0;559.5;540.0;552.0;195688
2013-09-02;544.0;545.0;535.5;540.5;128274
2013-08-30;533.5;544.0;533.5;538.0;288162
2013-08-29;526.0;536.0;526.0;534.0;363198
2013-08-28;529.5;530.5;522.0;528.0;117363
2013-08-27;530.0;532.5;525.5;530.0;92892
2013-08-26;529.5;535.0;527.5;533.0;54524
2013-08-23;524.0;531.0;522.0;529.5;92640
2013-08-22;527.5;530.0;523.0;523.5;114504
2013-08-21;529.0;535.0;521.5;523.5;147403
2013-08-20;540.5;541.0;527.0;529.0;116652
2013-08-19;551.5;552.5;537.0;540.5;61323
2013-08-16;546.5;550.0;542.5;549.5;137641
2013-08-15;544.5;549.0;539.0;543.5;141502
2013-08-14;543.0;549.5;539.0;540.5;72892
2013-08-13;546.5;548.5;540.0;542.5;127678
2013-08-12;551.0;554.0;544.0;548.5;42652
2013-08-09;544.5;552.0;542.0;549.5;140143
2013-08-08;530.0;540.5;530.0;540.5;95350
2013-08-07;524.0;536.0;521.5;530.0;117398
2013-08-06;523.0;529.0;521.0;525.5;105767
2013-08-05;521.0;529.0;518.5;519.0;119476
2013-08-02;524.5;524.5;518.0;519.0;114257
2013-08-01;524.0;525.5;521.0;523.0;121913
2013-07-31;522.0;524.5;518.0;520.5;104248
2013-07-30;532.5;532.5;519.0;520.0;162378
2013-07-29;532.0;533.5;529.0;529.5;55181
2013-07-26;536.0;536.0;529.0;532.0;131078
2013-07-25;540.0;542.5;531.0;536.5;289361
2013-07-24;534.0;541.0;532.0;540.5;105683
2013-07-23;524.0;533.0;522.5;533.0;149293
2013-07-22;511.0;527.5;509.5;520.0;231369
2013-07-19;515.5;516.5;507.5;512.0;107509
2013-07-18;513.0;518.0;507.5;511.5;249124
2013-07-17;497.0;514.0;494.3;511.0;299520
2013-07-16;486.2;498.2;486.2;498.2;183388
2013-07-15;492.7;495.4;488.0;488.0;127167
2013-07-12;495.0;496.6;493.0;495.0;202641
2013-07-11;495.0;497.0;492.1;495.0;275675
2013-07-10;493.6;496.6;491.9;493.9;184529
2013-07-09;493.8;498.7;493.0;495.3;77112
2013-07-08;490.0;497.0;487.4;493.5;116264
2013-07-05;488.9;499.1;488.9;490.0;65892
2013-07-04;494.1;495.9;488.5;490.0;167311
2013-07-03;492.1;495.1;489.5;494.0;137920
2013-07-02;485.0;493.3;482.0;491.9;90578
2013-07-01;486.4;490.9;481.2;485.5;209125
2013-06-28;493.9;497.8;483.1;483.1;202615
2013-06-27;499.1;501.5;491.7;495.9;212443
2013-06-26;479.4;503.0;479.4;500.0;390674
2013-06-25;475.0;482.65;475.0;481.0;150318
2013-06-24;485.8;486.4;474.2;478.9;199155
2013-06-21;;487.4;487.4;487.4;0
2013-06-20;498.0;500.5;470.0;487.4;350648
2013-06-19;509.5;511.5;498.8;500.5;156127
2013-06-18;507.0;513.0;506.5;513.0;162951
2013-06-17;507.0;513.0;506.5;511.5;189700
2013-06-14;504.0;511.0;501.0;509.0;122645
2013-06-13;504.5;510.5;499.1;507.5;139196
2013-06-12;515.0;519.5;510.5;512.0;92493
2013-06-11;512.5;518.5;509.0;515.5;89996
2013-06-10;507.5;517.5;507.5;513.5;65620
2013-06-07;505.0;514.5;505.0;510.0;137644
2013-06-06;;515.0;515.0;515.0;0
2013-06-05;520.5;523.5;514.5;515.0;93140
2013-06-04;533.0;533.0;522.5;524.0;178426
2013-06-03;531.0;535.0;526.0;530.5;210125
2013-05-31;532.5;537.0;530.0;531.5;230282
2013-05-30;546.0;546.0;535.0;536.5;178254
2013-05-29;552.5;554.5;539.0;546.0;297275
2013-05-28;570.0;570.5;564.5;566.5;164113
2013-05-27;569.0;570.0;560.0;570.0;55248
2013-05-24;563.5;567.0;557.5;559.5;61957
2013-05-23;564.5;568.0;555.0;561.0;214419
2013-05-22;560.0;577.0;559.0;575.0;180120
2013-05-21;548.5;560.5;548.5;560.0;285277
2013-05-20;552.0;556.5;551.0;551.5;190375
2013-05-17;541.0;554.0;541.0;553.5;81368
2013-05-16;543.5;548.0;539.5;546.0;97555
2013-05-15;545.0;548.0;536.0;543.5;147092
2013-05-14;549.5;552.0;543.5;545.0;214411
2013-05-13;548.5;552.5;544.5;548.5;127599
2013-05-10;531.5;547.0;531.5;545.0;84453
2013-05-09;;538.0;538.0;538.0;0
2013-05-08;537.0;543.0;536.5;538.0;38280
2013-05-07;543.0;545.0;535.5;538.0;86984
2013-05-06;544.5;546.0;538.0;543.5;64942
2013-05-03;538.5;546.0;533.0;544.0;100382
2013-05-02;530.0;554.0;528.5;537.0;276282
2013-05-01;;530.0;530.0;530.0;0
2013-04-30;519.0;531.5;517.5;530.0;130651
2013-04-29;515.0;519.5;510.0;517.0;80875
2013-04-26;520.0;520.0;510.0;512.0;146871
2013-04-25;515.5;521.0;510.0;519.0;94226
2013-04-24;517.0;517.5;507.5;514.0;94986
2013-04-23;515.5;516.5;506.5;515.0;98096
2013-04-22;511.5;517.0;505.5;513.0;121515
2013-04-19;520.0;520.0;502.5;505.0;160677
2013-04-18;510.0;519.0;508.0;512.0;75787
2013-04-17;527.5;530.0;508.0;511.0;439269
2013-04-16;528.0;536.0;524.0;525.0;272499
2013-04-15;529.5;529.5;523.0;528.0;103347
2013-04-12;526.0;531.0;522.0;524.5;256065
2013-04-11;532.0;532.0;526.5;528.0;244535
2013-04-10;526.0;534.5;525.0;528.0;353154
2013-04-09;518.0;530.0;518.0;527.0;118807
2013-04-08;524.0;524.0;517.0;521.5;84355
2013-04-05;531.0;532.0;515.5;517.5;167851
2013-04-04;519.5;527.0;518.5;527.0;246653
2013-04-03;520.5;526.0;517.0;518.5;171894
2013-04-02;523.0;524.0;517.5;522.0;192971
2013-04-01;;520.5;520.5;520.5;0
2013-03-29;505.0;520.5;520.5;520.5;407710
2013-03-28;505.0;511.0;501.5;510.5;407710
2013-03-27;505.0;511.0;501.5;510.5;407710
2013-03-26;513.5;514.5;496.1;497.0;218497
2013-03-25;519.0;521.5;506.0;508.5;140072
2013-03-22;515.0;516.5;512.0;514.5;45805
2013-03-21;513.5;518.0;511.5;515.0;84813
2013-03-20;516.0;519.5;512.0;515.0;128472
2013-03-19;520.0;523.5;509.0;510.5;221364
2013-03-18;529.5;529.5;515.0;518.0;96261
2013-03-15;535.5;535.5;526.0;531.5;126308
2013-03-14;524.0;531.0;523.0;530.5;154377
2013-03-13;516.0;522.5;512.0;522.5;199442
2013-03-12;511.5;517.5;508.5;511.0;183949
2013-03-11;520.5;523.0;512.0;519.0;158061
2013-03-08;519.5;523.0;515.0;520.0;124391
2013-03-07;528.0;540.0;509.5;512.5;425552
2013-03-06;491.6;526.0;486.7;523.5;915304
2013-03-05;507.0;508.0;486.2;488.2;534983
2013-03-04;509.0;509.0;502.0;502.5;158672
2013-03-01;512.0;512.0;503.0;505.0;262751
2013-02-28;518.5;518.5;503.0;507.5;201998
2013-02-27;506.5;518.0;503.5;515.5;157610
2013-02-26;500.0;509.0;497.1;501.5;162350
2013-02-25;503.0;517.5;503.0;509.5;231314
2013-02-22;505.0;510.0;500.5;500.5;190918
2013-02-21;515.0;515.0;501.0;503.5;161320
2013-02-20;522.0;522.0;514.0;515.0;317822
2013-02-19;523.0;526.5;519.5;520.5;210785
2013-02-18;533.0;533.0;520.5;524.0;199088
2013-02-15;530.0;535.0;528.5;532.0;182853
2013-02-14;529.0;536.5;523.0;530.0;295417
2013-02-13;535.0;537.0;521.0;525.0;281738
2013-02-12;575.0;575.0;534.0;541.0;511960
2013-02-11;582.5;583.0;577.5;582.0;56905
2013-02-08;579.5;581.5;576.0;578.5;62828
2013-02-07;582.5;582.5;575.5;577.0;69492
2013-02-06;582.5;585.5;576.0;578.0;192797
2013-02-05;589.0;589.0;580.5;584.0;89456
2013-02-04;599.5;600.0;588.5;591.0;340981
2013-02-01;586.5;597.5;585.5;597.5;136910
2013-01-31;584.5;588.5;583.5;586.0;294030
2013-01-30;585.0;585.0;581.5;582.5;87282
2013-01-29;583.5;587.0;579.0;585.0;402722
2013-01-28;579.5;581.0;575.0;581.0;167218
2013-01-25;584.0;584.0;574.5;578.0;118387
2013-01-24;585.0;585.0;576.0;581.5;53725
2013-01-23;575.5;584.0;572.0;581.5;74345
2013-01-22;588.0;588.0;573.5;576.5;192406
2013-01-21;588.5;588.5;583.0;584.0;47795
2013-01-18;581.0;590.0;576.0;588.5;232693
2013-01-17;584.0;585.0;579.0;581.5;105483
2013-01-16;585.0;588.5;583.5;583.5;79052
2013-01-15;581.0;590.0;580.5;589.0;119561
2013-01-14;584.0;590.5;582.0;586.0;93456
2013-01-11;589.5;592.0;579.5;582.0;114278
2013-01-10;594.0;595.0;589.0;590.5;457325
2013-01-09;589.5;593.0;584.0;593.0;129582
2013-01-08;592.5;594.0;587.5;591.0;83181
2013-01-07;593.5;599.0;590.5;595.0;93490
2013-01-04;586.0;597.0;585.0;594.5;80822
2013-01-03;585.0;590.5;585.0;587.0;122659
2013-01-02;568.0;588.0;565.5;585.0;104393
2013-01-01;;562.5;562.5;562.5;0
2012-12-31;;562.5;562.5;562.5;0
2012-12-28;568.0;570.0;562.5;562.5;140692
2012-12-27;565.0;572.5;561.0;563.5;63335
2012-12-26;;567.0;567.0;567.0;0
2012-12-25;;567.0;567.0;567.0;0
2012-12-24;;567.0;567.0;567.0;0
2012-12-21;570.5;572.0;564.5;567.0;106089
2012-12-20;575.0;575.0;567.5;570.5;93599
2012-12-19;561.0;577.5;561.0;576.0;216113
2012-12-18;556.5;568.0;553.0;561.0;404099
2012-12-17;527.0;553.0;523.5;553.0;238554
2012-12-14;527.0;528.0;516.5;527.0;181279
2012-12-13;528.0;530.0;526.0;526.0;176887
2012-12-12;534.0;534.0;528.0;529.5;153683
2012-12-11;536.0;536.0;531.0;534.0;104334
2012-12-10;537.0;539.0;529.0;534.0;162314
2012-12-07;547.0;549.0;535.0;538.0;112062
2012-12-06;560.0;563.0;558.0;561.5;129539
2012-12-05;573.0;575.0;560.0;563.5;121163
2012-12-04;576.0;576.5;569.0;570.0;125653
2012-12-03;574.5;575.0;569.5;574.0;307769
2012-11-30;570.0;573.5;566.0;571.0;125183
2012-11-29;560.5;571.0;560.5;570.0;116179
2012-11-28;564.0;566.5;555.5;560.5;59093
2012-11-27;566.0;570.0;563.0;565.0;119883
2012-11-26;566.0;567.5;557.0;565.0;65482
2012-11-23;566.5;569.5;561.5;568.5;88774
2012-11-22;563.5;568.5;560.0;568.5;31888
2012-11-21;554.5;564.0;553.0;561.5;34937
2012-11-20;560.5;561.0;549.0;553.5;90794
2012-11-19;560.0;566.0;556.0;559.0;99312
2012-11-16;570.5;572.0;558.5;561.0;98581
2012-11-15;570.5;572.5;566.5;572.0;71295
2012-11-14;569.5;574.0;567.5;572.0;67796
2012-11-13;569.5;573.0;565.5;571.0;145267
2012-11-12;568.0;571.5;565.0;570.0;97095
2012-11-09;568.0;569.0;564.5;567.0;83328
2012-11-08;571.0;571.5;564.5;567.0;84535
2012-11-07;576.0;576.0;566.5;569.5;105306
2012-11-06;570.0;575.0;569.0;573.0;98551
2012-11-05;575.5;577.0;567.0;571.0;128550
2012-11-02;574.0;574.0;565.0;570.0;114250
2012-11-01;572.0;575.5;571.5;573.0;208027
2012-10-31;577.0;580.0;573.0;573.0;103520
2012-10-30;580.5;580.5;573.0;576.0;86080
2012-10-29;581.0;585.0;578.5;580.0;43862
2012-10-26;579.5;582.0;567.0;582.0;94057
2012-10-25;580.5;584.5;578.0;578.5;121127
2012-10-24;574.0;584.0;573.5;582.0;82619
2012-10-23;572.5;576.0;570.5;572.5;98461
2012-10-22;575.5;580.0;550.5;570.0;104766
2012-10-19;591.0;591.0;570.0;575.0;323918
2012-10-18;607.0;610.0;583.0;589.0;481794
2012-10-17;587.0;610.0;580.5;606.5;279122
2012-10-16;593.0;594.0;591.0;591.5;77356
2012-10-15;591.0;595.0;590.5;592.0;62415
2012-10-12;595.0;599.0;593.0;593.5;65259
2012-10-11;597.0;601.0;595.0;597.0;59233
2012-10-10;603.0;605.0;595.5;595.5;83033
