Dates;Open;High;Low;Close;Volume
2017-10-09;309.2;311.0;308.6;309.2;121437
2017-10-06;308.1;310.7;308.0;309.7;225989
2017-10-05;308.6;310.0;305.2;308.6;289355
2017-10-04;296.3;308.7;296.1;308.2;264600
2017-10-03;298.2;298.4;295.3;296.5;73934
2017-10-02;296.2;298.7;294.7;298.2;251384
2017-09-29;291.6;295.6;291.6;295.0;129941
2017-09-28;293.6;294.2;291.2;292.8;153640
2017-09-27;293.9;293.9;291.8;293.6;91952
2017-09-26;290.4;293.2;289.6;292.3;95171
2017-09-25;289.6;292.0;288.1;291.8;133134
2017-09-22;287.4;290.4;287.4;289.6;147195
2017-09-21;289.2;291.0;288.3;289.3;93769
2017-09-20;287.9;289.2;287.1;288.3;72768
2017-09-19;288.1;288.9;286.5;286.7;87896
2017-09-18;286.1;288.3;286.1;286.4;99802
2017-09-15;286.1;288.1;284.4;286.3;133246
2017-09-14;287.1;287.8;284.3;287.1;372689
2017-09-13;288.0;288.7;285.5;286.4;104912
2017-09-12;290.3;292.7;287.1;288.1;156775
2017-09-11;289.9;294.7;289.8;290.3;226861
2017-09-08;286.6;289.2;286.3;288.7;77307
2017-09-07;290.1;290.1;285.6;288.1;143353
2017-09-06;289.9;290.0;285.0;289.4;126595
2017-09-04;285.0;290.3;285.0;289.0;98383
2017-09-01;286.9;290.0;286.9;287.3;113766
2017-08-31;288.6;289.9;286.4;288.0;142083
2017-08-30;288.8;290.1;285.9;288.6;152223
2017-08-29;290.9;291.3;282.0;288.4;329027
2017-08-28;280.5;292.4;280.0;292.0;183422
2017-08-25;280.2;281.6;278.0;279.7;150830
2017-08-24;282.6;283.1;279.5;279.5;147697
2017-08-23;289.3;289.3;281.8;281.8;166396
2017-08-22;282.8;290.2;282.8;289.4;184931
2017-08-21;283.9;283.9;281.8;282.4;134353
2017-08-18;282.2;285.3;280.5;284.2;195727
2017-08-17;281.0;284.7;281.0;284.3;211092
2017-08-16;281.5;283.8;279.7;281.7;122423
2017-08-15;278.0;281.4;278.0;280.0;136250
2017-08-14;278.3;280.5;277.7;278.8;69495
2017-08-11;282.0;282.5;276.2;277.0;103390
2017-08-10;281.0;285.7;280.5;283.3;198066
2017-08-09;281.5;282.5;276.9;281.1;110904
2017-08-08;281.7;283.7;281.1;282.1;113769
2017-08-07;283.6;284.8;280.5;281.4;121678
2017-08-04;282.8;284.3;280.2;283.7;79320
2017-08-03;283.1;284.4;281.5;281.9;124664
2017-08-02;286.0;287.4;281.3;281.3;123401
2017-08-01;280.1;284.9;280.1;283.2;119987
2017-07-31;283.9;285.3;280.8;280.8;101749
2017-07-28;285.0;285.1;283.0;284.0;148605
2017-07-27;284.4;288.7;283.3;285.4;218279
2017-07-26;285.0;288.3;284.5;285.3;122801
2017-07-25;290.2;290.6;285.3;285.3;112031
2017-07-24;289.4;291.1;287.5;288.2;144478
2017-07-21;295.3;295.5;287.7;289.5;176140
2017-07-20;299.1;300.7;293.6;295.7;135819
2017-07-19;292.8;299.4;290.1;298.5;183862
2017-07-18;297.0;300.0;286.9;292.8;286734
2017-07-17;292.8;297.2;291.0;296.0;161939
2017-07-14;294.9;295.0;290.6;290.6;123698
2017-07-13;295.2;295.9;292.4;294.8;105200
2017-07-12;288.7;296.3;288.2;294.8;101784
2017-07-11;288.5;290.7;287.1;287.7;96969
2017-07-10;290.0;291.4;286.4;288.2;106035
2017-07-07;290.4;291.1;287.7;288.6;120843
2017-07-06;293.5;293.9;289.6;292.3;95834
2017-07-05;292.1;295.6;290.9;293.8;106610
2017-07-04;291.2;295.6;290.4;292.4;105387
2017-07-03;290.3;293.8;290.2;291.2;185369
2017-06-30;293.9;295.2;290.0;290.0;270003
2017-06-29;301.2;301.2;293.2;294.0;250929
2017-06-28;301.5;304.5;295.7;300.2;180370
2017-06-27;304.7;305.7;301.4;303.0;111936
2017-06-26;306.4;307.3;304.3;305.5;123206
2017-06-23;;304.8;304.8;304.8;0
2017-06-22;304.2;308.2;303.2;304.8;96740
2017-06-21;309.0;309.4;302.2;305.9;250219
2017-06-20;305.4;309.8;302.2;308.8;252586
2017-06-19;300.2;306.0;300.2;305.4;193585
2017-06-16;295.8;301.3;295.8;299.5;213032
2017-06-15;302.9;302.9;294.1;295.8;220463
2017-06-14;300.8;303.6;299.4;301.3;200976
2017-06-13;297.2;301.3;295.2;299.8;112579
2017-06-12;295.0;298.0;292.1;295.8;146103
2017-06-09;295.3;297.5;293.0;296.1;141729
2017-06-08;297.4;298.3;293.9;295.2;109841
2017-06-07;297.3;300.0;295.8;296.4;147290
2017-06-06;;296.7;296.7;296.7;0
2017-06-05;301.0;301.4;296.7;296.7;98358
2017-06-02;301.0;304.6;298.8;301.1;391944
2017-06-01;299.0;303.0;298.3;300.1;170619
2017-05-31;302.9;304.0;298.7;299.1;285901
2017-05-30;298.0;304.7;298.0;302.9;339402
2017-05-29;300.6;301.0;298.0;298.1;115758
2017-05-26;290.0;301.4;290.0;300.3;306512
2017-05-24;289.1;290.9;288.4;289.5;159313
2017-05-23;290.0;294.2;288.8;289.1;280410
2017-05-22;287.5;289.0;287.1;288.7;184763
2017-05-19;283.9;288.0;282.1;288.0;270743
2017-05-18;281.8;284.6;278.8;282.1;375988
2017-05-17;276.8;279.0;275.0;278.5;184803
2017-05-16;277.0;277.9;273.3;277.0;328052
2017-05-15;279.0;281.4;275.8;276.7;238985
2017-05-12;279.7;279.8;279.8;279.8;214452
2017-05-11;283.5;284.3;277.9;279.7;296695
2017-05-10;285.5;285.5;282.0;283.1;227981
2017-05-09;290.0;296.8;290.0;296.5;324586
2017-05-08;288.7;290.5;286.7;288.4;175980
2017-05-05;290.2;291.5;287.3;288.4;270755
2017-05-04;290.5;290.6;288.0;290.2;236153
2017-05-03;292.0;292.9;288.0;290.5;105120
2017-05-02;289.0;291.8;287.0;291.7;210233
2017-05-01;;289.0;289.0;289.0;0
2017-04-28;290.0;290.2;286.6;289.0;220896
2017-04-27;285.0;291.0;285.0;289.1;260307
2017-04-26;290.5;291.5;284.2;285.9;204498
2017-04-25;290.0;292.5;289.0;289.9;285518
2017-04-24;286.0;290.0;277.9;289.5;531724
2017-04-21;296.1;303.0;279.3;282.1;1171643
2017-04-20;306.0;308.6;303.6;305.4;159770
2017-04-19;306.0;307.2;304.5;306.4;126161
2017-04-18;306.8;307.9;304.4;306.5;372650
2017-04-13;304.0;306.8;302.1;306.8;46510
2017-04-12;304.2;306.8;303.0;304.3;108730
2017-04-11;300.0;304.8;300.0;304.2;148728
2017-04-10;303.9;303.9;301.9;303.0;111891
2017-04-07;298.5;304.0;296.0;303.9;190565
2017-04-06;300.0;300.1;298.0;298.8;113633
2017-04-05;298.2;300.5;297.4;300.0;145286
2017-04-04;299.6;299.6;296.8;297.6;309440
2017-04-03;301.0;303.3;298.2;299.2;292360
2017-03-31;295.7;302.6;295.6;299.8;356091
2017-03-30;310.0;310.0;293.8;295.7;702418
2017-03-29;309.0;313.2;308.4;313.2;135902
2017-03-28;308.6;309.0;306.8;308.4;111221
2017-03-27;306.2;308.6;302.4;308.6;138528
2017-03-24;304.0;306.6;300.8;306.3;116543
2017-03-23;300.4;304.1;299.1;304.1;125311
2017-03-22;303.4;303.4;297.2;300.2;131109
2017-03-21;303.8;304.3;300.1;303.6;196949
2017-03-20;307.0;307.0;301.5;302.3;140469
2017-03-17;303.0;307.1;303.0;307.1;153108
2017-03-16;305.0;305.3;302.1;303.0;78269
2017-03-15;303.0;305.3;301.6;303.7;162430
2017-03-14;300.0;302.8;297.7;301.6;156890
2017-03-13;301.8;303.0;297.8;299.8;133872
2017-03-10;298.8;301.8;301.8;301.8;163702
2017-03-09;297.1;298.7;295.8;296.8;159949
2017-03-08;296.3;297.6;294.1;297.4;113526
2017-03-07;294.5;296.7;293.1;295.4;114424
2017-03-06;292.5;296.0;291.9;293.7;105460
2017-03-03;295.8;293.0;293.0;293.0;404605
2017-03-02;296.0;297.5;295.0;295.8;141143
2017-03-01;294.2;297.8;293.4;296.7;143966
2017-02-28;294.0;294.9;290.3;292.4;186747
2017-02-27;295.2;296.0;291.0;293.9;109984
2017-02-24;298.0;298.0;293.6;295.4;190517
2017-02-23;296.7;298.4;295.0;296.8;137006
2017-02-22;296.8;299.7;294.4;296.6;151500
2017-02-21;296.8;299.0;294.6;296.2;182443
2017-02-20;292.0;297.1;289.6;296.5;344375
2017-02-17;290.2;292.1;288.6;290.9;220563
2017-02-16;288.0;290.5;287.0;289.4;208276
2017-02-15;290.0;290.0;285.3;287.2;157117
2017-02-14;288.0;290.7;286.4;288.4;208808
2017-02-13;287.8;289.3;286.4;287.6;107728
2017-02-10;284.0;288.2;283.0;287.8;242232
2017-02-09;281.7;285.6;279.5;284.2;140723
2017-02-08;285.2;285.2;280.3;281.2;177631
2017-02-07;284.0;286.7;282.6;285.2;158643
2017-02-06;290.6;290.6;283.5;284.0;271305
2017-02-03;292.5;294.2;290.5;291.6;320363
2017-02-02;285.7;294.8;282.3;293.0;814363
2017-02-01;270.3;275.1;266.8;274.4;267124
2017-01-31;272.5;274.6;268.9;269.8;141224
2017-01-30;275.1;275.5;271.8;272.5;131453
2017-01-27;277.0;277.0;272.2;273.4;140190
2017-01-26;274.4;276.8;271.5;276.2;143884
2017-01-25;269.0;275.0;268.9;272.8;741830
2017-01-24;267.5;268.4;265.3;267.5;183605
2017-01-23;268.0;268.0;266.1;267.5;159387
2017-01-20;268.1;269.1;266.9;267.9;196238
2017-01-19;271.1;271.8;266.0;268.0;169629
2017-01-18;268.2;270.3;267.2;270.3;107858
2017-01-17;268.0;268.9;264.6;268.9;374695
2017-01-16;268.5;268.7;266.0;268.0;96020
2017-01-13;265.3;269.4;264.1;268.7;195808
2017-01-12;263.4;264.6;260.5;263.8;184929
2017-01-11;267.8;267.8;259.5;263.4;501824
2017-01-10;272.8;275.2;270.9;274.2;108889
2017-01-09;275.4;275.4;272.0;272.2;146061
2017-01-06;;274.2;274.2;274.2;0
2017-01-05;274.5;275.4;272.7;274.2;75150
2017-01-04;273.5;274.8;272.2;272.5;135960
2017-01-03;275.5;277.0;273.4;273.7;130706
2017-01-02;270.5;275.6;270.5;274.6;79282
2016-12-30;271.0;272.4;268.6;270.0;135621
2016-12-29;269.0;271.0;268.2;270.0;91741
2016-12-28;272.0;273.6;268.1;269.3;94383
2016-12-27;267.5;272.9;267.5;272.4;67428
2016-12-23;268.2;269.5;267.0;267.5;70474
2016-12-22;268.5;269.8;267.3;268.2;139403
2016-12-21;272.1;273.1;268.6;268.6;175417
2016-12-20;272.1;275.2;271.7;272.2;185440
2016-12-19;272.0;272.7;270.7;271.6;221472
2016-12-16;274.9;277.8;270.4;271.6;337989
2016-12-15;269.6;277.3;268.1;274.9;398688
2016-12-14;269.9;274.3;267.1;269.4;374222
2016-12-13;260.1;270.0;260.0;269.2;496376
2016-12-12;258.7;258.7;251.5;253.0;208750
2016-12-09;244.5;258.9;244.4;258.2;398639
2016-12-08;243.9;246.1;243.2;245.9;138282
2016-12-07;240.5;243.3;239.3;242.6;114956
2016-12-06;237.5;240.8;236.0;240.4;127996
2016-12-05;238.0;240.6;236.7;237.9;81049
2016-12-02;241.8;241.8;237.2;238.5;165921
2016-12-01;243.7;244.1;240.8;241.8;134243
2016-11-30;239.6;244.8;239.6;243.7;439597
2016-11-29;236.0;240.3;234.4;239.6;245178
2016-11-28;235.0;235.1;232.9;235.1;155370
2016-11-25;234.7;236.3;233.0;235.8;79843
2016-11-24;235.8;235.8;232.8;235.0;78799
2016-11-23;234.7;236.8;231.6;235.7;189145
2016-11-22;237.1;238.3;231.7;234.5;235481
2016-11-21;246.5;246.8;235.5;236.1;291677
2016-11-18;245.8;246.3;244.0;245.7;188379
2016-11-17;244.4;245.9;242.6;245.0;87970
2016-11-16;246.0;246.4;244.4;245.1;148204
2016-11-15;245.0;248.3;244.4;245.4;187168
2016-11-14;243.9;245.9;242.6;244.0;271555
2016-11-11;245.0;248.8;241.2;241.9;286437
2016-11-10;234.0;239.3;234.0;236.5;262502
2016-11-09;230.0;236.0;227.8;233.1;169627
2016-11-08;236.6;238.7;236.2;237.7;96682
2016-11-07;238.1;239.7;236.9;237.6;129328
2016-11-04;238.9;239.2;238.2;238.2;46932
2016-11-03;239.2;241.0;237.9;239.4;121876
2016-11-02;240.0;240.1;238.0;239.5;212981
2016-11-01;243.2;243.7;238.7;240.7;161024
2016-10-31;243.6;245.2;241.8;243.2;227675
2016-10-28;245.1;246.2;243.0;243.6;153337
2016-10-27;245.0;248.1;243.4;246.3;135148
2016-10-26;247.8;248.6;244.0;244.7;193643
2016-10-25;247.3;251.2;245.8;247.7;152310
2016-10-24;248.1;252.6;247.0;247.1;332533
2016-10-21;248.9;251.4;243.4;246.6;498668
2016-10-20;235.0;250.1;233.1;247.3;1375836
2016-10-19;230.1;232.1;228.5;231.8;170164
2016-10-18;227.2;230.5;227.0;229.6;265280
2016-10-17;224.0;226.0;223.1;225.0;169146
2016-10-14;222.2;225.4;222.2;223.8;143375
2016-10-13;227.3;228.5;221.8;222.1;217612
2016-10-12;224.0;228.1;224.0;225.0;148851
2016-10-11;222.0;225.4;222.0;223.9;92195
2016-10-10;222.3;223.5;221.5;223.1;115844
2016-10-07;224.7;224.7;221.8;222.3;216948
2016-10-06;226.0;226.4;223.2;224.0;147044
2016-10-05;224.8;225.9;223.3;225.2;108189
2016-10-04;220.3;225.6;219.5;224.8;271663
2016-10-03;221.0;221.5;218.4;220.6;238908
2016-09-30;224.0;224.3;218.6;219.7;435798
2016-09-29;227.3;229.4;227.0;227.8;157762
2016-09-28;225.5;227.3;225.3;227.1;67408
2016-09-27;223.7;224.9;222.3;224.9;140722
2016-09-26;224.7;224.7;221.8;222.9;146694
2016-09-23;225.6;225.6;222.8;223.9;185191
2016-09-22;226.9;226.9;225.0;225.6;100259
2016-09-21;227.1;227.1;224.8;225.3;189679
2016-09-20;222.0;225.6;221.4;224.6;134141
2016-09-19;220.5;223.7;220.1;221.4;129683
2016-09-16;220.0;220.9;218.4;220.3;254583
2016-09-15;220.2;220.9;217.6;220.0;140521
2016-09-14;220.2;222.4;218.8;220.3;64739
2016-09-13;221.6;223.3;219.9;220.4;144973
2016-09-12;221.2;222.0;220.1;221.6;214000
2016-09-09;225.6;226.7;223.5;224.6;213578
2016-09-08;226.2;227.8;224.2;225.6;180414
2016-09-07;225.5;226.4;224.5;225.5;187490
2016-09-06;225.4;226.1;224.6;225.4;106261
2016-09-05;227.9;228.9;224.6;225.4;145821
2016-09-02;220.0;228.8;219.7;227.5;615648
2016-09-01;214.6;220.4;214.6;218.9;359347
2016-08-31;217.1;218.1;214.8;215.2;158892
2016-08-30;220.0;220.8;216.9;217.4;204446
2016-08-29;220.6;220.6;218.7;219.4;103795
2016-08-26;222.4;222.4;219.3;220.6;151279
2016-08-25;220.8;222.6;220.3;221.9;128548
2016-08-24;221.1;224.4;220.7;221.9;94402
2016-08-23;219.6;223.8;219.6;222.2;89163
2016-08-22;219.9;222.3;218.9;220.2;131270
2016-08-19;220.0;220.3;218.2;219.2;287380
2016-08-18;218.9;220.0;218.5;219.8;119357
2016-08-17;221.4;221.9;217.5;217.7;124912
2016-08-16;223.5;223.5;219.0;220.0;139310
2016-08-15;226.3;227.1;223.0;223.5;144401
2016-08-12;225.3;226.5;224.5;226.2;171068
2016-08-11;227.0;227.0;223.3;224.5;97086
2016-08-10;225.5;229.0;223.5;226.2;150105
2016-08-09;220.2;225.1;219.5;224.9;163231
2016-08-08;218.4;223.5;218.3;220.2;104982
2016-08-05;221.0;223.1;217.2;218.4;239099
2016-08-04;218.8;220.6;218.8;220.1;198307
2016-08-03;220.0;220.6;217.5;218.6;114322
2016-08-02;222.7;222.8;219.4;220.7;66615
2016-08-01;223.7;225.4;222.0;222.7;124963
2016-07-29;222.9;223.9;221.1;223.1;136128
2016-07-28;223.8;226.4;222.8;222.8;109569
2016-07-27;221.5;224.5;221.5;223.4;115996
2016-07-26;222.0;223.5;219.5;221.2;124488
2016-07-25;220.0;222.9;219.5;220.7;109385
2016-07-22;217.5;220.4;216.2;219.7;137926
2016-07-21;217.8;220.1;215.4;218.8;199491
2016-07-20;215.1;217.2;210.4;216.8;297860
2016-07-19;220.0;220.0;208.0;214.6;755048
2016-07-18;222.5;224.4;220.3;222.3;320597
2016-07-15;223.9;223.9;220.3;222.5;115181
2016-07-14;225.6;226.3;222.4;223.5;111353
2016-07-13;226.3;227.7;224.2;225.5;124945
2016-07-12;226.0;227.8;224.7;226.0;143617
2016-07-11;223.5;227.1;223.2;225.7;104056
2016-07-08;216.4;223.1;215.9;222.3;263890
2016-07-07;214.4;219.0;214.4;216.4;132166
2016-07-06;214.6;217.8;210.5;211.6;166055
2016-07-05;219.8;223.5;214.1;216.0;165607
2016-07-04;225.8;227.1;219.4;220.0;154061
2016-07-01;222.7;225.7;221.2;224.6;204005
2016-06-30;224.0;224.0;219.3;222.6;205333
2016-06-29;218.0;222.3;215.8;220.0;163609
2016-06-28;221.0;222.9;207.1;215.3;247563
2016-06-27;219.3;223.5;214.8;215.6;341433
2016-06-24;;234.3;234.3;234.3;0
2016-06-23;234.0;235.7;232.5;234.3;142701
2016-06-22;236.4;236.6;233.2;234.0;396271
2016-06-21;232.8;236.7;227.0;236.1;383141
2016-06-20;227.7;233.4;226.4;233.1;393283
2016-06-17;216.0;226.1;216.0;225.2;375186
2016-06-16;215.5;215.6;212.2;213.4;404072
2016-06-15;216.7;218.6;215.0;216.2;126026
2016-06-14;217.1;219.3;212.8;216.5;387711
2016-06-13;220.8;225.4;217.5;218.4;263852
2016-06-10;230.6;230.6;225.0;226.0;192697
2016-06-09;234.0;234.0;228.6;230.6;173092
2016-06-08;234.6;237.0;233.7;234.1;95291
2016-06-07;230.4;234.7;230.4;234.7;150682
2016-06-06;;230.6;230.6;230.6;0
2016-06-03;234.8;234.8;228.2;230.6;299441
2016-06-02;236.0;236.1;232.4;233.7;160837
2016-06-01;236.0;236.8;234.5;235.3;151243
2016-05-31;237.5;238.8;235.8;236.3;291818
2016-05-30;235.0;238.6;235.0;237.8;108017
2016-05-27;234.1;235.9;232.2;234.4;124919
2016-05-26;233.0;236.6;230.3;234.0;149751
2016-05-25;230.9;233.7;229.2;232.2;301568
2016-05-24;240.0;242.5;239.2;241.1;172833
2016-05-23;238.8;242.4;237.2;241.3;259130
2016-05-20;239.4;240.6;236.7;240.2;133314
2016-05-19;238.0;239.4;235.5;236.2;209913
2016-05-18;238.2;238.9;236.4;238.8;127129
2016-05-17;238.8;240.0;236.2;237.9;190757
2016-05-16;236.0;238.6;234.0;238.5;130893
2016-05-13;236.1;238.5;234.4;237.4;184173
2016-05-12;234.9;240.0;232.2;236.0;202425
2016-05-11;235.3;236.1;231.2;234.2;136990
2016-05-10;238.4;239.1;234.7;235.2;86527
2016-05-09;235.7;240.0;235.3;235.9;101219
2016-05-06;234.5;237.0;231.6;235.1;181378
2016-05-05;235.7;236.5;232.7;236.0;113364
2016-05-04;235.7;236.5;232.7;236.0;113364
2016-05-03;241.0;241.3;234.8;237.8;279650
2016-05-02;241.4;246.7;239.8;240.9;130876
2016-04-29;243.6;244.0;240.1;240.8;260898
2016-04-28;246.9;248.3;241.4;243.4;243564
2016-04-27;246.9;249.8;243.8;246.9;196084
2016-04-26;248.1;251.6;246.6;247.0;160741
2016-04-25;250.0;251.3;244.6;246.1;182001
2016-04-22;252.2;252.4;244.6;250.0;319636
2016-04-21;257.0;258.2;250.1;252.2;300355
2016-04-20;255.0;259.7;249.0;257.3;523002
2016-04-19;249.0;253.6;246.6;252.8;262921
2016-04-18;245.0;250.8;243.3;249.0;246380
2016-04-15;249.2;249.2;244.1;246.2;199205
2016-04-14;248.5;249.1;246.9;248.1;199244
2016-04-13;246.0;248.5;244.7;248.1;160586
2016-04-12;246.7;246.7;240.4;245.1;200829
2016-04-11;243.0;247.0;238.4;246.1;329588
2016-04-08;244.4;245.5;239.0;244.9;237159
2016-04-07;246.0;246.3;238.4;241.4;253318
2016-04-06;241.0;245.6;240.2;245.6;115285
2016-04-05;240.0;240.2;236.6;240.2;186447
2016-04-04;242.6;243.9;239.0;241.5;210382
2016-04-01;240.0;241.7;236.6;241.1;129743
2016-03-31;242.0;244.5;241.1;243.2;296180
2016-03-30;240.8;246.0;240.5;241.9;209073
2016-03-29;241.0;243.7;238.3;239.7;267015
2016-03-28;238.4;242.7;241.8;241.8;180584
2016-03-25;238.4;242.7;237.7;241.8;180584
2016-03-24;238.4;242.7;237.7;241.8;180584
2016-03-23;241.3;242.7;237.7;240.0;140790
2016-03-22;240.2;241.5;236.9;241.2;100291
2016-03-21;240.0;245.3;238.0;239.8;188000
2016-03-18;239.2;241.0;237.4;240.5;334222
2016-03-17;240.0;242.0;236.0;239.2;207766
2016-03-16;237.1;242.3;236.1;238.1;233354
2016-03-15;235.0;239.9;234.0;236.1;270479
2016-03-14;230.0;239.0;229.4;237.0;506381
2016-03-11;227.0;228.7;226.2;228.0;177394
2016-03-10;227.6;229.0;223.9;224.9;180395
2016-03-09;227.1;228.4;225.7;227.7;192550
2016-03-08;230.6;232.0;225.1;226.4;176456
2016-03-07;233.0;234.5;229.0;230.6;152673
2016-03-04;231.5;234.4;231.2;233.0;176392
2016-03-03;235.9;236.3;229.3;232.0;298499
2016-03-02;239.0;242.4;234.0;235.5;254754
2016-03-01;233.6;237.8;230.3;237.5;177052
2016-02-29;230.8;232.8;227.0;232.3;157106
2016-02-26;230.1;233.5;230.1;231.2;134020
2016-02-25;228.7;230.3;225.6;230.1;277582
2016-02-24;226.0;227.3;223.1;225.2;314879
2016-02-23;230.6;230.9;224.9;225.5;250318
2016-02-22;230.0;235.6;229.1;230.6;169213
2016-02-19;230.4;232.9;225.7;228.7;214903
2016-02-18;232.1;234.7;230.0;231.7;368635
2016-02-17;225.7;232.1;225.2;231.7;246913
2016-02-16;230.0;232.7;223.5;226.4;161936
2016-02-15;222.9;231.1;222.1;230.3;290539
2016-02-12;216.8;223.2;214.5;218.7;271178
2016-02-11;225.7;225.7;215.2;216.7;255911
2016-02-10;224.0;227.4;220.9;226.0;378093
2016-02-09;222.5;223.3;214.0;222.3;530973
2016-02-08;240.2;240.2;220.2;221.8;531522
2016-02-05;242.0;247.9;238.6;238.6;330136
2016-02-04;242.0;242.0;234.3;241.1;874832
2016-02-03;236.0;245.7;231.9;235.5;1092786
2016-02-02;226.6;228.7;222.8;227.2;286837
2016-02-01;226.5;227.9;224.6;226.6;189191
2016-01-29;225.8;227.4;224.1;226.5;281271
2016-01-28;224.0;227.2;222.6;223.8;194098
2016-01-27;225.6;226.4;221.5;225.1;264139
2016-01-26;223.2;225.5;221.3;225.3;242580
2016-01-25;232.3;234.1;224.2;225.4;236655
2016-01-22;222.0;231.8;222.0;230.8;547589
2016-01-21;211.0;218.7;209.1;217.7;373160
2016-01-20;210.6;211.7;206.4;207.1;263239
2016-01-19;215.6;216.2;206.8;212.8;480910
2016-01-18;216.8;220.6;216.5;217.1;276460
2016-01-15;221.7;223.3;213.8;216.1;340807
2016-01-14;220.0;222.6;217.5;221.4;321755
2016-01-13;225.3;227.1;220.9;222.2;312520
2016-01-12;216.1;228.5;215.0;224.3;480009
2016-01-11;214.0;217.9;210.7;215.0;273030
2016-01-08;216.0;219.6;212.5;213.4;166769
2016-01-07;221.0;221.0;213.1;216.2;309597
2016-01-06;;224.0;224.0;224.0;0
2016-01-05;223.8;224.0;219.6;224.0;261328
2016-01-04;214.5;223.8;212.1;219.8;426097
2016-01-01;;216.7;216.7;216.7;0
2015-12-31;;216.7;216.7;216.7;0
2015-12-30;220.5;221.0;213.8;216.7;1638182
2015-12-29;220.3;223.5;219.9;221.4;502557
2015-12-28;227.6;227.6;219.9;219.9;349711
2015-12-25;224.4;229.0;224.4;228.2;193888
2015-12-24;224.4;229.0;224.4;228.2;193888
2015-12-23;224.4;229.0;224.4;228.2;193888
2015-12-22;228.7;229.3;220.4;223.3;271536
2015-12-21;234.0;236.1;228.1;228.3;308763
2015-12-18;236.0;236.7;231.5;234.3;180932
2015-12-17;237.7;240.5;236.3;237.1;213376
2015-12-16;231.0;234.9;228.6;234.2;506127
2015-12-15;230.0;232.5;228.2;231.0;349167
2015-12-14;231.1;232.4;225.9;227.8;303698
2015-12-11;235.7;236.6;229.1;230.5;376858
2015-12-10;236.2;237.2;234.4;235.5;135083
2015-12-09;238.1;238.7;233.6;236.5;218475
2015-12-08;244.0;244.3;236.7;237.7;333805
2015-12-07;248.4;249.0;242.7;244.0;319390
2015-12-04;246.1;247.7;243.9;246.1;494262
2015-12-03;254.0;256.1;246.2;248.6;598114
2015-12-02;255.5;258.0;253.7;256.0;263658
2015-12-01;257.5;259.7;253.7;255.4;270787
2015-11-30;249.3;258.2;249.0;257.4;507195
2015-11-27;248.5;249.3;246.9;249.0;110174
2015-11-26;246.0;250.0;245.3;248.7;173178
2015-11-25;243.5;246.3;241.5;245.9;170608
2015-11-24;244.0;245.0;238.6;242.5;166904
2015-11-23;243.0;244.7;240.6;243.5;112318
2015-11-20;242.5;244.9;242.0;243.7;136005
2015-11-19;244.3;244.7;240.9;242.1;225301
2015-11-18;239.8;243.3;239.8;242.8;243435
2015-11-17;235.0;241.8;234.6;241.5;240058
2015-11-16;231.4;234.8;230.3;232.5;140692
2015-11-13;238.1;238.7;232.3;234.0;123841
2015-11-12;240.0;242.5;237.1;238.2;133917
2015-11-11;241.0;243.5;239.2;239.8;115591
2015-11-10;241.4;241.8;237.0;240.7;184599
2015-11-09;246.0;247.4;240.9;241.3;233510
2015-11-06;247.3;249.1;245.3;246.1;205024
2015-11-05;249.4;249.9;246.0;247.2;218331
2015-11-04;250.0;251.8;248.7;249.3;238101
2015-11-03;247.4;250.0;246.5;249.7;251395
2015-11-02;242.1;246.8;241.8;246.5;197335
2015-10-30;244.4;244.4;241.2;242.7;77666
2015-10-29;244.1;245.0;240.6;244.6;310800
2015-10-28;244.4;246.6;241.5;243.5;185334
2015-10-27;248.4;248.4;241.2;243.7;615042
2015-10-26;259.0;264.0;246.9;248.4;527359
2015-10-23;245.5;260.0;245.5;258.9;558077
2015-10-22;244.5;250.9;242.0;245.6;907842
2015-10-21;238.8;239.9;236.3;237.4;357509
2015-10-20;233.7;239.8;232.6;238.7;287802
2015-10-19;231.5;233.6;230.8;232.8;227735
2015-10-16;233.0;235.5;230.7;231.5;215921
2015-10-15;235.6;236.4;228.4;231.4;253065
2015-10-14;231.5;236.2;230.5;234.6;423037
2015-10-13;232.5;233.6;229.8;231.6;330599
2015-10-12;230.5;234.5;229.9;231.9;274256
2015-10-09;231.4;232.0;228.1;230.5;229512
2015-10-08;225.6;228.9;224.7;228.4;164736
2015-10-07;228.8;229.5;225.6;225.6;236119
2015-10-06;224.0;228.7;220.6;227.5;372178
2015-10-05;218.6;224.2;217.5;223.3;484717
2015-10-02;213.8;215.1;210.9;215.0;260006
2015-10-01;217.0;217.9;211.1;211.6;182333
2015-09-30;218.9;218.9;215.1;215.1;366541
2015-09-29;210.6;217.6;209.1;214.5;264934
2015-09-28;217.6;218.0;212.1;212.7;234045
2015-09-25;204.9;221.1;204.8;217.6;713664
2015-09-24;205.2;206.1;198.0;198.7;347444
2015-09-23;205.7;207.7;204.8;205.5;229793
2015-09-22;212.5;213.8;205.8;206.0;391338
2015-09-21;211.5;214.8;211.3;212.8;209950
2015-09-18;217.6;217.7;211.9;212.4;596206
2015-09-17;218.3;218.9;217.0;218.6;227374
2015-09-16;217.3;218.6;216.2;217.5;468644
2015-09-15;212.7;215.9;210.5;215.3;312679
2015-09-14;219.9;221.2;211.7;212.9;422906
2015-09-11;221.0;221.7;218.7;219.6;252479
2015-09-10;222.0;223.1;219.4;220.6;337326
2015-09-09;228.9;229.4;224.7;225.1;432102
2015-09-08;228.3;228.6;224.5;225.3;251410
2015-09-07;229.9;229.9;225.0;227.1;208300
2015-09-04;232.4;234.4;227.9;228.0;270812
2015-09-03;232.9;236.0;228.5;234.7;516944
2015-09-02;229.2;231.6;227.5;230.5;421862
2015-09-01;227.5;231.7;224.7;225.4;450774
2015-08-31;230.5;230.5;226.5;229.7;262070
2015-08-28;228.3;231.8;227.1;231.4;344710
2015-08-27;221.8;228.3;221.2;227.5;439692
2015-08-26;216.3;218.6;212.8;218.4;478276
2015-08-25;209.9;221.0;209.6;217.9;787082
2015-08-24;208.2;221.8;206.0;206.1;1157843
2015-08-21;219.8;221.6;214.6;215.0;420332
2015-08-20;223.3;226.3;221.6;222.1;241044
2015-08-19;227.1;228.3;224.2;224.4;243503
2015-08-18;229.4;230.3;226.7;229.5;273290
2015-08-17;230.4;232.5;227.8;229.5;326403
2015-08-14;232.3;232.6;229.0;229.5;304733
2015-08-13;233.5;235.8;230.9;231.7;254299
2015-08-12;231.1;232.7;228.8;230.5;299131
2015-08-11;239.2;239.5;233.2;233.5;330959
2015-08-10;240.9;242.0;239.2;240.0;296157
2015-08-07;249.9;249.9;239.7;240.0;363939
2015-08-06;254.1;254.1;250.1;250.1;190340
2015-08-05;250.5;255.5;249.6;254.1;384738
2015-08-04;249.9;252.0;247.8;249.3;302502
2015-08-03;245.1;251.8;244.8;249.5;190988
2015-07-31;246.2;246.6;243.2;244.8;148034
2015-07-30;247.0;248.3;244.0;245.2;175210
2015-07-29;244.1;245.7;241.5;245.2;246349
2015-07-28;241.9;243.9;237.8;242.2;311151
2015-07-27;250.0;250.0;240.2;240.5;257347
2015-07-24;253.5;253.6;250.3;250.9;249517
2015-07-23;258.0;258.0;253.6;254.0;226238
2015-07-22;259.1;259.2;254.7;255.9;342248
2015-07-21;254.7;262.9;254.0;257.9;757776
2015-07-20;247.0;248.0;241.2;243.6;307911
2015-07-17;246.9;247.1;239.8;240.7;284497
2015-07-16;242.5;245.6;242.1;245.5;177854
2015-07-15;242.7;244.7;240.8;241.4;168565
2015-07-14;241.3;242.7;239.9;242.1;233506
2015-07-13;242.7;243.6;239.4;241.1;271545
2015-07-10;236.8;242.0;235.0;240.9;441038
2015-07-09;228.6;233.2;227.9;232.0;236043
2015-07-08;229.3;231.2;223.8;228.3;357959
2015-07-07;234.5;235.4;227.4;228.3;334857
2015-07-06;223.3;237.3;222.1;233.5;564604
2015-07-03;229.0;229.2;226.6;227.8;139665
2015-07-02;232.4;232.6;228.8;229.1;216714
2015-07-01;223.4;233.6;223.4;232.4;571699
2015-06-30;223.6;223.6;219.1;222.4;401599
2015-06-29;225.4;226.5;222.2;224.9;357159
2015-06-26;234.5;234.5;230.5;232.6;200438
2015-06-25;233.4;234.3;232.1;233.5;217211
2015-06-24;238.7;239.1;233.3;234.5;286771
2015-06-23;236.5;239.8;236.3;237.9;244233
2015-06-22;236.0;236.4;232.4;235.2;269020
2015-06-19;;231.8;231.8;231.8;0
2015-06-18;231.6;235.7;229.0;231.8;597066
2015-06-17;235.2;235.9;227.7;232.1;520934
2015-06-16;229.7;235.2;227.9;234.9;336130
2015-06-15;235.4;235.8;226.1;230.6;628575
2015-06-12;249.9;249.9;235.7;236.9;707990
2015-06-11;255.0;255.0;248.5;249.9;316730
2015-06-10;250.2;255.5;249.5;255.2;298912
2015-06-09;251.7;251.7;245.7;250.7;393471
2015-06-08;256.3;257.2;251.2;251.8;246181
2015-06-05;261.0;261.0;254.8;257.0;271975
2015-06-04;270.0;270.8;261.0;261.4;340164
2015-06-03;271.0;271.6;268.7;270.9;214454
2015-06-02;272.6;273.3;268.3;270.5;287322
2015-06-01;271.2;272.4;269.0;271.7;204611
2015-05-29;274.2;274.8;269.6;270.1;270534
2015-05-28;277.4;277.7;272.5;274.2;202872
2015-05-27;275.4;278.3;274.0;278.3;225966
2015-05-26;276.0;277.0;274.1;274.4;328571
2015-05-25;265.4;276.8;263.0;276.5;147548
2015-05-22;279.0;279.0;276.2;278.3;153605
2015-05-21;278.1;280.0;274.9;279.0;274931
2015-05-20;279.0;279.0;274.5;278.2;441258
2015-05-19;283.9;287.8;282.6;287.8;315216
2015-05-18;282.0;284.5;280.1;283.0;284278
2015-05-15;277.1;282.7;277.0;282.0;392228
2015-05-14;275.0;277.4;274.7;277.4;105406
2015-05-13;275.0;277.4;274.7;277.4;105406
2015-05-12;273.0;276.1;271.7;275.2;231111
2015-05-11;276.1;277.8;274.2;275.4;176168
2015-05-08;272.9;276.7;271.1;276.1;246248
2015-05-07;268.8;272.5;265.8;271.6;380483
2015-05-06;270.5;272.3;268.9;270.4;400500
2015-05-05;276.3;277.9;270.5;270.5;250478
2015-05-04;275.9;277.2;272.1;276.3;317197
2015-05-01;275.9;277.6;272.0;277.5;166059
2015-04-30;275.9;277.6;272.0;277.5;166059
2015-04-29;276.1;278.9;274.9;276.3;352118
2015-04-28;278.5;278.5;274.5;274.8;293175
2015-04-27;277.1;278.4;272.6;277.1;339753
2015-04-24;280.0;280.5;274.1;277.0;337555
2015-04-23;273.0;279.9;270.5;278.9;379416
2015-04-22;287.7;287.7;270.2;272.1;851073
2015-04-21;287.9;291.1;284.2;289.2;340853
2015-04-20;284.6;288.0;284.1;287.7;427594
2015-04-17;288.9;289.5;282.4;284.2;324002
2015-04-16;291.1;293.3;288.6;289.0;304624
2015-04-15;287.0;291.8;286.4;290.3;251842
2015-04-14;287.3;289.3;284.3;286.3;275788
2015-04-13;280.0;288.3;278.6;287.3;481408
2015-04-10;272.8;278.6;272.5;278.5;264368
2015-04-09;270.7;272.9;270.3;272.5;341744
2015-04-08;267.0;271.4;267.0;270.2;370983
2015-04-07;266.9;269.5;266.5;267.8;271870
2015-04-02;261.0;267.0;260.8;265.4;398854
2015-04-01;263.1;264.1;260.5;260.9;214330
2015-03-31;266.0;266.9;262.5;264.4;212957
2015-03-30;263.7;266.1;262.3;266.1;173349
2015-03-27;263.0;266.0;262.1;262.8;448539
2015-03-26;259.9;261.7;257.1;261.7;459126
2015-03-25;260.3;262.5;259.3;261.2;288216
2015-03-24;260.0;260.9;257.9;260.3;244477
2015-03-23;259.4;261.0;257.0;260.5;377882
2015-03-20;257.5;260.0;257.1;260.0;1121526
2015-03-19;255.9;258.9;255.8;257.0;338947
2015-03-18;250.2;257.3;250.1;255.4;364678
2015-03-17;260.0;260.0;248.4;249.9;478864
2015-03-16;260.0;260.3;257.8;259.8;258782
2015-03-13;256.6;260.2;256.6;258.9;217863
2015-03-12;258.4;259.3;255.2;256.1;321078
2015-03-11;258.4;261.5;255.7;258.1;348674
2015-03-10;265.1;265.7;256.9;258.1;342763
2015-03-09;268.9;268.9;262.5;265.1;346977
2015-03-06;261.1;272.6;261.1;269.0;967778
2015-03-05;254.1;267.4;253.9;259.8;665890
2015-03-04;255.0;256.8;250.3;253.7;635100
2015-03-03;258.5;268.6;254.0;254.0;750796
2015-03-02;259.2;259.8;256.2;257.4;169655
2015-02-27;258.3;260.5;257.1;258.1;284388
2015-02-26;260.0;262.2;258.1;258.5;299936
2015-02-25;260.8;261.5;258.3;259.9;243753
2015-02-24;262.2;262.5;255.3;261.0;318521
2015-02-23;266.0;266.7;260.0;261.9;450241
2015-02-20;262.4;272.3;261.9;263.6;688306
2015-02-19;256.8;257.5;253.6;255.9;301895
2015-02-18;250.8;258.7;250.8;257.1;384357
2015-02-17;252.0;252.9;249.5;250.3;376185
2015-02-16;250.7;253.0;248.3;251.3;272644
2015-02-13;245.9;251.5;245.1;250.7;473379
2015-02-12;235.8;246.8;235.5;245.3;800766
2015-02-11;232.9;237.4;232.0;235.5;524284
2015-02-10;230.3;232.6;228.3;232.6;503945
2015-02-09;223.6;229.4;221.4;229.1;559330
2015-02-06;221.9;226.5;220.4;224.6;452951
2015-02-05;224.4;225.2;217.7;223.4;681357
2015-02-04;246.4;249.0;222.8;224.0;1146834
2015-02-03;234.2;240.3;233.4;240.3;349536
2015-02-02;234.8;237.2;230.8;231.7;360928
2015-01-30;238.5;239.6;233.5;234.4;386631
2015-01-29;236.6;238.1;234.0;238.0;249043
2015-01-28;236.1;237.5;234.4;236.1;341511
2015-01-27;240.4;240.7;233.6;235.0;287423
2015-01-26;240.4;240.6;236.4;240.3;319588
2015-01-23;240.7;241.5;238.3;240.3;336833
2015-01-22;241.0;242.0;238.4;240.7;341150
2015-01-21;240.2;240.9;238.1;240.8;397244
2015-01-20;236.5;240.9;235.4;238.4;417427
2015-01-19;231.2;235.0;230.4;234.4;351526
2015-01-16;228.8;231.7;227.2;231.0;275096
2015-01-15;229.7;231.7;223.9;229.4;330408
2015-01-14;232.4;233.5;227.8;227.9;552716
2015-01-13;234.5;237.0;232.0;233.8;473775
2015-01-12;235.9;237.9;232.6;235.2;349398
2015-01-09;234.9;237.2;232.3;233.6;311236
2015-01-08;235.2;237.0;233.6;236.4;307441
2015-01-07;236.5;238.0;232.7;232.7;243810
2015-01-06;;240.0;240.0;240.0;0
2015-01-05;244.0;245.6;239.2;240.0;115441
2015-01-02;250.0;250.0;243.4;244.2;126678
2015-01-01;250.4;250.4;245.8;248.8;160384
2014-12-30;250.4;250.4;245.8;248.8;160384
2014-12-29;246.9;250.5;246.2;250.3;137023
2014-12-23;246.2;247.5;244.9;247.0;236544
2014-12-22;244.0;252.1;243.1;246.2;271641
2014-12-19;241.2;243.3;240.0;243.0;293115
2014-12-18;238.6;240.9;236.6;240.3;448269
2014-12-17;234.4;238.2;231.0;236.3;345857
2014-12-16;243.9;244.1;227.7;235.2;648603
2014-12-15;240.9;246.9;240.9;242.2;293621
2014-12-12;244.7;245.0;240.0;242.4;261143
2014-12-11;247.2;248.6;243.9;245.2;316030
2014-12-10;245.4;250.8;245.4;248.7;293680
2014-12-09;249.8;249.8;243.2;244.0;354920
2014-12-08;252.6;252.8;249.8;251.4;214152
2014-12-05;253.6;253.6;249.6;253.0;220257
2014-12-04;254.5;255.6;250.0;250.1;295995
2014-12-03;241.6;255.6;241.6;253.9;1065904
2014-12-02;235.3;240.0;235.3;238.5;474506
2014-12-01;237.1;237.1;230.9;235.3;333799
2014-11-28;244.0;244.2;234.8;237.4;251221
2014-11-27;242.3;243.6;240.4;242.8;148326
2014-11-26;242.3;244.1;239.7;241.0;240695
2014-11-25;239.0;241.6;237.6;241.4;303441
2014-11-24;236.1;238.3;235.4;238.2;213578
2014-11-21;230.7;235.8;230.6;235.8;299574
2014-11-20;230.0;230.9;228.2;230.3;179845
2014-11-19;232.9;232.9;229.0;230.2;169224
2014-11-18;229.9;234.4;228.8;232.1;324079
2014-11-17;224.8;230.2;223.5;229.6;236202
2014-11-14;224.6;226.0;222.6;225.6;141671
2014-11-13;227.9;227.9;223.3;224.2;220872
2014-11-12;228.2;228.9;224.8;225.1;171308
2014-11-11;229.6;229.6;226.6;228.0;149884
2014-11-10;227.0;229.8;226.2;228.2;195568
2014-11-07;230.0;230.7;225.7;227.1;272724
2014-11-06;225.4;230.6;225.3;229.0;276932
2014-11-05;226.0;226.5;223.8;225.4;170101
2014-11-04;223.6;227.0;223.2;224.1;224533
2014-11-03;228.5;228.5;224.7;225.1;269508
2014-10-31;229.6;229.6;223.4;227.9;291379
2014-10-30;224.8;229.1;222.1;226.9;410010
2014-10-29;224.0;226.0;221.7;224.7;230568
2014-10-28;217.5;222.9;217.5;222.7;325666
2014-10-24;231.0;231.0;219.1;222.5;566755
2014-10-23;234.1;239.0;229.2;230.8;616290
2014-10-22;224.3;225.2;220.5;223.0;470323
2014-10-21;216.0;223.5;213.8;223.2;908215
2014-10-20;210.0;210.4;206.5;209.7;361440
2014-10-17;206.2;210.5;205.3;210.4;537619
2014-10-16;204.9;208.8;199.7;206.5;683520
2014-10-15;210.6;212.3;202.9;204.0;504449
2014-10-14;208.6;212.0;207.6;210.2;408785
2014-10-13;210.5;214.3;209.4;209.9;322417
2014-10-10;213.8;214.7;211.8;212.0;657939
2014-10-09;219.3;221.1;212.9;213.8;267006
2014-10-08;216.4;218.6;212.1;216.6;354308
2014-10-07;224.5;227.4;217.4;217.4;324128
2014-10-06;224.8;227.2;224.3;224.6;204113
2014-10-03;222.1;225.4;222.1;224.1;219185
2014-10-02;224.7;227.9;220.0;220.3;385012
2014-10-01;226.7;231.7;223.5;225.2;638247
2014-09-30;223.9;229.9;212.4;228.6;1477910
2014-09-29;230.0;232.0;226.1;228.8;462675
2014-09-26;232.5;232.5;227.0;231.2;287136
2014-09-25;235.5;238.3;231.9;232.5;448702
2014-09-24;243.1;244.8;235.1;235.8;704418
2014-09-23;245.5;245.8;240.4;243.1;837306
2014-09-22;241.9;249.5;241.9;245.9;492286
2014-09-19;262.1;263.4;238.4;244.0;1743324
2014-09-18;256.2;260.3;255.6;260.3;367456
2014-09-17;251.0;255.4;250.4;255.2;373153
2014-09-16;251.3;251.6;248.2;249.9;385217
2014-09-15;255.5;256.0;250.8;251.9;392301
2014-09-12;258.2;258.2;255.1;255.9;140591
2014-09-11;259.8;259.8;254.8;256.6;257106
2014-09-10;260.9;262.0;256.2;258.2;313694
2014-09-09;267.3;267.5;262.0;262.4;215679
2014-09-08;270.4;270.8;265.2;267.1;252618
2014-09-05;274.0;274.1;268.6;269.8;296847
2014-09-04;274.5;274.7;269.3;273.3;255061
2014-09-03;264.1;273.7;263.5;272.1;404119
2014-09-02;262.0;262.8;260.1;262.0;168688
2014-09-01;262.3;265.0;261.0;262.3;160440
2014-08-29;264.3;266.2;262.2;263.4;282963
2014-08-28;263.0;264.6;262.4;263.9;315410
2014-08-27;264.5;264.6;262.6;263.2;204710
2014-08-26;263.8;264.9;262.5;264.4;278072
2014-08-25;267.0;267.0;261.3;264.0;166821
2014-08-22;265.9;267.1;264.3;265.2;151965
2014-08-21;265.0;267.8;265.0;266.4;264937
2014-08-20;267.8;268.0;264.1;265.0;249951
2014-08-19;265.0;267.8;264.6;267.1;223006
2014-08-18;263.4;264.9;262.5;264.3;153390
2014-08-15;263.8;265.4;261.2;261.6;160987
2014-08-14;263.2;264.5;261.8;263.4;168251
2014-08-13;264.0;264.8;261.9;264.0;160280
2014-08-12;268.0;268.9;262.3;262.8;181095
2014-08-11;263.5;267.9;263.5;267.9;197945
2014-08-08;258.7;263.5;255.3;262.2;326925
2014-08-07;264.9;266.2;261.6;262.0;241105
2014-08-06;262.9;267.6;262.8;266.0;405398
2014-08-05;267.5;267.5;262.2;265.2;175468
2014-08-04;268.6;268.6;265.1;265.7;156926
2014-08-01;269.8;270.3;264.2;265.9;235624
2014-07-31;273.4;274.0;267.9;269.6;252074
2014-07-30;277.8;277.8;274.1;274.5;195028
2014-07-29;278.6;279.7;275.8;277.1;188538
2014-07-28;282.2;283.0;276.5;278.7;193202
2014-07-25;283.9;285.2;281.0;281.8;107297
2014-07-24;285.9;287.6;283.8;285.4;121914
2014-07-23;282.1;287.9;282.1;287.2;259391
2014-07-22;282.9;284.5;281.7;283.4;187704
2014-07-21;282.9;283.9;281.2;282.5;200775
2014-07-18;286.0;286.2;280.8;282.7;367196
2014-07-17;275.0;295.0;273.8;285.9;977053
2014-07-16;272.1;275.8;272.1;274.5;283884
2014-07-15;273.4;275.4;270.1;272.1;283759
2014-07-14;275.7;278.9;274.4;278.0;235005
2014-07-11;276.0;277.4;271.2;273.5;221849
2014-07-10;282.0;282.5;275.5;276.0;159938
2014-07-09;282.1;282.8;278.6;281.6;205516
2014-07-08;288.9;288.9;281.5;281.5;250748
2014-07-07;290.0;290.4;288.3;288.9;218552
2014-07-04;290.7;295.7;290.7;291.3;201897
2014-07-03;287.4;291.2;287.4;290.5;222956
2014-07-02;288.0;289.5;285.1;286.6;154464
2014-07-01;287.3;288.3;285.6;287.5;270310
2014-06-30;289.0;291.0;286.7;287.2;145543
2014-06-27;287.6;289.1;286.5;288.7;125888
2014-06-26;291.5;291.9;285.0;287.3;224254
2014-06-25;292.6;292.9;288.7;291.3;176591
2014-06-24;292.9;296.1;291.5;293.6;183239
2014-06-23;291.2;292.4;287.4;292.0;132243
2014-06-20;;291.5;291.5;291.5;0
2014-06-19;295.0;296.0;291.0;291.5;325126
2014-06-18;288.1;293.1;288.0;292.2;324752
2014-06-17;289.6;292.1;287.4;288.5;190075
2014-06-16;290.3;290.4;286.4;289.1;238392
2014-06-13;294.0;294.0;287.7;291.0;244699
2014-06-12;294.5;296.3;290.2;293.3;366718
2014-06-11;299.2;299.2;292.2;294.5;395052
2014-06-10;298.8;302.3;298.8;299.9;205352
2014-06-09;298.0;299.9;297.5;298.8;359498
2014-06-06;;299.5;299.5;299.5;0
2014-06-05;304.6;305.0;299.4;299.5;454796
2014-06-04;310.5;310.5;304.1;304.5;209632
2014-06-03;311.5;313.4;308.2;310.9;305148
2014-06-02;313.2;314.0;310.1;311.6;246841
2014-05-30;311.5;314.4;307.2;314.4;297057
2014-05-28;311.4;312.1;309.9;311.5;81659
2014-05-27;311.9;312.8;309.2;311.1;233447
2014-05-26;314.0;315.0;311.7;311.8;119902
2014-05-23;307.4;312.0;306.7;311.7;214439
2014-05-22;307.8;315.0;307.5;309.3;475249
2014-05-21;301.1;307.1;300.3;306.3;426987
2014-05-20;295.4;303.6;294.6;301.9;300778
2014-05-19;292.9;296.2;291.1;294.9;287923
2014-05-16;294.1;294.9;288.6;291.7;157772
2014-05-15;293.0;295.7;291.1;292.9;261760
2014-05-14;297.8;297.8;292.5;293.2;250984
2014-05-13;306.3;308.0;302.7;306.2;193587
2014-05-12;299.6;306.9;298.7;305.8;332560
2014-05-09;293.5;300.6;293.3;299.2;442667
2014-05-08;287.9;292.3;286.8;292.3;234310
2014-05-07;285.0;288.6;283.2;285.5;252844
2014-05-06;287.1;290.6;285.0;285.6;328043
2014-05-05;291.4;291.7;282.8;286.9;245952
2014-05-02;289.4;291.7;289.2;291.1;250107
2014-05-01;;288.7;288.7;288.7;0
2014-04-30;286.8;291.6;285.9;288.7;124645
2014-04-29;288.8;290.5;283.3;286.9;599533
2014-04-28;291.8;293.2;286.5;287.1;300497
2014-04-25;301.4;302.0;288.7;292.0;394659
2014-04-24;296.0;301.0;294.5;301.0;298319
2014-04-23;299.7;300.7;295.6;295.6;292258
2014-04-22;298.6;300.9;297.5;299.3;162148
2014-04-17;295.1;298.0;294.8;296.0;78832
2014-04-16;291.0;295.8;290.1;295.7;249880
2014-04-15;293.0;293.6;286.5;289.0;275055
2014-04-14;294.8;295.7;287.7;291.3;239026
2014-04-11;300.9;300.9;293.4;295.9;280183
2014-04-10;305.3;307.0;302.9;304.4;174703
2014-04-09;299.9;305.7;299.7;304.9;125770
2014-04-08;302.8;304.0;295.3;298.8;245165
2014-04-07;306.6;306.7;302.0;302.8;198045
2014-04-04;306.9;310.7;306.9;308.3;174972
2014-04-03;309.7;309.7;304.2;307.7;350241
2014-04-02;312.1;313.1;306.6;310.8;240624
2014-04-01;302.4;308.6;301.9;307.5;239278
2014-03-31;297.2;303.9;295.7;302.2;284074
2014-03-28;294.3;296.8;293.5;295.2;141396
2014-03-27;293.3;294.0;291.0;293.2;131231
2014-03-26;290.0;294.3;289.4;292.2;281471
2014-03-25;286.3;289.5;284.8;289.2;144056
2014-03-24;291.3;291.5;286.0;286.1;157795
2014-03-21;292.6;294.0;290.7;291.5;213164
2014-03-20;292.3;292.4;289.5;291.3;260358
2014-03-19;292.2;294.8;290.9;293.3;251808
2014-03-18;293.8;293.8;290.5;290.9;444787
2014-03-17;287.4;293.4;286.8;293.1;143614
2014-03-14;283.3;288.8;281.8;286.8;206382
2014-03-13;293.7;295.5;286.1;286.1;369607
2014-03-12;299.4;301.2;292.0;293.5;240752
2014-03-11;303.0;303.0;298.1;300.6;373554
2014-03-10;300.1;304.5;299.6;302.0;315672
2014-03-07;306.4;306.4;299.4;300.8;252386
2014-03-06;296.1;308.0;295.8;306.1;508997
2014-03-05;296.6;297.4;288.3;295.9;475819
2014-03-04;291.0;297.2;290.9;297.1;375526
2014-03-03;298.8;299.7;283.8;287.8;553354
2014-02-28;304.0;305.9;303.4;305.2;168660
2014-02-27;307.1;307.8;302.7;304.5;263970
2014-02-26;311.0;312.0;306.8;308.0;207460
2014-02-25;311.9;312.1;309.1;310.7;217129
2014-02-24;312.0;312.9;308.9;312.1;280099
2014-02-21;311.7;314.5;311.4;312.7;127097
2014-02-20;309.2;311.6;308.2;311.3;206830
2014-02-19;312.9;314.6;310.7;312.3;271011
2014-02-18;316.0;316.1;311.9;313.3;260765
2014-02-17;316.6;317.2;313.8;315.8;173281
2014-02-14;318.0;318.1;314.4;315.3;201766
2014-02-13;322.0;322.8;311.6;316.8;487697
2014-02-12;318.6;331.5;308.2;324.0;715106
2014-02-11;310.0;316.6;310.0;316.3;522217
2014-02-10;296.8;309.4;296.8;308.7;330181
2014-02-07;293.7;297.0;291.9;296.5;169346
2014-02-06;292.4;296.3;290.6;293.1;293020
2014-02-05;289.9;293.1;288.1;291.5;206704
2014-02-04;290.2;291.0;288.3;289.9;221892
2014-02-03;295.2;297.7;291.6;292.0;259948
2014-01-31;294.7;299.0;291.4;295.8;454216
2014-01-30;299.8;301.3;294.5;295.0;362960
2014-01-29;303.3;307.1;297.7;301.6;278395
2014-01-28;302.4;304.3;296.5;302.3;181152
2014-01-27;303.7;304.8;297.5;301.4;244567
2014-01-24;308.2;310.0;303.9;304.5;241586
2014-01-23;319.0;319.0;307.6;308.3;305644
2014-01-22;322.2;324.5;319.2;320.0;163070
2014-01-21;322.3;325.9;321.6;322.6;224483
2014-01-20;325.9;325.9;320.5;322.9;153629
2014-01-17;317.5;326.2;317.1;325.9;349078
2014-01-16;318.0;318.7;313.6;318.1;258197
2014-01-15;317.0;319.5;314.2;318.2;406129
2014-01-14;316.5;318.8;313.0;315.0;323465
2014-01-13;322.4;323.0;316.5;318.2;331709
2014-01-10;327.6;327.6;321.1;323.2;239040
2014-01-09;331.5;331.5;324.4;325.0;155591
2014-01-08;334.4;335.0;329.7;330.4;126559
2014-01-07;330.7;337.9;329.5;333.1;219774
2014-01-06;;329.3;329.3;329.3;0
2014-01-03;328.8;331.1;326.9;329.3;116797
2014-01-02;333.3;335.4;328.1;328.5;168008
2013-12-31;;333.2;333.2;333.2;0
2013-12-30;333.3;335.0;332.0;333.2;168576
2013-12-27;332.0;333.4;329.3;332.7;176608
2013-12-23;325.1;329.5;325.0;329.1;106210
2013-12-20;323.8;327.2;321.0;325.0;199297
2013-12-19;315.1;324.2;315.1;324.2;224392
2013-12-18;307.1;314.6;307.1;312.7;260172
2013-12-17;312.3;313.4;309.1;309.4;158298
2013-12-16;312.0;314.0;310.5;313.0;196194
2013-12-13;314.2;316.7;311.7;313.0;197918
2013-12-12;314.8;316.4;311.4;314.5;219830
2013-12-11;314.0;319.9;313.7;315.6;253430
2013-12-10;322.2;323.1;315.0;315.1;257461
2013-12-09;320.7;323.7;318.2;323.7;180282
2013-12-06;320.1;320.9;315.8;318.7;192359
2013-12-05;321.4;323.5;317.3;317.3;222856
2013-12-04;325.0;326.8;319.6;321.7;234391
2013-12-03;333.4;333.9;324.5;324.7;209575
2013-12-02;331.6;335.1;331.6;331.7;279782
2013-11-29;334.0;336.1;330.8;330.8;293248
2013-11-28;334.0;338.3;333.4;334.0;196343
2013-11-27;330.3;334.6;330.3;332.1;199159
2013-11-26;325.9;332.2;325.3;330.1;289262
2013-11-25;321.3;327.3;321.2;325.9;279440
2013-11-22;318.8;324.6;315.3;321.2;620515
2013-11-21;332.4;332.5;322.1;322.9;588160
2013-11-20;339.4;339.8;332.7;333.3;228857
2013-11-19;341.7;345.0;339.6;340.2;126326
2013-11-18;340.8;342.4;339.9;342.1;280249
2013-11-15;344.5;345.0;340.3;341.0;150956
2013-11-14;343.3;345.5;340.9;344.5;148521
2013-11-13;345.8;346.0;338.9;339.7;131508
2013-11-12;344.7;347.3;342.2;346.0;157281
2013-11-11;342.9;346.9;340.1;345.2;150609
2013-11-08;343.8;344.9;340.9;343.1;126522
2013-11-07;344.6;349.6;343.0;347.0;117700
2013-11-06;343.5;348.0;342.7;345.5;194339
2013-11-05;347.0;347.5;342.8;343.0;417845
2013-11-04;348.3;353.3;348.3;352.4;113892
2013-11-01;353.8;354.2;348.1;348.3;62944
2013-10-31;350.6;354.8;350.0;353.8;116935
2013-10-30;355.0;355.2;351.1;352.8;102808
2013-10-29;353.2;354.8;350.1;354.6;155844
2013-10-28;358.7;358.8;352.3;353.3;109616
2013-10-25;354.9;356.3;351.9;356.3;129331
2013-10-24;356.8;356.8;351.5;354.9;98240
2013-10-23;360.1;360.8;352.5;353.5;361662
2013-10-22;347.0;366.9;343.6;362.0;705538
2013-10-21;344.9;346.8;343.2;345.6;255654
2013-10-18;346.8;346.8;343.4;345.3;108174
2013-10-17;346.1;348.7;343.7;344.3;153896
2013-10-16;346.0;349.7;343.2;347.1;130968
2013-10-15;341.9;348.3;341.9;346.8;235498
2013-10-14;340.0;342.0;339.5;341.1;69762
2013-10-11;340.0;341.75;337.0;341.3;202288
2013-10-10;339.0;341.0;335.9;337.0;207305
2013-10-09;337.6;340.5;335.3;337.0;305601
2013-10-08;341.1;346.3;338.3;339.3;291048
2013-10-07;336.4;342.8;332.0;342.0;181405
2013-10-04;334.9;339.7;334.0;337.3;216045
2013-10-03;339.2;341.2;334.7;335.3;150708
2013-10-02;336.8;340.2;334.9;339.1;277733
2013-10-01;334.5;338.3;332.4;337.8;176393
2013-09-30;335.1;335.8;331.9;335.2;224552
2013-09-27;339.8;341.7;334.5;337.7;245577
2013-09-26;334.1;340.1;333.3;340.1;206846
2013-09-25;337.6;339.5;332.6;334.0;160341
2013-09-24;330.0;338.9;330.0;337.6;297501
2013-09-23;325.8;329.8;325.0;329.1;183757
2013-09-20;326.3;328.5;324.4;326.5;327886
2013-09-19;329.7;329.7;324.2;325.3;171217
2013-09-18;327.1;327.9;324.2;325.1;126014
2013-09-17;319.0;329.5;319.0;326.9;388463
2013-09-16;316.8;319.7;316.2;318.9;138997
2013-09-13;312.1;316.0;310.5;314.9;234676
2013-09-12;315.4;317.5;312.3;312.3;172431
2013-09-11;314.6;316.3;313.1;316.0;168406
2013-09-10;311.0;318.0;310.3;315.7;407665
2013-09-09;311.9;311.9;308.5;309.8;92938
2013-09-06;314.0;316.0;307.6;311.5;298967
2013-09-05;312.2;317.0;312.2;313.8;171526
2013-09-04;311.2;312.9;309.1;312.0;295962
2013-09-03;308.0;312.1;306.3;310.8;149252
2013-09-02;303.1;308.3;301.9;307.9;228828
2013-08-30;308.1;308.1;299.1;299.9;178723
2013-08-29;301.9;308.5;301.5;308.2;123489
2013-08-28;302.6;303.8;300.0;302.3;246166
2013-08-27;309.0;309.2;301.2;302.8;173198
2013-08-26;308.0;311.2;306.8;309.9;123691
2013-08-23;305.9;309.4;305.7;308.2;153350
2013-08-22;301.5;307.5;301.5;305.9;325471
2013-08-21;305.9;306.8;302.2;302.2;103084
2013-08-20;304.1;308.0;302.0;306.1;98189
2013-08-19;306.3;306.4;301.8;305.6;112230
2013-08-16;306.3;306.9;304.3;306.4;110031
2013-08-15;315.0;315.4;303.6;306.0;251040
2013-08-14;314.9;316.5;311.3;315.9;212774
2013-08-13;309.1;314.9;307.4;314.4;270537
2013-08-12;310.0;310.0;306.0;309.3;129013
2013-08-09;306.2;311.1;305.4;310.0;133800
2013-08-08;304.7;307.3;303.5;306.6;144673
2013-08-07;307.5;307.5;301.6;302.3;323766
2013-08-06;311.0;314.5;307.4;308.0;175003
2013-08-05;308.5;312.5;308.5;310.9;113031
2013-08-02;309.0;310.0;306.8;308.9;117062
2013-08-01;306.8;308.9;306.6;307.9;103076
2013-07-31;303.3;306.6;303.3;305.8;148926
2013-07-30;304.9;307.4;303.7;305.9;167509
2013-07-29;304.6;308.7;301.6;302.6;255979
2013-07-26;307.5;308.8;303.0;304.4;148280
2013-07-25;307.3;307.3;303.5;306.9;113945
2013-07-24;305.2;308.2;302.5;307.4;210385
2013-07-23;307.4;307.8;301.7;302.2;116960
2013-07-22;308.8;309.5;303.3;304.6;125176
2013-07-19;305.6;310.7;300.3;307.4;504022
2013-07-18;294.9;307.8;294.9;305.9;803065
2013-07-17;298.0;299.5;290.4;296.1;274741
2013-07-16;305.3;306.0;293.9;297.1;574084
2013-07-15;300.0;307.9;299.4;305.3;479496
2013-07-12;299.5;300.0;297.4;297.4;126596
2013-07-11;300.0;301.6;297.5;298.5;149197
2013-07-10;295.3;300.0;294.8;297.6;318953
2013-07-09;291.9;297.4;291.5;297.4;153626
2013-07-08;290.1;294.0;289.8;291.9;198612
2013-07-05;292.7;293.4;285.9;289.0;173613
2013-07-04;289.0;293.0;288.0;292.2;221706
2013-07-03;285.2;289.0;282.8;289.0;130939
2013-07-02;289.0;289.1;282.6;287.3;173094
2013-07-01;286.1;287.4;280.7;287.1;173346
2013-06-28;286.0;290.5;285.8;285.8;297803
2013-06-27;280.2;286.4;278.4;286.4;230981
2013-06-26;272.6;279.0;270.7;278.9;506971
2013-06-25;261.5;272.4;261.4;270.1;529359
2013-06-24;266.8;270.4;260.8;261.4;358774
2013-06-21;;273.5;273.5;273.5;0
2013-06-20;280.0;280.5;272.0;273.5;325849
2013-06-19;284.7;284.8;281.5;282.9;242385
2013-06-18;283.8;284.9;279.9;283.2;313472
2013-06-17;276.6;284.7;276.6;284.0;432460
2013-06-14;271.5;278.3;270.1;275.6;389509
2013-06-13;267.0;270.2;260.9;270.2;312598
2013-06-12;264.8;270.5;264.8;269.2;221935
2013-06-11;265.0;266.7;262.6;266.7;202261
2013-06-10;266.4;268.4;265.1;265.5;213862
2013-06-07;259.0;267.4;257.1;266.4;231233
2013-06-06;;259.1;259.1;259.1;0
2013-06-05;266.0;268.0;258.2;259.1;302413
2013-06-04;262.2;268.7;262.2;266.9;453278
2013-06-03;264.4;266.7;259.7;260.0;279922
2013-05-31;270.6;270.6;264.1;267.0;241612
2013-05-30;260.7;271.7;260.2;270.9;311017
2013-05-29;264.7;266.3;260.7;261.3;269407
2013-05-28;262.2;267.6;262.2;266.7;520625
2013-05-27;264.5;266.1;260.1;261.3;190782
2013-05-24;267.0;268.4;262.9;264.0;211106
2013-05-23;267.5;268.9;263.3;266.6;361958
2013-05-22;272.1;272.8;270.0;272.0;281127
2013-05-21;273.0;273.0;268.7;271.9;287272
2013-05-20;272.9;273.5;270.8;272.8;403185
2013-05-17;270.3;273.3;269.0;270.0;784647
2013-05-16;271.1;271.2;267.2;269.0;407108
2013-05-15;269.3;271.5;267.1;269.9;191895
2013-05-14;278.3;279.1;276.5;277.5;298219
2013-05-13;282.5;283.6;277.1;278.0;501307
2013-05-10;282.9;284.5;279.3;282.5;281838
2013-05-09;;282.9;282.9;282.9;0
2013-05-08;280.0;283.8;276.1;282.9;147138
2013-05-07;283.0;286.5;279.7;280.3;302275
2013-05-06;281.7;284.4;280.0;281.0;114382
2013-05-03;279.5;283.7;277.4;281.9;127082
2013-05-02;278.0;282.8;276.7;278.0;285733
2013-05-01;;277.2;277.2;277.2;0
2013-04-30;279.5;280.7;275.1;277.2;151737
2013-04-29;278.2;279.5;275.8;279.5;200673
2013-04-26;274.2;278.5;274.2;277.4;276474
2013-04-25;275.3;277.5;274.0;276.5;285083
2013-04-24;274.2;276.3;273.5;275.0;514295
2013-04-23;263.8;274.9;262.6;274.4;496444
2013-04-22;265.6;272.4;263.2;263.8;430747
2013-04-19;262.3;265.5;261.1;263.2;460592
2013-04-18;242.7;264.7;242.0;262.6;844107
2013-04-17;250.5;250.5;240.6;242.8;348289
2013-04-16;247.8;250.0;246.6;247.9;222040
2013-04-15;251.0;251.1;245.2;248.1;205078
2013-04-12;251.6;252.4;249.5;251.5;261504
2013-04-11;252.9;254.0;250.5;252.5;240657
2013-04-10;254.5;255.6;251.1;252.9;263803
2013-04-09;250.3;254.8;250.3;251.9;248851
2013-04-08;248.1;251.8;248.1;250.0;192497
2013-04-05;257.2;258.3;248.0;248.7;368006
2013-04-04;261.0;261.2;255.4;257.5;523053
2013-04-03;260.5;262.8;259.6;260.1;185367
2013-04-02;257.3;262.0;254.3;260.4;353418
2013-04-01;;259.3;259.3;259.3;0
2013-03-29;265.1;259.3;259.3;259.3;338330
2013-03-28;265.1;266.8;261.0;261.0;338330
2013-03-27;265.1;266.8;261.0;261.0;338330
2013-03-26;270.0;270.0;263.1;265.3;478109
2013-03-25;274.8;275.7;268.9;269.6;328062
2013-03-22;274.8;278.5;273.5;273.8;200697
2013-03-21;278.0;278.4;271.5;275.2;281504
2013-03-20;275.6;278.4;274.5;278.0;216788
2013-03-19;277.2;279.3;273.5;274.2;237387
2013-03-18;273.3;279.2;272.8;278.9;277643
2013-03-15;277.0;280.4;277.0;279.9;376816
2013-03-14;276.8;278.9;275.3;278.3;361350
2013-03-13;275.4;278.1;274.0;276.6;311182
2013-03-12;280.1;283.8;276.6;277.0;438902
2013-03-11;280.7;280.9;278.0;280.7;141137
2013-03-08;279.1;280.5;277.6;280.1;336263
2013-03-07;276.5;279.2;276.5;278.4;536950
2013-03-06;273.6;279.0;273.5;276.5;639458
2013-03-05;267.8;275.0;267.8;273.5;487045
2013-03-04;265.6;269.8;264.7;267.5;288334
2013-03-01;270.4;272.5;265.4;267.5;216641
2013-02-28;271.7;272.3;269.1;270.9;248359
2013-02-27;264.8;271.8;264.1;271.1;385555
2013-02-26;262.9;266.7;262.0;262.2;500537
2013-02-25;272.4;272.8;268.6;268.9;295599
2013-02-22;267.8;272.5;267.8;270.2;296457
2013-02-21;273.6;273.7;266.0;267.3;358354
2013-02-20;271.7;276.4;271.2;274.0;498260
2013-02-19;270.4;271.9;268.8;271.8;534210
2013-02-18;263.0;271.1;262.0;269.6;635725
2013-02-15;258.9;263.2;256.7;262.5;628208
2013-02-14;261.9;262.9;257.6;258.6;742013
2013-02-13;235.1;275.0;232.3;262.3;2442876
2013-02-12;237.7;237.9;233.7;235.4;310700
2013-02-11;241.5;242.0;236.9;238.0;233586
2013-02-08;237.6;241.5;237.6;241.3;240454
2013-02-07;239.9;242.4;237.4;238.3;268488
2013-02-06;238.1;243.3;236.2;240.5;455646
2013-02-05;231.3;241.0;230.5;239.0;694799
2013-02-04;233.9;235.6;230.3;231.1;315066
2013-02-01;231.7;234.8;231.1;234.6;354019
2013-01-31;234.4;234.8;230.7;232.9;299989
2013-01-30;235.4;237.3;233.0;234.9;278865
2013-01-29;235.1;237.4;233.7;236.7;462371
2013-01-28;238.6;239.3;233.4;235.1;370732
2013-01-25;235.5;239.4;234.3;239.3;308603
2013-01-24;237.2;243.5;234.8;235.5;506773
2013-01-23;234.8;239.2;231.4;238.4;274745
2013-01-22;235.6;236.8;232.6;234.0;259259
2013-01-21;239.6;240.0;233.7;234.9;291027
2013-01-18;237.0;241.3;236.5;239.3;444128
2013-01-17;232.0;235.5;229.0;235.5;712425
2013-01-16;237.0;237.8;233.3;234.9;383974
2013-01-15;243.5;245.7;236.6;237.5;761366
2013-01-14;242.8;243.0;235.9;238.8;343598
2013-01-11;235.4;241.8;233.6;241.7;512549
2013-01-10;234.1;235.7;232.5;234.0;316663
2013-01-09;231.7;234.4;227.8;234.0;516915
2013-01-08;234.0;236.7;231.3;231.3;237879
2013-01-07;233.9;236.4;232.5;234.7;239416
2013-01-04;231.8;235.4;229.9;234.5;364374
2013-01-03;229.2;233.4;228.9;231.9;242706
2013-01-02;228.9;230.3;227.4;230.0;279741
2013-01-01;;226.6;226.6;226.6;0
2012-12-31;;226.6;226.6;226.6;0
2012-12-28;226.1;227.5;223.3;226.6;447279
2012-12-27;226.2;227.6;226.0;226.4;229410
2012-12-26;;226.7;226.7;226.7;0
2012-12-25;;226.7;226.7;226.7;0
2012-12-24;;226.7;226.7;226.7;0
2012-12-21;225.1;227.2;223.3;226.7;371494
2012-12-20;224.7;227.0;223.2;226.5;281597
2012-12-19;223.5;226.7;223.5;226.2;340639
2012-12-18;223.9;225.2;221.9;223.8;443605
2012-12-17;226.0;227.0;220.5;222.9;283942
2012-12-14;223.7;229.8;223.2;225.3;377890
2012-12-13;227.5;228.9;223.5;224.1;325944
2012-12-12;225.4;228.6;224.1;227.7;411406
2012-12-11;220.7;226.1;220.3;225.6;397839
2012-12-10;215.1;221.7;213.2;221.5;392120
2012-12-07;220.2;220.2;212.1;214.9;487817
2012-12-06;226.3;228.9;217.8;219.1;754658
2012-12-05;227.6;229.5;224.6;226.9;278040
2012-12-04;230.0;231.6;226.6;227.1;342615
2012-12-03;221.8;231.3;221.4;230.5;581672
2012-11-30;219.0;228.0;218.6;222.9;3103334
2012-11-29;211.8;220.8;211.8;218.8;674448
2012-11-28;210.0;212.2;209.0;212.0;253189
2012-11-27;212.6;214.4;210.0;211.7;371526
2012-11-26;214.6;215.6;211.5;212.5;403226
2012-11-23;210.2;216.6;210.1;216.5;555021
2012-11-22;209.4;212.0;209.1;211.0;366487
2012-11-21;207.4;210.8;206.5;210.2;325036
2012-11-20;207.0;208.9;202.6;208.0;404450
2012-11-19;202.4;205.3;201.5;205.3;411033
2012-11-16;202.5;204.3;200.2;200.2;451434
2012-11-15;203.9;204.6;200.9;201.4;519354
2012-11-14;205.4;208.8;204.2;205.0;694003
2012-11-13;209.0;209.6;203.6;208.8;344092
2012-11-12;207.1;213.4;207.1;209.1;377354
2012-11-09;207.4;210.0;204.6;208.5;318902
2012-11-08;211.2;211.9;205.9;206.3;239773
2012-11-07;217.7;219.4;209.8;210.0;449369
2012-11-06;214.3;217.4;211.6;216.6;540100
2012-11-05;209.9;216.4;207.9;214.4;751155
2012-11-02;206.6;210.6;205.5;208.8;311748
2012-11-01;200.6;209.0;200.6;206.6;587861
2012-10-31;200.2;203.0;200.2;202.0;555590
2012-10-30;198.4;203.2;198.4;201.0;454080
2012-10-29;199.6;200.7;198.4;200.0;714985
2012-10-26;199.0;201.7;195.8;200.3;864849
2012-10-25;198.5;203.9;196.0;199.9;897556
2012-10-24;203.9;205.0;196.3;197.7;1062929
2012-10-23;208.4;209.4;200.6;202.2;909780
2012-10-22;210.4;211.8;207.0;208.7;916069
2012-10-19;218.5;220.9;209.5;210.6;2042844
2012-10-18;282.7;282.9;213.7;218.9;3157329
2012-10-17;282.1;282.9;280.6;282.4;300446
2012-10-16;281.6;282.8;278.6;282.3;246189
2012-10-15;280.2;282.5;279.1;280.5;214556
2012-10-12;281.5;283.0;278.0;280.5;230115
2012-10-11;279.0;286.2;279.0;283.5;356844
2012-10-10;280.0;280.8;277.7;280.0;238502
