Dates;Open;High;Low;Close;Volume
2017-10-09;192.0;193.3;191.6;192.3;2894
2017-10-06;193.2;193.5;191.5;191.6;4532
2017-10-05;193.0;194.0;192.7;193.2;5756
2017-10-04;193.9;194.3;192.3;193.0;8279
2017-10-03;193.3;194.3;192.7;193.6;5607
2017-10-02;196.0;196.0;191.9;193.3;9537
2017-09-29;196.2;197.0;192.5;195.8;2588
2017-09-28;194.0;196.7;192.9;196.2;2019
2017-09-27;190.3;194.0;190.1;193.9;5034
2017-09-26;195.8;195.8;190.0;190.1;19231
2017-09-25;205.1;205.1;194.0;194.0;36667
2017-09-22;212.0;213.2;210.4;212.4;3187
2017-09-21;210.7;212.7;210.2;212.7;1544
2017-09-20;209.0;211.8;206.9;210.7;3861
2017-09-19;207.2;212.8;207.2;208.9;6188
2017-09-18;206.3;207.9;205.0;207.4;1570
2017-09-15;204.2;210.0;204.2;206.3;5062
2017-09-14;204.0;204.2;202.3;202.3;8203
2017-09-13;204.5;204.9;203.4;204.0;1622
2017-09-12;205.6;206.5;204.8;204.9;2092
2017-09-11;203.0;207.4;203.0;205.6;2967
2017-09-08;203.0;203.8;202.7;202.9;1410
2017-09-07;202.6;204.3;201.9;204.1;5342
2017-09-06;205.0;205.6;202.5;202.5;1097
2017-09-04;206.7;206.7;204.3;205.6;842
2017-09-01;210.0;210.0;206.7;206.7;4777
2017-08-31;204.8;207.5;204.0;207.0;2020
2017-08-30;204.1;204.5;202.4;204.0;4745
2017-08-29;206.2;206.9;201.5;202.3;4710
2017-08-28;206.9;208.6;206.8;206.9;3946
2017-08-25;200.2;208.8;200.2;208.2;7074
2017-08-24;202.8;203.5;200.7;201.1;1246
2017-08-23;202.0;202.5;201.5;201.6;2390
2017-08-22;201.7;203.0;201.7;202.7;886
2017-08-21;204.0;204.3;201.7;201.7;1240
2017-08-18;205.1;205.1;202.4;204.0;2382
2017-08-17;207.0;207.4;205.0;206.5;1557
2017-08-16;207.0;208.2;206.2;206.9;3997
2017-08-15;208.1;208.3;205.0;205.5;2226
2017-08-14;205.0;208.1;205.0;208.1;6785
2017-08-11;206.7;206.7;203.1;204.1;4839
2017-08-10;209.5;209.5;206.3;206.9;2342
2017-08-09;211.3;211.3;208.6;209.4;3354
2017-08-08;210.8;212.3;209.8;211.3;8784
2017-08-07;209.8;211.4;209.5;210.4;1564
2017-08-04;208.5;210.0;207.7;209.8;1855
2017-08-03;208.8;208.8;207.3;208.5;2449
2017-08-02;210.0;211.5;208.0;208.8;5120
2017-08-01;211.7;211.7;209.6;209.8;2394
2017-07-31;211.1;211.6;209.9;210.4;1949
2017-07-28;213.5;213.5;209.9;211.6;3003
2017-07-27;214.8;216.6;213.5;214.2;2762
2017-07-26;211.0;213.4;211.0;213.2;2836
2017-07-25;212.2;213.1;211.3;211.5;2458
2017-07-24;215.8;216.0;212.2;212.2;3727
2017-07-21;223.3;223.3;215.5;215.6;10926
2017-07-20;226.8;229.0;221.5;223.3;6372
2017-07-19;237.5;237.5;213.4;226.8;14493
2017-07-18;237.9;238.2;236.3;238.0;1788
2017-07-17;236.8;238.0;235.1;238.0;3770
2017-07-14;237.3;237.5;235.0;236.9;2358
2017-07-13;235.5;238.0;235.5;237.3;3122
2017-07-12;230.8;236.1;230.8;235.5;2134
2017-07-11;233.0;233.0;231.2;231.5;1595
2017-07-10;231.3;233.0;231.3;232.6;765
2017-07-07;230.0;231.5;230.0;231.4;817
2017-07-06;236.1;236.1;229.9;230.1;3337
2017-07-05;236.7;236.7;234.8;235.6;557
2017-07-04;237.0;237.4;234.8;237.1;3037
2017-07-03;237.0;237.4;233.0;237.4;3066
2017-06-30;237.2;239.0;237.2;237.6;1949
2017-06-29;241.5;241.5;236.6;237.2;3173
2017-06-28;241.9;241.9;239.1;241.5;2695
2017-06-27;246.0;246.0;241.9;241.9;829
2017-06-26;246.2;246.7;244.1;244.4;3173
2017-06-23;;245.8;245.8;245.8;0
2017-06-22;248.7;248.7;245.8;245.8;5969
2017-06-21;249.0;249.0;246.6;247.6;1431
2017-06-20;247.3;249.9;247.0;249.9;858
2017-06-19;247.5;250.0;246.9;248.2;13971
2017-06-16;242.7;251.5;242.7;251.5;25403
2017-06-15;245.0;245.0;241.0;241.6;2931
2017-06-14;245.0;246.8;244.7;245.9;6677
2017-06-13;241.8;244.7;241.8;244.4;2593
2017-06-12;245.0;245.0;240.6;241.8;3537
2017-06-09;242.7;245.2;241.5;245.2;2908
2017-06-08;243.5;244.0;242.3;242.7;2864
2017-06-07;245.0;245.0;242.7;243.6;2949
2017-06-06;;245.2;245.2;245.2;0
2017-06-05;245.0;245.8;244.3;245.2;3779
2017-06-02;244.3;246.0;243.9;245.5;2544
2017-06-01;243.2;244.9;242.4;244.9;3642
2017-05-31;243.3;245.0;242.7;243.5;739
2017-05-30;242.8;243.7;241.1;243.5;2691
2017-05-29;243.8;243.8;242.7;242.8;853
2017-05-26;240.0;244.3;240.0;243.8;3608
2017-05-24;242.4;242.4;241.0;241.9;400
2017-05-23;239.0;242.1;239.0;241.0;3123
2017-05-22;238.8;242.6;238.8;239.8;4755
2017-05-19;239.1;240.2;238.2;239.8;5620
2017-05-18;239.8;239.8;237.6;238.1;6333
2017-05-17;242.4;243.3;237.6;237.6;5273
2017-05-16;245.2;245.9;243.7;244.1;6650
2017-05-15;247.8;248.8;245.3;245.3;5882
2017-05-12;249.5;248.0;248.0;248.0;5000
2017-05-11;251.1;253.0;249.2;249.4;5610
2017-05-10;251.1;251.5;249.6;250.7;3541
2017-05-09;249.5;252.4;249.5;251.5;5868
2017-05-08;247.5;249.0;246.9;249.0;3763
2017-05-05;245.0;247.5;244.7;247.5;5691
2017-05-04;240.8;245.0;240.0;245.0;4322
2017-05-03;240.2;241.4;239.3;240.0;3771
2017-05-02;235.5;240.0;235.3;239.9;11426
2017-05-01;;235.5;235.5;235.5;0
2017-04-28;237.9;237.9;223.0;235.5;12115
2017-04-27;231.0;233.0;230.4;233.0;4430
2017-04-26;230.1;231.4;230.1;231.0;6141
2017-04-25;230.6;231.2;230.1;230.6;3095
2017-04-24;225.5;230.5;225.5;230.0;3514
2017-04-21;226.8;227.0;225.1;225.1;3457
2017-04-20;226.8;227.0;225.6;226.6;2250
2017-04-19;226.1;227.4;226.1;226.8;16911
2017-04-18;225.8;227.1;224.9;226.1;2598
2017-04-13;227.0;227.0;225.3;225.8;1872
2017-04-12;226.7;228.2;226.3;227.0;6563
2017-04-11;224.4;227.1;224.4;226.7;4942
2017-04-10;221.3;225.0;221.3;224.4;7598
2017-04-07;222.0;222.0;218.7;220.6;4071
2017-04-06;221.1;221.1;217.8;218.0;6575
2017-04-05;221.2;222.5;218.6;221.1;5276
2017-04-04;220.1;222.7;220.1;221.6;5800
2017-04-03;220.9;222.3;218.6;218.6;5675
2017-03-31;222.0;222.0;218.3;221.4;2610
2017-03-30;218.5;219.9;218.5;219.8;914
2017-03-29;215.0;218.3;215.0;218.3;4567
2017-03-28;215.4;215.4;213.4;215.0;784
2017-03-27;218.0;218.0;214.3;215.0;3879
2017-03-24;219.0;219.1;215.6;216.4;1479
2017-03-23;216.0;219.0;215.1;218.1;2417
2017-03-22;217.0;217.0;214.2;216.2;2992
2017-03-21;221.0;221.2;217.4;217.6;5062
2017-03-20;221.1;221.4;219.4;220.3;7952
2017-03-17;217.1;230.2;216.9;230.2;9142
2017-03-16;209.5;218.8;209.5;218.6;7817
2017-03-15;211.9;211.9;209.5;209.5;3013
2017-03-14;211.0;212.9;211.0;211.9;3066
2017-03-13;211.9;213.3;211.7;212.4;2714
2017-03-10;214.0;212.1;212.1;212.1;1927
2017-03-09;212.1;213.3;211.8;213.2;3796
2017-03-08;210.9;212.4;210.0;212.4;4064
2017-03-07;213.1;213.3;211.7;212.4;5415
2017-03-06;213.7;213.7;211.6;213.0;2606
2017-03-03;213.0;213.7;213.7;213.7;6468
2017-03-02;215.9;216.2;213.1;213.1;1999
2017-03-01;214.8;216.5;214.4;215.9;6421
2017-02-28;213.9;214.8;212.6;214.8;4798
2017-02-27;214.3;214.7;212.5;214.0;6609
2017-02-24;218.0;218.0;213.7;214.3;2324
2017-02-23;215.0;218.0;214.2;217.6;8953
2017-02-22;213.0;215.0;213.0;215.0;9978
2017-02-21;214.6;214.6;213.6;214.4;47588
2017-02-20;214.3;215.8;213.9;214.1;5982
2017-02-17;215.3;215.7;213.4;214.3;5757
2017-02-16;215.0;216.5;214.7;215.3;40847
2017-02-15;216.7;216.7;215.3;215.3;1703
2017-02-14;218.1;218.9;215.7;215.9;14496
2017-02-13;219.9;221.4;216.3;218.1;3555
2017-02-10;216.0;218.1;215.2;216.3;4750
2017-02-09;216.4;216.7;214.4;215.9;2389
2017-02-08;215.5;216.8;215.2;216.4;3157
2017-02-07;214.5;216.3;214.5;215.5;2040
2017-02-06;218.0;218.0;214.5;214.5;6676
2017-02-03;214.3;217.9;213.7;215.9;10174
2017-02-02;215.7;215.7;213.5;214.0;4941
2017-02-01;215.3;216.3;214.3;216.1;3753
2017-01-31;212.8;215.6;212.4;215.6;5181
2017-01-30;215.0;215.0;211.0;213.6;9288
2017-01-27;225.0;225.0;213.0;213.0;23049
2017-01-26;223.4;225.8;223.4;224.4;4216
2017-01-25;220.3;223.5;220.3;223.3;9144
2017-01-24;220.0;220.9;218.5;219.4;3471
2017-01-23;219.3;222.4;219.3;220.8;1337
2017-01-20;218.3;219.6;217.5;219.3;5058
2017-01-19;223.9;223.9;218.0;218.0;7039
2017-01-18;224.2;224.9;222.4;224.5;1650
2017-01-17;227.7;227.7;223.6;224.3;6291
2017-01-16;224.8;228.1;224.2;228.1;3448
2017-01-13;223.7;225.1;222.3;225.1;4461
2017-01-12;224.0;224.0;222.5;223.7;750
2017-01-11;222.2;225.2;221.5;225.2;5129
2017-01-10;222.1;223.3;221.5;221.5;1623
2017-01-09;221.0;222.1;220.6;221.8;17029
2017-01-06;;221.4;221.4;221.4;0
2017-01-05;221.9;222.7;220.3;221.4;2426
2017-01-04;224.3;225.2;221.7;222.3;6524
2017-01-03;225.1;228.1;223.0;224.2;21618
2017-01-02;223.0;228.5;223.0;227.3;67989
2016-12-30;220.0;223.4;219.2;223.0;77345
2016-12-29;217.5;221.9;217.5;218.8;55448
2016-12-28;218.3;221.0;217.7;218.3;44114
2016-12-27;218.2;222.0;218.0;218.1;25109
2016-12-23;221.3;223.6;218.4;219.7;60724
2016-12-22;220.8;222.2;220.0;220.6;19054
2016-12-21;219.2;221.7;218.0;220.4;15371
2016-12-20;219.7;222.1;219.6;220.4;13797
2016-12-19;219.0;221.1;219.0;220.4;4538
2016-12-16;215.0;219.2;215.0;218.2;3761
2016-12-15;218.0;220.2;212.2;219.1;5764
2016-12-14;221.0;221.0;217.2;218.5;7944
2016-12-13;221.5;221.8;219.9;221.1;4710
2016-12-12;225.2;225.2;217.1;221.5;11415
2016-12-09;223.0;225.5;222.0;225.1;980
2016-12-08;221.6;223.6;221.6;223.0;3916
2016-12-07;220.0;221.2;219.6;221.2;892
2016-12-06;216.7;219.8;216.7;219.3;6608
2016-12-05;216.1;219.4;216.1;217.4;2579
2016-12-02;220.8;220.8;215.8;218.1;1483
2016-12-01;220.0;221.0;218.8;221.0;3491
2016-11-30;221.8;223.4;220.6;220.8;2629
2016-11-29;222.1;223.4;221.2;221.7;3986
2016-11-28;222.0;222.1;220.7;222.1;2767
2016-11-25;218.0;222.0;218.0;222.0;4507
2016-11-24;218.3;221.5;217.7;221.5;4826
2016-11-23;217.1;219.1;217.1;218.3;1618
2016-11-22;215.8;218.5;215.8;217.1;7163
2016-11-21;216.6;217.0;214.8;216.3;9514
2016-11-18;216.7;217.3;215.9;216.5;2855
2016-11-17;214.3;216.8;214.2;216.4;2874
2016-11-16;215.7;216.1;213.0;214.8;2444
2016-11-15;211.8;215.1;211.6;215.1;4098
2016-11-14;216.8;216.8;211.4;211.8;9754
2016-11-11;224.0;224.0;213.2;213.2;12185
2016-11-10;221.9;226.0;218.5;226.0;8881
2016-11-09;215.0;223.0;215.0;221.9;16798
2016-11-08;223.9;225.1;222.5;222.9;6281
2016-11-07;222.0;224.7;221.8;224.0;4322
2016-11-04;224.6;225.5;222.1;222.1;4834
2016-11-03;228.5;230.8;225.0;225.3;3565
2016-11-02;230.5;230.5;227.0;228.5;5341
2016-11-01;230.0;230.0;226.8;228.8;5477
2016-10-31;233.1;233.1;224.8;228.8;9388
2016-10-28;232.0;233.7;226.2;233.1;4367
2016-10-27;234.3;234.3;229.1;230.8;2063
2016-10-26;233.7;233.7;230.2;230.9;3184
2016-10-25;232.2;233.7;231.5;233.7;5601
2016-10-24;233.0;236.1;231.5;231.5;7002
2016-10-21;231.1;232.5;231.0;232.3;3069
2016-10-20;232.3;232.3;230.1;231.1;37417
2016-10-19;231.0;232.3;229.8;231.0;7971
2016-10-18;227.0;231.2;226.7;230.8;14583
2016-10-17;225.0;229.1;224.7;224.8;7888
2016-10-14;220.0;225.2;217.7;225.2;16808
2016-10-13;221.8;222.7;221.0;222.0;4849
2016-10-12;219.0;222.6;219.0;222.2;3132
2016-10-11;222.7;223.0;219.1;220.3;5031
2016-10-10;221.2;224.1;221.2;222.7;9487
2016-10-07;226.0;226.0;220.0;221.2;9842
2016-10-06;224.6;228.0;224.6;226.0;6767
2016-10-05;226.0;226.0;223.0;224.6;7310
2016-10-04;225.8;226.9;224.9;226.0;9517
2016-10-03;224.2;226.0;223.9;225.7;2454
2016-09-30;222.0;225.0;219.9;224.2;8576
2016-09-29;223.9;225.6;221.4;221.7;4157
2016-09-28;220.1;224.1;220.1;223.3;1766
2016-09-27;220.7;221.5;219.3;221.0;5118
2016-09-26;223.0;223.0;219.5;220.5;3966
2016-09-23;221.6;222.9;221.5;222.7;5871
2016-09-22;222.0;225.0;220.7;223.7;10766
2016-09-21;221.0;222.0;218.6;218.7;11114
2016-09-20;220.2;220.4;218.2;219.0;6513
2016-09-19;215.7;220.6;215.2;220.6;13309
2016-09-16;217.6;217.6;213.7;214.0;11364
2016-09-15;212.7;216.8;212.3;216.8;8740
2016-09-14;211.6;213.1;211.0;212.0;2682
2016-09-13;212.9;213.5;211.6;211.6;3566
2016-09-12;215.0;215.0;210.7;213.2;5881
2016-09-09;218.5;218.5;215.0;215.1;3713
2016-09-08;218.8;220.0;216.9;218.4;5778
2016-09-07;217.6;219.0;216.8;218.1;7061
2016-09-06;217.0;218.9;216.8;217.0;2844
2016-09-05;215.1;217.6;215.1;217.6;4672
2016-09-02;214.7;215.1;213.6;214.8;3101
2016-09-01;212.3;215.0;212.3;214.0;4002
2016-08-31;213.3;215.5;213.0;213.0;2828
2016-08-30;214.1;217.3;214.1;214.9;8687
2016-08-29;213.5;215.2;212.7;214.2;3502
2016-08-26;212.2;213.6;211.9;213.3;4189
2016-08-25;214.4;214.4;211.8;212.1;2920
2016-08-24;214.0;215.3;213.0;214.4;7371
2016-08-23;210.5;214.2;210.5;214.0;3748
2016-08-22;209.8;211.7;209.0;210.1;7443
2016-08-19;209.0;210.4;208.7;210.3;5115
2016-08-18;208.4;210.5;208.4;210.1;5923
2016-08-17;211.5;211.9;208.3;208.3;2594
2016-08-16;213.9;213.9;210.9;211.7;3162
2016-08-15;213.7;213.9;211.9;213.9;6161
2016-08-12;211.5;213.0;211.0;212.7;3673
2016-08-11;209.0;211.7;208.8;211.4;6107
2016-08-10;209.7;209.7;207.2;208.2;2670
2016-08-09;208.0;209.9;207.5;209.7;3406
2016-08-08;207.6;209.3;206.0;207.8;4789
2016-08-05;202.3;207.6;202.3;207.6;3070
2016-08-04;202.1;203.6;200.7;202.3;3400
2016-08-03;204.1;204.1;201.1;202.3;3250
2016-08-02;205.1;205.2;203.0;203.6;3259
2016-08-01;206.0;208.5;205.0;205.1;4886
2016-07-29;205.1;206.0;204.4;206.0;6101
2016-07-28;206.0;206.9;203.9;205.0;3508
2016-07-27;203.0;205.0;203.0;204.9;7743
2016-07-26;201.3;203.4;201.3;202.7;2919
2016-07-25;199.0;201.8;197.6;201.3;2347
2016-07-22;201.1;201.1;198.0;198.0;1160
2016-07-21;200.0;201.8;198.4;201.3;6308
2016-07-20;203.9;203.9;197.6;202.6;8594
2016-07-19;203.0;203.2;200.3;203.2;2633
2016-07-18;202.2;204.1;201.9;203.0;2582
2016-07-15;200.8;203.7;200.0;202.2;4158
2016-07-14;201.0;203.1;200.9;201.0;5459
2016-07-13;201.9;201.9;198.5;201.2;2218
2016-07-12;201.2;202.3;199.4;201.9;10580
2016-07-11;194.3;201.3;194.3;201.2;14889
2016-07-08;191.6;194.0;190.7;191.1;6219
2016-07-07;192.7;193.6;190.4;191.6;13139
2016-07-06;192.0;193.3;189.9;190.4;6266
2016-07-05;200.0;200.0;191.0;192.5;5590
2016-07-04;200.4;200.4;195.6;197.5;2724
2016-07-01;195.0;200.0;195.0;200.0;13447
2016-06-30;189.9;194.9;187.6;194.9;10004
2016-06-29;185.4;190.0;183.5;188.1;11577
2016-06-28;179.0;185.0;179.0;182.1;7879
2016-06-27;183.0;184.9;178.0;178.5;12384
2016-06-24;;190.6;190.6;190.6;0
2016-06-23;190.0;191.5;190.0;190.6;5512
2016-06-22;194.1;194.2;189.4;189.5;3181
2016-06-21;194.0;194.8;191.6;193.6;4914
2016-06-20;188.0;194.2;188.0;193.8;16022
2016-06-17;185.0;190.8;184.8;190.8;7401
2016-06-16;187.5;187.5;182.4;182.4;9696
2016-06-15;187.8;188.9;186.0;187.5;4662
2016-06-14;190.2;190.3;185.0;185.5;8502
2016-06-13;195.5;195.8;190.2;190.2;5703
2016-06-10;200.7;202.8;195.8;196.2;8739
2016-06-09;206.4;206.4;200.3;200.7;9667
2016-06-08;206.0;207.8;205.0;206.4;7689
2016-06-07;201.0;207.7;199.2;205.6;12650
2016-06-06;;199.5;199.5;199.5;0
2016-06-03;200.4;209.1;199.1;199.5;28427
2016-06-02;307.8;307.8;302.2;305.2;9275
2016-06-01;309.2;309.3;304.5;307.8;6990
2016-05-31;302.7;309.3;302.7;309.3;5433
2016-05-30;298.0;302.8;298.0;302.5;9092
2016-05-27;295.0;299.5;294.1;296.7;4576
2016-05-26;299.0;299.0;292.8;293.4;7259
2016-05-25;303.0;304.0;296.0;296.6;5844
2016-05-24;297.0;302.2;296.0;302.2;7032
2016-05-23;294.8;300.0;293.0;295.0;5100
2016-05-20;290.0;293.8;289.1;292.8;5136
2016-05-19;288.3;292.0;287.2;288.0;5339
2016-05-18;285.4;288.9;284.5;288.0;1206
2016-05-17;281.5;286.9;280.9;285.4;2698
2016-05-16;280.0;282.0;278.0;281.5;1029
2016-05-13;275.0;280.1;275.0;280.1;2806
2016-05-12;282.0;282.0;275.7;275.7;1370
2016-05-11;280.0;280.3;277.5;278.5;3727
2016-05-10;279.2;279.3;276.5;277.3;1299
2016-05-09;272.0;277.0;272.0;275.0;2270
2016-05-06;276.8;276.8;268.8;272.0;5106
2016-05-05;273.5;277.2;272.9;275.2;4449
2016-05-04;273.5;277.2;272.9;275.2;4449
2016-05-03;279.8;279.8;271.5;272.9;2908
2016-05-02;275.0;278.5;275.0;278.0;5564
2016-04-29;280.0;281.1;273.1;273.5;5113
2016-04-28;288.2;288.6;284.0;288.6;5335
2016-04-27;297.6;297.9;287.2;288.2;2759
2016-04-26;296.3;301.1;296.3;297.6;4594
2016-04-25;293.6;296.3;291.6;296.3;2832
2016-04-22;292.3;292.5;291.0;291.7;1416
2016-04-21;288.0;293.4;288.0;292.3;5033
2016-04-20;284.5;289.8;284.5;288.1;4317
2016-04-19;281.3;286.1;280.2;284.5;5510
2016-04-18;282.5;282.5;279.5;280.2;2546
2016-04-15;280.0;284.0;278.0;282.5;5417
2016-04-14;281.0;282.5;278.3;278.3;3340
2016-04-13;289.0;291.2;280.0;281.0;3417
2016-04-12;285.8;289.5;284.0;288.3;12080
2016-04-11;289.0;289.8;284.3;285.8;4845
2016-04-08;290.0;290.0;284.5;289.0;9072
2016-04-07;296.0;299.5;287.0;299.5;2874
2016-04-06;289.9;295.0;289.9;294.5;6701
2016-04-05;292.9;292.9;286.7;288.8;6010
2016-04-04;299.6;299.6;292.1;294.9;4633
2016-04-01;296.5;300.0;291.2;300.0;6790
2016-03-31;295.0;297.8;290.0;297.8;5569
2016-03-30;293.0;297.8;293.0;295.0;7278
2016-03-29;292.9;293.0;290.7;293.0;2335
2016-03-28;293.0;293.0;291.3;291.3;735
2016-03-25;293.0;293.0;288.0;291.3;735
2016-03-24;293.0;293.0;288.0;291.3;735
2016-03-23;292.1;294.5;290.0;293.0;7733
2016-03-22;288.9;292.1;286.1;292.1;5869
2016-03-21;290.0;290.0;286.3;287.3;13056
2016-03-18;283.0;289.2;283.0;286.8;3282
2016-03-17;284.5;286.7;278.9;282.7;4783
2016-03-16;288.4;290.0;283.2;283.5;4995
2016-03-15;288.0;288.4;285.2;288.4;2697
2016-03-14;295.7;295.7;283.5;288.4;9125
2016-03-11;291.2;295.1;291.2;293.4;9220
2016-03-10;288.0;294.0;287.3;287.3;8431
2016-03-09;285.1;288.8;285.0;288.2;1946
2016-03-08;287.0;288.3;284.1;284.5;2675
2016-03-07;289.5;290.3;286.6;286.6;4516
2016-03-04;294.9;294.9;285.7;290.3;3412
2016-03-03;289.2;290.7;286.5;286.5;2752
2016-03-02;294.3;300.0;287.8;287.8;17923
2016-03-01;289.4;297.5;289.0;294.1;7043
2016-02-29;288.2;289.8;284.4;287.8;4414
2016-02-26;290.7;290.7;287.9;288.2;5473
2016-02-25;286.5;289.7;284.2;287.2;7696
2016-02-24;284.2;284.2;279.8;280.7;3555
2016-02-23;289.6;289.6;284.2;284.2;2848
2016-02-22;287.0;291.4;287.0;289.0;2655
2016-02-19;288.7;289.2;283.3;285.3;2921
2016-02-18;292.0;292.0;288.2;288.7;5140
2016-02-17;284.7;291.7;284.7;291.7;9740
2016-02-16;282.6;286.0;280.1;282.3;5265
2016-02-15;278.8;283.8;278.8;283.8;4794
2016-02-12;273.0;277.0;273.0;275.4;2214
2016-02-11;275.8;276.0;269.6;273.9;8079
2016-02-10;273.2;278.6;273.2;275.8;4290
2016-02-09;269.5;274.1;267.1;273.2;13463
2016-02-08;291.0;292.0;269.5;269.5;16550
2016-02-05;290.0;296.5;288.7;291.0;7962
2016-02-04;296.0;300.3;287.3;290.2;31446
2016-02-03;294.1;295.6;291.5;295.5;18080
2016-02-02;292.4;295.1;292.4;294.1;7135
2016-02-01;289.0;297.8;289.0;292.4;27510
2016-01-29;280.0;291.8;278.9;289.0;66740
2016-01-28;274.5;284.8;274.1;280.4;166105
2016-01-27;254.0;256.7;253.8;255.5;12503
2016-01-26;251.7;255.0;248.0;254.5;41237
2016-01-25;252.8;254.0;249.0;250.5;25625
2016-01-22;244.0;248.5;243.5;246.8;8106
2016-01-21;235.0;240.1;235.0;239.7;6775
2016-01-20;240.1;240.1;234.7;235.0;9410
2016-01-19;245.0;245.1;240.1;240.1;7628
2016-01-18;236.5;244.1;236.5;241.3;15671
2016-01-15;247.0;247.7;236.0;236.5;10689
2016-01-14;248.5;248.6;244.4;244.9;17241
2016-01-13;255.0;255.0;248.3;248.3;12885
2016-01-12;256.0;256.0;246.4;250.0;9354
2016-01-11;245.0;249.4;244.0;244.0;12357
2016-01-08;256.0;256.0;245.9;246.4;7725
2016-01-07;256.0;256.0;242.6;250.0;16762
2016-01-06;;255.5;255.5;255.5;0
2016-01-05;262.5;262.5;254.8;255.5;4400
2016-01-04;263.0;263.0;255.3;263.0;10105
2016-01-01;;263.0;263.0;263.0;0
2015-12-31;;263.0;263.0;263.0;0
2015-12-30;263.0;263.7;259.7;263.0;9519
2015-12-29;260.7;262.3;260.0;261.7;7171
2015-12-28;260.0;261.5;250.2;250.2;9876
2015-12-25;265.0;265.0;256.5;259.2;7744
2015-12-24;265.0;265.0;256.5;259.2;7744
2015-12-23;265.0;265.0;256.5;259.2;7744
2015-12-22;258.7;259.9;254.0;254.0;6182
2015-12-21;258.8;262.3;258.5;259.1;12316
2015-12-18;261.7;261.7;257.6;258.7;7886
2015-12-17;263.4;266.2;261.7;261.7;7365
2015-12-16;259.7;261.7;257.9;259.9;4686
2015-12-15;257.0;262.0;257.0;258.5;14337
2015-12-14;265.0;265.0;256.0;258.0;12700
2015-12-11;265.3;265.3;261.3;262.2;5823
2015-12-10;268.0;268.0;264.0;265.3;5398
2015-12-09;264.1;268.0;262.2;267.1;14224
2015-12-08;272.3;272.3;263.7;264.9;9022
2015-12-07;270.1;272.3;268.5;269.2;6341
2015-12-04;270.0;270.1;264.5;265.3;10639
2015-12-03;274.5;274.5;267.5;267.5;12237
2015-12-02;270.9;274.4;269.9;274.4;14079
2015-12-01;270.0;271.5;268.6;268.6;10825
2015-11-30;266.0;270.0;264.4;270.0;16044
2015-11-27;269.0;269.0;265.3;266.7;18036
2015-11-26;285.2;285.2;269.8;270.8;35462
2015-11-25;280.0;285.5;280.0;284.8;12045
2015-11-24;285.5;285.5;279.1;279.5;10827
2015-11-23;284.0;285.1;281.8;284.7;12690
2015-11-20;281.5;285.2;281.5;283.2;6942
2015-11-19;283.0;286.7;281.5;281.5;8803
2015-11-18;278.0;283.0;277.3;279.5;6258
2015-11-17;274.0;280.0;274.0;277.6;35806
2015-11-16;266.5;274.8;265.4;268.0;9429
2015-11-13;262.0;268.7;259.7;266.5;6191
2015-11-12;264.2;265.6;262.9;263.6;4150
2015-11-11;260.4;266.3;260.4;264.2;3827
2015-11-10;267.0;267.0;259.2;262.4;8434
2015-11-09;269.2;270.8;264.0;264.2;12481
2015-11-06;268.8;273.6;252.0;269.2;34905
2015-11-05;271.0;273.8;271.0;272.5;4417
2015-11-04;275.0;275.5;270.8;270.8;8476
2015-11-03;268.5;272.5;268.5;270.0;5720
2015-11-02;261.3;271.5;261.3;268.5;11266
2015-10-30;265.0;265.0;263.0;263.0;2241
2015-10-29;265.0;265.0;260.3;261.4;3595
2015-10-28;260.1;264.2;258.0;262.7;5267
2015-10-27;260.0;260.7;256.4;256.4;3523
2015-10-26;265.0;265.0;259.0;259.5;7503
2015-10-23;266.0;269.0;265.5;266.6;9557
2015-10-22;261.0;266.1;256.4;266.1;7255
2015-10-21;269.9;269.9;258.6;258.6;4456
2015-10-20;261.0;261.0;257.6;259.1;8975
2015-10-19;260.2;263.4;260.2;260.6;5831
2015-10-16;270.0;270.0;259.7;259.7;6605
2015-10-15;260.8;262.9;260.8;261.2;2698
2015-10-14;263.9;263.9;259.5;259.5;12400
2015-10-13;267.0;268.3;262.5;262.8;6694
2015-10-12;270.0;272.0;266.3;267.0;10878
2015-10-09;264.1;267.8;263.2;267.6;4225
2015-10-08;262.1;262.1;260.7;261.7;3707
2015-10-07;264.6;264.6;260.3;261.5;11055
2015-10-06;257.5;262.6;257.5;262.6;6234
2015-10-05;259.1;259.1;256.8;257.9;5561
2015-10-02;255.0;256.5;250.5;251.1;6141
2015-10-01;253.0;256.6;251.9;254.5;9762
2015-09-30;242.9;253.1;242.9;250.1;12683
2015-09-29;241.7;243.7;237.9;242.9;7263
2015-09-28;249.8;249.8;241.3;243.6;8105
2015-09-25;242.9;249.6;242.9;247.3;7471
2015-09-24;249.7;249.7;241.8;241.8;7174
2015-09-23;250.8;250.8;246.8;249.7;6009
2015-09-22;251.0;251.5;246.3;249.8;6553
2015-09-21;253.2;253.2;246.0;248.6;9539
2015-09-18;245.6;246.0;240.0;240.0;4880
2015-09-17;245.0;247.2;244.5;245.1;4729
2015-09-16;244.7;245.9;242.4;242.4;3442
2015-09-15;245.2;246.3;240.5;240.8;5536
2015-09-14;246.3;248.4;244.8;244.8;4901
2015-09-11;251.0;251.0;246.8;246.8;2256
2015-09-10;251.3;251.3;247.8;247.8;5376
2015-09-09;256.0;256.0;249.1;250.2;3294
2015-09-08;246.1;247.5;245.0;245.0;2953
2015-09-07;242.0;247.1;242.0;243.6;4102
2015-09-04;248.5;248.5;241.7;241.7;10970
2015-09-03;242.8;250.8;242.8;250.8;4596
2015-09-02;240.9;244.0;240.9;241.7;5889
2015-09-01;245.8;245.8;238.9;240.0;6199
2015-08-31;246.3;247.6;243.5;245.8;3452
2015-08-28;249.0;249.0;243.1;246.3;6430
2015-08-27;243.0;246.3;242.2;244.3;5999
2015-08-26;233.0;241.5;228.1;239.5;13087
2015-08-25;225.0;238.0;225.0;231.6;14096
2015-08-24;239.5;239.5;229.0;229.4;13405
2015-08-21;246.2;246.2;240.6;241.5;3774
2015-08-20;250.9;250.9;246.2;246.2;9937
2015-08-19;254.1;254.3;251.3;251.3;3043
2015-08-18;252.4;255.8;252.4;254.1;3543
2015-08-17;255.9;256.7;252.0;255.5;2902
2015-08-14;256.8;258.2;254.3;254.3;4796
2015-08-13;256.1;259.5;256.1;256.3;7589
2015-08-12;256.5;257.9;253.9;254.1;7869
2015-08-11;260.4;261.2;258.6;260.3;5780
2015-08-10;256.4;259.7;254.6;259.7;2964
2015-08-07;259.2;259.2;256.3;256.4;2394
2015-08-06;258.3;259.8;257.9;259.8;2582
2015-08-05;256.6;258.6;256.4;258.3;4565
2015-08-04;260.0;260.0;255.1;255.8;4053
2015-08-03;255.9;259.8;255.9;258.0;5128
2015-07-31;254.0;257.0;252.4;255.9;1761
2015-07-30;256.4;257.8;253.6;257.8;5087
2015-07-29;269.8;269.8;251.6;253.9;6633
2015-07-28;244.8;250.5;244.8;249.9;7904
2015-07-27;255.0;255.0;244.2;245.2;9937
2015-07-24;256.0;256.0;251.1;251.1;4501
2015-07-23;258.0;258.3;254.5;255.1;2889
2015-07-22;261.5;261.5;256.1;256.1;8324
2015-07-21;265.0;265.0;259.1;259.4;10251
2015-07-20;265.0;267.7;262.2;262.8;12172
2015-07-17;279.0;279.0;265.7;265.7;16558
2015-07-16;277.8;280.0;277.1;280.0;3463
2015-07-15;275.9;275.9;270.0;275.8;2074
2015-07-14;276.0;276.0;272.1;275.9;3342
2015-07-13;265.5;274.1;265.5;274.1;7909
2015-07-10;264.8;271.8;263.8;271.8;5124
2015-07-09;250.5;260.1;250.5;259.3;3875
2015-07-08;255.4;256.7;252.4;254.5;5875
2015-07-07;259.0;260.4;254.4;259.8;4250
2015-07-06;260.0;261.3;258.4;258.9;7117
2015-07-03;265.0;265.2;261.4;263.4;6542
2015-07-02;257.0;265.0;257.0;265.0;6297
2015-07-01;255.0;259.8;254.7;257.0;10403
2015-06-30;247.0;255.4;247.0;250.0;9230
2015-06-29;261.0;261.0;252.7;253.0;9640
2015-06-26;259.5;264.5;257.8;261.0;5095
2015-06-25;257.9;261.5;257.9;259.5;6445
2015-06-24;262.8;262.8;258.3;258.8;6568
2015-06-23;273.5;273.5;259.2;261.6;9504
2015-06-22;250.1;257.5;250.1;257.3;10157
2015-06-19;;250.0;250.0;250.0;0
2015-06-18;253.0;253.0;246.0;250.0;8570
2015-06-17;245.1;255.0;245.1;252.0;8789
2015-06-16;245.0;251.9;241.9;250.4;13882
2015-06-15;250.0;250.0;245.4;245.7;12860
2015-06-12;255.9;255.9;250.0;250.4;4303
2015-06-11;254.2;258.9;254.2;255.8;5771
2015-06-10;250.0;255.9;249.4;254.2;9432
2015-06-09;249.5;250.8;246.6;249.8;8729
2015-06-08;251.0;253.9;250.0;250.0;5791
2015-06-05;253.9;254.7;251.9;253.9;7097
2015-06-04;257.9;257.9;254.0;255.2;7665
2015-06-03;260.1;262.0;256.7;257.6;7974
2015-06-02;264.1;264.7;259.0;259.0;8693
2015-06-01;269.2;269.2;263.8;263.9;18504
2015-05-29;268.0;268.9;262.7;262.7;59247
2015-05-28;274.3;274.3;267.3;267.9;3270
2015-05-27;262.0;270.7;262.0;268.9;5469
2015-05-26;267.0;269.5;265.3;265.3;10711
2015-05-25;269.9;269.9;261.0;266.9;9008
2015-05-22;267.5;270.5;267.1;268.0;7577
2015-05-21;270.0;270.0;266.7;267.5;13300
2015-05-20;270.0;270.0;267.1;268.4;8932
2015-05-19;263.6;269.2;263.6;267.4;9193
2015-05-18;266.9;267.7;262.2;263.6;8783
2015-05-15;261.4;270.4;261.4;264.7;14165
2015-05-14;260.0;262.9;258.0;261.4;13258
2015-05-13;260.0;262.9;258.0;261.4;13258
2015-05-12;263.0;263.8;257.1;260.6;9085
2015-05-11;264.6;266.4;263.5;265.8;4085
2015-05-08;274.6;274.6;261.6;266.9;9683
2015-05-07;255.8;263.1;254.6;262.7;17837
2015-05-06;265.8;268.6;263.2;263.2;11022
2015-05-05;272.2;276.9;266.3;266.3;7085
2015-05-04;274.9;276.0;272.3;272.3;8245
2015-05-01;274.1;274.8;268.8;274.8;14793
2015-04-30;274.1;274.8;268.8;274.8;14793
2015-04-29;282.6;284.3;269.4;274.1;7654
2015-04-28;287.0;287.0;277.7;280.6;7007
2015-04-27;280.8;287.0;280.6;287.0;7436
2015-04-24;277.5;283.6;277.5;280.8;6633
2015-04-23;291.0;291.0;276.4;278.0;14380
2015-04-22;297.0;298.9;289.0;291.0;17606
2015-04-21;297.7;302.3;296.6;301.8;7353
2015-04-20;304.1;304.1;292.6;296.6;10615
2015-04-17;299.0;299.0;291.8;291.8;11936
2015-04-16;300.0;303.3;298.8;299.0;9568
2015-04-15;294.0;302.6;294.0;301.7;6988
2015-04-14;290.0;296.6;290.0;294.1;9740
2015-04-13;293.0;293.4;290.6;292.1;4635
2015-04-10;289.0;293.7;289.0;293.7;5225
2015-04-09;286.2;293.6;286.2;291.9;7870
2015-04-08;290.0;290.0;286.2;286.2;4250
2015-04-07;286.8;291.3;286.8;289.2;6216
2015-04-02;287.8;287.8;284.9;286.4;2385
2015-04-01;286.6;288.9;281.3;284.9;7288
2015-03-31;289.5;293.9;284.8;284.8;10117
2015-03-30;286.2;292.2;284.6;292.2;4282
2015-03-27;280.8;286.3;280.8;285.8;7613
2015-03-26;283.0;284.7;278.7;284.7;6020
2015-03-25;289.9;289.9;283.0;284.0;9492
2015-03-24;291.2;293.8;290.1;292.2;8478
2015-03-23;290.0;292.5;289.8;291.2;7983
2015-03-20;288.4;293.5;285.5;289.9;9655
2015-03-19;288.0;291.1;285.9;288.6;8164
2015-03-18;282.2;288.9;280.8;286.7;7204
2015-03-17;282.4;284.4;279.5;283.0;7883
2015-03-16;282.4;286.5;281.6;284.1;8171
2015-03-13;281.1;281.7;279.0;281.6;5597
2015-03-12;281.0;282.0;278.2;281.1;3937
2015-03-11;277.2;280.2;276.0;280.2;6412
2015-03-10;280.2;281.3;275.5;275.5;7124
2015-03-09;281.2;282.1;277.9;280.5;7379
2015-03-06;286.6;286.6;281.2;281.2;4296
2015-03-05;283.1;287.3;283.1;283.9;4777
2015-03-04;285.1;285.1;275.7;282.7;18674
2015-03-03;291.7;293.1;285.6;285.6;8266
2015-03-02;291.1;294.9;288.6;290.7;15511
2015-02-27;293.9;293.9;290.3;291.2;9794
2015-02-26;293.6;294.6;291.5;293.8;9272
2015-02-25;293.1;294.2;290.8;294.2;9561
2015-02-24;291.4;293.1;288.6;293.1;7265
2015-02-23;291.0;295.0;291.0;293.4;13592
2015-02-20;293.4;293.4;289.1;291.0;10323
2015-02-19;291.9;292.9;288.6;292.9;4069
2015-02-18;288.0;292.5;288.0;291.9;9726
2015-02-17;292.2;292.2;286.2;288.3;9883
2015-02-16;292.0;292.2;290.0;291.1;9644
2015-02-13;283.9;291.7;283.9;290.4;21556
2015-02-12;276.1;285.5;275.7;283.9;18487
2015-02-11;275.1;279.3;274.8;275.2;10155
2015-02-10;272.6;277.9;272.6;277.7;16497
2015-02-09;273.6;274.5;270.0;272.3;16615
2015-02-06;274.3;275.3;272.7;275.0;9394
2015-02-05;275.0;275.3;272.0;275.3;10384
2015-02-04;275.0;275.8;269.6;272.0;13915
2015-02-03;271.8;276.5;271.8;274.4;17799
2015-02-02;268.0;273.2;267.2;271.8;11591
2015-01-30;269.1;269.1;267.5;267.5;9447
2015-01-29;268.0;269.0;264.9;267.6;11367
2015-01-28;263.8;269.0;261.0;267.5;10054
2015-01-27;270.8;270.8;261.0;262.1;21545
2015-01-26;266.0;270.8;265.4;270.8;11280
2015-01-23;267.0;271.9;266.0;266.0;9053
2015-01-22;260.0;267.2;259.8;266.2;13793
2015-01-21;260.0;260.0;257.5;259.4;9277
2015-01-20;258.5;260.1;256.7;258.3;7537
2015-01-19;255.0;260.0;255.0;258.5;8492
2015-01-16;255.6;256.6;251.9;255.2;5811
2015-01-15;256.0;256.0;248.7;255.6;7561
2015-01-14;257.0;257.0;252.3;253.7;9589
2015-01-13;254.8;257.4;253.9;256.3;11093
2015-01-12;253.0;254.8;250.0;252.9;8540
2015-01-09;250.9;253.6;247.6;247.6;6232
2015-01-08;243.5;252.2;243.5;250.9;11518
2015-01-07;246.0;246.0;238.8;240.8;7566
2015-01-06;;246.0;246.0;246.0;0
2015-01-05;248.4;248.4;245.6;246.0;2839
2015-01-02;249.0;249.0;246.5;246.6;12702
2015-01-01;249.0;249.0;244.0;245.2;9290
2014-12-30;249.0;249.0;244.0;245.2;9290
2014-12-29;248.6;249.0;245.7;246.7;10223
2014-12-23;245.0;247.4;244.3;247.4;11603
2014-12-22;243.3;243.8;241.1;243.3;8214
2014-12-19;241.1;241.8;236.0;239.7;36210
2014-12-18;236.0;241.5;236.0;240.7;17331
2014-12-17;236.2;236.2;231.2;235.0;6412
2014-12-16;230.0;235.0;226.5;235.0;8661
2014-12-15;235.0;236.0;230.6;231.1;7322
2014-12-12;234.8;236.6;232.0;234.6;8086
2014-12-11;235.0;235.0;232.6;234.0;5253
2014-12-10;230.5;235.8;230.5;235.5;3061
2014-12-09;237.3;237.3;231.2;232.3;2544
2014-12-08;235.5;236.3;234.9;235.9;4277
2014-12-05;235.0;235.5;233.3;235.5;3465
2014-12-04;235.0;236.2;231.1;232.5;10526
2014-12-03;232.8;234.5;232.0;234.5;4994
2014-12-02;228.4;232.8;228.4;232.8;8790
2014-12-01;231.9;231.9;227.2;228.3;5114
2014-11-28;231.7;232.0;229.9;230.8;22868
2014-11-27;229.0;231.6;227.6;230.2;5356
2014-11-26;229.2;229.8;227.0;227.6;16973
2014-11-25;225.3;232.0;225.3;232.0;19943
2014-11-24;223.2;226.4;223.2;225.3;10304
2014-11-21;220.0;224.2;220.0;223.8;9370
2014-11-20;217.4;219.5;216.3;219.2;6304
2014-11-19;219.6;219.6;216.2;217.2;8035
2014-11-18;214.0;218.4;214.0;217.7;6229
2014-11-17;215.6;215.6;212.2;214.3;5778
2014-11-14;216.1;216.1;212.0;215.6;6148
2014-11-13;217.5;218.2;213.2;213.2;7110
2014-11-12;221.9;221.9;216.0;216.2;9998
2014-11-11;219.0;221.7;218.5;218.9;6609
2014-11-10;216.8;218.7;216.7;218.7;7907
2014-11-07;217.2;218.7;215.0;216.3;6818
2014-11-06;218.0;218.5;215.9;216.0;5879
2014-11-05;217.5;217.9;214.8;217.3;5915
2014-11-04;216.9;217.5;214.0;214.4;7279
2014-11-03;217.9;218.4;215.0;215.9;9789
2014-10-31;215.0;217.3;214.7;217.3;6343
2014-10-30;214.0;214.0;209.9;212.0;10152
2014-10-29;212.9;216.8;212.9;213.3;11696
2014-10-28;212.7;213.3;209.7;212.4;9347
2014-10-24;235.0;235.0;214.9;217.6;14289
2014-10-23;220.6;223.7;218.4;223.0;5542
2014-10-22;220.0;221.6;219.3;220.4;6823
2014-10-21;216.0;218.6;213.1;218.6;20702
2014-10-20;222.4;222.4;214.0;216.3;14508
2014-10-17;208.2;216.7;207.5;216.3;12724
2014-10-16;206.9;209.3;199.1;208.2;13692
2014-10-15;212.0;213.6;206.5;207.5;17002
2014-10-14;205.0;212.2;205.0;212.2;4695
2014-10-13;211.8;211.9;205.9;206.9;8917
2014-10-10;215.0;215.1;209.0;212.0;12795
2014-10-09;216.0;222.9;214.8;215.2;8873
2014-10-08;221.4;221.4;212.3;214.8;448438
2014-10-07;233.0;233.0;221.3;222.0;23401
2014-10-06;235.0;237.1;232.8;232.8;5677
2014-10-03;229.4;233.7;229.4;232.0;4748
2014-10-02;238.0;238.0;229.3;229.3;17761
2014-10-01;240.0;240.0;235.1;235.1;3337
2014-09-30;240.0;240.0;237.1;238.0;4130
2014-09-29;235.7;239.5;235.4;236.7;4723
2014-09-26;236.9;236.9;234.5;235.7;11491
2014-09-25;239.6;240.8;236.9;237.0;4338
2014-09-24;235.9;237.3;234.3;237.3;5719
2014-09-23;238.7;238.7;234.0;237.3;5758
2014-09-22;238.8;239.7;237.6;237.8;9401
2014-09-19;238.6;239.7;237.6;238.8;7379
2014-09-18;235.7;236.5;233.3;236.3;5914
2014-09-17;225.0;232.8;225.0;231.6;3200
2014-09-16;233.8;233.8;229.0;229.3;6946
2014-09-15;231.6;233.9;228.3;233.7;5109
2014-09-12;231.6;232.6;230.2;231.5;6694
2014-09-11;235.0;235.0;229.5;230.7;16495
2014-09-10;227.0;227.2;226.0;226.1;2976
2014-09-09;230.9;230.9;229.0;229.2;1531
2014-09-08;227.5;231.3;227.5;229.5;5541
2014-09-05;229.8;229.8;226.1;226.6;2498
2014-09-04;227.0;228.6;225.5;227.4;5353
2014-09-03;224.9;227.0;224.4;227.0;8686
2014-09-02;226.7;226.7;222.9;224.7;4659
2014-09-01;235.0;235.0;222.9;225.0;10113
2014-08-29;226.0;226.0;220.7;225.5;4296
2014-08-28;224.0;224.0;220.9;220.9;6923
2014-08-27;223.8;224.7;223.7;224.0;1658
2014-08-26;221.7;223.7;221.6;222.8;2635
2014-08-25;220.0;221.9;219.4;220.3;2075
2014-08-22;221.0;221.0;218.6;218.6;1784
2014-08-21;220.0;220.5;219.2;219.7;4101
2014-08-20;218.0;218.3;217.2;218.3;1167
2014-08-19;215.0;218.1;214.8;217.8;3626
2014-08-18;210.0;214.1;210.0;213.1;1698
2014-08-15;212.0;214.2;210.7;210.7;2779
2014-08-14;212.0;213.3;210.4;210.4;2709
2014-08-13;212.7;215.0;211.9;211.9;6923
2014-08-12;214.8;215.3;210.7;212.2;8453
2014-08-11;207.1;214.8;207.1;214.8;3720
2014-08-08;222.0;222.0;204.8;207.1;2768
2014-08-07;211.6;211.6;209.0;209.9;5836
2014-08-06;216.0;216.0;210.3;212.0;2066
2014-08-05;215.2;216.4;214.1;214.1;6669
2014-08-04;214.4;215.8;213.9;214.2;3828
2014-08-01;216.5;216.5;211.9;214.8;4255
2014-07-31;221.6;221.6;215.5;216.8;4664
2014-07-30;223.2;223.2;220.9;220.9;3576
2014-07-29;225.0;225.0;223.0;223.1;1619
2014-07-28;227.2;227.8;224.0;224.0;3061
2014-07-25;228.0;228.0;225.8;226.3;1074
2014-07-24;229.0;229.7;226.4;228.0;3554
2014-07-23;227.8;229.8;227.8;229.3;3201
2014-07-22;226.2;227.8;225.5;227.1;3044
2014-07-21;224.2;226.2;222.9;226.2;5414
2014-07-18;225.3;227.5;224.3;224.9;4807
2014-07-17;228.5;229.9;227.7;227.7;14832
2014-07-16;227.7;230.0;225.5;228.0;11438
2014-07-15;230.7;230.7;224.6;225.5;13376
2014-07-14;228.7;230.4;228.7;230.0;12938
2014-07-11;223.9;227.2;223.9;225.3;1810
2014-07-10;228.3;229.9;224.5;225.4;10015
2014-07-09;238.0;238.0;230.1;230.9;2788
2014-07-08;230.2;237.3;230.2;232.0;5959
2014-07-07;237.0;238.2;235.6;235.7;3555
2014-07-04;236.9;239.2;236.9;237.2;3684
2014-07-03;230.6;236.9;230.6;235.9;20249
2014-07-02;230.1;232.6;230.0;230.0;1973
2014-07-01;230.0;231.7;228.9;230.6;3283
2014-06-30;230.3;232.3;229.4;229.4;3553
2014-06-27;230.6;231.4;228.8;230.3;6509
2014-06-26;230.9;232.3;229.3;230.0;2858
2014-06-25;230.5;231.4;228.6;229.5;4063
2014-06-24;234.0;235.3;231.1;231.1;7152
2014-06-23;231.0;235.8;230.9;234.2;6335
2014-06-20;;231.9;231.9;231.9;0
2014-06-19;230.5;233.6;230.1;231.9;5833
2014-06-18;232.0;232.0;230.5;230.5;3849
2014-06-17;233.0;233.0;229.0;232.0;3398
2014-06-16;237.7;237.7;232.4;232.4;1984
2014-06-13;239.9;239.9;234.8;234.8;10669
2014-06-12;240.3;241.6;238.0;239.9;17833
2014-06-11;243.3;243.7;239.7;240.4;4907
2014-06-10;240.4;249.2;238.5;243.2;6476
2014-06-09;235.5;241.4;235.5;240.4;8432
2014-06-06;;236.0;236.0;236.0;0
2014-06-05;230.8;236.3;230.8;236.0;3468
2014-06-04;236.0;236.0;232.7;235.3;5309
2014-06-03;232.0;235.4;232.0;233.7;3601
2014-06-02;235.0;236.9;235.0;236.9;8440
2014-05-30;232.0;235.4;232.0;235.1;18503
2014-05-28;235.5;236.0;234.4;234.4;7315
2014-05-27;232.5;236.3;231.9;235.5;8743
2014-05-26;231.0;233.0;230.6;232.4;3929
2014-05-23;229.2;230.7;229.1;230.7;4659
2014-05-22;230.0;231.0;229.1;229.1;4933
2014-05-21;230.2;231.2;228.7;230.4;3019
2014-05-20;231.2;233.8;229.9;229.9;5897
2014-05-19;230.0;233.6;228.7;233.6;8884
2014-05-16;234.0;234.0;228.6;230.9;6719
2014-05-15;237.5;237.5;231.5;232.7;3241
2014-05-14;233.0;237.2;233.0;236.5;7630
2014-05-13;236.2;237.6;233.1;236.0;7507
2014-05-12;227.0;233.9;227.0;233.9;5180
2014-05-09;230.6;232.8;230.0;231.4;5196
2014-05-08;228.0;232.0;227.7;232.0;15121
2014-05-07;228.0;229.1;224.9;224.9;8718
2014-05-06;228.4;229.9;226.3;228.1;5040
2014-05-05;226.7;229.0;224.5;228.7;2789
2014-05-02;230.0;230.0;225.7;227.1;11733
2014-05-01;;231.1;231.1;231.1;0
2014-04-30;225.5;231.1;223.2;231.1;8214
2014-04-29;218.8;227.6;216.3;226.4;10933
2014-04-28;221.8;222.0;219.8;220.4;1330
2014-04-25;222.5;223.9;221.7;221.8;4258
2014-04-24;224.0;224.0;221.3;222.5;4639
2014-04-23;224.5;224.5;220.5;220.5;6540
2014-04-22;223.6;225.6;223.3;225.6;9451
2014-04-17;222.1;224.2;222.1;224.0;1228
2014-04-16;219.8;221.3;219.3;219.8;9328
2014-04-15;220.0;222.1;216.1;216.7;4797
2014-04-14;218.0;221.3;216.0;221.3;9530
2014-04-11;225.6;225.6;218.0;219.8;14297
2014-04-10;231.0;231.1;226.9;226.9;8463
2014-04-09;230.3;230.8;228.7;230.8;4214
2014-04-08;233.3;233.3;227.2;228.5;8020
2014-04-07;234.8;234.8;230.7;231.1;3942
2014-04-04;230.0;235.1;230.0;235.1;5751
2014-04-03;231.0;231.0;226.0;230.7;10323
2014-04-02;236.0;238.0;233.2;233.3;18002
2014-04-01;233.2;237.8;233.2;236.0;11678
2014-03-31;232.3;235.0;232.3;233.2;18993
2014-03-28;229.0;232.3;229.0;232.3;2683
2014-03-27;230.0;231.4;227.4;227.4;14834
2014-03-26;226.1;231.0;225.5;229.3;5334
2014-03-25;221.0;225.7;221.0;224.8;6958
2014-03-24;226.7;226.7;219.5;219.5;19619
2014-03-21;223.0;226.5;223.0;226.5;47400
2014-03-20;224.6;224.6;222.1;223.2;5488
2014-03-19;225.6;226.0;224.0;225.1;4455
2014-03-18;223.0;225.6;222.6;225.6;13080
2014-03-17;218.0;223.0;217.2;223.0;5907
2014-03-14;217.7;218.4;215.2;218.4;5708
2014-03-13;220.8;221.9;217.7;217.7;4637
2014-03-12;223.0;223.0;218.5;220.7;5626
2014-03-11;222.1;223.0;220.9;222.8;18451
2014-03-10;220.5;223.0;219.2;220.9;5982
2014-03-07;225.0;225.0;218.3;218.3;12538
2014-03-06;223.0;225.0;221.7;225.0;11796
2014-03-05;220.9;223.9;220.9;221.6;8111
2014-03-04;214.4;221.7;214.4;220.7;13726
2014-03-03;219.7;219.7;213.9;214.7;16225
2014-02-28;221.7;224.5;220.8;224.2;12755
2014-02-27;220.5;221.2;219.0;221.1;4086
2014-02-26;218.0;221.7;218.0;220.5;10314
2014-02-25;215.0;217.4;215.0;216.5;6816
2014-02-24;212.3;214.7;211.6;214.7;7288
2014-02-21;210.0;212.0;210.0;211.7;3459
2014-02-20;212.0;212.0;209.0;210.2;4320
2014-02-19;214.0;214.0;209.9;212.3;7978
2014-02-18;213.4;213.9;211.2;212.4;6583
2014-02-17;212.9;213.9;212.9;213.0;303
2014-02-14;212.8;213.2;212.2;212.4;2441
2014-02-13;211.3;212.4;210.0;212.4;745
2014-02-12;213.4;214.4;211.8;212.8;4855
2014-02-11;207.9;212.7;207.9;211.4;5782
2014-02-10;207.0;209.9;207.0;207.6;4997
2014-02-07;207.0;207.1;205.3;206.9;4763
2014-02-06;202.7;206.9;202.7;206.6;11920
2014-02-05;202.8;204.5;202.8;202.8;8400
2014-02-04;200.6;203.7;198.0;201.8;8286
2014-02-03;209.2;210.5;202.0;202.1;13995
2014-01-31;239.2;242.0;208.6;208.8;17054
2014-01-30;214.1;221.6;210.1;221.6;14410
2014-01-29;219.0;221.3;214.1;214.1;8212
2014-01-28;214.4;218.3;213.8;218.0;8453
2014-01-27;216.3;216.4;210.0;214.0;18378
2014-01-24;222.0;222.0;217.3;217.8;4560
2014-01-23;224.6;226.0;221.0;221.9;7632
2014-01-22;224.4;225.6;223.0;225.0;3764
2014-01-21;223.3;223.7;222.4;222.4;6250
2014-01-20;224.0;225.9;221.3;223.3;9655
2014-01-17;222.0;224.1;221.9;224.1;3788
2014-01-16;222.0;223.9;220.8;221.9;8210
2014-01-15;219.6;221.5;219.5;221.5;6270
2014-01-14;218.6;218.6;214.6;217.8;11224
2014-01-13;219.0;219.1;217.3;218.5;13447
2014-01-10;216.8;216.8;213.4;216.1;3775
2014-01-09;213.4;213.6;211.8;212.0;4424
2014-01-08;215.8;216.1;212.5;213.4;7562
2014-01-07;219.6;219.6;214.0;215.8;8255
2014-01-06;;214.7;214.7;214.7;0
2014-01-03;210.0;214.7;210.0;214.7;5853
2014-01-02;208.8;210.0;208.0;209.9;2711
2013-12-31;;209.5;209.5;209.5;0
2013-12-30;211.4;212.0;209.0;209.5;9420
2013-12-27;208.3;212.7;208.3;211.4;3035
2013-12-23;205.5;209.3;205.5;208.3;7171
2013-12-20;207.0;207.2;205.5;205.5;4163
2013-12-19;198.5;206.5;198.5;206.5;6592
2013-12-18;193.2;201.2;193.2;200.1;2578
2013-12-17;205.0;205.0;198.0;198.2;3155
2013-12-16;200.8;201.0;196.4;198.5;10214
2013-12-13;200.8;202.4;200.7;201.2;1243
2013-12-12;192.0;203.3;192.0;200.8;3851
2013-12-11;196.5;204.5;196.5;201.9;5278
2013-12-10;199.6;200.9;198.0;200.9;4795
2013-12-09;200.0;200.0;197.1;199.6;5290
2013-12-06;198.3;198.3;196.1;197.3;5567
2013-12-05;196.1;198.5;194.7;198.3;1571
2013-12-04;198.0;198.5;194.9;197.1;2058
2013-12-03;202.0;202.1;197.7;198.7;8023
2013-12-02;203.0;204.2;202.0;202.0;1980
2013-11-29;205.3;206.1;204.2;204.2;760
2013-11-28;205.5;206.2;205.3;205.3;2609
2013-11-27;206.5;206.5;203.8;205.1;8497
2013-11-26;196.6;207.4;196.6;207.4;8050
2013-11-25;200.0;202.1;200.0;201.7;8400
2013-11-22;200.0;200.5;199.1;200.0;966
2013-11-21;199.5;199.5;198.2;199.0;2018
2013-11-20;200.0;201.0;197.1;200.1;4396
2013-11-19;202.2;202.8;200.0;200.0;3084
2013-11-18;202.2;203.5;201.0;203.5;8873
2013-11-15;203.0;204.0;201.4;201.4;2112
2013-11-14;203.5;203.9;201.5;203.9;1633
2013-11-13;205.0;205.0;200.8;201.3;4191
2013-11-12;207.1;207.1;202.0;204.5;3631
2013-11-11;200.9;207.1;200.9;207.1;5956
2013-11-08;205.0;205.0;199.8;200.9;16441
2013-11-07;205.0;207.2;204.4;204.9;9606
2013-11-06;203.7;206.7;203.7;205.7;18132
2013-11-05;201.0;203.7;201.0;202.5;4037
2013-11-04;201.0;205.4;201.0;201.0;7836
2013-11-01;203.0;203.0;199.1;201.0;1741
2013-10-31;199.5;203.0;198.4;203.0;3109
2013-10-30;198.0;201.0;198.0;198.0;8524
2013-10-29;199.5;199.9;198.0;198.0;5229
2013-10-28;193.4;199.6;193.4;199.6;12501
2013-10-25;194.2;194.2;188.5;192.4;8114
2013-10-24;197.6;198.0;191.3;193.3;11194
2013-10-23;196.5;197.0;195.0;196.7;3694
2013-10-22;195.3;196.5;195.3;196.4;6604
2013-10-21;197.0;197.0;193.8;194.7;3756
2013-10-18;197.7;197.7;193.2;193.5;5384
2013-10-17;194.0;198.0;192.1;198.0;3614
2013-10-16;191.4;193.4;190.3;193.4;3740
2013-10-15;190.0;193.3;190.0;193.2;3542
2013-10-14;191.9;191.9;189.5;189.5;3198
2013-10-11;193.0;194.0;192.4;192.4;8593
2013-10-10;187.5;192.0;187.5;191.8;2502
2013-10-09;186.0;186.1;183.2;186.1;5766
2013-10-08;187.0;187.7;185.8;186.1;4181
2013-10-07;188.0;188.3;186.9;186.9;2406
2013-10-04;194.0;194.0;187.1;189.8;2959
2013-10-03;191.0;191.0;189.2;189.8;637
2013-10-02;188.6;191.4;188.6;191.2;2678
2013-10-01;192.0;192.0;188.5;191.7;20774
2013-09-30;190.8;192.2;188.6;192.2;2617
2013-09-27;194.0;194.0;191.2;191.2;5035
2013-09-26;194.0;194.4;193.0;194.0;1957
2013-09-25;197.0;197.0;193.0;194.0;6577
2013-09-24;191.0;196.0;191.0;196.0;8882
2013-09-23;191.0;191.5;190.0;191.5;7179
2013-09-20;190.5;191.7;190.0;190.0;4805
2013-09-19;195.0;195.0;190.1;190.1;26816
2013-09-18;188.0;195.0;188.0;195.0;1183
2013-09-17;188.0;188.6;187.5;188.6;2404
2013-09-16;189.0;190.0;188.2;188.5;4907
2013-09-13;188.5;189.0;188.0;189.0;1157
2013-09-12;191.0;192.1;188.5;188.5;9869
2013-09-11;182.7;190.0;182.7;189.9;13290
2013-09-10;182.7;190.0;182.7;190.0;5818
2013-09-09;182.4;182.5;181.1;182.2;7295
2013-09-06;182.0;182.5;179.9;182.5;1638
2013-09-05;179.5;182.8;179.5;182.5;6920
2013-09-04;178.5;178.5;177.0;177.7;5321
2013-09-03;175.0;177.9;175.0;177.4;532700
2013-09-02;175.0;176.1;174.4;175.6;11401
2013-08-30;177.0;177.0;173.6;175.0;4646
2013-08-29;170.0;173.1;170.0;173.1;6266
2013-08-28;167.9;169.0;167.3;168.6;3392
2013-08-27;171.4;171.4;167.9;167.9;3269
2013-08-26;172.0;172.0;170.4;171.3;2060
2013-08-23;171.3;172.1;170.7;171.6;5527
2013-08-22;171.6;171.8;170.9;171.3;4817
2013-08-21;173.0;173.0;169.8;169.8;1212
2013-08-20;175.0;175.0;173.0;173.0;2862
2013-08-19;169.0;175.7;169.0;175.6;11439
2013-08-16;174.0;174.0;169.7;173.9;8710
2013-08-15;178.0;178.0;174.5;175.1;7339
2013-08-14;177.0;178.8;177.0;178.8;8089
2013-08-13;172.4;178.2;172.4;177.1;13397
2013-08-12;172.0;172.0;170.5;172.0;3180
2013-08-09;171.5;171.5;170.6;171.1;1818
2013-08-08;171.0;171.2;169.7;170.6;1288
2013-08-07;171.0;171.0;170.0;170.0;975
2013-08-06;171.8;171.8;169.4;170.8;10089
2013-08-05;173.4;173.4;170.5;171.0;5415
2013-08-02;171.2;172.0;170.7;172.0;2551
2013-08-01;165.0;171.6;165.0;171.6;2048
2013-07-31;171.3;171.3;169.6;170.7;2900
2013-07-30;171.7;171.7;169.1;171.3;3361
2013-07-29;170.4;172.4;170.4;171.7;2440
2013-07-26;173.2;173.2;170.4;170.4;635
2013-07-25;173.8;173.8;173.8;173.8;2700
2013-07-24;174.2;174.2;171.5;173.1;4117
2013-07-23;171.1;173.0;171.1;171.8;1673
2013-07-22;171.6;172.3;170.4;170.7;8698
2013-07-19;171.0;172.0;169.7;171.5;1199
2013-07-18;168.1;171.0;168.1;171.0;8531
2013-07-17;166.7;168.2;164.5;168.1;5499
2013-07-16;165.5;165.5;164.2;165.2;2074
2013-07-15;165.0;167.1;164.5;165.2;1479
2013-07-12;167.5;168.5;164.9;165.1;2398
2013-07-11;165.1;167.7;165.0;167.7;9234
2013-07-10;163.5;165.1;162.7;165.1;6194
2013-07-09;162.6;163.6;161.9;163.3;13324
2013-07-08;163.0;163.0;160.9;162.7;2878
2013-07-05;159.0;162.0;159.0;162.0;5674
2013-07-04;159.6;160.0;157.8;160.0;2502
2013-07-03;158.0;158.0;151.0;151.0;1266
2013-07-02;158.1;158.1;154.5;157.7;1742
2013-07-01;155.8;156.0;151.8;156.0;1966
2013-06-28;153.0;159.1;152.3;159.1;1690
2013-06-27;152.0;154.0;149.8;153.0;789
2013-06-26;152.0;152.0;148.8;150.1;2924
2013-06-25;148.2;152.0;148.0;152.0;1922
2013-06-24;151.0;152.0;145.5;145.5;7564
2013-06-21;;151.0;151.0;151.0;0
2013-06-20;156.4;156.4;151.0;151.0;2233
2013-06-19;156.8;158.9;155.5;156.4;2008
2013-06-18;156.2;156.4;155.6;155.6;2216
2013-06-17;152.0;156.2;152.0;156.2;3482
2013-06-14;154.7;154.7;152.9;152.9;1601
2013-06-13;154.0;154.0;150.3;152.3;3739
2013-06-12;152.6;155.0;152.6;154.2;5074
2013-06-11;155.9;156.9;151.9;151.9;2460
2013-06-10;154.7;157.4;154.7;154.8;3816
2013-06-07;155.5;155.7;152.7;154.6;5561
2013-06-06;;155.5;155.5;155.5;0
2013-06-05;156.2;157.7;155.5;155.5;1836
2013-06-04;160.2;160.2;158.7;159.2;1004
2013-06-03;159.0;160.0;155.0;155.0;1516
2013-05-31;158.0;159.0;157.5;157.5;2211
2013-05-30;159.0;160.7;157.6;159.8;7534
2013-05-29;160.0;160.0;158.8;158.9;2735
2013-05-28;157.0;160.7;156.4;160.2;105029
2013-05-27;159.3;159.3;154.9;156.5;2084
2013-05-24;150.1;159.3;150.1;159.3;4299
2013-05-23;158.0;158.0;154.5;155.8;5714
2013-05-22;158.7;161.8;158.7;161.0;2571
2013-05-21;161.0;161.0;158.4;158.5;2486
2013-05-20;158.6;160.2;158.6;160.2;667
2013-05-17;165.0;165.0;157.8;158.6;4433
2013-05-16;156.0;159.3;156.0;159.3;381
2013-05-15;157.1;159.0;157.0;159.0;16049
2013-05-14;157.2;157.7;155.5;156.9;503094
2013-05-13;158.1;158.4;155.9;157.2;190578
2013-05-10;159.4;159.4;157.2;158.0;1280
2013-05-09;;157.0;157.0;157.0;0
2013-05-08;156.9;157.0;155.9;157.0;1067
2013-05-07;155.8;157.9;155.0;157.7;1402
2013-05-06;153.6;156.2;153.6;155.9;1236
2013-05-03;152.4;153.9;149.1;153.6;15444
2013-05-02;153.0;155.2;152.2;155.2;1653
2013-05-01;;152.0;152.0;152.0;0
2013-04-30;153.0;153.1;151.5;152.0;627
2013-04-29;151.5;153.0;151.0;153.0;1481
2013-04-26;151.6;152.5;150.8;151.9;1700
2013-04-25;150.0;153.0;150.0;151.5;2770
2013-04-24;147.6;150.0;147.6;150.0;2379
2013-04-23;144.7;147.4;144.1;147.4;2706
2013-04-22;142.8;145.0;142.8;144.4;3864
2013-04-19;142.0;144.2;142.0;142.5;16060
2013-04-18;142.5;144.6;142.0;142.0;5883
2013-04-17;148.0;148.0;141.8;144.1;5318
2013-04-16;146.0;146.6;142.8;146.6;4156
2013-04-15;148.1;148.1;145.8;146.4;3428
2013-04-12;152.0;152.0;148.1;148.1;994
2013-04-11;149.7;150.9;148.0;150.3;4161
2013-04-10;151.2;151.2;148.2;149.7;10128
2013-04-09;163.0;165.0;161.0;161.0;2193
2013-04-08;162.0;162.8;161.3;161.3;11154
2013-04-05;164.0;164.2;157.4;161.5;6400
2013-04-04;167.1;167.1;162.7;163.3;6166
2013-04-03;166.1;169.1;166.1;166.8;5209
2013-04-02;164.0;166.1;163.6;166.1;5991
2013-04-01;;162.7;162.7;162.7;0
2013-03-29;163.7;162.7;162.7;162.7;4622
2013-03-28;163.7;164.0;162.8;162.8;4622
2013-03-27;163.7;164.0;162.8;162.8;4622
2013-03-26;163.0;163.6;163.0;163.5;10580
2013-03-25;165.9;165.9;162.4;163.7;8425
2013-03-22;162.2;166.1;159.0;166.1;10806
2013-03-21;162.4;162.4;160.9;161.9;1560
2013-03-20;162.2;163.5;161.8;161.8;3333
2013-03-19;166.0;166.0;162.0;162.0;5719
2013-03-18;167.6;167.6;164.3;165.7;4189
2013-03-15;169.5;169.5;168.3;169.4;11311
2013-03-14;168.7;169.9;168.4;169.9;3026
2013-03-13;168.9;168.9;166.0;167.0;2930
2013-03-12;172.5;172.5;167.5;167.5;7960
2013-03-11;171.0;172.9;169.4;172.9;3184
2013-03-08;170.9;171.3;170.3;171.2;3153
2013-03-07;170.0;170.1;168.0;169.7;6294
2013-03-06;169.9;170.5;169.0;170.2;4566
2013-03-05;168.0;169.2;166.8;168.1;2942
2013-03-04;165.4;167.0;165.4;167.0;582
2013-03-01;169.9;169.9;165.2;166.1;2733
2013-02-28;167.5;168.6;167.0;168.6;3369
2013-02-27;163.2;166.9;163.2;166.4;21397
2013-02-26;167.7;167.7;163.5;164.2;28340
2013-02-25;165.1;167.7;165.1;167.7;33205
2013-02-22;165.5;166.3;164.6;165.1;9401
2013-02-21;169.1;169.1;164.6;166.3;4900
2013-02-20;171.9;171.9;168.4;170.0;5144
2013-02-19;170.2;170.2;165.5;167.6;10359
2013-02-18;166.9;167.7;165.1;165.3;5222
2013-02-15;169.5;169.5;164.9;166.3;5798
2013-02-14;162.5;166.0;162.4;166.0;5820
2013-02-13;159.1;164.1;159.1;162.3;5979
2013-02-12;157.9;159.4;157.0;159.1;4811
2013-02-11;157.0;158.8;156.5;158.8;8413
2013-02-08;159.0;159.0;155.8;157.5;3757
2013-02-07;154.5;157.0;154.5;154.7;10937
2013-02-06;154.9;155.7;153.3;154.8;17898
2013-02-05;152.1;154.8;151.8;154.8;7758
2013-02-04;152.5;153.6;150.9;150.9;7671
2013-02-01;149.0;153.6;149.0;151.9;7484
2013-01-31;151.6;151.6;148.0;148.1;9558
2013-01-30;145.8;152.0;145.3;151.6;12952
2013-01-29;144.2;144.4;141.0;141.0;6465
2013-01-28;145.0;145.0;142.8;143.0;11052
2013-01-25;147.5;147.5;141.7;145.0;2497
2013-01-24;145.5;145.5;143.5;143.8;7048
2013-01-23;146.0;146.0;144.1;145.0;3489
2013-01-22;147.0;147.0;144.9;145.4;7907
2013-01-21;143.0;147.0;142.6;147.0;7081
2013-01-18;144.0;144.0;142.7;142.7;1367
2013-01-17;144.0;144.0;142.6;142.9;3527
2013-01-16;141.0;144.0;140.7;144.0;1323
2013-01-15;141.2;142.6;140.8;141.4;69260
2013-01-14;142.4;144.0;141.0;141.0;36635
2013-01-11;141.0;142.0;141.0;141.0;1095
2013-01-10;139.0;140.2;139.0;140.2;173
2013-01-09;140.0;141.5;140.0;140.4;1633
2013-01-08;141.3;141.9;139.5;139.5;5558
2013-01-07;142.5;142.5;140.0;141.6;3291
2013-01-04;142.4;142.4;138.8;140.0;4236
2013-01-03;139.1;142.5;138.0;142.5;2388
2013-01-02;136.0;139.6;136.0;139.5;10661
2013-01-01;;136.0;136.0;136.0;0
2012-12-31;;136.0;136.0;136.0;0
2012-12-28;136.5;137.1;136.0;136.0;1666
2012-12-27;136.0;137.4;136.0;136.5;4123
2012-12-26;;138.0;138.0;138.0;0
2012-12-25;;138.0;138.0;138.0;0
2012-12-24;;138.0;138.0;138.0;0
2012-12-21;138.5;138.5;132.0;138.0;1914
2012-12-20;140.0;140.0;137.0;138.3;1431
2012-12-19;138.3;139.6;137.6;139.6;4164
2012-12-18;136.5;138.4;136.5;137.2;7641
2012-12-17;134.2;136.9;134.2;136.6;2688
2012-12-14;134.0;138.5;133.3;138.5;3466
2012-12-13;135.4;135.9;133.1;133.1;3495
2012-12-12;133.8;136.8;133.8;136.0;5936
2012-12-11;133.0;134.7;133.0;134.4;2338
2012-12-10;133.7;133.7;131.5;132.9;1967
2012-12-07;132.6;132.7;131.0;132.7;1626
2012-12-06;132.0;133.7;131.9;132.6;4698
2012-12-05;130.0;132.2;130.0;130.7;6761
2012-12-04;130.0;130.6;128.6;128.6;4030
2012-12-03;128.6;131.5;128.6;131.0;1050
2012-11-30;128.6;132.0;128.6;129.5;2884
2012-11-29;128.2;132.0;128.2;129.5;5856
2012-11-28;129.4;129.4;127.0;129.0;3117
2012-11-27;129.0;129.8;128.9;129.4;8575
2012-11-26;128.0;128.6;127.8;128.3;388
2012-11-23;125.6;128.0;125.3;128.0;3119
2012-11-22;123.4;126.3;123.4;126.3;957
2012-11-21;123.5;123.5;122.1;123.0;463
2012-11-20;123.5;123.5;121.4;122.5;949
2012-11-19;119.6;123.9;119.6;123.9;1608
2012-11-16;120.0;120.0;117.5;119.2;7881
2012-11-15;118.0;123.5;118.0;121.9;3455
2012-11-14;124.0;124.0;123.3;124.0;1358
2012-11-13;125.5;125.5;124.2;125.4;3490
2012-11-12;123.2;126.0;123.2;126.0;5937
2012-11-09;127.4;127.4;123.7;124.2;2211
2012-11-08;127.6;127.6;125.7;127.3;558
2012-11-07;125.9;127.6;125.9;127.0;1323
2012-11-06;124.9;125.5;124.9;125.5;795
2012-11-05;123.7;126.6;123.7;124.3;4115
2012-11-02;125.9;127.0;122.9;122.9;227
2012-11-01;124.0;126.6;124.0;126.2;2654
2012-10-31;124.7;126.1;122.9;122.9;1438
2012-10-30;121.3;124.3;121.3;124.3;3783
2012-10-29;123.0;123.0;120.3;120.6;1706
2012-10-26;116.6;124.3;116.6;124.3;11569
2012-10-25;117.9;120.0;117.0;120.0;1706
2012-10-24;119.0;119.0;117.0;119.0;1624
2012-10-23;123.2;123.2;118.0;120.0;330
2012-10-22;121.2;123.0;121.2;123.0;775
2012-10-19;124.5;124.5;121.2;121.2;6718
2012-10-18;124.9;125.1;124.5;124.5;1372
2012-10-17;123.1;124.6;123.1;124.6;316
2012-10-16;123.0;123.0;122.3;122.5;1572
2012-10-15;124.0;124.0;122.5;123.6;4524
2012-10-12;123.0;124.0;122.8;123.9;3389
2012-10-11;123.8;124.1;121.2;121.2;1662
2012-10-10;126.4;126.4;123.8;125.2;2899
