Dates;Open;High;Low;Close;Volume
2015-07-03;;127.1;127.1;127.1;0
2015-07-02;130.6;131.9;124.9;127.1;27009
2015-07-01;126.8;133.5;123.7;130.5;80234
2015-06-30;125.2;130.5;125.2;126.8;35926
2015-06-29;122.2;129.0;120.9;126.9;75973
2015-06-26;125.5;127.9;124.7;127.6;40677
2015-06-25;126.0;126.0;123.4;124.9;60827
2015-06-24;124.9;127.4;124.7;125.6;69574
2015-06-23;124.6;125.0;122.5;124.5;69198
2015-06-22;118.9;123.0;118.9;122.5;107515
2015-06-19;;119.3;119.3;119.3;0
2015-06-18;119.6;124.6;118.2;119.3;70279
2015-06-17;121.0;123.6;119.5;120.6;89427
2015-06-16;118.1;120.8;116.7;119.8;83960
2015-06-15;117.7;120.3;117.1;118.2;95945
2015-06-12;123.0;123.4;117.6;118.6;162386
2015-06-11;122.0;126.5;121.5;123.4;88467
2015-06-10;120.9;123.1;119.3;121.8;115111
2015-06-09;118.5;121.6;118.5;121.2;71264
2015-06-08;121.0;122.6;119.5;120.2;117523
2015-06-05;124.6;124.6;121.0;122.6;99449
2015-06-04;126.5;127.2;123.9;125.0;131100
2015-06-03;129.1;129.5;126.7;126.9;107894
2015-06-02;126.3;128.0;125.1;128.0;158636
2015-06-01;128.8;131.0;125.7;126.0;251336
2015-05-29;133.2;134.0;128.5;128.5;323238
2015-05-28;133.5;136.4;132.8;134.0;149210
2015-05-27;137.0;137.3;132.6;134.1;171216
2015-05-26;138.5;138.9;135.3;136.5;134583
2015-05-25;138.6;139.9;137.2;137.6;69632
2015-05-22;139.5;139.5;135.4;136.6;253258
2015-05-21;136.8;139.9;136.0;139.6;136722
2015-05-20;144.2;144.8;139.7;140.6;91081
2015-05-19;143.0;144.7;140.9;143.5;162880
2015-05-18;141.1;144.7;139.3;142.0;174094
2015-05-15;140.0;144.6;138.1;141.6;219771
2015-05-14;140.0;140.0;136.4;138.0;97049
2015-05-13;140.0;140.0;136.4;138.0;97049
2015-05-12;136.2;139.3;135.3;138.6;313465
2015-05-11;140.0;141.8;136.7;138.9;272339
2015-05-08;131.0;146.0;131.0;142.7;708608
2015-05-07;135.7;136.9;131.6;134.2;306173
2015-05-06;132.5;137.2;130.3;136.5;450335
2015-05-05;139.9;141.0;134.4;135.2;474965
2015-05-04;145.0;145.0;139.6;140.0;168087
2015-05-01;142.1;144.2;139.7;144.1;104720
2015-04-30;142.1;144.2;139.7;144.1;104720
2015-04-29;146.7;149.3;139.6;140.5;406233
2015-04-28;140.0;147.7;138.6;146.7;433421
2015-04-27;139.2;140.5;137.0;138.6;322836
2015-04-24;137.5;139.3;136.2;139.2;185873
2015-04-23;137.3;137.9;135.5;136.8;137872
2015-04-22;139.4;140.3;135.3;136.1;639536
2015-04-21;144.0;144.3;139.1;139.3;291022
2015-04-20;137.7;144.4;137.7;142.9;415560
2015-04-17;138.4;142.0;137.2;137.2;177746
2015-04-16;146.0;147.3;137.6;138.2;344672
2015-04-15;140.1;145.8;139.9;145.0;394916
2015-04-14;138.6;139.8;137.4;139.0;297791
2015-04-13;139.5;140.8;135.8;136.8;507579
2015-04-10;124.6;141.2;124.5;138.1;1561062
2015-04-09;120.0;124.6;118.8;124.6;628352
2015-04-08;118.3;121.8;117.6;118.6;400303
2015-04-07;115.0;120.0;115.0;120.0;323802
2015-04-02;113.8;114.9;113.5;114.5;48288
2015-04-01;115.0;115.4;113.2;113.8;182100
2015-03-31;116.0;116.4;114.5;115.5;89652
2015-03-30;116.0;117.2;114.0;116.0;78388
2015-03-27;116.0;116.9;114.3;115.0;82545
2015-03-26;114.0;115.9;113.7;115.5;121833
2015-03-25;114.0;117.1;114.0;115.6;138365
2015-03-24;115.9;118.0;114.3;116.4;268514
2015-03-23;116.0;116.0;112.6;115.8;236751
2015-03-20;113.8;115.8;112.5;115.5;258628
2015-03-19;113.0;114.9;112.5;113.5;157048
2015-03-18;112.7;113.9;112.7;113.0;204453
2015-03-17;114.8;115.2;112.0;112.6;53133
2015-03-16;113.6;115.1;113.0;114.8;161775
2015-03-13;112.9;114.0;112.0;113.6;131983
2015-03-12;111.4;113.0;110.0;112.5;354461
2015-03-11;111.5;113.0;110.1;111.4;288639
2015-03-10;114.8;115.1;111.3;111.6;109021
2015-03-09;116.5;116.8;113.8;114.5;177049
2015-03-06;113.5;116.8;112.6;116.1;130474
2015-03-05;114.0;114.0;112.3;113.5;240887
2015-03-04;115.3;116.2;112.5;112.6;261155
2015-03-03;120.4;121.3;116.6;116.6;118557
2015-03-02;123.2;123.4;119.9;121.0;142266
2015-02-27;123.0;123.3;121.4;123.2;121156
2015-02-26;123.4;124.6;121.7;123.0;83476
2015-02-25;122.6;123.4;120.6;123.0;139400
2015-02-24;122.3;123.4;121.1;122.7;133023
2015-02-23;120.3;122.3;119.0;121.9;104358
2015-02-20;120.1;121.4;118.6;120.0;101927
2015-02-19;123.0;123.1;120.1;121.0;110773
2015-02-18;122.0;123.3;120.2;123.0;106761
2015-02-17;126.3;128.1;120.6;121.4;309684
2015-02-16;124.5;126.3;123.3;126.0;239673
2015-02-13;122.7;125.7;120.4;123.2;382213
2015-02-12;109.5;123.9;109.0;120.0;932628
2015-02-11;111.6;111.6;103.3;109.1;600142
2015-02-10;111.4;113.0;111.1;111.5;175580
2015-02-09;113.9;114.1;109.9;111.7;320533
2015-02-06;112.7;114.1;112.2;113.4;160740
2015-02-05;111.3;112.9;110.4;112.2;170426
2015-02-04;111.8;114.5;109.3;110.8;205043
2015-02-03;111.9;114.3;111.2;111.3;207411
2015-02-02;111.5;113.7;110.3;111.4;148433
2015-01-30;113.1;116.0;110.8;111.1;224015
2015-01-29;113.0;116.7;110.6;115.0;310622
2015-01-28;118.4;119.9;116.6;117.1;93485
2015-01-27;123.6;124.0;116.8;118.2;118876
2015-01-26;124.0;124.2;121.0;123.6;143220
2015-01-23;123.8;124.4;120.3;123.8;346573
2015-01-22;119.8;121.8;118.3;121.0;185586
2015-01-21;118.0;120.3;116.4;119.9;87363
2015-01-20;114.5;119.9;114.5;116.9;398491
2015-01-19;113.0;115.0;112.0;114.5;62956
2015-01-16;116.0;116.8;111.2;111.6;177010
2015-01-15;109.6;116.9;109.6;116.0;305694
2015-01-14;109.5;110.4;105.6;109.3;319046
2015-01-13;110.0;110.1;108.4;109.3;81151
2015-01-12;112.8;112.8;108.3;109.5;130474
2015-01-09;113.0;113.0;110.0;110.8;81876
2015-01-08;107.2;113.0;105.9;112.5;196624
2015-01-07;111.0;111.5;105.8;106.4;197375
2015-01-06;;109.5;109.5;109.5;0
2015-01-05;112.1;112.2;109.3;109.5;56900
2015-01-02;109.3;111.2;108.7;109.4;55237
2015-01-01;110.0;111.1;108.3;108.5;285072
2014-12-30;110.0;111.1;108.3;108.5;285072
2014-12-29;112.0;112.2;110.0;110.6;166196
2014-12-23;115.5;115.6;112.5;113.3;157590
2014-12-22;113.2;116.8;113.0;115.0;193455
2014-12-19;116.0;116.4;111.8;113.8;205880
2014-12-18;111.2;114.0;108.1;114.0;279646
2014-12-17;109.1;110.5;105.6;109.9;329914
2014-12-16;116.0;116.0;106.8;110.8;520508
2014-12-15;120.0;122.0;115.6;116.6;142529
2014-12-12;124.2;124.2;120.7;122.1;88979
2014-12-11;126.0;127.3;123.4;125.4;95768
2014-12-10;129.0;129.9;127.2;127.5;80706
2014-12-09;128.7;128.7;126.5;128.7;146477
2014-12-08;130.1;130.1;127.4;128.5;61393
2014-12-05;129.6;129.8;127.3;129.8;72724
2014-12-04;130.0;130.0;126.8;127.7;58515
2014-12-03;130.5;131.6;128.1;129.5;185246
2014-12-02;123.8;124.9;118.9;124.5;173043
2014-12-01;130.0;130.9;123.8;124.0;220825
2014-11-28;133.8;134.4;130.5;131.7;77480
2014-11-27;136.0;137.8;131.0;135.2;151196
2014-11-26;136.0;136.2;132.3;135.5;270950
2014-11-25;138.7;139.3;135.0;136.0;141722
2014-11-24;135.3;138.5;134.7;138.4;74078
2014-11-21;136.5;137.9;133.9;136.6;76747
2014-11-20;137.6;138.3;134.8;136.0;67330
2014-11-19;138.0;138.4;136.0;137.2;73334
2014-11-18;135.9;139.3;135.9;138.0;137427
2014-11-17;134.6;135.5;132.2;135.2;124500
2014-11-14;138.0;138.0;134.0;135.0;141636
2014-11-13;140.6;142.4;136.8;137.7;79414
2014-11-12;142.5;144.1;140.3;140.5;69677
2014-11-11;145.0;145.4;141.9;142.5;71753
2014-11-10;145.9;146.4;143.0;143.7;138260
2014-11-07;148.0;148.5;144.3;144.5;205780
2014-11-06;145.0;147.7;142.4;147.6;197258
2014-11-05;145.0;146.6;140.2;141.8;321134
2014-11-04;132.0;148.2;129.5;146.0;1070107
2014-11-03;130.0;130.0;121.2;123.0;309477
2014-10-31;127.2;128.5;126.3;128.5;73836
2014-10-30;119.2;127.9;117.6;125.9;254524
2014-10-29;118.2;120.0;117.5;119.1;150927
2014-10-28;121.0;121.0;117.4;118.7;107549
2014-10-24;122.0;123.5;120.0;120.0;157575
2014-10-23;119.1;123.0;117.8;120.7;211932
2014-10-22;117.5;120.9;114.3;119.6;369547
2014-10-21;107.0;115.4;106.6;114.0;1394175
2014-10-20;106.3;107.3;102.7;105.5;337830
2014-10-17;105.5;107.3;104.5;106.0;394116
2014-10-16;111.8;111.8;106.0;106.7;198894
2014-10-15;111.8;113.1;108.5;110.1;86083
2014-10-14;115.1;115.6;110.5;111.9;109101
2014-10-13;115.0;116.5;110.0;115.1;257631
2014-10-10;116.0;116.0;111.6;112.8;116044
2014-10-09;117.6;120.0;115.8;117.5;72981
2014-10-08;117.8;117.8;115.7;117.2;132013
2014-10-07;119.0;119.5;117.5;118.0;93238
2014-10-06;120.0;122.0;118.9;119.7;84342
2014-10-03;118.5;120.0;117.9;120.0;395892
2014-10-02;122.0;122.0;118.2;118.5;135903
2014-10-01;123.8;124.5;122.3;122.7;91642
2014-09-30;125.7;128.7;124.4;124.4;65619
2014-09-29;124.1;126.8;123.6;125.7;123170
2014-09-26;126.1;126.1;122.8;123.4;177314
2014-09-25;127.5;127.9;125.1;125.9;70572
2014-09-24;128.3;129.3;125.0;127.8;246941
2014-09-23;128.8;129.2;126.2;127.6;173837
2014-09-22;130.2;131.0;128.0;128.8;175007
2014-09-19;129.5;130.9;129.0;130.0;312882
2014-09-18;132.8;133.4;129.2;129.2;293149
2014-09-17;129.0;131.0;128.6;128.9;51422
2014-09-16;130.3;130.3;128.1;129.0;158488
2014-09-15;127.5;130.5;127.5;130.5;296958
2014-09-12;129.2;129.3;127.2;127.5;174365
2014-09-11;131.2;131.5;126.5;129.0;108136
2014-09-10;134.3;134.3;130.5;131.2;202408
2014-09-09;136.7;136.7;131.2;134.3;77717
2014-09-08;137.8;139.0;134.6;135.4;48516
2014-09-05;140.0;141.5;137.6;137.8;165689
2014-09-04;140.0;140.0;137.0;140.0;131424
2014-09-03;131.0;143.6;131.0;140.0;417033
2014-09-02;130.1;131.4;130.0;130.6;65373
2014-09-01;133.5;133.5;130.2;130.6;93897
2014-08-29;133.1;134.2;132.6;133.5;145767
2014-08-28;136.5;137.0;133.6;133.8;404459
2014-08-27;137.5;137.8;135.9;136.5;154650
2014-08-26;135.6;139.0;135.4;138.3;175366
2014-08-25;136.3;137.3;135.0;135.5;91264
2014-08-22;139.1;139.1;135.7;136.3;95801
2014-08-21;140.0;140.8;138.6;138.9;57695
2014-08-20;142.0;143.7;138.5;140.5;84504
2014-08-19;139.3;142.0;138.0;142.0;476582
2014-08-18;136.9;139.2;136.7;138.0;132617
2014-08-15;141.5;141.9;136.1;136.2;215160
2014-08-14;150.0;152.0;139.9;141.5;582196
2014-08-13;141.5;142.4;141.0;142.4;216013
2014-08-12;140.2;141.7;138.9;141.7;82516
2014-08-11;136.0;141.1;133.8;140.1;654281
2014-08-08;140.1;140.4;136.5;136.5;537394
2014-08-07;143.4;143.5;140.3;140.4;219919
2014-08-06;145.0;145.0;142.4;143.8;104479
2014-08-05;142.9;147.1;137.1;144.0;409227
2014-08-04;146.7;148.3;146.5;147.0;47468
2014-08-01;150.0;150.3;146.1;146.7;75596
2014-07-31;151.4;151.6;149.6;149.6;56317
2014-07-30;152.4;152.9;151.4;151.4;34711
2014-07-29;153.7;154.0;152.4;153.7;77653
2014-07-28;151.8;153.3;151.5;152.8;67810
2014-07-25;151.1;153.1;150.7;151.9;62395
2014-07-24;151.7;153.6;150.2;151.1;246835
2014-07-23;153.6;154.4;151.4;151.7;107722
2014-07-22;153.0;154.9;151.0;154.4;84744
2014-07-21;153.5;154.0;152.2;153.3;29896
2014-07-18;156.4;156.4;153.5;153.8;68771
2014-07-17;159.4;159.4;156.2;156.4;55860
2014-07-16;157.5;159.8;157.5;157.8;52137
2014-07-15;157.9;159.4;156.1;157.7;41252
2014-07-14;161.2;161.3;157.6;157.8;132162
2014-07-11;161.0;162.3;159.7;160.7;64550
2014-07-10;161.7;162.0;160.0;161.0;78707
2014-07-09;162.5;162.5;160.0;161.6;123173
2014-07-08;162.5;163.5;161.3;161.8;58126
2014-07-07;163.0;163.9;162.1;162.5;72608
2014-07-04;157.5;165.3;157.4;163.2;125927
2014-07-03;155.9;157.7;155.0;157.1;193223
2014-07-02;156.2;158.0;155.7;155.8;53707
2014-07-01;156.9;157.0;155.4;156.2;64977
2014-06-30;155.3;157.2;155.2;155.7;86072
2014-06-27;159.5;161.7;156.0;156.0;108829
2014-06-26;160.6;161.0;158.3;160.0;135178
2014-06-25;162.0;162.4;158.6;160.2;158019
2014-06-24;164.0;165.4;162.4;162.4;167426
2014-06-23;164.5;166.7;164.0;164.5;128854
2014-06-20;;165.2;165.2;165.2;0
2014-06-19;166.0;167.1;164.3;165.2;127650
2014-06-18;169.0;169.1;165.5;165.9;118622
2014-06-17;169.0;170.2;168.2;169.5;197865
2014-06-16;168.0;169.1;166.8;168.3;105952
2014-06-13;167.5;169.3;167.0;168.6;80604
2014-06-12;168.0;168.4;167.0;167.5;40630
2014-06-11;167.6;168.1;167.0;167.3;104241
2014-06-10;167.5;168.0;166.2;167.3;39351
2014-06-09;166.5;167.9;164.5;166.9;64153
2014-06-06;;166.0;166.0;166.0;0
2014-06-05;166.0;166.5;164.2;166.0;52032
2014-06-04;165.5;166.5;165.5;165.8;51034
2014-06-03;165.7;166.5;165.2;165.7;27574
2014-06-02;165.9;167.0;164.6;165.5;390018
2014-05-30;167.1;168.7;166.0;166.0;81145
2014-05-28;166.0;167.4;164.9;167.1;44999
2014-05-27;163.6;165.9;163.0;165.1;81667
2014-05-26;165.0;165.5;162.1;163.1;213024
2014-05-23;162.6;164.8;162.0;164.1;90672
2014-05-22;163.5;165.5;162.4;162.5;113579
2014-05-21;165.7;166.2;164.4;164.5;125432
2014-05-20;168.0;168.4;163.8;164.4;109633
2014-05-19;167.0;168.5;163.6;168.5;78713
2014-05-16;166.0;167.5;164.2;167.5;60284
2014-05-15;166.1;166.3;164.2;166.3;54848
2014-05-14;166.5;167.2;164.2;166.3;103115
2014-05-13;165.1;167.4;164.7;166.7;45418
2014-05-12;164.8;166.4;163.2;164.8;44564
2014-05-09;164.3;167.5;163.2;164.7;142689
2014-05-08;160.1;165.1;160.0;164.2;130833
2014-05-07;164.0;169.3;158.2;161.0;383947
2014-05-06;166.0;166.5;160.0;163.0;124861
2014-05-05;166.5;166.7;164.0;165.8;69730
2014-05-02;162.0;166.5;161.5;164.3;223698
2014-05-01;;165.8;165.8;165.8;0
2014-04-30;168.7;169.3;165.0;165.8;47836
2014-04-29;160.0;168.0;160.0;168.0;147303
2014-04-28;161.9;161.9;157.9;158.6;87461
2014-04-25;156.5;160.7;156.2;159.9;87331
2014-04-24;158.5;158.6;155.9;156.5;126987
2014-04-23;160.7;161.1;157.2;157.2;99967
2014-04-22;163.0;163.0;159.3;160.7;92929
2014-04-17;156.7;162.5;156.7;162.5;68839
2014-04-16;155.1;160.2;154.3;156.0;81404
2014-04-15;164.3;164.3;153.6;153.6;178496
2014-04-14;164.7;166.3;161.7;163.5;145582
2014-04-11;164.6;167.8;159.9;164.6;217743
2014-04-10;163.3;164.9;160.9;164.9;102016
2014-04-09;161.1;163.2;160.8;162.2;58824
2014-04-08;161.3;162.2;159.7;160.3;104496
2014-04-07;164.4;164.4;159.4;162.2;102648
2014-04-04;162.0;165.0;161.1;164.6;79455
2014-04-03;160.0;161.9;159.1;161.0;156879
2014-04-02;159.1;160.8;157.5;160.4;136010
2014-04-01;156.5;160.5;156.5;159.0;166516
2014-03-31;158.8;158.8;155.6;157.0;130667
2014-03-28;158.0;158.2;156.5;158.0;83973
2014-03-27;159.9;159.9;156.9;158.0;125582
2014-03-26;155.0;164.0;155.0;159.3;246621
2014-03-25;151.6;154.9;151.6;154.9;130385
2014-03-24;154.3;154.3;150.5;150.8;153468
2014-03-21;153.4;156.6;153.1;154.0;111607
2014-03-20;152.7;153.3;150.9;152.7;130156
2014-03-19;150.0;153.4;148.7;152.9;181958
2014-03-18;148.6;152.9;146.3;148.9;356748
2014-03-17;149.0;152.1;148.2;148.6;171280
2014-03-14;151.5;151.7;145.3;149.0;465707
2014-03-13;154.5;157.0;151.8;151.8;239855
2014-03-12;153.4;155.0;151.8;154.5;110346
2014-03-11;156.1;156.6;153.0;153.0;161809
2014-03-10;156.2;157.8;156.0;156.1;78388
2014-03-07;156.1;158.0;153.9;156.8;345286
2014-03-06;157.8;159.4;155.6;156.0;182520
2014-03-05;159.4;161.3;157.6;157.8;236222
2014-03-04;155.0;159.4;153.9;159.4;548498
2014-03-03;153.0;159.0;150.0;152.2;794487
2014-02-28;165.1;165.8;162.7;162.9;102045
2014-02-27;165.0;166.3;163.0;164.6;159439
2014-02-26;169.0;171.0;164.9;165.0;571736
2014-02-25;166.3;170.4;166.3;169.0;350039
2014-02-24;159.1;169.0;159.1;166.3;437001
2014-02-21;160.0;161.3;158.6;159.6;391279
2014-02-20;160.9;162.5;158.8;160.0;325379
2014-02-19;162.3;162.6;161.0;161.1;515455
2014-02-18;165.4;165.4;162.5;162.6;303261
2014-02-17;167.5;167.5;163.2;166.1;513835
2014-02-14;165.0;172.0;161.6;167.5;1262290
2014-02-13;174.2;174.5;170.7;172.7;339209
2014-02-12;177.0;178.6;174.1;174.5;224869
2014-02-11;176.7;177.7;174.7;176.9;188491
2014-02-10;177.1;178.7;174.1;176.5;161493
2014-02-07;177.5;181.3;175.8;177.1;553041
2014-02-06;174.4;178.4;172.4;177.3;110737
2014-02-05;173.0;175.1;171.5;174.2;142777
2014-02-04;173.1;174.4;168.4;173.7;424238
2014-02-03;181.3;182.5;177.1;177.1;161419
2014-01-31;181.8;184.1;176.6;180.8;320012
2014-01-30;181.0;181.5;178.1;181.2;451694
2014-01-29;190.0;191.2;171.5;183.0;627332
2014-01-28;189.4;190.2;187.5;188.2;149127
2014-01-27;192.4;192.4;187.5;188.4;245691
2014-01-24;196.4;196.8;191.5;192.4;255631
2014-01-23;195.2;197.8;194.9;194.9;241962
2014-01-22;194.5;195.3;193.0;194.6;230936
2014-01-21;193.0;194.5;192.8;193.6;190627
2014-01-20;193.8;194.2;192.1;193.0;180825
2014-01-17;193.6;195.1;193.5;193.7;305639
2014-01-16;194.4;195.0;193.2;194.5;491388
2014-01-15;194.8;195.9;193.9;194.4;275548
2014-01-14;193.6;194.5;193.0;193.5;108706
2014-01-13;193.9;194.4;193.0;193.6;220966
2014-01-10;194.0;195.0;193.4;193.7;293812
2014-01-09;194.6;195.0;192.8;193.5;156181
2014-01-08;199.0;199.0;192.6;193.4;212743
2014-01-07;200.0;200.0;196.3;197.5;181354
2014-01-06;;199.5;199.5;199.5;0
2014-01-03;196.5;199.9;196.3;199.5;190605
2014-01-02;199.3;199.4;196.2;196.5;119642
2013-12-31;;197.5;197.5;197.5;0
2013-12-30;196.1;197.8;196.1;197.5;99090
2013-12-27;196.0;197.7;195.2;195.6;87976
2013-12-23;197.2;198.7;194.6;196.2;171477
2013-12-20;195.1;198.0;194.6;197.0;120501
2013-12-19;194.3;196.8;194.0;195.1;115426
2013-12-18;190.5;193.9;190.5;193.2;170841
2013-12-17;192.0;192.1;189.2;190.0;250830
2013-12-16;194.0;194.0;187.8;192.0;357422
2013-12-13;194.0;195.3;192.6;194.4;120832
2013-12-12;197.0;197.2;193.0;194.0;134048
2013-12-11;199.0;199.1;196.0;196.8;125752
2013-12-10;201.5;201.5;199.0;199.0;109904
2013-12-09;201.6;204.0;200.0;201.5;95717
2013-12-06;199.6;203.0;199.5;201.5;108001
2013-12-05;200.6;201.9;199.1;199.4;83341
2013-12-04;201.2;201.2;196.7;199.7;159771
2013-12-03;202.5;204.0;198.0;200.0;154028
2013-12-02;205.2;205.4;202.2;202.2;130082
2013-11-29;206.5;207.8;204.6;204.6;128322
2013-11-28;206.3;206.7;204.4;206.2;101069
2013-11-27;205.5;207.0;204.3;205.1;162254
2013-11-26;204.0;205.5;202.5;204.4;117571
2013-11-25;204.9;205.7;203.2;204.0;113501
2013-11-22;205.0;205.6;202.5;203.5;92354
2013-11-21;204.0;205.5;203.5;205.0;207617
2013-11-20;204.0;206.8;203.2;205.0;117394
2013-11-19;204.4;205.8;202.8;204.6;109666
2013-11-18;205.4;206.5;201.8;206.1;128041
2013-11-15;205.4;206.3;203.6;205.4;312716
2013-11-14;203.8;206.5;203.4;204.6;425841
2013-11-13;206.7;207.1;198.3;203.0;496167
2013-11-12;212.1;213.1;205.5;206.6;870978
2013-11-11;203.0;205.4;201.2;203.4;188989
2013-11-08;204.0;204.0;200.9;203.5;86988
2013-11-07;205.2;207.7;204.0;204.1;88874
2013-11-06;206.9;209.5;206.4;206.4;157954
2013-11-05;204.2;208.0;203.4;206.5;161534
2013-11-04;203.5;204.6;203.1;203.3;101682
2013-11-01;204.7;205.4;202.4;203.4;34824
2013-10-31;206.2;207.3;202.5;205.0;205037
2013-10-30;206.5;208.0;206.1;207.9;305422
2013-10-29;204.0;207.7;203.6;206.5;206736
2013-10-28;203.0;204.0;201.9;203.7;355464
2013-10-25;204.0;204.0;201.9;203.0;104590
2013-10-24;203.4;204.9;202.9;203.8;211974
2013-10-23;204.5;205.0;201.5;204.1;91609
2013-10-22;198.1;204.8;197.8;204.6;377157
2013-10-21;198.2;199.3;197.3;198.1;278132
2013-10-18;195.3;198.2;195.3;198.0;127957
2013-10-17;197.5;197.5;193.6;194.5;128329
2013-10-16;197.8;197.8;195.5;197.3;105361
2013-10-15;197.4;198.0;196.6;198.0;162011
2013-10-14;198.5;199.5;196.0;196.0;132034
2013-10-11;199.3;199.5;197.3;198.8;102570
2013-10-10;199.0;199.5;196.9;198.2;109968
2013-10-09;199.2;199.6;196.5;197.3;162458
2013-10-08;199.0;199.3;197.7;198.1;68443
2013-10-07;201.0;201.0;197.5;199.3;202067
2013-10-04;207.0;207.0;200.2;200.4;479839
2013-10-03;206.0;207.9;206.0;207.0;318859
2013-10-02;203.4;206.0;202.9;205.0;163077
2013-10-01;204.0;204.0;200.7;203.1;161674
2013-09-30;205.0;206.1;203.8;204.2;80102
2013-09-27;207.7;208.5;205.0;206.0;104879
2013-09-26;210.0;210.0;207.2;208.3;166028
2013-09-25;211.3;212.0;207.2;209.3;203754
2013-09-24;211.4;212.7;210.8;211.0;144399
2013-09-23;211.1;213.9;210.7;211.2;376154
2013-09-20;207.9;211.1;207.5;211.1;491861
2013-09-19;207.8;210.0;207.5;208.3;228097
2013-09-18;206.0;206.2;204.5;206.2;349210
2013-09-17;201.9;207.5;201.5;206.1;557420
2013-09-16;199.8;201.9;198.9;201.3;298801
2013-09-13;198.5;198.6;197.2;197.7;115147
2013-09-12;196.9;199.2;196.9;198.0;527964
2013-09-11;195.6;196.7;194.5;196.3;1055979
2013-09-10;195.0;197.4;194.4;195.0;246134
2013-09-09;196.1;197.4;191.4;193.5;177396
2013-09-06;196.0;196.9;194.5;195.4;219967
2013-09-05;199.0;199.3;195.7;196.1;424517
2013-09-04;198.2;199.3;197.4;198.8;318265
2013-09-03;198.0;199.4;197.0;198.5;154608
2013-09-02;194.0;198.2;194.0;197.4;312141
2013-08-30;195.0;196.0;193.2;193.8;388481
2013-08-29;196.0;198.2;193.5;194.4;362091
2013-08-28;194.6;196.8;193.6;195.0;212435
2013-08-27;197.0;197.1;192.6;195.5;218145
2013-08-26;198.0;199.0;196.6;197.6;67982
2013-08-23;198.2;198.5;197.0;198.0;130895
2013-08-22;197.0;199.2;196.4;198.7;128310
2013-08-21;198.1;198.9;195.5;197.0;175424
2013-08-20;197.8;198.5;195.9;198.0;212610
2013-08-19;199.0;199.0;196.2;198.9;260404
2013-08-16;202.0;202.3;197.3;200.1;622822
2013-08-15;206.0;207.8;201.1;202.3;1092694
2013-08-14;217.6;217.9;215.6;216.5;220941
2013-08-13;214.8;217.0;214.8;216.0;145961
2013-08-12;210.9;215.9;209.9;213.7;190197
2013-08-09;213.1;213.1;209.0;209.1;445176
2013-08-08;216.3;216.3;210.9;211.1;224624
2013-08-07;215.4;217.9;212.0;214.5;183470
2013-08-06;218.0;220.5;216.7;217.2;179281
2013-08-05;218.0;219.0;217.0;218.7;104086
2013-08-02;217.7;219.0;213.9;216.0;193025
2013-08-01;213.6;217.3;213.3;216.0;138463
2013-07-31;215.6;216.3;213.4;213.6;101727
2013-07-30;214.4;216.7;213.5;215.8;105634
2013-07-29;213.6;215.0;210.0;214.0;108476
2013-07-26;207.4;213.4;207.3;213.3;149799
2013-07-25;206.6;207.9;204.0;206.2;152926
2013-07-24;205.0;208.0;205.0;206.2;108095
2013-07-23;206.0;208.2;204.9;204.9;115779
2013-07-22;208.0;208.2;204.0;205.6;98786
2013-07-19;207.8;208.0;200.4;206.2;303780
2013-07-18;208.6;210.4;206.5;208.0;170045
2013-07-17;209.4;210.6;207.2;208.9;139337
2013-07-16;211.0;212.1;207.6;209.7;98123
2013-07-15;213.9;213.9;210.2;211.1;210547
2013-07-12;218.6;218.6;214.2;214.2;68475
2013-07-11;217.5;220.0;216.0;216.6;89277
2013-07-10;214.2;217.3;214.0;217.1;53633
2013-07-09;216.5;217.5;214.3;215.2;58336
2013-07-08;215.0;217.9;214.8;215.6;80447
2013-07-05;217.3;218.0;213.5;215.4;111565
2013-07-04;212.8;219.0;212.8;217.2;127793
2013-07-03;212.8;213.9;210.6;212.2;138141
2013-07-02;214.5;214.5;211.1;213.9;120104
2013-07-01;212.4;213.9;210.3;213.7;74017
2013-06-28;212.3;213.0;211.5;212.3;281851
2013-06-27;211.6;211.6;209.5;211.1;230499
2013-06-26;210.7;210.7;207.7;210.5;122891
2013-06-25;203.7;211.8;203.6;208.0;640221
2013-06-24;204.4;206.6;200.6;204.0;204696
2013-06-21;;205.5;205.5;205.5;0
2013-06-20;208.7;208.7;203.8;205.5;227084
2013-06-19;212.0;212.0;209.3;209.8;391313
2013-06-18;210.9;211.5;210.0;211.5;128615
2013-06-17;213.0;213.6;210.7;211.5;168533
2013-06-14;214.9;215.0;211.2;211.5;97545
2013-06-13;211.2;214.7;208.2;214.7;112940
2013-06-12;213.1;215.2;211.5;212.6;181643
2013-06-11;217.7;217.7;212.0;214.5;105829
2013-06-10;220.0;222.1;217.6;218.1;118002
2013-06-07;221.0;221.8;215.5;220.2;159389
2013-06-06;;214.8;214.8;214.8;0
2013-06-05;218.0;218.9;214.3;214.8;113808
2013-06-04;219.5;222.5;219.0;219.3;163827
2013-06-03;220.0;223.3;217.1;220.3;108248
2013-05-31;221.4;222.8;219.5;220.7;109444
2013-05-30;219.3;224.5;218.7;224.4;137906
2013-05-29;222.1;222.5;220.4;221.3;137606
2013-05-28;216.6;222.3;215.8;222.3;137948
2013-05-27;216.4;218.3;214.8;216.6;90347
2013-05-24;215.5;216.9;213.1;214.3;143571
2013-05-23;220.5;220.5;213.8;214.2;180853
2013-05-22;228.8;228.8;219.3;220.5;242922
2013-05-21;237.6;238.7;235.0;238.7;199757
2013-05-20;238.0;240.4;236.1;236.7;165191
2013-05-17;240.8;243.2;237.2;238.3;171619
2013-05-16;245.3;246.8;239.1;240.8;238020
2013-05-15;240.0;245.3;239.6;245.3;149991
2013-05-14;240.0;242.3;238.4;240.8;357530
2013-05-13;240.0;240.4;238.0;239.6;93259
2013-05-10;239.2;241.4;235.1;240.1;227100
2013-05-09;;239.2;239.2;239.2;0
2013-05-08;241.3;241.6;237.9;239.2;102104
2013-05-07;244.2;245.0;237.6;239.6;139992
2013-05-06;243.5;245.7;242.1;244.2;93087
2013-05-03;239.0;242.7;239.0;241.0;169454
2013-05-02;235.0;242.3;234.7;239.5;429428
2013-05-01;;234.7;234.7;234.7;0
2013-04-30;233.0;235.8;232.0;234.7;269769
2013-04-29;231.3;233.9;227.9;231.0;173151
2013-04-26;228.0;230.8;225.4;230.2;354910
2013-04-25;217.0;229.7;213.0;227.5;636251
2013-04-24;217.2;219.0;214.8;218.0;173099
2013-04-23;215.2;217.1;213.0;217.1;175721
2013-04-22;212.5;215.3;212.0;215.2;155345
2013-04-19;207.0;212.0;207.0;210.9;155933
2013-04-18;210.8;211.3;205.6;206.8;211212
2013-04-17;219.7;219.7;207.2;209.9;389969
2013-04-16;222.0;222.5;217.4;217.5;245693
2013-04-15;220.2;223.8;218.1;223.3;187111
2013-04-12;220.0;221.5;219.1;220.2;238201
2013-04-11;220.5;221.4;218.3;219.9;142699
2013-04-10;218.3;220.6;216.8;220.5;156957
2013-04-09;219.0;219.0;216.1;216.4;262260
2013-04-08;216.0;219.8;215.9;219.0;135619
2013-04-05;220.0;220.0;215.8;216.1;208273
2013-04-04;224.7;224.7;219.1;219.5;156405
2013-04-03;224.6;225.7;223.0;223.8;128631
2013-04-02;222.5;224.6;222.1;223.8;176586
2013-04-01;;222.0;222.0;222.0;0
2013-03-29;224.1;222.0;222.0;222.0;195140
2013-03-28;224.1;224.9;219.5;220.7;195140
2013-03-27;224.1;224.9;219.5;220.7;195140
2013-03-26;223.3;224.6;223.0;223.8;91648
2013-03-25;221.5;226.0;221.5;223.0;141830
2013-03-22;220.2;222.0;220.2;220.4;217180
2013-03-21;224.7;224.7;220.7;220.7;193471
2013-03-20;225.2;226.5;222.5;224.7;216605
2013-03-19;228.6;229.0;223.0;225.2;197896
2013-03-18;227.0;229.0;224.4;228.6;166562
2013-03-15;224.9;229.6;223.9;228.0;375373
2013-03-14;224.6;227.0;223.5;223.9;151793
2013-03-13;225.3;225.5;222.5;224.8;179077
2013-03-12;228.0;229.6;223.3;223.9;158696
2013-03-11;228.0;229.0;226.8;228.0;182226
2013-03-08;226.7;228.5;226.4;227.1;99892
2013-03-07;227.4;228.2;225.1;225.9;253515
2013-03-06;229.3;233.0;226.7;228.0;365553
2013-03-05;224.5;229.2;224.2;228.2;339060
2013-03-04;223.0;224.5;220.2;224.4;246049
2013-03-01;223.9;224.9;221.7;223.0;174574
2013-02-28;221.4;223.7;218.8;223.7;319370
2013-02-27;222.0;223.7;219.7;221.8;372344
2013-02-26;218.5;224.0;217.0;222.1;181268
2013-02-25;224.1;225.4;222.2;222.2;144961
2013-02-22;222.0;224.5;222.0;224.0;128822
2013-02-21;224.3;224.3;220.8;221.7;215930
2013-02-20;221.6;225.5;221.3;225.3;278077
2013-02-19;220.6;221.3;218.3;221.0;182963
2013-02-18;221.0;221.8;217.6;219.3;298379
2013-02-15;215.0;219.5;213.3;217.1;442964
2013-02-14;240.0;240.0;212.0;214.0;1120137
2013-02-13;220.3;227.2;218.7;226.0;481267
2013-02-12;216.2;221.4;216.0;218.6;286373
2013-02-11;217.3;219.6;217.0;217.3;226205
2013-02-08;216.5;218.1;216.5;216.6;163354
2013-02-07;217.0;218.3;216.4;216.4;151919
2013-02-06;213.3;217.0;211.1;216.5;338227
2013-02-05;210.1;215.0;210.0;213.3;290261
2013-02-04;213.5;213.5;210.5;210.5;207322
2013-02-01;208.3;213.2;207.3;212.7;301178
2013-01-31;212.9;212.9;208.2;208.4;309837
2013-01-30;210.2;214.9;209.5;214.0;797967
2013-01-29;206.5;208.2;204.0;206.3;374683
2013-01-28;204.8;209.0;204.0;205.9;496564
2013-01-25;217.1;217.6;198.8;202.9;1629078
2013-01-24;218.0;218.5;216.8;217.8;141368
2013-01-23;216.7;218.3;214.9;217.6;151442
2013-01-22;217.6;217.6;215.1;216.0;138731
2013-01-21;219.0;219.0;216.5;217.2;181763
2013-01-18;218.8;219.0;216.0;218.2;175282
2013-01-17;214.9;218.7;213.4;218.0;245475
2013-01-16;217.0;218.4;216.7;217.0;131653
2013-01-15;213.7;217.4;213.2;217.0;240314
2013-01-14;213.0;214.7;212.0;213.2;255055
2013-01-11;212.2;212.4;210.6;211.5;142249
2013-01-10;212.0;213.0;210.6;211.5;169892
2013-01-09;212.8;213.7;211.1;211.2;134855
2013-01-08;211.9;212.9;210.9;212.0;230657
2013-01-07;215.0;215.0;210.5;211.1;211950
2013-01-04;217.3;217.6;215.0;215.0;194025
2013-01-03;217.1;218.0;215.0;216.7;208972
2013-01-02;210.0;216.8;209.1;216.8;237682
2013-01-01;;206.6;206.6;206.6;0
2012-12-31;;206.6;206.6;206.6;0
2012-12-28;207.3;207.3;206.0;206.6;126894
2012-12-27;205.6;208.2;205.2;207.5;113695
2012-12-26;;206.1;206.1;206.1;0
2012-12-25;;206.1;206.1;206.1;0
2012-12-24;;206.1;206.1;206.1;0
2012-12-21;208.4;209.2;205.2;206.1;218569
2012-12-20;207.1;208.2;206.3;208.2;158366
2012-12-19;208.8;211.4;207.5;207.9;282437
2012-12-18;208.1;211.3;204.2;209.0;328364
2012-12-17;204.1;209.6;204.1;209.4;287148
2012-12-14;203.0;205.5;202.4;204.1;353754
2012-12-13;203.2;204.8;202.0;203.1;293250
2012-12-12;203.5;204.7;201.1;204.3;563608
2012-12-11;196.0;204.0;196.0;204.0;715379
2012-12-10;190.4;198.0;190.4;196.5;828547
2012-12-07;185.2;188.5;185.2;188.5;489306
2012-12-06;184.8;186.2;182.2;185.5;402580
2012-12-05;185.5;186.7;183.7;184.0;309081
2012-12-04;186.3;187.3;185.0;185.6;225755
2012-12-03;187.3;188.5;185.5;185.9;268394
2012-11-30;188.4;189.5;186.8;187.0;271687
2012-11-29;186.4;189.7;186.0;187.2;412378
2012-11-28;190.4;190.4;185.6;185.8;324505
2012-11-27;196.2;197.9;189.5;189.5;372845
2012-11-26;198.2;199.0;196.2;196.2;216611
2012-11-23;193.9;198.1;193.5;197.0;337592
2012-11-22;191.8;193.9;191.3;193.0;375223
2012-11-21;190.5;191.9;189.0;190.9;215232
2012-11-20;190.7;193.2;188.4;190.2;110693
2012-11-19;190.5;193.3;190.1;192.1;398588
2012-11-16;187.0;190.6;186.6;188.0;518054
2012-11-15;180.0;192.4;178.5;186.5;1269504
2012-11-14;182.2;182.8;179.4;180.0;156349
2012-11-13;182.2;182.6;178.3;182.2;209469
2012-11-12;183.9;184.5;181.9;182.2;140946
2012-11-09;182.4;183.4;180.4;182.2;219856
2012-11-08;183.2;184.5;180.0;182.4;260155
2012-11-07;182.3;186.1;181.1;183.1;353971
2012-11-06;187.0;187.9;180.6;181.6;351911
2012-11-05;188.0;188.5;183.5;186.8;459498
2012-11-02;185.9;186.8;184.1;186.5;188118
2012-11-01;183.5;186.6;181.8;183.4;259094
2012-10-31;187.7;188.7;183.0;183.0;249869
2012-10-30;184.8;188.7;183.6;187.6;257601
2012-10-29;185.3;185.3;182.0;183.4;217102
2012-10-26;188.9;189.0;183.0;185.4;348381
2012-10-25;203.0;203.0;187.1;188.5;707514
2012-10-24;209.5;215.2;207.9;210.2;191548
2012-10-23;215.0;215.0;207.7;209.7;174830
2012-10-22;220.4;220.4;211.1;214.2;226592
2012-10-19;224.7;224.7;219.4;219.6;206721
2012-10-18;220.5;224.9;218.0;224.2;273812
2012-10-17;218.8;222.0;216.6;221.0;204903
2012-10-16;218.7;220.7;217.2;218.5;162980
2012-10-15;215.9;218.4;215.0;217.6;99418
2012-10-12;217.7;219.5;216.2;216.2;79611
2012-10-11;216.0;220.0;214.9;219.2;144666
2012-10-10;219.0;219.0;214.5;216.0;305931
