Dates;Open;High;Low;Close;Volume
2017-10-09;401.7;404.0;400.1;403.0;180042
2017-10-06;405.2;407.9;402.7;402.9;164835
2017-10-05;407.3;409.1;405.1;406.0;212999
2017-10-04;405.9;408.0;403.1;407.5;240211
2017-10-03;409.0;410.5;405.3;406.5;230506
2017-10-02;413.6;414.9;405.8;408.6;513775
2017-09-29;411.5;414.4;407.0;413.4;293617
2017-09-28;410.0;413.2;408.6;411.6;384641
2017-09-27;405.0;410.1;403.9;409.4;307407
2017-09-26;403.8;405.3;401.1;405.1;319320
2017-09-25;402.0;404.8;400.2;403.8;467419
2017-09-22;402.0;403.3;397.3;402.0;363593
2017-09-21;395.0;403.3;393.3;401.8;551301
2017-09-20;387.6;395.5;387.6;393.2;630221
2017-09-19;381.1;388.5;380.5;387.3;373002
2017-09-18;378.1;382.0;377.7;380.4;198595
2017-09-15;378.7;381.2;376.5;376.5;659566
2017-09-14;374.8;379.3;373.2;378.7;248184
2017-09-13;373.9;374.9;371.0;374.5;194560
2017-09-12;377.5;378.1;371.4;373.4;320635
2017-09-11;373.0;379.9;373.0;375.9;227003
2017-09-08;372.3;374.5;369.7;372.8;217075
2017-09-07;372.5;374.0;368.9;371.6;242158
2017-09-06;376.4;376.4;370.4;371.1;264880
2017-09-04;371.0;382.0;369.4;378.0;546541
2017-09-01;364.8;370.5;361.4;364.1;455754
2017-08-31;356.0;363.4;355.1;362.5;368943
2017-08-30;355.5;357.1;353.3;355.6;279793
2017-08-29;357.5;358.5;351.6;354.9;313504
2017-08-28;361.5;361.5;357.5;358.1;144774
2017-08-25;363.9;365.1;361.7;362.5;129311
2017-08-24;370.7;372.1;363.5;363.5;179346
2017-08-23;365.5;371.0;364.5;370.8;311435
2017-08-22;363.0;366.3;360.9;365.5;579602
2017-08-21;358.8;360.4;356.1;360.0;720974
2017-08-18;361.0;362.7;356.2;359.9;305296
2017-08-17;370.7;370.7;362.8;364.6;340032
2017-08-16;372.1;373.1;369.3;371.0;238070
2017-08-15;376.1;377.8;370.2;370.8;131488
2017-08-14;372.0;377.8;371.8;375.9;176676
2017-08-11;375.0;375.0;369.0;372.5;148945
2017-08-10;380.0;381.5;375.2;376.0;160914
2017-08-09;380.6;381.7;375.3;379.8;213352
2017-08-08;380.5;387.1;379.8;382.0;231437
2017-08-07;377.0;384.6;375.9;380.5;265426
2017-08-04;372.7;378.0;369.1;377.0;194990
2017-08-03;373.7;376.1;368.2;372.7;293456
2017-08-02;378.8;380.5;373.4;374.3;205218
2017-08-01;375.0;379.8;375.0;377.7;204183
2017-07-31;376.5;377.9;372.2;374.7;320540
2017-07-28;380.0;380.5;374.6;376.7;268946
2017-07-27;381.5;384.0;378.3;379.8;221784
2017-07-26;381.6;385.9;379.7;382.1;241981
2017-07-25;379.5;384.0;374.5;381.6;343016
2017-07-24;389.7;392.4;379.5;379.5;443970
2017-07-21;399.6;399.6;387.0;389.7;507949
2017-07-20;408.3;418.5;392.0;399.2;692794
2017-07-19;424.0;424.8;418.8;422.4;195040
2017-07-18;422.6;426.4;420.9;424.3;185303
2017-07-17;422.4;425.4;418.9;423.6;116152
2017-07-14;423.0;423.4;419.2;422.4;95320
2017-07-13;427.8;427.8;422.4;423.0;132542
2017-07-12;421.7;428.7;421.7;426.9;125430
2017-07-11;427.1;427.9;421.6;421.7;137478
2017-07-10;425.0;428.4;421.5;426.4;132940
2017-07-07;416.8;424.0;414.8;423.0;158591
2017-07-06;420.0;424.0;414.6;417.5;190393
2017-07-05;416.4;421.0;414.4;419.9;107117
2017-07-04;418.1;418.7;415.9;416.7;79339
2017-07-03;417.0;421.0;416.7;419.3;138110
2017-06-30;414.3;419.4;410.5;416.0;197722
2017-06-29;425.3;428.2;413.9;414.7;284184
2017-06-28;425.2;425.8;420.5;424.5;192317
2017-06-27;434.0;434.1;426.3;427.5;257451
2017-06-26;440.0;443.2;435.2;436.7;166337
2017-06-23;;439.8;439.8;439.8;0
2017-06-22;441.3;443.2;439.0;439.8;132650
2017-06-21;440.1;442.1;436.2;441.3;175305
2017-06-20;442.1;443.4;439.7;440.6;119048
2017-06-19;442.0;447.5;440.4;442.1;191644
2017-06-16;430.2;442.0;429.9;442.0;266493
2017-06-15;432.0;432.0;426.6;430.4;201596
2017-06-14;435.3;437.9;431.3;432.5;173082
2017-06-13;437.7;438.2;431.2;434.9;190819
2017-06-12;441.0;441.0;430.5;436.2;212289
2017-06-09;441.3;444.3;439.9;442.3;192604
2017-06-08;444.8;444.8;436.8;441.3;170805
2017-06-07;445.5;447.0;436.3;444.2;319140
2017-06-06;;445.5;445.5;445.5;0
2017-06-05;453.6;453.9;444.3;445.5;113153
2017-06-02;449.6;455.4;449.3;453.1;196031
2017-06-01;448.0;452.7;445.3;448.6;287475
2017-05-31;438.0;452.2;433.9;452.2;860620
2017-05-30;432.0;439.1;430.4;438.2;207257
2017-05-29;437.0;437.0;433.5;434.5;98498
2017-05-26;424.9;438.0;422.8;437.4;290424
2017-05-24;428.0;428.1;422.9;424.7;248228
2017-05-23;426.0;427.8;424.4;427.8;147658
2017-05-22;429.2;431.1;424.9;425.5;215294
2017-05-19;419.8;433.0;419.8;426.8;255665
2017-05-18;421.1;422.1;413.4;419.6;464066
2017-05-17;427.3;432.1;420.6;422.7;346955
2017-05-16;424.7;429.6;423.7;429.0;243166
2017-05-15;426.4;427.4;422.5;424.7;250820
2017-05-12;428.0;426.4;426.4;426.4;192519
2017-05-11;430.8;431.5;426.1;428.5;211008
2017-05-10;431.4;433.4;429.3;431.1;194599
2017-05-09;432.9;436.1;430.3;431.4;252964
2017-05-08;436.0;436.7;428.4;433.2;182336
2017-05-05;437.4;437.5;433.8;436.8;132040
2017-05-04;433.8;437.9;432.9;437.5;181304
2017-05-03;437.9;437.9;431.7;433.8;229882
2017-05-02;440.0;440.0;428.8;437.9;306082
2017-05-01;;439.2;439.2;439.2;0
2017-04-28;436.6;440.1;435.8;439.2;369932
2017-04-27;426.1;437.7;426.1;435.1;428902
2017-04-26;412.0;439.5;411.1;426.1;1024575
2017-04-25;399.5;402.9;397.6;402.9;333769
2017-04-24;396.3;400.3;395.0;398.6;214306
2017-04-21;394.1;396.0;392.1;393.5;206551
2017-04-20;394.0;395.5;391.4;394.2;277949
2017-04-19;392.0;395.0;391.0;394.1;140774
2017-04-18;388.0;393.6;388.0;392.4;416092
2017-04-13;389.3;389.7;386.1;387.5;89175
2017-04-12;385.9;390.3;385.5;389.9;329551
2017-04-11;383.1;386.5;382.5;385.9;283258
2017-04-10;383.4;384.6;382.2;384.2;231889
2017-04-07;380.0;383.3;377.7;383.3;285923
2017-04-06;377.1;381.1;375.0;380.6;191751
2017-04-05;381.4;383.6;379.2;381.1;138462
2017-04-04;377.1;382.4;377.1;380.5;112147
2017-04-03;378.5;381.0;377.4;377.7;134089
2017-03-31;377.4;378.8;374.5;378.3;148658
2017-03-30;373.9;377.6;373.7;377.4;146954
2017-03-29;373.2;375.0;371.2;373.9;120348
2017-03-28;370.6;373.3;369.0;373.2;104701
2017-03-27;372.0;372.0;368.5;370.6;129646
2017-03-24;372.2;373.4;370.5;372.4;112033
2017-03-23;368.5;372.6;367.3;372.3;81260
2017-03-22;368.5;368.6;364.0;368.4;149678
2017-03-21;370.7;373.4;368.3;368.5;254111
2017-03-20;368.4;371.3;367.2;370.6;150199
2017-03-17;367.2;369.0;366.3;368.2;213630
2017-03-16;364.2;371.7;364.2;367.2;285583
2017-03-15;360.2;363.3;360.2;362.4;420665
2017-03-14;359.0;360.2;357.7;359.4;158458
2017-03-13;358.8;361.0;357.2;358.7;145267
2017-03-10;356.0;358.8;358.8;358.8;242861
2017-03-09;356.6;357.9;354.4;356.1;119440
2017-03-08;355.0;357.5;353.5;357.4;120201
2017-03-07;356.6;359.3;355.0;355.0;173076
2017-03-06;358.3;358.5;354.7;356.6;380217
2017-03-03;359.0;358.4;358.4;358.4;268091
2017-03-02;362.1;363.9;358.9;359.2;280086
2017-03-01;360.0;362.1;360.0;361.5;179639
2017-02-28;357.2;359.7;354.8;358.0;272605
2017-02-27;356.5;358.5;354.4;355.8;236366
2017-02-24;360.3;361.9;355.2;356.4;172440
2017-02-23;360.5;362.2;357.6;360.5;139530
2017-02-22;363.0;363.0;359.1;359.8;105412
2017-02-21;361.5;362.7;359.0;362.3;160974
2017-02-20;355.6;362.2;355.0;361.4;243712
2017-02-17;355.6;358.3;354.5;354.5;203847
2017-02-16;358.0;358.5;351.8;355.5;293359
2017-02-15;349.6;358.3;347.9;357.4;379756
2017-02-14;355.3;355.5;346.9;349.6;488310
2017-02-13;354.1;359.1;341.1;354.3;845935
2017-02-10;366.3;366.9;362.1;365.6;261477
2017-02-09;365.7;366.0;362.6;365.8;132291
2017-02-08;365.2;367.0;362.6;364.8;121544
2017-02-07;359.3;365.7;359.0;365.1;170350
2017-02-06;360.5;361.4;358.0;359.8;127009
2017-02-03;358.8;362.3;357.2;360.6;186676
2017-02-02;356.5;358.9;355.7;357.5;185944
2017-02-01;358.1;360.8;355.5;356.8;216984
2017-01-31;353.4;360.0;353.4;357.2;290387
2017-01-30;356.4;357.0;352.4;353.3;130027
2017-01-27;356.4;358.5;355.7;356.4;120114
2017-01-26;358.2;358.6;353.3;356.0;153399
2017-01-25;354.4;358.8;354.4;357.4;144144
2017-01-24;350.5;354.0;350.5;353.3;104139
2017-01-23;355.0;355.9;350.2;350.4;235649
2017-01-20;351.2;356.6;348.4;356.4;199402
2017-01-19;351.6;353.5;350.7;351.4;175538
2017-01-18;346.3;352.9;346.3;351.6;225596
2017-01-17;345.5;347.4;344.1;345.9;185506
2017-01-16;349.7;350.0;342.5;345.6;308855
2017-01-13;352.3;354.1;351.5;352.5;216962
2017-01-12;347.0;352.3;345.8;352.1;255754
2017-01-11;342.7;347.5;341.1;346.7;146611
2017-01-10;343.0;344.5;341.9;343.7;113086
2017-01-09;344.0;344.4;339.6;341.4;176936
2017-01-06;;342.9;342.9;342.9;0
2017-01-05;342.9;345.0;341.7;342.9;99805
2017-01-04;343.4;344.9;340.9;342.9;190836
2017-01-03;345.0;346.8;341.6;342.2;212220
2017-01-02;340.5;344.4;340.0;343.6;101168
2016-12-30;339.5;341.5;339.2;340.5;79288
2016-12-29;342.4;342.4;339.3;339.8;102119
2016-12-28;341.0;343.1;340.4;342.4;116833
2016-12-27;340.3;342.3;339.9;341.0;110292
2016-12-23;339.5;341.1;339.0;340.3;55747
2016-12-22;340.0;340.9;338.2;338.5;112370
2016-12-21;337.4;343.0;337.2;340.0;340496
2016-12-20;336.8;338.8;335.0;337.2;272431
2016-12-19;343.0;343.0;335.9;336.8;156107
2016-12-16;343.3;345.8;340.7;340.9;195396
2016-12-15;336.8;343.3;336.6;343.3;216104
2016-12-14;338.1;339.9;335.9;336.8;260582
2016-12-13;336.2;340.0;335.1;339.7;154244
2016-12-12;338.6;339.0;335.4;335.5;230728
2016-12-09;339.8;339.9;337.0;338.5;139519
2016-12-08;341.9;341.9;337.6;338.5;141578
2016-12-07;345.0;345.0;338.8;340.1;184354
2016-12-06;342.3;343.2;340.0;343.2;181064
2016-12-05;338.0;343.8;337.0;341.8;126121
2016-12-02;341.9;342.0;336.5;339.2;212784
2016-12-01;342.9;343.5;340.8;342.1;177960
2016-11-30;338.4;343.5;338.3;342.4;283066
2016-11-29;337.4;338.0;335.5;337.8;177142
2016-11-28;337.6;338.2;333.2;337.2;248321
2016-11-25;335.0;340.6;333.9;336.8;259267
2016-11-24;331.6;334.9;330.1;332.0;300062
2016-11-23;332.0;333.3;328.1;331.5;146122
2016-11-22;331.3;331.8;328.5;331.5;268842
2016-11-21;330.8;331.3;327.9;330.0;284961
2016-11-18;329.0;331.2;327.2;330.4;306916
2016-11-17;329.1;330.3;326.3;328.4;292060
2016-11-16;333.3;334.9;328.2;329.8;267308
2016-11-15;331.2;334.0;329.0;333.0;136441
2016-11-14;335.0;336.0;328.4;331.1;223154
2016-11-11;333.0;339.6;329.3;331.9;279475
2016-11-10;324.8;335.0;324.4;330.5;397263
2016-11-09;300.3;323.4;300.0;322.5;410423
2016-11-08;312.9;313.3;308.7;311.5;155189
2016-11-07;305.3;312.7;305.2;312.4;183922
2016-11-04;306.9;306.9;303.6;303.6;118742
2016-11-03;308.0;309.8;305.9;307.8;146951
2016-11-02;314.0;314.0;307.8;308.5;287769
2016-11-01;320.6;320.8;312.6;315.7;238574
2016-10-31;318.7;320.3;317.1;320.0;124473
2016-10-28;316.9;320.0;314.9;319.6;151287
2016-10-27;317.0;320.8;315.9;317.8;170503
2016-10-26;319.0;319.9;313.5;316.7;217818
2016-10-25;309.1;321.5;307.9;317.8;331965
2016-10-24;320.4;322.4;318.3;320.7;233022
2016-10-21;321.4;322.1;319.3;319.9;243203
2016-10-20;319.6;322.6;318.7;321.4;289693
2016-10-19;315.4;321.2;315.4;319.5;207489
2016-10-18;309.5;315.2;309.0;314.8;199274
2016-10-17;308.6;310.2;307.6;309.7;106147
2016-10-14;307.2;310.1;304.8;310.1;100877
2016-10-13;308.0;308.0;304.4;307.4;97008
2016-10-12;306.4;309.2;305.2;308.6;118311
2016-10-11;309.7;309.8;306.4;306.8;125336
2016-10-10;307.3;309.9;306.6;309.7;115265
2016-10-07;307.0;307.8;305.3;307.3;130578
2016-10-06;307.9;309.9;305.8;307.9;102620
2016-10-05;306.5;308.0;305.9;307.5;87105
2016-10-04;306.0;309.6;305.2;308.4;238306
2016-10-03;305.3;306.1;303.6;306.0;119264
2016-09-30;300.9;305.4;298.3;305.4;180594
2016-09-29;303.0;305.9;302.1;303.1;135758
2016-09-28;300.0;302.9;299.4;302.0;104535
2016-09-27;298.7;299.8;295.7;299.0;86531
2016-09-26;300.2;300.3;297.7;298.2;89923
2016-09-23;303.0;303.3;300.5;301.0;67736
2016-09-22;300.1;303.8;300.1;303.5;135654
2016-09-21;302.0;303.4;299.0;299.3;129517
2016-09-20;301.3;304.0;300.5;300.8;141760
2016-09-19;300.8;301.6;299.1;301.4;111793
2016-09-16;299.3;302.2;298.3;299.8;240293
2016-09-15;295.7;300.7;295.1;300.7;255888
2016-09-14;290.0;297.0;290.0;296.5;347336
2016-09-13;288.2;291.3;287.5;287.9;181802
2016-09-12;283.0;288.0;281.0;287.7;164016
2016-09-09;288.1;288.8;284.8;285.7;345865
2016-09-08;290.2;290.4;286.2;288.1;423014
2016-09-07;296.2;296.6;289.4;290.2;393730
2016-09-06;297.2;297.9;293.5;294.2;170394
2016-09-05;291.8;298.6;290.9;296.7;323026
2016-09-02;292.1;293.3;288.7;290.9;353459
2016-09-01;292.0;294.9;291.1;291.5;144981
2016-08-31;290.0;294.9;289.0;291.6;193437
2016-08-30;294.1;296.0;293.4;295.1;112976
2016-08-29;295.1;295.1;291.8;294.1;72383
2016-08-26;292.2;295.2;291.2;295.1;74583
2016-08-25;295.4;296.4;292.0;292.2;83901
2016-08-24;295.7;297.7;294.3;295.4;85006
2016-08-23;292.4;295.8;292.3;295.5;107101
2016-08-22;292.5;295.2;291.3;292.4;84715
2016-08-19;296.0;296.0;291.5;292.4;110377
2016-08-18;292.0;296.0;292.0;295.7;123406
2016-08-17;295.9;295.9;290.4;290.5;113153
2016-08-16;297.0;298.6;293.9;296.1;190048
2016-08-15;295.0;298.6;293.4;296.8;120712
2016-08-12;293.0;295.2;292.8;294.4;129114
2016-08-11;290.4;293.7;289.0;293.1;106492
2016-08-10;290.0;292.0;289.0;290.8;151128
2016-08-09;285.0;291.9;285.0;290.3;122972
2016-08-08;285.4;285.8;283.7;285.0;76589
2016-08-05;283.5;285.7;282.2;284.4;117173
2016-08-04;282.9;283.7;280.6;283.5;136779
2016-08-03;282.3;283.7;280.2;282.1;138269
2016-08-02;286.1;287.0;280.2;282.3;246062
2016-08-01;293.8;293.8;285.8;286.0;338841
2016-07-29;293.6;294.5;291.6;293.8;141132
2016-07-28;292.1;294.8;291.3;293.6;199677
2016-07-27;290.6;294.9;290.0;291.2;221078
2016-07-26;284.4;290.7;283.4;289.8;210728
2016-07-25;280.0;286.3;279.6;285.0;259064
2016-07-22;280.0;281.2;276.3;278.3;187455
2016-07-21;289.4;289.4;273.9;278.7;403049
2016-07-20;287.7;290.0;287.0;289.4;150010
2016-07-19;286.4;288.3;284.8;287.0;115283
2016-07-18;286.0;289.3;284.8;286.9;126729
2016-07-15;287.5;288.3;285.1;286.0;174735
2016-07-14;285.8;289.1;285.2;287.7;179400
2016-07-13;283.5;286.5;281.0;285.8;315922
2016-07-12;285.0;286.0;282.8;283.6;142080
2016-07-11;280.0;284.9;280.0;284.7;239480
2016-07-08;274.0;279.9;274.0;279.7;178128
2016-07-07;273.0;276.4;272.4;274.7;139150
2016-07-06;271.0;273.8;270.1;270.8;123873
2016-07-05;276.3;277.9;271.0;272.4;167544
2016-07-04;273.8;279.8;273.8;277.6;338741
2016-07-01;265.0;273.3;263.4;272.5;373138
2016-06-30;261.4;263.4;258.8;262.1;246844
2016-06-29;261.0;261.4;258.4;260.6;257180
2016-06-28;257.7;260.9;256.0;257.7;288958
2016-06-27;258.4;267.1;253.5;254.0;442788
2016-06-24;;274.7;274.7;274.7;0
2016-06-23;270.8;276.6;270.7;274.7;188213
2016-06-22;271.0;272.8;269.3;271.3;149644
2016-06-21;270.0;271.6;267.3;271.0;247320
2016-06-20;262.0;270.3;262.0;269.7;155214
2016-06-17;261.2;263.7;259.7;260.5;457617
2016-06-16;259.0;262.6;258.3;261.1;179649
2016-06-15;262.0;266.0;261.3;262.6;133328
2016-06-14;260.0;263.6;258.3;262.0;162670
2016-06-13;261.1;264.8;259.4;264.3;269129
2016-06-10;273.0;273.0;262.0;264.9;357650
2016-06-09;277.0;277.1;271.9;273.3;158970
2016-06-08;278.3;278.6;274.8;277.0;152642
2016-06-07;275.5;279.3;275.5;279.1;139069
2016-06-06;;273.6;273.6;273.6;0
2016-06-03;279.5;279.7;270.7;273.6;226397
2016-06-02;276.1;279.7;274.6;279.6;242781
2016-06-01;277.0;277.5;272.7;275.2;324296
2016-05-31;281.0;281.0;276.7;277.3;369049
2016-05-30;283.5;284.1;280.5;280.9;109070
2016-05-27;282.1;284.1;281.0;283.7;66194
2016-05-26;280.0;283.0;280.0;282.6;88609
2016-05-25;284.0;285.0;281.4;281.9;156222
2016-05-24;281.0;285.0;281.0;284.8;201014
2016-05-23;284.0;285.0;281.6;283.5;100450
2016-05-20;279.1;284.5;279.1;283.8;318298
2016-05-19;280.0;281.4;278.0;279.0;160851
2016-05-18;283.0;283.0;279.1;280.9;176072
2016-05-17;285.0;287.5;282.9;283.5;311294
2016-05-16;281.7;286.8;281.3;285.0;139511
2016-05-13;276.0;284.0;276.0;282.5;308260
2016-05-12;278.8;279.7;276.6;276.9;238249
2016-05-11;279.9;281.0;277.7;280.3;162339
2016-05-10;280.0;281.9;278.0;279.9;243109
2016-05-09;275.6;280.9;275.6;279.0;290331
2016-05-06;271.9;277.0;270.8;275.6;255813
2016-05-05;272.1;274.1;270.8;271.9;121682
2016-05-04;272.1;274.1;270.8;271.9;121682
2016-05-03;273.6;275.2;267.9;274.1;287977
2016-05-02;274.7;278.5;274.4;274.9;466985
2016-04-29;274.5;276.5;271.5;274.7;246750
2016-04-28;273.1;277.1;272.3;276.0;348688
2016-04-27;265.6;274.0;263.1;274.0;329163
2016-04-26;264.0;265.5;261.9;264.4;226269
2016-04-25;263.5;265.0;261.5;264.5;214508
2016-04-22;264.0;264.2;260.0;262.3;347883
2016-04-21;258.0;271.3;254.6;264.4;601689
2016-04-20;251.6;253.9;248.3;250.9;186184
2016-04-19;249.7;254.2;248.6;252.6;351500
2016-04-18;252.0;252.2;248.6;249.3;385176
2016-04-15;255.2;255.8;250.9;251.5;235426
2016-04-14;260.0;261.8;256.3;257.8;155359
2016-04-13;259.7;262.7;257.9;258.4;157965
2016-04-12;260.1;261.1;254.4;259.7;248542
2016-04-11;264.0;264.1;257.9;260.4;139512
2016-04-08;258.0;265.1;257.1;264.1;224033
2016-04-07;266.9;266.9;259.8;260.2;254364
2016-04-06;272.0;272.6;266.6;271.8;103812
2016-04-05;274.1;274.1;268.9;271.9;133259
2016-04-04;276.0;278.2;273.3;274.1;78527
2016-04-01;275.0;276.0;270.8;275.1;160693
2016-03-31;279.5;280.0;276.5;278.4;120441
2016-03-30;274.5;282.0;273.8;280.4;149910
2016-03-29;274.0;275.7;271.7;274.0;107301
2016-03-28;272.0;275.8;273.7;273.7;68739
2016-03-25;272.0;275.8;271.2;273.7;68739
2016-03-24;272.0;275.8;271.2;273.7;68739
2016-03-23;271.7;274.8;271.4;273.2;98718
2016-03-22;267.5;272.2;264.9;271.7;195927
2016-03-21;268.2;270.6;265.3;269.1;235436
2016-03-18;270.0;272.9;267.8;268.2;239660
2016-03-17;271.6;271.6;265.6;268.7;138506
2016-03-16;269.6;272.9;269.6;270.4;73792
2016-03-15;270.8;271.8;266.8;271.4;124505
2016-03-14;270.5;273.5;268.9;271.1;134267
2016-03-11;271.3;273.2;269.9;271.7;86237
2016-03-10;272.5;276.9;268.8;268.8;168939
2016-03-09;267.8;273.7;267.2;272.8;135183
2016-03-08;268.5;271.0;266.5;268.4;102342
2016-03-07;275.0;275.2;270.8;271.1;106876
2016-03-04;272.3;276.3;269.2;275.6;191645
2016-03-03;271.4;272.3;268.7;269.1;221793
2016-03-02;278.0;278.9;271.0;271.5;128167
2016-03-01;273.9;278.5;273.0;277.7;114762
2016-02-29;270.5;275.3;269.1;274.7;131910
2016-02-26;274.5;275.6;272.9;273.1;168920
2016-02-25;270.6;274.9;268.0;274.2;158466
2016-02-24;271.1;274.2;266.1;267.5;312239
2016-02-23;270.0;274.3;269.3;272.3;199451
2016-02-22;267.0;274.7;267.0;272.8;245533
2016-02-19;270.5;271.8;265.7;266.6;256485
2016-02-18;270.0;274.0;267.1;271.8;291686
2016-02-17;263.1;270.1;263.0;269.6;303732
2016-02-16;258.0;262.6;258.0;261.9;452233
2016-02-15;251.0;257.1;250.5;256.9;222324
2016-02-12;246.7;250.3;246.6;248.7;303843
2016-02-11;247.6;251.5;240.6;244.8;309504
2016-02-10;238.6;251.0;238.0;247.7;483815
2016-02-09;231.0;234.1;227.5;232.3;278138
2016-02-08;244.2;245.2;231.6;231.8;400303
2016-02-05;248.2;251.0;244.0;244.2;271737
2016-02-04;252.1;253.7;246.8;250.0;224373
2016-02-03;253.0;253.7;249.7;251.0;233619
2016-02-02;257.3;257.7;251.9;252.8;159864
2016-02-01;258.7;259.3;255.0;257.3;165235
2016-01-29;255.0;259.0;254.0;258.2;242737
2016-01-28;251.8;265.1;251.1;253.0;478600
2016-01-27;253.2;253.9;251.3;252.8;373118
2016-01-26;250.0;255.1;248.5;253.3;294341
2016-01-25;251.9;254.5;251.5;254.0;252752
2016-01-22;245.3;252.1;245.3;252.0;206528
2016-01-21;241.4;244.6;239.8;242.5;249593
2016-01-20;245.0;246.0;241.2;241.7;256015
2016-01-19;250.2;251.2;247.1;248.0;1397929
2016-01-18;242.6;245.0;242.6;242.8;175303
2016-01-15;249.3;251.6;239.8;243.1;316361
2016-01-14;253.1;255.8;246.7;249.2;458009
2016-01-13;251.0;260.6;251.0;255.4;322186
2016-01-12;246.4;251.0;246.4;250.4;324159
2016-01-11;246.7;250.3;245.8;246.3;206443
2016-01-08;248.0;254.5;247.9;248.1;224828
2016-01-07;244.4;248.7;242.3;247.8;273990
2016-01-06;;249.2;249.2;249.2;0
2016-01-05;254.1;256.5;248.0;249.2;108112
2016-01-04;256.0;256.6;246.9;254.1;194527
2016-01-01;;260.8;260.8;260.8;0
2015-12-31;;260.8;260.8;260.8;0
2015-12-30;260.0;262.0;258.8;260.8;85718
2015-12-29;258.1;260.4;258.0;260.0;115609
2015-12-28;259.6;260.1;256.5;257.3;65526
2015-12-25;258.6;259.9;256.8;258.6;98605
2015-12-24;258.6;259.9;256.8;258.6;98605
2015-12-23;258.6;259.9;256.8;258.6;98605
2015-12-22;255.0;257.0;252.6;256.1;123916
2015-12-21;254.4;258.5;253.4;254.0;116291
2015-12-18;253.7;257.6;253.4;254.9;276075
2015-12-17;259.8;262.4;256.6;257.1;211076
2015-12-16;255.5;256.9;253.7;254.4;107847
2015-12-15;252.1;256.2;251.8;255.3;287716
2015-12-14;256.1;257.3;250.5;251.4;272123
2015-12-11;267.0;268.2;258.3;259.9;250203
2015-12-10;260.7;267.4;260.4;266.5;202304
2015-12-09;263.0;264.9;261.3;263.5;170625
2015-12-08;268.8;269.0;262.0;263.8;170897
2015-12-07;264.5;271.5;264.5;269.0;149237
2015-12-04;264.0;265.6;261.0;264.5;148127
2015-12-03;268.4;272.7;264.9;265.8;227824
2015-12-02;268.7;269.4;267.3;268.5;201613
2015-12-01;271.4;272.0;268.4;268.7;245733
2015-11-30;265.0;270.3;263.6;270.3;954349
2015-11-27;262.3;265.5;259.2;264.9;215652
2015-11-26;262.1;264.0;260.1;261.5;140485
2015-11-25;260.8;262.9;258.9;262.0;119130
2015-11-24;261.3;261.3;256.9;259.9;185259
2015-11-23;262.4;262.8;260.4;262.1;144313
2015-11-20;262.0;262.3;258.5;262.0;203722
2015-11-19;264.7;264.7;259.2;261.6;252765
2015-11-18;261.0;263.1;259.5;262.5;188857
2015-11-17;259.4;264.8;259.4;261.7;258828
2015-11-16;257.0;258.9;254.4;258.9;191693
2015-11-13;257.0;257.1;251.7;256.2;314741
2015-11-12;256.9;259.5;255.7;256.3;267804
2015-11-11;255.4;259.0;255.0;256.9;197239
2015-11-10;253.0;256.6;251.0;254.3;495849
2015-11-09;249.6;254.4;247.7;251.0;587175
2015-11-06;250.3;250.8;246.1;248.6;174677
2015-11-05;246.7;252.0;246.1;248.7;328488
2015-11-04;245.0;249.5;244.4;245.9;245741
2015-11-03;241.3;244.2;240.7;244.0;254190
2015-11-02;240.0;242.0;239.5;241.1;1376298
2015-10-30;240.0;244.2;239.8;240.7;146965
2015-10-29;243.0;243.2;239.5;240.0;154738
2015-10-28;243.4;243.4;239.3;242.0;220300
2015-10-27;243.6;244.0;237.1;238.1;319215
2015-10-26;237.0;244.5;237.0;243.8;444414
2015-10-23;225.1;237.3;225.0;236.5;371528
2015-10-22;230.5;231.6;227.5;231.0;218140
2015-10-21;228.9;230.9;227.6;229.3;138979
2015-10-20;226.0;229.1;224.6;227.0;168341
2015-10-19;227.5;230.0;226.6;226.6;191707
2015-10-16;230.0;231.9;226.8;227.5;221329
2015-10-15;228.0;231.1;227.7;230.0;327392
2015-10-14;225.5;227.7;224.6;225.9;173831
2015-10-13;229.3;229.3;225.0;226.1;216225
2015-10-12;229.0;230.7;228.7;229.0;217466
2015-10-09;227.5;230.0;227.1;228.7;235518
2015-10-08;225.9;227.9;225.1;226.9;117507
2015-10-07;227.1;228.6;225.7;225.9;149873
2015-10-06;228.0;228.8;224.4;227.5;190693
2015-10-05;225.5;227.5;224.3;227.0;185724
2015-10-02;225.1;226.1;219.4;222.3;257764
2015-10-01;224.5;229.5;222.3;222.8;236913
2015-09-30;219.5;225.8;218.5;224.0;456342
2015-09-29;214.1;217.5;211.1;216.0;227787
2015-09-28;217.9;218.2;215.0;215.5;161831
2015-09-25;215.8;220.0;215.8;218.0;107962
2015-09-24;222.0;222.8;213.5;214.6;196508
2015-09-23;220.5;224.2;218.8;221.6;102824
2015-09-22;225.7;225.7;221.2;221.4;123239
2015-09-21;224.9;226.6;223.6;225.4;97939
2015-09-18;225.1;226.9;223.1;225.1;190329
2015-09-17;225.0;227.4;224.7;227.2;158507
2015-09-16;220.5;226.9;220.5;225.0;196170
2015-09-15;221.0;221.5;217.6;220.4;121850
2015-09-14;224.4;224.4;220.5;220.8;125578
2015-09-11;226.1;226.2;223.5;224.4;127329
2015-09-10;227.9;229.4;223.9;224.6;347747
2015-09-09;224.9;228.0;224.0;224.7;185445
2015-09-08;220.4;224.4;220.4;223.0;126846
2015-09-07;219.9;222.3;219.2;220.6;116367
2015-09-04;222.0;222.4;217.6;219.5;140648
2015-09-03;219.9;224.7;217.9;223.7;273924
2015-09-02;215.5;219.3;215.5;217.3;249897
2015-09-01;215.2;217.4;210.4;216.4;637016
2015-08-31;217.0;217.5;213.4;216.4;153509
2015-08-28;211.5;216.5;211.4;216.5;311879
2015-08-27;208.4;211.6;206.8;211.0;260439
2015-08-26;204.7;207.7;202.9;205.2;196528
2015-08-25;197.5;206.8;196.1;202.7;274836
2015-08-24;196.2;201.2;190.0;197.4;592586
2015-08-21;210.4;211.6;206.0;206.2;145465
2015-08-20;214.4;215.4;210.9;212.2;104904
2015-08-19;217.8;218.4;214.3;216.1;124483
2015-08-18;217.5;219.9;216.8;217.7;165175
2015-08-17;218.0;220.0;215.6;218.0;104426
2015-08-14;217.0;219.2;215.6;217.4;91304
2015-08-13;216.9;219.7;215.7;217.0;125863
2015-08-12;216.9;217.3;212.2;215.3;128794
2015-08-11;221.0;222.0;217.0;217.5;126375
2015-08-10;219.0;221.6;219.0;221.1;122024
2015-08-07;218.9;220.4;217.1;218.0;173171
2015-08-06;210.0;219.9;210.0;218.8;239403
2015-08-05;209.2;209.6;207.2;208.4;141889
2015-08-04;208.5;210.3;207.3;208.4;111603
2015-08-03;209.0;210.5;206.9;209.3;93528
2015-07-31;207.0;208.3;205.3;208.3;176281
2015-07-30;205.1;211.1;205.1;206.9;189094
2015-07-29;204.7;206.0;201.8;203.6;123731
2015-07-28;202.9;204.4;200.8;203.5;157819
2015-07-27;207.7;207.7;202.1;202.9;180303
2015-07-24;212.3;213.3;207.2;208.2;157164
2015-07-23;215.5;216.0;211.2;212.3;91594
2015-07-22;219.8;219.9;212.7;214.6;176826
2015-07-21;219.3;222.8;218.8;221.6;182001
2015-07-20;216.1;220.0;216.1;218.4;119196
2015-07-17;213.5;216.4;207.1;215.8;215443
2015-07-16;212.5;218.8;212.5;218.8;140133
2015-07-15;214.0;214.0;211.3;212.0;83646
2015-07-14;215.5;215.5;213.0;213.9;93429
2015-07-13;214.0;216.2;211.7;215.6;96649
2015-07-10;208.9;211.8;208.7;211.6;106802
2015-07-09;205.0;207.2;204.7;207.0;127956
2015-07-08;202.1;206.3;200.5;204.1;127952
2015-07-07;204.8;206.6;202.0;202.2;174835
2015-07-06;203.5;206.4;202.0;205.0;147559
2015-07-03;208.6;208.6;206.7;207.5;90558
2015-07-02;207.0;209.2;204.8;206.7;166243
2015-07-01;204.0;208.3;203.1;206.1;253015
2015-06-30;200.0;206.0;199.7;202.7;372812
2015-06-29;199.9;202.2;198.4;200.9;167909
2015-06-26;203.9;206.9;202.5;205.7;235929
2015-06-25;206.3;208.7;203.5;207.8;159807
2015-06-24;211.9;212.0;205.9;206.7;156452
2015-06-23;206.0;211.1;206.0;209.4;165844
2015-06-22;202.9;205.9;202.9;205.7;157266
2015-06-19;;202.7;202.7;202.7;0
2015-06-18;203.9;203.9;199.5;202.7;163196
2015-06-17;206.9;208.9;203.5;203.9;83753
2015-06-16;203.9;207.6;200.6;206.6;173779
2015-06-15;207.2;209.1;204.2;205.0;141972
2015-06-12;214.7;215.4;208.6;210.0;146091
2015-06-11;209.9;216.5;209.5;213.5;346120
2015-06-10;211.1;212.9;208.7;210.1;312645
2015-06-09;209.1;211.2;205.8;210.6;128358
2015-06-08;213.2;213.2;208.0;209.2;245788
2015-06-05;216.3;216.5;211.0;212.4;107401
2015-06-04;218.8;219.5;215.4;216.9;85404
2015-06-03;219.0;219.9;216.6;218.5;117724
2015-06-02;220.0;221.5;217.6;218.6;128908
2015-06-01;220.3;220.6;216.5;219.2;105744
2015-05-29;221.9;223.0;219.2;219.2;150174
2015-05-28;221.0;223.7;220.9;221.7;164101
2015-05-27;222.0;223.2;219.5;221.0;858048
2015-05-26;222.9;223.7;221.1;221.6;100032
2015-05-25;224.1;225.0;221.6;222.8;47144
2015-05-22;224.0;225.0;222.0;224.0;104614
2015-05-21;223.0;225.4;220.8;224.2;92238
2015-05-20;225.2;225.2;222.8;223.3;121819
2015-05-19;223.0;227.6;216.4;223.6;446400
2015-05-18;220.3;222.1;216.8;221.7;378629
2015-05-15;219.9;225.7;217.5;219.0;295403
2015-05-14;214.0;214.8;212.5;214.0;61511
2015-05-13;214.0;214.8;212.5;214.0;61511
2015-05-12;216.6;216.6;210.3;212.4;179982
2015-05-11;212.7;218.8;212.6;217.1;233478
2015-05-08;209.6;214.8;209.5;212.0;260640
2015-05-07;204.3;209.9;200.0;209.2;490928
2015-05-06;205.4;208.3;203.8;204.7;240729
2015-05-05;211.9;213.6;205.9;206.5;243290
2015-05-04;215.5;215.8;211.1;211.9;228054
2015-05-01;215.0;216.7;212.1;216.1;192000
2015-04-30;215.0;216.7;212.1;216.1;192000
2015-04-29;215.6;217.9;213.2;215.0;433235
2015-04-28;220.5;221.0;214.1;215.9;312922
2015-04-27;221.0;221.5;219.5;220.4;347951
2015-04-24;224.0;226.0;218.4;221.0;439245
2015-04-23;230.2;231.0;226.7;229.7;120265
2015-04-22;230.1;234.4;228.1;230.3;188006
2015-04-21;227.8;230.9;227.4;230.1;150128
2015-04-20;227.0;229.0;225.8;227.8;133627
2015-04-17;231.9;232.4;225.1;227.0;201345
2015-04-16;234.7;236.0;231.8;231.8;175479
2015-04-15;234.5;239.6;234.5;239.0;268011
2015-04-14;236.0;236.0;232.3;234.5;676850
2015-04-13;237.0;237.1;234.5;235.9;131514
2015-04-10;235.5;237.4;233.9;236.4;326727
2015-04-09;236.0;238.9;235.5;236.0;650189
2015-04-08;234.3;236.8;234.3;235.6;92517
2015-04-07;236.0;237.5;233.0;234.3;257307
2015-04-02;234.9;235.2;232.6;235.2;113251
2015-04-01;232.5;234.9;232.1;233.6;203805
2015-03-31;232.2;235.0;228.4;230.5;213088
2015-03-30;231.0;233.6;229.6;231.0;261174
2015-03-27;224.9;229.7;224.9;227.1;121923
2015-03-26;226.5;227.0;223.2;224.9;91140
2015-03-25;228.3;230.0;226.6;228.0;190394
2015-03-24;229.0;231.3;226.4;228.5;139862
2015-03-23;230.9;230.9;227.7;228.9;75783
2015-03-20;229.5;230.9;226.5;230.5;131746
2015-03-19;226.2;233.0;226.2;229.5;288071
2015-03-18;225.0;226.9;223.7;225.8;229029
2015-03-17;224.0;225.6;222.4;223.9;317110
2015-03-16;222.0;224.2;221.1;223.4;185173
2015-03-13;218.1;220.7;217.4;220.5;199660
2015-03-12;214.8;217.9;213.5;216.4;152166
2015-03-11;218.2;218.2;209.9;214.7;507647
2015-03-10;223.9;227.2;221.0;221.4;400660
2015-03-09;219.0;223.0;218.3;221.9;185911
2015-03-06;219.0;220.9;218.4;219.8;146477
2015-03-05;214.5;218.6;214.5;217.5;145642
2015-03-04;215.1;215.9;210.8;214.5;149334
2015-03-03;219.2;220.0;215.3;215.9;106373
2015-03-02;223.4;224.7;218.3;219.5;157839
2015-02-27;223.8;224.7;220.5;223.3;145692
2015-02-26;222.9;224.1;221.1;223.7;186885
2015-02-25;223.9;224.5;220.6;223.3;446496
2015-02-24;223.7;225.0;223.0;223.8;134433
2015-02-23;220.0;224.2;220.0;224.0;310098
2015-02-20;220.0;221.9;215.0;219.8;366971
2015-02-19;220.3;223.9;220.3;223.5;151286
2015-02-18;217.9;220.8;217.9;220.3;125924
2015-02-17;220.1;220.1;217.6;217.6;176608
2015-02-16;218.3;221.4;218.3;219.4;169825
2015-02-13;212.7;221.3;212.6;218.2;253008
2015-02-12;208.8;214.2;207.5;212.1;221351
2015-02-11;209.6;210.5;207.8;208.4;215587
2015-02-10;205.0;209.9;202.0;209.6;503972
2015-02-09;204.0;204.5;201.0;202.5;180096
2015-02-06;202.2;203.3;201.0;203.3;126492
2015-02-05;203.2;203.2;200.2;202.6;150891
2015-02-04;202.6;204.3;199.8;203.6;147865
2015-02-03;201.3;204.1;200.5;203.3;147846
2015-02-02;201.5;202.1;198.4;199.3;132103
2015-01-30;200.7;202.6;200.4;201.8;148814
2015-01-29;200.8;201.9;199.6;201.1;89021
2015-01-28;198.9;202.4;198.7;201.2;93255
2015-01-27;202.7;202.7;198.0;198.4;115106
2015-01-26;201.7;203.9;200.6;202.7;170827
2015-01-23;199.8;202.6;199.8;201.7;186263
2015-01-22;199.9;199.9;197.4;199.8;152251
2015-01-21;199.0;200.0;196.2;199.3;174486
2015-01-20;198.2;201.6;196.5;197.8;243689
2015-01-19;190.8;197.3;190.2;196.0;124333
2015-01-16;191.0;191.1;187.2;189.7;125312
2015-01-15;189.9;192.3;186.0;190.7;145063
2015-01-14;193.3;193.5;188.4;189.6;110327
2015-01-13;194.5;195.0;192.7;193.2;168823
2015-01-12;194.9;195.4;193.1;194.5;119382
2015-01-09;198.0;198.8;192.5;193.5;278993
2015-01-08;195.7;199.3;194.9;197.6;110365
2015-01-07;197.2;197.9;194.0;194.5;161104
2015-01-06;;199.6;199.6;199.6;0
2015-01-05;198.7;200.8;198.0;199.6;58463
2015-01-02;201.9;201.9;197.2;198.5;153846
2015-01-01;203.0;203.1;200.2;202.3;177775
2014-12-30;203.0;203.1;200.2;202.3;177775
2014-12-29;204.9;205.0;202.0;203.7;96582
2014-12-23;202.6;204.3;201.7;204.2;74012
2014-12-22;202.5;204.2;201.4;202.9;81230
2014-12-19;200.5;203.5;198.4;202.3;169172
2014-12-18;198.3;199.9;197.6;199.4;86657
2014-12-17;193.2;197.0;191.4;195.8;105783
2014-12-16;194.6;194.8;190.2;194.4;127029
2014-12-15;195.6;196.7;192.8;192.8;120711
2014-12-12;199.8;199.8;196.3;196.3;136070
2014-12-11;199.7;202.4;198.6;200.1;225205
2014-12-10;202.0;204.3;199.0;199.4;169765
2014-12-09;202.3;203.5;200.0;200.9;116945
2014-12-08;203.7;206.0;202.3;202.3;149032
2014-12-05;202.4;204.7;201.6;203.7;130712
2014-12-04;203.2;203.9;200.7;201.4;76076
2014-12-03;201.8;203.0;201.8;202.4;94407
2014-12-02;202.0;202.8;197.5;202.0;182155
2014-12-01;208.0;208.2;203.5;204.3;415319
2014-11-28;210.7;211.6;206.1;208.2;139928
2014-11-27;208.3;212.3;208.0;210.5;111753
2014-11-26;209.0;212.0;208.0;208.0;153357
2014-11-25;206.1;210.0;206.1;208.0;231474
2014-11-24;203.5;208.0;203.5;205.7;94550
2014-11-21;200.8;205.5;200.8;203.5;159132
2014-11-20;203.7;203.7;200.1;200.3;167086
2014-11-19;202.0;208.5;202.0;203.7;324248
2014-11-18;200.6;201.7;199.1;199.6;145105
2014-11-17;200.5;201.9;198.8;200.4;127242
2014-11-14;198.3;202.7;198.3;201.0;219203
2014-11-13;197.0;198.7;196.9;197.3;106440
2014-11-12;197.9;198.0;196.0;196.0;57731
2014-11-11;198.1;198.6;195.5;197.7;95464
2014-11-10;198.0;199.8;197.3;198.1;124532
2014-11-07;197.5;198.9;196.7;198.5;96613
2014-11-06;197.3;199.0;195.0;197.6;196078
2014-11-05;194.5;198.9;194.5;197.6;88922
2014-11-04;198.0;199.5;194.0;194.4;147156
2014-11-03;199.9;200.5;197.3;198.1;106149
2014-10-31;200.0;201.0;198.2;199.5;89706
2014-10-30;198.7;200.9;196.4;198.4;135099
2014-10-29;194.8;201.8;194.8;198.3;247908
2014-10-28;191.7;194.2;188.0;193.7;331350
2014-10-24;187.0;187.1;180.6;181.8;129535
2014-10-23;178.0;187.3;176.0;185.8;264440
2014-10-22;183.0;184.0;180.1;183.0;184092
2014-10-21;178.4;179.8;175.9;179.6;135257
2014-10-20;171.0;180.3;171.0;177.7;267442
2014-10-17;164.5;170.6;164.4;170.1;122459
2014-10-16;165.0;168.2;162.6;164.8;269598
2014-10-15;170.0;171.0;165.5;165.5;197846
2014-10-14;166.8;170.0;165.4;168.9;105086
2014-10-13;169.0;170.1;165.9;166.9;141274
2014-10-10;166.1;170.9;165.1;170.2;237952
2014-10-09;171.6;173.6;167.6;167.6;97827
2014-10-08;170.0;171.1;167.6;169.8;166049
2014-10-07;174.8;174.9;170.5;170.6;139490
2014-10-06;177.1;178.3;174.8;174.8;73044
2014-10-03;174.8;178.4;174.8;177.0;141991
2014-10-02;179.6;179.7;174.8;174.8;147637
2014-10-01;177.5;179.4;176.4;178.6;218137
2014-09-30;176.1;177.5;175.3;177.4;115529
2014-09-29;175.6;176.9;174.0;175.7;86078
2014-09-26;173.6;176.0;172.0;175.5;121783
2014-09-25;175.5;178.4;172.9;173.5;126608
2014-09-24;175.6;175.8;174.6;175.4;82274
2014-09-23;180.0;180.3;175.2;175.8;123300
2014-09-22;178.9;181.6;177.8;180.3;154749
2014-09-19;183.0;183.0;179.5;179.5;197567
2014-09-18;183.5;184.6;181.5;181.9;120684
2014-09-17;185.7;185.8;181.8;183.4;137130
2014-09-16;186.1;186.1;182.7;185.4;92358
2014-09-15;187.6;187.8;185.4;186.1;111223
2014-09-12;187.4;190.3;186.6;189.9;92083
2014-09-11;187.9;189.3;186.9;187.8;103757
2014-09-10;190.3;190.3;187.2;188.0;118098
2014-09-09;188.6;190.9;187.8;189.9;138842
2014-09-08;189.4;190.0;187.7;188.8;130470
2014-09-05;187.6;189.1;186.0;187.6;819008
2014-09-04;188.0;188.0;185.2;187.6;156309
2014-09-03;190.5;191.6;187.7;188.5;124976
2014-09-02;190.8;192.2;189.4;190.7;114426
2014-09-01;190.0;191.8;188.5;189.8;101281
2014-08-29;191.0;193.4;187.6;188.5;216327
2014-08-28;190.0;190.4;186.2;187.7;139570
2014-08-27;189.6;190.1;188.1;189.0;195125
2014-08-26;190.9;190.9;188.3;189.6;136689
2014-08-25;188.8;191.6;187.7;191.3;88767
2014-08-22;185.0;187.6;184.8;186.9;147423
2014-08-21;185.6;187.0;184.1;184.7;155889
2014-08-20;187.5;187.7;185.1;185.8;77849
2014-08-19;187.0;188.2;186.2;187.4;328684
2014-08-18;185.3;186.3;184.8;186.1;58825
2014-08-15;185.0;186.9;184.1;184.3;105811
2014-08-14;184.5;185.1;183.3;184.9;84882
2014-08-13;182.0;184.6;180.7;184.6;85825
2014-08-12;182.0;183.5;180.5;182.7;116990
2014-08-11;180.0;182.2;179.7;181.7;162584
2014-08-08;180.1;180.1;176.6;178.6;118947
2014-08-07;179.4;182.7;175.2;182.3;222734
2014-08-06;183.5;183.5;177.8;179.4;309181
2014-08-05;183.8;184.9;182.0;183.0;126650
2014-08-04;185.5;186.0;181.4;182.3;157093
2014-08-01;189.6;189.6;184.0;184.9;166906
2014-07-31;192.5;192.6;186.9;188.5;172735
2014-07-30;195.7;196.2;191.9;192.6;114523
2014-07-29;195.7;197.4;192.7;195.5;88336
2014-07-28;197.5;197.9;193.8;193.8;87395
2014-07-25;195.6;197.2;195.0;196.4;68098
2014-07-24;194.8;196.0;194.0;195.6;75889
2014-07-23;195.0;196.0;194.5;194.8;94858
2014-07-22;197.0;199.4;195.1;195.9;91486
2014-07-21;197.9;197.9;193.5;197.0;90772
2014-07-18;198.2;198.9;192.2;196.2;121284
2014-07-17;203.0;203.8;199.4;199.5;70666
2014-07-16;202.0;205.0;202.0;202.9;61271
2014-07-15;203.9;203.9;199.5;200.2;55082
2014-07-14;201.0;204.0;201.0;203.9;55825
2014-07-11;198.8;201.4;198.8;200.4;57045
2014-07-10;200.2;200.5;196.7;199.3;143709
2014-07-09;203.0;203.7;200.2;200.6;91881
2014-07-08;203.3;204.6;202.9;203.0;90249
2014-07-07;206.6;206.6;202.9;203.3;63450
2014-07-04;208.8;208.9;206.3;206.6;100625
2014-07-03;205.8;209.5;204.7;209.0;178310
2014-07-02;205.0;206.4;205.0;205.6;108603
2014-07-01;205.5;206.0;204.7;205.0;118184
2014-06-30;210.0;211.1;204.0;205.3;244337
2014-06-27;204.9;205.9;201.9;203.6;120960
2014-06-26;206.0;207.4;199.8;204.3;297435
2014-06-25;198.4;199.3;197.0;197.0;213906
2014-06-24;199.6;202.9;199.6;201.2;229723
2014-06-23;199.0;199.1;196.3;197.5;72063
2014-06-20;;199.0;199.0;199.0;0
2014-06-19;196.6;199.5;196.6;199.0;103691
2014-06-18;196.0;199.4;195.6;196.4;171210
2014-06-17;198.0;199.5;194.7;195.7;114843
2014-06-16;200.6;201.2;197.0;197.8;166273
2014-06-13;204.8;205.6;200.6;202.3;187921
2014-06-12;205.0;207.0;204.0;205.6;117158
2014-06-11;208.4;208.9;204.5;204.7;269402
2014-06-10;209.3;211.0;208.0;208.4;354594
2014-06-09;201.0;212.1;200.9;207.1;626577
2014-06-06;;194.8;194.8;194.8;0
2014-06-05;192.9;195.8;192.4;194.8;80596
2014-06-04;193.0;193.4;190.0;192.4;427881
2014-06-03;195.5;195.8;193.0;193.0;121436
2014-06-02;193.4;195.1;192.1;194.1;97202
2014-05-30;193.8;197.9;191.5;191.5;150422
2014-05-28;190.9;194.1;189.2;193.9;61517
2014-05-27;189.3;192.4;189.0;190.6;180237
2014-05-26;191.1;191.7;188.7;189.9;77937
2014-05-23;190.0;192.2;187.3;191.0;97434
2014-05-22;193.0;193.8;189.8;190.0;106668
2014-05-21;187.8;194.5;187.7;192.7;289860
2014-05-20;188.3;191.1;188.3;188.6;248499
2014-05-19;177.5;189.9;176.0;188.0;696087
2014-05-16;191.5;191.5;186.3;189.2;196199
2014-05-15;193.5;195.2;189.3;191.2;209471
2014-05-14;193.0;194.0;191.0;193.5;100762
2014-05-13;191.6;193.9;189.7;193.0;134522
2014-05-12;192.1;193.7;190.6;191.5;133681
2014-05-09;189.0;192.9;189.0;192.0;108810
2014-05-08;192.7;193.1;188.1;189.6;138394
2014-05-07;194.0;194.3;189.3;191.8;178779
2014-05-06;191.3;194.3;191.3;193.6;107624
2014-05-05;195.7;195.7;190.0;191.3;151561
2014-05-02;199.9;199.9;194.2;195.8;277013
2014-05-01;;199.0;199.0;199.0;0
2014-04-30;201.0;201.9;199.0;199.0;109603
2014-04-29;202.1;203.8;199.2;200.9;147597
2014-04-28;200.0;207.2;199.4;201.1;243949
2014-04-25;196.5;202.0;192.8;199.0;276057
2014-04-24;198.6;200.9;197.0;199.7;142938
2014-04-23;199.0;200.0;197.3;198.2;93911
2014-04-22;200.4;203.6;199.6;200.0;145100
2014-04-17;197.9;200.1;197.0;199.6;149642
2014-04-16;194.0;197.4;193.0;196.4;130593
2014-04-15;197.9;198.0;188.5;192.5;249046
2014-04-14;200.4;202.3;195.7;197.2;160963
2014-04-11;202.0;202.5;196.5;199.2;282955
2014-04-10;195.5;202.9;195.5;202.9;251569
2014-04-09;194.6;195.4;190.1;195.0;305481
2014-04-08;201.1;201.2;196.0;197.5;239076
2014-04-07;199.4;203.2;197.2;200.4;213376
2014-04-04;198.5;203.6;197.9;200.8;463680
2014-04-03;196.0;197.7;196.0;196.0;149386
2014-04-02;197.2;197.8;194.6;196.0;113668
2014-04-01;197.8;199.0;195.3;198.0;168348
2014-03-31;194.4;197.6;194.2;197.6;203521
2014-03-28;192.0;195.0;192.0;194.2;191624
2014-03-27;194.0;195.0;188.9;191.2;206415
2014-03-26;187.8;196.2;187.8;194.0;318152
2014-03-25;182.6;188.0;182.6;187.0;195707
2014-03-24;183.7;183.7;179.0;181.4;191643
2014-03-21;181.3;183.9;180.6;182.5;220172
2014-03-20;180.0;181.5;178.3;180.8;232475
2014-03-19;179.7;182.3;178.7;180.2;167515
2014-03-18;179.4;180.2;178.0;179.6;331704
2014-03-17;177.0;179.5;176.6;179.4;109958
2014-03-14;176.3;178.5;175.5;178.0;90966
2014-03-13;179.9;180.4;177.1;177.7;89402
2014-03-12;177.0;181.2;175.0;179.1;265945
2014-03-11;174.5;179.8;174.5;177.4;340953
2014-03-10;174.8;176.5;172.4;174.1;89613
2014-03-07;178.4;179.9;174.8;174.8;98000
2014-03-06;176.6;179.1;175.2;177.8;134775
2014-03-05;179.0;181.0;176.2;176.4;262636
2014-03-04;174.9;182.0;174.9;179.0;168495
2014-03-03;175.7;176.9;172.5;174.5;300280
2014-02-28;174.0;177.4;172.5;177.4;222512
2014-02-27;172.1;174.9;171.0;173.3;196521
2014-02-26;170.5;172.3;170.4;171.7;87038
2014-02-25;170.0;170.4;169.0;170.4;89952
2014-02-24;169.5;171.0;168.7;170.0;116651
2014-02-21;167.9;169.2;167.3;168.6;126958
2014-02-20;165.3;169.0;164.2;167.9;143946
2014-02-19;165.0;166.6;163.5;166.1;77872
2014-02-18;166.0;166.5;163.2;165.0;87314
2014-02-17;166.0;167.5;165.1;165.3;77164
2014-02-14;164.3;167.4;164.0;166.1;134024
2014-02-13;164.0;167.6;157.0;164.6;287249
2014-02-12;166.0;168.0;164.9;166.3;94810
2014-02-11;167.5;168.3;165.0;165.7;127345
2014-02-10;167.0;171.0;165.5;166.9;123374
2014-02-07;167.0;167.0;164.3;166.5;94423
2014-02-06;164.6;166.2;163.5;166.2;87238
2014-02-05;160.0;165.8;160.0;163.0;121483
2014-02-04;162.8;162.8;159.1;159.8;337231
2014-02-03;169.8;171.2;164.3;164.3;164962
2014-01-31;170.0;171.3;168.8;170.0;255271
2014-01-30;167.9;170.4;166.4;169.8;128188
2014-01-29;169.5;172.1;166.2;167.9;179609
2014-01-28;168.0;171.1;166.5;167.7;147497
2014-01-27;164.4;172.9;163.3;168.1;289745
2014-01-24;172.1;174.5;168.0;168.0;237150
2014-01-23;177.1;177.6;172.1;172.7;186494
2014-01-22;179.7;179.7;176.5;178.0;125953
2014-01-21;181.2;181.2;176.4;179.8;332014
2014-01-20;183.7;183.7;180.8;181.2;86445
2014-01-17;185.5;187.0;182.9;183.1;160525
2014-01-16;183.2;191.3;183.2;184.9;445367
2014-01-15;178.8;184.1;178.0;183.0;201999
2014-01-14;182.4;182.9;177.5;180.0;440682
2014-01-13;186.0;186.9;182.2;183.5;542012
2014-01-10;177.5;187.3;177.1;184.9;431702
2014-01-09;173.5;178.0;173.5;176.5;443938
2014-01-08;177.0;177.0;171.9;172.5;205715
2014-01-07;176.0;178.6;175.0;175.7;284157
2014-01-06;;174.0;174.0;174.0;0
2014-01-03;175.0;175.0;172.2;174.0;104987
2014-01-02;172.2;174.4;166.5;173.9;259580
2013-12-31;;172.5;172.5;172.5;0
2013-12-30;173.6;175.0;170.7;172.5;151957
2013-12-27;172.4;175.4;172.4;173.6;237698
2013-12-23;170.7;179.5;170.7;173.8;405475
2013-12-20;172.8;174.9;170.3;170.5;660707
2013-12-19;170.0;177.8;160.2;175.4;2258673
2013-12-18;130.6;138.0;130.0;133.0;159594
2013-12-17;130.5;131.5;130.1;130.6;58731
2013-12-16;130.0;130.8;128.2;130.4;96435
2013-12-13;127.0;131.1;127.0;128.2;120729
2013-12-12;128.0;130.9;125.7;126.2;59194
2013-12-11;127.7;129.1;127.1;128.1;73555
2013-12-10;130.0;130.3;127.4;128.1;108090
2013-12-09;131.3;132.1;130.0;130.1;90216
2013-12-06;130.0;134.2;129.6;130.8;137733
2013-12-05;130.2;130.6;128.3;129.6;76645
2013-12-04;131.8;133.1;129.0;130.2;104045
2013-12-03;136.2;136.5;131.6;131.6;145655
2013-12-02;136.7;137.0;135.1;136.2;124512
2013-11-29;136.0;136.0;135.0;135.1;48597
2013-11-28;136.3;136.7;135.3;136.0;70150
2013-11-27;134.7;136.6;133.7;136.2;67580
2013-11-26;136.1;136.1;133.5;134.6;84888
2013-11-25;136.2;137.5;135.7;136.1;65888
2013-11-22;133.9;136.2;132.6;136.1;146747
2013-11-21;133.0;134.5;131.6;131.8;118423
2013-11-20;133.0;135.0;133.0;133.4;86017
2013-11-19;131.1;136.4;130.4;133.4;209020
2013-11-18;132.1;132.7;130.6;131.1;135571
2013-11-15;128.8;131.5;128.1;131.0;99805
2013-11-14;128.4;129.2;127.2;129.1;44913
2013-11-13;127.7;128.4;127.2;128.0;65345
2013-11-12;128.9;129.2;127.7;128.1;34995
2013-11-11;127.5;129.4;127.0;128.9;62080
2013-11-08;128.7;128.7;126.2;127.0;79813
2013-11-07;128.2;129.3;127.7;128.0;45597
2013-11-06;128.7;129.1;127.7;128.3;92593
2013-11-05;128.7;130.1;128.0;128.8;104102
2013-11-04;130.7;130.7;129.1;130.1;48030
2013-11-01;130.3;132.0;129.9;130.7;36714
2013-10-31;131.2;131.2;128.2;130.0;85906
2013-10-30;130.9;131.2;130.0;131.2;110804
2013-10-29;132.3;133.8;130.3;131.0;74837
2013-10-28;131.0;131.9;130.4;131.1;72648
2013-10-25;130.4;132.2;130.1;131.1;517293
2013-10-24;129.6;131.1;129.0;131.0;95771
2013-10-23;129.9;130.4;129.0;129.5;86908
2013-10-22;129.1;130.9;128.5;130.0;136609
2013-10-21;129.1;131.0;128.1;129.6;221538
2013-10-18;128.3;129.1;127.5;128.0;145152
2013-10-17;128.4;128.5;127.0;127.8;62553
2013-10-16;128.0;128.6;126.0;128.3;96429
2013-10-15;127.6;129.4;127.3;128.0;47469
2013-10-14;128.1;129.2;127.1;127.6;46586
2013-10-11;125.8;129.0;125.8;129.0;77660
2013-10-10;128.0;129.0;123.8;125.3;196490
2013-10-09;128.9;129.5;128.0;128.0;112052
2013-10-08;130.1;130.4;128.6;129.3;60466
2013-10-07;131.8;131.8;129.8;130.4;52326
2013-10-04;131.5;131.5;127.9;129.4;63227
2013-10-03;130.2;132.4;129.8;130.4;57014
2013-10-02;127.0;131.3;126.8;130.2;49889
2013-10-01;126.4;128.3;126.0;127.5;60231
2013-09-30;130.8;130.8;127.5;128.5;96522
2013-09-27;132.8;134.5;131.7;131.7;68932
2013-09-26;131.6;134.5;129.8;131.9;206334
2013-09-25;133.0;137.0;131.5;131.7;193717
2013-09-24;132.0;133.0;132.0;132.8;49891
2013-09-23;132.0;132.2;131.0;132.0;69565
2013-09-20;132.4;132.9;131.1;131.9;82037
2013-09-19;134.3;134.3;132.8;133.1;65139
2013-09-18;132.6;135.8;132.5;132.5;124074
2013-09-17;134.0;134.8;131.6;132.2;106202
2013-09-16;136.0;136.9;133.6;133.7;180577
2013-09-13;130.0;136.0;128.7;134.3;376079
2013-09-12;128.2;131.0;128.1;129.3;285072
2013-09-11;126.0;131.1;125.7;128.0;327712
2013-09-10;125.7;127.0;125.2;126.0;50341
2013-09-09;125.1;125.8;124.1;125.1;76795
2013-09-06;124.5;125.3;123.8;125.1;90370
2013-09-05;123.8;124.7;123.5;124.7;60661
2013-09-04;123.0;123.8;122.5;123.8;38317
2013-09-03;123.0;124.2;122.6;123.0;51204
2013-09-02;122.0;123.4;121.7;123.1;39127
2013-08-30;123.0;123.0;121.1;121.4;270137
2013-08-29;124.0;124.0;122.5;122.6;109022
2013-08-28;124.8;124.9;121.5;123.8;110593
2013-08-27;117.9;125.0;116.5;124.8;327378
2013-08-26;118.4;118.5;117.5;117.9;66196
2013-08-23;118.7;118.9;117.8;118.0;115812
2013-08-22;118.9;119.9;118.4;118.7;105326
2013-08-21;119.7;120.5;118.8;119.7;75251
2013-08-20;119.0;120.6;118.5;119.8;64257
2013-08-19;120.0;120.4;118.7;120.0;66843
2013-08-16;118.5;120.3;118.0;120.1;57814
2013-08-15;120.1;120.1;118.0;118.5;67898
2013-08-14;120.1;120.6;118.0;119.9;89149
2013-08-13;121.0;121.2;119.2;119.8;103229
2013-08-12;120.1;120.9;119.0;120.5;71817
2013-08-09;115.8;120.5;115.8;119.1;140958
2013-08-08;116.5;117.0;115.0;115.4;403468
2013-08-07;117.3;117.4;116.1;116.1;78766
2013-08-06;119.2;120.2;117.1;117.3;99392
2013-08-05;119.6;120.7;119.0;119.0;47815
2013-08-02;119.0;120.0;118.6;119.3;74324
2013-08-01;118.5;120.0;118.2;118.7;146913
2013-07-31;119.4;120.1;117.9;118.1;171486
2013-07-30;121.7;121.9;118.7;119.4;175548
2013-07-29;122.0;122.9;121.2;121.6;63273
2013-07-26;122.2;122.6;121.2;121.6;103584
2013-07-25;122.8;123.3;121.6;122.0;66315
2013-07-24;121.1;123.8;121.1;122.6;111595
2013-07-23;122.4;123.5;121.6;121.6;112039
2013-07-22;125.4;125.8;121.9;122.7;208743
2013-07-19;132.0;132.0;124.0;124.8;418140
2013-07-18;138.7;139.4;137.8;138.4;35715
2013-07-17;136.8;138.5;136.3;138.5;27151
2013-07-16;138.6;139.5;136.8;136.9;37462
2013-07-15;138.3;139.0;137.0;138.4;27695
2013-07-12;136.8;138.7;136.5;138.0;71741
2013-07-11;136.0;136.8;135.8;136.5;42311
2013-07-10;133.3;135.5;133.3;134.9;42074
2013-07-09;134.1;135.8;133.5;134.4;55576
2013-07-08;132.7;134.1;132.0;134.1;43211
2013-07-05;133.7;134.0;131.6;132.2;32452
2013-07-04;131.5;133.8;130.3;133.5;72147
2013-07-03;130.4;131.3;129.4;130.4;64405
2013-07-02;132.0;133.4;129.8;130.2;65308
2013-07-01;128.3;132.4;128.2;131.5;118045
2013-06-28;128.0;128.6;126.4;128.1;98140
2013-06-27;129.8;130.0;127.6;128.0;111010
2013-06-26;128.2;129.5;128.2;128.5;44224
2013-06-25;128.1;131.6;127.8;127.8;46755
2013-06-24;130.0;130.3;126.0;128.0;57282
2013-06-21;;131.5;131.5;131.5;0
2013-06-20;131.3;131.9;129.4;131.5;53039
2013-06-19;135.5;135.5;131.7;132.0;29984
2013-06-18;133.8;135.1;132.7;132.8;60536
2013-06-17;131.7;133.1;130.1;132.8;66057
2013-06-14;131.0;132.1;129.8;129.9;286761
2013-06-13;131.9;131.9;130.1;131.0;107211
2013-06-12;132.6;133.1;131.9;132.6;105965
2013-06-11;132.4;132.7;129.9;132.4;88000
2013-06-10;133.7;134.1;131.6;132.4;59112
2013-06-07;134.6;134.6;132.1;133.4;60347
2013-06-06;;133.7;133.7;133.7;0
2013-06-05;134.8;134.8;133.2;133.7;32842
2013-06-04;134.3;135.5;134.3;135.0;77966
2013-06-03;137.5;137.5;133.8;133.8;77556
2013-05-31;140.1;140.2;136.5;137.2;167869
2013-05-30;140.0;141.5;139.3;141.0;150576
2013-05-29;141.0;141.3;139.4;140.0;53714
2013-05-28;140.3;141.3;140.3;141.0;38545
2013-05-27;140.4;141.0;139.8;139.8;16836
2013-05-24;140.9;141.6;139.6;140.4;43508
2013-05-23;143.0;143.0;140.0;140.7;42083
2013-05-22;144.2;145.0;142.9;144.2;53406
2013-05-21;143.9;147.0;143.7;145.0;102801
2013-05-20;144.5;145.3;143.3;144.9;51465
2013-05-17;142.8;144.5;142.6;144.5;50697
2013-05-16;142.6;143.9;142.6;142.8;84109
2013-05-15;141.8;145.1;141.8;143.5;96227
2013-05-14;142.4;143.5;141.9;143.3;46843
2013-05-13;141.8;142.8;141.1;142.4;58433
2013-05-10;140.4;143.0;139.5;143.0;61819
2013-05-09;;141.7;141.7;141.7;0
2013-05-08;141.5;142.2;140.4;141.7;13000
2013-05-07;141.4;142.2;140.6;141.8;51705
2013-05-06;141.4;141.9;140.3;141.4;37439
2013-05-03;138.5;141.6;138.0;141.0;46112
2013-05-02;142.1;142.1;137.9;138.5;63757
2013-05-01;;142.2;142.2;142.2;0
2013-04-30;141.5;142.8;140.6;142.2;104342
2013-04-29;141.0;143.0;140.5;142.9;80808
2013-04-26;139.1;141.9;138.3;141.9;115316
2013-04-25;137.4;139.9;136.1;139.8;331502
2013-04-24;137.0;137.0;134.9;135.4;262489
2013-04-23;133.7;135.3;133.1;135.0;48277
2013-04-22;133.0;134.9;133.0;133.7;336559
2013-04-19;130.0;133.2;130.0;133.0;47335
2013-04-18;132.3;132.3;129.8;131.4;64528
2013-04-17;137.0;137.9;134.5;135.0;154801
2013-04-16;136.4;137.5;134.7;137.5;150965
2013-04-15;138.5;138.7;135.1;136.5;51068
2013-04-12;138.5;138.6;137.5;138.4;26566
2013-04-11;138.0;139.0;138.0;138.5;49130
2013-04-10;137.5;139.5;136.8;138.6;64320
2013-04-09;139.0;139.6;137.2;137.7;39373
2013-04-08;138.0;139.5;137.4;138.9;58639
2013-04-05;138.0;138.0;134.3;137.7;103374
2013-04-04;141.6;141.6;137.4;138.1;94124
2013-04-03;144.5;144.5;141.0;141.8;51338
2013-04-02;141.7;144.5;141.5;144.0;58955
2013-04-01;;141.0;141.0;141.0;0
2013-03-29;140.2;141.0;141.0;141.0;282023
2013-03-28;140.2;140.6;137.7;139.6;282023
2013-03-27;140.2;140.6;137.7;139.6;282023
2013-03-26;141.7;142.0;139.7;140.2;41420
2013-03-25;143.4;143.8;140.8;141.8;28532
2013-03-22;142.5;144.0;140.3;141.6;116405
2013-03-21;143.0;143.0;141.6;142.6;74490
2013-03-20;142.4;143.9;142.0;142.8;138827
2013-03-19;143.1;144.6;142.1;142.4;46749
2013-03-18;143.9;144.2;142.2;144.2;97628
2013-03-15;143.7;145.2;141.6;144.0;129045
2013-03-14;143.0;143.7;142.5;143.7;63475
2013-03-13;139.7;142.5;138.4;142.4;201036
2013-03-12;140.1;141.0;139.7;140.4;39184
2013-03-11;142.9;142.9;140.0;140.8;55513
2013-03-08;143.0;143.5;142.5;142.9;20049
2013-03-07;142.3;143.5;141.6;142.9;105672
2013-03-06;143.0;143.4;141.2;143.0;107800
2013-03-05;142.3;147.9;142.3;143.2;226272
2013-03-04;139.9;142.0;139.9;142.0;83658
2013-03-01;142.0;142.5;139.9;141.5;34623
2013-02-28;141.3;143.4;141.2;142.0;187029
2013-02-27;139.3;141.8;139.3;141.3;116144
2013-02-26;141.0;141.5;139.6;139.6;151367
2013-02-25;143.0;144.2;142.3;142.5;102438
2013-02-22;140.8;143.5;140.6;142.6;44461
2013-02-21;142.0;142.5;139.6;141.8;65301
2013-02-20;143.0;144.4;141.5;142.3;83258
2013-02-19;141.8;143.7;141.8;143.0;72079
2013-02-18;143.0;145.8;141.6;141.9;134392
2013-02-15;141.0;146.4;140.7;144.0;577403
2013-02-14;136.5;139.0;136.5;138.0;117620
2013-02-13;137.5;137.7;136.7;137.0;181764
2013-02-12;136.0;138.2;135.6;137.8;92739
2013-02-11;135.6;137.7;135.6;136.7;58896
2013-02-08;135.0;135.9;134.2;135.6;94297
2013-02-07;136.0;136.6;134.8;135.1;90084
2013-02-06;136.0;137.3;135.1;135.8;59199
2013-02-05;134.5;136.3;134.4;135.8;37262
2013-02-04;136.7;137.5;134.2;135.7;107575
2013-02-01;136.8;138.5;136.4;137.0;55099
2013-01-31;136.0;137.9;135.6;137.5;61787
2013-01-30;138.2;138.9;135.5;136.6;123608
2013-01-29;137.1;138.1;137.1;137.5;31940
2013-01-28;138.8;139.0;137.4;137.7;28549
2013-01-25;139.0;139.0;137.9;138.8;28593
2013-01-24;138.0;139.4;137.8;139.2;74405
2013-01-23;137.5;138.2;137.2;138.2;39873
2013-01-22;136.9;138.2;136.2;138.2;153777
2013-01-21;137.0;137.6;136.5;136.5;80666
2013-01-18;138.0;138.0;136.7;136.7;129460
2013-01-17;137.0;138.0;136.6;137.3;119858
2013-01-16;137.0;137.8;136.0;136.7;54480
2013-01-15;135.3;137.4;135.3;136.8;120956
2013-01-14;136.2;137.9;135.1;135.3;49922
2013-01-11;136.9;137.7;135.3;136.1;407304
2013-01-10;139.0;139.0;135.9;137.2;71858
2013-01-09;136.7;139.8;136.3;139.0;79883
2013-01-08;136.9;137.3;136.3;137.0;70901
2013-01-07;136.0;137.0;135.8;137.0;28647
2013-01-04;136.9;136.9;135.8;136.3;57280
2013-01-03;136.5;136.9;135.9;136.9;26312
2013-01-02;135.7;136.9;135.2;136.5;54410
2013-01-01;;135.1;135.1;135.1;0
2012-12-31;;135.1;135.1;135.1;0
2012-12-28;135.0;135.7;132.6;135.1;64294
2012-12-27;133.6;136.2;132.2;135.3;47943
2012-12-26;;134.3;134.3;134.3;0
2012-12-25;;134.3;134.3;134.3;0
2012-12-24;;134.3;134.3;134.3;0
2012-12-21;135.8;136.3;133.6;134.3;43761
2012-12-20;136.0;136.4;135.3;136.0;24441
2012-12-19;135.8;137.6;135.8;137.0;74917
2012-12-18;133.9;136.9;133.6;136.7;102618
2012-12-17;132.7;134.0;132.4;133.6;41615
2012-12-14;131.5;133.9;131.5;133.2;65476
2012-12-13;131.4;132.8;130.9;131.8;463078
2012-12-12;134.0;134.0;130.4;131.4;51512
2012-12-11;133.3;134.0;131.5;134.0;64261
2012-12-10;130.9;133.6;130.4;133.6;85915
2012-12-07;131.7;133.0;130.9;130.9;137523
2012-12-06;133.5;134.5;131.5;131.7;39983
2012-12-05;134.0;134.9;132.5;132.8;34992
2012-12-04;132.0;134.6;131.4;134.0;257729
2012-12-03;129.0;132.8;128.7;132.0;80329
2012-11-30;128.7;130.6;128.2;129.5;97846
2012-11-29;126.4;128.8;125.5;128.5;63700
2012-11-28;125.0;126.9;124.7;126.5;39419
2012-11-27;123.4;125.7;123.2;125.3;80384
2012-11-26;124.8;125.0;123.1;123.1;76621
2012-11-23;123.7;124.8;123.0;124.8;44308
2012-11-22;121.8;123.7;121.6;123.7;87258
2012-11-21;122.7;122.8;121.7;122.0;58396
2012-11-20;123.5;123.8;122.7;122.7;127771
2012-11-19;124.0;124.4;123.1;123.9;38913
2012-11-16;120.2;125.0;120.2;122.6;141136
2012-11-15;122.7;124.0;121.5;122.5;170975
2012-11-14;123.7;124.9;123.7;124.1;72090
2012-11-13;124.2;124.5;122.7;122.7;135916
2012-11-12;125.1;125.6;124.0;124.8;54623
2012-11-09;124.0;126.2;124.0;124.5;82688
2012-11-08;126.1;127.5;125.8;125.8;76707
2012-11-07;127.1;127.9;125.9;126.0;50338
2012-11-06;124.8;128.0;124.3;128.0;78426
2012-11-05;126.0;126.3;123.2;125.2;73328
2012-11-02;127.1;127.6;126.0;126.2;32194
2012-11-01;126.0;128.4;125.5;127.2;76118
2012-10-31;126.1;128.0;126.0;126.0;112538
2012-10-30;123.5;126.8;123.5;126.4;41362
2012-10-29;126.0;126.0;123.4;124.8;37862
2012-10-26;125.5;126.2;125.1;125.8;86469
2012-10-25;126.6;127.5;125.5;126.9;88852
2012-10-24;127.0;127.5;125.0;126.9;135201
2012-10-23;128.0;128.0;125.3;127.2;257767
2012-10-22;130.0;130.0;126.9;128.2;80157
2012-10-19;127.0;130.5;127.0;129.6;282753
2012-10-18;130.0;130.4;124.0;129.5;578784
2012-10-17;129.0;132.4;129.0;132.4;268511
2012-10-16;129.6;131.0;129.0;129.8;71859
2012-10-15;131.0;132.4;129.6;130.0;75617
2012-10-12;130.2;132.6;130.1;131.1;100244
2012-10-11;126.1;131.0;126.1;130.2;91037
2012-10-10;128.0;129.5;126.7;128.0;91744
