Dates;Open;High;Low;Close;Volume
2017-10-09;105.9;106.6;105.3;105.8;36027
2017-10-06;106.5;106.6;105.1;105.9;40893
2017-10-05;106.1;106.7;105.0;106.0;70844
2017-10-04;107.0;107.0;105.0;106.0;73654
2017-10-03;107.0;107.5;106.4;106.7;43501
2017-10-02;107.5;107.8;106.6;107.0;53573
2017-09-29;106.0;107.8;106.0;107.2;55057
2017-09-28;106.4;106.9;106.0;106.0;26401
2017-09-27;104.4;106.4;104.2;106.1;63916
2017-09-26;104.4;104.5;103.7;104.0;16814
2017-09-25;103.9;104.5;103.3;104.5;21436
2017-09-22;104.0;104.0;102.9;104.0;20877
2017-09-21;103.0;103.9;102.7;103.5;19961
2017-09-20;102.0;102.3;101.7;101.8;10833
2017-09-19;101.8;102.0;101.6;102.0;15602
2017-09-18;102.0;102.4;101.3;101.8;22956
2017-09-15;102.1;102.5;101.0;101.0;36933
2017-09-14;102.5;102.5;102.0;102.1;14483
2017-09-13;101.6;102.5;101.3;102.5;25518
2017-09-12;101.7;102.1;101.4;101.5;27670
2017-09-11;100.5;101.6;100.3;101.3;31315
2017-09-08;98.6;100.3;98.6;99.25;21740
2017-09-07;99.95;100.4;99.0;99.0;27814
2017-09-06;99.5;99.75;99.0;99.25;39070
2017-09-04;101.1;101.5;100.8;100.9;16346
2017-09-01;101.7;102.4;101.4;101.4;18337
2017-08-31;101.5;102.6;101.5;101.7;15970
2017-08-30;100.1;101.3;100.1;101.3;19921
2017-08-29;100.5;100.5;99.95;100.0;24729
2017-08-28;100.9;101.4;100.5;100.5;11721
2017-08-25;100.6;101.6;100.6;101.0;7224
2017-08-24;100.9;101.5;100.6;100.6;10994
2017-08-23;100.1;101.6;100.1;100.9;14030
2017-08-22;100.1;101.2;100.1;100.8;23202
2017-08-21;100.1;100.6;100.0;100.1;26337
2017-08-18;100.6;100.6;99.5;100.2;45885
2017-08-17;102.3;102.3;100.8;100.8;23270
2017-08-16;101.7;103.0;101.6;102.2;11012
2017-08-15;101.9;101.9;100.7;101.7;17956
2017-08-14;100.6;101.7;100.6;101.0;13642
2017-08-11;102.0;102.0;100.0;100.5;30127
2017-08-10;102.0;102.4;101.6;102.2;32949
2017-08-09;102.5;102.5;101.7;102.1;12954
2017-08-08;102.8;103.3;102.5;102.5;25670
2017-08-07;103.0;103.0;102.5;102.7;23155
2017-08-04;101.5;102.6;101.4;102.2;9616
2017-08-03;101.7;102.0;101.2;101.3;21436
2017-08-02;102.0;102.4;101.3;101.8;15681
2017-08-01;101.3;102.6;101.3;102.2;23543
2017-07-31;101.1;101.8;100.8;101.3;19993
2017-07-28;102.6;102.6;101.1;101.2;14483
2017-07-27;101.5;102.7;101.5;102.6;17610
2017-07-26;102.1;102.1;101.3;101.5;10954
2017-07-25;101.8;102.7;101.7;102.1;20693
2017-07-24;102.0;102.1;100.5;101.7;30478
2017-07-21;101.9;102.5;101.2;102.2;30605
2017-07-20;104.2;104.2;102.0;102.0;21676
2017-07-19;103.4;103.7;102.2;102.8;24026
2017-07-18;105.2;105.6;103.0;103.8;25552
2017-07-17;105.2;105.5;104.6;105.1;30300
2017-07-14;104.5;106.5;104.5;104.5;78612
2017-07-13;103.8;104.0;103.4;103.6;18628
2017-07-12;101.3;103.8;101.3;103.8;37203
2017-07-11;102.0;102.4;101.3;101.3;11430
2017-07-10;101.7;102.3;101.3;102.3;8524
2017-07-07;101.7;102.2;101.3;101.8;7121
2017-07-06;102.0;102.1;101.6;101.7;9549
2017-07-05;101.7;102.6;101.7;101.9;12950
2017-07-04;102.0;102.9;101.4;102.9;31365
2017-07-03;100.0;102.0;100.0;102.0;25627
2017-06-30;101.8;101.9;100.2;100.6;22303
2017-06-29;102.2;103.1;100.7;100.7;24503
2017-06-28;101.0;101.9;99.95;101.9;24120
2017-06-27;100.6;101.9;100.4;101.4;35385
2017-06-26;100.0;102.0;100.0;100.6;34525
2017-06-23;;101.5;101.5;101.5;0
2017-06-22;102.3;102.4;101.1;101.5;21620
2017-06-21;103.7;103.7;102.3;102.3;30961
2017-06-20;104.5;104.8;103.5;104.1;27043
2017-06-19;104.0;104.9;103.0;104.3;45213
2017-06-16;103.9;104.0;102.0;104.0;38709
2017-06-15;102.4;103.0;101.0;102.8;45393
2017-06-14;103.7;104.0;102.1;102.8;24243
2017-06-13;103.9;104.0;103.2;103.7;17997
2017-06-12;104.0;104.0;102.8;103.1;20549
2017-06-09;103.5;104.7;103.5;104.5;34939
2017-06-08;103.8;105.2;103.6;103.6;30236
2017-06-07;103.4;104.4;103.0;103.5;20788
2017-06-06;;102.9;102.9;102.9;0
2017-06-05;104.0;104.0;102.9;102.9;31307
2017-06-02;103.5;105.0;103.4;103.7;27006
2017-06-01;104.3;104.8;103.6;104.3;15194
2017-05-31;103.8;104.9;103.8;104.9;37378
2017-05-30;104.0;104.9;103.6;104.9;42959
2017-05-29;104.2;105.2;104.2;104.7;21761
2017-05-26;103.9;104.7;103.7;104.0;29058
2017-05-24;104.4;105.2;104.2;104.2;11736
2017-05-23;102.9;104.4;102.9;103.6;9730
2017-05-22;103.5;104.6;102.9;102.9;27043
2017-05-19;102.9;104.0;102.9;103.4;41141
2017-05-18;103.0;104.2;101.9;102.9;84029
2017-05-17;105.3;105.4;103.4;103.8;35699
2017-05-16;105.0;105.9;104.9;105.3;21154
2017-05-15;105.0;106.2;105.0;105.0;19385
2017-05-12;105.1;105.5;105.5;105.5;54350
2017-05-11;106.0;106.5;105.0;105.1;39539
2017-05-10;106.0;107.0;105.7;106.6;37212
2017-05-09;105.6;107.1;105.6;106.7;37258
2017-05-08;106.2;106.2;105.1;105.4;25535
2017-05-05;105.0;106.5;103.4;106.2;68843
2017-05-04;103.8;105.0;103.8;105.0;50289
2017-05-03;101.6;104.2;101.3;104.2;79085
2017-05-02;101.5;102.6;101.4;101.9;42182
2017-05-01;;101.9;101.9;101.9;0
2017-04-28;100.8;102.0;100.0;101.9;39317
2017-04-27;101.3;102.2;100.2;100.9;55110
2017-04-26;101.6;102.1;100.4;101.0;64172
2017-04-25;101.5;102.4;101.0;101.6;46198
2017-04-24;100.0;101.2;99.7;101.2;62889
2017-04-21;98.3;99.4;98.3;98.85;39899
2017-04-20;99.0;99.6;98.3;99.0;19809
2017-04-19;96.6;99.0;96.6;98.95;22539
2017-04-18;98.5;99.0;96.75;97.1;46027
2017-04-13;99.05;99.15;97.6;98.0;21942
2017-04-12;98.55;99.9;98.45;99.05;36770
2017-04-11;97.95;99.4;97.95;98.75;51452
2017-04-10;98.75;98.85;97.35;98.2;43198
2017-04-07;99.55;99.55;98.1;99.15;17086
2017-04-06;98.25;99.45;97.4;99.25;26359
2017-04-05;100.6;100.6;98.1;98.6;40296
2017-04-04;101.3;101.4;98.45;99.2;47059
2017-04-03;103.1;103.8;101.3;101.3;40113
2017-03-31;104.1;104.8;102.5;103.5;78098
2017-03-30;104.0;104.0;102.1;104.0;31020
2017-03-29;105.0;105.0;103.2;104.0;35692
2017-03-28;109.1;109.5;108.4;108.7;29272
2017-03-27;107.0;109.1;105.8;109.1;82464
2017-03-24;107.2;109.0;107.1;107.6;18233
2017-03-23;108.2;109.2;107.7;108.5;19459
2017-03-22;109.0;109.8;106.7;109.5;48384
2017-03-21;109.0;109.9;108.5;109.0;40064
2017-03-20;108.3;108.3;108.0;108.2;66978
2017-03-17;108.7;109.9;108.0;108.1;263561
2017-03-16;108.3;109.6;108.3;108.8;50563
2017-03-15;107.7;108.9;107.6;108.3;44468
2017-03-14;108.0;108.5;106.9;107.5;48719
2017-03-13;107.1;108.6;106.4;108.0;44541
2017-03-10;105.5;106.5;106.5;106.5;40317
2017-03-09;105.0;106.0;104.5;105.5;29620
2017-03-08;104.7;105.0;104.4;105.0;18522
2017-03-07;104.0;104.7;103.8;104.7;30624
2017-03-06;104.9;104.9;103.8;104.5;37656
2017-03-03;104.7;104.3;104.3;104.3;25805
2017-03-02;105.0;105.0;103.9;104.8;30767
2017-03-01;104.1;104.6;103.6;104.3;33610
2017-02-28;103.4;104.1;101.5;104.1;138936
2017-02-27;103.1;104.0;102.6;102.8;89517
2017-02-24;104.5;105.0;102.9;103.2;74025
2017-02-23;105.6;105.6;104.5;104.5;54899
2017-02-22;104.5;105.0;104.5;104.8;31550
2017-02-21;105.5;105.6;103.2;105.1;41066
2017-02-20;106.0;106.4;105.5;106.1;26690
2017-02-17;106.0;106.0;104.9;105.7;26051
2017-02-16;105.9;106.0;105.1;105.6;24122
2017-02-15;105.0;105.7;104.6;105.5;26924
2017-02-14;104.8;104.8;103.9;104.3;20587
2017-02-13;105.0;105.0;103.9;104.2;25038
2017-02-10;104.0;104.5;103.2;103.6;27760
2017-02-09;103.0;103.8;102.4;103.2;24922
2017-02-08;104.0;104.0;101.9;103.3;25981
2017-02-07;102.5;103.5;102.0;103.1;28635
2017-02-06;103.5;103.7;102.0;102.5;42460
2017-02-03;103.0;103.4;102.6;103.2;36904
2017-02-02;101.4;102.9;101.4;102.5;74197
2017-02-01;103.4;104.0;101.4;102.0;53350
2017-01-31;100.7;101.2;100.0;100.7;34553
2017-01-30;100.0;100.8;98.45;100.4;28650
2017-01-27;100.7;101.2;99.8;100.0;39134
2017-01-26;100.0;101.9;100.0;101.0;43958
2017-01-25;99.2;101.0;99.0;99.7;34454
2017-01-24;98.6;99.3;98.0;98.9;19452
2017-01-23;99.5;99.5;98.3;98.4;44469
2017-01-20;98.8;100.0;98.55;99.5;46559
2017-01-19;98.2;99.25;98.2;98.4;22181
2017-01-18;97.7;98.7;97.7;98.2;20956
2017-01-17;98.1;98.65;97.0;97.9;28200
2017-01-16;98.0;98.9;96.5;98.1;48026
2017-01-13;96.3;97.95;96.3;97.7;46455
2017-01-12;97.2;97.2;96.0;96.3;38086
2017-01-11;97.25;98.0;96.1;97.55;24875
2017-01-10;97.9;98.85;95.2;97.25;66138
2017-01-09;100.0;100.0;96.6;97.6;60195
2017-01-06;;100.2;100.2;100.2;0
2017-01-05;99.85;100.6;99.75;100.2;16335
2017-01-04;99.05;101.5;99.05;99.8;61721
2017-01-03;97.45;99.7;97.45;99.05;52336
2017-01-02;95.2;97.45;95.15;97.45;50614
2016-12-30;95.5;95.7;94.0;95.2;44625
2016-12-29;96.5;96.5;95.1;95.7;49290
2016-12-28;97.5;97.5;96.25;96.55;63531
2016-12-27;97.9;97.9;97.05;97.5;19734
2016-12-23;98.0;98.85;97.9;97.9;13243
2016-12-22;98.75;98.85;97.1;97.9;18391
2016-12-21;98.7;99.45;98.1;98.8;25999
2016-12-20;98.8;99.85;98.55;99.85;32499
2016-12-19;100.6;100.6;98.5;98.85;35212
2016-12-16;100.0;101.1;99.8;100.6;105981
2016-12-15;97.3;99.8;97.3;99.75;56851
2016-12-14;99.0;99.0;97.6;97.95;44390
2016-12-13;98.0;98.5;96.65;98.5;52422
2016-12-12;96.6;98.0;95.9;97.45;69063
2016-12-09;97.0;97.5;95.6;96.6;44200
2016-12-08;94.5;96.2;94.5;96.1;64678
2016-12-07;93.5;95.15;93.5;94.35;58808
2016-12-06;91.9;93.95;91.5;93.0;28091
2016-12-05;92.0;92.65;91.15;92.0;26833
2016-12-02;91.8;92.0;91.1;91.5;30233
2016-12-01;91.3;92.55;91.2;91.55;33576
2016-11-30;91.35;92.0;90.95;91.3;36290
2016-11-29;90.85;91.8;90.55;91.35;17247
2016-11-28;93.0;93.0;90.85;91.1;31807
2016-11-25;93.0;93.2;91.85;93.2;25942
2016-11-24;93.35;94.2;93.0;93.0;13076
2016-11-23;93.05;94.5;92.9;93.35;61279
2016-11-22;92.8;93.6;92.35;92.9;41798
2016-11-21;92.4;92.9;91.5;92.4;30885
2016-11-18;91.7;92.4;90.95;92.05;41816
2016-11-17;91.5;91.85;90.65;91.5;15357
2016-11-16;92.6;92.6;91.0;91.1;13257
2016-11-15;92.0;92.0;90.6;92.0;21627
2016-11-14;90.75;92.45;90.0;91.6;47688
2016-11-11;92.0;92.65;90.6;90.6;35909
2016-11-10;91.0;93.2;91.0;91.5;93268
2016-11-09;85.0;91.15;85.0;90.65;138965
2016-11-08;90.5;90.7;89.55;90.5;39309
2016-11-07;88.6;90.95;88.6;90.1;37997
2016-11-04;88.6;88.6;88.2;88.2;22222
2016-11-03;88.65;90.6;88.0;89.0;20545
2016-11-02;90.0;90.0;85.0;88.1;32888
2016-11-01;91.45;91.6;89.7;90.1;29047
2016-10-31;91.5;92.0;90.75;91.45;38022
2016-10-28;92.0;92.5;91.2;92.15;27505
2016-10-27;93.0;93.0;91.0;91.9;39930
2016-10-26;93.0;93.0;91.1;92.55;16732
2016-10-25;92.3;93.0;91.2;91.85;29247
2016-10-24;92.0;93.4;91.4;92.3;84454
2016-10-21;91.25;93.0;90.7;92.3;74821
2016-10-20;92.0;92.0;89.9;91.0;43198
2016-10-19;90.8;91.0;90.0;90.85;21367
2016-10-18;89.7;90.85;89.7;90.7;17382
2016-10-17;90.15;90.45;89.0;90.0;28327
2016-10-14;89.0;90.2;88.8;89.45;27759
2016-10-13;91.3;91.3;88.05;88.5;59748
2016-10-12;90.1;91.4;90.1;90.3;16454
2016-10-11;92.3;92.3;90.2;90.6;24644
2016-10-10;90.0;91.55;90.0;91.5;33630
2016-10-07;90.5;90.95;90.0;90.65;8784
2016-10-06;90.5;91.35;89.5;90.5;26055
2016-10-05;90.4;90.95;90.0;90.65;14280
2016-10-04;89.5;90.5;89.5;90.4;34305
2016-10-03;90.0;90.45;89.35;89.75;27417
2016-09-30;89.3;89.95;87.2;89.7;38876
2016-09-29;89.0;89.95;88.75;89.45;27392
2016-09-28;87.85;89.5;87.85;88.0;59022
2016-09-27;88.5;88.85;86.5;87.85;42115
2016-09-26;88.8;89.3;87.75;88.0;44429
2016-09-23;90.0;90.0;88.5;89.4;34921
2016-09-22;89.9;90.6;89.5;90.1;38373
2016-09-21;89.85;90.8;89.4;89.45;44232
2016-09-20;89.05;89.7;88.15;89.15;49726
2016-09-19;90.0;90.5;88.5;89.05;51591
2016-09-16;89.5;90.0;88.1;88.45;48437
2016-09-15;89.05;90.3;89.05;90.05;21491
2016-09-14;89.0;90.4;88.85;89.05;27353
2016-09-13;90.2;91.0;89.5;89.5;17030
2016-09-12;89.2;90.65;89.2;90.15;66627
2016-09-09;90.45;90.95;89.5;89.8;47755
2016-09-08;89.4;90.65;89.4;89.8;42271
2016-09-07;89.25;90.5;88.5;89.4;90162
2016-09-06;86.3;90.0;86.3;88.85;118536
2016-09-05;87.0;88.45;86.1;86.25;79896
2016-09-02;85.5;86.9;84.6;85.35;50116
2016-09-01;86.0;86.55;84.5;85.5;28494
2016-08-31;85.0;87.0;84.75;86.0;55806
2016-08-30;83.5;85.0;83.45;85.0;43757
2016-08-29;82.25;83.4;82.2;83.25;15841
2016-08-26;82.5;83.0;82.0;83.0;17432
2016-08-25;82.45;83.0;81.65;82.45;14371
2016-08-24;81.5;83.05;81.4;82.45;30507
2016-08-23;81.8;82.0;80.8;82.0;23115
2016-08-22;80.15;81.85;80.15;80.65;24993
2016-08-19;80.65;81.2;79.95;80.15;22916
2016-08-18;81.1;81.9;80.75;81.1;14001
2016-08-17;81.5;82.2;80.85;81.05;9747
2016-08-16;82.3;82.5;80.0;81.5;17977
2016-08-15;81.95;82.5;81.35;82.3;24928
2016-08-12;82.25;82.5;81.4;81.95;14052
2016-08-11;81.65;82.35;81.65;82.25;17074
2016-08-10;81.5;82.9;81.05;81.65;29463
2016-08-09;80.1;81.5;79.65;81.45;41108
2016-08-08;79.45;80.5;79.45;79.65;24193
2016-08-05;78.65;80.35;78.2;79.4;20537
2016-08-04;79.0;79.5;78.1;78.2;17209
2016-08-03;78.25;78.3;75.5;77.45;20414
2016-08-02;79.8;80.0;77.9;78.65;13737
2016-08-01;79.8;80.9;78.85;79.45;15657
2016-07-29;80.0;80.9;79.0;79.65;19112
2016-07-28;81.0;81.0;79.05;79.05;19759
2016-07-27;80.0;81.0;80.0;80.0;15429
2016-07-26;79.6;80.3;79.15;79.8;18060
2016-07-25;79.3;80.3;79.15;79.15;14765
2016-07-22;79.0;80.0;79.0;79.4;17369
2016-07-21;79.0;79.4;78.0;79.4;16027
2016-07-20;78.4;79.3;77.5;78.35;11358
2016-07-19;76.5;79.25;76.5;78.05;15141
2016-07-18;78.0;79.65;76.6;78.1;28862
2016-07-15;78.9;79.05;78.1;78.2;27670
2016-07-14;78.0;79.05;77.5;77.65;32375
2016-07-13;77.5;77.95;76.25;76.6;25164
2016-07-12;76.05;77.7;76.05;77.4;37413
2016-07-11;75.0;76.75;75.0;76.05;19764
2016-07-08;72.5;75.45;72.25;74.7;37887
2016-07-07;73.0;73.45;71.35;72.75;51031
2016-07-06;72.95;72.95;70.35;72.0;76870
2016-07-05;74.5;74.5;71.9;72.55;33058
2016-07-04;76.0;76.65;73.95;74.5;41171
2016-07-01;77.0;77.0;75.8;75.8;27446
2016-06-30;77.0;77.0;75.0;75.15;26882
2016-06-29;76.0;77.4;74.6;75.8;46755
2016-06-28;74.0;75.4;73.6;73.6;51073
2016-06-27;71.0;75.1;71.0;73.3;186702
2016-06-24;;78.6;78.6;78.6;0
2016-06-23;78.05;79.0;77.4;78.6;45706
2016-06-22;77.5;78.25;76.5;78.05;49152
2016-06-21;76.0;76.8;74.65;76.45;66220
2016-06-20;73.15;76.05;73.15;75.45;66976
2016-06-17;71.5;74.0;71.5;72.2;167759
2016-06-16;73.4;73.85;71.3;71.4;33147
2016-06-15;73.2;76.75;72.95;73.3;44701
2016-06-14;73.1;74.15;72.15;73.15;56911
2016-06-13;75.0;75.4;72.95;74.45;76333
2016-06-10;77.5;78.05;75.1;75.75;91714
2016-06-09;78.95;78.95;77.2;77.4;74827
2016-06-08;79.15;79.6;78.35;79.05;39533
2016-06-07;79.0;80.15;78.9;79.35;37828
2016-06-06;;78.9;78.9;78.9;0
2016-06-03;80.2;81.1;77.75;78.9;100280
2016-06-02;80.3;81.85;79.45;80.05;68019
2016-06-01;81.35;81.8;79.85;80.3;45526
2016-05-31;82.0;83.4;80.55;82.75;118353
2016-05-30;83.0;83.95;81.2;81.65;59082
2016-05-27;83.65;84.05;82.5;82.9;53841
2016-05-26;84.0;84.2;82.5;83.65;48001
2016-05-25;82.25;85.1;82.15;83.55;50795
2016-05-24;80.55;82.3;80.2;82.25;21382
2016-05-23;81.75;82.4;80.25;80.55;20399
2016-05-20;81.2;82.4;80.45;81.5;18363
2016-05-19;82.0;82.7;81.2;81.2;19307
2016-05-18;80.1;81.8;79.0;81.65;23378
2016-05-17;81.0;81.95;79.15;80.1;48335
2016-05-16;80.8;81.0;79.05;80.65;18124
2016-05-13;80.2;80.8;78.55;80.0;16516
2016-05-12;83.9;83.9;79.45;80.2;17077
2016-05-11;84.0;84.0;80.7;81.0;25124
2016-05-10;80.35;83.2;80.35;82.1;36027
2016-05-09;80.0;82.1;78.5;80.35;34456
2016-05-06;77.1;79.0;77.1;78.4;31703
2016-05-05;80.2;80.2;77.0;77.1;21535
2016-05-04;80.2;80.2;77.0;77.1;21535
2016-05-03;82.95;82.95;78.25;80.2;39214
2016-05-02;80.15;81.8;80.15;81.0;15504
2016-04-29;82.0;82.95;79.0;80.15;63435
2016-04-28;83.45;83.45;81.5;82.5;30063
2016-04-27;84.0;84.85;83.2;83.5;57988
2016-04-26;86.0;86.6;84.5;86.5;27282
2016-04-25;84.95;85.4;84.0;84.5;21708
2016-04-22;86.55;86.9;84.2;85.25;19083
2016-04-21;84.0;87.0;84.0;86.55;27069
2016-04-20;86.65;86.65;85.05;85.65;15948
2016-04-19;86.5;87.4;85.65;86.75;28370
2016-04-18;84.0;86.5;84.0;86.5;9167
2016-04-15;84.6;86.75;84.6;86.15;14516
2016-04-14;85.65;86.4;85.4;86.3;18928
2016-04-13;84.9;86.5;84.85;85.6;30921
2016-04-12;84.0;85.3;83.1;84.1;29818
2016-04-11;84.15;85.25;82.75;84.0;26179
2016-04-08;82.4;83.9;82.4;83.6;20522
2016-04-07;84.65;84.65;82.25;82.25;27347
2016-04-06;84.7;84.7;83.1;84.65;29837
2016-04-05;85.0;85.0;82.35;83.25;35358
2016-04-04;84.1;85.5;83.65;85.0;27744
2016-04-01;84.0;84.6;82.85;83.75;28537
2016-03-31;87.0;87.25;83.7;84.2;80976
2016-03-30;88.2;89.15;86.05;87.3;46116
2016-03-29;88.6;89.7;88.0;88.2;24259
2016-03-28;90.25;90.25;88.6;88.6;19723
2016-03-25;90.25;90.25;88.0;88.6;19723
2016-03-24;90.25;90.25;88.0;88.6;19723
2016-03-23;89.9;90.9;89.45;90.3;56710
2016-03-22;94.0;94.8;92.35;94.45;50501
2016-03-21;94.0;95.0;93.4;93.7;42943
2016-03-18;95.0;95.0;92.3;93.85;56030
2016-03-17;97.0;97.5;92.45;94.1;101119
2016-03-16;95.9;97.35;95.35;96.15;52614
2016-03-15;93.75;97.5;93.2;95.45;76295
2016-03-14;93.0;93.75;92.9;93.45;48603
2016-03-11;91.45;93.0;91.45;92.5;39710
2016-03-10;91.5;92.75;90.8;91.45;91604
2016-03-09;91.0;91.5;90.6;91.4;28925
2016-03-08;90.2;91.3;89.55;90.4;56854
2016-03-07;91.2;91.2;89.7;90.65;35623
2016-03-04;92.5;92.5;90.0;91.2;23568
2016-03-03;91.05;92.1;91.05;91.3;29458
2016-03-02;92.0;93.0;89.95;90.5;68864
2016-03-01;92.0;92.0;90.0;92.0;50301
2016-02-29;91.2;92.7;88.1;92.7;64211
2016-02-26;89.4;91.4;89.4;91.25;50686
2016-02-25;88.25;90.65;87.9;88.8;32007
2016-02-24;91.05;91.05;87.5;87.65;55980
2016-02-23;90.9;92.7;89.15;91.1;56594
2016-02-22;90.0;91.7;89.5;90.7;36369
2016-02-19;89.0;90.0;87.5;88.75;34172
2016-02-18;91.0;91.3;88.45;88.8;37015
2016-02-17;89.6;91.2;88.35;89.85;46915
2016-02-16;89.0;90.0;88.25;89.2;61023
2016-02-15;87.55;89.85;87.55;87.6;51375
2016-02-12;84.6;86.2;83.5;85.4;24496
2016-02-11;88.0;88.0;83.0;84.55;37169
2016-02-10;87.0;89.5;85.0;88.25;39585
2016-02-09;86.1;87.2;82.0;85.2;104261
2016-02-08;89.35;90.35;87.0;87.35;59884
2016-02-05;89.0;90.5;87.3;89.0;98275
2016-02-04;85.25;89.1;85.25;87.65;101773
2016-02-03;85.0;87.0;81.5;82.5;57746
2016-02-02;84.25;87.35;81.85;85.7;75609
2016-02-01;85.5;86.6;82.7;84.45;87962
2016-01-29;84.4;85.7;84.05;85.5;20889
2016-01-28;84.5;84.55;82.25;83.65;28299
2016-01-27;84.8;84.8;82.9;84.55;65747
2016-01-26;83.2;84.75;81.1;84.55;39810
2016-01-25;84.8;84.8;81.9;82.15;47673
2016-01-22;83.0;84.15;81.75;83.8;45844
2016-01-21;80.3;81.75;78.85;80.85;48715
2016-01-20;81.3;81.3;78.8;80.1;51679
2016-01-19;80.5;83.25;80.5;81.3;40261
2016-01-18;82.65;82.95;79.7;80.55;68939
2016-01-15;85.0;85.0;81.5;82.75;60398
2016-01-14;84.3;85.75;81.0;84.65;49478
2016-01-13;85.2;86.5;85.2;85.2;22674
2016-01-12;87.0;87.0;85.05;85.05;14789
2016-01-11;84.95;86.9;84.55;85.35;32365
2016-01-08;85.85;87.75;84.0;84.3;39959
2016-01-07;87.5;87.5;83.05;86.65;86497
2016-01-06;;88.5;88.5;88.5;0
2016-01-05;86.2;88.5;86.2;88.5;21657
2016-01-04;87.5;87.9;86.15;87.7;56160
2016-01-01;;88.85;88.85;88.85;0
2015-12-31;;88.85;88.85;88.85;0
2015-12-30;88.6;89.05;87.6;88.85;47900
2015-12-29;88.0;88.9;88.0;88.5;21566
2015-12-28;88.0;89.95;87.5;88.0;70323
2015-12-25;86.7;88.5;86.7;88.5;24527
2015-12-24;86.7;88.5;86.7;88.5;24527
2015-12-23;86.7;88.5;86.7;88.5;24527
2015-12-22;87.0;87.5;86.5;86.55;33417
2015-12-21;85.7;88.55;85.0;87.15;46547
2015-12-18;87.9;87.9;86.55;87.05;27818
2015-12-17;91.5;91.5;88.1;88.55;59866
2015-12-16;90.0;91.9;87.3;87.8;33434
2015-12-15;83.8;89.05;83.75;89.05;27576
2015-12-14;86.0;87.2;84.9;84.9;49710
2015-12-11;87.0;89.1;85.0;85.3;72032
2015-12-10;87.35;88.4;86.2;86.2;29212
2015-12-09;90.0;90.0;86.35;87.4;54380
2015-12-08;90.15;90.15;86.2;88.1;47587
2015-12-07;90.1;90.5;89.75;90.45;18425
2015-12-04;90.5;90.5;88.6;89.75;46536
2015-12-03;91.45;91.95;90.05;90.5;28903
2015-12-02;92.75;92.75;91.35;91.45;17832
2015-12-01;91.35;92.45;91.35;91.65;19617
2015-11-30;91.25;92.5;90.85;91.35;34377
2015-11-27;91.4;91.9;91.0;91.1;18761
2015-11-26;89.65;91.6;89.65;91.5;50854
2015-11-25;89.5;91.0;89.15;90.2;16669
2015-11-24;90.65;90.8;89.25;89.5;12255
2015-11-23;90.9;91.1;90.5;90.8;22920
2015-11-20;91.5;91.95;90.2;90.9;29205
2015-11-19;91.2;92.05;91.2;91.5;46979
2015-11-18;92.3;92.3;91.2;91.2;15009
2015-11-17;91.25;92.3;90.2;92.25;25795
2015-11-16;88.0;91.5;88.0;91.4;32920
2015-11-13;91.5;91.5;89.7;90.1;15997
2015-11-12;91.7;91.75;90.7;91.25;9080
2015-11-11;91.7;91.95;91.1;91.75;11262
2015-11-10;92.45;92.45;90.1;91.0;27317
2015-11-09;91.95;92.5;91.95;92.0;32482
2015-11-06;91.85;92.45;91.0;91.95;16873
2015-11-05;93.0;93.0;91.85;91.85;50836
2015-11-04;92.5;93.0;92.0;92.25;20298
2015-11-03;92.6;92.95;92.0;92.1;18135
2015-11-02;92.5;92.95;92.1;92.6;20668
2015-10-30;92.5;92.9;92.1;92.35;12030
2015-10-29;92.95;93.0;92.0;92.15;31273
2015-10-28;93.0;93.0;92.0;92.5;23994
2015-10-27;92.0;92.9;92.0;92.15;28770
2015-10-26;92.8;92.8;92.0;92.0;31016
2015-10-23;92.85;93.5;92.0;93.0;42687
2015-10-22;91.5;93.5;90.0;92.85;55189
2015-10-21;92.6;93.35;91.4;91.5;65463
2015-10-20;94.5;95.0;93.0;93.9;30023
2015-10-19;92.95;95.0;92.95;94.35;29262
2015-10-16;92.05;93.75;92.05;92.95;10888
2015-10-15;92.6;93.4;91.5;92.25;27712
2015-10-14;94.9;94.9;92.2;92.6;19091
2015-10-13;95.1;95.15;93.1;94.25;77996
2015-10-12;94.45;96.25;94.05;94.9;47924
2015-10-09;92.6;94.9;92.6;94.4;23584
2015-10-08;93.9;93.9;91.4;92.6;22109
2015-10-07;92.0;94.15;91.0;93.2;79151
2015-10-06;91.3;92.45;90.25;91.9;41418
2015-10-05;91.55;91.55;90.0;90.65;27850
2015-10-02;89.75;91.25;88.8;89.7;17951
2015-10-01;89.75;90.8;88.55;89.4;29637
2015-09-30;87.55;89.5;87.45;87.45;33471
2015-09-29;86.5;88.65;86.45;87.0;48318
2015-09-28;89.25;91.85;87.5;87.75;46182
2015-09-25;87.15;89.55;87.15;89.05;40033
2015-09-24;90.35;90.35;86.9;87.15;58725
2015-09-23;91.6;91.6;90.0;90.35;34368
2015-09-22;93.5;93.5;91.6;91.75;33274
2015-09-21;92.05;93.95;92.0;92.85;36408
2015-09-18;96.5;96.5;92.5;93.0;37293
2015-09-17;95.0;95.1;93.9;95.0;11414
2015-09-16;93.7;95.0;93.5;94.05;27308
2015-09-15;93.7;94.25;91.5;93.4;35439
2015-09-14;95.55;95.7;93.1;93.7;40418
2015-09-11;96.05;96.15;95.0;95.5;40116
2015-09-10;96.5;97.2;95.65;96.05;25163
2015-09-09;97.0;98.45;96.95;96.95;38897
2015-09-08;95.3;97.0;95.3;96.5;13726
2015-09-07;96.1;96.45;95.0;95.15;30706
2015-09-04;97.2;97.2;94.5;95.0;16698
2015-09-03;96.8;97.25;95.5;96.8;37569
2015-09-02;95.15;96.95;95.15;96.15;34928
2015-09-01;97.2;97.25;94.25;95.35;41807
2015-08-31;97.0;98.0;96.35;97.0;25190
2015-08-28;99.15;99.3;96.7;97.05;36764
2015-08-27;99.0;99.75;98.0;98.1;46282
2015-08-26;96.8;97.65;95.0;97.2;53584
2015-08-25;91.0;97.85;91.0;96.0;123232
2015-08-24;96.0;96.0;91.2;93.45;147057
2015-08-21;98.95;98.95;96.85;97.3;91773
2015-08-20;100.4;100.5;99.6;99.6;32304
2015-08-19;101.0;101.1;100.0;100.4;20125
2015-08-18;102.3;102.3;101.1;101.1;12033
2015-08-17;102.0;102.2;101.0;101.5;33208
2015-08-14;102.0;102.0;101.0;101.1;21203
2015-08-13;99.55;102.0;99.55;101.2;32090
2015-08-12;101.5;101.5;99.25;99.3;38865
2015-08-11;101.6;102.1;101.5;101.6;26802
2015-08-10;101.6;102.0;101.4;101.6;22439
2015-08-07;101.1;101.8;101.0;101.6;13502
2015-08-06;101.8;101.8;101.0;101.3;20730
2015-08-05;101.0;102.0;101.0;101.8;15834
2015-08-04;102.3;102.3;100.5;101.1;19435
2015-08-03;101.8;102.3;101.7;101.9;15956
2015-07-31;102.0;102.0;101.1;101.7;23823
2015-07-30;101.1;102.3;101.0;101.1;18353
2015-07-29;101.3;102.3;100.5;101.1;31997
2015-07-28;100.4;101.5;100.4;101.3;31681
2015-07-27;102.1;102.1;99.8;100.4;54548
2015-07-24;103.0;103.0;101.5;102.2;27250
2015-07-23;102.0;103.0;102.0;102.5;11277
2015-07-22;103.5;103.5;101.8;102.0;43609
2015-07-21;104.6;104.7;102.7;103.5;30346
2015-07-20;104.0;104.8;103.5;104.6;20768
2015-07-17;105.3;105.3;103.9;104.0;21096
2015-07-16;103.7;105.2;103.7;104.6;58862
2015-07-15;103.7;104.2;103.2;103.6;35923
2015-07-14;107.0;107.0;103.2;103.7;106116
2015-07-13;103.0;105.8;103.0;105.7;110906
2015-07-10;100.5;102.9;100.5;102.9;63840
2015-07-09;97.4;99.8;97.4;99.1;20742
2015-07-08;98.0;98.45;97.0;97.4;40531
2015-07-07;98.05;100.0;97.65;97.65;18808
2015-07-06;98.0;98.9;97.0;98.05;66848
2015-07-03;102.0;102.0;99.1;100.3;29079
2015-07-02;102.2;103.3;100.8;101.0;74609
2015-07-01;100.0;103.0;100.0;102.0;55133
2015-06-30;100.3;101.8;100.3;100.5;30733
2015-06-29;99.5;102.0;98.8;101.2;90583
2015-06-26;103.9;104.0;102.5;103.1;46384
2015-06-25;103.0;104.2;102.6;103.6;29995
2015-06-24;103.2;104.2;102.3;103.3;33026
2015-06-23;102.9;105.0;102.9;103.1;95505
2015-06-22;96.25;103.0;96.25;102.5;122498
2015-06-19;;96.25;96.25;96.25;0
2015-06-18;98.65;98.75;96.25;96.25;138508
2015-06-17;99.0;99.45;97.85;98.65;40464
2015-06-16;97.1;98.1;96.5;97.85;59475
2015-06-15;99.7;100.0;97.8;98.6;53210
2015-06-12;101.0;101.5;100.0;101.0;35083
2015-06-11;100.0;101.7;99.4;100.9;22662
2015-06-10;97.0;99.2;97.0;99.2;106825
2015-06-09;97.7;98.35;97.0;97.85;45450
2015-06-08;98.25;99.0;97.6;97.65;38685
2015-06-05;100.1;100.1;98.0;98.65;26589
2015-06-04;101.5;101.8;99.9;99.9;43973
2015-06-03;102.2;102.2;100.9;101.2;22865
2015-06-02;102.3;102.3;101.0;101.3;23406
2015-06-01;101.4;102.5;101.4;102.3;22158
2015-05-29;101.9;102.8;101.5;102.8;47416
2015-05-28;102.3;102.9;101.9;102.7;43088
2015-05-27;101.3;102.6;101.0;102.3;38993
2015-05-26;101.2;102.5;101.2;101.3;40880
2015-05-25;100.4;101.0;100.0;100.8;20635
2015-05-22;99.25;101.5;99.25;100.5;23603
2015-05-21;99.35;99.6;98.6;99.25;14534
2015-05-20;98.8;99.3;98.3;98.95;22940
2015-05-19;98.65;99.15;98.25;98.5;22582
2015-05-18;98.65;98.65;97.4;97.85;23939
2015-05-15;97.8;99.0;97.8;98.65;29083
2015-05-14;97.2;98.45;97.2;97.45;11622
2015-05-13;97.2;98.45;97.2;97.45;11622
2015-05-12;98.0;98.0;96.0;97.2;38859
2015-05-11;98.35;98.4;97.1;98.0;25582
2015-05-08;97.5;98.45;96.8;98.0;46804
2015-05-07;96.0;97.5;94.35;97.15;111647
2015-05-06;98.0;98.0;95.55;96.5;77788
2015-05-05;100.7;100.7;97.5;97.9;62086
2015-05-04;102.2;102.5;100.7;100.7;41820
2015-05-01;102.0;103.6;101.6;102.8;37114
2015-04-30;102.0;103.6;101.6;102.8;37114
2015-04-29;104.8;105.5;102.4;103.2;188681
2015-04-28;105.0;105.2;104.0;104.7;41507
2015-04-27;104.5;105.2;104.0;105.0;71693
2015-04-24;102.8;104.3;102.8;103.7;60401
2015-04-23;105.0;106.7;102.0;102.6;139991
2015-04-22;103.1;103.2;100.9;102.0;38542
2015-04-21;101.3;103.0;101.3;102.4;65262
2015-04-20;100.0;101.5;100.0;101.3;27967
2015-04-17;103.0;103.0;100.7;100.7;39282
2015-04-16;103.1;103.5;102.0;102.5;38716
2015-04-15;101.7;103.1;101.5;102.9;50877
2015-04-14;102.0;102.0;101.3;101.7;38774
2015-04-13;101.5;102.2;100.7;101.6;66774
2015-04-10;102.0;102.8;101.0;101.5;78455
2015-04-09;102.0;103.6;102.0;102.6;56347
2015-04-08;103.0;103.2;102.0;102.0;35727
2015-04-07;103.3;104.6;103.0;103.0;47093
2015-04-02;103.5;103.5;102.8;103.2;32214
2015-04-01;103.0;104.0;103.0;103.5;27438
2015-03-31;103.7;103.8;102.5;103.0;63481
2015-03-30;102.2;103.8;102.2;102.8;57449
2015-03-27;105.2;105.3;102.2;102.2;51363
2015-03-26;107.0;107.0;104.4;105.4;76846
2015-03-25;111.7;112.5;110.7;111.1;51665
2015-03-24;111.5;112.3;110.6;111.8;58672
2015-03-23;110.4;111.9;110.2;111.2;35840
2015-03-20;109.8;110.1;109.4;110.1;42478
2015-03-19;109.0;110.2;109.0;109.0;38817
2015-03-18;108.5;108.8;108.0;108.8;29031
2015-03-17;108.8;108.9;107.1;108.3;30702
2015-03-16;108.2;108.8;107.4;108.0;37048
2015-03-13;107.9;108.4;107.0;107.5;28041
2015-03-12;108.9;108.9;106.6;107.5;60531
2015-03-11;106.0;108.2;105.6;107.4;45143
2015-03-10;105.5;106.9;105.3;105.3;45585
2015-03-09;105.1;106.0;104.0;105.0;36622
2015-03-06;106.0;106.5;104.9;105.1;42286
2015-03-05;104.3;106.0;104.3;105.9;26567
2015-03-04;104.6;105.9;103.1;105.4;78993
2015-03-03;105.7;106.5;104.3;104.3;36783
2015-03-02;105.2;106.8;105.1;105.5;52455
2015-02-27;105.4;105.5;104.5;104.8;69836
2015-02-26;103.9;105.3;103.9;105.0;44449
2015-02-25;102.9;104.0;102.6;103.5;81197
2015-02-24;101.1;103.0;101.1;102.9;125867
2015-02-23;101.2;101.6;100.9;100.9;53350
2015-02-20;101.2;101.5;100.5;101.2;35994
2015-02-19;101.5;101.7;100.8;101.1;55573
2015-02-18;101.0;101.8;100.6;101.3;35048
2015-02-17;101.6;101.9;100.2;100.2;57068
2015-02-16;101.2;102.0;101.0;101.5;57851
2015-02-13;100.1;101.7;100.1;101.2;38501
2015-02-12;101.0;101.0;100.0;100.0;35394
2015-02-11;103.9;103.9;100.0;100.2;33331
2015-02-10;100.2;101.0;99.85;100.1;33443
2015-02-09;100.5;100.6;99.65;100.2;34022
2015-02-06;102.2;102.2;99.0;100.9;61570
2015-02-05;101.5;101.6;99.7;100.3;89405
2015-02-04;103.0;103.4;101.0;101.5;120037
2015-02-03;102.6;103.9;102.1;102.5;60606
2015-02-02;103.0;103.1;101.5;102.6;151099
2015-01-30;103.5;104.8;102.3;103.0;124806
2015-01-29;102.0;102.6;100.1;102.6;150820
2015-01-28;101.0;105.5;101.0;104.3;137232
2015-01-27;101.0;101.3;100.0;100.6;44788
2015-01-26;100.0;101.1;98.55;101.0;104430
2015-01-23;100.2;101.9;100.0;100.1;62842
2015-01-22;99.0;100.2;99.0;100.2;71932
2015-01-21;98.2;98.6;96.0;98.35;78282
2015-01-20;96.75;98.45;96.75;97.45;38468
2015-01-19;96.5;96.75;96.2;96.5;19781
2015-01-16;95.2;96.5;94.65;96.45;44081
2015-01-15;95.0;95.75;93.5;95.3;29679
2015-01-14;96.0;96.0;93.05;93.05;34599
2015-01-13;94.7;95.35;94.0;94.95;54336
2015-01-12;94.9;95.15;93.55;94.2;33347
2015-01-09;95.5;96.4;94.1;94.1;46836
2015-01-08;96.0;96.5;94.5;95.35;106436
2015-01-07;95.5;95.55;94.0;94.1;99665
2015-01-06;;96.8;96.8;96.8;0
2015-01-05;98.35;98.35;96.2;96.8;31659
2015-01-02;98.25;98.65;97.3;97.3;44803
2015-01-01;98.0;98.2;97.6;97.65;35996
2014-12-30;98.0;98.2;97.6;97.65;35996
2014-12-29;96.5;98.35;96.5;97.85;18555
2014-12-23;97.5;97.5;96.4;97.4;23694
2014-12-22;95.1;97.25;95.0;97.0;75657
2014-12-19;95.0;96.5;94.3;95.1;35439
2014-12-18;93.0;95.95;93.0;94.55;24197
2014-12-17;91.05;92.65;91.05;91.9;39295
2014-12-16;93.1;93.7;90.2;92.45;67543
2014-12-15;95.2;95.8;93.2;93.2;37442
2014-12-12;98.4;98.4;95.6;95.7;22151
2014-12-11;98.4;98.5;96.8;97.2;42057
2014-12-10;98.75;99.1;98.05;98.4;34924
2014-12-09;98.0;98.25;96.3;97.75;21912
2014-12-08;97.65;98.4;97.5;98.4;39734
2014-12-05;96.35;98.0;96.35;97.65;19441
2014-12-04;97.5;97.95;96.35;96.35;42825
2014-12-03;95.3;97.5;95.3;97.05;30755
2014-12-02;95.5;96.5;95.5;95.7;48841
2014-12-01;95.0;95.45;94.0;95.4;107097
2014-11-28;94.9;95.35;94.15;95.15;98631
2014-11-27;93.2;94.8;93.2;94.6;52778
2014-11-26;94.4;95.0;92.85;93.1;82557
2014-11-25;92.75;94.85;92.75;94.55;107431
2014-11-24;90.8;93.0;90.8;92.75;72932
2014-11-21;89.1;91.0;89.1;90.85;46650
2014-11-20;90.0;90.0;89.3;89.5;12908
2014-11-19;89.9;90.0;89.5;89.5;26324
2014-11-18;89.7;89.9;89.1;89.75;22864
2014-11-17;89.55;89.6;88.35;89.45;23029
2014-11-14;89.7;89.95;89.15;89.55;11528
2014-11-13;88.0;89.2;87.8;88.7;32211
2014-11-12;88.85;88.9;88.2;88.2;27921
2014-11-11;90.2;90.2;88.6;88.85;22567
2014-11-10;89.45;89.55;89.05;89.2;25976
2014-11-07;90.1;90.4;89.15;89.5;28685
2014-11-06;90.0;91.1;89.65;90.1;29929
2014-11-05;90.2;90.75;90.0;90.3;22680
2014-11-04;90.4;91.15;89.5;89.6;48219
2014-11-03;91.0;91.5;90.25;90.4;48827
2014-10-31;90.0;91.0;90.0;90.9;56371
2014-10-30;89.35;89.95;88.2;89.9;24830
2014-10-29;89.9;90.4;89.2;89.35;60260
2014-10-28;89.0;89.9;89.0;89.6;35846
2014-10-24;88.75;88.75;87.45;88.0;44550
2014-10-23;90.85;90.85;86.1;87.75;82186
2014-10-22;89.6;90.1;88.8;89.6;108705
2014-10-21;85.15;88.75;85.0;88.7;72645
2014-10-20;84.9;84.95;83.5;84.5;33796
2014-10-17;79.6;84.25;79.6;84.0;65114
2014-10-16;80.6;82.2;78.1;79.55;64256
2014-10-15;85.0;85.0;80.6;80.6;52745
2014-10-14;84.0;85.1;83.2;83.9;29769
2014-10-13;85.0;85.0;83.3;84.0;42187
2014-10-10;85.65;85.75;84.1;84.7;48086
2014-10-09;88.0;89.15;85.4;85.75;30723
2014-10-08;87.0;88.0;86.7;87.45;38274
2014-10-07;89.45;89.45;87.5;87.5;28268
2014-10-06;89.65;90.6;89.45;89.45;19920
2014-10-03;88.45;90.0;88.45;89.9;20749
2014-10-02;89.75;89.95;87.6;87.6;45700
2014-10-01;90.55;90.85;89.55;89.65;32706
2014-09-30;90.5;90.75;89.75;90.6;32107
2014-09-29;90.15;90.5;89.05;89.45;32000
2014-09-26;89.8;90.3;89.25;90.2;42961
2014-09-25;89.5;89.8;88.85;89.35;20952
2014-09-24;88.75;89.6;88.25;89.2;29076
2014-09-23;89.25;89.8;89.0;89.15;24832
2014-09-22;89.0;89.75;88.0;89.15;47771
2014-09-19;87.4;88.35;87.4;88.2;13471
2014-09-18;86.85;87.5;86.75;87.35;21721
2014-09-17;84.9;87.4;84.9;86.85;18018
2014-09-16;85.3;85.6;85.0;85.0;18176
2014-09-15;85.0;85.95;84.5;85.35;54188
2014-09-12;85.5;85.95;85.1;85.6;44199
2014-09-11;87.0;87.2;85.45;85.45;20756
2014-09-10;86.2;86.65;86.0;86.65;14989
2014-09-09;87.0;87.0;86.05;86.2;19855
2014-09-08;86.95;87.0;86.25;86.85;26049
2014-09-05;88.0;88.25;86.9;87.35;17521
2014-09-04;88.45;88.7;87.75;88.35;12802
2014-09-03;87.45;88.7;87.45;88.45;18638
2014-09-02;88.0;88.5;87.45;87.45;10530
2014-09-01;87.65;87.8;87.2;87.45;19648
2014-08-29;87.3;88.85;87.3;87.7;21580
2014-08-28;88.75;88.75;87.45;87.45;31189
2014-08-27;89.0;89.1;88.75;88.8;15700
2014-08-26;89.5;89.55;88.05;88.65;29038
2014-08-25;89.1;90.0;88.55;88.85;19393
2014-08-22;89.4;89.65;88.3;88.5;14693
2014-08-21;88.2;89.5;88.2;88.95;24504
2014-08-20;90.0;90.0;88.25;88.25;12567
2014-08-19;88.5;89.25;88.5;88.6;14080
2014-08-18;88.3;88.7;88.1;88.4;22174
2014-08-15;87.6;88.5;87.6;88.15;13155
2014-08-14;87.7;88.05;87.3;87.5;15608
2014-08-13;86.15;88.45;86.15;87.7;23702
2014-08-12;89.5;89.5;86.85;86.85;9940
2014-08-11;85.75;86.95;85.75;86.65;27145
2014-08-08;85.0;85.85;84.0;85.35;45096
2014-08-07;86.5;87.15;85.1;85.1;33356
2014-08-06;89.0;89.0;86.0;86.3;27978
2014-08-05;89.75;89.75;88.0;88.0;19162
2014-08-04;89.0;89.85;89.0;89.1;24657
2014-08-01;90.0;90.0;88.55;88.75;24847
2014-07-31;90.1;90.1;88.75;89.15;22230
2014-07-30;90.0;90.4;90.0;90.0;14260
2014-07-29;90.0;90.6;90.0;90.3;10574
2014-07-28;91.05;91.5;89.8;89.85;23634
2014-07-25;90.95;91.7;90.75;90.95;21664
2014-07-24;90.0;91.1;90.0;90.8;25168
2014-07-23;90.0;90.5;89.75;89.75;26468
2014-07-22;89.5;90.5;89.5;89.9;41308
2014-07-21;89.5;89.5;88.55;89.1;16852
2014-07-18;90.55;90.65;89.2;89.55;34178
2014-07-17;91.1;91.5;90.55;90.55;38571
2014-07-16;89.6;91.3;89.6;90.5;34213
2014-07-15;89.7;90.0;89.25;89.25;36821
2014-07-14;89.0;89.9;89.0;89.8;74101
2014-07-11;86.1;87.8;86.1;87.4;32962
2014-07-10;87.5;87.5;85.8;86.1;51816
2014-07-09;86.8;87.95;86.75;87.2;22686
2014-07-08;88.0;88.1;86.8;86.8;22576
2014-07-07;88.65;88.7;88.1;88.1;10896
2014-07-04;88.95;88.95;88.7;88.7;10362
2014-07-03;88.4;89.0;88.4;88.7;41997
2014-07-02;88.0;88.5;87.45;88.3;15641
2014-07-01;87.0;87.85;86.8;87.45;9863
2014-06-30;86.3;87.45;86.3;86.5;36314
2014-06-27;86.35;86.7;85.8;86.3;22399
2014-06-26;87.65;87.65;86.2;86.3;24390
2014-06-25;88.0;88.0;86.7;87.6;17515
2014-06-24;87.8;88.15;87.5;88.05;15382
2014-06-23;88.3;88.8;87.1;87.85;19814
2014-06-20;;88.65;88.65;88.65;0
2014-06-19;87.15;88.65;87.1;88.65;68358
2014-06-18;87.8;88.1;87.0;87.65;26963
2014-06-17;87.1;88.2;86.85;87.3;33905
2014-06-16;88.85;89.0;87.1;87.1;28288
2014-06-13;88.95;89.8;87.55;89.0;39356
2014-06-12;89.0;90.5;88.4;88.55;34693
2014-06-11;90.0;90.5;89.15;89.15;23847
2014-06-10;90.75;90.75;89.55;90.0;21110
2014-06-09;90.25;91.7;90.25;90.75;32637
2014-06-06;;90.0;90.0;90.0;0
2014-06-05;89.5;90.95;88.85;90.0;43736
2014-06-04;89.9;89.95;89.1;89.5;27695
2014-06-03;88.9;90.0;88.9;89.05;52920
2014-06-02;88.9;89.15;88.3;88.9;59337
2014-05-30;87.95;88.45;87.25;88.0;45846
2014-05-28;87.2;87.95;87.2;87.7;15223
2014-05-27;87.0;87.5;87.0;87.2;28070
2014-05-26;87.1;87.95;87.1;87.2;23626
2014-05-23;86.6;87.5;86.6;87.5;18040
2014-05-22;87.3;87.3;86.0;86.3;30325
2014-05-21;87.5;87.7;86.7;87.3;24196
2014-05-20;87.8;88.0;87.7;87.7;20015
2014-05-19;87.25;88.15;87.25;87.7;28018
2014-05-16;87.3;88.0;87.25;87.7;30501
2014-05-15;87.35;87.85;86.8;87.0;35962
2014-05-14;87.5;87.5;86.55;87.2;18633
2014-05-13;86.4;87.6;86.4;87.5;38744
2014-05-12;86.55;87.0;86.1;86.25;37902
2014-05-09;87.7;87.85;86.25;86.3;37551
2014-05-08;86.4;87.25;86.3;87.25;11841
2014-05-07;87.95;87.95;86.2;86.3;29823
2014-05-06;87.1;88.15;86.2;87.35;41896
2014-05-05;87.6;88.45;86.95;87.6;27118
2014-05-02;89.4;89.4;87.65;87.85;47062
2014-05-01;;88.35;88.35;88.35;0
2014-04-30;89.15;89.15;88.35;88.35;11370
2014-04-29;87.0;88.7;86.5;88.5;78296
2014-04-28;88.6;88.6;86.7;87.05;37044
2014-04-25;88.1;88.55;86.5;86.75;55882
2014-04-24;86.2;87.45;86.0;86.95;40560
2014-04-23;86.95;87.5;86.05;86.05;29190
2014-04-22;85.95;87.55;85.75;86.95;143640
2014-04-17;85.9;86.5;85.9;86.15;5561
2014-04-16;85.15;86.65;85.15;86.4;46227
2014-04-15;87.45;87.8;85.05;85.4;40546
2014-04-14;87.5;87.9;86.25;87.2;68965
2014-04-11;88.0;88.75;87.1;88.25;45458
2014-04-10;90.5;90.5;88.95;89.25;37172
2014-04-09;89.7;90.6;89.7;90.0;35531
2014-04-08;90.0;90.7;89.05;89.45;18433
2014-04-07;91.5;91.5;90.0;90.0;30897
2014-04-04;91.3;91.75;91.0;91.0;33346
2014-04-03;90.8;92.0;90.8;91.3;24985
2014-04-02;91.9;91.9;91.0;91.05;55919
2014-04-01;91.35;92.35;91.35;92.2;27342
2014-03-31;90.15;91.7;90.15;91.35;52989
2014-03-28;89.0;91.25;89.0;89.7;38532
2014-03-27;89.8;89.8;89.0;89.1;20474
2014-03-26;88.45;92.25;88.15;89.15;67793
2014-03-25;91.05;93.2;91.0;92.85;33798
2014-03-24;92.0;92.7;91.0;91.3;42997
2014-03-21;91.0;92.5;91.0;91.0;38761
2014-03-20;90.0;90.85;89.8;90.65;42883
2014-03-19;90.5;91.8;90.5;90.8;72363
2014-03-18;89.5;91.6;89.5;91.25;51499
2014-03-17;88.3;89.55;88.1;89.25;42457
2014-03-14;89.75;89.8;87.65;88.3;89182
2014-03-13;91.2;92.3;91.0;91.25;29094
2014-03-12;92.85;92.85;91.0;91.2;37371
2014-03-11;91.5;91.95;90.55;91.7;34556
2014-03-10;91.0;91.4;90.35;90.35;44613
2014-03-07;90.5;91.35;90.0;90.0;36641
2014-03-06;90.9;91.15;90.5;90.5;39676
2014-03-05;90.5;90.8;89.7;90.2;53995
2014-03-04;87.7;90.9;87.7;90.3;107473
2014-03-03;89.35;89.35;87.2;88.0;124264
2014-02-28;91.0;91.4;90.35;90.9;35439
2014-02-27;90.1;90.95;90.0;90.6;38434
2014-02-26;89.8;90.45;89.8;90.0;29183
2014-02-25;88.7;90.0;88.3;89.65;32295
2014-02-24;88.3;88.9;88.0;88.7;24066
2014-02-21;87.5;88.25;87.5;88.15;29952
2014-02-20;87.6;87.6;86.6;87.4;33735
2014-02-19;86.85;87.7;86.2;87.6;24960
2014-02-18;87.0;87.0;86.0;86.0;124715
2014-02-17;86.5;87.1;86.1;86.7;47468
2014-02-14;86.4;86.4;85.4;86.05;46241
2014-02-13;86.0;86.1;85.05;86.1;35039
2014-02-12;85.95;86.25;85.45;85.95;86102
2014-02-11;86.0;86.0;85.05;85.45;60850
2014-02-10;85.0;86.0;84.7;85.35;100921
2014-02-07;86.45;86.6;84.75;84.9;79973
2014-02-06;85.0;86.0;84.5;85.7;1366436
2014-02-05;86.0;86.35;84.2;84.55;153023
2014-02-04;80.05;82.25;77.45;81.25;97417
2014-02-03;83.2;83.3;81.65;81.65;32557
2014-01-31;82.95;83.4;82.2;83.05;23974
2014-01-30;82.1;83.0;81.55;82.5;54806
2014-01-29;83.8;84.6;81.7;82.15;75982
2014-01-28;82.85;84.0;82.25;83.2;48782
2014-01-27;83.0;83.0;81.0;82.5;93960
2014-01-24;85.1;85.4;82.8;83.2;58002
2014-01-23;85.75;85.8;84.9;85.1;43447
2014-01-22;86.55;86.6;85.05;85.5;60731
2014-01-21;86.0;86.5;85.45;85.85;63814
2014-01-20;84.0;84.8;83.65;84.35;41354
2014-01-17;84.45;84.45;83.75;84.0;40762
2014-01-16;84.75;84.85;83.8;83.95;54589
2014-01-15;82.85;84.85;82.85;84.1;75799
2014-01-14;82.45;82.9;81.25;82.6;65992
2014-01-13;82.0;83.0;82.0;82.35;65857
2014-01-10;82.6;83.2;81.4;81.55;169766
2014-01-09;83.0;83.35;81.5;82.5;120959
2014-01-08;82.45;82.6;81.0;81.25;116015
2014-01-07;80.5;82.0;80.3;81.9;89937
2014-01-06;;80.25;80.25;80.25;0
2014-01-03;79.95;80.5;79.5;80.25;47834
2014-01-02;80.3;80.45;79.3;79.5;47780
2013-12-31;;79.9;79.9;79.9;0
2013-12-30;80.0;80.3;79.5;79.9;79397
2013-12-27;79.0;80.3;79.0;79.3;84481
2013-12-23;77.55;78.8;77.55;78.55;52968
2013-12-20;75.5;77.65;75.5;77.3;73501
2013-12-19;75.0;75.6;74.8;75.55;36466
2013-12-18;73.05;74.25;73.05;74.25;37676
2013-12-17;73.15;73.95;72.8;72.8;20448
2013-12-16;72.55;73.25;72.4;73.2;25066
2013-12-13;72.95;73.4;72.35;72.55;17137
2013-12-12;73.35;73.4;72.35;72.9;36145
2013-12-11;73.6;74.0;73.25;73.35;13286
2013-12-10;74.05;74.5;73.5;73.6;17464
2013-12-09;73.7;74.7;73.45;74.5;24524
2013-12-06;73.05;73.8;72.55;73.35;13966
2013-12-05;73.05;73.9;72.65;72.9;21483
2013-12-04;73.25;73.7;72.35;73.05;23526
2013-12-03;74.4;75.35;73.0;73.0;59659
2013-12-02;74.35;74.8;74.0;74.4;18154
2013-11-29;74.7;75.2;74.3;74.35;53133
2013-11-28;74.15;74.85;74.15;74.55;65272
2013-11-27;73.95;74.15;73.65;74.15;38392
2013-11-26;73.45;73.9;73.2;73.9;46249
2013-11-25;73.0;73.5;72.8;73.45;37513
2013-11-22;73.0;73.2;72.45;72.8;17702
2013-11-21;72.2;72.75;72.0;72.7;68752
2013-11-20;74.0;74.0;72.65;73.1;50599
2013-11-19;74.0;74.0;73.15;73.45;30371
2013-11-18;72.6;74.0;72.6;74.0;52524
2013-11-15;72.7;73.2;72.3;72.95;63416
2013-11-14;72.6;72.95;72.0;72.7;27310
2013-11-13;72.3;72.35;71.4;71.8;31898
2013-11-12;73.1;73.1;72.25;72.5;29578
2013-11-11;72.6;73.4;72.3;73.25;31685
2013-11-08;73.0;73.0;71.9;72.25;25059
2013-11-07;73.45;74.0;72.55;73.05;65447
2013-11-06;72.85;73.45;72.7;73.05;25459
2013-11-05;73.0;73.35;72.5;72.7;24875
2013-11-04;73.45;73.85;73.0;73.0;35361
2013-11-01;73.2;73.3;72.5;73.3;12606
2013-10-31;73.0;73.5;72.85;73.3;36320
2013-10-30;73.75;74.2;72.8;73.05;77491
2013-10-29;73.7;74.35;73.25;73.45;85459
2013-10-28;73.6;73.85;72.9;73.75;107894
2013-10-25;72.2;73.05;71.5;73.05;97311
2013-10-24;72.0;73.35;71.0;72.0;122638
2013-10-23;72.5;72.5;70.0;70.85;99400
2013-10-22;70.1;72.7;70.1;72.15;189340
2013-10-21;69.4;69.9;69.3;69.7;65023
2013-10-18;68.85;69.0;68.55;68.9;28019
2013-10-17;68.85;68.85;68.1;68.7;27615
2013-10-16;67.95;68.5;67.45;68.5;33910
2013-10-15;67.7;69.0;67.7;68.6;89542
2013-10-14;67.3;67.95;67.05;67.65;23268
2013-10-11;67.15;67.8;66.8;67.7;36403
2013-10-10;66.0;67.3;66.0;66.9;54812
2013-10-09;65.55;66.65;65.25;66.0;35299
2013-10-08;66.0;66.1;65.3;65.8;9813
2013-10-07;65.75;66.2;65.0;66.1;35094
2013-10-04;64.1;66.5;64.1;66.1;85644
2013-10-03;65.7;65.7;64.05;64.95;48524
2013-10-02;64.3;64.3;63.7;64.05;18797
2013-10-01;63.4;64.5;63.4;64.45;26975
2013-09-30;64.05;64.05;62.95;63.45;40634
2013-09-27;64.25;64.4;64.05;64.4;13092
2013-09-26;64.8;64.8;64.0;64.35;18023
2013-09-25;65.2;65.3;64.2;64.45;16405
2013-09-24;65.5;65.7;65.1;65.5;18177
2013-09-23;66.25;66.3;65.4;65.55;35745
2013-09-20;66.0;66.4;65.75;66.4;31030
2013-09-19;66.0;66.45;65.6;65.95;60130
2013-09-18;64.85;65.1;64.75;65.1;27276
2013-09-17;65.0;65.3;64.7;64.85;39494
2013-09-16;65.95;66.1;65.0;65.35;33610
2013-09-13;65.25;65.7;65.0;65.45;24897
2013-09-12;66.1;66.25;65.05;65.55;31234
2013-09-11;65.75;66.5;65.6;66.05;90788
2013-09-10;65.25;65.85;65.25;65.65;80458
2013-09-09;64.6;65.0;64.0;64.9;38875
2013-09-06;64.6;64.9;64.4;64.65;27422
2013-09-05;64.85;65.4;64.85;65.05;35407
2013-09-04;65.35;65.35;64.05;64.55;18048
2013-09-03;64.3;64.7;63.85;64.7;37194
2013-09-02;63.55;64.65;63.55;64.0;18530
2013-08-30;64.4;64.4;63.2;63.45;22597
2013-08-29;63.5;64.4;63.5;64.4;19997
2013-08-28;63.45;64.15;62.5;63.2;61404
2013-08-27;65.0;65.0;63.4;63.8;70742
2013-08-26;66.0;66.25;64.5;65.35;66844
2013-08-23;66.95;66.95;65.6;65.85;32483
2013-08-22;65.4;66.55;65.3;65.3;51172
2013-08-21;66.55;67.1;65.1;65.1;80142
2013-08-20;66.9;66.9;65.9;66.45;32986
2013-08-19;66.65;67.3;66.65;67.15;18286
2013-08-16;66.5;67.45;66.5;67.05;19401
2013-08-15;67.85;67.85;66.6;66.95;24705
2013-08-14;67.65;68.15;67.65;67.8;22188
2013-08-13;67.7;68.2;67.3;67.75;38111
2013-08-12;67.95;68.4;67.7;67.75;25317
2013-08-09;68.0;68.3;67.9;68.0;42807
2013-08-08;67.0;68.0;67.0;68.0;37867
2013-08-07;66.3;67.25;65.55;66.85;44573
2013-08-06;67.5;67.55;66.2;66.6;22323
2013-08-05;67.3;67.9;67.05;67.25;19759
2013-08-02;67.5;68.0;67.2;67.25;37350
2013-08-01;67.0;67.5;67.0;67.25;22738
2013-07-31;66.9;67.3;66.7;66.8;22242
2013-07-30;66.65;67.45;66.5;66.7;20643
2013-07-29;67.35;67.35;66.6;66.6;16153
2013-07-26;67.5;67.9;66.75;67.0;19209
2013-07-25;67.1;67.5;66.65;67.5;29577
2013-07-24;66.6;67.4;66.6;67.1;58093
2013-07-23;67.0;67.2;66.25;66.7;25707
2013-07-22;66.3;67.0;66.0;66.75;38809
2013-07-19;66.05;66.7;66.0;66.2;17421
2013-07-18;65.5;66.65;65.5;66.55;23844
2013-07-17;66.25;67.0;65.25;65.6;23230
2013-07-16;66.4;67.0;65.3;66.45;52103
2013-07-15;67.4;68.5;66.35;66.4;123624
2013-07-12;64.9;65.0;64.0;65.0;26915
2013-07-11;64.0;64.95;63.55;64.0;19092
2013-07-10;63.85;63.95;63.05;63.55;31013
2013-07-09;62.0;63.45;62.0;63.35;67944
2013-07-08;61.5;63.0;61.35;62.5;18141
2013-07-05;61.25;62.0;60.8;61.3;22454
2013-07-04;59.5;61.75;59.5;61.25;27058
2013-07-03;59.8;59.95;59.0;59.9;19562
2013-07-02;61.8;61.8;60.05;60.8;25006
2013-07-01;60.9;61.75;59.8;61.75;20443
2013-06-28;60.0;61.0;59.5;60.25;30014
2013-06-27;61.0;61.0;58.3;59.8;34274
2013-06-26;57.75;59.05;57.75;59.05;19440
2013-06-25;56.6;58.75;56.6;57.75;63661
2013-06-24;62.0;62.0;56.55;57.3;36563
2013-06-21;;59.3;59.3;59.3;0
2013-06-20;61.5;61.75;59.15;59.3;67803
2013-06-19;63.0;63.0;61.5;61.75;56550
2013-06-18;63.0;64.0;62.5;64.0;9351
2013-06-17;61.95;63.55;61.95;63.0;13724
2013-06-14;62.8;62.9;62.2;62.45;30585
2013-06-13;62.1;62.1;60.4;61.95;35979
2013-06-12;62.0;64.0;62.0;62.1;18524
2013-06-11;63.55;63.85;62.65;63.2;19551
2013-06-10;64.0;64.35;63.25;63.4;19615
2013-06-07;63.0;64.25;62.45;64.15;21732
2013-06-06;;62.5;62.5;62.5;0
2013-06-05;64.25;64.25;62.5;62.5;30790
2013-06-04;64.3;65.4;64.1;64.25;25835
2013-06-03;64.9;65.4;64.15;64.25;25029
2013-05-31;65.0;65.95;64.65;65.4;20938
2013-05-30;65.0;66.1;65.0;65.45;6026
2013-05-29;66.0;66.5;65.3;65.7;25415
2013-05-28;66.3;66.85;66.05;66.8;24235
2013-05-27;64.9;66.2;64.9;66.2;12695
2013-05-24;66.35;66.5;64.9;65.15;26627
2013-05-23;66.3;66.45;65.4;66.2;73170
2013-05-22;67.1;67.9;67.1;67.9;40526
2013-05-21;66.7;67.55;66.5;66.9;48366
2013-05-20;67.5;68.1;67.0;67.45;76712
2013-05-17;67.5;68.0;66.2;67.2;125485
2013-05-16;66.25;67.65;66.25;67.5;62841
2013-05-15;66.0;66.5;66.0;66.35;12341
2013-05-14;65.1;66.7;65.1;66.5;27507
2013-05-13;66.0;67.0;65.8;65.8;53238
2013-05-10;65.7;67.6;65.7;66.0;53609
2013-05-09;;65.6;65.6;65.6;0
2013-05-08;65.05;65.85;65.05;65.6;29549
2013-05-07;64.0;65.3;64.0;64.75;42394
2013-05-06;63.25;64.2;63.25;64.0;21286
2013-05-03;64.0;64.0;62.95;63.65;9597
2013-05-02;63.2;63.8;62.55;63.3;34842
2013-05-01;;63.2;63.2;63.2;0
2013-04-30;63.35;63.8;63.2;63.2;20399
2013-04-29;63.0;63.35;62.4;63.0;22847
2013-04-26;64.0;64.0;62.0;62.8;33311
2013-04-25;61.0;63.25;60.85;63.05;33845
2013-04-24;61.0;61.1;59.75;60.85;61250
2013-04-23;60.2;61.0;58.8;60.4;51154
2013-04-22;61.7;62.25;60.4;60.7;19523
2013-04-19;61.0;61.5;60.7;61.45;27985
2013-04-18;61.3;62.1;60.15;60.45;70633
2013-04-17;63.4;63.8;61.1;61.25;40776
2013-04-16;65.0;65.0;63.0;63.4;14761
2013-04-15;64.0;64.8;63.3;64.2;36811
2013-04-12;65.0;65.0;64.05;64.4;18720
2013-04-11;64.75;65.2;64.3;65.05;29024
2013-04-10;62.85;64.7;62.85;64.6;42727
2013-04-09;61.4;62.9;61.4;62.7;32450
2013-04-08;62.45;62.9;61.35;61.65;38753
2013-04-05;62.8;63.95;61.9;62.5;29404
2013-04-04;63.9;64.65;62.6;62.8;13341
2013-04-03;65.5;65.5;64.0;64.0;16896
2013-04-02;63.8;64.5;63.4;64.5;67160
2013-04-01;;63.3;63.3;63.3;0
2013-03-29;63.05;63.3;63.3;63.3;51403
2013-03-28;63.05;63.25;62.4;63.05;51403
2013-03-27;63.05;63.25;62.4;63.05;51403
2013-03-26;63.5;64.1;62.75;63.05;32009
2013-03-25;64.6;65.7;64.0;64.0;34962
2013-03-22;64.0;64.75;63.5;64.6;60518
2013-03-21;67.5;67.5;66.5;66.9;85686
2013-03-20;67.1;67.5;66.7;67.5;28790
2013-03-19;66.5;67.25;65.85;66.05;41057
2013-03-18;64.9;66.45;64.8;66.45;107787
2013-03-15;66.0;66.25;65.75;66.1;26421
2013-03-14;66.0;66.75;65.75;66.25;125875
2013-03-13;66.0;66.0;65.0;66.0;35572
2013-03-12;66.25;66.3;65.3;65.55;46089
2013-03-11;68.0;68.0;65.75;66.25;34535
2013-03-08;65.5;66.4;65.5;65.9;40331
2013-03-07;65.0;65.5;64.85;65.3;92556
2013-03-06;65.85;66.05;65.0;65.0;51194
2013-03-05;65.25;66.0;65.25;65.95;54994
2013-03-04;65.0;65.45;64.8;65.25;29928
2013-03-01;65.2;65.65;64.6;65.05;21708
2013-02-28;64.5;65.2;64.5;65.0;47517
2013-02-27;63.6;64.45;63.0;64.4;55701
2013-02-26;63.2;64.85;63.2;63.9;56898
2013-02-25;65.0;65.7;64.75;64.85;35516
2013-02-22;63.75;64.9;63.75;64.75;48973
2013-02-21;64.45;64.45;63.45;64.25;53872
2013-02-20;64.2;64.55;64.15;64.55;47583
2013-02-19;64.0;64.4;63.8;64.2;65256
2013-02-18;63.1;63.9;63.0;63.5;20033
2013-02-15;63.7;63.7;62.9;63.1;47006
2013-02-14;63.8;63.8;62.9;63.4;44407
2013-02-13;63.5;64.0;63.25;63.9;60503
2013-02-12;63.0;63.6;62.55;63.5;50170
2013-02-11;62.5;63.0;62.3;62.9;49653
2013-02-08;61.8;62.5;61.25;62.45;72192
2013-02-07;61.9;61.9;60.85;61.05;44163
2013-02-06;61.75;61.95;60.8;61.5;80067
2013-02-05;60.0;61.75;60.0;61.75;63090
2013-02-04;62.0;62.0;59.95;60.2;75712
2013-02-01;61.55;62.3;60.0;61.7;80336
2013-01-31;63.0;63.5;60.3;61.55;179070
2013-01-30;60.0;62.7;60.0;62.7;245050
2013-01-29;59.0;59.15;58.5;59.0;17521
2013-01-28;58.8;59.25;58.7;58.8;35297
2013-01-25;57.6;58.45;57.45;58.4;38628
2013-01-24;57.55;57.9;57.1;57.6;32562
2013-01-23;57.8;58.15;57.1;57.55;43281
2013-01-22;58.4;58.9;58.0;58.15;35161
2013-01-21;58.0;58.4;57.6;58.4;41291
2013-01-18;58.4;58.4;57.3;57.5;24239
2013-01-17;57.6;57.85;56.95;57.45;37659
2013-01-16;57.1;57.8;56.75;57.6;52982
2013-01-15;56.85;57.1;56.55;57.0;28996
2013-01-14;56.7;57.5;56.5;56.75;45291
2013-01-11;56.7;56.7;56.0;56.15;28324
2013-01-10;55.3;56.45;55.25;55.55;48596
2013-01-09;55.2;55.3;54.7;55.15;36211
2013-01-08;54.9;55.2;54.7;55.2;85298
2013-01-07;54.5;55.0;54.4;54.9;60445
2013-01-04;53.9;54.25;53.4;54.25;39855
2013-01-03;53.6;53.7;53.3;53.55;19342
2013-01-02;53.8;53.9;53.2;53.7;59596
2013-01-01;;53.4;53.4;53.4;0
2012-12-31;;53.4;53.4;53.4;0
2012-12-28;52.2;53.4;51.85;53.4;74796
2012-12-27;52.25;53.2;52.2;52.8;93087
2012-12-26;;52.8;52.8;52.8;0
2012-12-25;;52.8;52.8;52.8;0
2012-12-24;;52.8;52.8;52.8;0
2012-12-21;52.0;52.8;51.55;52.8;67332
2012-12-20;51.35;52.2;51.35;52.2;48201
2012-12-19;52.0;52.05;51.4;52.05;31265
2012-12-18;51.05;51.95;51.05;51.9;22581
2012-12-17;51.6;51.95;50.95;51.95;18623
2012-12-14;52.0;52.0;51.5;51.6;10465
2012-12-13;52.0;52.2;51.5;52.0;21727
2012-12-12;51.5;52.2;51.5;52.2;32016
2012-12-11;51.6;52.0;51.5;52.0;19595
2012-12-10;51.7;51.95;51.2;51.95;19689
2012-12-07;51.95;51.95;51.35;51.75;27778
2012-12-06;51.0;52.0;51.0;52.0;43871
2012-12-05;50.65;51.6;50.65;51.45;58778
2012-12-04;51.0;51.0;50.5;51.0;20611
2012-12-03;51.0;51.1;50.4;50.95;19522
2012-11-30;50.5;50.7;50.2;50.4;16681
2012-11-29;49.85;50.5;49.85;50.05;11833
2012-11-28;48.81;49.66;48.81;49.65;21532
2012-11-27;48.58;50.35;48.58;49.5;9562
2012-11-26;49.24;50.4;49.24;49.71;23812
2012-11-23;48.8;49.95;48.8;49.62;56240
2012-11-22;48.51;49.0;48.23;48.73;15188
2012-11-21;48.7;49.25;48.65;48.9;14488
2012-11-20;49.09;49.49;48.5;48.72;18246
2012-11-19;48.3;49.5;48.3;49.09;14844
2012-11-16;48.5;48.85;47.61;48.25;18123
2012-11-15;49.0;50.4;48.5;48.61;101625
2012-11-14;50.05;50.1;49.6;49.9;16060
2012-11-13;49.5;50.15;49.1;50.0;43608
2012-11-12;49.5;50.15;49.5;49.5;25075
2012-11-09;51.2;51.2;48.75;49.36;72434
2012-11-08;50.95;51.25;50.5;50.5;44357
2012-11-07;51.95;52.4;51.0;51.4;17318
2012-11-06;52.0;52.2;51.25;52.0;32974
2012-11-05;51.15;51.75;51.0;51.0;18212
2012-11-02;51.8;51.95;51.4;51.5;9867
2012-11-01;51.95;51.95;51.25;51.7;9763
2012-10-31;51.45;52.5;51.45;52.1;23806
2012-10-30;51.9;52.2;51.5;51.5;8001
2012-10-29;52.4;52.4;51.15;51.9;11269
2012-10-26;50.2;52.4;50.2;52.2;33443
2012-10-25;51.9;52.2;50.3;52.0;36902
2012-10-24;51.0;51.9;50.6;51.3;25673
2012-10-23;51.7;51.85;51.1;51.4;63908
2012-10-22;52.45;52.75;50.95;51.95;24037
2012-10-19;52.05;52.55;51.45;51.6;26244
2012-10-18;51.95;52.7;51.85;52.7;19664
2012-10-17;52.5;52.9;51.85;52.2;24530
2012-10-16;51.95;52.9;51.65;52.6;20876
2012-10-15;51.8;52.45;51.6;52.0;19426
2012-10-12;52.0;52.45;51.8;51.8;24270
2012-10-11;52.5;52.7;51.95;52.45;34905
2012-10-10;53.0;53.2;52.0;52.55;43968
