Dates;Open;High;Low;Close;Volume
2017-10-09;222.5;223.0;219.8;220.0;3236267
2017-10-06;222.9;223.5;221.5;222.2;1863201
2017-10-05;222.2;223.1;222.0;222.8;2364175
2017-10-04;224.0;224.5;222.3;222.6;2399687
2017-10-03;224.1;224.5;223.2;224.3;1748029
2017-10-02;225.3;225.6;222.75;223.3;2296610
2017-09-29;223.1;225.4;223.0;225.2;2157889
2017-09-28;224.9;226.3;222.8;223.1;2529593
2017-09-27;221.0;225.2;220.7;224.2;2876499
2017-09-26;218.5;221.0;218.3;220.2;2093319
2017-09-25;218.7;219.2;217.5;218.5;1501122
2017-09-22;218.5;219.4;218.1;219.0;1670841
2017-09-21;218.0;219.6;217.2;218.7;1915785
2017-09-20;217.6;218.8;216.4;217.4;1403398
2017-09-19;216.8;217.9;216.6;217.5;2127521
2017-09-18;216.1;216.8;215.3;216.8;1390220
2017-09-15;217.4;217.7;214.5;215.1;3006763
2017-09-14;217.0;217.7;216.7;217.2;1884176
2017-09-13;217.5;218.0;216.9;217.5;2402122
2017-09-12;216.6;217.9;215.5;217.6;2497175
2017-09-11;214.0;216.6;213.9;216.2;2746759
2017-09-08;210.7;213.6;210.2;212.8;2736570
2017-09-07;211.6;212.1;209.3;210.6;2448508
2017-09-06;210.8;211.8;209.0;210.7;2452868
2017-09-04;213.1;214.4;212.6;213.1;1451206
2017-09-01;215.0;215.7;213.2;214.5;2130828
2017-08-31;214.4;217.0;214.1;214.8;2736096
2017-08-30;213.0;214.4;211.6;214.0;3566496
2017-08-29;210.7;210.7;208.3;208.9;3404236
2017-08-28;211.6;214.5;210.9;211.4;2685091
2017-08-25;212.1;213.3;212.1;212.4;2672785
2017-08-24;213.0;213.6;211.4;211.9;2206704
2017-08-23;213.1;213.6;212.2;212.8;2937363
2017-08-22;212.5;214.4;212.4;213.4;3127526
2017-08-21;212.2;212.9;211.0;212.0;1933987
2017-08-18;212.5;213.5;211.0;213.0;2953219
2017-08-17;215.0;215.2;213.4;214.1;2691593
2017-08-16;215.0;217.5;214.6;215.3;2180363
2017-08-15;213.2;217.2;212.6;214.1;2907956
2017-08-14;211.4;214.0;211.4;213.2;1545615
2017-08-11;212.6;213.1;210.2;210.4;2113827
2017-08-10;214.5;214.7;212.6;212.9;1896571
2017-08-09;214.5;214.9;213.0;214.4;2043332
2017-08-08;215.5;216.2;214.5;215.4;1384007
2017-08-07;216.0;216.8;214.9;215.5;1961626
2017-08-04;212.7;214.8;211.4;214.8;2173918
2017-08-03;211.9;212.8;210.7;212.6;1782460
2017-08-02;213.9;214.4;211.7;212.5;1656925
2017-08-01;211.1;214.2;210.9;213.1;2364784
2017-07-31;212.0;215.5;210.4;210.8;2935812
2017-07-28;212.6;212.9;211.5;212.3;2371210
2017-07-27;211.7;214.2;211.4;212.8;1821785
2017-07-26;211.1;213.2;210.5;212.9;2374850
2017-07-25;211.3;213.5;211.3;211.7;1989585
2017-07-24;213.3;214.3;211.2;212.1;2786744
2017-07-21;212.5;215.5;212.5;213.6;3103793
2017-07-20;212.7;214.7;211.4;213.4;3233569
2017-07-19;213.8;215.8;208.2;212.5;3529628
2017-07-18;210.5;213.2;210.5;210.8;4072872
2017-07-17;213.7;213.7;211.1;213.4;2041511
2017-07-14;214.7;215.6;212.3;213.8;2670261
2017-07-13;214.5;215.0;213.7;214.4;1648620
2017-07-12;212.8;215.0;212.3;214.2;1789270
2017-07-11;212.4;213.9;212.2;212.4;2175401
2017-07-10;212.9;213.6;211.7;212.5;1706390
2017-07-07;213.0;213.2;211.6;212.5;1773767
2017-07-06;211.6;212.1;209.6;212.1;2164217
2017-07-05;213.0;213.1;211.2;212.2;2650339
2017-07-04;209.4;214.3;209.4;212.8;2603810
2017-07-03;205.5;210.9;205.4;210.5;2344720
2017-06-30;206.5;207.5;205.3;205.3;2632105
2017-06-29;207.2;209.2;206.4;206.6;2524611
2017-06-28;205.0;206.7;203.5;206.7;2496513
2017-06-27;204.6;205.4;203.0;204.7;1894944
2017-06-26;204.9;207.1;203.7;204.7;2512210
2017-06-23;;204.9;204.9;204.9;0
2017-06-22;206.0;206.5;203.4;204.9;3176433
2017-06-21;208.5;208.5;206.0;206.4;2133917
2017-06-20;212.4;212.8;208.6;209.0;2560532
2017-06-19;210.6;212.7;210.6;212.1;1713238
2017-06-16;209.7;210.7;209.3;209.4;3702324
2017-06-15;208.6;209.7;207.3;209.4;3294893
2017-06-14;210.6;212.2;208.4;209.0;3558606
2017-06-13;210.5;211.6;210.1;210.6;1883747
2017-06-12;210.7;211.9;208.7;210.2;1754595
2017-06-09;210.6;212.4;209.6;211.6;1910163
2017-06-08;210.7;213.7;210.5;211.0;2687545
2017-06-07;206.1;211.9;206.1;210.8;3749672
2017-06-06;;207.1;207.1;207.1;0
2017-06-05;207.5;207.9;206.6;207.1;1616256
2017-06-02;208.9;211.2;207.6;207.6;1992055
2017-06-01;209.0;209.0;207.3;208.0;2053965
2017-05-31;210.0;211.3;207.8;209.5;5315587
2017-05-30;204.8;211.1;204.3;210.2;4173906
2017-05-29;204.7;205.9;203.9;205.4;2967702
2017-05-26;205.0;205.3;203.3;204.7;3001521
2017-05-24;206.5;207.2;205.3;205.5;1456677
2017-05-23;206.0;207.4;205.4;206.6;2011196
2017-05-22;206.6;207.3;205.6;206.3;2246115
2017-05-19;208.2;208.7;205.8;206.2;3803106
2017-05-18;210.6;212.0;207.1;207.8;5330573
2017-05-17;215.0;215.0;211.1;212.0;2892967
2017-05-16;217.0;217.1;215.1;216.0;2928832
2017-05-15;216.8;217.8;216.5;217.0;1962511
2017-05-12;215.8;216.4;216.4;216.4;1554989
2017-05-11;216.0;217.0;215.3;215.6;2805076
2017-05-10;215.7;216.6;215.0;216.6;2455811
2017-05-09;211.5;217.6;211.5;215.9;3906384
2017-05-08;213.8;213.8;211.0;211.7;2099705
2017-05-05;211.0;213.0;210.5;213.0;2035608
2017-05-04;212.0;213.5;211.6;211.6;2236616
2017-05-03;210.0;211.9;209.0;211.7;1772256
2017-05-02;210.4;211.4;210.1;210.4;2559721
2017-05-01;;209.9;209.9;209.9;0
2017-04-28;207.9;209.9;205.4;209.9;3213917
2017-04-27;209.2;209.2;207.1;207.1;2890498
2017-04-26;209.2;209.9;207.7;209.2;3297101
2017-04-25;212.2;212.2;207.5;209.1;4200331
2017-04-24;207.0;211.6;206.5;211.5;3930512
2017-04-21;204.5;205.4;204.0;204.8;2618172
2017-04-20;203.9;204.7;203.1;204.5;2490627
2017-04-19;203.0;204.6;203.0;204.0;2476955
2017-04-18;205.0;205.7;202.0;203.4;3641034
2017-04-13;206.9;206.9;205.2;205.5;1714461
2017-04-12;206.8;208.5;206.8;207.2;2621664
2017-04-11;205.4;207.6;204.8;206.1;2051342
2017-04-10;205.0;206.2;204.6;205.8;1680856
2017-04-07;204.8;206.5;204.4;205.1;2902818
2017-04-06;205.1;206.7;203.5;206.3;3300189
2017-04-05;207.3;208.4;205.8;206.0;3368559
2017-04-04;207.0;208.3;206.0;206.2;3381763
2017-04-03;208.0;209.0;206.9;207.0;3053523
2017-03-31;208.7;208.7;206.2;207.6;4811823
2017-03-30;221.0;221.3;219.7;220.9;4049216
2017-03-29;218.2;220.0;218.1;220.0;3146179
2017-03-28;216.8;217.9;215.5;217.6;2792578
2017-03-27;218.0;218.3;214.7;216.8;3555122
2017-03-24;219.0;220.1;218.3;219.0;2063935
2017-03-23;220.9;221.0;218.2;219.6;3706279
2017-03-22;221.3;221.6;219.1;220.8;3054083
2017-03-21;223.5;224.6;221.3;221.8;2924182
2017-03-20;222.0;222.7;221.7;221.8;1899505
2017-03-17;222.9;224.1;221.7;222.4;2815842
2017-03-16;222.5;224.9;221.0;222.2;3007904
2017-03-15;221.3;222.5;220.7;222.1;1778640
2017-03-14;221.3;221.4;218.4;220.4;2604896
2017-03-13;221.7;221.9;220.0;221.3;2147966
2017-03-10;222.5;221.2;221.2;221.2;3427365
2017-03-09;220.0;222.5;219.2;222.0;2749696
2017-03-08;219.8;221.3;219.5;220.5;2683199
2017-03-07;220.0;220.0;218.7;219.8;5329470
2017-03-06;224.9;225.2;223.9;224.8;1916682
2017-03-03;224.9;225.8;225.8;225.8;1967179
2017-03-02;227.8;228.2;224.7;225.5;1930084
2017-03-01;224.1;228.6;224.0;227.8;2668415
2017-02-28;222.9;223.5;221.3;222.9;2145434
2017-02-27;224.3;225.1;222.1;222.6;2119166
2017-02-24;227.0;227.6;223.2;224.1;2634706
2017-02-23;227.3;228.7;226.8;227.5;2590529
2017-02-22;228.0;228.0;224.7;226.9;3717272
2017-02-21;229.6;230.3;227.4;229.8;2367608
2017-02-20;232.6;234.0;231.1;231.1;2299522
2017-02-17;231.9;232.4;230.0;231.4;2659077
2017-02-16;229.9;231.9;229.6;231.1;1968682
2017-02-15;228.5;230.8;228.2;229.7;2213287
2017-02-14;227.8;228.1;226.8;227.7;1873228
2017-02-13;227.9;228.5;226.6;228.3;1955196
2017-02-10;229.0;229.8;227.0;228.0;2298954
2017-02-09;226.0;228.4;225.4;228.3;2273454
2017-02-08;224.1;226.4;224.1;226.0;2546699
2017-02-07;225.8;228.0;225.5;225.8;1621856
2017-02-06;227.7;229.0;226.0;226.3;1707601
2017-02-03;225.7;228.2;223.8;227.8;2056833
2017-02-02;228.1;228.8;225.2;225.7;2925101
2017-02-01;219.7;224.8;219.4;224.5;2436322
2017-01-31;220.5;223.1;220.2;221.1;1776374
2017-01-30;222.2;222.5;220.0;220.8;1452762
2017-01-27;223.9;224.2;220.3;222.5;2360267
2017-01-26;222.9;225.9;222.5;223.8;2868837
2017-01-25;219.4;223.2;218.9;222.0;2113905
2017-01-24;216.3;219.7;215.9;218.1;1789916
2017-01-23;216.6;217.8;215.6;216.2;2980288
2017-01-20;213.0;218.9;212.7;217.5;4066766
2017-01-19;213.5;215.0;212.2;213.5;2465749
2017-01-18;213.7;213.7;211.4;213.6;4370508
2017-01-17;215.9;216.0;213.0;213.2;2583798
2017-01-16;217.1;217.1;215.2;216.2;1667248
2017-01-13;214.0;217.9;213.6;217.6;2037179
2017-01-12;214.5;214.8;211.4;213.3;3215408
2017-01-11;215.0;215.7;213.6;215.2;2106659
2017-01-10;216.1;216.5;213.5;215.0;2314537
2017-01-09;222.0;223.8;214.9;215.1;4698027
2017-01-06;;223.3;223.3;223.3;0
2017-01-05;223.6;225.5;222.6;223.3;1694777
2017-01-04;226.0;228.1;225.7;227.2;2404014
2017-01-03;223.2;227.2;223.1;226.0;2358311
2017-01-02;219.5;223.6;219.2;222.4;929449
2016-12-30;220.5;221.2;219.5;220.3;1613968
2016-12-29;221.4;221.7;220.2;220.5;1280956
2016-12-28;222.8;223.0;221.6;222.1;1008178
2016-12-27;221.6;224.4;221.6;223.3;591242
2016-12-23;221.0;222.6;220.7;222.0;1040040
2016-12-22;222.2;223.2;220.8;221.3;1841963
2016-12-21;223.0;224.4;221.1;222.1;2899414
2016-12-20;223.5;226.0;223.2;223.9;2315706
2016-12-19;226.5;226.6;223.3;224.0;4046387
2016-12-16;226.9;229.3;226.4;227.0;4152952
2016-12-15;223.7;227.8;223.5;227.8;3259583
2016-12-14;226.0;226.0;223.1;223.9;3979047
2016-12-13;223.9;226.3;223.4;226.3;1984342
2016-12-12;224.0;225.1;222.7;224.6;2780911
2016-12-09;222.0;225.5;220.1;224.6;2366148
2016-12-08;221.0;222.1;218.5;222.1;2692758
2016-12-07;219.0;220.3;217.7;220.3;2547622
2016-12-06;215.1;217.7;213.9;217.7;2581247
2016-12-05;211.0;215.4;211.0;214.3;2064372
2016-12-02;212.1;212.4;210.9;212.4;1930942
2016-12-01;212.1;213.6;211.4;212.9;2442881
2016-11-30;211.6;213.4;211.6;212.9;4106097
2016-11-29;210.7;212.5;209.8;211.2;1652359
2016-11-28;214.2;214.2;210.5;210.9;3962530
2016-11-25;213.8;214.5;212.8;214.5;1415629
2016-11-24;214.7;215.1;213.2;213.9;1040431
2016-11-23;215.2;216.1;213.3;214.4;2826639
2016-11-22;213.1;215.5;212.2;214.9;3036452
2016-11-21;213.9;213.9;210.0;212.3;2502620
2016-11-18;214.2;215.0;210.6;212.3;3256360
2016-11-17;211.3;214.1;210.5;214.0;2233482
2016-11-16;213.7;214.9;210.6;212.1;2737256
2016-11-15;211.1;213.0;210.2;212.8;2180769
2016-11-14;214.0;214.6;208.7;210.8;3610578
2016-11-11;214.6;215.1;212.0;212.9;2793179
2016-11-10;215.0;217.0;211.9;213.3;2999103
2016-11-09;203.3;214.2;203.3;213.8;3780737
2016-11-08;209.5;211.0;208.5;210.7;1687553
2016-11-07;207.4;209.5;207.2;208.9;2130514
2016-11-04;206.6;206.9;206.0;206.0;1293716
2016-11-03;206.4;209.7;206.0;208.0;3362247
2016-11-02;208.0;208.2;205.5;206.4;2696867
2016-11-01;212.7;213.4;208.5;208.5;2508715
2016-10-31;213.7;214.6;211.6;211.6;2940834
2016-10-28;212.9;214.7;211.9;214.3;2111903
2016-10-27;212.0;213.8;211.1;213.7;2268549
2016-10-26;212.1;213.2;210.4;211.6;3588543
2016-10-25;209.0;212.0;204.5;211.2;4761978
2016-10-24;207.0;208.1;205.5;205.7;2311834
2016-10-21;205.0;208.1;205.0;206.8;3175070
2016-10-20;203.2;205.2;202.8;204.8;2214114
2016-10-19;203.6;204.9;201.2;203.3;2516392
2016-10-18;202.6;204.1;201.8;203.3;2082387
2016-10-17;201.3;202.5;200.4;201.2;1435203
2016-10-14;199.2;202.1;198.9;201.5;2043945
2016-10-13;200.9;201.0;197.8;199.4;2865343
2016-10-12;203.1;204.3;201.7;201.7;3577282
2016-10-11;204.5;204.8;202.7;203.1;2405379
2016-10-10;202.5;205.7;201.5;205.2;1798362
2016-10-07;202.2;202.7;200.7;202.6;3029048
2016-10-06;199.8;203.0;199.7;202.4;3409254
2016-10-05;198.9;200.8;198.5;199.3;3137056
2016-10-04;201.6;202.2;199.1;200.3;3782016
2016-10-03;201.0;203.9;201.0;202.5;1828966
2016-09-30;197.7;201.6;195.0;201.6;3218841
2016-09-29;199.5;201.4;198.8;200.4;2504174
2016-09-28;198.0;199.9;197.1;198.1;1207440
2016-09-27;198.6;199.0;194.5;197.1;1774636
2016-09-26;199.0;199.0;196.5;197.7;2408875
2016-09-23;200.0;200.4;199.1;200.2;2384767
2016-09-22;200.5;201.4;199.5;201.2;1692224
2016-09-21;199.0;201.0;198.9;199.6;2288575
2016-09-20;196.2;198.6;196.0;197.9;1803727
2016-09-19;195.5;196.9;195.1;196.2;2505603
2016-09-16;196.0;196.3;193.9;194.7;1778311
2016-09-15;193.5;197.3;193.5;197.0;1512962
2016-09-14;194.9;195.4;193.5;194.2;1476651
2016-09-13;196.1;196.8;194.0;194.7;1675976
2016-09-12;193.5;195.7;192.6;195.5;2265836
2016-09-09;196.4;197.7;195.2;195.6;2398573
2016-09-08;195.5;197.8;195.2;197.5;1936575
2016-09-07;195.7;196.9;194.4;196.5;1346567
2016-09-06;196.0;197.4;195.0;195.2;2115808
2016-09-05;198.0;198.5;197.2;198.2;1016110
2016-09-02;195.5;197.9;195.3;197.9;2884373
2016-09-01;197.0;198.8;194.4;194.9;3504577
2016-08-31;193.4;198.5;193.1;196.9;3724909
2016-08-30;192.0;194.2;191.8;193.5;1778098
2016-08-29;190.3;191.7;189.7;191.6;1114098
2016-08-26;189.0;192.2;188.6;191.5;1534918
2016-08-25;187.1;190.0;186.7;189.3;1726408
2016-08-24;188.3;190.8;187.2;188.1;2458850
2016-08-23;187.8;189.6;187.5;189.1;1804439
2016-08-22;185.6;188.4;185.6;187.1;2100216
2016-08-19;187.2;187.6;184.9;186.4;1687943
2016-08-18;188.4;189.0;186.6;187.2;1420627
2016-08-17;186.7;188.6;186.5;187.0;2237961
2016-08-16;187.0;187.3;186.0;186.2;1857837
2016-08-15;187.5;188.7;187.0;188.0;1304868
2016-08-12;187.8;188.0;186.9;187.5;1097407
2016-08-11;186.7;188.0;185.8;187.9;1483575
2016-08-10;186.1;187.7;185.9;186.5;1658645
2016-08-09;182.8;187.2;182.1;186.9;2341369
2016-08-08;182.1;184.4;181.9;183.4;1166512
2016-08-05;180.5;182.7;180.2;181.9;2469234
2016-08-04;178.9;180.9;178.9;180.1;1756565
2016-08-03;178.6;179.5;176.7;178.4;2301202
2016-08-02;181.6;181.6;178.6;178.6;2993333
2016-08-01;181.2;182.6;180.3;181.7;2973328
2016-07-29;178.4;181.0;178.2;179.8;2027137
2016-07-28;179.8;180.7;177.8;177.9;1956394
2016-07-27;179.8;181.5;179.2;180.0;1866704
2016-07-26;179.0;180.2;178.2;178.7;2035293
2016-07-25;179.3;180.9;178.6;179.1;2086666
2016-07-22;177.0;179.4;176.9;178.9;2610713
2016-07-21;177.0;178.5;175.2;177.1;2949709
2016-07-20;174.7;176.4;173.9;175.3;2446199
2016-07-19;173.2;174.8;172.0;174.2;1971463
2016-07-18;173.4;174.8;172.1;173.6;1903574
2016-07-15;173.2;174.8;172.4;173.4;2784698
2016-07-14;173.5;174.4;172.9;173.5;2421002
2016-07-13;173.3;174.0;171.5;172.0;1997218
2016-07-12;172.6;174.1;171.7;173.3;2425538
2016-07-11;172.2;173.0;170.5;172.7;2038340
2016-07-08;167.1;170.7;166.7;170.6;2385561
2016-07-07;166.4;169.0;166.3;167.8;2483510
2016-07-06;168.5;170.2;162.9;164.9;4389259
2016-07-05;173.7;173.8;169.4;170.5;2639970
2016-07-04;177.5;177.9;174.0;174.4;1491057
2016-07-01;177.6;178.9;175.8;177.2;3800029
2016-06-30;176.1;176.6;172.7;175.7;4881061
2016-06-29;174.0;175.8;173.3;175.8;3286045
2016-06-28;170.8;172.8;168.7;171.6;4763684
2016-06-27;173.0;173.7;163.5;165.0;7711712
2016-06-24;;181.4;181.4;181.4;0
2016-06-23;180.7;182.6;179.1;181.4;2975784
2016-06-22;180.0;181.0;178.4;180.7;1785044
2016-06-21;178.0;179.6;176.9;179.2;2968447
2016-06-20;175.1;178.6;174.8;178.5;2856430
2016-06-17;170.5;172.3;170.0;171.6;3314247
2016-06-16;169.3;169.5;166.4;168.2;3312879
2016-06-15;168.7;172.0;168.4;171.8;3225350
2016-06-14;170.0;171.0;167.3;167.6;3247686
2016-06-13;173.7;174.7;170.8;171.8;2378929
2016-06-10;179.4;179.4;175.3;176.0;2805152
2016-06-09;183.0;183.4;179.9;179.9;2440695
2016-06-08;183.1;183.5;182.5;183.0;1406478
2016-06-07;185.0;185.6;182.5;184.1;2284486
2016-06-06;;180.4;180.4;180.4;0
2016-06-03;184.1;184.5;179.3;180.4;2072254
2016-06-02;183.2;184.9;182.2;183.6;1807335
2016-06-01;183.3;183.9;181.5;183.2;2022189
2016-05-31;186.9;187.6;183.4;183.6;3822871
2016-05-30;186.0;187.6;185.7;186.9;2608235
2016-05-27;183.8;185.8;183.6;185.6;2968113
2016-05-26;182.1;184.3;181.1;184.3;2652431
2016-05-25;179.4;182.6;179.4;182.0;3778999
2016-05-24;173.1;178.8;171.4;178.4;2888871
2016-05-23;174.4;175.1;172.7;173.9;1811218
2016-05-20;174.3;174.8;173.5;174.4;2558705
2016-05-19;170.9;174.1;170.5;172.5;3868368
2016-05-18;169.6;171.1;168.9;171.1;2916052
2016-05-17;171.2;173.2;170.2;171.0;2174434
2016-05-16;169.4;171.1;168.5;171.0;1685534
2016-05-13;168.6;171.3;168.3;170.9;2589147
2016-05-12;171.1;171.6;168.7;169.1;3446650
2016-05-11;174.6;175.0;170.7;172.6;4486908
2016-05-10;174.0;175.7;173.6;174.4;2476172
2016-05-09;171.5;173.9;170.3;172.5;2709816
2016-05-06;168.7;170.9;167.9;169.8;2688923
2016-05-05;170.7;171.7;169.5;169.7;1217721
2016-05-04;170.7;171.7;169.5;169.7;1217721
2016-05-03;173.5;173.6;169.6;171.4;3510705
2016-05-02;173.9;174.2;171.1;173.0;2049532
2016-04-29;174.3;174.7;172.1;173.2;2943089
2016-04-28;175.8;176.1;171.9;175.6;4755685
2016-04-27;175.1;177.4;174.5;176.5;4665060
2016-04-26;168.8;175.8;167.3;173.9;6131951
2016-04-25;170.5;170.9;168.1;168.9;2791501
2016-04-22;171.5;172.4;170.5;170.8;1924703
2016-04-21;171.0;172.4;170.4;172.0;2250410
2016-04-20;170.7;171.2;168.2;170.8;3549369
2016-04-19;170.0;172.5;169.2;171.5;3462980
2016-04-18;167.8;170.0;166.1;169.5;2466521
2016-04-15;170.0;170.1;168.2;169.2;2787525
2016-04-14;170.6;171.5;169.1;170.3;4670176
2016-04-13;167.3;171.7;166.4;170.9;3679066
2016-04-12;166.2;167.3;163.1;165.7;2397200
2016-04-11;166.0;168.2;164.3;165.7;3559568
2016-04-08;163.0;166.4;162.7;166.3;4240844
2016-04-07;162.0;166.0;161.2;162.0;6428318
2016-04-06;161.6;162.2;159.7;161.5;5048082
2016-04-05;173.0;173.2;170.1;171.4;4707592
2016-04-04;173.3;177.3;173.1;174.6;3222358
2016-04-01;173.8;175.1;172.6;173.8;3130162
2016-03-31;174.2;175.2;173.4;174.9;3560530
2016-03-30;175.7;176.4;174.2;175.1;3238173
2016-03-29;173.5;175.7;172.1;173.8;2231689
2016-03-28;174.2;175.8;174.0;174.0;1777570
2016-03-25;174.2;175.8;173.3;174.0;1777570
2016-03-24;174.2;175.8;173.3;174.0;1777570
2016-03-23;179.6;180.0;174.8;175.9;4052424
2016-03-22;180.6;180.6;177.1;180.1;2804464
2016-03-21;181.1;182.0;179.1;181.1;4256279
2016-03-18;182.5;184.3;180.6;184.3;4600924
2016-03-17;184.9;185.7;178.0;182.4;3541785
2016-03-16;185.5;186.1;181.0;182.9;3342807
2016-03-15;185.6;186.2;184.6;184.7;2483664
2016-03-14;187.8;188.6;185.3;186.2;2846906
2016-03-11;181.2;187.1;180.9;186.6;4341315
2016-03-10;177.2;184.5;176.3;178.8;5196913
2016-03-09;174.6;178.3;174.4;177.9;3339825
2016-03-08;174.5;176.7;172.9;174.9;3303741
2016-03-07;176.2;176.2;171.7;173.3;2779358
2016-03-04;177.0;177.5;174.4;176.3;2123481
2016-03-03;177.5;178.1;175.5;176.4;1601630
2016-03-02;177.3;178.5;175.4;176.8;2604082
2016-03-01;173.1;176.9;170.0;176.8;3556257
2016-02-29;173.9;174.3;170.3;174.0;3364348
2016-02-26;173.7;175.5;172.7;175.3;2648879
2016-02-25;170.2;172.7;169.5;172.2;3355702
2016-02-24;172.2;173.2;167.3;168.1;4166383
2016-02-23;171.8;174.9;170.5;172.0;3350762
2016-02-22;169.4;173.1;167.9;173.1;3895065
2016-02-19;167.2;168.4;164.4;165.3;3995161
2016-02-18;171.3;172.0;166.9;167.1;3576935
2016-02-17;166.3;169.5;165.0;169.3;3644597
2016-02-16;163.9;165.9;162.6;165.2;4838748
2016-02-15;156.7;161.6;155.4;161.6;6725535
2016-02-12;153.1;155.8;152.2;153.5;6764810
2016-02-11;155.5;156.5;150.8;152.2;7020076
2016-02-10;159.0;162.5;156.5;159.0;7118487
2016-02-09;160.6;163.0;154.3;157.8;10484589
2016-02-08;178.0;178.0;167.1;167.3;3061577
2016-02-05;175.4;177.6;173.8;175.3;2617407
2016-02-04;174.6;176.7;173.0;175.8;3022260
2016-02-03;176.0;176.5;170.6;172.8;4327194
2016-02-02;174.0;179.5;172.7;177.7;4887041
2016-02-01;180.8;180.8;176.5;176.9;3039050
2016-01-29;178.4;179.2;176.1;179.1;3248861
2016-01-28;178.6;180.0;174.2;175.7;2719158
2016-01-27;179.6;179.6;176.5;178.6;2549680
2016-01-26;175.0;180.9;174.4;180.2;2893131
2016-01-25;178.5;178.8;174.7;177.3;2854206
2016-01-22;174.1;177.7;173.2;177.6;2856087
2016-01-21;166.1;172.0;165.1;170.3;3011375
2016-01-20;168.6;169.5;166.6;166.6;3230841
2016-01-19;172.9;173.6;170.6;171.3;2726719
2016-01-18;170.5;172.9;169.0;169.8;1867501
2016-01-15;175.7;176.4;170.2;170.5;3400562
2016-01-14;179.9;180.5;174.3;175.5;4099093
2016-01-13;181.0;183.1;180.2;180.9;2642128
2016-01-12;178.4;180.9;177.1;178.4;2487236
2016-01-11;175.5;178.6;175.4;177.2;2287612
2016-01-08;179.1;181.1;176.1;176.1;2858828
2016-01-07;179.0;180.0;175.0;178.3;5073676
2016-01-06;;183.9;183.9;183.9;0
2016-01-05;185.0;186.2;182.7;183.9;1357673
2016-01-04;184.2;184.2;180.3;182.1;2221799
2016-01-01;;187.1;187.1;187.1;0
2015-12-31;;187.1;187.1;187.1;0
2015-12-30;188.2;188.6;186.4;187.1;1369297
2015-12-29;186.9;188.6;186.2;188.6;1633240
2015-12-28;188.0;189.2;186.0;186.1;1021943
2015-12-25;185.5;187.8;185.5;187.8;1579088
2015-12-24;185.5;187.8;185.5;187.8;1579088
2015-12-23;185.5;187.8;185.5;187.8;1579088
2015-12-22;184.1;185.8;183.0;183.9;1546180
2015-12-21;185.2;188.0;183.2;183.4;1896676
2015-12-18;185.0;187.7;184.3;185.5;2562746
2015-12-17;188.8;190.6;185.7;186.8;2641494
2015-12-16;186.3;187.9;184.1;185.6;2686009
2015-12-15;178.8;186.3;178.5;186.3;3358153
2015-12-14;179.0;181.4;177.2;177.6;2759306
2015-12-11;182.6;182.6;178.0;178.0;2298875
2015-12-10;181.7;184.6;180.7;182.8;2950266
2015-12-09;184.6;186.3;180.6;182.4;3320130
2015-12-08;188.1;188.6;183.9;184.5;2860142
2015-12-07;189.9;191.6;189.5;189.9;1648067
2015-12-04;190.1;190.7;188.2;188.4;2437493
2015-12-03;194.0;196.9;190.9;190.9;3022663
2015-12-02;193.3;195.7;193.0;194.1;1970988
2015-12-01;193.5;194.9;192.5;192.9;1761642
2015-11-30;191.4;194.4;190.0;193.2;2820244
2015-11-27;191.8;193.3;191.1;192.1;1015393
2015-11-26;190.0;192.9;189.9;192.6;1362952
2015-11-25;189.5;191.8;188.4;190.3;2057577
2015-11-24;191.5;191.5;188.4;188.9;2410663
2015-11-23;192.1;193.3;191.4;192.3;1182037
2015-11-20;195.1;195.5;192.2;192.8;2658044
2015-11-19;196.6;198.2;193.9;194.7;2128836
2015-11-18;195.0;196.4;194.7;195.9;1309591
2015-11-17;192.2;196.4;191.9;196.2;2311534
2015-11-16;190.0;191.8;189.6;191.0;1392376
2015-11-13;192.2;193.6;190.7;191.9;1476517
2015-11-12;195.0;195.4;193.4;193.4;1902459
2015-11-11;192.6;196.2;192.3;194.9;1738819
2015-11-10;192.9;194.1;190.1;192.0;2112532
2015-11-09;196.1;197.2;192.4;192.5;2094825
2015-11-06;194.0;198.0;193.9;196.1;1962899
2015-11-05;196.3;197.1;193.9;193.9;1704220
2015-11-04;194.9;196.9;194.3;196.1;2142647
2015-11-03;195.7;195.7;193.0;194.3;1676611
2015-11-02;195.1;196.6;194.2;195.3;2654714
2015-10-30;195.1;196.5;195.0;196.1;1046121
2015-10-29;196.5;196.9;192.6;195.1;1630696
2015-10-28;195.4;196.8;194.0;196.2;1766438
2015-10-27;197.7;197.7;194.8;195.0;2088290
2015-10-26;197.6;198.4;196.3;198.1;1705278
2015-10-23;197.8;200.2;196.9;197.6;2951162
2015-10-22;193.8;197.4;190.4;197.0;2955382
2015-10-21;197.1;197.1;193.7;194.3;3166235
2015-10-20;196.3;197.4;193.0;195.3;2687042
2015-10-19;193.4;196.8;193.3;195.4;2316861
2015-10-16;192.6;194.7;191.7;193.3;2327203
2015-10-15;190.7;191.9;189.0;191.3;1947693
2015-10-14;192.9;193.9;189.2;189.7;2521202
2015-10-13;196.2;196.3;191.5;193.6;1903992
2015-10-12;197.7;200.0;194.9;196.2;2140929
2015-10-09;196.4;198.0;195.5;196.8;2008873
2015-10-08;192.1;195.3;191.1;194.9;2013831
2015-10-07;192.1;195.8;191.9;192.7;2484765
2015-10-06;191.5;192.4;189.3;191.7;2097119
2015-10-05;188.3;191.1;188.0;191.1;2073645
2015-10-02;184.9;188.6;183.2;185.9;2553501
2015-10-01;187.3;187.9;182.2;183.4;3611269
2015-09-30;187.5;187.7;184.3;184.9;3067529
2015-09-29;182.2;185.8;181.4;184.0;2180630
2015-09-28;187.7;188.0;184.3;184.3;2041036
2015-09-25;184.6;189.2;184.6;188.8;2532299
2015-09-24;186.7;186.8;181.1;182.5;3588707
2015-09-23;189.1;190.3;186.4;186.4;2010234
2015-09-22;195.5;195.6;189.1;189.5;2733087
2015-09-21;192.3;195.3;191.4;194.9;2610869
2015-09-18;196.0;196.6;191.9;192.9;2970717
2015-09-17;195.3;198.2;195.1;197.1;2897863
2015-09-16;195.2;196.1;193.7;195.1;2482046
2015-09-15;193.2;195.2;191.2;194.1;1928968
2015-09-14;194.8;195.6;191.9;192.9;2974050
2015-09-11;196.3;196.3;193.6;194.5;1976363
2015-09-10;194.0;196.5;193.0;195.3;2920079
2015-09-09;197.6;197.9;195.2;195.7;2743876
2015-09-08;191.2;195.7;190.9;193.5;2709480
2015-09-07;189.1;189.8;187.3;188.7;1181308
2015-09-04;190.5;191.0;186.3;187.3;2505937
2015-09-03;191.0;193.1;189.5;192.6;2466793
2015-09-02;190.2;191.5;187.8;189.4;2636192
2015-09-01;194.5;195.0;188.1;189.4;3437214
2015-08-31;193.0;194.2;191.6;193.4;1513481
2015-08-28;194.0;194.4;192.2;194.3;1817543
2015-08-27;191.1;194.4;190.2;193.8;2999855
2015-08-26;187.5;191.7;184.4;186.7;3085472
2015-08-25;182.7;189.4;182.4;188.3;5758320
2015-08-24;184.8;187.8;179.1;180.4;6837870
2015-08-21;190.6;194.5;189.7;189.7;3277889
2015-08-20;195.0;196.0;193.0;193.4;1893081
2015-08-19;197.7;198.0;195.9;195.9;1897484
2015-08-18;198.4;199.0;197.5;198.2;1126952
2015-08-17;199.1;199.9;197.0;198.7;1423900
2015-08-14;199.2;200.4;197.5;197.7;1015982
2015-08-13;199.8;199.9;197.8;198.9;1436438
2015-08-12;200.4;200.5;196.5;197.0;2727754
2015-08-11;203.2;203.8;200.6;201.7;1654332
2015-08-10;202.0;204.0;200.5;204.0;1562405
2015-08-07;202.2;203.7;201.4;201.6;1901452
2015-08-06;202.5;202.9;201.5;202.0;1065500
2015-08-05;200.8;202.9;200.7;202.2;1616443
2015-08-04;201.2;201.4;199.1;200.7;2161393
2015-08-03;201.9;202.2;200.6;201.8;1633897
2015-07-31;200.6;202.3;200.2;202.2;1574732
2015-07-30;201.1;201.7;198.7;200.0;1404342
2015-07-29;201.7;202.2;198.7;200.6;1295870
2015-07-28;200.9;201.2;199.2;200.6;1365672
2015-07-27;203.1;203.2;199.1;199.5;2359002
2015-07-24;204.0;204.7;203.0;203.6;2319205
2015-07-23;205.5;205.5;203.2;204.1;1556770
2015-07-22;204.0;205.0;203.1;203.9;2221407
2015-07-21;206.8;206.9;204.2;204.3;1859358
2015-07-20;205.4;206.5;205.0;206.5;1563665
2015-07-17;204.4;205.7;203.1;204.9;2292307
2015-07-16;204.1;208.0;203.4;205.0;4898184
2015-07-15;201.6;202.4;201.0;201.8;2148401
2015-07-14;201.3;202.1;199.7;201.6;1991578
2015-07-13;201.2;203.3;201.0;202.2;2508556
2015-07-10;197.2;200.0;196.2;200.0;4084190
2015-07-09;190.3;193.1;190.0;192.8;2450358
2015-07-08;189.7;190.5;188.0;189.1;2277774
2015-07-07;191.2;192.8;188.5;188.5;3239190
2015-07-06;190.0;190.0;188.0;188.2;2993836
2015-07-03;192.4;193.2;191.1;192.5;1740052
2015-07-02;196.2;197.2;191.4;192.4;2891457
2015-07-01;193.9;197.7;192.8;196.8;2446437
2015-06-30;195.5;196.7;193.0;193.3;3048834
2015-06-29;193.1;198.2;192.7;195.8;2993441
2015-06-26;199.4;201.8;198.3;201.6;2805607
2015-06-25;197.3;199.7;196.9;198.6;2072932
2015-06-24;197.5;199.2;196.9;197.9;2436764
2015-06-23;197.3;199.9;196.6;197.3;3322492
2015-06-22;193.5;196.3;192.1;196.3;2921560
2015-06-19;;189.9;189.9;189.9;0
2015-06-18;189.5;190.4;187.1;189.9;2644162
2015-06-17;192.1;193.2;190.3;190.6;1964842
2015-06-16;190.9;192.7;189.3;192.4;1990015
2015-06-15;194.7;194.9;191.0;192.0;1834648
2015-06-12;196.5;198.2;194.5;196.1;1975546
2015-06-11;194.4;198.7;193.8;196.5;3598489
2015-06-10;191.4;194.1;191.0;193.8;1684974
2015-06-09;190.2;192.9;190.1;192.2;2590278
2015-06-08;192.6;193.8;190.0;190.0;2451776
2015-06-05;193.9;193.9;191.8;191.9;1858951
2015-06-04;197.1;197.2;194.3;195.6;2478447
2015-06-03;198.7;199.7;197.4;198.7;1707288
2015-06-02;201.9;201.9;198.2;198.5;2470501
2015-06-01;199.8;201.9;199.6;201.0;2595903
2015-05-29;199.1;200.8;197.3;200.0;3936057
2015-05-28;198.7;199.5;197.8;199.3;1888475
2015-05-27;195.8;199.6;195.4;199.6;2725779
2015-05-26;196.0;197.6;195.0;195.4;2052501
2015-05-25;195.6;196.5;195.0;196.5;822262
2015-05-22;195.9;197.7;195.5;196.6;1829379
2015-05-21;195.1;195.6;193.3;195.6;1866603
2015-05-20;194.8;196.0;194.4;195.8;1798059
2015-05-19;195.1;196.0;193.4;194.7;2019653
2015-05-18;196.2;197.3;193.2;194.4;2427870
2015-05-15;197.0;198.0;193.8;196.2;3864512
2015-05-14;192.2;198.7;192.1;195.5;3922522
2015-05-13;192.2;198.7;192.1;195.5;3922522
2015-05-12;191.4;191.8;188.7;190.0;3185434
2015-05-11;191.1;193.9;190.3;192.2;2492618
2015-05-08;192.7;192.7;188.1;191.1;4041647
2015-05-07;184.6;191.9;182.8;191.0;8741621
2015-05-06;186.5;186.7;184.1;185.1;4000353
2015-05-05;190.7;191.9;186.4;186.4;4586162
2015-05-04;196.9;196.9;190.5;191.1;3102476
2015-05-01;193.6;195.2;191.3;194.4;2804503
2015-04-30;193.6;195.2;191.3;194.4;2804503
2015-04-29;198.7;198.8;191.6;194.0;7985303
2015-04-28;201.7;203.0;198.6;199.1;6248332
2015-04-27;205.4;208.6;204.2;207.4;3889437
2015-04-24;205.4;206.7;204.8;205.4;2649656
2015-04-23;203.4;205.6;202.5;204.7;5265850
2015-04-22;199.9;203.0;198.1;202.8;4751841
2015-04-21;200.1;201.2;197.2;199.9;5351496
2015-04-20;199.0;200.3;198.0;199.5;4246915
2015-04-17;203.7;203.7;199.1;199.2;3682451
2015-04-16;205.9;206.0;203.7;203.8;2176272
2015-04-15;203.6;206.4;203.4;206.0;2608450
2015-04-14;202.5;203.9;202.4;203.7;3112256
2015-04-13;204.5;205.0;201.7;203.5;3781075
2015-04-10;205.4;206.7;203.8;204.9;4183527
2015-04-09;206.3;207.5;204.6;206.2;3228499
2015-04-08;209.2;209.6;204.9;205.3;3769386
2015-04-07;208.7;210.0;208.2;209.3;2753088
2015-04-02;207.5;208.0;206.9;207.4;818604
2015-04-01;205.0;207.8;203.8;207.5;3338346
2015-03-31;209.2;209.7;205.8;206.1;4011096
2015-03-30;207.2;209.5;206.5;209.3;3369745
2015-03-27;207.3;209.5;206.4;206.6;3497002
2015-03-26;220.3;220.7;215.8;218.7;4205743
2015-03-25;220.8;222.4;219.9;221.5;7714982
2015-03-24;220.9;222.4;219.8;220.8;3427352
2015-03-23;221.6;223.9;220.6;220.9;5329128
2015-03-20;220.0;221.9;219.2;221.9;3281712
2015-03-19;221.4;223.2;218.8;220.1;3731319
2015-03-18;220.6;221.6;219.6;220.5;4242600
2015-03-17;221.0;221.5;218.5;220.1;2349426
2015-03-16;219.6;221.4;219.4;221.0;2642235
2015-03-13;220.4;220.5;218.2;219.3;2405130
2015-03-12;220.0;220.0;218.4;219.5;3981946
2015-03-11;217.9;220.9;217.4;220.2;3140053
2015-03-10;218.3;219.4;217.6;217.9;4075299
2015-03-09;217.8;219.7;216.6;218.4;4078315
2015-03-06;217.6;219.4;217.4;217.9;3470119
2015-03-05;217.0;218.0;216.7;216.9;2024487
2015-03-04;216.0;217.0;214.8;216.1;4273184
2015-03-03;217.7;218.0;215.0;215.5;2529378
2015-03-02;218.0;218.4;215.8;217.8;2390625
2015-02-27;215.3;217.7;214.6;217.0;2897784
2015-02-26;214.9;215.7;214.4;215.1;2118553
2015-02-25;214.6;215.6;213.5;214.5;2400557
2015-02-24;213.3;215.0;212.3;214.6;6895299
2015-02-23;211.5;213.3;210.5;213.2;2970629
2015-02-20;210.7;211.7;207.5;209.5;3664235
2015-02-19;209.7;211.3;208.6;211.0;3858624
2015-02-18;208.0;210.0;207.8;209.8;2955502
2015-02-17;205.6;207.7;205.2;206.5;3370318
2015-02-16;205.0;207.9;204.7;206.8;2695346
2015-02-13;200.7;205.8;200.7;205.4;4603616
2015-02-12;198.7;200.6;198.2;200.0;5902170
2015-02-11;199.6;201.1;198.3;199.1;3711972
2015-02-10;202.2;202.3;199.1;201.2;3499652
2015-02-09;201.8;202.3;200.6;202.2;2191188
2015-02-06;200.0;203.0;199.8;202.7;3375168
2015-02-05;199.6;201.9;198.5;200.0;2692640
2015-02-04;201.0;202.7;198.1;200.1;5914266
2015-02-03;196.0;202.2;194.9;201.3;5603815
2015-02-02;200.8;201.7;199.5;200.7;3290728
2015-01-30;200.0;201.8;199.5;200.6;4345462
2015-01-29;198.3;199.4;196.6;199.3;4517632
2015-01-28;198.1;199.5;197.2;199.0;4539480
2015-01-27;197.0;197.5;195.1;197.1;3845305
2015-01-26;192.5;197.8;190.6;197.4;5056368
2015-01-23;194.0;195.5;192.0;192.9;4882670
2015-01-22;188.8;193.6;187.2;192.8;5859355
2015-01-21;189.4;189.4;185.7;187.6;3306273
2015-01-20;187.4;189.6;186.5;188.4;6264228
2015-01-19;186.0;186.4;184.4;186.2;2391279
2015-01-16;182.7;185.1;182.4;185.0;4019249
2015-01-15;183.5;185.5;180.9;183.1;6205235
2015-01-14;185.7;185.8;181.8;182.4;3521823
2015-01-13;185.0;186.8;184.3;186.5;2909621
2015-01-12;185.8;185.9;183.8;185.0;3527127
2015-01-09;187.0;187.2;183.4;184.5;3410822
2015-01-08;189.8;190.0;184.7;187.2;5528618
2015-01-07;191.8;193.0;188.3;188.3;3348059
2015-01-06;;193.3;193.3;193.3;0
2015-01-05;194.1;194.9;193.0;193.3;938430
2015-01-02;196.2;196.7;193.9;194.5;1271069
2015-01-01;195.6;195.7;194.3;195.5;1615375
2014-12-30;195.6;195.7;194.3;195.5;1615375
2014-12-29;194.6;196.0;193.8;195.8;1489259
2014-12-23;193.8;194.8;193.4;194.6;1181841
2014-12-22;192.8;194.3;192.7;193.6;1514139
2014-12-19;192.6;193.5;190.2;192.5;3068287
2014-12-18;189.8;192.1;189.2;191.7;3515986
2014-12-17;188.4;188.5;186.2;186.9;2920197
2014-12-16;190.0;190.9;184.8;189.9;4673842
2014-12-15;192.7;194.0;189.6;189.8;3415145
2014-12-12;195.9;196.4;192.7;192.7;2996631
2014-12-11;194.7;199.8;194.7;196.4;3073041
2014-12-10;196.1;196.8;193.9;194.2;2864519
2014-12-09;195.0;197.3;194.0;196.0;3817337
2014-12-08;194.8;196.0;193.8;195.3;2149685
2014-12-05;193.5;195.4;193.2;195.3;2208881
2014-12-04;195.8;196.0;191.8;192.0;5242376
2014-12-03;193.7;195.9;193.6;195.5;2152542
2014-12-02;195.8;195.8;192.9;193.8;2596901
2014-12-01;195.2;195.8;193.0;194.4;2479216
2014-11-28;195.8;195.8;193.9;195.6;2401068
2014-11-27;193.7;195.5;193.4;195.3;1341854
2014-11-26;196.0;196.4;192.7;193.3;2254219
2014-11-25;194.3;195.9;194.0;195.9;3147814
2014-11-24;191.0;194.8;191.0;194.4;2701566
2014-11-21;190.1;191.2;189.3;191.0;3229360
2014-11-20;191.0;191.4;189.4;189.9;1816877
2014-11-19;190.5;191.0;189.9;190.7;1672364
2014-11-18;189.6;190.4;188.7;190.4;2774024
2014-11-17;188.1;189.6;187.2;189.1;1596379
2014-11-14;189.5;189.8;188.3;189.4;2031628
2014-11-13;188.3;189.5;186.8;189.0;3312145
2014-11-12;190.5;190.6;187.9;188.3;2967885
2014-11-11;191.4;192.3;189.7;190.5;2540948
2014-11-10;191.3;192.0;190.5;191.4;2128897
2014-11-07;193.6;193.6;189.7;191.3;3299911
2014-11-06;193.5;195.0;191.8;193.5;3026296
2014-11-05;193.8;194.4;193.1;194.1;2358683
2014-11-04;192.6;193.9;192.4;192.8;2754354
2014-11-03;195.3;196.0;192.1;192.7;3623750
2014-10-31;195.9;196.3;194.7;195.3;2157812
2014-10-30;195.0;195.4;192.1;193.9;5043050
2014-10-29;192.3;193.9;192.1;193.5;4579729
2014-10-28;190.2;192.0;188.7;191.5;5061099
2014-10-24;188.4;189.6;187.3;189.1;3129474
2014-10-23;186.7;189.6;186.2;188.9;6044307
2014-10-22;186.6;188.4;186.2;187.1;5315160
2014-10-21;182.1;185.9;181.8;185.6;7794631
2014-10-20;176.7;178.0;174.5;177.2;3005083
2014-10-17;169.9;177.0;169.6;176.9;4510174
2014-10-16;169.7;171.5;166.2;169.7;7211809
2014-10-15;174.2;175.3;168.9;169.0;5699480
2014-10-14;172.5;174.2;171.1;173.3;4107949
2014-10-13;172.4;174.6;171.3;173.0;2785915
2014-10-10;173.4;174.9;171.7;173.4;3605258
2014-10-09;179.0;179.0;173.6;174.7;2819949
2014-10-08;176.5;177.6;175.8;176.7;2614609
2014-10-07;180.0;180.1;176.7;177.4;3211428
2014-10-06;180.2;182.2;180.2;180.3;1835043
2014-10-03;178.5;179.8;177.9;179.7;1938331
2014-10-02;181.1;181.4;177.1;177.4;2495743
2014-10-01;180.8;182.4;180.7;181.0;2622518
2014-09-30;180.8;181.7;180.1;181.7;2330000
2014-09-29;181.7;181.9;179.5;180.7;2300416
2014-09-26;179.8;182.0;179.4;181.7;3295439
2014-09-25;180.1;181.2;179.4;180.0;3107309
2014-09-24;179.0;180.0;178.1;180.0;3262187
2014-09-23;178.4;179.6;178.3;179.0;2914198
2014-09-22;177.6;179.5;177.5;178.9;2122372
2014-09-19;178.6;178.8;177.7;178.4;2819697
2014-09-18;177.2;178.6;176.5;177.9;2257955
2014-09-17;175.3;177.1;174.6;176.7;2369756
2014-09-16;174.4;174.9;172.9;174.3;1471265
2014-09-15;172.5;175.3;171.3;174.3;2643110
2014-09-12;173.0;174.4;172.7;173.8;1970695
2014-09-11;174.6;175.0;172.4;173.3;2137772
2014-09-10;172.3;174.5;171.3;174.1;2600121
2014-09-09;173.7;174.7;172.2;172.5;2058683
2014-09-08;174.5;174.9;173.0;174.6;2062959
2014-09-05;176.0;176.7;174.2;174.7;2331675
2014-09-04;176.9;177.3;175.6;176.1;3183988
2014-09-03;177.3;178.4;176.8;177.2;2935798
2014-09-02;176.6;177.6;175.6;176.5;2219059
2014-09-01;178.3;178.6;174.4;176.0;2451450
2014-08-29;177.8;178.4;177.0;178.0;1721219
2014-08-28;178.7;178.9;176.9;177.3;2283103
2014-08-27;178.7;179.6;178.2;179.2;1935161
2014-08-26;177.9;178.6;177.2;178.6;2292412
2014-08-25;177.3;177.8;176.8;177.8;1351589
2014-08-22;177.0;177.5;175.5;176.2;1448036
2014-08-21;175.4;177.5;174.7;177.1;2133410
2014-08-20;175.3;176.0;173.7;174.8;1696781
2014-08-19;175.9;176.4;174.7;175.4;1856514
2014-08-18;174.9;175.6;174.6;175.4;1476690
2014-08-15;173.6;175.7;173.0;173.0;2635005
2014-08-14;174.1;174.7;172.7;173.4;2017650
2014-08-13;171.1;175.0;171.0;174.7;3279882
2014-08-12;172.4;172.7;170.0;170.6;2528481
2014-08-11;171.6;172.4;170.7;172.4;1878807
2014-08-08;168.7;170.3;167.7;169.9;3112718
2014-08-07;170.6;172.3;169.8;170.0;2834659
2014-08-06;172.4;173.1;170.4;170.7;2397487
2014-08-05;174.6;175.7;172.6;173.7;1381717
2014-08-04;175.1;175.7;173.9;174.2;1550488
2014-08-01;177.3;177.7;173.2;173.9;2656795
2014-07-31;178.9;179.2;176.6;177.3;2424482
2014-07-30;179.0;179.8;178.4;178.7;1378935
2014-07-29;180.4;180.5;178.7;178.9;1114101
2014-07-28;180.4;180.6;178.6;179.6;1363425
2014-07-25;179.5;180.8;179.2;180.0;1698287
2014-07-24;179.0;181.2;178.7;179.9;2353155
2014-07-23;179.0;180.3;179.0;179.4;2574661
2014-07-22;178.8;179.7;178.6;179.0;2100051
2014-07-21;177.4;178.5;176.8;178.0;2989241
2014-07-18;175.2;178.4;173.2;176.6;3602028
2014-07-17;177.2;177.3;174.4;174.4;3110319
2014-07-16;174.6;177.3;174.6;177.2;2142774
2014-07-15;175.5;176.3;173.2;174.2;2135560
2014-07-14;174.1;175.9;174.0;175.4;2311776
2014-07-11;171.0;174.0;171.0;173.4;2263741
2014-07-10;174.6;174.7;169.8;171.2;3018822
2014-07-09;174.4;174.9;173.4;174.3;1804707
2014-07-08;175.5;176.0;174.0;174.0;2294805
2014-07-07;175.4;176.4;175.0;175.7;2804979
2014-07-04;178.4;178.9;176.8;176.9;2265241
2014-07-03;178.0;179.7;175.9;178.5;4024481
2014-07-02;177.0;177.9;175.9;177.3;2287789
2014-07-01;177.4;178.0;176.0;177.8;1998037
2014-06-30;177.4;177.4;176.4;177.2;2511937
2014-06-27;175.7;177.3;175.6;176.9;1959705
2014-06-26;176.8;177.1;174.8;175.4;2022867
2014-06-25;178.5;178.8;175.2;176.8;2729137
2014-06-24;179.3;179.9;178.0;179.2;2659212
2014-06-23;181.4;181.4;177.8;179.4;2527143
2014-06-20;;178.5;178.5;178.5;0
2014-06-19;179.6;180.3;178.2;178.5;2618852
2014-06-18;179.5;179.8;177.7;177.7;2763447
2014-06-17;179.9;180.8;178.3;178.9;2765987
2014-06-16;179.0;182.2;178.6;178.9;4611739
2014-06-13;178.3;178.3;175.2;176.6;3410148
2014-06-12;179.0;179.3;177.6;178.1;2329209
2014-06-11;180.1;180.6;178.5;178.9;2597728
2014-06-10;181.0;181.7;180.1;180.3;2981319
2014-06-09;180.0;182.2;179.6;181.8;4416036
2014-06-06;;177.2;177.2;177.2;0
2014-06-05;178.2;179.3;177.1;177.2;3579930
2014-06-04;176.9;178.4;176.8;178.2;2222755
2014-06-03;177.5;178.1;176.7;177.2;1649085
2014-06-02;178.8;178.8;177.0;177.6;1952841
2014-05-30;176.0;178.4;175.9;178.0;3449543
2014-05-28;176.0;176.1;174.1;175.4;1406733
2014-05-27;175.0;176.8;174.4;175.8;2437840
2014-05-26;174.5;175.5;173.6;174.9;1592497
2014-05-23;173.7;174.3;172.8;174.1;2085907
2014-05-22;174.1;174.9;172.7;173.6;3726271
2014-05-21;173.4;175.2;172.0;174.7;3521411
2014-05-20;171.6;173.6;171.6;173.1;2657960
2014-05-19;171.8;172.9;170.6;172.1;3934949
2014-05-16;171.1;172.3;169.8;172.1;3318485
2014-05-15;170.4;171.6;169.2;171.6;6733899
2014-05-14;169.8;170.4;169.2;170.0;3039398
2014-05-13;167.6;170.0;167.5;169.8;3828603
2014-05-12;166.4;167.5;165.9;167.1;3794761
2014-05-09;168.5;168.7;165.7;166.6;3415700
2014-05-08;168.2;169.3;166.7;168.7;5811302
2014-05-07;169.8;169.8;167.1;168.2;5262587
2014-05-06;171.0;171.6;169.9;170.2;3912578
2014-05-05;171.9;173.1;169.6;170.5;3503384
2014-05-02;172.4;173.0;171.7;172.4;2645439
2014-05-01;;172.7;172.7;172.7;0
2014-04-30;170.8;172.8;170.8;172.7;2074265
2014-04-29;170.5;172.7;170.5;171.9;4963144
2014-04-28;170.1;170.1;166.7;169.2;3681790
2014-04-25;171.1;172.3;169.6;170.2;2379027
2014-04-24;170.7;172.5;169.2;172.1;2810517
2014-04-23;172.3;172.7;170.0;170.3;2074543
2014-04-22;169.9;172.2;169.4;172.1;2140705
2014-04-17;167.9;169.2;167.3;168.6;1018223
2014-04-16;167.7;168.7;167.0;167.9;2406567
2014-04-15;169.3;169.4;166.4;166.8;2589434
2014-04-14;168.1;169.5;166.6;169.3;2858313
2014-04-11;170.0;170.4;167.3;168.7;3578594
2014-04-10;174.7;174.7;170.5;170.9;4769235
2014-04-09;173.8;175.5;173.3;174.1;2595491
2014-04-08;172.5;173.9;171.0;173.6;2447171
2014-04-07;173.0;173.5;171.8;172.2;2897829
2014-04-04;174.5;176.5;174.2;174.4;2860015
2014-04-03;173.7;176.9;173.6;176.2;2884760
2014-04-02;175.2;176.3;170.5;173.7;2865356
2014-04-01;174.2;175.9;173.5;175.1;2887568
2014-03-31;170.4;173.7;170.3;173.7;3892757
2014-03-28;170.9;171.5;169.4;170.3;2092730
2014-03-27;169.7;171.1;169.5;170.0;2526060
2014-03-26;168.8;170.5;168.8;169.5;3029923
2014-03-25;169.1;171.2;169.0;169.9;2405819
2014-03-24;171.0;171.6;168.8;168.9;2514278
2014-03-21;172.2;173.0;170.6;171.1;4673796
2014-03-20;173.9;173.9;171.1;171.8;5553615
2014-03-19;184.2;184.7;183.2;183.8;3666713
2014-03-18;181.9;183.8;181.3;183.5;3667919
2014-03-17;178.0;182.0;177.7;181.9;3117963
2014-03-14;178.5;179.3;176.0;177.3;3072926
2014-03-13;181.0;182.1;180.0;180.3;2470689
2014-03-12;180.9;182.3;180.0;180.7;4289914
2014-03-11;181.4;182.2;180.1;181.1;2311091
2014-03-10;180.0;181.4;179.1;180.3;2302522
2014-03-07;181.7;182.4;179.8;180.0;2476497
2014-03-06;181.6;183.4;181.2;181.4;2951553
2014-03-05;181.0;181.9;180.3;180.9;2968074
2014-03-04;177.3;181.0;177.3;180.9;2949327
2014-03-03;177.7;179.1;176.2;176.5;3716634
2014-02-28;179.4;181.8;178.9;181.0;2771835
2014-02-27;179.7;180.8;178.3;179.4;2812704
2014-02-26;179.7;180.2;179.1;180.0;1913798
2014-02-25;177.7;180.0;175.7;179.8;3864527
2014-02-24;177.5;179.5;176.2;179.5;2460501
2014-02-21;178.8;179.0;177.3;178.0;2390917
2014-02-20;175.0;178.1;174.5;178.0;2370772
2014-02-19;174.5;176.8;174.0;176.6;2445840
2014-02-18;176.2;176.5;174.1;174.5;2708640
2014-02-17;176.1;176.8;175.8;176.3;1559854
2014-02-14;174.7;176.4;174.0;175.6;2038549
2014-02-13;173.0;174.7;172.0;174.7;2736437
2014-02-12;176.0;177.4;172.9;173.3;3822934
2014-02-11;172.4;175.9;172.1;175.8;3304650
2014-02-10;173.2;173.2;171.6;173.0;4076860
2014-02-07;174.0;174.1;171.9;172.6;2618936
2014-02-06;173.8;174.9;172.5;173.5;5927959
2014-02-05;170.0;173.7;169.3;173.2;5228335
2014-02-04;168.0;169.7;167.2;169.5;2976743
2014-02-03;171.5;172.1;168.8;168.9;3232799
2014-01-31;172.6;172.6;169.7;171.3;4278848
2014-01-30;170.7;173.1;169.2;172.0;4207080
2014-01-29;174.2;174.2;168.3;170.9;9148695
2014-01-28;176.5;176.6;169.9;171.0;13152610
2014-01-27;178.0;179.2;176.1;179.2;4043318
2014-01-24;182.5;182.9;178.5;178.7;4211494
2014-01-23;181.7;183.2;181.0;182.4;3443127
2014-01-22;180.0;181.7;180.0;181.7;3731490
2014-01-21;180.6;181.5;178.5;179.8;8438450
2014-01-20;183.4;183.5;182.0;182.2;2002212
2014-01-17;183.3;184.1;182.7;183.5;2814233
2014-01-16;183.9;184.5;182.6;183.4;2678343
2014-01-15;181.4;183.8;181.1;183.4;2944456
2014-01-14;181.2;183.0;179.8;182.7;2726181
2014-01-13;181.9;183.1;181.0;182.3;2470162
2014-01-10;181.8;182.4;179.0;180.2;2480099
2014-01-09;181.2;182.6;180.4;180.6;2003603
2014-01-08;181.4;181.8;180.2;180.6;2489100
2014-01-07;179.5;181.75;179.4;180.1;3617315
2014-01-06;;179.5;179.5;179.5;0
2014-01-03;179.5;180.9;179.2;179.5;1695648
2014-01-02;181.0;181.3;178.5;179.8;2330156
2013-12-31;;181.0;181.0;181.0;0
2013-12-30;181.8;182.3;180.1;181.0;1678180
2013-12-27;180.7;182.8;180.4;181.6;1781104
2013-12-23;178.1;180.2;178.0;179.1;2372040
2013-12-20;173.6;178.2;173.5;177.9;6808294
2013-12-19;170.7;173.8;170.5;173.4;3909595
2013-12-18;167.5;169.9;167.4;169.7;3814194
2013-12-17;167.6;168.8;167.0;167.0;2364278
2013-12-16;164.9;167.8;164.5;167.8;2779856
2013-12-13;165.1;165.8;164.6;165.0;1828330
2013-12-12;165.5;166.3;164.6;165.0;2317620
2013-12-11;165.7;167.4;165.4;166.0;1835837
2013-12-10;167.6;167.8;165.8;165.9;3120484
2013-12-09;166.7;167.9;166.3;167.8;3194298
2013-12-06;164.6;167.1;164.2;166.2;2821462
2013-12-05;166.2;167.4;163.8;163.8;3135927
2013-12-04;165.6;165.9;162.6;164.2;2656406
2013-12-03;168.5;169.3;164.9;165.3;3743291
2013-12-02;167.9;168.9;167.2;168.1;1799442
2013-11-29;169.2;169.7;167.5;167.5;2586998
2013-11-28;168.5;168.9;168.0;168.5;2015639
2013-11-27;168.9;168.9;167.9;168.5;1561301
2013-11-26;168.0;169.0;167.4;168.8;2281799
2013-11-25;167.5;168.3;166.4;168.2;2037965
2013-11-22;166.9;167.1;165.5;167.1;2375168
2013-11-21;166.1;167.0;165.2;166.2;2990385
2013-11-20;170.8;171.2;165.8;166.6;6779570
2013-11-19;171.2;172.0;170.1;171.4;2141125
2013-11-18;170.5;172.6;170.2;171.9;4979824
2013-11-15;168.2;170.8;168.2;170.5;4960670
2013-11-14;164.7;167.8;163.7;167.6;3592641
2013-11-13;165.0;165.4;163.5;164.9;2742263
2013-11-12;167.0;167.0;165.2;165.2;2208874
2013-11-11;167.1;167.6;166.5;167.0;1700804
2013-11-08;167.5;168.1;165.2;166.8;3724325
2013-11-07;168.4;170.1;167.2;167.8;3177067
2013-11-06;168.2;169.3;167.0;168.5;2428202
2013-11-05;169.5;169.5;167.2;167.9;2346179
2013-11-04;170.2;170.8;168.2;168.6;1908251
2013-11-01;169.7;169.7;167.7;169.0;1174711
2013-10-31;169.9;170.7;168.5;169.0;2649331
2013-10-30;170.8;171.5;169.1;169.9;2363958
2013-10-29;168.4;170.7;168.4;170.6;2464890
2013-10-28;170.9;171.1;167.6;169.0;2340887
2013-10-25;169.3;171.1;168.5;170.1;3262285
2013-10-24;167.0;169.5;166.9;169.3;2961614
2013-10-23;170.0;170.0;165.3;166.3;4022249
2013-10-22;169.7;173.0;168.7;168.7;8124088
2013-10-21;161.6;163.7;161.6;162.9;3315489
2013-10-18;160.1;161.9;160.0;161.2;2462654
2013-10-17;159.5;160.0;158.7;160.0;2063670
2013-10-16;158.3;159.8;157.3;159.5;2396038
2013-10-15;158.4;159.9;158.2;159.4;2425910
2013-10-14;156.8;157.9;156.3;157.4;1502311
2013-10-11;156.9;158.1;156.2;157.5;2080233
2013-10-10;155.3;157.0;155.1;156.6;2468085
2013-10-09;154.8;156.0;153.7;154.1;2520362
2013-10-08;156.3;156.8;154.7;155.3;2348461
2013-10-07;155.5;156.7;153.7;156.3;3060259
2013-10-04;155.4;156.9;154.9;155.9;3083129
2013-10-03;154.0;156.0;154.0;155.5;4109574
2013-10-02;152.6;155.3;152.3;154.2;4787825
2013-10-01;149.4;153.7;149.1;152.8;5192111
2013-09-30;147.9;150.2;146.6;149.7;4708499
2013-09-27;150.1;151.0;148.5;148.9;3549379
2013-09-26;150.8;150.9;149.2;150.0;4323686
2013-09-25;154.0;154.2;150.15;150.5;7195202
2013-09-24;154.3;155.7;154.0;155.5;2915688
2013-09-23;157.2;157.2;154.5;154.9;2055094
2013-09-20;155.4;157.7;155.4;157.4;3019342
2013-09-19;156.1;156.8;155.4;156.1;3097877
2013-09-18;153.7;154.5;153.1;154.3;2166060
2013-09-17;155.0;155.3;153.3;153.6;2055864
2013-09-16;156.7;157.3;154.7;155.1;2842935
2013-09-13;156.4;156.7;154.9;155.7;1600832
2013-09-12;157.4;158.3;156.5;156.6;2882092
2013-09-11;155.5;157.9;155.3;157.0;2765163
2013-09-10;153.7;155.8;153.4;155.2;3147373
2013-09-09;152.5;153.6;151.9;152.6;2409077
2013-09-06;153.6;153.9;150.9;152.4;4035280
2013-09-05;154.3;155.2;153.5;153.8;3156696
2013-09-04;154.9;154.9;153.0;153.5;2773465
2013-09-03;153.3;155.2;151.9;154.4;3884927
2013-09-02;151.5;153.6;150.7;152.7;2578214
2013-08-30;152.3;152.3;149.6;150.0;2838328
2013-08-29;152.0;152.5;150.4;152.0;3968272
2013-08-28;150.0;152.4;149.4;151.2;5128345
2013-08-27;153.9;154.1;149.7;150.4;5280612
2013-08-26;156.9;157.3;153.6;154.5;3253859
2013-08-23;156.0;156.9;155.1;156.7;2258807
2013-08-22;155.8;157.8;155.5;155.7;2229948
2013-08-21;159.3;159.3;155.3;155.3;2777827
2013-08-20;158.9;159.3;157.6;158.9;2556042
2013-08-19;161.4;161.4;159.4;159.5;2925162
2013-08-16;158.3;161.6;157.9;161.4;2796464
2013-08-15;159.9;159.9;157.0;158.4;2307193
2013-08-14;159.7;161.1;159.1;160.0;2188248
2013-08-13;160.6;161.0;158.8;159.0;2285750
2013-08-12;161.1;161.4;159.4;160.1;1369790
2013-08-09;162.5;162.9;160.2;160.4;2385208
2013-08-08;160.6;162.7;160.3;162.0;3035525
2013-08-07;157.5;160.3;157.1;159.2;2353520
2013-08-06;159.9;160.3;157.7;158.2;2072447
2013-08-05;160.0;160.6;159.5;160.1;1135250
2013-08-02;159.3;160.5;158.9;159.8;1607300
2013-08-01;158.4;159.3;157.8;159.2;1855194
2013-07-31;157.8;158.5;157.0;157.2;1694439
2013-07-30;156.0;157.9;156.0;157.5;2060831
2013-07-29;155.8;157.0;155.3;155.9;1354800
2013-07-26;156.6;157.0;155.0;156.3;1565635
2013-07-25;155.9;156.3;154.6;156.1;1998989
2013-07-24;155.6;157.1;154.7;155.9;2448345
2013-07-23;154.1;156.0;154.1;155.1;2068331
2013-07-22;155.9;156.8;153.8;153.8;2474711
2013-07-19;154.1;155.7;152.5;155.7;3040808
2013-07-18;149.2;154.6;149.0;154.1;3794597
2013-07-17;152.2;153.2;149.1;149.1;7203658
2013-07-16;158.5;159.2;153.8;154.0;6975245
2013-07-15;160.2;161.7;159.3;160.3;3177015
2013-07-12;157.9;159.0;157.6;158.0;2959301
2013-07-11;158.7;159.7;156.7;157.8;2880630
2013-07-10;158.6;158.7;155.0;156.0;3349589
2013-07-09;158.5;159.2;157.2;158.7;1915840
2013-07-08;156.0;158.3;155.8;157.9;1995624
2013-07-05;156.2;158.1;155.1;155.3;2439208
2013-07-04;152.6;156.5;152.3;156.0;3210086
2013-07-03;152.2;152.2;149.2;151.9;3120071
2013-07-02;156.0;156.0;151.2;152.5;3458666
2013-07-01;154.8;155.0;151.1;154.7;4222483
2013-06-28;152.4;154.2;149.6;153.8;6088603
2013-06-27;150.5;153.7;148.4;151.8;3977742
2013-06-26;148.7;150.8;147.5;150.0;3197807
2013-06-25;146.4;148.8;145.2;147.7;4355351
2013-06-24;148.0;149.0;144.6;145.1;4107668
2013-06-21;;149.3;149.3;149.3;0
2013-06-20;153.0;153.8;148.8;149.3;4774738
2013-06-19;157.0;157.8;154.1;155.2;4134142
2013-06-18;155.1;158.0;154.2;158.0;3136357
2013-06-17;156.2;157.2;154.7;155.9;3868655
2013-06-14;156.3;156.9;155.4;156.2;4047810
2013-06-13;152.2;154.2;150.4;153.9;4352727
2013-06-12;153.8;155.5;153.3;154.0;3703870
2013-06-11;153.1;153.9;152.0;153.9;4562924
2013-06-10;154.1;155.3;152.1;152.8;3728577
2013-06-07;149.6;154.1;148.9;153.3;6380951
2013-06-06;;149.6;149.6;149.6;0
2013-06-05;153.7;154.3;149.3;149.6;5042761
2013-06-04;155.1;156.7;153.6;154.7;5146830
2013-06-03;158.5;158.5;154.9;155.1;4147044
2013-05-31;160.9;161.2;158.1;159.2;7750235
2013-05-30;160.3;161.9;159.8;160.7;3190173
2013-05-29;164.7;164.7;161.4;161.4;3091445
2013-05-28;163.3;165.9;163.0;165.8;3695090
2013-05-27;160.8;161.8;160.0;161.7;1586441
2013-05-24;162.6;163.0;158.3;159.3;3118707
2013-05-23;164.1;164.3;160.3;161.6;5101674
2013-05-22;166.6;167.9;166.4;167.5;3281985
2013-05-21;167.1;167.9;164.5;165.8;3305364
2013-05-20;169.0;169.7;166.8;167.3;2548756
2013-05-17;165.4;169.2;165.0;169.0;3314712
2013-05-16;165.7;166.5;164.8;165.6;3291798
2013-05-15;165.5;165.9;164.9;165.6;1951251
2013-05-14;164.0;165.5;162.5;165.4;2196517
2013-05-13;165.2;165.4;162.6;163.7;2757693
2013-05-10;165.4;168.2;164.3;165.2;3923419
2013-05-09;;165.2;165.2;165.2;0
2013-05-08;162.9;165.2;162.9;165.2;1476362
2013-05-07;162.0;163.7;161.5;162.7;2847979
2013-05-06;159.8;161.7;159.0;161.3;1872853
2013-05-03;160.7;160.7;158.0;159.9;2538624
2013-05-02;159.0;160.6;157.9;159.8;4077137
2013-05-01;;159.5;159.5;159.5;0
2013-04-30;159.0;160.6;159.0;159.5;2691874
2013-04-29;156.9;159.6;156.8;158.7;3129656
2013-04-26;155.4;157.0;155.3;156.4;3765081
2013-04-25;154.4;157.0;153.7;156.2;4006898
2013-04-24;152.3;155.3;151.3;155.3;4844231
2013-04-23;148.4;151.2;146.0;151.2;8537036
2013-04-22;142.2;144.2;141.6;143.0;3780738
2013-04-19;141.5;143.2;140.6;141.0;3601605
2013-04-18;143.7;144.0;140.0;140.6;4107651
2013-04-17;148.8;148.9;142.8;143.4;4190768
2013-04-16;151.2;151.2;147.9;148.5;3095260
2013-04-15;150.3;151.2;148.0;150.7;3161865
2013-04-12;150.4;150.8;149.4;150.6;3042690
2013-04-11;149.0;151.0;148.7;150.5;3516305
2013-04-10;145.3;149.5;145.2;148.9;7479247
2013-04-09;143.7;146.3;143.7;145.1;3532975
2013-04-08;143.5;144.5;142.8;143.1;1929284
2013-04-05;145.3;146.0;141.6;143.2;3649507
2013-04-04;147.5;147.7;143.7;144.9;3070856
2013-04-03;148.8;149.4;146.4;146.8;2412584
2013-04-02;149.1;149.5;147.6;149.1;3017167
2013-04-01;;148.2;148.2;148.2;0
2013-03-29;147.5;148.2;148.2;148.2;3758244
2013-03-28;147.5;147.8;144.2;146.2;3758244
2013-03-27;147.5;147.8;144.2;146.2;3758244
2013-03-26;150.0;150.3;146.8;147.2;2905446
2013-03-25;151.9;152.6;149.1;149.4;2812341
2013-03-22;147.2;150.4;146.6;149.9;3077574
2013-03-21;150.3;150.4;146.5;147.2;4560243
2013-03-20;157.9;160.0;157.9;159.8;4798421
2013-03-19;160.0;160.5;157.2;157.4;5079264
2013-03-18;157.6;160.2;157.3;159.6;3743521
2013-03-15;160.0;160.2;159.0;159.8;2749099
2013-03-14;159.5;160.9;159.1;160.3;2061535
2013-03-13;158.0;159.1;157.5;159.0;2519076
2013-03-12;159.0;160.0;157.6;157.6;2607137
2013-03-11;159.4;159.6;158.6;159.0;1665676
2013-03-08;158.4;160.2;158.3;159.3;2919167
2013-03-07;159.0;160.2;157.3;157.3;3151558
2013-03-06;160.5;161.9;159.0;159.0;2985794
2013-03-05;159.6;161.4;159.5;160.5;2936379
2013-03-04;156.9;159.1;155.9;159.1;2342455
2013-03-01;156.2;157.8;154.8;157.3;2724780
2013-02-28;155.6;156.2;154.5;155.5;2366011
2013-02-27;154.6;155.6;153.2;155.5;1670490
2013-02-26;153.4;155.5;153.0;153.6;3561773
2013-02-25;158.0;158.0;155.4;155.7;3406371
2013-02-22;155.7;156.6;155.4;156.5;2772497
2013-02-21;156.1;156.4;154.0;154.7;3236230
2013-02-20;156.1;157.2;155.4;156.9;3184469
2013-02-19;153.0;156.2;152.8;156.2;4063044
2013-02-18;152.5;153.2;151.7;153.0;1960217
2013-02-15;153.0;153.3;151.7;151.9;2747267
2013-02-14;153.2;154.1;152.5;153.5;3914918
2013-02-13;152.1;153.5;151.1;153.2;3190604
2013-02-12;151.5;151.9;150.2;151.6;3351932
2013-02-11;152.3;152.5;151.0;151.3;2766770
2013-02-08;151.9;153.0;151.4;151.8;3494108
2013-02-07;152.6;152.6;150.0;151.2;3575124
2013-02-06;153.5;153.5;149.6;151.9;5322017
2013-02-05;149.7;153.1;149.3;153.1;4919864
2013-02-04;152.6;152.9;148.8;149.4;4415835
2013-02-01;150.7;155.0;150.5;152.2;5006328
2013-01-31;149.0;152.3;147.2;150.0;6209714
2013-01-30;145.3;149.3;142.4;149.0;13740098
2013-01-29;136.1;136.7;133.6;134.9;3099028
2013-01-28;136.2;137.1;135.8;136.4;2989259
2013-01-25;133.1;136.2;132.8;135.8;3959753
2013-01-24;131.0;133.0;130.3;132.9;4915778
2013-01-23;134.8;134.9;130.6;131.3;7982239
2013-01-22;137.7;137.8;135.3;135.5;3822384
2013-01-21;137.3;138.0;137.0;137.7;3618985
2013-01-18;136.5;137.1;136.1;136.8;1809045
2013-01-17;135.5;135.9;134.9;135.9;2384491
2013-01-16;134.8;135.7;133.8;135.6;2237786
2013-01-15;134.5;136.5;134.1;134.8;2543307
2013-01-14;134.7;135.7;134.4;135.2;1853812
2013-01-11;133.3;134.4;133.0;134.4;2421962
2013-01-10;133.0;133.9;132.8;133.1;2152429
2013-01-09;132.4;133.2;132.0;132.7;1972472
2013-01-08;131.7;133.1;131.5;132.2;1890449
2013-01-07;131.2;132.1;130.9;131.5;2391272
2013-01-04;129.6;131.0;129.5;131.0;1540264
2013-01-03;129.1;130.3;129.1;129.7;1430932
2013-01-02;129.9;130.1;127.9;129.8;1854630
2013-01-01;;127.0;127.0;127.0;0
2012-12-31;;127.0;127.0;127.0;0
2012-12-28;128.6;128.9;126.8;127.0;2008619
2012-12-27;126.8;128.8;126.7;128.0;1733427
2012-12-26;;127.8;127.8;127.8;0
2012-12-25;;127.8;127.8;127.8;0
2012-12-24;;127.8;127.8;127.8;0
2012-12-21;126.8;127.9;125.9;127.8;2217796
2012-12-20;125.2;128.0;125.1;127.7;2845372
2012-12-19;124.1;125.7;123.6;125.7;2695138
2012-12-18;124.9;125.1;124.0;124.2;2584901
2012-12-17;124.4;124.6;123.3;124.6;1606982
2012-12-14;123.6;124.8;123.5;124.7;2154018
2012-12-13;124.6;125.0;123.2;123.2;3117757
2012-12-12;124.7;125.3;124.0;124.2;2426989
2012-12-11;125.2;125.8;124.8;125.4;1737126
2012-12-10;124.6;126.0;124.2;125.7;2183903
2012-12-07;125.9;126.1;124.8;125.2;1572905
2012-12-06;125.5;126.4;125.2;125.8;1972721
2012-12-05;125.0;125.3;124.6;125.0;1985732
2012-12-04;124.6;125.1;123.7;124.6;1760646
2012-12-03;123.5;125.4;123.0;125.0;2803518
2012-11-30;122.5;123.7;122.0;122.9;3105186
2012-11-29;122.3;122.7;121.7;122.6;3490566
2012-11-28;121.1;121.9;120.0;121.7;2280121
2012-11-27;121.5;122.2;120.5;121.6;2331320
2012-11-26;121.4;122.6;120.5;121.1;4604636
2012-11-23;119.5;120.5;118.3;120.0;2146850
2012-11-22;121.2;121.4;117.6;119.4;5483819
2012-11-21;120.3;121.7;119.8;121.1;2172904
2012-11-20;123.0;123.7;120.0;121.2;4123598
2012-11-19;120.6;123.1;120.1;123.0;2134959
2012-11-16;121.1;122.0;119.1;119.5;3281016
2012-11-15;122.5;123.2;120.9;121.3;2456134
2012-11-14;123.3;124.1;122.5;123.4;2515048
2012-11-13;122.0;123.8;121.7;123.8;2838543
2012-11-12;122.7;123.8;121.9;122.6;2382782
2012-11-09;124.9;125.4;121.1;122.8;5198385
2012-11-08;124.9;125.4;123.7;125.1;3011714
2012-11-07;126.5;127.3;124.3;124.3;3055909
2012-11-06;124.4;126.0;124.3;125.7;2084068
2012-11-05;124.3;124.8;123.3;124.5;1905132
2012-11-02;124.4;124.7;123.9;124.7;1239462
2012-11-01;122.6;124.3;122.2;124.3;1734077
2012-10-31;123.6;124.6;122.7;123.0;2164555
2012-10-30;123.1;124.4;123.0;123.5;1298243
2012-10-29;123.5;123.9;122.9;123.1;1397143
2012-10-26;122.8;124.1;122.2;123.7;2894554
2012-10-25;122.1;124.7;121.8;123.3;3630490
2012-10-24;120.6;122.7;118.9;122.3;4683992
2012-10-23;121.5;122.1;118.9;119.8;7034699
2012-10-22;115.9;119.0;115.8;117.5;3567347
2012-10-19;118.3;119.1;116.1;116.1;3047866
2012-10-18;119.9;120.0;118.0;118.6;2885932
2012-10-17;121.7;122.1;118.7;119.3;3915641
2012-10-16;120.9;121.8;119.7;121.3;3571676
2012-10-15;119.5;121.8;119.0;120.2;2202778
2012-10-12;122.0;122.6;119.5;119.9;4393614
2012-10-11;121.3;123.9;121.2;123.1;2772249
2012-10-10;123.5;124.2;121.7;121.8;2456323
