Dates;Open;High;Low;Close;Volume
2017-12-27;274.0;277.3;273.0;277.3;255
2017-12-22;277.0;278.9;276.0;276.0;242
2017-12-21;275.5;278.8;275.5;278.8;101
2017-12-20;276.0;277.0;275.6;277.0;171
2017-12-19;276.5;278.5;276.5;278.5;101
2017-12-18;272.8;276.5;268.2;276.5;264
2017-12-15;272.7;274.0;272.7;272.8;254
2017-12-14;274.0;279.8;274.0;276.0;290
2017-12-13;278.2;278.2;274.0;274.0;1220
2017-12-11;280.0;280.0;275.6;277.6;3142
2017-12-08;284.3;284.5;278.3;280.0;703
2017-12-07;283.9;284.5;283.9;284.5;50
2017-12-06;280.4;284.5;280.4;284.5;131
2017-12-05;284.4;284.5;278.4;284.5;154
2017-12-04;284.4;284.4;279.4;284.4;310
2017-12-01;286.4;286.4;279.9;285.0;193
2017-11-30;282.0;286.9;282.0;286.9;371
2017-11-29;286.0;287.5;280.0;280.0;166
2017-11-27;286.9;289.0;281.0;283.0;324
2017-11-24;285.0;289.5;284.3;286.9;797
2017-11-23;291.7;291.7;285.4;287.5;274
2017-11-22;297.2;297.2;288.7;288.7;136
2017-11-21;293.2;295.0;290.6;295.0;740
2017-11-20;291.0;293.2;291.0;293.2;131
2017-11-17;293.2;293.2;293.2;293.2;120
2017-11-16;291.1;294.0;287.0;293.5;346
2017-11-15;300.2;300.3;293.5;295.0;322
2017-11-14;300.0;303.5;294.9;300.3;797
2017-11-13;300.9;301.0;298.7;299.8;450
2017-11-10;301.0;301.1;300.8;301.1;375
2017-11-09;304.3;304.5;299.3;302.5;251
2017-11-08;304.0;305.0;300.4;304.4;191
2017-11-07;306.9;307.6;303.0;304.0;389
2017-11-06;302.0;307.4;302.0;306.9;250
2017-11-03;310.5;315.0;301.4;301.4;5707
2017-11-02;315.0;315.0;304.5;310.5;39
2017-11-01;303.5;315.0;302.4;314.1;11319
2017-10-31;301.0;302.2;297.7;299.0;723
2017-10-30;299.0;305.4;296.4;301.0;441
2017-10-27;286.5;300.0;286.5;298.0;7677
2017-10-26;281.9;288.5;280.0;285.2;612
2017-10-25;283.9;286.6;280.3;281.0;239
2017-10-24;289.4;289.4;281.5;283.9;1037
2017-10-23;290.8;290.8;286.2;288.5;21
2017-10-20;290.5;290.8;290.5;290.8;179
2017-10-19;291.4;291.4;291.4;291.4;35
2017-10-18;288.0;292.5;288.0;292.5;1958
2017-10-17;281.1;287.5;281.1;285.9;305
2017-10-13;287.0;288.5;286.6;287.0;311
2017-10-12;285.5;287.5;282.0;287.0;1185
2017-10-11;283.3;285.5;283.3;285.5;222
2017-10-10;283.5;283.5;283.1;283.3;648
2017-10-09;289.0;289.0;282.9;283.5;2213
2017-10-06;290.9;290.9;287.0;290.8;18
2017-10-05;291.2;291.2;290.9;290.9;35
2017-10-04;291.9;291.9;287.2;291.2;753
2017-10-03;291.5;294.0;289.0;291.9;1617
2017-10-02;287.0;291.2;286.5;291.2;1012
2017-09-29;286.5;288.1;286.5;287.3;513
2017-09-28;280.5;285.5;280.5;283.9;536
2017-09-27;288.5;288.5;280.0;280.0;2237
2017-09-26;288.5;292.1;288.5;288.5;85
2017-09-25;285.2;293.3;285.2;292.2;442
2017-09-22;289.9;292.8;287.9;291.5;618
2017-09-21;286.7;290.8;286.7;290.7;9
2017-09-20;289.9;290.5;286.7;290.5;1075
2017-09-19;288.5;291.3;288.0;289.9;893
2017-09-18;293.5;297.5;288.0;290.9;721
2017-09-15;297.3;297.3;293.0;293.0;1292
2017-09-14;290.4;294.8;288.0;294.8;633
2017-09-13;290.7;295.5;290.7;293.0;1100
2017-09-12;292.5;293.5;290.7;293.5;272
2017-09-11;289.0;294.0;289.0;292.0;555
2017-09-08;289.5;289.5;289.4;289.4;21
2017-09-07;287.5;289.6;285.5;289.6;422
2017-09-06;296.3;296.3;286.4;289.6;2050
2017-09-04;299.1;299.5;298.8;298.9;2177
2017-09-01;295.4;303.0;295.4;303.0;132
2017-08-31;298.5;300.4;297.0;298.4;780
2017-08-30;291.8;298.5;291.8;298.5;218
2017-08-29;290.0;290.8;285.0;290.0;1451
2017-08-28;289.9;290.0;287.9;290.0;346
2017-08-25;292.0;292.2;292.0;292.2;41
2017-08-24;293.0;294.5;291.5;294.5;340
2017-08-23;292.4;292.5;286.0;291.4;216
2017-08-22;296.5;296.5;296.4;296.4;84
2017-08-21;293.0;299.5;292.3;292.8;496
2017-08-18;299.5;299.5;291.7;296.8;975
2017-08-17;295.7;300.5;295.7;299.5;464
2017-08-16;299.5;300.4;299.5;300.4;2
2017-08-15;300.0;302.5;291.8;293.3;589
2017-08-14;296.0;299.5;290.6;299.5;523
2017-08-11;292.7;297.2;289.9;297.2;92
2017-08-10;297.2;299.0;294.7;299.0;222
2017-08-09;303.5;303.5;301.4;301.4;33
2017-08-08;297.9;303.5;294.2;303.5;609
2017-08-07;300.0;300.4;293.5;298.5;749
2017-08-04;296.3;304.5;296.3;298.9;143
2017-08-03;296.7;296.7;291.2;296.3;107
2017-08-02;295.5;296.8;289.5;296.8;426
2017-08-01;293.5;296.2;284.4;296.2;199
2017-07-31;281.9;292.8;281.9;292.8;962
2017-07-28;281.2;281.2;277.6;278.9;2743
2017-07-27;292.2;292.2;281.0;284.3;67
2017-07-26;287.0;292.7;285.0;287.1;157
2017-07-25;293.9;293.9;287.0;287.0;119
2017-07-24;295.5;295.5;291.0;294.7;99
2017-07-21;303.1;303.1;296.2;296.2;152
2017-07-20;301.8;301.8;297.1;297.1;127
2017-07-19;302.2;316.7;297.4;301.8;2809
2017-07-18;301.4;301.4;295.0;295.0;433
2017-07-17;293.2;302.5;293.2;302.5;162
2017-07-14;290.2;299.5;290.1;298.0;1863
2017-07-13;295.3;296.1;294.9;294.9;1036
2017-07-12;291.0;295.7;287.7;294.9;455
2017-07-11;296.3;296.3;287.7;287.7;263
2017-07-10;292.5;296.3;289.8;296.3;306
2017-07-07;281.2;291.7;281.2;289.3;1363
2017-07-06;281.7;287.6;281.7;287.5;1131
2017-07-05;285.0;287.0;283.7;284.9;3737
2017-07-04;286.0;286.0;282.0;284.6;1880
2017-07-03;295.0;295.0;288.7;288.7;710
2017-06-30;299.4;300.9;281.2;296.5;230
2017-06-29;310.8;310.8;299.1;299.3;411
2017-06-28;305.0;311.5;300.1;310.8;208
2017-06-27;306.9;306.9;306.9;306.9;20
2017-06-26;314.5;314.5;298.1;306.9;645
2017-06-23;;308.0;308.0;308.0;0
2017-06-22;301.1;308.0;300.0;308.0;136
2017-06-21;304.5;309.9;295.8;303.1;679
2017-06-20;295.9;315.0;295.9;305.0;6531
2017-06-19;292.0;296.0;290.7;295.9;603
2017-06-16;287.0;290.5;287.0;289.9;306
2017-06-15;293.5;293.9;285.9;287.0;750
2017-06-14;290.6;294.8;288.1;291.1;1997
2017-06-13;291.7;292.8;287.5;288.0;391
2017-06-12;297.0;297.0;285.4;291.2;1396
2017-06-09;292.0;296.5;292.0;295.2;1945
2017-06-08;292.8;297.5;290.9;292.1;1782
2017-06-07;290.9;299.5;290.9;298.3;1372
2017-06-06;;290.1;290.1;290.1;0
2017-06-05;294.0;294.0;290.0;290.1;638
2017-06-02;296.8;296.8;294.0;294.0;243
2017-06-01;291.0;296.8;291.0;296.8;582
2017-05-31;290.2;291.0;290.2;291.0;7
2017-05-30;289.5;293.4;286.2;289.7;249
2017-05-29;290.0;290.0;285.0;289.7;145
2017-05-26;292.8;292.8;289.0;290.8;770
2017-05-24;;292.7;292.7;292.7;0
2017-05-23;292.5;292.7;287.6;292.7;145
2017-05-22;289.7;293.3;289.6;292.6;305
2017-05-19;286.1;289.9;286.1;289.7;1122
2017-05-18;314.5;314.5;285.0;286.1;7963
2017-05-17;300.4;319.9;296.2;314.4;645
2017-05-16;309.0;309.0;308.5;308.9;614
2017-05-15;299.5;309.5;299.5;309.5;1451
2017-05-12;298.7;299.9;299.9;299.9;851
2017-05-11;292.0;300.5;289.8;298.6;616
2017-05-10;289.7;292.1;286.9;292.0;326
2017-05-09;290.0;293.0;286.2;292.9;1432
2017-05-08;291.4;291.4;280.5;289.3;1310
2017-05-05;291.2;293.0;287.2;291.7;575
2017-05-04;280.7;292.9;279.2;292.9;2017
2017-05-03;275.4;280.8;275.2;280.6;490
2017-05-02;281.2;283.2;275.4;275.4;1550
2017-05-01;;279.4;279.4;279.4;0
2017-04-28;278.0;292.6;278.0;279.4;2934
2017-04-27;277.7;277.7;275.9;275.9;56
2017-04-26;275.0;279.1;274.5;277.8;1048
2017-04-25;279.0;279.0;275.1;279.0;256
2017-04-24;280.5;280.5;275.2;279.1;344
2017-04-21;268.3;279.8;268.3;278.9;472
2017-04-20;276.5;282.8;275.2;278.4;532
2017-04-19;271.3;277.4;266.7;274.8;379
2017-04-18;273.0;278.2;271.4;271.4;2046
2017-04-13;275.3;276.0;273.0;273.0;1085
2017-04-12;274.1;283.5;274.1;279.6;2974
2017-04-11;284.9;284.9;268.8;274.1;1301
2017-04-10;265.7;305.5;265.0;284.9;800
2017-04-07;270.4;270.4;264.8;270.4;661
2017-04-06;270.5;270.5;270.4;270.4;44
2017-04-05;270.0;270.5;262.3;270.5;293
2017-04-04;266.4;271.5;261.9;271.5;2044
2017-04-03;268.2;271.5;266.9;266.9;370
2017-03-31;260.0;274.5;260.0;267.7;953
2017-03-30;254.7;259.3;254.6;259.0;839
2017-03-29;247.7;256.1;247.2;254.7;115
2017-03-28;254.9;254.9;249.9;253.3;439
2017-03-27;258.7;258.7;250.2;256.5;164
2017-03-24;255.0;259.3;250.0;258.8;1259
2017-03-23;255.9;261.5;255.9;259.0;4610
2017-03-22;259.1;261.5;248.2;256.4;861
2017-03-21;261.1;263.3;259.1;259.1;298
2017-03-20;260.5;263.3;260.5;260.7;143
2017-03-17;262.5;262.5;256.3;262.2;2346
2017-03-16;269.3;269.3;256.3;263.0;3035
2017-03-15;261.5;272.1;257.3;269.3;1221
2017-03-14;265.8;267.5;260.2;266.4;396
2017-03-13;263.7;265.9;258.4;265.8;861
2017-03-10;263.0;263.7;263.7;263.7;1840
2017-03-09;259.9;263.5;259.9;262.5;221
2017-03-08;257.0;261.5;256.9;259.9;608
2017-03-07;259.1;259.6;248.8;259.3;618
2017-03-06;257.4;257.4;250.2;256.9;102
2017-03-03;252.7;257.9;257.9;257.9;2613
2017-03-02;259.9;259.9;254.4;258.2;613
2017-03-01;252.7;259.9;245.0;259.9;203
2017-02-28;258.3;260.4;251.7;256.4;1304
2017-02-27;260.0;262.5;254.2;258.3;845
2017-02-24;256.5;265.9;253.9;258.2;2576
2017-02-23;252.5;266.9;251.3;257.5;4301
2017-02-22;248.2;252.5;248.2;252.5;1094
2017-02-21;252.3;253.0;248.0;248.2;282
2017-02-20;248.5;253.0;245.2;250.2;902
2017-02-17;245.5;248.5;242.4;248.5;1673
2017-02-16;243.7;245.0;243.5;245.0;162
2017-02-15;246.0;246.0;244.5;244.5;863
2017-02-14;238.0;245.1;238.0;243.0;2400
2017-02-13;237.4;239.3;237.0;237.0;280
2017-02-10;239.8;239.8;236.0;236.0;288
2017-02-09;240.1;244.3;240.0;240.0;133
2017-02-08;244.8;244.8;237.9;238.0;64
2017-02-07;244.0;245.1;239.1;244.8;716
2017-02-06;250.2;250.2;239.8;243.8;1673
2017-02-03;244.4;251.6;242.7;251.6;698
2017-02-02;249.0;253.5;242.6;244.3;189
2017-02-01;246.9;252.5;236.0;249.9;1275
2017-01-31;246.8;249.5;246.7;246.8;153
2017-01-30;246.7;246.9;246.3;246.3;430
2017-01-27;249.9;249.9;245.0;247.0;220
2017-01-26;253.8;258.9;248.4;248.4;2248
2017-01-25;267.0;267.0;246.7;253.7;6638
2017-01-24;240.9;267.0;240.9;267.0;1473
2017-01-23;246.6;246.6;240.3;240.9;246
2017-01-20;246.8;247.5;246.8;246.8;386
2017-01-19;250.0;250.0;246.6;246.8;357
2017-01-18;246.6;259.2;245.5;246.9;991
2017-01-17;245.5;245.5;238.0;245.4;385
2017-01-16;245.5;249.2;245.5;245.5;596
2017-01-13;245.0;249.4;243.0;243.0;1403
2017-01-12;243.0;243.0;240.0;241.0;436
2017-01-11;243.4;243.5;240.0;240.0;1019
2017-01-10;237.9;244.0;237.6;237.6;252
2017-01-09;234.0;238.0;234.0;238.0;393
2017-01-06;;238.5;238.5;238.5;0
2017-01-05;234.0;238.5;234.0;238.5;430
2017-01-04;234.5;239.6;234.5;239.3;1323
2017-01-03;232.4;233.6;231.1;233.0;352
2017-01-02;234.0;234.0;232.1;232.4;100
2016-12-30;233.0;233.6;230.3;232.1;464
2016-12-29;233.2;233.2;231.2;233.1;307
2016-12-28;238.5;239.2;232.1;233.7;756
2016-12-27;239.3;239.3;239.0;239.0;261
2016-12-23;239.3;241.1;239.3;240.1;747
2016-12-22;235.4;235.4;230.1;235.3;1732
2016-12-21;237.9;244.0;235.3;235.3;3626
2016-12-20;235.8;238.5;235.8;237.9;455
2016-12-19;232.0;237.9;232.0;234.0;460
2016-12-16;230.3;234.5;230.2;232.0;421
2016-12-15;235.0;235.0;230.1;234.5;676
2016-12-14;229.5;235.0;229.5;235.0;323
2016-12-13;229.5;229.5;226.3;229.0;2008
2016-12-12;224.0;231.8;223.0;229.0;1751
2016-12-09;215.0;222.1;215.0;221.5;931
2016-12-08;217.0;217.0;213.0;213.2;458
2016-12-07;218.0;218.0;212.3;217.8;210
2016-12-06;218.3;218.4;218.3;218.4;9
2016-12-05;225.0;225.0;220.0;220.9;655
2016-12-02;225.0;225.0;215.0;220.2;1559
2016-12-01;220.7;222.0;219.0;219.0;615
2016-11-30;225.0;225.0;218.4;220.7;323
2016-11-29;219.2;224.4;218.8;223.4;1500
2016-11-28;225.0;227.4;219.2;219.2;519
2016-11-25;220.2;226.8;220.2;223.4;288
2016-11-24;228.5;229.4;228.5;228.8;484
2016-11-23;222.5;227.5;222.4;225.0;763
2016-11-22;231.3;231.3;223.3;225.0;1442
2016-11-21;227.9;227.9;222.6;222.6;125
2016-11-18;223.1;223.1;221.6;221.6;1686
2016-11-17;226.0;226.0;221.2;223.0;2669
2016-11-16;221.9;246.2;217.6;226.0;8865
2016-11-15;225.0;225.0;221.9;221.9;276
2016-11-14;235.5;235.5;225.0;225.0;185
2016-11-11;227.0;227.0;225.2;225.3;373
2016-11-10;232.9;232.9;220.3;220.3;121
2016-11-09;220.0;227.9;214.9;227.0;1015
2016-11-08;228.2;233.0;227.9;228.7;266
2016-11-07;230.0;233.5;224.0;233.4;216
2016-11-04;233.6;233.6;233.6;233.6;50
2016-11-03;230.8;233.6;230.5;233.6;182
2016-11-02;221.2;228.9;218.9;228.8;115
2016-11-01;235.0;235.0;224.3;235.0;7
2016-10-31;230.4;237.0;220.8;235.2;1099
2016-10-28;213.6;234.0;213.6;230.4;9087
2016-10-27;219.2;223.8;217.9;218.9;221
2016-10-26;219.0;219.1;216.5;219.1;1284
2016-10-25;232.6;232.6;219.1;219.1;375
2016-10-24;229.0;232.0;226.3;232.0;205
2016-10-21;229.2;229.2;229.0;229.0;60
2016-10-20;229.0;229.0;229.0;229.0;16
2016-10-19;230.0;232.0;229.6;229.6;19
2016-10-18;229.2;229.2;229.0;229.2;43
2016-10-17;220.2;233.4;220.2;229.2;285
2016-10-14;226.0;226.0;226.0;226.0;10
2016-10-13;233.8;233.8;226.0;226.0;665
2016-10-12;233.9;234.0;233.9;234.0;19
2016-10-11;236.2;236.2;227.7;234.3;421
2016-10-10;233.0;236.2;232.2;236.2;469
2016-10-07;238.5;238.5;232.2;232.2;729
2016-10-06;239.0;239.0;229.0;232.1;5331
2016-10-05;233.0;233.0;232.0;232.0;474
2016-10-04;233.1;234.9;232.9;233.0;1081
2016-10-03;242.0;243.0;231.3;231.3;3135
2016-09-30;244.0;244.0;240.0;243.8;705
2016-09-29;244.4;244.4;237.1;242.5;494
2016-09-28;235.0;245.0;235.0;242.0;783
2016-09-27;235.0;240.0;234.9;239.9;784
2016-09-26;239.9;239.9;230.0;234.0;3049
2016-09-23;232.2;239.9;232.2;239.9;91
2016-09-22;230.0;239.0;230.0;234.0;248
2016-09-21;231.9;232.0;230.0;230.0;178
2016-09-20;230.2;230.2;230.0;230.0;366
2016-09-19;230.9;232.4;221.9;230.0;379
2016-09-16;230.9;230.9;230.9;230.9;114
2016-09-15;227.0;230.0;226.9;230.0;180
2016-09-14;230.8;232.0;229.5;230.0;1051
2016-09-13;232.4;232.4;225.0;230.8;296
2016-09-12;227.0;232.4;221.3;229.0;910
2016-09-09;238.0;244.0;227.0;227.0;3081
2016-09-08;242.5;245.5;235.2;238.0;115
2016-09-07;245.5;245.5;238.0;240.0;120
2016-09-06;246.0;246.0;242.0;242.0;823
2016-09-05;245.5;246.0;245.4;245.4;518
2016-09-02;235.5;244.9;235.5;244.9;454
2016-09-01;240.0;242.7;238.0;242.7;272
2016-08-31;239.5;242.9;236.1;242.5;203
2016-08-30;239.0;239.6;239.0;239.5;528
2016-08-29;240.5;240.5;233.1;239.0;235
2016-08-26;240.0;242.7;235.1;241.9;382
2016-08-25;240.9;240.9;235.0;240.5;147
2016-08-24;240.9;240.9;235.1;240.9;64
2016-08-23;239.0;242.9;239.0;242.9;178
2016-08-22;239.5;242.5;239.0;239.0;317
2016-08-19;240.0;244.5;235.2;239.5;155
2016-08-18;244.5;244.5;235.5;242.9;307
2016-08-17;240.0;244.5;237.0;244.5;734
2016-08-16;244.9;244.9;233.8;244.9;202
2016-08-15;246.0;246.0;238.5;244.9;748
2016-08-12;246.0;246.0;243.3;246.0;2056
2016-08-11;243.7;246.4;240.0;246.4;176
2016-08-10;243.7;243.7;243.7;243.7;10
2016-08-09;238.0;244.0;233.9;243.7;136
2016-08-08;238.0;244.4;238.0;244.0;349
2016-08-05;240.9;246.2;240.9;244.3;37
2016-08-04;241.0;241.0;232.2;240.9;234
2016-08-03;;241.0;241.0;241.0;0
2016-08-02;239.5;244.0;239.0;241.0;81
2016-08-01;245.0;245.0;242.6;242.6;62
2016-07-29;244.1;244.1;244.1;244.1;75
2016-07-28;246.0;246.3;240.0;244.1;417
2016-07-27;243.9;246.3;240.0;246.3;362
2016-07-26;243.9;244.5;243.9;243.9;160
2016-07-25;234.5;244.8;234.4;243.9;1230
2016-07-22;243.9;243.9;227.4;234.9;64
2016-07-21;230.0;235.0;225.5;235.0;774
2016-07-20;243.9;244.0;226.9;230.0;1828
2016-07-19;242.0;242.0;241.2;242.0;202
2016-07-18;242.0;242.0;242.0;242.0;1113
2016-07-15;240.4;243.4;240.4;243.4;11
2016-07-14;237.0;241.9;234.3;241.5;526
2016-07-13;241.1;241.1;235.0;241.0;37
2016-07-12;241.9;242.0;241.9;241.9;15
2016-07-11;241.0;246.4;234.9;241.9;331
2016-07-08;238.1;241.0;237.0;240.9;25
2016-07-07;233.8;245.5;233.8;240.0;380
2016-07-06;;240.9;240.9;240.9;0
2016-07-05;;240.9;240.9;240.9;0
2016-07-04;241.5;246.2;232.9;240.9;614
2016-07-01;242.9;246.0;241.9;241.9;299
2016-06-30;246.4;246.4;233.4;242.9;459
2016-06-29;238.0;239.2;238.0;239.2;21
2016-06-28;234.4;236.7;234.4;235.5;327
2016-06-27;237.5;237.5;220.5;230.9;1003
2016-06-24;;242.9;242.9;242.9;0
2016-06-23;242.9;243.0;239.3;242.9;2101
2016-06-22;240.0;243.0;234.3;242.8;3256
2016-06-21;237.0;240.0;237.0;240.0;458
2016-06-20;238.0;240.0;232.6;240.0;1359
2016-06-17;233.0;238.0;233.0;238.0;64
2016-06-16;232.0;233.0;228.6;233.0;1579
2016-06-15;236.7;239.9;228.3;232.0;242
2016-06-14;235.0;236.9;223.0;236.9;1133
2016-06-13;225.1;244.5;225.1;235.0;2420
2016-06-10;236.9;236.9;235.1;235.1;22
2016-06-09;236.0;244.0;236.0;238.6;357
2016-06-08;238.2;245.9;238.0;245.9;493
2016-06-07;238.8;246.4;235.0;246.4;1403
2016-06-06;;240.7;240.7;240.7;0
2016-06-03;235.0;240.7;235.0;240.7;26
2016-06-02;236.0;243.8;236.0;243.8;1923
2016-06-01;237.1;244.0;236.0;243.8;1051
2016-05-31;240.9;244.8;235.1;244.0;1819
2016-05-30;244.0;244.0;242.0;242.0;142
2016-05-27;244.5;244.5;244.0;244.0;64
2016-05-26;240.0;244.4;240.0;242.0;366
2016-05-25;238.3;239.9;238.3;239.9;200
2016-05-24;231.9;239.3;229.3;238.4;979
2016-05-23;236.0;236.0;226.6;234.4;2237
2016-05-20;229.5;242.7;229.5;238.8;63
2016-05-19;228.0;242.8;227.8;242.8;911
2016-05-18;;243.2;243.2;243.2;0
2016-05-17;230.3;247.5;230.3;243.2;387
2016-05-16;240.0;247.5;230.1;247.5;297
2016-05-13;233.1;245.9;233.1;245.9;19
2016-05-12;246.0;246.0;236.2;246.0;355
2016-05-11;247.0;247.0;244.6;246.0;808
2016-05-10;248.7;248.7;240.9;247.0;856
2016-05-09;247.0;247.0;237.6;247.0;102
2016-05-06;240.7;246.8;239.9;246.8;2027
2016-05-05;245.0;245.0;241.8;245.0;617
2016-05-04;245.0;245.0;241.8;245.0;617
2016-05-03;246.0;250.0;237.9;244.9;2190
2016-05-02;252.0;252.0;244.1;246.0;748
2016-04-29;250.0;259.9;246.9;250.0;1175
2016-04-28;243.3;259.0;243.3;249.5;2021
2016-04-27;242.8;242.8;242.8;242.8;2
2016-04-26;244.0;244.0;244.0;244.0;41
2016-04-25;225.6;244.5;225.6;244.0;518
2016-04-22;240.5;240.5;223.4;238.5;353
2016-04-21;237.0;244.7;232.0;240.5;1524
2016-04-20;238.0;239.0;225.2;237.0;959
2016-04-19;231.0;242.0;231.0;237.9;462
2016-04-18;221.0;230.5;221.0;230.5;1958
2016-04-15;225.4;225.4;220.0;225.4;43
2016-04-14;225.5;225.5;222.0;225.4;669
2016-04-13;223.5;225.5;221.0;225.3;349
2016-04-12;228.0;229.4;225.0;225.5;61
2016-04-11;231.6;231.6;222.0;225.0;1029
2016-04-08;232.9;232.9;220.1;231.7;173
2016-04-07;235.5;235.5;225.0;233.9;2391
2016-04-06;230.0;239.0;230.0;236.0;1053
2016-04-05;234.5;234.5;225.0;225.0;3315
2016-04-04;219.6;236.8;218.1;229.3;5546
2016-04-01;218.7;219.4;215.3;219.4;1411
2016-03-31;213.5;219.1;213.5;219.1;474
2016-03-30;213.9;218.5;213.9;218.3;68
2016-03-29;213.8;215.2;209.9;210.4;351
2016-03-28;215.2;215.2;215.2;215.2;23
2016-03-25;215.2;215.2;215.2;215.2;23
2016-03-24;215.2;215.2;215.2;215.2;23
2016-03-23;216.0;218.9;215.0;215.2;1293
2016-03-22;204.4;210.6;203.2;210.6;344
2016-03-21;216.0;216.0;211.5;213.7;692
2016-03-18;212.7;213.6;212.7;213.6;607
2016-03-17;214.3;214.6;210.7;211.2;399
2016-03-16;210.5;210.5;210.5;210.5;104
2016-03-15;211.7;211.7;210.2;210.2;240
2016-03-14;210.9;213.2;210.6;211.7;559
2016-03-11;215.0;215.0;209.4;209.7;681
2016-03-10;209.0;209.0;207.5;209.0;1085
2016-03-09;204.0;209.6;204.0;209.0;1275
2016-03-08;206.2;208.5;206.0;206.0;751
2016-03-07;210.0;210.0;204.1;204.1;402
2016-03-04;210.0;213.0;210.0;212.8;616
2016-03-03;211.1;211.1;211.1;211.1;10
2016-03-02;;211.1;211.1;211.1;0
2016-03-01;207.5;211.1;207.0;211.1;1533
2016-02-29;205.9;205.9;204.0;205.0;1459
2016-02-26;205.0;207.9;204.5;205.9;1378
2016-02-25;197.2;200.0;197.2;198.4;758
2016-02-24;204.0;204.0;191.0;191.0;774
2016-02-23;204.3;204.3;196.0;196.7;2041
2016-02-22;;204.3;204.3;204.3;0
2016-02-19;204.3;204.3;204.3;204.3;50
2016-02-18;199.3;204.9;196.2;196.2;362
2016-02-17;190.8;199.3;190.8;199.3;7
2016-02-16;196.0;197.1;191.1;191.1;463
2016-02-15;190.0;196.0;190.0;196.0;119
2016-02-12;180.5;184.9;180.5;184.9;392
2016-02-11;185.4;188.9;177.3;177.5;403
2016-02-10;189.0;189.0;187.5;187.5;474
2016-02-09;;191.0;191.0;191.0;0
2016-02-08;191.1;195.5;191.0;191.0;142
2016-02-05;187.0;196.1;187.0;191.1;1004
2016-02-04;184.0;187.0;181.0;187.0;184
2016-02-03;186.3;190.5;180.0;182.7;2101
2016-02-02;187.2;194.6;186.0;191.0;248
2016-02-01;190.0;197.3;186.7;187.2;1132
2016-01-29;199.8;212.0;190.1;190.1;1945
2016-01-28;194.0;199.8;192.4;196.8;946
2016-01-27;184.1;189.0;184.1;189.0;140
2016-01-26;189.1;189.8;182.0;183.8;1330
2016-01-25;190.2;190.2;183.2;188.0;1130
2016-01-22;193.7;193.7;183.2;183.2;3066
2016-01-21;183.1;191.8;183.0;186.4;1622
2016-01-20;186.5;196.2;182.9;183.1;2656
2016-01-19;188.8;191.2;185.5;186.5;1013
2016-01-18;183.0;190.0;183.0;188.8;432
2016-01-15;189.5;191.3;182.8;182.8;614
2016-01-14;185.3;194.3;185.3;190.0;171
2016-01-13;190.1;199.1;190.1;199.1;451
2016-01-12;210.0;210.0;195.0;195.0;1855
2016-01-11;195.4;203.9;195.4;200.0;567
2016-01-08;201.1;204.0;201.0;201.0;340
2016-01-07;200.1;202.9;195.5;201.0;831
2016-01-06;;202.0;202.0;202.0;0
2016-01-05;205.1;205.1;202.0;202.0;118
2016-01-04;209.7;209.7;199.6;205.0;644
2016-01-01;;209.7;209.7;209.7;0
2015-12-31;;209.7;209.7;209.7;0
2015-12-30;215.0;215.0;205.2;209.7;901
2015-12-29;215.0;215.2;208.5;214.5;802
2015-12-28;209.5;213.0;207.3;210.5;1701
2015-12-25;206.4;210.6;200.2;203.5;484
2015-12-24;206.4;210.6;200.2;203.5;484
2015-12-23;206.4;210.6;200.2;203.5;484
2015-12-22;206.8;209.8;197.5;197.5;4565
2015-12-21;213.1;213.1;206.0;206.0;1129
2015-12-18;215.2;215.2;210.2;212.1;1072
2015-12-17;219.5;224.7;210.0;215.1;4982
2015-12-16;202.0;220.0;202.0;220.0;6467
2015-12-15;202.8;203.2;196.1;196.1;2241
2015-12-14;201.0;203.3;195.5;200.0;3204
2015-12-11;202.2;202.2;193.6;193.6;2118
2015-12-10;202.5;204.3;202.1;202.1;988
2015-12-09;207.3;207.3;201.1;202.5;1467
2015-12-08;210.1;211.4;207.0;208.0;8019
2015-12-07;225.0;225.0;200.0;200.0;9786
2015-12-04;236.8;236.8;235.5;235.5;101
2015-12-03;251.7;251.7;244.1;244.2;470
2015-12-02;250.0;251.7;249.5;251.7;425
2015-12-01;254.4;254.4;249.7;249.7;838
2015-11-30;247.3;259.0;247.3;254.4;2542
2015-11-27;247.3;252.0;247.3;247.3;325
2015-11-26;255.0;255.0;248.8;248.8;118
2015-11-25;250.0;250.0;248.0;248.0;114
2015-11-24;251.5;251.5;245.0;249.5;119
2015-11-23;252.3;254.9;252.3;254.9;2000
2015-11-20;245.0;262.7;245.0;252.5;2528
2015-11-19;243.0;248.3;241.0;248.3;655
2015-11-18;241.0;241.0;239.9;240.7;352
2015-11-17;236.8;240.7;236.8;240.4;2003
2015-11-16;238.5;239.1;237.7;239.1;285
2015-11-13;239.7;246.1;239.3;239.3;799
2015-11-12;245.5;245.5;245.5;245.5;55
2015-11-11;244.8;247.6;244.8;245.5;287
2015-11-10;240.5;244.8;239.6;241.1;313
2015-11-09;239.3;245.0;238.3;240.8;3459
2015-11-06;238.0;245.2;232.8;232.8;499
2015-11-05;244.3;244.5;238.0;238.0;598
2015-11-04;245.6;245.6;243.8;244.3;81
2015-11-03;238.0;243.6;238.0;242.5;449
2015-11-02;240.0;240.0;234.7;236.7;1239
2015-10-30;254.9;256.0;250.0;250.0;155
2015-10-29;252.6;252.6;251.6;251.6;105
2015-10-28;249.1;253.5;249.1;252.6;953
2015-10-27;253.3;253.4;242.8;242.8;2212
2015-10-26;258.2;258.2;250.3;253.0;1208
2015-10-23;270.6;274.8;254.3;258.2;5078
2015-10-22;250.3;255.4;249.1;255.4;1181
2015-10-21;260.7;260.7;258.2;259.0;915
2015-10-20;258.6;263.0;258.6;262.7;958
2015-10-19;254.5;258.3;254.5;258.3;191
2015-10-16;245.2;254.5;244.7;253.5;1975
2015-10-15;245.0;247.3;244.9;244.9;256
2015-10-14;238.6;238.7;233.5;234.4;322
2015-10-13;238.6;239.4;238.6;239.4;71
2015-10-12;243.6;243.6;239.6;239.6;119
2015-10-09;248.5;248.5;243.4;244.2;331
2015-10-08;238.5;244.7;238.5;243.1;610
2015-10-07;246.0;246.6;238.5;238.8;2090
2015-10-06;;241.5;241.5;241.5;0
2015-10-05;237.3;242.9;234.7;241.5;503
2015-10-02;241.8;241.8;237.3;237.3;31
2015-10-01;239.8;243.4;237.0;238.7;1252
2015-09-30;224.7;239.4;224.7;225.2;6215
2015-09-29;222.5;227.8;218.8;225.2;3854
2015-09-28;227.8;232.5;222.5;222.5;948
2015-09-25;233.2;233.2;226.7;229.7;517
2015-09-24;233.7;237.6;225.0;225.0;1225
2015-09-23;241.6;241.6;234.1;234.1;232
2015-09-22;240.2;242.2;234.9;234.9;1952
2015-09-21;242.0;246.2;241.2;246.1;483
2015-09-18;227.0;246.0;227.0;241.7;3987
2015-09-17;243.8;243.8;243.8;243.8;2
2015-09-16;245.9;246.6;243.2;246.6;26
2015-09-15;242.9;242.9;242.9;242.9;1
2015-09-14;246.5;246.5;245.5;245.5;106
2015-09-11;246.0;247.7;243.8;247.0;45
2015-09-10;243.8;249.0;241.0;247.3;5349
2015-09-09;243.5;255.4;243.5;254.4;194
2015-09-08;242.0;248.7;242.0;248.4;1749
2015-09-07;232.0;243.5;232.0;242.9;190
2015-09-04;244.0;244.0;234.7;237.0;511
2015-09-03;242.0;242.0;237.3;238.7;675
2015-09-02;;233.0;233.0;233.0;0
2015-09-01;259.0;259.0;233.0;233.0;77
2015-08-31;243.0;246.4;243.0;246.4;265
2015-08-28;244.9;244.9;242.2;242.2;720
2015-08-27;248.0;250.5;248.0;248.0;112
2015-08-26;242.4;248.0;238.0;248.0;1488
2015-08-25;226.2;243.7;226.2;243.0;3170
2015-08-24;234.8;234.8;224.5;224.6;404
2015-08-21;240.0;240.0;233.1;237.7;270
2015-08-20;243.5;245.0;238.1;240.0;280
2015-08-19;244.2;248.0;240.5;245.0;1274
2015-08-18;240.0;245.6;240.0;245.6;489
2015-08-17;244.2;244.5;242.1;242.1;254
2015-08-14;244.3;244.7;239.1;244.7;1772
2015-08-13;242.0;245.9;240.5;244.4;2671
2015-08-12;241.3;243.6;241.0;241.0;2862
2015-08-11;250.7;253.2;250.0;251.3;230
2015-08-10;257.5;257.5;251.6;253.6;308
2015-08-07;257.0;257.0;251.1;251.6;313
2015-08-06;255.0;258.7;255.0;258.7;744
2015-08-05;258.0;258.0;253.5;253.5;458
2015-08-04;259.7;259.8;253.0;257.0;545
2015-08-03;256.9;259.8;256.0;259.7;1342
2015-07-31;248.8;250.1;247.5;247.5;406
2015-07-30;;253.1;253.1;253.1;0
2015-07-29;249.3;255.9;248.9;253.1;199
2015-07-28;251.0;252.1;246.1;252.0;222
2015-07-27;259.8;259.8;252.1;252.1;1401
2015-07-24;255.1;255.1;255.1;255.1;4
2015-07-23;261.7;262.3;254.3;261.7;368
2015-07-22;261.8;261.8;256.0;261.7;544
2015-07-21;255.8;261.9;255.8;261.8;95
2015-07-20;257.0;263.0;257.0;262.0;1087
2015-07-17;260.3;270.0;249.9;257.0;1730
2015-07-16;254.3;257.6;254.0;257.6;2542
2015-07-15;255.6;255.6;249.6;254.3;750
2015-07-14;261.9;261.9;251.0;257.0;306
2015-07-13;256.0;256.0;251.4;254.9;2193
2015-07-10;247.3;248.8;243.5;248.8;1079
2015-07-09;241.2;245.2;240.5;245.2;1737
2015-07-08;235.3;242.2;235.3;241.2;380
2015-07-07;240.4;241.3;240.0;240.8;5208
2015-07-06;237.4;239.0;235.0;237.4;780
2015-07-03;240.0;240.0;236.0;239.1;1124
2015-07-02;259.0;259.0;236.0;236.0;1514
2015-07-01;265.4;265.4;265.4;265.4;117
2015-06-30;258.0;260.9;258.0;260.9;423
2015-06-29;270.0;270.0;259.3;266.0;850
2015-06-26;275.0;275.0;268.0;273.3;182
2015-06-25;278.7;278.7;265.0;268.6;585
2015-06-24;275.2;275.2;266.0;272.1;741
2015-06-23;280.4;280.5;275.7;275.7;206
2015-06-22;269.8;273.2;269.8;273.2;1804
2015-06-19;;264.0;264.0;264.0;0
2015-06-18;263.8;264.0;259.1;264.0;260
2015-06-17;267.0;267.0;267.0;267.0;110
2015-06-16;260.0;268.0;256.2;268.0;405
2015-06-15;262.1;263.8;259.2;263.0;763
2015-06-12;265.5;265.9;262.1;262.1;1140
2015-06-11;266.0;267.2;261.5;267.2;547
2015-06-10;262.1;262.1;256.0;258.4;178
2015-06-09;257.7;257.7;252.9;252.9;652
2015-06-08;258.5;260.4;258.0;260.4;95
2015-06-05;255.2;258.8;255.0;257.7;727
2015-06-04;258.5;262.3;258.5;262.3;125
2015-06-03;268.7;268.7;261.4;266.4;61
2015-06-02;266.5;266.5;266.5;266.5;15
2015-06-01;261.5;262.6;261.5;262.0;411
2015-05-29;270.4;270.4;266.0;266.0;59
2015-05-28;261.0;266.5;261.0;265.8;3591
2015-05-27;;270.2;270.2;270.2;0
2015-05-26;270.2;270.2;270.2;270.2;22
2015-05-25;266.0;271.3;266.0;270.2;640
2015-05-22;269.6;269.6;264.5;266.1;172
2015-05-21;266.0;270.8;266.0;270.8;327
2015-05-20;265.0;269.0;261.7;266.9;551
2015-05-19;264.2;265.6;262.5;262.5;132
2015-05-18;265.6;265.6;258.2;263.2;813
2015-05-15;259.0;264.0;257.5;263.0;551
2015-05-14;255.8;259.0;255.8;258.0;654
2015-05-13;255.8;259.0;255.8;258.0;654
2015-05-12;255.8;255.8;246.1;250.7;1030
2015-05-11;253.0;257.5;253.0;257.4;360
2015-05-08;252.0;253.8;245.9;253.0;568
2015-05-07;240.1;251.8;240.0;250.0;266
2015-05-06;;254.3;254.3;254.3;0
2015-05-05;255.5;259.5;251.9;254.3;1431
2015-05-04;255.0;259.9;253.0;259.9;975
2015-05-01;264.6;264.6;255.8;256.6;1239
2015-04-30;264.6;264.6;255.8;256.6;1239
2015-04-29;267.0;269.0;263.6;264.5;1216
2015-04-28;267.0;267.0;260.0;263.0;1035
2015-04-27;265.7;268.7;261.9;268.7;2617
2015-04-24;255.0;269.6;255.0;268.6;2480
2015-04-23;238.2;244.5;238.2;242.7;176
2015-04-22;246.4;246.4;237.5;246.0;1506
2015-04-21;237.4;238.0;237.4;238.0;144
2015-04-20;235.0;238.8;231.8;238.0;699
2015-04-17;234.2;240.2;233.5;235.4;599
2015-04-16;234.0;242.1;234.0;242.0;999
2015-04-15;237.5;237.5;237.4;237.5;702
2015-04-14;237.0;237.5;235.0;237.5;856
2015-04-13;238.7;239.3;236.1;238.0;1228
2015-04-10;237.0;239.3;234.7;239.2;2878
2015-04-09;244.0;244.0;235.0;239.0;2765
2015-04-08;259.0;259.0;237.5;244.0;2469
2015-04-07;258.0;259.2;253.1;258.9;434
2015-04-02;259.6;259.6;259.6;259.6;50
2015-04-01;260.0;260.0;255.9;256.6;799
2015-03-31;255.0;257.5;252.0;254.8;554
2015-03-30;251.1;256.0;251.1;256.0;215
2015-03-27;254.5;254.5;252.0;252.0;178
2015-03-26;258.0;258.0;252.2;252.2;120
2015-03-25;262.5;262.5;259.9;259.9;320
2015-03-24;258.0;262.5;258.0;262.5;710
2015-03-23;264.0;264.0;254.2;259.0;911
2015-03-20;264.5;266.7;259.1;262.0;3690
2015-03-19;275.0;275.0;268.0;272.6;427
2015-03-18;269.0;274.8;268.0;274.0;449
2015-03-17;269.9;271.5;261.1;263.0;367
2015-03-16;268.0;269.0;263.0;269.0;454
2015-03-13;274.4;274.4;265.0;268.0;1367
2015-03-12;277.0;277.0;277.0;277.0;5
2015-03-11;269.4;273.8;265.2;273.0;282
2015-03-10;274.0;274.0;269.4;273.4;126
2015-03-09;265.8;274.0;265.8;274.0;203
2015-03-06;275.0;278.0;271.7;274.0;452
2015-03-05;281.0;281.0;276.0;278.1;1163
2015-03-04;275.0;279.0;267.4;279.0;714
2015-03-03;277.9;279.3;274.6;277.0;481
2015-03-02;276.5;282.8;276.1;278.2;948
2015-02-27;282.7;282.7;275.4;279.5;543
2015-02-26;283.0;283.0;283.0;283.0;29
2015-02-25;276.0;283.7;276.0;283.5;759
2015-02-24;280.0;282.7;280.0;281.5;677
2015-02-23;281.6;285.0;276.0;280.0;1105
2015-02-20;281.0;285.3;280.0;282.1;185
2015-02-19;288.5;288.5;280.8;284.9;693
2015-02-18;279.0;286.8;279.0;284.5;515
2015-02-17;288.5;290.4;280.9;284.8;382
2015-02-16;290.0;290.0;283.6;288.7;311
2015-02-13;290.0;290.0;286.6;288.0;198
2015-02-12;282.2;288.4;281.2;288.0;6604
2015-02-11;274.0;282.5;274.0;282.2;281
2015-02-10;270.5;277.6;270.5;277.2;1741
2015-02-09;273.2;273.9;268.0;273.9;488
2015-02-06;275.0;275.0;270.0;273.9;567
2015-02-05;270.8;271.4;266.8;270.0;773
2015-02-04;269.5;270.8;266.0;270.8;1436
2015-02-03;265.8;268.9;264.2;266.6;2298
2015-02-02;264.3;264.3;258.0;261.2;1097
2015-01-30;260.0;267.4;258.5;265.5;874
2015-01-29;255.2;256.0;252.3;255.9;623
2015-01-28;235.6;257.8;235.6;257.0;7664
2015-01-27;233.0;233.6;228.0;231.8;1003
2015-01-26;230.0;235.0;224.2;235.0;562
2015-01-23;230.0;232.5;228.0;230.0;706
2015-01-22;228.5;230.0;224.1;230.0;1926
2015-01-21;231.0;232.0;227.8;228.5;1213
2015-01-20;231.0;237.5;231.0;232.0;1694
2015-01-19;226.0;232.7;226.0;231.9;429
2015-01-16;223.0;223.1;215.7;223.0;3019
2015-01-15;218.2;229.6;218.2;229.5;1117
2015-01-14;238.8;238.8;222.0;229.2;3533
2015-01-13;230.3;236.5;230.3;234.7;481
2015-01-12;245.0;245.0;231.9;235.9;596
2015-01-09;241.2;241.2;235.5;236.9;869
2015-01-08;230.2;241.5;230.2;241.0;381
2015-01-07;229.2;233.4;229.2;230.0;405
2015-01-06;;233.8;233.8;233.8;0
2015-01-05;237.7;237.7;233.8;233.8;250
2015-01-02;233.2;237.8;233.2;237.7;70
2015-01-01;237.4;239.9;234.0;235.5;1175
2014-12-30;237.4;239.9;234.0;235.5;1175
2014-12-29;239.0;239.0;235.1;237.4;116
2014-12-23;234.0;240.0;233.0;240.0;110
2014-12-22;231.4;241.9;231.4;235.5;537
2014-12-19;247.2;247.2;233.5;236.0;702
2014-12-18;223.1;236.0;223.1;235.5;452
2014-12-17;228.2;228.2;222.9;222.9;175
2014-12-16;223.0;227.7;223.0;227.7;105
2014-12-15;229.0;229.0;225.3;229.0;23
2014-12-12;230.0;231.7;226.4;229.0;112
2014-12-11;228.6;234.6;228.6;230.5;1701
2014-12-10;;229.3;229.3;229.3;0
2014-12-09;231.0;231.0;226.3;229.3;279
2014-12-08;230.0;231.0;227.2;231.0;1093
2014-12-05;230.8;230.8;230.8;230.8;375
2014-12-04;227.5;230.0;227.5;229.4;477
2014-12-03;229.3;229.3;227.5;227.5;1076
2014-12-02;228.5;231.6;227.8;231.6;2987
2014-12-01;229.0;229.0;228.5;228.5;339
2014-11-28;226.0;229.2;225.1;227.0;719
2014-11-27;225.0;227.4;225.0;226.0;2086
2014-11-26;226.6;227.0;224.9;227.0;1000
2014-11-25;218.0;226.6;218.0;226.0;2141
2014-11-24;216.0;221.0;216.0;221.0;384
2014-11-21;213.0;218.5;213.0;216.0;515
2014-11-20;218.4;221.1;217.2;220.7;181
2014-11-19;216.6;221.5;216.6;221.4;201
2014-11-18;220.0;220.0;220.0;220.0;9
2014-11-17;218.7;223.3;218.7;223.3;229
2014-11-14;223.7;223.7;221.5;221.5;95
2014-11-13;219.1;225.8;216.2;224.0;2258
2014-11-12;217.4;219.8;217.4;219.8;2941
2014-11-11;215.4;229.7;215.0;229.7;639
2014-11-10;210.9;215.9;210.9;215.4;1959
2014-11-07;212.9;212.9;207.0;211.5;330
2014-11-06;214.1;214.1;212.9;212.9;260
2014-11-05;215.0;217.0;214.8;214.8;935
2014-11-04;213.5;214.0;209.5;214.0;777
2014-11-03;215.0;215.0;214.5;214.5;69
2014-10-31;207.1;215.0;207.1;215.0;2010
2014-10-30;207.0;207.0;202.8;207.0;487
2014-10-29;205.0;206.5;203.8;206.4;616
2014-10-28;200.8;208.0;200.8;205.6;1429
2014-10-24;209.0;209.0;200.6;201.6;615
2014-10-23;200.5;207.1;200.5;207.1;341
2014-10-22;205.0;205.0;200.0;200.5;1298
2014-10-21;202.7;205.0;198.1;205.0;1698
2014-10-20;198.6;204.6;198.2;202.7;1171
2014-10-17;180.5;186.6;180.5;186.5;3390
2014-10-16;174.5;181.8;174.5;177.3;1372
2014-10-15;183.7;183.7;174.7;174.7;364
2014-10-14;180.6;183.6;178.9;179.7;244
2014-10-13;;179.3;179.3;179.3;0
2014-10-10;182.5;182.5;179.3;179.3;428
2014-10-09;191.6;191.6;183.0;184.2;809
2014-10-08;182.6;191.6;182.6;191.6;580
2014-10-07;192.9;193.0;188.7;188.7;153
2014-10-06;184.2;193.0;184.2;193.0;326
2014-10-03;187.0;187.0;183.6;183.6;203
2014-10-02;188.7;190.5;185.0;185.0;248
2014-10-01;190.0;190.0;186.9;188.4;295
2014-09-30;192.8;192.9;190.0;192.9;312
2014-09-29;197.8;197.8;197.8;197.8;47
2014-09-26;199.1;199.1;197.8;197.8;2626
2014-09-25;199.5;200.0;199.2;199.2;667
2014-09-24;197.6;200.0;197.6;199.6;357
2014-09-23;201.0;201.0;197.3;197.3;1538
2014-09-22;205.8;205.8;202.0;202.0;1086
2014-09-19;;209.9;209.9;209.9;0
2014-09-18;209.9;209.9;209.9;209.9;75
2014-09-17;210.0;210.0;206.0;206.0;2024
2014-09-16;206.9;210.0;206.5;209.5;873
2014-09-15;208.4;208.4;204.0;206.3;751
2014-09-12;198.0;201.2;198.0;201.2;1037
2014-09-11;197.0;198.0;196.0;198.0;1146
2014-09-10;197.0;197.0;194.0;194.0;986
2014-09-09;206.5;206.5;196.9;197.0;3174
2014-09-08;198.0;208.9;198.0;198.6;6022
2014-09-05;190.7;191.7;186.0;186.0;1176
2014-09-04;182.0;189.4;182.0;189.4;1028
2014-09-03;;181.5;181.5;181.5;0
2014-09-02;181.5;181.5;181.5;181.5;20
2014-09-01;184.0;184.0;182.0;182.0;252
2014-08-29;;179.3;179.3;179.3;0
2014-08-28;180.0;184.9;179.3;179.3;375
2014-08-27;184.0;184.0;179.9;179.9;52
2014-08-26;184.0;184.0;184.0;184.0;185
2014-08-25;;183.7;183.7;183.7;0
2014-08-22;183.7;183.7;183.7;183.7;75
2014-08-21;185.2;186.0;184.9;184.9;710
2014-08-20;180.2;184.4;180.2;184.4;131
2014-08-19;178.5;180.0;178.5;180.0;102
2014-08-18;178.8;181.4;176.4;177.5;2808
2014-08-15;190.1;190.1;178.8;178.8;526
2014-08-14;174.0;179.4;174.0;179.4;2584
2014-08-13;171.1;174.0;170.2;170.2;329
2014-08-12;;173.0;173.0;173.0;0
2014-08-11;173.0;173.0;173.0;173.0;8
2014-08-08;170.1;170.1;170.1;170.1;38
2014-08-07;171.5;172.0;170.1;170.1;362
2014-08-06;174.4;174.4;174.4;174.4;20
2014-08-05;;172.4;172.4;172.4;0
2014-08-04;175.2;175.2;172.4;172.4;120
2014-08-01;175.2;176.3;174.3;174.3;97
2014-07-31;179.4;179.4;175.2;175.2;62
2014-07-30;;180.4;180.4;180.4;0
2014-07-29;180.4;180.4;180.4;180.4;30
2014-07-28;175.2;175.2;175.2;175.2;6
2014-07-25;178.7;178.7;178.5;178.5;199
2014-07-24;;184.0;184.0;184.0;0
2014-07-23;184.0;184.0;184.0;184.0;54
2014-07-22;;182.0;182.0;182.0;0
2014-07-21;183.4;185.5;182.0;182.0;2405
2014-07-18;175.0;185.0;175.0;185.0;753
2014-07-17;173.5;174.0;173.5;174.0;209
2014-07-16;;173.0;173.0;173.0;0
2014-07-15;;173.0;173.0;173.0;0
2014-07-14;173.9;174.0;173.0;173.0;325
2014-07-11;;166.0;166.0;166.0;0
2014-07-10;;166.0;166.0;166.0;0
2014-07-09;169.1;169.1;166.0;166.0;147
2014-07-08;168.0;170.8;168.0;169.0;150
2014-07-07;;170.9;170.9;170.9;0
2014-07-04;173.0;173.0;170.9;170.9;459
2014-07-03;172.0;175.0;171.9;175.0;1256
2014-07-02;173.3;173.3;172.2;172.2;103
2014-07-01;169.0;169.0;169.0;169.0;42
2014-06-30;172.0;172.0;168.6;168.6;200
2014-06-27;;171.5;171.5;171.5;0
2014-06-26;171.9;171.9;171.5;171.5;140
2014-06-25;171.9;171.9;170.0;170.0;1108
2014-06-24;170.0;170.4;167.8;167.8;1296
2014-06-23;170.3;170.3;170.3;170.3;175
2014-06-20;;167.8;167.8;167.8;0
2014-06-19;171.3;171.3;167.1;167.8;240
2014-06-18;171.7;172.0;171.7;172.0;1000
2014-06-17;169.0;172.0;166.8;172.0;1282
2014-06-16;166.2;166.3;165.4;165.4;580
2014-06-13;170.3;171.9;166.2;166.2;2007
2014-06-12;171.0;174.5;170.0;170.2;2112
2014-06-11;;176.0;176.0;176.0;0
2014-06-10;176.0;176.0;176.0;176.0;113
2014-06-09;172.0;175.8;172.0;175.8;240
2014-06-06;;174.1;174.1;174.1;0
2014-06-05;174.1;174.1;174.1;174.1;11
2014-06-04;174.4;174.4;174.4;174.4;25
2014-06-03;170.3;174.4;170.3;172.0;365
2014-06-02;174.8;174.9;169.4;174.9;695
2014-05-30;175.5;175.5;175.5;175.5;105
2014-05-28;;175.1;175.1;175.1;0
2014-05-27;175.5;175.5;175.1;175.1;235
2014-05-26;178.5;178.5;172.0;175.5;2800
2014-05-23;174.4;174.4;174.0;174.0;251
2014-05-22;;176.0;176.0;176.0;0
2014-05-21;;176.0;176.0;176.0;0
2014-05-20;176.0;176.0;176.0;176.0;65
2014-05-19;178.1;178.1;174.8;175.9;373
2014-05-16;176.0;179.0;173.8;175.0;4213
2014-05-15;180.0;180.0;176.4;179.0;143
2014-05-14;181.4;181.4;181.4;181.4;32
2014-05-13;181.4;181.4;180.0;180.0;335
2014-05-12;185.0;185.0;179.9;181.4;268
2014-05-09;180.0;180.0;180.0;180.0;874
2014-05-08;180.0;183.6;179.0;182.0;406
2014-05-07;180.0;180.0;179.0;180.0;696
2014-05-06;181.0;182.0;180.5;181.4;1410
2014-05-05;181.0;186.0;180.7;181.0;1975
2014-05-02;182.0;183.6;176.9;181.0;1210
2014-05-01;;184.9;184.9;184.9;0
2014-04-30;185.0;185.0;180.2;184.9;860
2014-04-29;177.0;187.0;176.8;181.8;4179
2014-04-28;178.6;179.9;175.9;177.0;1294
2014-04-25;169.0;179.0;169.0;178.7;10860
2014-04-24;158.0;166.5;158.0;166.0;1850
2014-04-23;160.0;162.0;159.0;159.0;2415
2014-04-22;160.0;160.3;160.0;160.0;724
2014-04-17;162.0;162.0;159.6;160.0;487
2014-04-16;;163.6;163.6;163.6;0
2014-04-15;;163.6;163.6;163.6;0
2014-04-14;;163.6;163.6;163.6;0
2014-04-11;;163.6;163.6;163.6;0
2014-04-10;162.1;165.0;161.6;163.6;364
2014-04-09;161.5;164.4;161.4;164.4;336
2014-04-08;162.0;163.7;162.0;163.7;378
2014-04-07;163.0;163.0;161.2;161.2;773
2014-04-04;162.8;166.6;162.8;166.6;15
2014-04-03;167.0;167.0;167.0;167.0;52
2014-04-02;;166.3;166.3;166.3;0
2014-04-01;159.1;166.3;159.1;166.3;40
2014-03-31;163.0;165.5;163.0;165.5;604
2014-03-28;160.0;160.1;160.0;160.0;166
2014-03-27;160.1;160.4;160.0;160.0;383
2014-03-26;161.1;161.1;160.0;160.0;100
2014-03-25;;163.0;163.0;163.0;0
2014-03-24;163.0;163.0;163.0;163.0;197
2014-03-21;;159.5;159.5;159.5;0
2014-03-20;;159.5;159.5;159.5;0
2014-03-19;163.0;163.0;159.5;159.5;400
2014-03-18;163.0;163.0;163.0;163.0;198
2014-03-17;164.5;165.5;163.0;165.4;579
2014-03-14;160.0;164.4;160.0;164.4;125
2014-03-13;155.3;161.4;155.3;161.4;28
2014-03-12;161.5;161.5;161.5;161.5;60
2014-03-11;162.0;162.0;161.0;161.0;320
2014-03-10;165.0;166.4;162.6;162.6;125
2014-03-07;164.6;165.3;164.6;165.3;332
2014-03-06;;162.5;162.5;162.5;0
2014-03-05;162.5;162.5;162.5;162.5;8
2014-03-04;164.0;166.9;162.5;162.8;187
2014-03-03;168.5;168.5;164.8;164.8;249
2014-02-28;162.0;168.5;162.0;163.3;944
2014-02-27;166.0;168.0;156.9;162.0;1068
2014-02-26;165.0;165.0;165.0;165.0;2
2014-02-25;164.8;165.0;162.8;165.0;527
2014-02-24;166.4;167.0;165.0;165.0;576
2014-02-21;165.0;166.9;161.4;166.9;1303
2014-02-20;167.0;167.0;167.0;167.0;100
2014-02-19;162.5;167.0;162.5;167.0;830
2014-02-18;163.0;163.0;163.0;163.0;58
2014-02-17;;164.2;164.2;164.2;0
2014-02-14;167.1;167.8;164.2;164.2;323
2014-02-13;162.5;162.5;162.5;162.5;2
2014-02-12;166.8;166.8;162.5;166.8;425
2014-02-11;167.0;168.0;165.5;165.5;259
2014-02-10;;166.0;166.0;166.0;0
2014-02-07;162.0;166.0;162.0;166.0;261
2014-02-06;166.2;167.5;162.0;163.3;954
2014-02-05;167.9;167.9;166.7;166.7;55
2014-02-04;168.0;168.0;156.7;158.4;840
2014-02-03;158.5;169.0;155.1;169.0;2593
2014-01-31;163.0;163.0;155.3;155.3;1044
2014-01-30;163.0;163.0;163.0;163.0;25
2014-01-29;164.1;164.1;163.5;163.6;746
2014-01-28;163.0;165.7;163.0;165.7;282
2014-01-27;164.5;165.0;160.0;160.0;911
2014-01-24;168.0;168.0;165.0;165.0;409
2014-01-23;175.0;179.0;168.0;168.0;507
2014-01-22;172.5;177.0;171.0;177.0;385
2014-01-21;175.0;175.0;175.0;175.0;60
2014-01-20;175.3;180.0;175.0;175.0;1045
2014-01-17;170.6;170.6;170.0;170.0;300
2014-01-16;175.0;175.5;171.3;171.3;1606
2014-01-15;173.0;175.0;173.0;175.0;89
2014-01-14;170.0;174.7;170.0;173.0;1100
2014-01-13;172.0;175.0;168.0;175.0;288
2014-01-10;176.0;176.0;176.0;176.0;200
2014-01-09;171.7;176.0;171.7;176.0;800
2014-01-08;172.0;176.7;172.0;172.0;1806
2014-01-07;170.0;173.5;170.0;173.5;570
2014-01-06;;170.0;170.0;170.0;0
2014-01-03;171.7;173.0;170.0;170.0;2291
2014-01-02;172.4;173.3;171.6;173.3;51
2013-12-31;;172.4;172.4;172.4;0
2013-12-30;174.0;174.0;172.4;172.4;410
2013-12-27;174.9;174.9;174.8;174.8;543
2013-12-23;169.2;175.0;169.2;174.9;595
2013-12-20;167.0;170.0;167.0;169.2;1111
2013-12-19;167.8;167.8;166.2;167.0;1145
2013-12-18;165.0;168.0;164.1;168.0;456
2013-12-17;158.0;160.4;157.7;160.4;2161
2013-12-16;161.9;161.9;161.9;161.9;114
2013-12-13;;165.8;165.8;165.8;0
2013-12-12;158.8;165.8;158.8;165.8;29
2013-12-11;166.0;166.0;166.0;166.0;20
2013-12-10;158.0;166.5;158.0;166.0;334
2013-12-09;158.0;161.7;158.0;161.7;188
2013-12-06;160.0;162.5;160.0;162.5;563
2013-12-05;169.5;169.5;160.0;166.1;1894
2013-12-04;161.5;161.5;161.5;161.5;1
2013-12-03;160.5;163.0;160.5;161.5;1112
2013-12-02;162.0;162.9;159.6;159.6;695
2013-11-29;;161.7;161.7;161.7;0
2013-11-28;163.0;164.3;161.7;161.7;1358
2013-11-27;163.0;163.0;161.2;161.4;1132
2013-11-26;165.0;165.0;163.0;163.9;763
2013-11-25;161.8;165.0;161.8;165.0;173
2013-11-22;160.8;160.8;160.8;160.8;100
2013-11-21;160.5;163.9;160.5;163.9;477
2013-11-20;160.5;164.6;160.5;164.6;455
2013-11-19;159.0;164.7;159.0;160.5;500
2013-11-18;159.4;159.4;159.0;159.0;275
2013-11-15;163.5;165.0;163.1;163.1;150
2013-11-14;160.0;163.7;160.0;163.5;255
2013-11-13;163.7;165.5;163.7;163.8;2176
2013-11-12;163.8;163.8;163.7;163.8;152
2013-11-11;163.9;165.1;163.9;165.1;136
2013-11-08;164.3;164.3;163.7;163.9;170
2013-11-07;166.5;167.0;163.8;167.0;572
2013-11-06;165.0;166.6;164.7;166.6;253
2013-11-05;165.0;167.0;165.0;165.0;200
2013-11-04;167.0;167.6;162.0;165.0;802
2013-11-01;178.3;178.3;162.1;167.0;461
2013-10-31;179.9;179.9;162.1;162.1;132
2013-10-30;167.0;167.0;165.7;165.7;135
2013-10-29;167.0;167.0;162.9;162.9;654
2013-10-28;160.6;165.7;155.4;165.7;2510
2013-10-25;179.0;179.0;165.0;168.4;7759
2013-10-24;174.7;179.4;174.7;179.3;427
2013-10-23;179.0;179.5;176.9;179.5;1243
2013-10-22;171.6;179.5;171.6;179.5;3314
2013-10-21;175.2;175.2;175.2;175.2;560
2013-10-18;179.5;179.5;175.0;175.2;1299
2013-10-17;170.1;171.9;170.0;171.0;1009
2013-10-16;167.5;170.0;166.9;170.0;1136
2013-10-15;167.0;170.9;167.0;169.5;427
2013-10-14;171.0;171.0;169.5;170.0;1046
2013-10-11;168.0;171.0;168.0;171.0;890
2013-10-10;;165.3;165.3;165.3;0
2013-10-09;165.3;165.4;165.3;165.3;204
2013-10-08;164.0;167.3;164.0;167.3;192
2013-10-07;167.0;167.0;165.0;166.7;160
2013-10-04;168.8;169.0;167.5;168.0;721
2013-10-03;172.0;172.0;168.0;169.0;975
2013-10-02;172.0;172.0;171.5;171.5;120
2013-10-01;170.9;172.4;170.0;171.5;1270
2013-09-30;171.0;171.0;170.0;170.9;1610
2013-09-27;178.2;178.2;171.0;171.0;682
2013-09-26;178.0;179.0;178.0;179.0;254
2013-09-25;;181.5;181.5;181.5;0
2013-09-24;181.5;181.5;179.0;181.5;1449
2013-09-23;183.5;183.5;183.0;183.0;143
2013-09-20;184.9;184.9;184.5;184.5;950
2013-09-19;178.9;186.0;178.9;185.9;6103
2013-09-18;181.0;182.0;178.9;178.9;1501
2013-09-17;179.0;179.0;179.0;179.0;139
2013-09-16;182.0;182.0;181.5;181.8;200
2013-09-13;181.5;181.5;181.5;181.5;100
2013-09-12;182.0;182.0;182.0;182.0;50
2013-09-11;183.0;183.0;183.0;183.0;186
2013-09-10;181.0;183.0;181.0;183.0;301
2013-09-09;181.0;181.1;180.9;181.0;1082
2013-09-06;178.2;182.0;178.0;179.0;2553
2013-09-05;180.0;183.9;177.6;181.2;1669
2013-09-04;;183.5;183.5;183.5;0
2013-09-03;183.5;183.5;183.5;183.5;1000
2013-09-02;;179.5;179.5;179.5;0
2013-08-30;180.0;180.0;179.5;179.5;304
2013-08-29;180.5;180.5;180.5;180.5;100
2013-08-28;181.5;181.5;180.0;180.0;4
2013-08-27;181.0;181.0;181.0;181.0;6
2013-08-26;182.1;182.1;181.8;181.8;2479
2013-08-23;183.1;183.1;182.0;182.0;1040
2013-08-22;181.7;183.4;181.7;182.6;762
2013-08-21;;185.9;185.9;185.9;0
2013-08-20;;185.9;185.9;185.9;0
2013-08-19;185.0;185.9;185.0;185.9;1130
2013-08-16;185.0;190.5;179.2;189.0;3187
2013-08-15;183.2;190.0;183.2;190.0;13
2013-08-14;186.0;190.5;186.0;189.9;191
2013-08-13;;188.9;188.9;188.9;0
2013-08-12;190.0;190.0;186.5;188.9;221
2013-08-09;188.0;194.0;186.0;191.5;2073
2013-08-08;;196.0;196.0;196.0;0
2013-08-07;;196.0;196.0;196.0;0
2013-08-06;;196.0;196.0;196.0;0
2013-08-05;;196.0;196.0;196.0;0
2013-08-02;196.0;196.0;196.0;196.0;1005
2013-08-01;192.0;196.0;192.0;196.0;54
2013-07-31;195.0;195.0;194.5;194.5;530
2013-07-30;192.0;192.0;192.0;192.0;75
2013-07-29;192.0;192.0;192.0;192.0;104
2013-07-26;192.0;192.0;192.0;192.0;31
2013-07-25;193.5;193.5;193.5;193.5;15
2013-07-24;185.0;189.7;185.0;189.7;273
2013-07-23;183.8;185.8;182.0;185.8;414
2013-07-22;185.9;188.0;183.1;188.0;593
2013-07-19;181.5;188.5;181.5;188.5;2270
2013-07-18;178.5;184.0;175.0;184.0;1377
2013-07-17;177.0;180.6;177.0;179.2;110
2013-07-16;178.0;180.0;178.0;180.0;200
2013-07-15;;176.0;176.0;176.0;0
2013-07-12;172.0;176.0;172.0;176.0;207
2013-07-11;;173.0;173.0;173.0;0
2013-07-10;171.0;173.0;169.1;173.0;33
2013-07-09;171.5;171.5;171.5;171.5;250
2013-07-08;;174.2;174.2;174.2;0
2013-07-05;172.0;175.5;172.0;174.2;90
2013-07-04;176.5;176.5;176.5;176.5;3
2013-07-03;;172.6;172.6;172.6;0
2013-07-02;;172.6;172.6;172.6;0
2013-07-01;173.0;173.0;172.6;172.6;159
2013-06-28;174.0;174.0;174.0;174.0;128
2013-06-27;171.0;171.0;165.0;170.0;275
2013-06-26;161.0;171.0;161.0;171.0;60
2013-06-25;165.9;170.9;165.9;169.0;1182
2013-06-24;173.5;173.5;166.0;166.0;877
2013-06-21;;173.5;173.5;173.5;0
2013-06-20;183.0;183.0;173.5;173.5;1045
2013-06-19;178.0;183.0;178.0;183.0;140
2013-06-18;185.0;185.0;181.4;181.4;90
2013-06-17;178.0;181.0;176.0;181.0;337
2013-06-14;180.4;180.4;175.2;178.0;16
2013-06-13;;180.4;180.4;180.4;0
2013-06-12;;180.4;180.4;180.4;0
2013-06-11;178.0;180.4;178.0;180.4;28
2013-06-10;181.6;181.6;181.6;181.6;2
2013-06-07;180.0;180.0;180.0;180.0;1065
2013-06-06;;183.4;183.4;183.4;0
2013-06-05;181.0;183.4;181.0;183.4;256
2013-06-04;183.0;185.0;183.0;185.0;256
2013-06-03;181.9;182.5;180.0;182.5;505
2013-05-31;181.0;182.8;178.6;182.5;395
2013-05-30;183.0;186.1;183.0;186.1;165
2013-05-29;188.0;188.0;187.0;187.0;743
2013-05-28;186.5;188.0;186.5;187.0;178
2013-05-27;188.0;188.0;183.2;186.5;832
2013-05-24;182.7;186.0;182.5;186.0;161
2013-05-23;185.0;186.2;185.0;186.2;16
2013-05-22;185.2;189.3;185.2;189.3;205
2013-05-21;186.0;189.3;185.7;189.3;1135
2013-05-20;190.9;190.9;186.9;189.9;1319
2013-05-17;187.8;191.0;186.1;190.9;2400
2013-05-16;185.5;189.1;185.0;185.0;998
2013-05-15;180.0;183.3;180.0;183.3;70
2013-05-14;;183.2;183.2;183.2;0
2013-05-13;;183.2;183.2;183.2;0
2013-05-10;182.0;183.2;181.4;183.2;432
2013-05-09;;182.1;182.1;182.1;0
2013-05-08;178.8;182.1;178.8;182.1;11
2013-05-07;178.3;182.0;177.7;182.0;237
2013-05-06;179.5;179.5;178.8;178.8;283
2013-05-03;;182.5;182.5;182.5;0
2013-05-02;182.6;182.6;180.9;182.5;206
2013-05-01;;184.5;184.5;184.5;0
2013-04-30;181.9;184.5;181.2;184.5;2858
2013-04-29;182.5;186.0;182.3;182.3;3705
2013-04-26;178.0;182.5;178.0;182.5;1359
2013-04-25;174.5;178.0;174.4;177.9;3061
2013-04-24;175.0;175.0;174.9;175.0;600
2013-04-23;172.0;175.0;172.0;175.0;2038
2013-04-22;;172.0;172.0;172.0;0
2013-04-19;;172.0;172.0;172.0;0
2013-04-18;;172.0;172.0;172.0;0
2013-04-17;172.0;172.0;172.0;172.0;100
2013-04-16;169.9;172.5;169.9;172.0;339
2013-04-15;;170.8;170.8;170.8;0
2013-04-12;166.7;170.8;166.7;170.8;210
2013-04-11;171.0;171.0;171.0;171.0;296
2013-04-10;;171.0;171.0;171.0;0
2013-04-09;;171.0;171.0;171.0;0
2013-04-08;168.0;171.0;166.6;171.0;1441
2013-04-05;169.3;169.3;166.6;166.6;1210
2013-04-04;171.0;171.0;171.0;171.0;51
2013-04-03;170.0;172.0;170.0;171.8;295
2013-04-02;167.0;168.2;167.0;168.2;302
2013-04-01;;172.0;172.0;172.0;0
2013-03-29;166.1;172.0;172.0;172.0;460
2013-03-28;166.1;172.0;166.0;172.0;460
2013-03-27;166.1;172.0;166.0;172.0;460
2013-03-26;174.9;174.9;174.9;174.9;80
2013-03-25;176.8;178.8;175.4;175.4;1210
2013-03-22;177.0;177.0;177.0;177.0;170
2013-03-21;;177.5;177.5;177.5;0
2013-03-20;172.0;177.5;172.0;177.5;2032
2013-03-19;168.7;172.0;168.5;172.0;544
2013-03-18;167.5;171.0;167.5;171.0;250
2013-03-15;164.4;171.0;164.4;171.0;1851
2013-03-14;169.0;169.0;165.2;168.7;25
2013-03-13;165.0;168.2;165.0;168.2;163
2013-03-12;;169.5;169.5;169.5;0
2013-03-11;;169.5;169.5;169.5;0
2013-03-08;166.5;169.8;166.4;169.5;852
2013-03-07;169.8;169.8;165.6;169.2;1263
2013-03-06;169.5;169.5;165.8;169.4;225
2013-03-05;;170.0;170.0;170.0;0
2013-03-04;170.0;170.0;170.0;170.0;50
2013-03-01;169.5;170.0;169.5;170.0;100
2013-02-28;168.0;170.0;164.9;170.0;727
2013-02-27;169.0;170.0;169.0;169.0;81
2013-02-26;169.5;169.5;162.5;169.5;204
2013-02-25;;169.9;169.9;169.9;0
2013-02-22;167.4;169.9;167.4;169.9;130
2013-02-21;;169.9;169.9;169.9;0
2013-02-20;169.9;169.9;169.9;169.9;1
2013-02-19;165.1;169.9;165.1;169.7;279
2013-02-18;170.0;170.0;162.3;170.0;1051
2013-02-15;164.3;170.0;164.3;170.0;421
2013-02-14;;170.0;170.0;170.0;0
2013-02-13;169.0;170.0;165.9;170.0;475
2013-02-12;162.0;169.9;162.0;169.9;156
2013-02-11;;169.9;169.9;169.9;0
2013-02-08;;169.9;169.9;169.9;0
2013-02-07;;169.9;169.9;169.9;0
2013-02-06;169.9;169.9;169.9;169.9;1
2013-02-05;164.8;164.8;156.9;164.3;1389
2013-02-04;170.0;170.0;165.0;165.0;250
2013-02-01;169.7;170.9;159.0;170.9;2814
2013-01-31;167.5;170.5;166.5;170.5;575
2013-01-30;170.0;170.0;170.0;170.0;2
2013-01-29;169.0;170.5;166.9;170.5;347
2013-01-28;174.3;174.3;166.9;169.1;1509
2013-01-25;165.7;175.0;165.0;175.0;1738
2013-01-24;168.8;168.8;167.8;167.8;430
2013-01-23;167.0;169.0;167.0;169.0;103
2013-01-22;171.5;171.5;169.0;169.5;364
2013-01-21;170.0;170.0;166.8;169.5;284
2013-01-18;169.8;171.0;169.8;171.0;40
2013-01-17;170.0;170.0;170.0;170.0;10
2013-01-16;170.0;170.0;170.0;170.0;11
2013-01-15;175.0;175.0;166.4;170.4;1852
2013-01-14;171.0;171.0;169.0;170.3;756
2013-01-11;168.5;171.0;167.0;171.0;1103
2013-01-10;177.2;177.2;166.0;169.0;1580
2013-01-09;170.0;170.0;170.0;170.0;1
2013-01-08;175.0;175.0;168.8;169.6;121
2013-01-07;177.4;177.4;172.5;172.9;431
2013-01-04;175.8;177.4;173.6;177.4;790
2013-01-03;178.0;178.0;173.2;175.8;775
2013-01-02;178.0;178.0;173.0;175.9;2051
2013-01-01;;177.7;177.7;177.7;0
2012-12-31;;177.7;177.7;177.7;0
2012-12-28;171.0;177.7;171.0;177.7;33
