Dates;Open;High;Low;Close;Volume
2017-12-27;80.5;80.5;79.35;80.0;6066
2017-12-22;80.4;80.95;79.95;80.0;12756
2017-12-21;80.15;80.9;79.7;80.85;14895
2017-12-20;80.9;81.25;80.05;80.1;4701
2017-12-19;80.7;81.0;80.55;80.75;9532
2017-12-18;80.6;81.5;80.6;80.65;12249
2017-12-15;81.25;81.25;79.6;79.6;13984
2017-12-14;80.0;81.25;79.95;81.25;16622
2017-12-13;80.3;80.55;79.5;79.7;1975
2017-12-12;79.6;81.1;79.6;80.6;8071
2017-12-11;78.8;79.85;78.65;79.6;9729
2017-12-08;79.15;79.4;78.65;78.8;4424
2017-12-07;78.5;79.15;78.45;79.05;12692
2017-12-06;78.8;78.9;77.7;78.5;8781
2017-12-05;79.3;79.7;79.0;79.15;9056
2017-12-04;77.1;79.9;76.75;79.9;11712
2017-12-01;76.4;77.2;76.15;77.0;3022
2017-11-30;77.85;77.85;76.2;76.5;4587
2017-11-29;77.5;78.1;76.8;76.8;8557
2017-11-28;77.0;77.7;76.65;76.8;4454
2017-11-27;76.75;77.0;76.2;77.0;3625
2017-11-24;77.7;77.7;76.25;76.75;4473
2017-11-23;77.15;77.5;76.5;76.5;23154
2017-11-22;77.9;77.9;77.0;77.1;3198
2017-11-21;76.95;78.1;76.75;77.9;3721
2017-11-20;77.25;77.25;76.55;76.9;9608
2017-11-17;77.0;77.3;76.7;77.05;4254
2017-11-16;77.6;77.65;77.0;77.0;6209
2017-11-15;78.8;78.8;77.45;77.45;5636
2017-11-14;78.35;79.25;78.35;78.8;8713
2017-11-13;78.75;79.15;77.75;78.65;6805
2017-11-10;79.25;79.8;79.0;79.15;6222
2017-11-09;81.2;81.2;79.6;79.65;6908
2017-11-08;81.3;81.35;80.45;81.0;10862
2017-11-07;82.4;82.4;81.15;81.25;6206
2017-11-06;81.35;82.25;81.35;81.65;8091
2017-11-03;81.95;81.95;81.3;81.35;3822
2017-11-02;81.9;82.45;81.0;81.5;8647
2017-11-01;81.6;82.9;81.6;81.75;10842
2017-10-31;81.0;81.7;81.0;81.6;11428
2017-10-30;81.55;81.6;80.75;81.2;9586
2017-10-27;79.1;81.45;79.1;81.45;12563
2017-10-26;77.9;79.35;77.3;79.0;8653
2017-10-25;77.35;78.25;77.0;77.4;29373
2017-10-24;77.25;77.7;76.8;77.3;12747
2017-10-23;77.55;78.35;77.0;77.15;33396
2017-10-20;79.5;79.5;76.35;77.2;66996
2017-10-19;80.55;80.75;79.45;79.75;12217
2017-10-18;80.3;80.85;79.55;80.55;9356
2017-10-17;79.15;80.4;78.55;80.4;33031
2017-10-13;81.0;83.0;81.0;82.9;4706
2017-10-12;81.9;82.35;80.75;80.75;4886
2017-10-11;82.55;82.55;81.6;81.9;4133
2017-10-10;82.7;82.85;82.2;82.3;8198
2017-10-09;82.55;83.25;81.85;81.85;8266
2017-10-06;83.2;83.5;82.1;82.4;9413
2017-10-05;83.5;83.5;82.4;83.2;12990
2017-10-04;84.3;84.65;83.1;83.75;58307
2017-10-03;84.3;84.75;83.55;84.3;15125
2017-10-02;84.0;84.5;83.2;84.3;19693
2017-09-29;81.6;83.8;81.6;83.1;10294
2017-09-28;81.5;81.8;80.1;81.5;7808
2017-09-27;81.55;82.35;81.5;81.5;2886
2017-09-26;81.5;81.8;81.25;81.25;5538
2017-09-25;82.95;82.95;81.75;81.75;2695
2017-09-22;81.4;82.5;81.4;82.3;3736
2017-09-21;80.7;81.95;80.7;81.4;5609
2017-09-20;81.2;81.2;80.7;80.7;4922
2017-09-19;80.05;81.2;80.0;81.2;2828
2017-09-18;80.8;80.95;79.8;80.45;5834
2017-09-15;81.7;81.85;80.15;80.15;14194
2017-09-14;81.5;81.9;80.7;81.7;10707
2017-09-13;80.8;81.55;80.55;81.35;4545
2017-09-12;80.5;81.25;80.5;81.05;6078
2017-09-11;79.65;80.85;79.65;80.5;5676
2017-09-08;79.6;79.6;78.7;79.45;8069
2017-09-07;79.6;79.6;78.95;79.4;2841
2017-09-06;79.55;79.55;78.65;78.95;6702
2017-09-04;80.5;80.5;79.45;79.8;5021
2017-09-01;79.15;81.05;79.15;80.55;3330
2017-08-31;79.25;79.7;78.85;79.0;2746
2017-08-30;77.8;79.1;77.8;78.75;6554
2017-08-29;76.7;78.0;76.6;78.0;16912
2017-08-28;76.55;77.45;76.55;77.05;4046
2017-08-25;76.9;77.75;76.9;77.1;8476
2017-08-24;78.55;78.6;76.95;77.4;3497
2017-08-23;78.25;78.65;78.05;78.2;3953
2017-08-22;78.45;79.0;78.35;78.8;4286
2017-08-21;78.85;79.85;78.4;78.4;3258
2017-08-18;80.35;80.35;78.6;79.0;6173
2017-08-17;80.5;81.65;80.3;81.35;3025
2017-08-16;80.1;80.75;80.1;80.6;2007
2017-08-15;80.6;80.6;79.95;79.95;7123
2017-08-14;80.1;82.3;80.1;82.3;3055
2017-08-11;81.1;81.1;79.65;80.45;6130
2017-08-10;81.5;81.9;80.95;81.1;6024
2017-08-09;82.65;82.65;81.25;81.8;7282
2017-08-08;81.8;82.7;81.5;82.65;6823
2017-08-07;80.9;81.85;80.9;81.8;5499
2017-08-04;80.95;81.1;79.8;81.1;10026
2017-08-03;80.65;81.0;80.25;80.5;6372
2017-08-02;81.7;82.1;80.4;80.65;5803
2017-08-01;82.5;82.6;81.65;81.7;3062
2017-07-31;81.1;81.9;81.1;81.5;6934
2017-07-28;81.55;81.55;80.95;81.1;5109
2017-07-27;81.45;82.45;81.45;82.0;6428
2017-07-26;81.5;82.35;81.4;81.8;6220
2017-07-25;81.95;82.35;81.4;81.4;8443
2017-07-24;82.85;83.1;81.55;82.35;11773
2017-07-21;83.5;84.0;83.0;83.2;10909
2017-07-20;84.3;84.6;83.8;83.8;11375
2017-07-19;83.0;84.9;82.6;84.3;8288
2017-07-18;87.1;87.1;81.8;83.0;19680
2017-07-17;85.45;86.15;85.3;85.7;8262
2017-07-14;84.5;85.0;84.1;84.8;9664
2017-07-13;83.5;84.6;83.5;84.5;6461
2017-07-12;83.95;84.8;83.95;84.25;2656
2017-07-11;84.95;84.95;83.6;84.0;8177
2017-07-10;83.95;84.95;83.7;84.95;7741
2017-07-07;83.05;84.05;82.9;84.05;4618
2017-07-06;84.05;84.05;82.8;83.0;7375
2017-07-05;83.0;84.0;83.0;83.8;8603
2017-07-04;83.95;84.3;83.3;83.6;4442
2017-07-03;83.65;84.4;83.55;84.4;8784
2017-06-30;82.2;84.6;82.2;83.65;6132
2017-06-29;84.4;84.7;82.55;82.55;3720
2017-06-28;85.0;85.0;84.2;84.45;5728
2017-06-27;87.0;87.0;85.05;85.5;6139
2017-06-26;87.75;87.75;86.15;86.15;7803
2017-06-23;;86.55;86.55;86.55;0
2017-06-22;85.3;86.65;85.3;86.55;7036
2017-06-21;86.8;86.8;85.7;86.1;7947
2017-06-20;87.2;87.85;87.05;87.05;6225
2017-06-19;87.7;87.7;86.9;87.5;10237
2017-06-16;84.5;87.75;84.5;87.75;16000
2017-06-15;84.75;84.85;84.0;84.65;6960
2017-06-14;84.2;86.25;84.2;84.6;20767
2017-06-13;84.8;85.7;84.55;84.6;23811
2017-06-12;87.0;87.0;84.2;84.6;10884
2017-06-09;86.55;87.35;85.95;85.95;14017
2017-06-08;89.25;89.8;85.4;86.9;16739
2017-06-07;89.75;90.3;89.4;89.85;14982
2017-06-06;;89.75;89.75;89.75;0
2017-06-05;89.5;90.2;89.5;89.75;3715
2017-06-02;90.0;90.95;89.5;89.5;15145
2017-06-01;90.6;90.8;89.0;89.0;10704
2017-05-31;90.6;90.95;89.9;90.0;5439
2017-05-30;89.7;90.85;89.35;90.25;10406
2017-05-29;89.85;89.85;89.25;89.65;6601
2017-05-26;89.7;89.95;88.95;89.95;4271
2017-05-24;88.1;89.55;88.05;88.85;8856
2017-05-23;87.85;88.4;87.55;88.1;32959
2017-05-22;87.2;88.1;87.15;87.6;8095
2017-05-19;85.75;87.8;85.75;86.7;7091
2017-05-18;87.7;87.7;85.5;86.15;34214
2017-05-17;89.15;89.15;87.6;87.7;9307
2017-05-16;89.25;89.7;89.0;89.15;6698
2017-05-15;90.0;90.0;88.5;89.25;4297
2017-05-12;89.85;89.05;89.05;89.05;32214
2017-05-11;89.75;90.9;89.7;89.7;12831
2017-05-10;91.4;91.4;89.55;89.55;7472
2017-05-09;90.0;91.3;90.0;90.65;12252
2017-05-08;90.85;90.95;89.25;89.75;17579
2017-05-05;89.0;90.75;89.0;90.35;27250
2017-05-04;88.65;89.75;88.15;89.75;28534
2017-05-03;89.0;89.0;87.75;88.65;9997
2017-05-02;88.5;88.55;87.7;88.35;11569
2017-05-01;;87.65;87.65;87.65;0
2017-04-28;87.6;88.35;87.6;87.65;6462
2017-04-27;88.95;88.95;87.3;87.65;60215
2017-04-26;87.75;88.2;87.6;88.1;8124
2017-04-25;88.0;88.5;87.6;87.75;12694
2017-04-24;86.7;88.85;86.7;87.9;33242
2017-04-21;84.05;86.2;83.35;84.6;42287
2017-04-20;81.5;81.7;81.1;81.7;4044
2017-04-19;81.2;82.1;81.0;81.5;7901
2017-04-18;81.4;81.7;80.65;81.55;7601
2017-04-13;80.4;81.4;80.4;81.25;6563
2017-04-12;80.0;81.2;80.0;80.4;13746
2017-04-11;80.75;81.0;79.3;79.3;16934
2017-04-10;80.0;81.0;79.9;81.0;21675
2017-04-07;79.45;80.0;79.25;80.0;5896
2017-04-06;79.0;79.45;78.55;79.45;13457
2017-04-05;78.75;79.5;78.75;79.15;25842
2017-04-04;79.8;79.95;78.75;78.75;10281
2017-04-03;79.5;79.6;78.15;79.45;23667
2017-03-31;77.1;79.35;77.1;79.35;9776
2017-03-30;75.9;77.5;75.85;77.1;12092
2017-03-29;76.0;76.75;75.65;75.9;8959
2017-03-28;76.9;76.9;74.6;75.55;37628
2017-03-27;76.9;76.9;75.0;75.1;5069
2017-03-24;76.95;76.95;75.0;75.2;3548
2017-03-23;75.0;75.35;74.75;75.2;6667
2017-03-22;75.45;75.45;74.15;74.6;14706
2017-03-21;76.8;76.8;75.25;75.45;4965
2017-03-20;75.9;77.15;75.9;76.65;5407
2017-03-17;75.8;76.5;75.8;75.9;8382
2017-03-16;76.05;76.9;76.05;76.25;4388
2017-03-15;76.7;76.7;75.85;75.85;11558
2017-03-14;76.9;77.1;76.4;76.7;12394
2017-03-13;76.85;77.15;76.75;76.9;9860
2017-03-10;76.7;76.85;76.85;76.85;6939
2017-03-09;76.0;77.3;76.0;76.7;5071
2017-03-08;77.15;77.2;76.75;76.85;10255
2017-03-07;77.3;77.3;76.45;76.95;12377
2017-03-06;76.6;76.6;75.85;76.15;10401
2017-03-03;77.1;76.3;76.3;76.3;10672
2017-03-02;77.75;77.75;76.75;77.15;26412
2017-03-01;77.7;77.75;76.9;77.35;23866
2017-02-28;79.0;79.0;76.5;77.05;12886
2017-02-27;78.1;78.1;76.65;77.05;10687
2017-02-24;79.5;79.5;76.65;76.95;16916
2017-02-23;79.15;79.15;78.0;78.15;38449
2017-02-22;78.2;78.6;78.05;78.55;28692
2017-02-21;77.2;78.5;77.1;78.0;62251
2017-02-20;77.0;77.2;76.4;76.75;7845
2017-02-17;76.75;77.3;75.95;76.1;34971
2017-02-16;74.95;75.55;74.8;75.55;6314
2017-02-15;74.5;75.2;74.4;74.95;15702
2017-02-14;73.9;74.4;73.35;74.4;14561
2017-02-13;72.75;74.2;72.35;73.65;28417
2017-02-10;71.55;72.9;71.3;72.55;29122
2017-02-09;73.1;73.7;70.65;70.8;33131
2017-02-08;73.5;73.5;71.8;71.95;17096
2017-02-07;73.05;73.95;72.75;72.85;17420
2017-02-06;73.8;73.8;72.75;72.75;7507
2017-02-03;73.15;73.9;73.15;73.65;4303
2017-02-02;72.8;73.5;72.75;72.75;9908
2017-02-01;73.2;73.9;72.8;73.1;10668
2017-01-31;74.0;74.15;73.1;73.4;14816
2017-01-30;73.5;73.6;72.7;72.85;20275
2017-01-27;73.0;74.2;73.0;73.45;9387
2017-01-26;71.9;73.25;71.6;73.0;19255
2017-01-25;70.35;71.3;70.35;71.3;11329
2017-01-24;68.0;70.1;68.0;69.95;10106
2017-01-23;69.5;69.55;68.55;68.55;23495
2017-01-20;68.45;69.4;68.3;69.0;21827
2017-01-19;68.25;68.65;68.05;68.45;2726
2017-01-18;68.7;68.7;67.9;68.25;13356
2017-01-17;71.0;71.0;68.4;68.6;13028
2017-01-16;70.45;70.65;70.0;70.1;6096
2017-01-13;69.65;70.5;69.65;70.5;18608
2017-01-12;70.25;70.25;69.7;69.7;19989
2017-01-11;70.4;71.1;70.25;70.25;22534
2017-01-10;70.2;70.65;70.2;70.4;3998
2017-01-09;70.15;70.8;70.15;70.2;21786
2017-01-06;;70.25;70.25;70.25;0
2017-01-05;70.4;70.85;70.25;70.25;6531
2017-01-04;71.7;71.7;70.2;70.4;18104
2017-01-03;70.8;71.35;70.75;71.0;19937
2017-01-02;71.0;71.15;70.45;70.8;19757
2016-12-30;70.7;71.0;70.45;70.6;9208
2016-12-29;70.7;70.9;70.7;70.7;25566
2016-12-28;69.9;70.75;69.9;70.7;5143
2016-12-27;69.05;70.2;69.05;69.8;31886
2016-12-23;69.9;70.2;69.0;70.0;23828
2016-12-22;69.0;69.85;68.9;69.7;68508
2016-12-21;69.2;69.85;69.15;69.7;31927
2016-12-20;69.7;69.8;68.95;69.45;10685
2016-12-19;69.2;69.75;69.15;69.65;4504
2016-12-16;69.1;69.7;69.0;69.2;9245
2016-12-15;69.05;69.5;69.0;69.0;11118
2016-12-14;70.25;70.25;67.55;67.55;17571
2016-12-13;68.25;70.25;68.25;70.25;13538
2016-12-12;68.0;68.65;68.0;68.25;9360
2016-12-09;67.5;68.3;67.5;68.05;3994
2016-12-08;67.45;67.8;67.0;67.6;3486
2016-12-07;66.65;67.35;66.65;67.2;10366
2016-12-06;67.45;67.45;66.6;66.65;1957
2016-12-05;67.6;68.05;67.35;67.45;4038
2016-12-02;67.0;67.6;67.0;67.6;3386
2016-12-01;68.45;68.45;67.1;67.6;6224
2016-11-30;67.95;68.55;67.95;68.5;9439
2016-11-29;68.0;68.2;67.8;67.95;7620
2016-11-28;68.3;68.75;67.7;67.85;6651
2016-11-25;67.6;68.65;67.3;67.85;12706
2016-11-24;67.0;67.65;67.0;67.5;6912
2016-11-23;68.0;68.1;67.3;67.35;7825
2016-11-22;67.85;68.3;67.75;68.2;4588
2016-11-21;68.05;68.05;66.75;67.5;3817
2016-11-18;68.05;68.15;67.65;67.75;6767
2016-11-17;66.0;67.7;66.0;67.65;11109
2016-11-16;65.9;66.6;65.9;66.6;2801
2016-11-15;65.0;65.9;65.0;65.9;4265
2016-11-14;66.4;66.9;64.95;64.95;6238
2016-11-11;66.5;67.2;66.4;66.4;3785
2016-11-10;68.0;68.55;66.4;66.4;3232
2016-11-09;63.0;68.0;63.0;68.0;25786
2016-11-08;67.7;67.9;67.25;67.45;1857
2016-11-07;66.0;67.7;66.0;67.7;7461
2016-11-04;67.3;67.3;66.1;66.1;1777
2016-11-03;65.85;67.3;65.7;67.05;5219
2016-11-02;66.6;66.6;65.4;65.85;8155
2016-11-01;67.85;67.95;66.5;66.8;6354
2016-10-31;68.55;68.55;67.6;67.85;1479
2016-10-28;68.15;68.75;67.3;68.7;7040
2016-10-27;69.0;69.5;68.15;68.15;3708
2016-10-26;69.7;69.75;68.4;69.0;9700
2016-10-25;71.6;71.8;69.45;69.45;7501
2016-10-24;72.6;72.6;71.3;71.6;10509
2016-10-21;72.1;72.65;71.6;72.25;6997
2016-10-20;71.5;73.05;71.5;72.0;6905
2016-10-19;72.55;72.55;71.4;71.6;4274
2016-10-18;72.6;73.0;72.55;72.7;7534
2016-10-17;72.2;72.6;72.0;72.2;5942
2016-10-14;72.05;72.75;71.95;72.5;4814
2016-10-13;70.85;72.1;70.85;72.0;6698
2016-10-12;72.2;72.65;70.95;71.1;5466
2016-10-11;75.15;75.15;73.95;73.95;5658
2016-10-10;74.4;75.0;74.35;75.0;11838
2016-10-07;74.65;74.85;73.85;74.4;19412
2016-10-06;76.0;76.0;74.55;75.3;10592
2016-10-05;75.0;75.4;74.5;75.4;12207
2016-10-04;75.0;75.5;74.55;74.9;10114
2016-10-03;74.55;75.1;74.45;74.7;8912
2016-09-30;73.9;74.6;72.8;74.55;8035
2016-09-29;75.1;75.1;73.85;74.0;8274
2016-09-28;74.0;74.5;73.7;74.1;5905
2016-09-27;72.75;73.55;72.6;73.3;9256
2016-09-26;73.75;73.75;72.75;72.75;27824
2016-09-23;74.55;74.55;73.6;74.0;6925
2016-09-22;74.0;75.1;74.0;74.4;13650
2016-09-21;75.5;75.5;73.9;73.9;8331
2016-09-20;75.0;75.15;74.65;74.85;1825
2016-09-19;73.55;74.8;73.55;74.55;16557
2016-09-16;74.65;74.65;73.5;73.5;10827
2016-09-15;71.85;74.65;71.65;74.65;37572
2016-09-14;71.1;72.0;71.05;71.85;8157
2016-09-13;71.85;72.1;71.1;71.1;5605
2016-09-12;71.2;71.6;70.8;71.6;14160
2016-09-09;72.75;72.85;71.25;71.25;5063
2016-09-08;75.1;75.1;72.35;73.65;13888
2016-09-07;74.6;75.1;73.85;73.85;14623
2016-09-06;75.3;75.3;74.15;74.5;20132
2016-09-05;75.1;75.4;74.65;74.95;15180
2016-09-02;74.95;75.2;74.35;75.1;9032
2016-09-01;73.25;74.5;73.25;74.35;6832
2016-08-31;73.7;74.3;73.35;73.35;5546
2016-08-30;73.5;73.9;73.35;73.65;3547
2016-08-29;74.05;74.05;73.45;73.9;3613
2016-08-26;72.1;74.05;72.1;74.05;11929
2016-08-25;72.65;73.4;72.45;73.4;2199
2016-08-24;72.55;73.0;72.25;72.6;3085
2016-08-23;72.2;72.85;72.2;72.4;13640
2016-08-22;72.4;73.0;71.8;72.2;3740
2016-08-19;72.25;72.45;71.7;72.45;5299
2016-08-18;73.15;73.35;71.9;72.25;19062
2016-08-17;73.35;73.85;72.8;73.2;13432
2016-08-16;74.1;74.75;73.55;73.55;15492
2016-08-15;74.8;74.8;74.4;74.4;4889
2016-08-12;74.1;75.15;74.1;74.8;9183
2016-08-11;74.1;75.0;74.0;75.0;33719
2016-08-10;74.25;74.3;73.8;73.9;4636
2016-08-09;73.7;74.2;73.35;74.2;4737
2016-08-08;72.0;73.45;72.0;73.25;5591
2016-08-05;71.55;73.2;71.55;72.6;5264
2016-08-04;71.45;72.0;71.45;71.85;4909
2016-08-03;71.25;72.0;70.8;71.45;13692
2016-08-02;71.0;71.95;71.0;71.25;7854
2016-08-01;73.4;73.8;71.45;72.0;9111
2016-07-29;71.65;73.2;71.65;73.2;6853
2016-07-28;73.0;73.65;72.85;72.85;20391
2016-07-27;72.3;73.0;72.3;73.0;11355
2016-07-26;71.95;72.45;71.95;72.25;2723
2016-07-25;71.2;72.5;71.2;71.95;6111
2016-07-22;71.5;72.2;71.5;71.75;2354
2016-07-21;72.15;72.45;71.3;72.1;5911
2016-07-20;72.25;72.25;71.5;71.5;33047
2016-07-19;70.25;72.25;70.25;71.9;30294
2016-07-18;69.7;70.75;69.25;70.35;34215
2016-07-15;65.75;70.55;65.6;70.5;82951
2016-07-14;64.7;65.2;64.3;65.1;55224
2016-07-13;65.0;65.1;64.45;64.7;7720
2016-07-12;65.65;65.9;64.9;65.2;6493
2016-07-11;67.8;67.8;64.4;65.35;44508
2016-07-08;63.8;68.3;61.55;68.3;47061
2016-07-07;61.55;62.6;61.55;61.65;2616
2016-07-06;61.4;61.8;59.95;59.95;5091
2016-07-05;63.65;63.65;61.65;61.7;3092
2016-07-04;63.65;64.0;63.0;63.0;3592
2016-07-01;62.7;63.75;62.6;63.75;8963
2016-06-30;63.1;63.1;62.45;62.6;10087
2016-06-29;63.9;63.9;62.6;63.35;22915
2016-06-28;61.0;62.25;61.0;62.25;12522
2016-06-27;60.0;62.7;60.0;61.1;32856
2016-06-24;;64.3;64.3;64.3;0
2016-06-23;64.95;66.45;64.3;64.3;18628
2016-06-22;65.25;65.55;64.95;65.15;10291
2016-06-21;66.0;66.0;64.05;65.1;17142
2016-06-20;63.1;65.1;63.1;64.9;142187
2016-06-17;61.5;64.4;61.5;64.4;52290
2016-06-16;61.95;62.35;60.8;60.8;25297
2016-06-15;66.0;66.0;62.75;62.75;26893
2016-06-14;64.6;64.6;63.0;63.15;15308
2016-06-13;65.1;65.35;63.6;64.6;32043
2016-06-10;65.5;65.75;65.05;65.25;99293
2016-06-09;66.5;66.5;65.35;65.55;101181
2016-06-08;67.0;67.6;67.0;67.4;4806
2016-06-07;65.95;67.5;65.95;66.75;15553
2016-06-06;;65.75;65.75;65.75;0
2016-06-03;65.0;66.6;65.0;65.75;13152
2016-06-02;65.15;65.3;64.7;65.3;124640
2016-06-01;66.4;66.4;64.9;65.2;44554
2016-05-31;65.6;66.75;65.6;66.7;13308
2016-05-30;68.0;68.0;66.55;66.7;10765
2016-05-27;68.0;68.0;66.9;66.9;17585
2016-05-26;67.55;67.8;67.2;67.35;14681
2016-05-25;67.7;68.05;67.4;67.55;4626
2016-05-24;66.35;67.4;66.0;67.3;14083
2016-05-23;63.0;66.7;63.0;66.4;24583
2016-05-20;64.9;65.55;64.75;65.45;5515
2016-05-19;66.8;66.8;65.0;65.0;45159
2016-05-18;66.2;66.2;65.7;66.2;8537
2016-05-17;65.25;66.0;65.15;65.9;12145
2016-05-16;65.3;65.5;64.2;65.05;11959
2016-05-13;64.55;65.45;64.0;65.25;9026
2016-05-12;66.0;66.0;64.55;64.55;16482
2016-05-11;65.85;66.0;65.1;65.25;38755
2016-05-10;65.5;66.85;65.3;65.7;34667
2016-05-09;64.8;65.5;64.5;65.1;7155
2016-05-06;65.0;65.8;64.15;64.15;16553
2016-05-05;64.0;65.0;64.0;65.0;6973
2016-05-04;64.0;65.0;64.0;65.0;6973
2016-05-03;63.45;64.45;63.4;64.45;12534
2016-05-02;63.6;64.0;63.3;63.4;70624
2016-04-29;65.0;65.0;63.75;63.85;9192
2016-04-28;64.9;64.9;63.75;64.55;7715
2016-04-27;64.35;64.6;63.65;64.0;24178
2016-04-26;64.55;64.7;63.5;64.15;69284
2016-04-25;64.0;64.4;63.3;64.25;60292
2016-04-22;64.7;64.85;63.4;63.5;16477
2016-04-21;65.25;66.2;62.95;64.45;58305
2016-04-20;63.9;63.9;62.4;63.35;41992
2016-04-19;63.1;64.75;63.1;63.75;28205
2016-04-18;61.45;63.1;61.45;63.1;8927
2016-04-15;61.95;62.0;61.65;61.65;13682
2016-04-14;61.0;62.8;61.0;62.05;33753
2016-04-13;61.8;63.0;60.6;60.6;18839
2016-04-12;60.6;61.65;59.5;61.65;13285
2016-04-11;59.0;60.5;58.5;60.3;19418
2016-04-08;58.05;59.5;58.05;59.25;9172
2016-04-07;59.5;59.8;58.0;58.0;35184
2016-04-06;59.25;59.75;59.0;59.75;18090
2016-04-05;59.75;59.8;58.9;59.25;20484
2016-04-04;60.0;60.1;59.2;59.95;13456
2016-04-01;59.0;59.75;58.75;59.35;25582
2016-03-31;59.75;59.75;58.9;59.55;19312
2016-03-30;59.15;60.0;59.0;59.0;15017
2016-03-29;58.95;59.45;58.5;58.5;34615
2016-03-28;58.5;59.05;59.05;59.05;17979
2016-03-25;58.5;59.05;58.3;59.05;17979
2016-03-24;58.5;59.05;58.3;59.05;17979
2016-03-23;58.0;58.85;58.0;58.7;18622
2016-03-22;58.3;58.35;57.8;57.9;15893
2016-03-21;58.4;58.7;58.0;58.3;21197
2016-03-18;59.25;59.25;58.3;58.4;20159
2016-03-17;57.55;58.9;57.55;58.9;28163
2016-03-16;57.5;58.35;57.5;57.55;15496
2016-03-15;58.3;58.3;57.1;57.45;15587
2016-03-14;57.0;58.4;57.0;57.95;22885
2016-03-11;56.55;56.95;56.2;56.95;37529
2016-03-10;57.0;57.3;55.5;55.5;85295
2016-03-09;55.85;56.0;55.25;56.0;19214
2016-03-08;56.45;56.45;54.8;54.95;72353
2016-03-07;57.0;57.25;55.5;55.5;164306
2016-03-04;54.0;55.2;54.0;54.75;7265
2016-03-03;51.0;55.15;51.0;54.35;30217
2016-03-02;55.6;55.6;54.1;54.55;15588
2016-03-01;54.0;55.25;54.0;55.1;18312
2016-02-29;54.2;54.8;53.45;54.8;6134
2016-02-26;52.8;54.5;52.8;54.2;15601
2016-02-25;52.4;53.1;52.4;52.6;9775
2016-02-24;53.25;53.25;52.1;52.2;9137
2016-02-23;53.85;54.2;53.5;53.5;7361
2016-02-22;53.3;54.15;53.3;53.95;12141
2016-02-19;54.0;54.15;53.35;53.35;18880
2016-02-18;54.65;54.65;53.4;54.25;16634
2016-02-17;50.0;54.6;50.0;54.6;7931
2016-02-16;54.0;54.4;52.75;52.95;7880
2016-02-15;53.0;53.85;53.0;53.6;9883
2016-02-12;51.0;52.85;51.0;52.6;5975
2016-02-11;52.6;52.6;51.25;51.5;16600
2016-02-10;51.0;53.0;51.0;52.65;10848
2016-02-09;52.15;52.2;50.6;51.1;11079
2016-02-08;50.0;54.2;50.0;51.7;13342
2016-02-05;54.2;54.55;52.85;54.2;17564
2016-02-04;52.55;53.75;52.55;53.1;47423
2016-02-03;52.0;53.7;51.85;52.55;7971
2016-02-02;54.15;54.15;53.35;53.4;13140
2016-02-01;54.9;54.9;53.8;54.1;16366
2016-01-29;52.4;54.65;52.4;54.65;17586
2016-01-28;51.0;52.5;51.0;51.6;14233
2016-01-27;52.2;52.5;51.25;51.25;7141
2016-01-26;50.0;52.2;50.0;52.15;13876
2016-01-25;52.15;52.65;51.65;51.65;8830
2016-01-22;50.0;52.65;50.0;51.85;10718
2016-01-21;49.5;50.2;49.24;49.54;38677
2016-01-20;50.0;50.0;48.98;49.61;16778
2016-01-19;50.35;50.35;49.3;49.4;9306
2016-01-18;50.0;50.8;49.76;49.76;13985
2016-01-15;50.0;51.05;49.76;50.05;13518
2016-01-14;52.5;52.5;50.3;50.6;12737
2016-01-13;51.15;52.1;50.95;51.5;6884
2016-01-12;50.5;51.85;50.35;51.05;11997
2016-01-11;50.95;51.5;50.2;50.75;11397
2016-01-08;52.1;52.45;50.0;50.0;23578
2016-01-07;53.2;53.2;50.75;52.1;13803
2016-01-06;;53.65;53.65;53.65;0
2016-01-05;55.5;55.5;53.65;53.65;2773
2016-01-04;55.7;55.7;54.0;54.95;5463
2016-01-01;;55.7;55.7;55.7;0
2015-12-31;;55.7;55.7;55.7;0
2015-12-30;56.0;56.6;55.6;55.7;28513
2015-12-29;55.9;56.35;55.9;56.2;3447
2015-12-28;56.15;56.65;55.4;55.85;21489
2015-12-25;55.3;56.15;55.3;56.1;18411
2015-12-24;55.3;56.15;55.3;56.1;18411
2015-12-23;55.3;56.15;55.3;56.1;18411
2015-12-22;55.8;55.8;54.75;55.35;15263
2015-12-21;55.95;56.15;55.3;56.0;14386
2015-12-18;57.0;57.0;54.0;54.0;21477
2015-12-17;55.65;57.2;55.65;56.9;29945
2015-12-16;53.0;55.4;52.75;55.25;27010
2015-12-15;52.55;53.1;52.4;52.4;7064
2015-12-14;53.75;53.75;52.45;52.45;24931
2015-12-11;53.65;53.7;52.5;53.1;6159
2015-12-10;53.75;54.0;53.55;53.8;18664
2015-12-09;54.0;54.0;52.95;53.95;7295
2015-12-08;54.65;54.65;53.5;54.15;34046
2015-12-07;56.0;56.0;55.1;55.1;17760
2015-12-04;56.0;56.0;55.1;55.75;6656
2015-12-03;57.35;57.5;56.25;56.4;13438
2015-12-02;56.9;57.55;56.9;57.4;7230
2015-12-01;56.75;57.7;56.75;56.9;14116
2015-11-30;56.0;56.7;55.8;56.65;8266
2015-11-27;55.7;56.05;55.7;56.05;8789
2015-11-26;55.95;56.3;55.7;55.7;12993
2015-11-25;55.5;56.05;55.15;55.15;4850
2015-11-24;56.0;56.15;55.0;55.15;2279
2015-11-23;56.0;56.3;55.35;56.0;13995
2015-11-20;56.15;56.75;55.85;55.85;2778
2015-11-19;55.2;56.3;55.2;56.15;7950
2015-11-18;56.0;56.0;55.05;55.4;9379
2015-11-17;54.15;55.3;54.15;55.25;10136
2015-11-16;53.6;53.9;53.45;53.75;12883
2015-11-13;54.7;55.0;53.6;53.6;6636
2015-11-12;55.8;56.05;54.65;54.65;14960
2015-11-11;56.3;56.45;55.9;55.9;22858
2015-11-10;56.7;56.7;55.65;55.65;7302
2015-11-09;57.6;57.6;56.6;56.6;7768
2015-11-06;56.9;58.3;56.75;57.6;12174
2015-11-05;57.9;57.9;56.8;57.0;17281
2015-11-04;56.95;57.6;56.7;56.7;18764
2015-11-03;55.95;57.2;55.8;56.95;24159
2015-11-02;55.95;56.25;55.65;55.95;7470
2015-10-30;55.65;56.0;55.4;55.95;17025
2015-10-29;56.0;56.0;54.6;55.5;18616
2015-10-28;56.0;56.0;54.3;55.4;14541
2015-10-27;53.0;54.5;53.0;54.2;37223
2015-10-26;55.5;55.6;52.55;52.55;11465
2015-10-23;51.0;55.6;51.0;55.25;70960
2015-10-22;52.25;53.45;51.1;53.45;54410
2015-10-21;55.9;55.9;52.0;53.25;69312
2015-10-20;54.4;55.2;54.35;54.85;61252
2015-10-19;54.15;55.0;54.15;55.0;4181
2015-10-16;54.5;54.9;54.1;54.75;6171
2015-10-15;56.0;56.0;54.35;54.35;4905
2015-10-14;56.0;56.0;55.2;56.0;3853
2015-10-13;56.5;56.5;55.95;56.25;7535
2015-10-12;56.5;57.0;56.25;56.7;5804
2015-10-09;56.0;57.05;56.0;56.5;12889
2015-10-08;56.0;56.5;54.9;55.5;8112
2015-10-07;56.4;57.75;56.4;57.3;15470
2015-10-06;57.15;57.5;56.75;57.05;5996
2015-10-05;54.75;57.9;54.75;57.9;10602
2015-10-02;54.65;55.9;54.5;54.75;6338
2015-10-01;54.1;55.35;53.9;53.9;13463
2015-09-30;54.0;55.05;53.75;53.75;48323
2015-09-29;52.8;53.75;52.7;53.0;27465
2015-09-28;53.8;54.1;52.95;52.95;20852
2015-09-25;53.3;54.1;53.3;53.8;5354
2015-09-24;54.7;54.7;52.7;52.7;7125
2015-09-23;54.4;55.1;53.65;55.0;7812
2015-09-22;54.95;55.05;53.1;53.1;7999
2015-09-21;54.0;56.0;54.0;54.8;13401
2015-09-18;55.25;55.6;54.55;55.6;12004
2015-09-17;55.05;55.4;54.75;55.4;54143
2015-09-16;53.85;55.25;53.85;55.25;5038
2015-09-15;54.6;54.65;53.75;53.85;3727
2015-09-14;54.6;56.25;54.6;55.65;5423
2015-09-11;56.15;56.55;55.55;56.45;4806
2015-09-10;56.7;57.1;56.05;56.3;1972
2015-09-09;57.2;57.55;57.2;57.25;2576
2015-09-08;56.55;56.9;56.0;56.0;6813
2015-09-07;56.0;56.6;54.95;55.7;9815
2015-09-04;55.1;55.1;54.5;54.55;7010
2015-09-03;54.75;55.95;54.55;55.45;35558
2015-09-02;54.0;54.25;53.15;54.1;9029
2015-09-01;54.5;54.5;53.2;53.25;20171
2015-08-31;54.55;55.0;54.0;55.0;12466
2015-08-28;55.9;56.0;54.35;54.45;27806
2015-08-27;57.75;58.35;56.2;56.2;26275
2015-08-26;57.0;57.8;55.95;56.75;8468
2015-08-25;53.15;57.55;53.15;57.25;13943
2015-08-24;54.9;54.9;52.9;54.25;27079
2015-08-21;55.9;57.85;55.3;55.3;12938
2015-08-20;58.45;58.45;57.2;57.2;5165
2015-08-19;59.8;59.8;58.6;58.85;15019
2015-08-18;60.5;60.85;59.6;59.8;10279
2015-08-17;58.5;60.75;58.5;60.55;6415
2015-08-14;60.95;60.95;60.2;60.5;13963
2015-08-13;60.25;60.8;60.1;60.35;4675
2015-08-12;60.9;60.9;59.4;59.8;4516
2015-08-11;62.4;62.45;60.05;60.05;8410
2015-08-10;62.15;62.5;61.6;62.45;5466
2015-08-07;62.5;62.5;61.8;62.15;9055
2015-08-06;62.6;62.75;62.5;62.7;1116
2015-08-05;62.75;63.7;62.75;63.25;20267
2015-08-04;62.0;63.2;62.0;62.95;4800
2015-08-03;62.95;63.65;62.95;63.1;10431
2015-07-31;63.0;63.0;62.4;62.65;4484
2015-07-30;63.0;63.1;62.5;62.55;2942
2015-07-29;61.5;62.5;61.35;62.35;5984
2015-07-28;61.95;62.2;60.9;61.15;7964
2015-07-27;63.5;63.5;60.9;60.95;10454
2015-07-24;62.2;62.55;62.2;62.45;1142
2015-07-23;62.45;62.5;62.0;62.2;2935
2015-07-22;63.6;63.6;62.4;62.4;3323
2015-07-21;64.3;64.5;63.5;63.55;4007
2015-07-20;64.7;64.75;64.0;64.35;9892
2015-07-17;66.2;66.45;63.35;63.8;10961
2015-07-16;64.35;66.25;64.35;65.15;22296
2015-07-15;64.7;65.3;64.15;65.3;17436
2015-07-14;65.45;65.6;64.3;64.3;3688
2015-07-13;64.85;65.75;64.65;65.35;10232
2015-07-10;63.9;64.6;63.9;64.25;27669
2015-07-09;60.9;63.0;60.9;62.9;6219
2015-07-08;61.25;61.4;60.8;60.9;7008
2015-07-07;62.0;62.25;61.25;61.25;27312
2015-07-06;62.2;62.75;60.9;60.9;8750
2015-07-03;62.45;63.1;62.35;63.05;10021
2015-07-02;64.2;64.2;62.2;63.15;8557
2015-07-01;63.0;64.2;62.5;64.2;8068
2015-06-30;61.9;62.75;61.4;62.75;8596
2015-06-29;61.0;62.5;60.45;62.35;21734
2015-06-26;61.7;63.6;61.1;63.1;13843
2015-06-25;62.0;62.45;61.7;61.9;5972
2015-06-24;62.8;62.8;61.8;61.8;14956
2015-06-23;62.75;63.1;62.45;62.8;31621
2015-06-22;62.5;62.5;61.3;61.75;85867
2015-06-19;;62.75;62.75;62.75;0
2015-06-18;59.05;62.75;59.05;62.75;114931
2015-06-17;62.05;62.05;60.65;61.2;14345
2015-06-16;60.5;62.0;59.5;62.0;8985
2015-06-15;62.0;62.65;60.4;60.5;29376
2015-06-12;63.2;63.65;62.4;63.25;8129
2015-06-11;63.0;63.35;62.15;62.85;10336
2015-06-10;61.35;62.6;61.0;62.6;14785
2015-06-09;62.0;62.5;61.35;61.95;10573
2015-06-08;62.7;63.35;62.55;63.0;39316
2015-06-05;64.6;64.6;62.1;63.1;10456
2015-06-04;64.8;64.8;62.9;63.4;17468
2015-06-03;65.0;65.25;64.0;64.95;13257
2015-06-02;64.85;65.15;64.4;65.15;8082
2015-06-01;65.05;65.25;64.25;64.8;9201
2015-05-29;65.4;65.4;64.5;65.1;6708
2015-05-28;67.3;67.3;64.8;65.2;7554
2015-05-27;65.45;65.8;65.1;65.25;14246
2015-05-26;67.0;67.1;65.0;65.0;52071
2015-05-25;66.0;67.1;66.0;67.05;8347
2015-05-22;65.6;67.05;65.05;66.6;59622
2015-05-21;64.5;65.85;64.3;65.85;30219
2015-05-20;64.0;64.5;63.45;64.5;24944
2015-05-19;63.5;64.25;62.75;64.25;23917
2015-05-18;63.1;63.45;62.4;62.6;18083
2015-05-15;61.0;63.1;61.0;63.1;26543
2015-05-14;60.55;61.05;60.25;61.0;5067
2015-05-13;60.55;61.05;60.25;61.0;5067
2015-05-12;60.9;60.9;59.85;60.55;20028
2015-05-11;61.5;61.6;60.8;60.85;9205
2015-05-08;60.3;61.9;60.3;61.9;22927
2015-05-07;60.0;61.05;58.75;60.85;42140
2015-05-06;61.0;61.1;59.45;59.75;16210
2015-05-05;62.45;62.9;60.8;60.8;23375
2015-05-04;63.85;63.85;61.9;62.4;178966
2015-05-01;62.1;62.2;61.35;62.05;57999
2015-04-30;62.1;62.2;61.35;62.05;57999
2015-04-29;63.0;63.0;61.8;62.1;689509
2015-04-28;63.65;63.65;62.0;62.0;246036
2015-04-27;63.6;64.15;63.4;63.4;947058
2015-04-24;62.6;63.6;62.6;63.5;31734
2015-04-23;62.3;63.6;62.25;63.0;13331
2015-04-22;64.1;64.1;62.15;62.55;17377
2015-04-21;61.0;64.25;60.6;64.2;87436
2015-04-20;58.45;59.75;58.45;59.75;13308
2015-04-17;60.4;60.4;58.65;58.65;91587
2015-04-16;60.8;60.8;60.0;60.05;13238
2015-04-15;62.6;62.6;60.8;60.8;36516
2015-04-14;62.1;63.1;62.1;62.6;23940
2015-04-13;63.0;63.4;62.65;62.8;18565
2015-04-10;63.0;63.7;63.0;63.5;14075
2015-04-09;62.65;63.9;62.45;63.2;24232
2015-04-08;62.3;63.35;61.95;62.1;16173
2015-04-07;62.5;63.0;61.3;61.75;17706
2015-04-02;61.2;61.55;60.9;60.9;42741
2015-04-01;62.3;62.3;61.15;61.3;13928
2015-03-31;62.95;63.5;62.3;62.55;8419
2015-03-30;63.0;63.55;62.5;62.9;9097
2015-03-27;62.7;63.2;62.15;63.15;6081
2015-03-26;63.45;63.45;61.9;62.15;6758
2015-03-25;63.8;64.4;63.5;63.5;12062
2015-03-24;62.0;64.1;62.0;64.0;12472
2015-03-23;62.85;63.0;62.35;62.75;13291
2015-03-20;63.2;63.6;62.9;63.3;9955
2015-03-19;63.05;64.25;62.85;63.2;7261
2015-03-18;62.2;64.05;62.2;63.4;27789
2015-03-17;62.2;63.35;61.6;62.25;37652
2015-03-16;62.95;63.4;62.7;63.0;8111
2015-03-13;63.6;63.85;63.0;63.25;1548
2015-03-12;62.8;63.55;62.15;63.55;4836
2015-03-11;63.35;63.8;62.2;62.8;8684
2015-03-10;64.9;65.25;63.35;63.35;26186
2015-03-09;63.35;64.6;62.75;63.75;17651
2015-03-06;63.65;64.2;63.15;63.5;9674
2015-03-05;62.2;63.85;62.2;63.65;5927
2015-03-04;62.2;62.7;61.3;61.95;41054
2015-03-03;63.75;64.8;62.25;62.4;30490
2015-03-02;65.1;65.5;64.2;64.35;16989
2015-02-27;64.9;65.55;64.65;65.1;12074
2015-02-26;65.9;65.95;64.85;64.85;10681
2015-02-25;65.3;66.2;65.3;65.9;9538
2015-02-24;65.0;65.7;64.55;65.6;24075
2015-02-23;65.5;66.75;65.5;65.9;222757
2015-02-20;66.85;67.0;65.9;66.25;416807
2015-02-19;66.8;67.35;66.6;67.0;26645
2015-02-18;65.5;67.15;65.5;66.8;23309
2015-02-17;66.6;66.75;65.7;66.0;56210
2015-02-16;67.75;68.0;66.35;66.6;19164
2015-02-13;67.25;68.0;67.2;67.75;23522
2015-02-12;65.3;67.1;65.3;67.0;47062
2015-02-11;65.4;66.1;65.15;65.2;31803
2015-02-10;64.65;66.5;64.55;65.55;124598
2015-02-09;61.5;64.6;61.5;64.5;1276018
2015-02-06;60.2;62.5;56.35;61.5;870856
2015-02-05;59.0;60.4;58.7;60.4;267206
2015-02-04;58.7;59.15;57.7;58.6;892085
2015-02-03;58.15;59.0;58.0;58.0;526814
2015-02-02;57.0;58.2;57.0;57.55;9827
2015-01-30;56.05;58.05;56.05;57.65;29102
2015-01-29;54.75;56.1;54.75;56.1;9906
2015-01-28;54.85;56.0;54.85;55.8;196272
2015-01-27;55.8;56.3;54.75;54.75;154937
2015-01-26;53.8;55.85;53.75;55.85;29482
2015-01-23;55.4;56.0;53.8;53.8;26870
2015-01-22;54.9;55.55;54.6;55.45;20661
2015-01-21;55.2;55.2;54.15;54.9;11120
2015-01-20;56.3;57.15;54.9;55.3;23692
2015-01-19;55.0;55.9;55.0;55.65;17436
2015-01-16;54.0;54.9;54.0;54.75;22313
2015-01-15;56.8;56.8;53.85;55.15;85080
2015-01-14;57.5;57.9;56.45;57.1;41901
2015-01-13;57.2;58.25;57.2;58.2;9285
2015-01-12;58.05;58.9;57.85;58.4;9744
2015-01-09;59.3;59.65;58.0;58.0;15400
2015-01-08;57.85;59.7;57.75;59.3;11767
2015-01-07;58.3;58.9;57.5;57.65;36459
2015-01-06;;58.35;58.35;58.35;0
2015-01-05;58.0;58.4;58.0;58.35;5903
2015-01-02;57.5;58.0;57.3;58.0;10321
2015-01-01;58.45;58.45;57.6;57.6;16239
2014-12-30;58.45;58.45;57.6;57.6;16239
2014-12-29;58.65;59.4;58.2;58.5;27044
2014-12-23;58.0;59.0;58.0;58.5;49941
2014-12-22;57.55;58.8;57.55;58.1;152328
2014-12-19;56.3;58.0;56.3;58.0;222344
2014-12-18;55.35;56.95;55.35;56.3;57950
2014-12-17;54.35;54.85;54.35;54.4;5651
2014-12-16;54.0;55.0;53.75;54.45;12055
2014-12-15;53.7;55.5;53.7;53.9;8358
2014-12-12;54.65;54.65;54.05;54.05;11977
2014-12-11;55.6;55.6;54.4;55.0;17484
2014-12-10;55.0;55.85;55.0;55.85;9508
2014-12-09;55.75;55.85;55.1;55.1;21444
2014-12-08;55.8;56.1;55.8;55.8;4983
2014-12-05;55.5;56.0;55.5;56.0;10957
2014-12-04;55.7;56.15;55.2;55.5;23322
2014-12-03;54.75;55.8;54.65;55.55;10258
2014-12-02;55.25;55.45;54.9;54.95;3921
2014-12-01;54.6;55.25;54.5;55.25;10387
2014-11-28;56.5;56.5;54.3;55.0;20773
2014-11-27;55.1;56.1;55.05;55.65;17767
2014-11-26;54.6;55.2;54.55;55.15;20795
2014-11-25;54.25;55.25;54.25;54.75;119150
2014-11-24;54.5;54.6;54.05;54.5;21024
2014-11-21;53.6;54.85;53.6;54.8;18256
2014-11-20;54.15;54.2;53.95;54.0;2077
2014-11-19;54.45;54.45;54.0;54.1;5409
2014-11-18;54.0;54.65;54.0;54.45;17192
2014-11-17;53.5;54.0;53.0;54.0;13649
2014-11-14;53.3;53.8;53.3;53.75;10322
2014-11-13;54.0;54.0;53.5;53.5;23185
2014-11-12;53.9;53.95;53.5;53.7;3604
2014-11-11;54.25;54.25;53.75;53.95;8066
2014-11-10;53.5;54.4;53.5;53.9;6942
2014-11-07;54.45;55.0;53.35;53.5;18449
2014-11-06;52.85;55.2;52.85;54.55;12874
2014-11-05;54.3;54.95;54.2;54.55;22067
2014-11-04;54.0;54.35;53.55;53.55;30236
2014-11-03;54.55;54.75;53.75;53.75;19790
2014-10-31;54.0;54.6;53.75;54.55;10477
2014-10-30;54.0;54.1;53.0;53.95;21227
2014-10-29;54.45;54.9;53.9;53.9;47260
2014-10-28;53.5;54.35;53.0;54.15;21226
2014-10-24;52.9;53.05;52.3;52.3;17780
2014-10-23;52.0;53.05;51.55;52.9;20699
2014-10-22;50.0;52.35;50.0;52.05;73076
2014-10-21;47.1;48.29;46.96;48.29;9399
2014-10-20;47.46;47.77;46.77;47.1;6879
2014-10-17;46.31;47.54;46.15;47.38;38100
2014-10-16;45.21;46.42;44.31;46.19;68597
2014-10-15;46.13;46.58;44.89;60.0;10389
2014-10-14;48.0;48.0;45.75;46.12;778619
2014-10-13;46.65;47.43;46.25;46.3;15472
2014-10-10;47.39;47.39;45.7;46.42;18046
2014-10-09;48.82;48.82;47.59;47.59;69363
2014-10-08;46.85;48.58;46.5;48.58;15355
2014-10-07;48.97;48.97;46.89;46.97;21194
2014-10-06;49.06;49.65;48.89;48.89;10422
2014-10-03;48.54;49.8;48.54;49.26;29368
2014-10-02;50.0;50.75;48.62;48.67;13380
2014-10-01;51.5;51.5;50.8;50.9;7548
2014-09-30;50.85;51.35;49.17;51.35;12826
2014-09-29;48.45;50.85;48.45;49.83;11807
2014-09-26;51.0;51.35;50.2;51.0;33560
2014-09-25;52.7;52.75;50.65;50.8;50111
2014-09-24;52.3;52.9;52.0;52.9;19793
2014-09-23;53.05;53.15;52.1;52.15;28280
2014-09-22;52.95;53.7;52.95;53.2;119306
2014-09-19;52.05;54.25;52.05;52.95;38342
2014-09-18;51.5;53.05;51.5;52.65;19477
2014-09-17;51.9;52.5;51.9;52.5;27451
2014-09-16;52.1;52.1;51.2;51.9;20733
2014-09-15;51.6;52.25;51.25;52.1;17685
2014-09-12;51.0;52.0;51.0;51.55;11999
2014-09-11;51.7;52.85;51.4;51.4;20657
2014-09-10;52.0;52.15;51.8;52.15;16273
2014-09-09;52.7;52.7;52.0;52.35;299638
2014-09-08;52.35;53.1;52.35;52.7;14726
2014-09-05;52.5;53.15;51.85;52.3;57040
2014-09-04;53.3;53.3;52.6;52.9;17305
2014-09-03;52.1;53.4;52.1;53.4;44843
2014-09-02;52.5;52.7;52.15;52.7;11916
2014-09-01;52.1;52.95;52.1;52.2;14735
2014-08-29;52.35;52.95;51.95;52.95;6306
2014-08-28;53.6;53.6;52.3;52.35;29076
2014-08-27;51.7;52.9;51.7;52.6;55493
2014-08-26;50.95;51.65;50.9;51.65;21507
2014-08-25;51.8;51.8;50.95;51.2;17961
2014-08-22;52.0;52.0;50.9;50.9;17890
2014-08-21;51.0;51.6;50.45;51.35;24934
2014-08-20;52.35;52.35;50.25;50.65;55829
2014-08-19;52.5;52.6;52.15;52.35;26245
2014-08-18;51.15;52.4;51.15;51.95;30121
2014-08-15;51.05;52.0;51.05;51.05;29073
2014-08-14;51.05;51.5;50.8;51.0;17778
2014-08-13;52.1;52.1;51.65;51.8;12640
2014-08-12;53.0;53.0;51.8;51.95;6779
2014-08-11;51.05;52.7;51.05;52.7;118156
2014-08-08;53.0;53.0;51.15;51.15;93975
2014-08-07;53.5;54.45;53.5;54.4;14665
2014-08-06;54.05;54.05;53.45;53.75;29756
2014-08-05;54.8;55.2;54.65;54.65;6861
2014-08-04;54.0;54.65;54.0;54.65;24202
2014-08-01;54.35;54.7;53.75;54.05;6298
2014-07-31;55.2;55.2;54.2;54.35;9669
2014-07-30;54.1;55.45;54.1;55.0;15864
2014-07-29;55.0;55.75;55.0;55.2;26556
2014-07-28;54.1;55.8;54.1;55.2;14876
2014-07-25;56.8;56.8;55.3;55.3;9778
2014-07-24;54.55;56.3;54.55;56.3;3974
2014-07-23;55.1;55.4;55.05;55.25;10452
2014-07-22;54.8;55.4;54.8;55.25;4800
2014-07-21;54.75;55.15;54.75;54.75;10170
2014-07-18;55.4;55.45;54.7;54.8;21511
2014-07-17;55.75;56.5;55.0;55.1;48212
2014-07-16;53.5;55.55;53.5;55.35;134773
2014-07-15;52.3;52.3;51.4;51.5;13139
2014-07-14;51.5;52.3;51.4;52.3;5852
2014-07-11;52.25;52.25;51.45;51.65;10467
2014-07-10;51.8;51.95;51.4;51.9;4595
2014-07-09;52.0;52.5;51.9;52.0;11009
2014-07-08;52.3;52.45;52.2;52.35;14691
2014-07-07;52.95;52.95;52.35;52.65;22475
2014-07-04;53.5;53.5;52.7;52.8;15222
2014-07-03;52.3;53.5;51.95;53.5;23681
2014-07-02;50.0;52.1;50.0;51.9;11039
2014-07-01;51.5;52.15;51.5;51.8;3861
2014-06-30;52.0;52.5;51.85;51.9;4961
2014-06-27;51.8;52.2;51.8;52.0;6853
2014-06-26;51.55;52.15;51.55;51.6;5565
2014-06-25;52.0;52.25;51.5;51.65;30583
2014-06-24;52.0;52.45;51.5;51.95;7435
2014-06-23;51.2;52.35;51.0;51.95;23717
2014-06-20;;49.63;49.63;49.63;0
2014-06-19;49.99;51.5;49.63;49.63;19475
2014-06-18;50.0;50.95;49.99;50.3;61118
2014-06-17;49.7;50.7;49.7;50.1;13817
2014-06-16;51.5;52.2;49.88;50.05;37182
2014-06-13;52.2;52.2;51.7;52.0;44575
2014-06-12;52.4;52.4;51.95;52.35;18631
2014-06-11;51.65;52.4;51.65;51.85;11334
2014-06-10;52.15;52.15;51.5;51.7;7468
2014-06-09;52.3;52.75;52.1;52.15;7785
2014-06-06;;52.3;52.3;52.3;0
2014-06-05;53.0;53.0;52.3;52.3;11559
2014-06-04;53.0;53.1;52.9;52.95;7269
2014-06-03;53.05;53.5;52.3;53.45;25887
2014-06-02;52.1;53.05;52.1;53.0;41571
2014-05-30;51.3;52.5;51.3;52.25;21737
2014-05-28;51.7;52.0;51.35;51.5;22325
2014-05-27;51.9;52.25;51.65;51.9;9045
2014-05-26;51.5;52.2;51.5;51.85;17010
2014-05-23;52.1;52.2;51.55;51.75;48672
2014-05-22;51.75;52.2;51.5;52.2;15113
2014-05-21;51.8;52.3;51.6;51.75;47247
2014-05-20;51.1;51.95;51.1;51.8;17989
2014-05-19;50.9;51.95;50.9;51.75;38686
2014-05-16;51.05;51.65;50.8;51.1;44893
2014-05-15;51.3;52.0;50.95;50.95;32488
2014-05-14;52.0;52.35;51.05;51.05;44562
2014-05-13;53.25;53.4;52.7;52.85;30934
2014-05-12;53.25;53.65;53.1;53.55;18654
2014-05-09;53.3;53.3;52.75;53.3;13686
2014-05-08;53.3;53.8;52.95;53.1;25575
2014-05-07;53.75;53.75;53.0;53.35;32154
2014-05-06;51.7;53.65;51.7;53.45;30555
2014-05-05;53.25;53.75;52.0;52.15;10192
2014-05-02;53.8;53.8;52.8;53.25;31353
2014-05-01;;53.85;53.85;53.85;0
2014-04-30;54.0;54.95;53.8;53.85;28912
2014-04-29;52.75;54.15;52.75;53.65;43485
2014-04-28;51.9;53.15;51.85;52.65;35120
2014-04-25;49.24;52.0;49.24;51.9;70576
2014-04-24;50.45;51.55;49.62;49.77;210848
2014-04-23;47.02;47.02;46.4;46.66;57053
2014-04-22;45.8;47.11;45.8;46.8;22045
2014-04-17;46.87;47.15;45.79;45.79;15024
2014-04-16;46.1;46.8;46.1;46.8;53877
2014-04-15;44.7;46.17;44.7;46.14;19866
2014-04-14;43.51;45.18;43.51;45.0;47764
2014-04-11;47.34;47.34;44.55;44.89;75848
2014-04-10;47.6;48.05;47.25;47.34;30359
2014-04-09;46.0;47.48;46.0;47.24;64881
2014-04-08;46.0;46.11;45.49;45.86;83495
2014-04-07;46.48;46.48;45.5;45.9;29258
2014-04-04;46.26;46.5;45.98;46.5;45280
2014-04-03;46.5;46.5;45.98;46.26;29853
2014-04-02;45.63;46.51;45.0;45.98;89523
2014-04-01;45.1;45.8;44.74;45.8;40415
2014-03-31;44.37;45.22;44.2;45.02;47894
2014-03-28;45.0;45.0;44.28;44.29;7204
2014-03-27;44.0;44.5;43.85;44.28;34599
2014-03-26;44.0;44.7;43.82;44.4;28056
2014-03-25;41.83;43.96;41.83;43.93;54263
2014-03-24;42.13;42.13;41.55;41.77;18186
2014-03-21;41.35;42.15;41.35;42.15;10769
2014-03-20;42.72;42.72;41.74;41.74;6320
2014-03-19;43.5;43.5;42.61;42.72;9738
2014-03-18;43.0;43.37;42.71;43.37;6093
2014-03-17;41.06;43.25;41.06;43.25;9643
2014-03-14;41.77;42.18;41.57;42.18;5667
2014-03-13;41.83;42.56;41.83;42.3;47730
2014-03-12;42.48;42.49;41.84;41.85;14836
2014-03-11;42.62;43.0;42.38;42.38;9250
2014-03-10;43.0;43.39;42.69;42.69;10847
2014-03-07;43.0;43.67;43.0;43.01;201754
2014-03-06;43.06;43.55;42.92;43.32;131007
2014-03-05;43.68;43.94;42.66;42.66;23467
2014-03-04;42.5;44.23;42.5;43.68;34780
2014-03-03;42.3;43.0;41.52;42.54;43376
2014-02-28;43.93;43.93;43.21;43.21;5109
2014-02-27;43.6;43.88;43.13;43.26;18370
2014-02-26;44.0;44.0;43.25;43.3;31273
2014-02-25;42.65;43.81;42.65;43.79;37308
2014-02-24;42.5;43.0;42.5;42.92;33406
2014-02-21;42.0;42.5;42.0;42.3;10541
2014-02-20;42.0;42.0;41.6;41.8;8554
2014-02-19;43.0;43.0;41.74;41.87;14341
2014-02-18;42.5;42.5;41.69;41.99;47440
2014-02-17;40.77;42.06;40.77;42.0;35354
2014-02-14;40.58;41.35;40.45;40.66;26190
2014-02-13;41.0;41.0;40.1;40.11;116482
2014-02-12;40.2;40.79;40.2;40.59;319258
2014-02-11;37.5;40.26;37.5;40.16;1084013
2014-02-10;39.5;39.84;39.5;39.63;11432
2014-02-07;40.0;40.0;39.15;39.22;17919
2014-02-06;37.34;39.73;37.34;39.44;28358
2014-02-05;37.2;37.35;37.06;37.24;30489
2014-02-04;36.81;37.2;36.8;36.85;14275
2014-02-03;37.67;38.21;37.23;37.23;13758
2014-01-31;38.4;38.4;37.5;37.8;16743
2014-01-30;38.2;38.71;38.03;38.38;8549
2014-01-29;39.68;40.15;38.64;38.7;19787
2014-01-28;39.0;39.77;39.0;39.68;5865
2014-01-27;39.5;39.8;39.13;39.13;9319
2014-01-24;40.32;40.5;39.14;39.14;12814
2014-01-23;41.0;41.57;40.5;40.5;6827
2014-01-22;40.27;40.99;40.27;40.9;3865
2014-01-21;40.47;40.64;40.13;40.29;21935
2014-01-20;40.27;40.63;40.15;40.35;8646
2014-01-17;40.0;40.49;40.0;40.42;14198
2014-01-16;40.13;40.53;40.0;40.0;20797
2014-01-15;40.0;40.59;40.0;40.38;22646
2014-01-14;39.48;40.24;39.48;40.1;10130
2014-01-13;39.65;40.37;39.63;39.88;11729
2014-01-10;38.2;39.98;38.2;39.54;9804
2014-01-09;39.0;40.0;39.0;39.17;14792
2014-01-08;39.0;39.09;38.7;38.87;12815
2014-01-07;39.0;39.12;38.64;38.98;6166
2014-01-06;;39.0;39.0;39.0;0
2014-01-03;38.6;39.22;38.57;39.0;32474
2014-01-02;38.0;38.8;38.0;38.6;13196
2013-12-31;;38.6;38.6;38.6;0
2013-12-30;38.0;38.76;38.0;38.6;19872
2013-12-27;36.5;38.75;36.5;38.74;23689
2013-12-23;36.8;38.2;36.8;38.05;53361
2013-12-20;37.2;37.6;36.92;37.42;95821
2013-12-19;36.6;37.04;36.6;36.95;24788
2013-12-18;36.39;37.0;36.39;36.53;30782
2013-12-17;36.46;36.7;36.46;36.52;9932
2013-12-16;37.0;37.0;36.4;36.58;8370
2013-12-13;36.9;37.6;36.9;37.0;11507
2013-12-12;37.79;38.0;37.1;37.1;31352
2013-12-11;37.0;38.12;36.96;37.95;14198
2013-12-10;37.0;37.39;37.0;37.25;8657
2013-12-09;37.4;37.77;37.0;37.34;47593
2013-12-06;37.37;37.93;37.31;37.93;6659
2013-12-05;37.41;37.9;37.41;37.51;11567
2013-12-04;37.88;38.05;37.11;37.41;15352
2013-12-03;39.0;39.0;37.88;37.88;17626
2013-12-02;39.09;39.24;38.96;39.24;36603
2013-11-29;39.1;39.44;39.1;39.18;4751
2013-11-28;39.1;39.74;39.1;39.36;15092
2013-11-27;39.11;39.27;38.95;39.1;23399
2013-11-26;39.48;39.64;39.04;39.27;8685
2013-11-25;38.89;39.75;38.89;39.24;10456
2013-11-22;39.02;39.27;38.88;39.27;4766
2013-11-21;39.12;39.27;38.9;39.03;5277
2013-11-20;39.07;39.3;39.0;39.2;7438
2013-11-19;38.45;39.4;38.45;39.32;26750
2013-11-18;39.49;39.49;39.0;39.0;18948
2013-11-15;38.72;39.15;38.72;39.1;6403
2013-11-14;39.11;39.13;38.57;38.71;4572
2013-11-13;38.61;39.4;38.61;39.11;5226
2013-11-12;40.0;40.0;39.35;39.35;4128
2013-11-11;39.35;39.69;39.35;39.54;17178
2013-11-08;39.42;39.42;39.0;39.0;3292
2013-11-07;39.44;39.44;39.09;39.18;17779
2013-11-06;38.3;39.22;38.3;38.87;23991
2013-11-05;39.05;39.05;38.77;38.77;23332
2013-11-04;37.5;38.65;37.5;38.62;20064
2013-11-01;38.11;38.11;37.67;37.67;106159
2013-10-31;38.05;38.3;38.0;38.05;8837
2013-10-30;38.35;38.75;38.26;38.26;20978
2013-10-29;37.95;38.35;37.9;38.35;20093
2013-10-28;39.0;39.0;37.58;38.1;30927
2013-10-25;38.9;39.25;38.02;38.52;26191
2013-10-24;42.0;42.0;38.05;38.82;107679
2013-10-23;44.0;44.07;43.69;43.92;125178
2013-10-22;43.26;44.26;42.8;43.98;129994
2013-10-21;43.0;43.4;43.0;43.26;120526
2013-10-18;42.0;43.0;42.0;43.0;127945
2013-10-17;41.34;41.52;41.16;41.52;2197
2013-10-16;40.51;41.39;40.51;41.17;13109
2013-10-15;41.0;41.16;40.71;41.05;119579
2013-10-14;40.2;41.08;40.2;40.62;104973
2013-10-11;41.0;41.21;40.89;41.08;6459
2013-10-10;43.0;43.0;40.97;41.07;14688
2013-10-09;41.0;41.25;40.8;41.13;4672
2013-10-08;40.2;41.47;40.2;41.09;26934
2013-10-07;40.93;41.41;40.85;41.16;4200
2013-10-04;41.3;41.42;40.93;41.2;5142
2013-10-03;40.2;41.74;40.2;41.52;7863
2013-10-02;40.3;42.0;40.3;41.63;20484
2013-10-01;41.1;41.85;41.1;41.77;11901
2013-09-30;42.0;42.0;41.27;41.73;11746
2013-09-27;41.49;42.16;41.49;41.67;131367
2013-09-26;41.9;41.92;41.49;41.49;4713
2013-09-25;41.25;41.94;41.25;41.81;26676
2013-09-24;42.23;42.23;40.91;41.96;43933
2013-09-23;41.1;42.72;41.1;42.25;6750
2013-09-20;42.6;42.82;42.24;42.82;12549
2013-09-19;43.0;43.24;42.5;42.6;9054
2013-09-18;42.5;43.0;42.5;42.85;77760
2013-09-17;42.8;43.18;42.58;42.59;9477
2013-09-16;43.02;43.46;42.94;42.94;8706
2013-09-13;42.52;43.0;42.27;43.0;12002
2013-09-12;44.5;44.5;42.41;42.79;17570
2013-09-11;44.0;44.0;42.64;43.03;14901
2013-09-10;43.0;43.39;42.83;43.21;46655
2013-09-09;42.5;42.95;42.33;42.62;150544
2013-09-06;42.0;42.36;42.0;42.26;9707
2013-09-05;42.15;42.47;41.99;42.25;91678
2013-09-04;42.5;42.5;41.61;42.15;77898
2013-09-03;41.5;42.1;41.5;41.97;23057
2013-09-02;40.8;42.0;40.8;41.69;3316
2013-08-30;41.95;41.95;41.41;41.59;106522
2013-08-29;40.85;41.82;40.85;41.82;14170
2013-08-28;41.5;41.5;40.64;40.85;6323
2013-08-27;41.5;42.0;41.22;41.66;12054
2013-08-26;41.25;42.16;41.25;41.56;11328
2013-08-23;41.0;42.13;41.0;41.92;24776
2013-08-22;38.0;40.9;38.0;40.9;22157
2013-08-21;39.8;39.8;39.54;39.54;14323
2013-08-20;40.0;40.0;39.59;39.8;6120
2013-08-19;41.0;41.0;39.85;40.02;7028
2013-08-16;39.29;40.0;39.29;39.95;10939
2013-08-15;39.57;39.57;39.05;39.28;5002
2013-08-14;39.5;40.05;39.5;39.93;10522
2013-08-13;39.57;39.57;39.39;39.4;3755
2013-08-12;39.8;39.8;39.17;39.41;7887
2013-08-09;38.45;39.6;38.45;39.56;6257
2013-08-08;38.01;39.26;38.01;38.85;3381
2013-08-07;39.0;39.4;38.98;38.98;6078
2013-08-06;40.0;40.18;39.39;39.39;10805
2013-08-05;39.5;40.29;39.5;40.29;13025
2013-08-02;39.01;40.0;39.01;39.8;10641
2013-08-01;40.0;40.0;39.32;39.7;10448
2013-07-31;38.97;39.24;38.69;39.15;18690
2013-07-30;37.55;39.0;36.9;36.9;6729
2013-07-29;37.9;38.92;37.9;38.92;5484
2013-07-26;38.7;39.0;38.4;38.4;8573
2013-07-25;38.25;38.81;38.25;38.81;2177
2013-07-24;38.0;38.86;38.0;38.86;2361
2013-07-23;38.0;38.5;38.0;38.48;3201
2013-07-22;38.0;38.0;37.68;37.68;6010
2013-07-19;37.0;38.0;37.0;38.0;8901
2013-07-18;37.0;38.0;37.0;38.0;9052
2013-07-17;38.0;38.0;37.64;38.0;913
2013-07-16;36.5;37.9;36.5;37.85;10299
2013-07-15;37.5;37.82;37.19;37.65;6926
2013-07-12;37.05;37.1;36.95;36.95;8090
2013-07-11;35.1;37.0;35.1;36.99;19165
2013-07-10;36.0;36.29;35.76;35.76;9775
2013-07-09;36.2;36.27;36.0;36.0;4480
2013-07-08;36.0;36.16;36.0;36.0;13046
2013-07-05;35.87;36.08;35.79;35.99;9331
2013-07-04;35.7;35.8;34.5;34.5;3242
2013-07-03;35.4;35.4;34.63;35.04;3321
2013-07-02;35.0;35.51;35.0;35.39;2043
2013-07-01;36.0;36.0;35.24;35.24;4654
2013-06-28;35.21;36.5;35.21;36.5;9308
2013-06-27;34.6;35.5;34.6;35.21;6717
2013-06-26;34.6;35.31;34.6;35.05;5375
2013-06-25;33.5;35.14;33.5;34.83;58822
2013-06-24;35.7;35.7;33.67;34.0;19935
2013-06-21;;33.5;33.5;33.5;0
2013-06-20;35.5;35.7;33.5;33.5;41296
2013-06-19;36.45;37.24;35.5;35.5;16254
2013-06-18;36.2;37.55;36.2;36.4;5705
2013-06-17;37.0;37.46;37.0;37.34;12868
2013-06-14;36.59;37.38;36.59;37.29;5376
2013-06-13;36.2;37.0;36.2;36.59;5968
2013-06-12;36.51;37.2;36.51;36.89;3356
2013-06-11;37.0;37.0;36.22;36.51;8185
2013-06-10;38.0;38.0;36.1;37.53;12101
2013-06-07;38.6;38.6;37.45;37.94;989
2013-06-06;;38.7;38.7;38.7;0
2013-06-05;38.8;38.8;37.54;38.7;23028
2013-06-04;36.1;38.33;36.1;38.25;6971
2013-06-03;39.0;39.0;37.48;37.98;6679
2013-05-31;38.0;38.0;37.78;37.78;7382
2013-05-30;38.18;38.37;38.15;38.21;2769
2013-05-29;39.25;39.25;38.05;38.35;15440
2013-05-28;38.56;39.1;38.56;38.99;6977
2013-05-27;38.5;38.83;38.5;38.83;2432
2013-05-24;39.0;39.0;38.5;38.6;5769
2013-05-23;39.82;39.82;38.49;38.8;16157
2013-05-22;40.15;40.15;39.84;39.95;6425
2013-05-21;39.0;40.44;39.0;40.15;11692
2013-05-20;40.0;40.58;39.88;40.06;7539
2013-05-17;41.0;41.0;40.4;40.46;13101
2013-05-16;39.5;40.74;39.5;40.42;10897
2013-05-15;39.71;40.12;39.71;39.93;30244
2013-05-14;40.0;40.0;39.33;39.71;12051
2013-05-13;39.0;39.62;39.0;39.62;3960
2013-05-10;40.0;40.0;39.42;39.52;8705
2013-05-09;;39.33;39.33;39.33;0
2013-05-08;38.84;39.33;38.84;39.33;6127
2013-05-07;38.13;39.09;38.13;38.68;9755
2013-05-06;38.1;38.37;37.87;38.13;7975
2013-05-03;36.5;38.0;36.5;37.96;12087
2013-05-02;37.12;37.15;36.55;36.99;15671
2013-05-01;;37.36;37.36;37.36;0
2013-04-30;36.61;37.36;36.61;37.36;42471
2013-04-29;35.0;37.185;35.0;36.9;14926
2013-04-26;37.0;37.14;36.79;36.87;8680
2013-04-25;35.0;37.2;35.0;37.2;28600
2013-04-24;36.94;37.01;35.75;36.5;10051
2013-04-23;35.0;37.14;35.0;37.1;5523
2013-04-22;35.25;36.41;35.19;35.19;8493
2013-04-19;36.04;36.3;34.7;34.7;42891
2013-04-18;35.11;35.9;34.97;35.9;2357
2013-04-17;34.65;35.31;34.65;35.13;6161
2013-04-16;34.5;35.57;34.5;34.65;22077
2013-04-15;35.9;35.9;35.0;35.0;26655
2013-04-12;37.3;37.3;36.0;36.0;19707
2013-04-11;36.95;37.9;36.95;37.69;12036
2013-04-10;36.7;37.06;36.6;36.94;7906
2013-04-09;37.0;37.1;36.33;36.48;8996
2013-04-08;36.95;37.2;36.61;36.76;25714
2013-04-05;37.5;37.55;36.53;36.91;1692
2013-04-04;37.9;37.9;37.45;37.45;7819
2013-04-03;38.0;38.14;37.84;37.9;5908
2013-04-02;38.0;38.35;38.0;38.3;13553
2013-04-01;;38.5;38.5;38.5;0
2013-03-29;37.5;38.5;38.5;38.5;4814
2013-03-28;37.5;38.07;37.38;37.74;4814
2013-03-27;37.5;38.07;37.38;37.74;4814
2013-03-26;38.0;38.03;37.88;38.01;4969
2013-03-25;37.0;38.1;37.0;37.94;6462
2013-03-22;37.08;37.66;37.08;37.66;7730
2013-03-21;37.5;37.73;36.82;37.35;3938
2013-03-20;36.99;37.36;36.75;37.36;9077
2013-03-19;37.5;38.1;37.0;37.0;4386
2013-03-18;38.0;38.0;37.54;37.76;5221
2013-03-15;38.0;38.5;37.97;38.33;5803
2013-03-14;38.1;38.4;38.0;38.18;13461
2013-03-13;38.05;38.31;38.0;38.14;11006
2013-03-12;38.6;38.73;38.52;38.54;4410
2013-03-11;38.89;39.08;38.05;38.05;12587
2013-03-08;39.0;39.15;38.71;38.89;3471
2013-03-07;39.0;39.0;38.51;38.76;3693
2013-03-06;39.2;39.35;38.9;38.97;10013
2013-03-05;39.05;39.49;39.05;39.38;9063
2013-03-04;39.0;39.42;38.84;39.05;9325
2013-03-01;39.0;40.01;39.0;39.45;7382
2013-02-28;39.92;40.09;38.0;38.0;7646
2013-02-27;39.0;39.35;39.0;39.35;2408
2013-02-26;38.9;39.16;38.0;38.96;13095
2013-02-25;39.0;39.92;39.0;39.25;7120
2013-02-22;39.65;39.82;39.4;39.52;8156
2013-02-21;39.0;40.03;39.0;39.15;1167
2013-02-20;40.1;40.71;40.1;40.25;18437
2013-02-19;39.0;39.9;39.0;39.75;12980
2013-02-18;38.41;39.09;38.34;38.93;8945
2013-02-15;38.0;38.41;37.64;38.34;16497
2013-02-14;39.0;39.0;37.8;37.8;60749
2013-02-13;38.4;39.8;37.5;39.8;40651
2013-02-12;37.1;40.55;37.1;40.13;8422
2013-02-11;41.0;41.0;39.85;40.0;6733
2013-02-08;39.64;41.0;39.64;41.0;6169
2013-02-07;40.5;40.62;39.76;39.76;26861
2013-02-06;40.4;41.26;40.4;40.48;3896
2013-02-05;40.1;40.92;40.1;40.92;8313
2013-02-04;41.2;41.2;40.35;40.66;5373
2013-02-01;40.5;41.27;40.5;41.27;19348
2013-01-31;41.15;41.2;40.5;41.2;11009
2013-01-30;40.8;41.11;40.64;41.03;6429
2013-01-29;41.05;41.05;40.21;40.35;2117
2013-01-28;40.0;40.4;40.0;40.28;4117
2013-01-25;41.0;41.0;40.0;40.04;6573
2013-01-24;40.6;40.6;39.98;40.05;8518
2013-01-23;40.5;40.82;40.29;40.3;13830
2013-01-22;41.17;41.52;40.55;40.55;6474
2013-01-21;40.5;41.23;40.5;41.23;9317
2013-01-18;41.0;41.25;40.86;41.05;3283
2013-01-17;40.27;41.02;40.2;41.02;17264
2013-01-16;40.3;40.5;40.2;40.35;5278
2013-01-15;40.21;40.54;40.0;40.3;10992
2013-01-14;40.66;40.71;40.0;40.07;5419
2013-01-11;40.9;41.2;40.71;40.71;10389
2013-01-10;40.1;40.98;40.1;40.9;5135
2013-01-09;41.0;41.0;40.59;41.0;12332
2013-01-08;41.0;41.05;40.69;41.01;9421
2013-01-07;41.25;41.25;40.69;40.69;18954
2013-01-04;40.85;41.18;40.52;40.94;10424
2013-01-03;40.5;40.9;40.5;40.9;4666
2013-01-02;39.5;40.85;39.5;40.6;8902
2013-01-01;;39.24;39.24;39.24;0
2012-12-31;;39.24;39.24;39.24;0
2012-12-28;39.0;39.5;39.0;39.24;10324
