Dates;Open;High;Low;Close;Volume
2017-12-27;286.7;288.2;285.1;286.0;3643
2017-12-22;291.0;291.8;285.2;286.0;2823
2017-12-21;285.9;291.0;285.9;291.0;3864
2017-12-20;291.9;291.9;288.9;290.9;3897
2017-12-19;293.7;295.0;291.7;291.9;3553
2017-12-18;291.0;296.6;291.0;293.7;5333
2017-12-15;293.7;295.9;287.0;287.0;3238
2017-12-14;294.0;296.4;291.0;291.0;1798
2017-12-13;295.4;298.1;291.2;294.0;2389
2017-12-12;294.0;298.1;293.8;294.0;5491
2017-12-11;283.9;293.9;283.9;291.0;6006
2017-12-08;278.5;284.0;278.5;283.9;9613
2017-12-07;281.0;283.5;278.5;280.0;3039
2017-12-06;283.6;283.6;278.4;281.0;2191
2017-12-05;283.1;285.5;280.8;283.9;1377
2017-12-04;279.0;285.4;279.0;283.1;1838
2017-12-01;280.1;284.0;275.6;279.0;1498
2017-11-30;287.5;287.5;279.5;281.1;2170
2017-11-29;282.6;285.0;281.4;281.5;2765
2017-11-28;285.0;287.3;282.0;282.5;3359
2017-11-27;284.2;285.0;284.0;284.0;1958
2017-11-24;281.1;285.0;281.1;284.1;1275
2017-11-23;285.0;285.0;279.3;281.1;1139
2017-11-22;285.1;287.7;285.0;285.0;1524
2017-11-21;285.0;288.2;282.5;284.8;2587
2017-11-20;286.0;286.0;282.2;285.0;876
2017-11-17;286.0;288.3;285.4;285.4;840
2017-11-16;282.9;285.8;282.0;284.9;3270
2017-11-15;285.8;285.8;279.3;282.9;2407
2017-11-14;287.1;289.9;286.0;286.0;415
2017-11-13;289.9;293.1;287.0;287.1;3234
2017-11-10;290.0;294.0;290.0;290.7;751
2017-11-09;290.8;291.0;288.2;290.0;1041
2017-11-08;293.9;293.9;289.8;290.9;1239
2017-11-07;297.0;297.0;293.8;293.8;1146
2017-11-06;299.0;299.0;293.3;294.3;1476
2017-11-03;292.1;300.0;292.1;299.4;1614
2017-11-02;293.1;295.0;293.0;294.0;997
2017-11-01;292.1;294.9;292.1;293.0;2282
2017-10-31;290.3;292.2;290.3;291.1;1284
2017-10-30;296.0;296.0;290.2;290.2;1310
2017-10-27;290.7;297.5;290.0;294.9;3239
2017-10-26;287.6;293.0;286.7;288.5;3916
2017-10-25;287.8;288.8;285.2;287.6;1342
2017-10-24;293.0;294.3;288.8;288.8;1045
2017-10-23;291.5;293.5;291.0;293.0;1963
2017-10-20;289.5;292.0;289.5;291.5;1917
2017-10-19;289.0;289.3;286.1;289.3;301
2017-10-18;288.5;289.9;285.5;285.5;1542
2017-10-17;287.0;290.8;284.2;288.3;990
2017-10-13;291.8;291.8;286.9;289.5;900
2017-10-12;289.9;292.0;289.9;290.5;1080
2017-10-11;288.0;288.1;286.5;287.6;2063
2017-10-10;292.8;294.1;287.3;287.9;1504
2017-10-09;292.1;292.8;289.2;292.8;2415
2017-10-06;292.0;293.0;291.1;292.1;1806
2017-10-05;295.0;298.9;293.0;297.6;2287
2017-10-04;299.8;299.8;293.7;295.4;1569
2017-10-03;294.9;296.0;289.5;291.6;2677
2017-10-02;288.0;293.3;287.9;289.1;3539
2017-09-29;283.1;288.0;283.1;288.0;2182
2017-09-28;277.2;284.9;277.2;283.1;4788
2017-09-27;284.3;287.0;284.3;285.6;1234
2017-09-26;282.0;283.5;280.8;283.5;1088
2017-09-25;279.8;282.5;279.7;280.4;843
2017-09-22;282.1;282.9;279.1;279.7;1800
2017-09-21;282.2;283.0;282.1;282.1;993
2017-09-20;283.0;283.0;278.4;282.2;1066
2017-09-19;279.3;283.1;276.6;282.8;1340
2017-09-18;284.4;284.4;279.3;279.3;1136
2017-09-15;282.2;284.3;282.1;284.3;2001
2017-09-14;277.2;282.8;277.2;282.2;5226
2017-09-13;264.0;275.3;264.0;274.2;4845
2017-09-12;257.1;265.3;257.1;262.2;6162
2017-09-11;255.0;262.0;255.0;257.1;2355
2017-09-08;252.7;257.2;252.7;254.3;222
2017-09-07;252.9;256.5;251.0;254.7;1334
2017-09-06;254.0;255.6;250.4;252.9;3288
2017-09-04;258.6;258.6;254.7;254.7;2114
2017-09-01;258.0;263.3;258.0;258.8;2441
2017-08-31;255.2;257.9;255.0;257.1;1420
2017-08-30;254.1;257.1;254.1;254.1;682
2017-08-29;260.0;260.0;253.0;254.1;3457
2017-08-28;263.4;263.5;260.7;261.2;1264
2017-08-25;262.8;264.5;262.8;263.4;767
2017-08-24;262.4;264.7;261.5;262.8;1764
2017-08-23;265.0;265.0;262.2;262.4;1465
2017-08-22;267.5;269.0;264.5;265.5;2068
2017-08-21;272.1;273.0;266.2;266.6;2786
2017-08-18;276.0;277.0;270.9;273.0;2616
2017-08-17;278.2;279.0;276.0;276.0;1974
2017-08-16;276.5;279.3;276.2;278.2;780
2017-08-15;276.6;278.5;275.8;276.5;2125
2017-08-14;275.8;279.3;275.8;276.6;1741
2017-08-11;276.0;279.1;272.2;275.9;2503
2017-08-10;280.7;280.7;275.0;276.0;2027
2017-08-09;283.0;284.2;279.1;281.0;3975
2017-08-08;293.5;294.6;278.9;285.0;3991
2017-08-07;285.1;298.5;285.1;293.5;9831
2017-08-04;305.4;305.4;299.0;301.0;1810
2017-08-03;284.0;307.0;284.0;305.4;4354
2017-08-02;285.0;289.3;279.2;283.4;1417
2017-08-01;275.0;284.1;275.0;281.1;1687
2017-07-31;270.0;275.0;270.0;274.6;1893
2017-07-28;273.7;274.8;270.0;270.1;1980
2017-07-27;273.2;273.9;269.2;272.3;2810
2017-07-26;286.4;286.4;276.1;278.5;1455
2017-07-25;287.0;288.8;284.2;286.4;3033
2017-07-24;294.3;294.9;289.2;289.2;1232
2017-07-21;294.5;310.5;294.5;297.5;2513
2017-07-20;295.0;295.0;292.4;294.3;845
2017-07-19;300.0;302.5;294.9;295.0;893
2017-07-18;294.5;300.0;291.2;298.1;4598
2017-07-17;293.5;294.5;293.5;294.5;708
2017-07-14;294.5;294.5;292.0;293.5;1523
2017-07-13;292.0;296.9;292.0;294.5;1996
2017-07-12;295.0;298.4;295.0;295.1;956
2017-07-11;300.1;300.2;295.0;295.0;1990
2017-07-10;307.0;307.0;299.2;299.2;4406
2017-07-07;296.4;299.3;296.4;299.2;1025
2017-07-06;299.8;304.0;295.7;296.4;1171
2017-07-05;300.0;300.0;298.0;299.8;981
2017-07-04;311.0;311.0;300.0;301.8;1538
2017-07-03;298.1;311.7;298.1;310.0;3318
2017-06-30;300.0;301.0;284.2;298.1;2576
2017-06-29;311.1;311.1;304.0;304.2;2260
2017-06-28;310.5;314.5;310.0;311.1;2435
2017-06-27;311.0;315.0;310.1;310.5;2846
2017-06-26;310.5;312.0;307.0;311.0;3021
2017-06-23;;311.0;311.0;311.0;0
2017-06-22;302.0;311.0;302.0;311.0;4372
2017-06-21;304.0;305.0;295.0;301.2;3282
2017-06-20;306.0;306.0;301.8;304.0;4724
2017-06-19;318.0;318.0;289.6;308.2;8653
2017-06-16;310.0;335.6;310.0;320.0;10173
2017-06-15;295.0;310.0;291.0;307.7;5983
2017-06-14;292.0;292.8;288.0;290.1;2858
2017-06-13;287.9;293.3;284.1;293.1;4419
2017-06-12;285.0;288.0;283.2;287.9;5593
2017-06-09;285.4;285.4;281.3;281.9;1688
2017-06-08;285.0;285.4;284.0;285.4;2319
2017-06-07;282.8;285.0;282.8;284.5;5597
2017-06-06;;282.8;282.8;282.8;0
2017-06-05;275.5;284.5;275.5;282.8;11539
2017-06-02;264.0;266.9;264.0;266.6;2016
2017-06-01;264.6;264.6;261.5;264.0;885
2017-05-31;259.9;265.9;259.7;264.6;1063
2017-05-30;259.4;262.0;259.4;259.9;2020
2017-05-29;262.7;262.8;260.0;260.7;2983
2017-05-26;263.9;263.9;260.0;262.7;2479
2017-05-24;268.0;268.3;264.0;264.0;1256
2017-05-23;268.7;270.0;268.0;268.6;1130
2017-05-22;266.6;268.8;266.6;268.7;1192
2017-05-19;263.1;274.1;263.1;266.6;1079
2017-05-18;274.0;274.0;263.0;263.1;7106
2017-05-17;278.2;278.2;269.4;274.0;1388
2017-05-16;282.3;282.3;275.0;278.2;1080
2017-05-15;279.0;288.5;275.0;282.4;6708
2017-05-12;280.0;277.3;277.3;277.3;1347
2017-05-11;283.6;283.6;273.1;273.1;2630
2017-05-10;280.0;285.2;279.9;283.6;1212
2017-05-09;279.3;282.7;278.0;280.2;1384
2017-05-08;274.0;277.3;273.7;275.3;1192
2017-05-05;273.7;274.0;268.3;274.0;2652
2017-05-04;273.5;274.0;266.2;273.8;4866
2017-05-03;271.4;281.0;271.4;273.5;3378
2017-05-02;279.5;279.5;277.0;278.0;1656
2017-05-01;;279.8;279.8;279.8;0
2017-04-28;290.0;290.0;276.8;279.8;3987
2017-04-27;276.0;282.5;257.4;282.5;3907
2017-04-26;275.4;279.7;275.4;275.4;1865
2017-04-25;279.5;280.0;275.4;275.4;3726
2017-04-24;270.1;277.3;269.0;275.5;3056
2017-04-21;266.6;269.0;266.6;269.0;904
2017-04-20;268.8;269.8;266.6;266.6;1397
2017-04-19;266.0;270.0;266.0;267.0;904
2017-04-18;267.1;267.9;265.0;267.0;1486
2017-04-13;267.5;267.5;263.2;265.0;972
2017-04-12;263.2;267.8;263.2;267.6;3317
2017-04-11;266.4;269.3;258.7;263.2;1138
2017-04-10;263.0;266.4;261.7;266.4;653
2017-04-07;264.3;266.5;261.1;263.1;533
2017-04-06;261.4;268.3;261.4;264.2;2198
2017-04-05;265.0;267.0;257.9;261.4;2919
2017-04-04;267.0;268.5;264.0;264.9;539
2017-04-03;269.8;270.0;260.2;264.0;3022
2017-03-31;273.6;279.0;266.2;267.2;2314
2017-03-30;267.5;281.0;267.5;273.5;2391
2017-03-29;262.1;269.5;262.0;265.9;1122
2017-03-28;263.8;265.5;261.2;262.1;1624
2017-03-27;263.8;266.0;260.1;261.0;2958
2017-03-24;268.0;268.0;262.0;263.8;1252
2017-03-23;263.1;267.8;263.0;263.0;5507
2017-03-22;274.0;274.0;259.0;262.0;4357
2017-03-21;283.5;283.5;275.2;276.3;3016
2017-03-20;279.5;285.0;279.5;283.5;3387
2017-03-17;285.0;287.0;271.2;279.5;16186
2017-03-16;280.0;289.5;276.7;282.5;3938
2017-03-15;275.8;289.9;275.0;275.7;4230
2017-03-14;271.0;278.0;271.0;275.0;3201
2017-03-13;269.3;270.7;264.3;270.7;1566
2017-03-10;269.0;269.3;269.3;269.3;2893
2017-03-09;263.5;270.5;263.5;269.0;8706
2017-03-08;262.0;266.0;262.0;263.5;2277
2017-03-07;260.5;266.8;259.5;262.0;2841
2017-03-06;261.9;262.2;254.3;260.5;1597
2017-03-03;267.0;261.8;261.8;261.8;4020
2017-03-02;269.0;270.0;267.0;267.1;1869
2017-03-01;264.0;269.9;264.0;269.0;2531
2017-02-28;266.5;270.0;262.3;264.0;1010
2017-02-27;262.7;265.5;261.4;261.5;1263
2017-02-24;263.8;263.8;260.0;260.0;1628
2017-02-23;260.2;262.0;259.2;259.2;3083
2017-02-22;261.0;263.0;259.3;260.2;7342
2017-02-21;251.0;261.0;251.0;261.0;5122
2017-02-20;247.0;250.0;246.8;250.0;1176
2017-02-17;248.3;250.0;247.0;247.0;848
2017-02-16;251.5;252.0;248.3;248.3;2817
2017-02-15;252.5;252.5;248.3;251.5;4337
2017-02-14;245.0;252.0;244.2;252.0;6236
2017-02-13;240.3;245.5;240.3;244.2;5147
2017-02-10;245.0;247.8;240.2;240.3;5641
2017-02-09;248.0;248.0;242.2;244.0;2906
2017-02-08;241.0;246.6;240.8;242.8;1657
2017-02-07;239.7;241.0;238.2;240.8;3048
2017-02-06;239.8;239.8;238.0;239.7;1221
2017-02-03;239.8;240.0;236.6;240.0;4054
2017-02-02;236.3;239.8;236.3;239.8;749
2017-02-01;239.8;239.8;232.3;236.3;2866
2017-01-31;239.0;240.3;232.3;232.3;4174
2017-01-30;239.7;239.7;234.8;239.0;1462
2017-01-27;239.7;239.8;237.3;239.8;1328
2017-01-26;239.8;239.8;236.2;239.8;5231
2017-01-25;237.7;239.5;236.5;236.5;610
2017-01-24;234.5;239.8;232.9;237.1;4571
2017-01-23;234.5;239.3;234.1;234.1;4036
2017-01-20;235.0;235.0;234.5;234.9;1036
2017-01-19;234.1;235.0;234.1;235.0;1380
2017-01-18;235.3;235.4;230.5;234.3;3132
2017-01-17;236.6;238.5;232.9;235.0;1701
2017-01-16;239.0;239.0;235.8;236.6;2249
2017-01-13;233.2;237.9;233.2;237.9;1819
2017-01-12;233.2;234.0;232.3;233.2;2042
2017-01-11;233.8;233.8;231.0;232.2;2261
2017-01-10;233.0;234.0;230.0;231.0;1273
2017-01-09;232.5;232.5;228.3;232.4;2706
2017-01-06;;232.8;232.8;232.8;0
2017-01-05;231.8;233.7;230.3;232.8;400
2017-01-04;232.4;234.0;229.1;231.8;2581
2017-01-03;228.8;233.3;228.8;232.4;2905
2017-01-02;225.0;230.8;225.0;229.5;1549
2016-12-30;227.8;227.9;223.7;224.5;6358
2016-12-29;231.1;235.6;227.8;227.8;4227
2016-12-28;233.5;237.4;232.0;232.0;1895
2016-12-27;232.0;236.0;232.0;233.5;2824
2016-12-23;232.6;238.8;232.6;236.4;3834
2016-12-22;233.0;233.0;231.1;232.6;1582
2016-12-21;239.8;239.8;231.0;233.0;3726
2016-12-20;238.1;241.0;236.0;239.3;4704
2016-12-19;239.0;241.3;235.6;238.1;4813
2016-12-16;237.0;239.9;235.0;239.9;7242
2016-12-15;237.0;237.8;234.4;237.8;1782
2016-12-14;236.8;236.8;234.1;234.1;2571
2016-12-13;233.8;237.5;232.3;236.8;3493
2016-12-12;234.0;234.3;231.7;233.8;3413
2016-12-09;233.0;236.1;231.5;234.0;1875
2016-12-08;237.0;237.9;231.5;232.3;5797
2016-12-07;239.7;239.7;232.9;236.2;6401
2016-12-06;240.2;242.4;235.0;239.7;1917
2016-12-05;240.0;240.3;237.0;239.0;1117
2016-12-02;242.0;242.0;235.3;240.3;1058
2016-12-01;243.0;243.0;239.0;242.0;776
2016-11-30;240.0;244.0;238.8;243.0;2442
2016-11-29;244.3;244.3;237.2;240.0;1608
2016-11-28;240.8;243.3;239.0;241.0;1529
2016-11-25;241.0;241.8;236.1;240.8;1816
2016-11-24;241.0;241.5;235.4;241.2;835
2016-11-23;241.0;241.9;236.1;239.1;748
2016-11-22;238.2;241.0;235.0;241.0;3112
2016-11-21;238.3;238.8;233.7;238.2;2691
2016-11-18;236.5;239.4;232.2;233.3;2011
2016-11-17;234.6;236.8;232.5;233.3;4460
2016-11-16;238.0;238.0;231.2;234.6;1503
2016-11-15;232.5;238.3;231.2;233.5;2602
2016-11-14;234.2;238.5;232.0;232.5;5354
2016-11-11;236.1;242.0;234.2;234.2;3518
2016-11-10;241.0;244.3;236.2;236.2;2871
2016-11-09;235.0;240.0;215.4;239.8;4157
2016-11-08;243.7;243.7;240.8;242.5;2230
2016-11-07;248.0;248.0;238.2;244.4;1271
2016-11-04;247.0;247.6;244.0;244.0;988
2016-11-03;246.4;247.4;244.1;244.1;513
2016-11-02;248.8;248.8;245.0;246.4;1896
2016-11-01;248.5;249.7;246.2;248.8;397
2016-10-31;246.9;249.0;246.9;248.0;522
2016-10-28;249.6;249.6;246.2;246.9;1472
2016-10-27;246.2;249.9;245.4;248.1;1216
2016-10-26;250.5;250.9;245.0;245.3;1606
2016-10-25;251.0;251.0;246.1;250.5;560
2016-10-24;250.0;251.0;245.2;251.0;1410
2016-10-21;244.5;249.3;244.5;248.5;1132
2016-10-20;250.0;250.0;243.0;246.8;2642
2016-10-19;250.0;250.0;244.2;247.7;1497
2016-10-18;242.4;246.6;242.3;246.0;2155
2016-10-17;246.1;247.5;242.1;243.9;2358
2016-10-14;245.8;246.4;241.1;246.1;1890
2016-10-13;247.9;247.9;241.6;245.8;1899
2016-10-12;244.2;246.5;241.0;242.5;1352
2016-10-11;246.0;247.0;242.8;244.0;3291
2016-10-10;246.0;247.3;245.0;245.9;2648
2016-10-07;245.9;246.5;244.0;246.0;2551
2016-10-06;245.0;246.7;241.9;242.4;1983
2016-10-05;241.0;245.0;239.9;243.9;4959
2016-10-04;239.0;243.4;238.8;241.0;4917
2016-10-03;240.0;240.0;238.0;238.0;2934
2016-09-30;240.1;242.0;237.9;238.6;4394
2016-09-29;238.3;240.1;236.2;240.1;2869
2016-09-28;235.3;238.9;235.3;238.3;1838
2016-09-27;241.0;241.0;232.7;235.3;1511
2016-09-26;239.8;241.4;233.5;235.4;1345
2016-09-23;240.0;242.0;238.1;238.8;3500
2016-09-22;240.0;243.4;239.3;239.8;2018
2016-09-21;237.0;244.0;237.0;238.0;3224
2016-09-20;237.4;239.0;237.0;237.0;3217
2016-09-19;233.0;239.4;233.0;237.4;1719
2016-09-16;237.0;237.0;233.0;233.0;1492
2016-09-15;239.0;240.3;237.1;237.8;587
2016-09-14;240.0;241.0;237.0;238.6;842
2016-09-13;243.0;245.0;238.0;239.2;1051
2016-09-12;241.8;243.0;239.0;243.0;595
2016-09-09;245.2;245.2;240.2;241.8;736
2016-09-08;243.0;246.0;243.0;245.0;881
2016-09-07;240.0;243.9;240.0;242.9;2335
2016-09-06;239.0;244.8;239.0;239.2;902
2016-09-05;239.0;243.7;239.0;239.0;1600
2016-09-02;239.7;246.0;239.7;240.0;2383
2016-09-01;243.5;245.2;239.7;239.7;1421
2016-08-31;243.0;245.6;242.5;243.5;3348
2016-08-30;240.0;244.0;240.0;242.5;1479
2016-08-29;238.5;244.3;237.4;238.5;4906
2016-08-26;240.3;244.0;238.5;238.5;747
2016-08-25;247.4;247.4;238.0;240.3;3533
2016-08-24;245.5;247.9;244.5;244.5;2456
2016-08-23;251.5;251.5;245.0;245.5;1458
2016-08-22;255.0;255.0;246.5;246.5;1226
2016-08-19;251.3;251.3;247.2;250.0;3208
2016-08-18;245.0;253.6;245.0;250.0;4104
2016-08-17;250.0;257.5;250.0;255.0;1761
2016-08-16;257.2;258.0;249.7;249.7;1464
2016-08-15;258.1;260.0;253.0;258.0;3952
2016-08-12;259.0;260.0;255.0;258.1;1678
2016-08-11;250.3;259.9;250.3;255.0;3392
2016-08-10;260.0;264.6;250.2;250.2;4529
2016-08-09;259.9;265.0;240.4;260.0;3367
2016-08-08;262.8;264.9;254.2;260.0;3765
2016-08-05;260.0;263.0;260.0;261.0;1507
2016-08-04;260.5;262.9;260.0;260.0;1724
2016-08-03;263.0;263.0;259.8;260.5;5690
2016-08-02;260.0;263.0;255.0;261.0;2247
2016-08-01;263.0;263.0;236.5;260.0;1659
2016-07-29;264.0;264.0;263.0;263.0;2192
2016-07-28;263.0;265.1;263.0;265.1;2725
2016-07-27;268.0;268.0;260.0;263.0;2752
2016-07-26;257.9;260.0;250.8;260.0;4036
2016-07-25;252.8;255.5;251.3;251.3;1970
2016-07-22;250.2;252.9;245.0;252.8;2254
2016-07-21;245.2;257.0;245.2;250.3;2189
2016-07-20;255.0;258.0;255.0;256.1;1430
2016-07-19;253.0;255.0;245.2;255.0;5822
2016-07-18;260.0;260.0;250.4;253.0;459
2016-07-15;262.0;262.0;254.9;260.0;2270
2016-07-14;269.0;269.0;253.4;262.0;7716
2016-07-13;249.2;271.0;245.3;271.0;3505
2016-07-12;243.0;249.9;241.5;249.9;3045
2016-07-11;236.3;241.0;236.3;241.0;1626
2016-07-08;235.0;236.3;230.2;236.3;3425
2016-07-07;235.0;235.0;225.2;235.0;1177
2016-07-06;227.2;230.0;224.0;230.0;609
2016-07-05;236.0;236.0;227.2;227.2;1234
2016-07-04;233.3;236.3;230.1;236.0;2450
2016-07-01;220.0;233.3;219.9;233.3;3234
2016-06-30;219.0;222.0;213.7;218.5;2047
2016-06-29;216.8;224.7;213.5;218.0;3228
2016-06-28;209.1;217.8;209.1;210.7;2929
2016-06-27;200.0;214.8;198.0;209.1;7547
2016-06-24;;222.8;222.8;222.8;0
2016-06-23;222.4;224.0;219.5;222.8;3320
2016-06-22;221.9;225.0;215.7;222.4;3352
2016-06-21;217.0;223.7;217.0;221.9;1407
2016-06-20;212.9;219.9;212.9;216.3;5215
2016-06-17;209.0;217.9;209.0;210.8;2861
2016-06-16;208.3;213.7;204.9;207.9;2409
2016-06-15;213.6;213.6;206.1;208.5;2026
2016-06-14;210.8;214.2;202.9;213.2;6503
2016-06-13;215.0;215.9;208.0;212.5;8685
2016-06-10;227.2;227.2;221.0;221.0;634
2016-06-09;230.0;232.2;225.3;227.0;3388
2016-06-08;229.4;232.2;225.2;230.0;1855
2016-06-07;228.3;229.4;225.0;229.4;3001
2016-06-06;;228.3;228.3;228.3;0
2016-06-03;239.5;239.5;225.7;228.3;3554
2016-06-02;238.6;239.1;229.8;239.1;1729
2016-06-01;241.9;241.9;235.0;239.3;1786
2016-05-31;249.0;249.0;240.0;241.9;3828
2016-05-30;244.4;254.8;241.1;249.0;5206
2016-05-27;250.0;260.0;244.4;244.4;4120
2016-05-26;268.0;268.0;259.1;264.8;1877
2016-05-25;265.4;272.0;265.0;271.5;4449
2016-05-24;264.0;264.8;260.0;264.8;2500
2016-05-23;262.0;265.0;261.8;264.8;2235
2016-05-20;260.0;263.4;260.0;261.9;975
2016-05-19;255.1;263.8;255.1;258.0;3682
2016-05-18;256.0;256.0;252.5;255.1;439
2016-05-17;255.0;257.4;254.6;256.0;1085
2016-05-16;247.5;255.0;247.5;248.9;1705
2016-05-13;248.0;249.4;242.2;247.4;557
2016-05-12;251.0;257.9;249.0;249.8;4035
2016-05-11;258.9;259.0;250.0;250.1;3473
2016-05-10;246.0;261.6;246.0;253.1;4233
2016-05-09;254.9;254.9;242.2;242.9;3447
2016-05-06;253.0;268.9;239.3;242.0;6981
2016-05-05;269.8;274.9;250.1;250.1;4076
2016-05-04;269.8;274.9;250.1;250.1;4076
2016-05-03;263.0;269.1;250.4;253.9;1445
2016-05-02;258.5;258.6;256.0;258.5;1903
2016-04-29;259.1;265.3;258.5;258.5;3069
2016-04-28;265.0;267.0;256.5;259.1;8678
2016-04-27;270.3;276.0;264.4;268.1;4341
2016-04-26;279.9;279.9;270.0;270.0;1662
2016-04-25;273.0;279.8;272.3;276.5;5690
2016-04-22;274.0;281.4;272.1;272.1;3401
2016-04-21;283.8;290.0;272.0;272.0;8818
2016-04-20;269.0;288.8;268.9;283.7;9592
2016-04-19;252.5;268.9;252.5;265.1;10612
2016-04-18;254.2;254.2;246.5;248.4;6934
2016-04-15;252.0;260.0;250.5;254.2;1848
2016-04-14;249.0;254.4;247.0;252.0;9031
2016-04-13;249.0;249.0;237.3;246.9;2001
2016-04-12;239.5;245.9;237.0;239.2;2963
2016-04-11;239.0;242.4;235.6;239.5;4310
2016-04-08;232.9;244.9;232.0;239.0;894
2016-04-07;236.5;240.7;230.1;230.1;1079
2016-04-06;239.0;239.0;231.0;236.0;4015
2016-04-05;245.3;248.0;236.2;236.8;1672
2016-04-04;255.0;255.0;245.3;245.3;1786
2016-04-01;244.1;251.0;240.1;241.5;1594
2016-03-31;242.6;245.0;237.1;239.8;2122
2016-03-30;244.8;246.7;237.8;242.2;4432
2016-03-29;249.0;249.0;233.3;240.4;9348
2016-03-28;251.0;254.0;253.0;253.0;2379
2016-03-25;251.0;254.0;251.0;253.0;2379
2016-03-24;251.0;254.0;251.0;253.0;2379
2016-03-23;247.0;251.0;247.0;250.0;1469
2016-03-22;249.0;251.0;247.0;247.0;1147
2016-03-21;245.6;250.0;245.6;247.0;2677
2016-03-18;241.2;249.9;241.2;245.6;2197
2016-03-17;242.0;250.0;240.3;240.3;1232
2016-03-16;236.2;247.8;236.2;243.0;3420
2016-03-15;243.0;243.0;233.3;236.2;3420
2016-03-14;244.9;251.9;237.1;239.5;7749
2016-03-11;224.1;239.0;224.1;233.1;1919
2016-03-10;232.0;232.8;224.1;224.1;3462
2016-03-09;227.0;231.7;226.0;226.1;1072
2016-03-08;232.0;232.0;223.7;224.1;2808
2016-03-07;226.2;230.9;224.7;229.4;4035
2016-03-04;228.2;230.0;224.3;224.6;1062
2016-03-03;227.7;230.0;222.2;222.2;3346
2016-03-02;224.9;226.3;221.2;221.2;4918
2016-03-01;222.0;224.8;217.1;224.8;1677
2016-02-29;221.0;221.5;215.0;221.5;6393
2016-02-26;225.0;225.0;218.0;221.0;3975
2016-02-25;220.0;220.0;215.1;216.4;637
2016-02-24;220.0;223.5;213.0;215.0;1134
2016-02-23;222.0;225.5;218.3;218.7;3188
2016-02-22;219.9;228.0;218.5;222.0;5275
2016-02-19;215.0;218.6;213.5;214.0;2204
2016-02-18;226.7;227.0;212.5;212.5;9372
2016-02-17;228.0;228.0;210.6;216.3;4965
2016-02-16;210.0;221.6;209.0;219.0;4405
2016-02-15;203.4;208.6;200.7;204.1;2256
2016-02-12;198.9;202.9;195.0;198.4;1566
2016-02-11;207.5;210.5;196.5;198.9;4104
2016-02-10;201.8;213.7;201.8;206.8;1908
2016-02-09;203.6;207.6;199.8;201.8;1355
2016-02-08;212.9;214.5;201.0;203.6;4200
2016-02-05;212.0;215.0;209.9;209.9;1966
2016-02-04;210.0;214.9;209.0;210.4;2602
2016-02-03;219.0;219.0;208.9;210.0;1449
2016-02-02;222.3;222.3;217.4;218.0;1279
2016-02-01;220.2;223.3;219.0;222.3;723
2016-01-29;225.0;225.0;218.6;220.1;1889
2016-01-28;224.9;226.9;218.1;221.1;1704
2016-01-27;225.0;227.9;223.5;226.8;1332
2016-01-26;222.4;226.2;219.6;226.2;736
2016-01-25;230.0;232.0;222.4;227.5;2120
2016-01-22;233.3;233.3;225.7;227.6;597
2016-01-21;221.0;228.7;218.7;228.7;1576
2016-01-20;230.0;230.0;222.1;222.6;1835
2016-01-19;227.9;234.2;227.9;230.8;677
2016-01-18;229.0;229.7;224.9;227.5;1393
2016-01-15;234.0;234.9;225.0;229.0;2148
2016-01-14;242.0;242.0;232.0;232.8;756
2016-01-13;244.1;245.8;240.0;241.9;4210
2016-01-12;243.3;244.9;240.1;241.5;294
2016-01-11;244.0;244.0;237.0;240.4;2994
2016-01-08;246.2;248.0;244.0;244.0;1683
2016-01-07;253.9;253.9;233.9;244.0;3530
2016-01-06;;253.9;253.9;253.9;0
2016-01-05;258.3;258.3;251.6;253.9;634
2016-01-04;258.0;258.2;251.4;255.9;4056
2016-01-01;;263.5;263.5;263.5;0
2015-12-31;;263.5;263.5;263.5;0
2015-12-30;266.0;266.8;262.3;263.5;1031
2015-12-29;264.9;266.7;261.1;266.0;1521
2015-12-28;261.0;263.9;259.9;263.5;975
2015-12-25;265.0;265.0;256.0;261.0;1756
2015-12-24;265.0;265.0;256.0;261.0;1756
2015-12-23;265.0;265.0;256.0;261.0;1756
2015-12-22;258.9;258.9;256.7;257.2;395
2015-12-21;257.0;263.2;257.0;259.0;1025
2015-12-18;257.0;259.8;251.7;251.7;2438
2015-12-17;260.2;260.2;257.0;257.0;1397
2015-12-16;253.6;254.6;250.3;253.6;1934
2015-12-15;249.7;254.1;248.1;251.4;2108
2015-12-14;248.9;251.2;244.4;244.4;3805
2015-12-11;250.1;250.9;244.1;245.0;1678
2015-12-10;257.7;257.7;248.7;253.0;778
2015-12-09;258.3;258.9;251.8;257.7;7248
2015-12-08;264.9;264.9;252.0;255.7;3416
2015-12-07;264.0;265.7;262.0;264.9;3445
2015-12-04;267.0;267.1;260.0;263.4;1133
2015-12-03;276.6;278.6;266.9;266.9;3820
2015-12-02;271.2;276.2;269.6;273.5;6164
2015-12-01;274.1;274.1;268.5;271.2;2212
2015-11-30;267.0;271.1;264.3;271.1;3387
2015-11-27;268.0;268.0;265.0;267.5;1019
2015-11-26;266.0;268.0;264.9;268.0;708
2015-11-25;265.0;268.0;263.1;264.9;898
2015-11-24;263.6;265.5;261.4;263.1;1125
2015-11-23;269.0;270.0;265.2;270.0;1740
2015-11-20;270.0;270.4;268.1;268.6;532
2015-11-19;273.0;273.0;267.0;269.5;322
2015-11-18;271.0;272.2;268.7;269.4;1048
2015-11-17;266.4;272.5;266.4;272.0;1434
2015-11-16;257.0;265.3;257.0;265.3;1118
2015-11-13;269.5;270.0;262.0;262.0;1115
2015-11-12;270.0;270.0;266.0;266.7;949
2015-11-11;268.9;270.0;265.8;266.7;1257
2015-11-10;270.5;270.5;264.4;266.2;2788
2015-11-09;266.3;271.3;266.3;270.0;857
2015-11-06;268.6;269.8;265.1;268.5;929
2015-11-05;269.4;271.9;267.0;267.0;1801
2015-11-04;272.6;272.6;268.4;268.6;1735
2015-11-03;271.5;272.4;267.7;271.2;1006
2015-11-02;275.4;275.4;267.6;271.5;1994
2015-10-30;275.0;275.7;274.7;274.7;835
2015-10-29;273.9;275.0;270.4;274.3;649
2015-10-28;273.0;274.6;269.9;272.4;871
2015-10-27;276.0;277.0;272.0;272.0;1749
2015-10-26;277.5;279.0;273.5;273.5;3377
2015-10-23;261.8;277.0;261.8;277.0;10386
2015-10-22;265.8;265.8;252.0;257.2;482
2015-10-21;268.9;268.9;252.3;259.0;413
2015-10-20;257.1;258.5;255.0;258.0;1244
2015-10-19;257.5;258.9;256.1;257.1;830
2015-10-16;257.0;260.1;255.0;257.5;395
2015-10-15;260.0;260.0;249.3;252.8;3293
2015-10-14;255.8;255.9;252.2;254.0;653
2015-10-13;260.6;260.6;252.5;256.8;1804
2015-10-12;263.3;263.3;255.0;256.1;4559
2015-10-09;265.0;265.0;254.8;258.0;5834
2015-10-08;253.3;256.6;253.3;256.6;250
2015-10-07;256.0;258.8;253.2;255.4;1207
2015-10-06;251.9;255.2;248.0;255.2;9136
2015-10-05;246.5;251.9;246.5;251.9;5758
2015-10-02;246.3;247.0;241.4;244.8;394
2015-10-01;241.7;248.0;241.3;243.3;3535
2015-09-30;236.1;242.8;236.1;240.9;2442
2015-09-29;233.7;236.2;230.0;234.9;2495
2015-09-28;234.5;237.2;231.6;234.2;1242
2015-09-25;231.2;237.8;231.2;237.3;655
2015-09-24;235.0;236.4;227.6;230.5;1259
2015-09-23;232.0;237.4;231.5;237.4;1869
2015-09-22;239.5;239.5;233.0;236.1;2637
2015-09-21;239.2;241.0;236.1;240.0;449
2015-09-18;246.2;246.2;238.3;240.4;1460
2015-09-17;250.0;250.0;242.6;242.6;4404
2015-09-16;245.0;245.9;244.3;244.7;1869
2015-09-15;236.9;239.3;233.9;239.0;3459
2015-09-14;244.0;245.2;236.1;237.0;2151
2015-09-11;250.8;250.8;241.8;244.6;455
2015-09-10;247.2;247.2;242.0;243.0;2167
2015-09-09;246.2;251.3;246.2;248.3;3361
2015-09-08;242.6;246.6;242.6;246.2;252
2015-09-07;250.0;250.0;244.6;245.0;199
2015-09-04;249.5;249.5;241.0;241.3;544
2015-09-03;244.5;250.6;244.5;250.6;3717
2015-09-02;240.0;245.8;239.3;241.6;1202
2015-09-01;238.9;239.1;235.8;236.4;1313
2015-08-31;245.0;245.0;236.8;238.9;1955
2015-08-28;244.0;244.0;238.6;241.4;3539
2015-08-27;242.4;243.1;239.0;240.0;3702
2015-08-26;240.0;240.0;234.4;238.0;7257
2015-08-25;234.0;242.6;234.0;240.0;4327
2015-08-24;239.6;239.6;227.7;234.4;8731
2015-08-21;248.2;252.9;244.4;244.4;4785
2015-08-20;259.6;259.6;250.5;256.0;2606
2015-08-19;265.0;265.2;257.2;257.4;1924
2015-08-18;273.3;273.3;266.0;267.8;966
2015-08-17;277.0;277.0;266.0;266.0;2737
2015-08-14;270.7;270.7;266.0;266.8;1881
2015-08-13;268.5;269.4;265.6;269.0;2930
2015-08-12;274.1;274.1;263.0;264.0;3239
2015-08-11;273.9;278.2;273.9;276.0;858
2015-08-10;272.4;278.5;272.1;277.4;1963
2015-08-07;275.0;276.1;272.4;272.4;1365
2015-08-06;281.8;281.8;273.0;273.0;2415
2015-08-05;274.4;283.9;274.4;281.9;1148
2015-08-04;280.0;280.0;275.4;277.6;3957
2015-08-03;280.0;280.0;276.2;276.5;1116
2015-07-31;280.6;280.6;274.2;278.0;826
2015-07-30;278.0;280.3;276.2;279.5;272
2015-07-29;276.7;276.9;275.0;275.0;45
2015-07-28;273.0;277.5;273.0;273.9;688
2015-07-27;278.2;278.2;273.0;273.0;1753
2015-07-24;281.0;283.4;275.6;277.0;1991
2015-07-23;283.0;283.0;277.5;281.1;1008
2015-07-22;285.8;285.8;280.5;280.5;2551
2015-07-21;293.0;293.0;281.6;285.8;1032
2015-07-20;286.2;290.0;286.0;289.5;1701
2015-07-17;283.5;287.0;283.4;286.2;1126
2015-07-16;281.4;283.5;280.0;283.5;3046
2015-07-15;282.9;283.0;281.2;281.8;798
2015-07-14;282.0;283.4;276.2;281.2;1491
2015-07-13;277.2;284.2;277.2;282.7;3372
2015-07-10;269.1;278.0;269.1;278.0;3270
2015-07-09;262.8;269.9;262.6;268.0;1909
2015-07-08;258.0;262.8;255.0;262.8;4281
2015-07-07;264.0;265.5;256.5;262.0;5790
2015-07-06;264.9;265.0;262.0;262.8;1198
2015-07-03;271.2;271.2;265.4;269.1;1010
2015-07-02;269.0;272.1;267.2;268.8;1130
2015-07-01;264.0;271.9;264.0;270.0;1425
2015-06-30;262.6;266.0;259.9;266.0;3087
2015-06-29;269.0;269.0;262.4;266.0;2978
2015-06-26;269.0;275.1;269.0;275.0;539
2015-06-25;274.4;277.9;272.0;276.0;1578
2015-06-24;277.5;277.5;272.7;274.0;1024
2015-06-23;272.2;278.0;272.2;277.5;1937
2015-06-22;268.0;271.8;268.0;271.5;1748
2015-06-19;;268.9;268.9;268.9;0
2015-06-18;269.8;269.8;263.0;268.9;653
2015-06-17;269.6;269.8;266.0;269.8;635
2015-06-16;265.1;269.0;261.1;266.7;3130
2015-06-15;277.7;277.7;265.1;269.0;2974
2015-06-12;281.6;281.6;275.0;277.7;1892
2015-06-11;280.0;283.0;279.0;281.7;2008
2015-06-10;270.5;281.2;270.0;280.7;6961
2015-06-09;275.8;275.8;267.2;270.4;3309
2015-06-08;277.0;277.0;271.6;273.0;3399
2015-06-05;279.0;279.0;275.1;275.6;4020
2015-06-04;285.5;285.6;280.0;280.0;3110
2015-06-03;285.7;285.7;282.5;285.5;2819
2015-06-02;285.0;287.2;280.0;281.0;967
2015-06-01;288.7;288.7;283.0;284.6;2126
2015-05-29;295.0;295.0;285.0;285.0;1541
2015-05-28;289.4;289.4;285.8;288.5;1485
2015-05-27;282.2;287.7;282.0;285.5;2387
2015-05-26;290.0;290.0;281.5;281.5;5007
2015-05-25;287.3;290.0;284.6;286.4;4541
2015-05-22;283.1;287.9;283.1;284.5;3939
2015-05-21;269.0;281.0;269.0;281.0;3016
2015-05-20;271.5;272.0;268.1;270.0;3555
2015-05-19;271.0;271.1;266.1;269.9;2889
2015-05-18;273.0;274.5;270.2;272.0;5530
2015-05-15;274.0;276.8;272.0;274.4;460
2015-05-14;271.7;273.9;271.2;272.0;376
2015-05-13;271.7;273.9;271.2;272.0;376
2015-05-12;272.0;275.0;270.0;273.7;2564
2015-05-11;272.0;274.9;271.2;272.0;2616
2015-05-08;270.8;272.4;267.1;272.0;1981
2015-05-07;271.6;274.1;265.0;270.9;3501
2015-05-06;271.4;280.0;271.4;274.4;2546
2015-05-05;290.2;290.2;276.9;276.9;2156
2015-05-04;299.0;299.0;287.0;287.0;4080
2015-05-01;290.4;291.5;284.9;290.5;1095
2015-04-30;290.4;291.5;284.9;290.5;1095
2015-04-29;299.0;307.0;286.6;286.7;1923
2015-04-28;299.4;300.4;295.0;297.9;3619
2015-04-27;295.4;298.8;292.0;298.8;2881
2015-04-24;291.7;296.0;291.7;295.4;2721
2015-04-23;298.0;300.8;287.8;291.4;2401
2015-04-22;296.0;299.9;291.7;296.9;3336
2015-04-21;296.0;298.0;294.4;295.1;2337
2015-04-20;289.3;293.9;289.3;293.6;2051
2015-04-17;298.4;298.4;289.2;289.2;5195
2015-04-16;288.0;298.6;288.0;297.7;5054
2015-04-15;283.0;289.0;283.0;288.7;1214
2015-04-14;289.7;289.7;281.2;284.7;1039
2015-04-13;288.0;291.0;287.0;289.7;2443
2015-04-10;290.0;291.9;287.1;287.7;1618
2015-04-09;291.7;291.7;290.0;291.0;432
2015-04-08;290.3;291.9;290.0;290.0;2312
2015-04-07;291.8;292.0;287.0;291.0;2825
2015-04-02;288.0;292.4;285.5;292.4;213
2015-04-01;289.2;289.5;286.0;289.0;852
2015-03-31;291.0;291.0;286.3;289.8;681
2015-03-30;290.0;296.0;290.0;291.0;1632
2015-03-27;286.0;292.0;286.0;290.6;2374
2015-03-26;289.6;289.6;282.7;284.6;1274
2015-03-25;289.6;293.0;288.2;290.0;2389
2015-03-24;287.0;291.5;287.0;289.6;2548
2015-03-23;289.8;290.0;283.0;289.9;2670
2015-03-20;282.0;287.5;281.0;287.5;4221
2015-03-19;277.0;280.5;276.0;280.2;4165
2015-03-18;276.7;280.0;272.0;277.5;3476
2015-03-17;277.0;278.5;271.1;277.1;1189
2015-03-16;275.0;277.4;272.4;277.4;3032
2015-03-13;273.0;276.1;272.8;273.9;1547
2015-03-12;275.1;275.1;269.8;272.3;2934
2015-03-11;266.0;274.0;266.0;274.0;2271
2015-03-10;278.0;279.8;266.0;269.3;6647
2015-03-09;285.0;285.0;275.1;277.0;1012
2015-03-06;280.1;284.3;280.1;283.7;2267
2015-03-05;273.0;282.0;273.0;279.5;5602
2015-03-04;277.5;278.5;270.1;273.0;9913
2015-03-03;281.0;284.0;274.9;277.5;1579
2015-03-02;282.3;286.0;281.6;281.9;973
2015-02-27;284.5;288.0;282.0;284.0;1073
2015-02-26;287.0;287.0;283.6;283.6;1445
2015-02-25;287.0;288.0;284.4;287.4;3298
2015-02-24;285.0;286.9;284.0;286.4;1498
2015-02-23;285.0;288.0;282.9;286.4;2930
2015-02-20;285.8;285.8;281.1;284.6;2063
2015-02-19;285.5;288.2;281.8;286.0;2544
2015-02-18;286.0;288.9;282.6;285.9;3534
2015-02-17;286.5;286.6;282.1;286.4;1204
2015-02-16;284.0;287.0;282.0;286.9;3803
2015-02-13;285.0;288.4;282.0;284.6;7618
2015-02-12;275.0;292.6;275.0;284.1;10490
2015-02-11;271.7;274.5;269.0;273.0;9101
2015-02-10;271.0;274.3;269.3;272.1;2733
2015-02-09;269.0;273.3;267.1;270.9;6463
2015-02-06;258.6;276.5;258.6;269.6;11814
2015-02-05;253.3;257.0;253.3;256.4;2162
2015-02-04;253.0;254.9;249.9;253.3;6127
2015-02-03;247.0;252.6;247.0;252.6;1341
2015-02-02;248.6;251.8;244.1;245.6;3906
2015-01-30;248.6;251.4;247.3;248.7;2890
2015-01-29;250.0;250.0;242.5;245.1;3539
2015-01-28;248.1;252.9;248.0;249.5;1596
2015-01-27;251.7;255.3;245.4;246.8;2254
2015-01-26;250.3;254.0;249.1;251.7;7747
2015-01-23;251.4;257.0;250.6;250.6;3419
2015-01-22;244.2;251.5;244.2;250.4;2673
2015-01-21;243.3;244.2;240.0;244.2;3436
2015-01-20;240.3;244.8;240.0;242.2;2881
2015-01-19;241.0;241.2;237.1;237.1;1919
2015-01-16;242.0;242.0;237.6;239.7;533
2015-01-15;242.8;242.8;236.0;241.3;3014
2015-01-14;246.9;246.9;240.7;243.2;2483
2015-01-13;251.9;251.9;246.9;246.9;1109
2015-01-12;249.0;252.0;248.1;248.1;4251
2015-01-09;250.4;251.9;247.2;247.9;3323
2015-01-08;244.1;252.5;244.1;250.4;4191
2015-01-07;256.1;256.1;241.8;245.8;4622
2015-01-06;;257.9;257.9;257.9;0
2015-01-05;258.0;259.4;257.5;257.9;936
2015-01-02;257.0;260.0;257.0;258.0;1354
2015-01-01;261.0;261.0;257.0;259.0;5453
2014-12-30;261.0;261.0;257.0;259.0;5453
2014-12-29;266.7;266.7;260.1;260.1;3126
2014-12-23;258.0;262.9;258.0;259.3;2750
2014-12-22;260.8;264.0;260.5;260.9;4570
2014-12-19;265.0;265.0;258.3;260.8;1165
2014-12-18;253.1;263.9;253.1;262.1;30580
2014-12-17;250.0;252.5;249.0;252.0;8468
2014-12-16;250.6;253.3;245.0;250.3;7816
2014-12-15;251.0;255.1;250.6;250.6;3616
2014-12-12;258.0;258.0;250.9;251.0;4553
2014-12-11;261.6;261.6;257.2;258.0;2827
2014-12-10;265.6;267.5;260.1;261.6;7360
2014-12-09;263.5;266.0;260.2;262.5;3283
2014-12-08;261.0;267.4;261.0;266.2;4954
2014-12-05;258.8;265.0;257.6;264.5;6147
2014-12-04;262.2;264.0;258.8;258.8;1817
2014-12-03;256.6;263.0;256.6;261.6;3849
2014-12-02;259.2;259.2;256.8;257.0;1856
2014-12-01;264.0;264.6;258.0;260.5;2693
2014-11-28;260.0;262.1;257.0;262.1;2918
2014-11-27;256.0;262.3;256.0;260.0;10351
2014-11-26;245.0;259.5;245.0;258.9;9896
2014-11-25;241.1;247.0;241.1;246.0;1773
2014-11-24;239.0;243.0;239.0;243.0;6800
2014-11-21;237.2;241.4;237.2;238.9;11276
2014-11-20;237.3;237.6;236.3;237.2;1275
2014-11-19;240.9;241.5;237.6;238.0;1184
2014-11-18;239.0;242.0;237.3;240.9;2142
2014-11-17;242.0;242.0;235.9;237.9;6564
2014-11-14;257.2;257.2;240.9;241.9;1395
2014-11-13;245.0;249.3;244.3;247.0;4262
2014-11-12;245.4;246.2;241.1;241.8;3433
2014-11-11;246.5;250.0;245.7;246.9;6829
2014-11-10;243.1;247.0;241.0;245.8;3042
2014-11-07;240.0;244.9;240.0;241.1;1101
2014-11-06;239.9;239.9;237.0;239.5;2289
2014-11-05;238.0;241.6;237.8;239.4;1469
2014-11-04;238.0;239.2;236.4;237.8;1004
2014-11-03;235.1;239.3;230.0;238.8;3370
2014-10-31;234.0;237.6;233.0;235.1;1124
2014-10-30;229.3;233.0;229.3;230.1;1852
2014-10-29;227.4;231.0;227.4;228.8;6273
2014-10-28;224.4;229.5;224.4;226.7;2742
2014-10-24;220.0;220.0;219.0;219.0;1016
2014-10-23;218.9;223.6;218.9;219.9;3555
2014-10-22;217.0;219.3;215.5;218.9;9857
2014-10-21;208.6;213.9;207.0;213.9;3276
2014-10-20;218.4;218.4;204.0;205.2;11173
2014-10-17;206.0;209.5;204.0;209.2;2584
2014-10-16;197.5;204.0;194.9;203.3;4696
2014-10-15;208.0;208.0;190.0;197.8;5286
2014-10-14;202.8;208.3;201.5;208.0;3569
2014-10-13;205.0;207.9;197.9;204.0;4369
2014-10-10;210.3;211.0;205.0;205.5;3896
2014-10-09;213.1;218.8;212.3;213.5;3478
2014-10-08;206.2;214.2;201.6;212.1;5246
2014-10-07;215.5;217.3;206.3;207.5;6519
2014-10-06;227.5;228.0;215.5;215.5;5360
2014-10-03;220.5;227.7;220.0;227.2;7064
2014-10-02;238.0;238.6;215.4;216.9;7504
2014-10-01;268.0;268.0;235.0;237.9;6678
2014-09-30;248.2;261.0;248.2;260.6;4652
2014-09-29;247.0;250.5;246.5;248.2;6326
2014-09-26;250.6;250.6;247.6;248.4;1253
2014-09-25;258.5;259.5;255.0;255.0;1402
2014-09-24;256.4;260.5;255.0;255.0;2960
2014-09-23;257.0;260.0;256.5;258.1;4302
2014-09-22;260.0;261.4;258.6;260.8;2560
2014-09-19;274.6;274.6;257.7;257.7;2514
2014-09-18;261.0;261.7;256.4;261.2;1487
2014-09-17;253.9;262.0;251.1;262.0;1073
2014-09-16;252.0;255.8;247.3;255.8;2783
2014-09-15;254.0;258.0;254.0;255.0;1790
2014-09-12;264.0;264.0;257.5;258.0;4302
2014-09-11;267.3;270.0;264.5;265.5;1656
2014-09-10;271.2;273.8;269.0;269.0;283
2014-09-09;267.1;269.9;266.9;267.3;750
2014-09-08;273.3;273.3;266.8;267.2;931
2014-09-05;273.5;274.7;268.0;270.5;4874
2014-09-04;281.8;281.8;277.2;278.0;4032
2014-09-03;287.8;290.0;281.8;281.8;5654
2014-09-02;285.2;289.0;285.2;287.5;1374
2014-09-01;289.0;290.0;281.0;281.0;2970
2014-08-29;281.5;287.5;281.5;283.6;2572
2014-08-28;288.4;292.9;278.0;281.5;3219
2014-08-27;289.3;290.8;280.8;285.5;9166
2014-08-26;286.6;292.8;285.0;289.2;8082
2014-08-25;276.4;287.8;276.4;284.0;2581
2014-08-22;275.3;282.5;275.3;275.8;2293
2014-08-21;270.1;275.5;270.1;275.3;3012
2014-08-20;265.5;269.5;265.5;269.5;1295
2014-08-19;275.0;275.0;267.5;267.5;2374
2014-08-18;274.0;274.9;268.1;268.1;3530
2014-08-15;274.0;274.0;265.5;265.5;453
2014-08-14;259.1;260.0;257.5;260.0;2987
2014-08-13;258.2;262.7;257.8;257.8;1751
2014-08-12;299.0;299.0;250.1;259.6;1468
2014-08-11;267.6;269.1;266.0;267.0;4479
2014-08-08;266.0;266.8;262.1;263.4;3420
2014-08-07;276.6;276.6;264.0;267.1;3837
2014-08-06;285.5;285.5;273.5;276.9;873
2014-08-05;282.2;286.2;282.2;286.2;256
2014-08-04;286.2;288.5;282.0;284.8;1212
2014-08-01;285.0;290.0;281.0;286.2;555
2014-07-31;293.0;293.0;282.0;288.8;753
2014-07-30;293.0;293.0;290.0;292.9;2703
2014-07-29;291.0;293.0;286.7;292.4;1934
2014-07-28;287.0;290.0;282.0;288.0;2376
2014-07-25;296.0;296.0;287.1;287.1;664
2014-07-24;288.0;293.5;288.0;293.5;937
2014-07-23;291.0;294.8;288.1;292.3;2606
2014-07-22;285.0;291.9;285.0;291.1;2722
2014-07-21;295.0;295.0;286.6;286.6;79463
2014-07-18;278.0;299.0;278.0;298.9;7747
2014-07-17;284.7;284.7;278.0;278.0;1257
2014-07-16;285.0;286.5;282.1;282.1;725
2014-07-15;283.7;288.5;280.0;280.0;2554
2014-07-14;280.2;284.8;280.2;283.1;228
2014-07-11;278.4;283.5;276.0;276.0;186
2014-07-10;290.0;290.0;276.3;278.4;2169
2014-07-09;287.2;291.8;287.0;287.5;2511
2014-07-08;293.9;295.0;287.0;287.7;3494
2014-07-07;295.0;298.0;293.9;293.9;4921
2014-07-04;300.6;300.9;295.8;295.8;424
2014-07-03;297.0;301.0;293.4;300.6;4625
2014-07-02;283.0;295.7;283.0;291.1;4869
2014-07-01;291.9;292.0;286.9;286.9;2263
2014-06-30;280.0;291.7;280.0;287.5;3319
2014-06-27;272.0;278.5;272.0;278.4;9562
2014-06-26;270.0;273.0;269.9;272.0;1535
2014-06-25;267.0;270.4;265.5;266.6;6156
2014-06-24;274.0;275.8;267.3;267.6;23912
2014-06-23;277.0;277.0;273.0;273.0;2532
2014-06-20;;276.8;276.8;276.8;0
2014-06-19;274.5;276.8;272.3;276.8;875
2014-06-18;274.5;274.6;271.3;273.5;2023
2014-06-17;275.0;275.6;273.5;274.6;1836
2014-06-16;270.2;276.2;270.2;273.5;8871
2014-06-13;271.2;273.9;270.1;270.1;856
2014-06-12;267.0;275.0;267.0;274.0;18433
2014-06-11;263.4;267.0;263.0;264.9;5438
2014-06-10;264.0;265.4;259.6;265.3;19248
2014-06-09;256.5;264.7;256.5;264.6;15728
2014-06-06;;260.4;260.4;260.4;0
2014-06-05;262.7;262.7;249.2;260.4;35620
2014-06-04;270.0;272.1;269.0;272.1;2794
2014-06-03;271.4;271.4;268.3;269.0;363
2014-06-02;267.5;274.7;267.5;271.5;39902
2014-05-30;269.0;270.5;266.5;267.0;13550
2014-05-28;267.0;269.0;265.1;269.0;4219
2014-05-27;271.0;273.1;265.1;265.1;4479
2014-05-26;265.0;272.9;264.6;272.6;4838
2014-05-23;261.2;265.0;256.0;264.5;3710
2014-05-22;256.0;262.0;256.0;259.9;6649
2014-05-21;255.3;255.5;253.3;255.4;3404
2014-05-20;254.0;256.1;252.6;253.9;1449
2014-05-19;254.8;257.5;250.6;256.1;10403
2014-05-16;255.6;256.6;247.9;249.7;6537
2014-05-15;260.6;260.6;253.0;253.9;12607
2014-05-14;257.0;261.5;253.0;260.0;10211
2014-05-13;254.0;255.7;249.2;255.6;11140
2014-05-12;246.0;258.3;246.0;257.0;16205
2014-05-09;231.8;248.4;231.8;245.8;22190
2014-05-08;228.5;234.8;228.5;231.8;26032
2014-05-07;223.0;233.6;222.0;228.9;3194
2014-05-06;230.0;230.0;223.9;223.9;872
2014-05-05;233.9;233.9;228.1;229.8;2041
2014-05-02;228.0;233.9;228.0;233.9;5474
2014-05-01;;228.2;228.2;228.2;0
2014-04-30;227.2;231.0;225.6;228.2;7313
2014-04-29;227.0;227.8;224.8;227.2;1601
2014-04-28;229.0;229.0;226.5;226.6;1322
2014-04-25;230.6;231.0;229.0;229.0;5265
2014-04-24;220.0;229.1;220.0;229.0;1461
2014-04-23;224.5;224.9;219.2;219.2;2451
2014-04-22;223.0;226.8;222.6;224.0;5047
2014-04-17;222.7;223.3;222.0;223.0;627
2014-04-16;223.7;223.7;219.5;220.0;973
2014-04-15;222.5;225.0;218.9;218.9;1820
2014-04-14;226.7;226.7;221.0;221.1;2915
2014-04-11;234.7;234.7;225.0;228.0;3845
2014-04-10;230.1;234.8;227.9;234.8;2361
2014-04-09;222.0;227.9;222.0;227.9;2833
2014-04-08;225.0;225.0;217.4;219.3;6138
2014-04-07;230.1;230.1;221.1;225.0;5419
2014-04-04;234.2;235.0;229.3;231.7;1770
2014-04-03;239.0;239.0;236.0;236.0;523
2014-04-02;240.0;240.0;238.5;238.5;812
2014-04-01;240.0;240.4;235.8;239.5;2375
2014-03-31;232.1;239.2;232.0;239.2;7511
2014-03-28;228.5;232.5;228.5;232.1;844
2014-03-27;230.5;231.3;227.1;228.5;4919
2014-03-26;231.3;236.4;231.0;231.0;3941
2014-03-25;221.4;231.5;221.4;231.5;1360
2014-03-24;235.5;235.5;220.0;220.0;3665
2014-03-21;239.0;242.1;234.2;235.5;8393
2014-03-20;240.1;240.2;238.4;238.4;1317
2014-03-19;240.0;243.7;240.0;242.9;2456
2014-03-18;246.1;246.1;233.4;241.1;5869
2014-03-17;245.9;252.1;245.9;248.9;2254
2014-03-14;248.7;248.7;243.0;245.9;1589
2014-03-13;245.8;250.0;245.0;249.9;3533
2014-03-12;245.0;246.0;241.5;245.8;434
2014-03-11;244.3;246.1;243.0;245.0;2833
2014-03-10;241.5;246.0;241.5;245.0;462
2014-03-07;244.0;246.7;240.3;241.5;1362
2014-03-06;245.5;245.5;242.2;244.0;2864
2014-03-05;246.7;248.0;241.9;241.9;3243
2014-03-04;242.0;248.5;242.0;246.7;2662
2014-03-03;240.0;248.6;240.0;243.9;8202
2014-02-28;245.0;250.8;242.0;248.4;7129
2014-02-27;249.3;251.4;241.8;245.1;5860
2014-02-26;249.0;253.1;249.0;252.0;4930
2014-02-25;257.0;257.0;249.0;249.0;2133
2014-02-24;249.0;264.7;249.0;256.8;16060
2014-02-21;245.0;252.3;244.4;248.6;6006
2014-02-20;245.3;247.0;243.5;244.4;2449
2014-02-19;245.7;249.4;243.5;245.3;3375
2014-02-18;247.8;253.4;243.4;245.5;7357
2014-02-17;237.5;250.6;237.5;250.6;19193
2014-02-14;258.0;258.0;236.0;237.3;22325
2014-02-13;272.9;273.7;266.1;269.9;30586
2014-02-12;275.0;275.0;270.0;272.9;2431
2014-02-11;272.3;275.0;272.2;274.6;2302
2014-02-10;275.5;275.5;269.7;272.2;2403
2014-02-07;270.0;276.6;269.1;272.0;5090
2014-02-06;266.4;270.0;265.0;270.0;7905
2014-02-05;264.2;266.5;263.0;265.9;2175
2014-02-04;252.8;263.7;248.6;263.6;7392
2014-02-03;254.6;254.6;252.0;252.8;5941
2014-01-31;253.2;255.9;253.1;254.6;4181
2014-01-30;252.5;255.0;251.0;253.1;23641
2014-01-29;252.0;258.7;252.0;254.0;13838
2014-01-28;250.6;254.2;249.0;253.2;2883
2014-01-27;255.5;255.5;247.5;250.6;9289
2014-01-24;255.8;261.2;255.8;257.7;9624
2014-01-23;259.0;259.4;250.5;256.2;20986
2014-01-22;263.2;267.0;255.0;267.0;23580
2014-01-21;266.0;272.0;263.6;266.0;38613
2014-01-20;287.0;287.0;267.3;269.9;36997
2014-01-17;305.0;306.0;287.0;289.5;16572
2014-01-16;306.0;306.7;302.5;306.7;14192
2014-01-15;297.0;306.7;297.0;306.7;12907
2014-01-14;302.0;302.0;296.0;298.8;11597
2014-01-13;310.4;311.1;302.0;302.0;11369
2014-01-10;308.0;312.3;305.3;310.4;5362
2014-01-09;298.7;312.5;298.6;312.3;6663
2014-01-08;296.0;300.0;296.0;298.5;20542
2014-01-07;304.8;304.8;297.7;303.0;7648
2014-01-06;;304.8;304.8;304.8;0
2014-01-03;303.0;305.7;302.5;304.8;10359
2014-01-02;299.0;304.0;296.2;304.0;10311
2013-12-31;;299.3;299.3;299.3;0
2013-12-30;306.5;306.5;296.5;299.3;15260
2013-12-27;308.1;312.3;306.4;309.1;2700
2013-12-23;305.0;308.8;301.0;307.0;4892
2013-12-20;301.0;302.9;299.4;302.9;4733
2013-12-19;302.0;302.0;295.2;300.9;8049
2013-12-18;295.0;298.6;294.5;297.9;7062
2013-12-17;291.1;295.5;285.6;294.0;6169
2013-12-16;278.5;289.2;274.0;289.2;5891
2013-12-13;271.0;276.1;270.1;276.1;3483
2013-12-12;264.0;271.0;264.0;271.0;3427
2013-12-11;263.2;266.0;261.0;266.0;4487
2013-12-10;258.3;264.5;258.0;264.3;5555
2013-12-09;259.1;259.1;254.1;258.3;1795
2013-12-06;255.0;258.1;255.0;258.1;116
2013-12-05;252.7;257.8;252.7;253.0;854
2013-12-04;257.2;257.2;251.5;252.7;1131
2013-12-03;262.1;262.1;254.1;254.3;1463
2013-12-02;260.0;262.1;258.0;262.1;2628
2013-11-29;261.0;262.1;259.3;259.4;1843
2013-11-28;262.7;264.1;259.9;261.4;1065
2013-11-27;254.0;263.0;254.0;262.7;6185
2013-11-26;253.0;256.0;253.0;254.0;3890
2013-11-25;252.0;258.6;252.0;253.0;10151
2013-11-22;250.0;252.0;250.0;252.0;874
2013-11-21;245.0;250.0;245.0;250.0;4936
2013-11-20;246.5;247.3;244.3;245.1;456
2013-11-19;244.5;247.7;244.0;247.7;4739
2013-11-18;243.8;245.1;243.8;244.2;3877
2013-11-15;243.2;245.0;241.9;244.0;8971
2013-11-14;240.0;241.7;238.5;241.7;4598
2013-11-13;239.0;239.0;235.0;235.6;2176
2013-11-12;240.0;241.0;239.0;239.8;2023
2013-11-11;243.5;243.5;238.0;239.1;2822
2013-11-08;245.0;245.0;239.6;242.8;1165
2013-11-07;246.0;246.5;243.0;245.4;2269
2013-11-06;245.2;245.9;245.0;245.9;2447
2013-11-05;245.1;245.9;242.0;242.7;1365
2013-11-04;243.0;245.3;243.0;244.9;1568
2013-11-01;242.7;246.0;242.0;242.9;3570
2013-10-31;241.0;243.0;229.2;242.4;6205
2013-10-30;241.0;241.0;239.0;240.7;780
2013-10-29;235.9;241.8;235.9;239.0;1297
2013-10-28;247.0;247.0;239.9;239.9;13394
2013-10-25;250.0;255.5;244.1;251.7;4178
2013-10-24;240.0;264.9;239.0;264.9;43764
2013-10-23;239.2;242.0;238.9;238.9;3970
2013-10-22;242.0;242.0;237.8;239.2;7554
2013-10-21;234.0;243.7;234.0;242.0;10735
2013-10-18;234.3;234.5;233.0;234.0;1603
2013-10-17;234.2;235.8;232.4;232.4;1329
2013-10-16;228.2;233.9;228.2;233.9;6843
2013-10-15;225.1;229.0;225.1;228.2;6323
2013-10-14;225.5;225.6;223.9;225.1;1813
2013-10-11;225.5;226.6;224.5;225.8;1460
2013-10-10;223.0;226.4;223.0;225.5;5347
2013-10-09;227.5;227.5;221.8;223.4;2503
2013-10-08;226.6;229.0;226.0;226.0;726
2013-10-07;227.0;229.1;223.9;229.0;3185
2013-10-04;226.0;227.0;225.0;227.0;1512
2013-10-03;224.3;227.0;224.3;227.0;1059
2013-10-02;221.2;224.4;221.2;224.3;907
2013-10-01;220.7;222.7;219.7;221.3;2607
2013-09-30;224.0;224.0;218.3;220.7;2363
2013-09-27;219.0;224.0;219.0;223.5;4435
2013-09-26;223.8;225.0;219.0;219.0;2293
2013-09-25;225.0;225.0;220.1;222.0;3270
2013-09-24;225.0;228.2;224.6;225.0;2552
2013-09-23;227.3;228.5;225.0;225.0;4308
2013-09-20;229.5;230.0;226.9;227.3;7960
2013-09-19;229.0;230.5;227.7;229.5;6010
2013-09-18;226.5;227.0;224.8;226.2;9011
2013-09-17;233.0;233.0;226.2;226.2;2388
2013-09-16;235.8;235.8;232.0;233.0;4046
2013-09-13;235.8;235.8;232.1;233.5;4984
2013-09-12;235.0;236.0;234.0;235.7;2019
2013-09-11;235.8;235.8;234.0;234.5;5315
2013-09-10;229.9;237.0;229.9;235.8;25497
2013-09-09;228.0;228.4;226.4;228.3;8564
2013-09-06;227.0;229.0;225.2;227.8;38017
2013-09-05;221.5;227.7;221.5;227.2;9278
2013-09-04;219.6;222.0;218.0;221.5;1887
2013-09-03;219.0;220.5;217.9;218.5;12944
2013-09-02;211.8;216.5;211.0;216.5;27022
2013-08-30;210.0;212.8;208.4;212.8;1843
2013-08-29;209.0;210.8;209.0;210.0;415
2013-08-28;208.5;208.5;206.3;207.6;721
2013-08-27;215.0;215.0;207.3;208.5;6092
2013-08-26;213.5;216.3;213.2;213.2;2376
2013-08-23;210.0;216.0;210.0;213.5;5583
2013-08-22;209.5;211.3;206.0;211.0;3368
2013-08-21;206.8;210.0;205.1;206.4;3617
2013-08-20;208.0;209.5;206.0;206.7;7843
2013-08-19;206.6;209.0;206.6;209.0;4398
2013-08-16;205.8;207.5;201.6;207.5;17178
2013-08-15;205.2;206.0;203.0;205.8;3665
2013-08-14;208.0;208.0;202.2;205.2;1414
2013-08-13;202.0;205.0;202.0;205.0;9063
2013-08-12;203.5;203.5;201.5;201.5;1872
2013-08-09;203.4;203.5;203.0;203.0;2976
2013-08-08;202.0;202.0;200.7;202.0;1723
2013-08-07;205.0;205.1;202.0;203.6;1640
2013-08-06;204.8;206.0;203.9;203.9;4276
2013-08-05;205.0;207.0;204.0;205.0;3921
2013-08-02;204.8;204.9;203.0;204.9;1555
2013-08-01;199.0;204.8;199.0;203.5;2946
2013-07-31;200.0;202.0;199.0;200.0;3327
2013-07-30;198.0;200.0;195.0;200.0;2339
2013-07-29;198.0;200.5;196.3;199.1;770
2013-07-26;198.0;198.0;194.0;197.9;1353
2013-07-25;199.4;199.9;198.0;198.0;6393
2013-07-24;195.0;199.4;195.0;198.0;8108
2013-07-23;196.9;199.4;192.4;194.3;3062
2013-07-22;199.6;199.6;195.9;196.0;3865
2013-07-19;210.0;210.0;197.2;200.0;5795
2013-07-18;205.0;205.5;201.0;204.0;11627
2013-07-17;200.0;204.0;197.5;203.4;9763
2013-07-16;204.0;204.5;199.7;204.5;8310
2013-07-15;205.0;205.0;198.5;204.0;3812
2013-07-12;201.0;206.3;201.0;205.5;3549
2013-07-11;199.0;202.4;198.1;202.3;2924
2013-07-10;196.0;197.5;194.6;195.9;2286
2013-07-09;193.0;198.7;193.0;198.6;3573
2013-07-08;187.5;193.5;187.5;192.9;3590
2013-07-05;185.0;187.7;181.4;187.7;3411
2013-07-04;181.0;185.0;178.8;184.9;1860
2013-07-03;175.0;181.5;173.8;181.0;4674
2013-07-02;174.5;176.7;174.5;175.0;8997
2013-07-01;173.0;174.5;173.0;174.5;7319
2013-06-28;172.7;173.8;172.5;172.5;28850
2013-06-27;173.5;173.5;170.0;172.7;8458
2013-06-26;169.3;171.5;169.3;171.4;6774
2013-06-25;167.0;169.3;167.0;169.3;1217
2013-06-24;173.8;173.8;162.0;167.0;3988
2013-06-21;;173.9;173.9;173.9;0
2013-06-20;179.1;179.1;172.5;173.9;4169
2013-06-19;178.0;179.2;176.5;179.1;22553
2013-06-18;176.0;180.8;176.0;177.1;55335
2013-06-17;174.0;176.0;173.8;175.9;14011
2013-06-14;172.8;174.3;172.8;173.9;20050
2013-06-13;172.5;173.1;167.9;172.4;8267
2013-06-12;173.7;174.2;172.0;173.7;10203
2013-06-11;175.2;175.2;172.0;173.5;357
2013-06-10;169.3;175.3;169.3;175.2;613
2013-06-07;160.0;175.5;160.0;175.3;4309
2013-06-06;;175.0;175.0;175.0;0
2013-06-05;175.5;176.2;175.0;175.0;750
2013-06-04;180.0;180.0;175.0;176.4;2209
2013-06-03;178.6;178.6;176.7;176.7;3237
2013-05-31;178.0;179.5;177.1;179.5;1676
2013-05-30;177.0;177.9;176.2;177.9;2359
2013-05-29;177.1;177.5;177.0;177.5;1315
2013-05-28;176.4;177.7;175.1;177.4;911
2013-05-27;177.0;177.0;174.6;176.4;4794
2013-05-24;175.0;177.0;174.9;177.0;4711
2013-05-23;173.0;176.7;172.6;176.7;6406
2013-05-22;178.7;179.0;176.7;177.9;9370
2013-05-21;178.0;179.5;177.0;179.5;5353
2013-05-20;176.0;179.5;176.0;178.0;3037
2013-05-17;171.8;176.3;171.5;176.0;3184
2013-05-16;171.0;173.9;170.0;171.6;2754
2013-05-15;169.0;172.0;169.0;171.9;2091
2013-05-14;176.0;176.0;168.0;169.4;6925
2013-05-13;185.5;185.5;176.2;177.9;4235
2013-05-10;173.5;179.1;173.5;178.8;2103
2013-05-09;;174.6;174.6;174.6;0
2013-05-08;173.0;174.8;172.6;174.6;607
2013-05-07;175.4;175.4;173.0;175.1;1077
2013-05-06;174.0;175.8;173.6;175.8;4451
2013-05-03;172.0;174.0;170.8;174.0;2056
2013-05-02;171.5;171.5;170.0;170.6;690
2013-05-01;;170.0;170.0;170.0;0
2013-04-30;168.0;172.2;168.0;170.0;2286
2013-04-29;169.4;170.0;168.6;169.4;1981
2013-04-26;168.8;170.0;167.1;167.6;4568
2013-04-25;167.0;168.0;166.0;168.0;2008
2013-04-24;165.0;167.0;165.0;167.0;3760
2013-04-23;165.8;167.0;165.1;167.0;450
2013-04-22;164.8;165.8;164.8;165.8;2999
2013-04-19;165.9;165.9;163.0;163.0;996
2013-04-18;162.0;165.9;162.0;165.9;3491
2013-04-17;164.4;165.8;162.8;164.7;1953
2013-04-16;168.0;168.0;165.6;167.3;1517
2013-04-15;167.4;168.0;166.1;168.0;2029
2013-04-12;166.0;167.8;164.0;167.8;575
2013-04-11;165.0;166.0;163.4;166.0;1787
2013-04-10;164.6;165.0;164.5;165.0;1413
2013-04-09;;160.1;160.1;160.1;0
2013-04-08;163.9;163.9;160.1;160.1;1195
2013-04-05;162.3;162.7;159.0;160.3;1333
2013-04-04;161.0;161.4;159.8;159.8;1418
2013-04-03;163.0;164.3;160.4;162.3;2581
2013-04-02;165.0;165.0;160.7;161.6;1839
2013-04-01;;159.8;159.8;159.8;0
2013-03-29;153.0;159.8;159.8;159.8;10
2013-03-28;153.0;153.0;153.0;153.0;10
2013-03-27;153.0;153.0;153.0;153.0;10
2013-03-26;153.4;154.5;153.0;153.0;1410
2013-03-25;152.0;153.5;152.0;152.0;813
2013-03-22;149.0;151.9;149.0;151.6;652
2013-03-21;149.0;149.1;149.0;149.0;800
2013-03-20;155.0;155.0;148.6;150.9;795
2013-03-19;154.9;154.9;149.9;149.9;1878
2013-03-18;153.0;155.0;152.0;154.9;3013
2013-03-15;155.5;156.0;154.1;154.1;751
2013-03-14;152.0;156.3;152.0;156.3;1655
2013-03-13;153.0;153.0;151.4;152.5;2573
2013-03-12;153.8;155.3;151.9;152.1;6746
2013-03-11;155.0;155.5;152.6;154.3;5130
2013-03-08;142.0;154.5;142.0;154.5;2194
2013-03-07;147.3;152.0;140.1;140.1;7160
2013-03-06;149.0;149.5;147.5;147.5;3155
2013-03-05;149.6;149.9;148.5;149.8;1756
2013-03-04;150.0;150.0;149.9;149.9;170
2013-03-01;148.7;152.0;148.7;152.0;54
2013-02-28;153.5;153.5;149.3;150.6;11047
2013-02-27;150.1;152.9;149.0;152.9;2537
2013-02-26;151.5;151.5;149.0;149.0;2353
2013-02-25;152.5;154.0;151.5;151.5;4800
2013-02-22;151.2;153.0;150.7;151.7;1764
2013-02-21;150.0;151.4;149.5;151.2;1122
2013-02-20;150.0;151.5;150.0;151.5;6869
2013-02-19;150.1;150.8;150.1;150.7;2250
2013-02-18;152.0;152.0;148.9;150.8;2732
2013-02-15;150.0;152.8;146.0;150.1;11776
2013-02-14;146.0;148.0;146.0;148.0;2159
2013-02-13;147.4;148.0;145.7;146.0;4943
2013-02-12;146.0;146.0;142.1;146.0;6843
2013-02-11;146.0;146.4;144.5;146.0;2876
2013-02-08;146.9;146.9;143.6;146.5;8266
2013-02-07;145.9;147.0;145.3;147.0;7676
2013-02-06;143.6;147.2;143.6;147.0;7224
2013-02-05;153.5;153.5;143.6;148.4;6784
2013-02-04;152.0;154.0;150.0;152.8;649
2013-02-01;149.8;153.5;149.8;152.4;6574
2013-01-31;150.5;150.5;148.5;149.8;3064
2013-01-30;149.4;150.9;149.4;150.9;1044
2013-01-29;150.0;151.5;148.9;151.5;2596
2013-01-28;149.0;151.2;149.0;149.8;1870
2013-01-25;150.0;150.0;148.0;148.0;690
2013-01-24;148.5;148.5;148.0;148.3;4518
2013-01-23;150.4;150.4;146.8;146.8;277
2013-01-22;150.0;150.0;148.1;149.9;4951
2013-01-21;150.0;151.0;148.7;150.0;2685
2013-01-18;149.0;151.0;149.0;151.0;13172
2013-01-17;146.4;148.0;146.4;148.0;12105
2013-01-16;147.4;147.4;146.0;147.0;2650
2013-01-15;148.9;148.9;146.8;148.0;2260
2013-01-14;144.5;147.5;144.5;147.5;11232
2013-01-11;141.9;144.5;141.8;144.5;6802
2013-01-10;143.4;143.4;143.0;143.4;860
2013-01-09;145.3;145.3;141.2;143.4;1270
2013-01-08;145.3;145.3;145.3;145.3;70
2013-01-07;144.0;144.3;143.2;143.5;1648
2013-01-04;146.7;146.7;141.4;143.2;266
2013-01-03;144.0;145.5;140.1;145.5;12910
2013-01-02;147.0;147.0;142.0;142.9;1882
2013-01-01;;139.9;139.9;139.9;0
2012-12-31;;139.9;139.9;139.9;0
2012-12-28;140.0;140.0;139.9;139.9;412
