Dates;Open;High;Low;Close;Volume
2017-12-27;10.75;10.89;10.75;10.86;689485
2017-12-22;10.7;10.79;10.65;10.75;918710
2017-12-21;10.72;10.72;10.41;10.56;1771165
2017-12-20;10.76;10.79;10.63;10.73;1019337
2017-12-19;10.85;10.9;10.75;10.79;550658
2017-12-18;10.9;10.96;10.8;10.86;670474
2017-12-15;10.84;10.91;10.77;10.9;1232130
2017-12-14;10.8;10.87;10.77;10.84;736166
2017-12-13;10.8;10.89;10.76;10.87;622424
2017-12-12;10.9;10.9;10.72;10.8;675262
2017-12-11;10.89;10.89;10.76;10.86;553217
2017-12-08;10.76;10.9;10.76;10.88;827766
2017-12-07;10.66;10.93;10.64;10.76;1248275
2017-12-06;10.71;10.79;10.56;10.67;5434129
2017-12-05;10.86;10.95;10.725;10.79;1915409
2017-12-04;11.16;11.2;10.82;10.86;2099768
2017-12-01;11.44;11.52;11.08;11.1;1322521
2017-11-30;11.69;11.69;11.36;11.4;13023151
2017-11-29;11.44;11.84;11.44;11.69;2931610
2017-11-28;11.39;11.48;11.35;11.43;1853307
2017-11-27;11.23;11.4;11.18;11.4;1836909
2017-11-24;11.02;11.2;11.02;11.18;2234537
2017-11-23;11.01;11.08;10.95;11.04;1038169
2017-11-22;11.2;11.2;11.02;11.04;653900
2017-11-21;11.09;11.2;11.09;11.19;1086677
2017-11-20;11.2;11.24;11.05;11.08;770181
2017-11-17;11.28;11.35;11.19;11.2;1362247
2017-11-16;11.06;11.34;11.06;11.27;2057194
2017-11-15;11.05;11.09;10.87;11.03;1200436
2017-11-14;11.04;11.14;11.0;11.14;1072520
2017-11-13;11.1;11.2;10.97;11.04;663708
2017-11-10;10.99;11.2;10.94;11.12;1103926
2017-11-09;11.09;11.12;10.98;11.0;787179
2017-11-08;11.15;11.27;11.0;11.13;744249
2017-11-07;11.15;11.27;11.06;11.17;822048
2017-11-06;11.2;11.27;11.11;11.15;815424
2017-11-03;11.2;11.29;11.2;11.2;600693
2017-11-02;11.3;11.37;11.17;11.27;1185735
2017-11-01;11.2;11.42;11.13;11.37;1373087
2017-10-31;11.21;11.28;11.12;11.27;483837
2017-10-30;11.15;11.22;11.11;11.21;420717
2017-10-27;11.07;11.26;10.97;11.15;988344
2017-10-26;10.89;11.17;10.88;11.12;816496
2017-10-25;11.2;11.23;10.89;10.92;852921
2017-10-24;11.29;11.34;11.19;11.19;892523
2017-10-23;11.48;11.58;11.33;11.36;706647
2017-10-20;11.45;11.62;11.43;11.43;763725
2017-10-19;11.8;11.86;11.46;11.55;1019202
2017-10-18;11.49;11.92;11.38;11.8;3930924
2017-10-17;11.03;11.48;11.0;11.44;3130920
2017-10-13;11.23;11.28;11.11;11.17;1043640
2017-10-12;11.05;11.23;11.01;11.23;1629408
2017-10-11;10.94;11.07;10.87;11.02;1132160
2017-10-10;10.9;10.94;10.74;10.94;1308542
2017-10-09;10.95;11.03;10.95;10.97;439640
2017-10-06;11.03;11.04;10.9;10.95;742304
2017-10-05;11.0;11.03;10.92;11.03;643243
2017-10-04;11.09;11.09;10.95;11.0;656968
2017-10-03;10.97;11.15;10.9;11.1;2068922
2017-10-02;10.85;10.96;10.82;10.92;709531
2017-09-29;10.6;10.9;10.59;10.85;739500
2017-09-28;10.61;10.65;10.52;10.65;513479
2017-09-27;10.78;10.84;10.68;10.7;780006
2017-09-26;10.8;10.84;10.75;10.8;557718
2017-09-25;10.78;10.81;10.72;10.77;1044920
2017-09-22;10.76;10.84;10.72;10.78;1394074
2017-09-21;10.86;10.92;10.75;10.78;805062
2017-09-20;10.81;10.85;10.73;10.75;893039
2017-09-19;10.94;10.94;10.79;10.8;720681
2017-09-18;11.04;11.08;10.95;10.95;861542
2017-09-15;10.97;11.11;10.87;11.02;2445943
2017-09-14;10.94;11.03;10.87;11.0;713385
2017-09-13;10.8;11.02;10.77;10.94;2000039
2017-09-12;10.76;10.85;10.76;10.8;922215
2017-09-11;10.6;10.83;10.6;10.76;1247971
2017-09-08;10.65;10.75;10.56;10.62;1163121
2017-09-07;10.54;10.64;10.48;10.64;1359305
2017-09-06;10.5;10.67;10.46;10.55;1274974
2017-09-04;10.87;10.94;10.74;10.74;1002275
2017-09-01;10.96;11.0;10.84;10.97;2854348
2017-08-31;10.95;11.02;10.92;11.0;2542335
2017-08-30;10.85;11.03;10.84;10.95;1233192
2017-08-29;10.7;10.91;10.64;10.84;3139819
2017-08-28;10.62;10.77;10.59;10.74;1351963
2017-08-25;10.74;10.77;10.6;10.62;918272
2017-08-24;10.75;10.79;10.66;10.79;2321430
2017-08-23;10.62;10.8;10.57;10.75;2967698
2017-08-22;10.79;10.79;10.58;10.62;1193654
2017-08-21;10.56;10.76;10.54;10.73;3236868
2017-08-18;10.6;10.69;10.52;10.64;1433053
2017-08-17;10.65;10.72;10.59;10.65;3621605
2017-08-16;10.5;10.65;10.46;10.59;1240357
2017-08-15;10.65;10.65;10.35;10.5;2832861
2017-08-14;10.36;10.69;10.31;10.59;1520038
2017-08-11;10.58;10.58;10.3;10.35;1207523
2017-08-10;10.82;10.84;10.6;10.62;1139364
2017-08-09;10.89;10.91;10.77;10.84;951336
2017-08-08;10.8;10.89;10.74;10.87;986512
2017-08-07;10.87;10.9;10.71;10.8;1283878
2017-08-04;10.74;10.82;10.7;10.82;3299467
2017-08-03;10.55;10.83;10.52;10.72;1731720
2017-08-02;10.45;10.56;10.43;10.52;1260727
2017-08-01;10.29;10.45;10.29;10.42;1447855
2017-07-31;10.15;10.33;10.14;10.31;1421226
2017-07-28;10.3;10.35;10.07;10.14;814932
2017-07-27;10.12;10.3;10.12;10.28;1074329
2017-07-26;10.03;10.16;10.01;10.14;1109500
2017-07-25;9.97;10.07;9.97;10.04;1240719
2017-07-24;9.92;9.995;9.92;9.975;1135326
2017-07-21;10.05;10.08;9.94;9.96;1617131
2017-07-20;10.0;10.19;10.0;10.05;1665468
2017-07-19;9.925;10.0;9.87;10.0;1500118
2017-07-18;9.85;10.1;9.82;10.03;3361464
2017-07-17;9.78;9.91;9.75;9.865;2390326
2017-07-14;9.685;9.775;9.615;9.775;2386746
2017-07-13;9.515;9.66;9.42;9.65;2651726
2017-07-12;9.31;9.495;9.31;9.48;2065242
2017-07-11;9.3;9.31;9.175;9.26;1083631
2017-07-10;9.145;9.345;9.145;9.295;1464465
2017-07-07;9.055;9.2;9.0;9.2;1318688
2017-07-06;9.165;9.19;9.05;9.08;1297129
2017-07-05;9.165;9.195;9.105;9.19;529095
2017-07-04;9.23;9.23;9.125;9.18;1050533
2017-07-03;9.22;9.285;9.155;9.17;647915
2017-06-30;9.285;9.295;9.195;9.22;825302
2017-06-29;9.405;9.44;9.16;9.235;1421858
2017-06-28;9.59;9.59;9.425;9.485;730099
2017-06-27;9.7;9.76;9.55;9.59;680106
2017-06-26;9.75;9.98;9.72;9.745;1286003
2017-06-23;;9.75;9.75;9.75;0
2017-06-22;9.745;9.78;9.6;9.75;994675
2017-06-21;9.795;9.795;9.705;9.745;3061937
2017-06-20;9.85;9.895;9.78;9.8;1507277
2017-06-19;9.9;9.93;9.86;9.88;629737
2017-06-16;9.93;9.945;9.855;9.905;1077064
2017-06-15;9.92;9.93;9.86;9.88;1143690
2017-06-14;9.95;9.95;9.885;9.92;1341282
2017-06-13;9.92;10.03;9.92;9.95;491987
2017-06-12;10.12;10.13;9.93;9.96;1141245
2017-06-09;10.07;10.18;10.01;10.17;1234694
2017-06-08;10.2;10.2;10.01;10.07;905020
2017-06-07;10.06;10.19;10.03;10.18;727311
2017-06-06;;10.05;10.05;10.05;0
2017-06-05;10.1;10.1;10.01;10.05;740898
2017-06-02;9.885;10.1;9.885;10.1;1283817
2017-06-01;9.7;9.895;9.675;9.885;1583320
2017-05-31;9.57;9.8;9.55;9.72;12619789
2017-05-30;9.55;9.675;9.505;9.57;4389504
2017-05-29;9.5;9.6;9.47;9.555;1560998
2017-05-26;9.475;9.535;9.475;9.5;1143853
2017-05-24;9.6;9.62;9.47;9.47;637860
2017-05-23;9.58;9.595;9.44;9.59;3045077
2017-05-22;9.38;9.585;9.38;9.585;1379270
2017-05-19;9.31;9.395;9.285;9.355;2477258
2017-05-18;9.6;9.605;9.22;9.3;3826027
2017-05-17;9.68;9.715;9.55;9.665;1579255
2017-05-16;9.75;9.785;9.65;9.67;1715767
2017-05-15;9.71;9.815;9.655;9.79;1356655
2017-05-12;9.69;9.71;9.71;9.71;6202534
2017-05-11;9.62;9.69;9.57;9.69;1041831
2017-05-10;9.64;9.65;9.56;9.6;1067411
2017-05-09;9.505;9.67;9.505;9.615;1501534
2017-05-08;9.375;9.55;9.375;9.55;1443721
2017-05-05;9.305;9.385;9.29;9.375;473335
2017-05-04;9.41;9.47;9.31;9.32;962883
2017-05-03;9.41;9.45;9.32;9.415;1282032
2017-05-02;9.35;9.42;9.305;9.41;1078770
2017-05-01;;9.33;9.33;9.33;0
2017-04-28;9.38;9.385;9.28;9.33;834119
2017-04-27;9.375;9.4;9.29;9.38;1068479
2017-04-26;9.3;9.39;9.17;9.375;2076402
2017-04-25;9.12;9.23;9.06;9.23;1424420
2017-04-24;9.115;9.19;9.1;9.12;1362974
2017-04-21;9.375;9.4;9.14;9.16;1064835
2017-04-20;9.34;9.385;9.305;9.35;1611153
2017-04-19;9.25;9.34;9.14;9.34;1509127
2017-04-18;9.29;9.295;9.175;9.29;1097044
2017-04-13;9.25;9.25;9.2;9.25;276907
2017-04-12;9.115;9.25;9.07;9.25;845575
2017-04-11;9.065;9.135;9.045;9.12;659919
2017-04-10;9.065;9.075;8.97;9.065;439770
2017-04-07;8.955;9.065;8.87;9.065;1479659
2017-04-06;8.95;9.08;8.925;8.955;1155307
2017-04-05;8.9;9.14;8.835;9.08;4668450
2017-04-04;8.7;8.93;8.665;8.87;1918909
2017-04-03;8.9;8.9;8.675;8.705;1237744
2017-03-31;8.755;8.925;8.755;8.925;911071
2017-03-30;8.9;8.9;8.69;8.755;1289303
2017-03-29;8.705;8.835;8.705;8.83;2506837
2017-03-28;8.86;8.86;8.745;8.765;1073038
2017-03-27;9.0;9.0;8.805;8.825;648915
2017-03-24;9.005;9.04;8.855;8.9;1395603
2017-03-23;8.99;9.075;8.9;9.045;835604
2017-03-22;9.04;9.145;8.86;8.86;1639067
2017-03-21;9.085;9.13;9.03;9.04;1826694
2017-03-20;9.135;9.205;9.125;9.13;1413868
2017-03-17;9.06;9.14;9.04;9.14;1021834
2017-03-16;8.9;9.06;8.9;9.06;1399138
2017-03-15;8.94;8.94;8.835;8.835;1290237
2017-03-14;8.9;8.92;8.83;8.89;1941193
2017-03-13;8.88;8.925;8.845;8.91;2802343
2017-03-10;8.905;8.88;8.88;8.88;2208171
2017-03-09;8.95;8.95;8.82;8.89;2071314
2017-03-08;9.05;9.05;8.85;8.93;1553877
2017-03-07;9.195;9.195;9.015;9.05;1588439
2017-03-06;9.13;9.185;9.05;9.17;1325686
2017-03-03;9.25;9.145;9.145;9.145;780615
2017-03-02;9.21;9.225;9.12;9.185;1550513
2017-03-01;9.395;9.395;9.16;9.2;1606102
2017-02-28;9.3;9.355;9.155;9.355;1664145
2017-02-27;9.42;9.42;9.22;9.27;1575505
2017-02-24;9.475;9.525;9.42;9.44;1100368
2017-02-23;9.54;9.555;9.435;9.475;816466
2017-02-22;9.525;9.54;9.47;9.5;614091
2017-02-21;9.48;9.525;9.445;9.515;678469
2017-02-20;9.5;9.54;9.435;9.5;474334
2017-02-17;9.45;9.56;9.405;9.505;1056430
2017-02-16;9.5;9.5;9.36;9.4;1341996
2017-02-15;9.385;9.49;9.35;9.46;1727968
2017-02-14;9.35;9.38;9.26;9.36;952957
2017-02-13;9.355;9.415;9.31;9.345;1482226
2017-02-10;9.7;9.7;9.29;9.34;4017298
2017-02-09;9.6;9.745;9.52;9.55;2035704
2017-02-08;9.51;9.74;9.495;9.665;1704776
2017-02-07;9.4;9.59;9.33;9.495;2898224
2017-02-06;9.4;9.45;9.325;9.35;1098466
2017-02-03;9.26;9.44;9.26;9.355;2322840
2017-02-02;9.26;9.3;9.18;9.3;1215046
2017-02-01;9.2;9.25;9.15;9.24;1317471
2017-01-31;9.09;9.215;9.03;9.215;1159739
2017-01-30;9.075;9.09;9.015;9.03;892625
2017-01-27;9.14;9.14;9.005;9.06;732022
2017-01-26;9.025;9.115;9.015;9.115;780953
2017-01-25;9.1;9.1;9.015;9.025;781851
2017-01-24;9.04;9.13;9.0;9.04;1500640
2017-01-23;9.035;9.08;8.98;9.04;4133961
2017-01-20;8.995;9.08;8.96;9.04;820132
2017-01-19;9.1;9.125;8.975;8.995;1199764
2017-01-18;8.97;9.1;8.95;9.1;1378839
2017-01-17;9.05;9.095;8.95;8.97;1067288
2017-01-16;9.015;9.095;8.965;9.095;1182352
2017-01-13;9.15;9.215;9.03;9.07;1116493
2017-01-12;9.12;9.215;9.085;9.15;1364842
2017-01-11;9.15;9.16;9.075;9.135;974754
2017-01-10;9.04;9.12;8.995;9.11;1270942
2017-01-09;9.0;9.055;8.86;9.005;14478232
2017-01-06;;8.955;8.955;8.955;0
2017-01-05;9.115;9.12;8.955;8.955;3162298
2017-01-04;9.26;9.265;9.07;9.12;7086769
2017-01-03;9.4;9.52;9.25;9.27;2666401
2017-01-02;9.55;9.64;9.48;9.595;577885
2016-12-30;9.4;9.545;9.4;9.545;734589
2016-12-29;9.475;9.48;9.385;9.48;958019
2016-12-28;9.5;9.54;9.385;9.475;1120767
2016-12-27;9.44;9.535;9.42;9.47;389385
2016-12-23;9.325;9.44;9.25;9.415;604931
2016-12-22;9.235;9.25;9.17;9.245;1199422
2016-12-21;9.4;9.4;9.175;9.235;1062771
2016-12-20;9.46;9.485;9.325;9.375;768838
2016-12-19;9.22;9.48;9.22;9.46;915175
2016-12-16;9.2;9.29;9.2;9.225;1708933
2016-12-15;9.4;9.43;9.13;9.2;1601531
2016-12-14;9.48;9.495;9.405;9.43;1882125
2016-12-13;9.4;9.5;9.395;9.495;972525
2016-12-12;9.55;9.55;9.3;9.395;1227113
2016-12-09;9.4;9.585;9.37;9.565;4125517
2016-12-08;9.395;9.445;9.345;9.39;871315
2016-12-07;9.55;9.595;9.37;9.395;1472453
2016-12-06;9.305;9.54;9.23;9.54;1738216
2016-12-05;9.28;9.345;9.195;9.27;1508421
2016-12-02;9.47;9.475;9.26;9.315;1822834
2016-12-01;9.57;9.57;9.355;9.52;2874104
2016-11-30;9.74;9.74;9.525;9.6;5695219
2016-11-29;9.68;9.745;9.62;9.74;1017964
2016-11-28;9.7;9.7;9.42;9.67;2768176
2016-11-25;9.7;9.745;9.615;9.635;997877
2016-11-24;9.695;9.775;9.62;9.7;754913
2016-11-23;9.44;9.7;9.44;9.61;1481276
2016-11-22;9.43;9.535;9.375;9.4;1008228
2016-11-21;9.49;9.54;9.385;9.415;1067314
2016-11-18;9.345;9.5;9.32;9.44;1649286
2016-11-17;9.205;9.35;9.205;9.335;1417770
2016-11-16;9.205;9.25;9.1;9.205;5829839
2016-11-15;8.965;9.23;8.965;9.18;954966
2016-11-14;9.055;9.175;8.91;8.93;1332987
2016-11-11;9.135;9.255;9.01;9.01;3424518
2016-11-10;9.37;9.44;9.09;9.13;3541916
2016-11-09;9.315;9.395;9.125;9.37;1586680
2016-11-08;9.5;9.535;9.38;9.43;1003153
2016-11-07;9.46;9.48;9.35;9.41;1009401
2016-11-04;9.4;9.44;9.35;9.35;745835
2016-11-03;9.44;9.495;9.335;9.35;1252485
2016-11-02;9.385;9.405;9.25;9.4;1372266
2016-11-01;9.5;9.525;9.25;9.3;1417953
2016-10-31;9.5;9.525;9.405;9.525;1239073
2016-10-28;9.37;9.585;9.315;9.48;2224387
2016-10-27;9.58;9.59;9.33;9.4;1682520
2016-10-26;9.855;9.855;9.51;9.555;1329261
2016-10-25;9.805;9.86;9.77;9.855;1386227
2016-10-24;10.09;10.12;9.775;9.805;1809562
2016-10-21;10.1;10.1;9.91;10.03;1393772
2016-10-20;10.0;10.2;9.85;9.97;1192526
2016-10-19;9.965;9.995;9.815;9.995;991475
2016-10-18;9.885;9.96;9.78;9.845;2109459
2016-10-17;9.85;9.915;9.705;9.705;1287383
2016-10-14;9.785;9.85;9.645;9.845;2420055
2016-10-13;9.62;9.785;9.605;9.785;2409128
2016-10-12;9.615;9.795;9.615;9.635;2349240
2016-10-11;9.85;9.85;9.625;9.7;2040806
2016-10-10;10.0;10.1;9.81;9.85;2228049
2016-10-07;10.08;10.08;9.875;9.95;2820598
2016-10-06;10.4;10.4;10.01;10.02;1389966
2016-10-05;10.53;10.53;10.3;10.37;798462
2016-10-04;10.65;10.65;10.37;10.53;3203003
2016-10-03;10.68;10.68;10.6;10.62;695102
2016-09-30;10.59;10.68;10.51;10.67;661526
2016-09-29;10.78;10.85;10.65;10.65;756437
2016-09-28;10.8;10.8;10.76;10.79;798056
2016-09-27;10.72;10.76;10.57;10.76;753233
2016-09-26;10.75;10.75;10.62;10.72;890924
2016-09-23;10.75;10.75;10.65;10.75;464720
2016-09-22;10.76;10.8;10.64;10.78;933136
2016-09-21;10.78;10.8;10.66;10.76;704607
2016-09-20;10.7;10.78;10.6;10.71;1344297
2016-09-19;10.8;10.82;10.66;10.69;932208
2016-09-16;10.84;10.84;10.65;10.69;8220392
2016-09-15;10.58;10.8;10.5;10.8;1504614
2016-09-14;10.7;10.8;10.55;10.58;1254877
2016-09-13;10.69;10.85;10.48;10.77;3163359
2016-09-12;10.67;10.7;10.44;10.53;2543796
2016-09-09;11.0;11.09;10.75;10.79;91158083
2016-09-08;11.7;11.76;11.4;11.58;2271785
2016-09-07;11.7;11.77;11.63;11.7;1439813
2016-09-06;11.89;11.92;11.58;11.6;3466667
2016-09-05;11.63;11.95;11.61;11.89;611409
2016-09-02;11.46;11.7;11.4;11.6;696115
2016-09-01;11.5;11.61;11.39;11.39;858084
2016-08-31;11.7;11.81;11.56;11.67;599394
2016-08-30;11.6;11.68;11.48;11.68;1502673
2016-08-29;11.64;11.64;11.5;11.51;572019
2016-08-26;11.65;11.95;11.52;11.67;674601
2016-08-25;11.44;11.73;11.36;11.65;888594
2016-08-24;11.42;11.42;11.27;11.42;947813
2016-08-23;11.3;11.44;11.16;11.4;477558
2016-08-22;11.34;11.38;11.15;11.27;568185
2016-08-19;11.32;11.37;11.23;11.31;715766
2016-08-18;11.36;11.39;11.22;11.28;9339357
2016-08-17;11.35;11.45;11.2;11.4;1181386
2016-08-16;11.29;11.37;11.2;11.35;765501
2016-08-15;11.13;11.39;11.13;11.36;380781
2016-08-12;11.29;11.29;11.0;11.12;801702
2016-08-11;11.31;11.35;11.15;11.2;287046
2016-08-10;11.4;11.42;11.04;11.18;572749
2016-08-09;11.25;11.4;11.22;11.4;405753
2016-08-08;11.57;11.57;11.14;11.22;589532
2016-08-05;11.47;11.59;11.3;11.39;479214
2016-08-04;11.11;11.35;11.09;11.35;485807
2016-08-03;11.1;11.12;10.91;11.06;548891
2016-08-02;11.05;11.1;10.75;11.1;815677
2016-08-01;11.0;11.18;10.83;10.99;568734
2016-07-29;10.71;11.1;10.67;10.95;1433285
2016-07-28;10.45;10.73;10.34;10.7;267783
2016-07-27;10.35;10.4;10.17;10.4;292101
2016-07-26;10.29;10.35;10.15;10.3;279131
2016-07-25;10.15;10.34;10.15;10.29;294753
2016-07-22;10.23;10.28;10.14;10.14;263831
2016-07-21;10.3;10.3;10.11;10.23;129566
2016-07-20;10.16;10.31;10.11;10.26;655932
2016-07-19;10.1;10.15;10.04;10.06;271510
2016-07-18;10.11;10.2;10.04;10.04;193067
2016-07-15;10.12;10.3;10.11;10.13;460293
2016-07-14;10.07;10.24;9.95;10.16;423612
2016-07-13;10.01;10.09;9.86;10.07;531913
2016-07-12;9.9;10.1;9.9;10.01;697716
2016-07-11;9.55;9.925;9.55;9.89;555348
2016-07-08;9.61;9.61;9.39;9.5;3170901
2016-07-07;9.7;9.8;9.5;9.52;506595
2016-07-06;9.6;9.67;9.55;9.555;248355
2016-07-05;9.845;9.845;9.6;9.6;260884
2016-07-04;9.79;9.84;9.62;9.8;187888
2016-07-01;9.8;9.835;9.74;9.785;334041
2016-06-30;9.54;9.795;9.39;9.72;579132
2016-06-29;9.23;9.47;9.23;9.38;403183
2016-06-28;9.28;9.5;9.215;9.23;864998
2016-06-27;9.025;9.3;9.025;9.27;613473
2016-06-24;;9.595;9.595;9.595;0
2016-06-23;9.5;9.685;9.46;9.595;346202
2016-06-22;9.36;9.545;9.35;9.51;198786
2016-06-21;9.3;9.37;9.29;9.36;380264
2016-06-20;9.4;9.485;9.3;9.4;1177584
2016-06-17;9.12;9.285;9.12;9.25;949683
2016-06-16;9.36;9.36;9.065;9.065;348837
2016-06-15;9.295;9.47;9.295;9.385;321193
2016-06-14;9.7;9.71;9.35;9.385;777318
2016-06-13;9.655;9.93;9.55;9.84;900520
2016-06-10;9.995;9.995;9.7;9.79;460871
2016-06-09;10.0;10.02;9.86;9.995;361167
2016-06-08;9.93;10.05;9.88;10.05;861361
2016-06-07;9.605;9.935;9.605;9.935;676043
2016-06-06;;9.65;9.65;9.65;0
2016-06-03;9.84;9.9;9.625;9.65;319557
2016-06-02;9.8;9.835;9.73;9.81;1782607
2016-06-01;9.935;9.935;9.75;9.815;523677
2016-05-31;9.95;9.95;9.83;9.92;464050
2016-05-30;9.8;9.93;9.735;9.93;506526
2016-05-27;9.75;9.8;9.72;9.8;369538
2016-05-26;9.7;9.75;9.65;9.745;471336
2016-05-25;9.605;9.705;9.605;9.705;837090
2016-05-24;9.65;9.675;9.56;9.675;625963
2016-05-23;9.45;9.675;9.385;9.675;1158389
2016-05-20;9.5;9.525;9.33;9.48;394292
2016-05-19;9.595;9.6;9.42;9.46;804936
2016-05-18;9.5;9.595;9.455;9.595;301754
2016-05-17;9.5;9.55;9.405;9.5;673650
2016-05-16;9.4;9.44;9.27;9.44;292249
2016-05-13;9.395;9.43;9.225;9.36;402283
2016-05-12;9.5;9.5;9.255;9.255;1092468
2016-05-11;9.7;9.7;9.44;9.52;497114
2016-05-10;9.7;9.74;9.6;9.7;763261
2016-05-09;9.41;9.655;9.41;9.65;1104973
2016-05-06;9.5;9.54;9.3;9.515;712950
2016-05-05;9.35;9.48;9.32;9.42;435212
2016-05-04;9.35;9.48;9.32;9.42;435212
2016-05-03;9.5;9.5;9.31;9.445;2676462
2016-05-02;9.405;9.5;9.38;9.46;343537
2016-04-29;9.5;9.5;9.325;9.44;1665203
2016-04-28;9.6;9.6;9.325;9.41;11875779
2016-04-27;9.545;9.715;9.545;9.565;728086
2016-04-26;9.6;9.6;9.51;9.545;438120
2016-04-25;9.57;9.625;9.43;9.49;919254
2016-04-22;9.31;9.585;9.305;9.57;1289046
2016-04-21;9.5;9.51;9.265;9.33;1956994
2016-04-20;9.17;9.55;9.08;9.45;3794839
2016-04-19;9.135;9.285;9.09;9.245;2192024
2016-04-18;8.85;9.045;8.8;9.04;1632015
2016-04-15;9.0;9.0;8.905;8.965;666167
2016-04-14;9.1;9.145;8.96;8.96;648634
2016-04-13;9.07;9.24;9.07;9.145;765841
2016-04-12;9.2;9.205;9.03;9.17;594261
2016-04-11;9.24;9.24;9.14;9.19;405656
2016-04-08;8.99;9.2;8.955;9.2;645253
2016-04-07;9.08;9.08;8.95;8.995;241401
2016-04-06;9.05;9.09;8.93;9.065;384962
2016-04-05;8.98;9.005;8.815;8.955;477278
2016-04-04;9.1;9.1;8.9;8.975;223457
2016-04-01;9.19;9.19;9.04;9.05;161208
2016-03-31;8.995;9.2;8.955;9.19;750979
2016-03-30;8.895;9.0;8.875;9.0;426503
2016-03-29;8.9;8.935;8.775;8.9;258525
2016-03-28;8.82;8.915;8.895;8.895;150765
2016-03-25;8.82;8.915;8.76;8.895;150765
2016-03-24;8.82;8.915;8.76;8.895;150765
2016-03-23;8.95;8.95;8.83;8.835;278309
2016-03-22;8.88;8.93;8.72;8.93;342610
2016-03-21;8.935;8.935;8.78;8.91;236162
2016-03-18;8.99;9.0;8.755;8.88;984616
2016-03-17;8.78;8.975;8.78;8.94;599712
2016-03-16;8.975;8.99;8.8;8.95;281477
2016-03-15;8.895;8.99;8.845;8.975;652048
2016-03-14;8.94;8.94;8.69;8.91;709769
2016-03-11;8.56;8.88;8.56;8.72;734991
2016-03-10;8.515;8.735;8.5;8.55;470700
2016-03-09;8.7;8.7;8.52;8.625;677120
2016-03-08;8.835;8.85;8.615;8.66;713476
2016-03-07;9.05;9.05;8.805;8.87;385495
2016-03-04;8.835;9.08;8.835;8.925;597831
2016-03-03;9.0;9.015;8.9;8.93;211965
2016-03-02;8.885;9.09;8.855;8.885;1056831
2016-03-01;8.9;8.9;8.72;8.88;673752
2016-02-29;8.7;8.875;8.605;8.765;807294
2016-02-26;8.64;8.745;8.57;8.69;684488
2016-02-25;8.365;8.63;8.365;8.575;1374604
2016-02-24;8.45;8.56;8.38;8.38;1417010
2016-02-23;8.49;8.49;8.375;8.47;1756699
2016-02-22;8.68;8.68;8.45;8.49;1534819
2016-02-19;8.675;8.675;8.38;8.5;6303850
2016-02-18;8.47;8.65;8.315;8.475;795395
2016-02-17;8.29;8.48;8.25;8.47;2661565
2016-02-16;8.435;8.435;7.98;8.2;3893161
2016-02-15;8.5;8.7;8.07;8.165;1572497
2016-02-12;8.38;8.4;8.2;8.385;608123
2016-02-11;8.495;8.495;8.035;8.155;3576067
2016-02-10;8.245;8.42;7.98;8.35;450427
2016-02-09;8.345;8.345;7.94;8.005;771065
2016-02-08;8.6;8.6;8.24;8.345;805688
2016-02-05;8.9;8.9;8.585;8.61;730772
2016-02-04;8.72;8.91;8.705;8.73;1051203
2016-02-03;8.7;8.805;8.55;8.74;918372
2016-02-02;8.9;8.96;8.67;8.695;323813
2016-02-01;8.7;8.97;8.55;8.865;2431057
2016-01-29;8.48;8.58;8.34;8.55;1622828
2016-01-28;8.48;8.6;8.38;8.38;879179
2016-01-27;8.8;8.84;8.525;8.6;504923
2016-01-26;8.87;8.87;8.74;8.8;641769
2016-01-25;8.8;8.965;8.715;8.925;689022
2016-01-22;8.3;8.805;8.3;8.75;877510
2016-01-21;8.15;8.34;8.025;8.23;629185
2016-01-20;8.295;8.295;8.15;8.16;1366137
2016-01-19;8.36;8.425;8.2;8.295;688951
2016-01-18;8.4;8.645;8.195;8.195;906319
2016-01-15;9.0;9.0;8.4;8.465;1049089
2016-01-14;9.05;9.05;8.625;8.775;743715
2016-01-13;9.05;9.2;8.97;9.095;667407
2016-01-12;8.8;9.105;8.75;8.97;813244
2016-01-11;9.14;9.14;8.79;8.79;523319
2016-01-08;9.4;9.455;9.015;9.05;655169
2016-01-07;9.3;9.55;8.99;9.435;1191603
2016-01-06;;9.39;9.39;9.39;0
2016-01-05;9.45;9.55;9.325;9.39;229104
2016-01-04;9.3;9.555;9.155;9.5;808968
2016-01-01;;9.5;9.5;9.5;0
2015-12-31;;9.5;9.5;9.5;0
2015-12-30;9.65;9.65;9.45;9.5;436571
2015-12-29;9.45;9.7;9.4;9.65;873020
2015-12-28;9.25;9.5;9.15;9.45;1861932
2015-12-25;9.15;9.3;9.15;9.25;397472
2015-12-24;9.15;9.3;9.15;9.25;397472
2015-12-23;9.15;9.3;9.15;9.25;397472
2015-12-22;9.05;9.2;9.0;9.15;886861
2015-12-21;8.9;9.05;8.9;9.0;598652
2015-12-18;9.0;9.0;8.9;9.0;955869
2015-12-17;8.95;9.05;8.95;9.0;741330
2015-12-16;8.9;8.95;8.75;8.9;594793
2015-12-15;8.95;9.0;8.8;8.9;857686
2015-12-14;8.85;9.0;8.75;8.8;927749
2015-12-11;8.85;8.85;8.75;8.8;799350
2015-12-10;8.85;9.15;8.75;8.85;675053
2015-12-09;8.8;8.9;8.55;8.85;961350
2015-12-08;9.05;9.2;8.75;8.8;997063
2015-12-07;9.15;9.2;9.05;9.2;1882408
2015-12-04;9.4;9.4;9.05;9.15;1489532
2015-12-03;9.5;9.5;9.25;9.35;1129475
2015-12-02;9.65;9.7;9.4;9.5;969547
2015-12-01;9.75;9.85;9.7;9.75;1082648
2015-11-30;9.6;9.9;9.55;9.85;6671822
2015-11-27;9.95;9.95;9.65;9.7;1792537
2015-11-26;9.95;10.05;9.7;9.95;2911183
2015-11-25;9.6;10.0;9.6;10.0;3916368
2015-11-24;9.55;9.7;9.5;9.65;2023138
2015-11-23;9.5;9.7;9.4;9.65;1526858
2015-11-20;9.45;9.6;9.25;9.55;1405850
2015-11-19;9.1;9.5;9.1;9.45;2066047
2015-11-18;9.1;9.1;9.0;9.1;326488
2015-11-17;9.1;9.25;9.05;9.1;476610
2015-11-16;9.0;9.1;9.0;9.1;557502
2015-11-13;9.1;9.15;8.95;9.1;497195
2015-11-12;8.95;9.25;8.95;9.15;1017140
2015-11-11;9.0;9.15;9.0;9.1;662108
2015-11-10;9.25;9.25;9.0;9.1;597397
2015-11-09;9.45;9.45;9.15;9.3;839840
2015-11-06;9.45;9.7;9.3;9.5;1194094
2015-11-05;9.4;9.55;9.25;9.5;1384247
2015-11-04;9.1;9.55;9.05;9.5;2646315
2015-11-03;9.2;9.2;8.95;9.05;904253
2015-11-02;8.85;9.2;8.75;9.2;1355024
2015-10-30;8.9;8.95;8.75;8.85;391498
2015-10-29;8.9;8.95;8.7;8.85;774388
2015-10-28;8.8;8.9;8.8;8.85;592822
2015-10-27;8.8;8.85;8.65;8.85;536209
2015-10-26;8.65;8.85;8.65;8.8;511083
2015-10-23;8.6;8.8;8.6;8.7;1387587
2015-10-22;8.7;8.75;8.45;8.55;984043
2015-10-21;8.5;8.7;8.4;8.65;1361797
2015-10-20;8.2;8.5;8.2;8.4;1518046
2015-10-19;8.1;8.25;8.1;8.25;1309816
2015-10-16;8.3;8.45;8.0;8.1;2636517
2015-10-15;8.2;8.35;8.2;8.35;438816
2015-10-14;8.3;8.35;8.25;8.25;1521872
2015-10-13;8.4;8.55;8.3;8.35;2102797
2015-10-12;8.3;8.5;8.3;8.4;1197922
2015-10-09;8.1;8.35;8.1;8.3;1645375
2015-10-08;7.95;8.1;7.95;8.1;383621
2015-10-07;7.95;8.15;7.95;7.95;848794
2015-10-06;8.0;8.05;7.95;8.05;517601
2015-10-05;7.85;8.05;7.85;8.05;946167
2015-10-02;7.9;7.9;7.75;7.85;362543
2015-10-01;8.0;8.0;7.75;7.75;517146
2015-09-30;8.0;8.05;7.9;7.9;745291
2015-09-29;7.75;8.05;7.75;8.05;1330972
2015-09-28;7.9;8.0;7.8;8.0;785213
2015-09-25;8.0;8.0;7.85;7.9;358667
2015-09-24;8.05;8.1;7.75;7.75;1138884
2015-09-23;7.85;8.15;7.8;8.1;1546853
2015-09-22;7.7;7.8;7.6;7.75;1533327
2015-09-21;7.6;7.75;7.6;7.7;431371
2015-09-18;7.8;7.8;7.6;7.65;2318759
2015-09-17;7.75;7.85;7.7;7.7;415526
2015-09-16;7.95;7.95;7.75;7.75;504950
2015-09-15;7.95;8.0;7.7;7.8;593527
2015-09-14;8.05;8.1;7.9;8.0;382137
2015-09-11;8.0;8.1;7.95;8.1;270877
2015-09-10;8.05;8.2;7.95;8.05;343361
2015-09-09;8.5;8.5;8.1;8.15;1062800
2015-09-08;8.1;8.4;8.0;8.3;647592
2015-09-07;8.2;8.2;8.0;8.05;402245
2015-09-04;8.05;8.15;7.85;8.0;392002
2015-09-03;8.0;8.1;7.85;8.05;257745
2015-09-02;7.8;7.85;7.7;7.85;768836
2015-09-01;7.95;7.95;7.65;7.7;689290
2015-08-31;8.05;8.05;7.9;8.0;230484
2015-08-28;8.0;8.2;7.95;7.95;409159
2015-08-27;8.1;8.15;8.1;8.1;591649
2015-08-26;7.8;8.0;7.7;7.8;815102
2015-08-25;7.55;7.95;7.55;7.8;2439876
2015-08-24;7.7;7.8;7.45;7.55;3172173
2015-08-21;8.0;8.2;7.95;8.0;650165
2015-08-20;8.25;8.25;8.15;8.2;1149746
2015-08-19;8.6;8.6;8.25;8.3;522498
2015-08-18;8.6;8.65;8.5;8.6;441444
2015-08-17;8.6;8.7;8.5;8.7;463040
2015-08-14;8.5;8.7;8.45;8.55;1062022
2015-08-13;8.5;8.55;8.4;8.5;578041
2015-08-12;8.5;8.55;8.2;8.45;686578
2015-08-11;8.5;8.6;8.4;8.5;657743
2015-08-10;8.45;8.6;8.4;8.55;598620
2015-08-07;8.45;8.5;8.35;8.45;251577
2015-08-06;8.4;8.45;8.35;8.45;317060
2015-08-05;8.2;8.4;8.2;8.4;834146
2015-08-04;8.45;8.45;8.1;8.25;566367
2015-08-03;8.3;8.4;8.25;8.4;298853
2015-07-31;8.25;8.3;8.15;8.3;341498
2015-07-30;8.15;8.25;8.15;8.15;424496
2015-07-29;8.05;8.2;8.05;8.15;628276
2015-07-28;8.0;8.05;7.9;8.05;805388
2015-07-27;8.2;8.25;7.85;7.9;1237138
2015-07-24;8.45;8.5;8.1;8.2;1114048
2015-07-23;8.55;8.6;8.45;8.55;548563
2015-07-22;8.5;8.55;8.4;8.55;705416
2015-07-21;8.4;8.55;8.3;8.5;781617
2015-07-20;8.5;8.55;8.3;8.35;918598
2015-07-17;8.4;8.5;8.3;8.45;911181
2015-07-16;8.25;8.55;8.25;8.4;1501556
2015-07-15;8.3;8.35;8.15;8.3;264270
2015-07-14;8.45;8.5;8.15;8.2;1379121
2015-07-13;8.4;8.5;8.35;8.4;1144443
2015-07-10;8.4;8.4;8.15;8.25;999967
2015-07-09;8.1;8.35;8.0;8.15;970052
2015-07-08;7.9;8.1;7.85;7.95;1308051
2015-07-07;7.9;8.05;7.85;7.85;917845
2015-07-06;7.9;8.1;7.85;8.0;702721
2015-07-03;8.05;8.15;8.0;8.05;689598
2015-07-02;7.9;8.05;7.9;7.95;590678
2015-07-01;7.65;7.95;7.65;7.9;701959
2015-06-30;7.65;7.75;7.5;7.65;719284
2015-06-29;7.6;7.85;7.6;7.65;1247595
2015-06-26;7.95;8.0;7.8;7.95;440650
2015-06-25;8.1;8.1;7.9;7.9;1105533
2015-06-24;8.15;8.15;8.0;8.05;562501
2015-06-23;8.0;8.05;7.9;8.0;487768
2015-06-22;7.85;8.0;7.75;7.85;1755568
2015-06-19;;7.85;7.85;7.85;0
2015-06-18;7.9;7.95;7.8;7.85;956245
2015-06-17;8.15;8.2;7.9;7.9;3159043
2015-06-16;7.85;8.05;7.8;8.0;904930
2015-06-15;8.2;8.2;7.75;7.9;2353199
2015-06-12;8.3;8.35;8.1;8.25;1928652
2015-06-11;8.25;8.55;8.25;8.3;2474590
2015-06-10;7.95;8.3;7.95;8.2;2973480
2015-06-09;7.9;8.05;7.85;7.95;1631033
2015-06-08;8.2;8.25;7.85;7.9;2023601
2015-06-05;8.35;8.35;8.1;8.1;1494461
2015-06-04;8.4;8.5;8.25;8.35;3931506
2015-06-03;8.15;8.45;8.1;8.35;2536678
2015-06-02;8.3;8.4;8.1;8.15;2261844
2015-06-01;8.25;8.35;8.25;8.25;2649267
2015-05-29;8.45;8.45;8.25;8.3;1260392
2015-05-28;8.6;8.7;8.4;8.4;940231
2015-05-27;8.7;8.85;8.6;8.6;620513
2015-05-26;8.75;8.85;8.55;8.65;2149087
2015-05-25;8.75;8.8;8.65;8.75;298046
2015-05-22;8.95;9.0;8.7;8.75;987208
2015-05-21;8.85;8.95;8.8;8.9;754764
2015-05-20;9.05;9.05;8.8;8.8;640155
2015-05-19;8.8;9.05;8.75;9.0;652739
2015-05-18;8.9;8.95;8.75;8.8;662928
2015-05-15;8.75;8.9;8.7;8.85;2397721
2015-05-14;8.65;8.85;8.6;8.6;1375245
2015-05-13;8.65;8.85;8.6;8.6;1375245
2015-05-12;8.75;8.8;8.5;8.55;1879489
2015-05-11;8.5;8.95;8.45;8.65;3632028
2015-05-08;8.4;8.6;8.3;8.55;1429186
2015-05-07;8.55;8.55;8.3;8.35;2681335
2015-05-06;8.9;8.95;8.55;8.65;1790409
2015-05-05;9.2;9.2;8.95;8.95;737070
2015-05-04;9.4;9.4;9.15;9.2;508086
2015-05-01;9.4;9.4;9.1;9.25;835160
2015-04-30;9.4;9.4;9.1;9.25;835160
2015-04-29;9.65;9.75;9.25;9.4;2453214
2015-04-28;9.75;9.8;9.5;9.5;815925
2015-04-27;9.7;9.8;9.55;9.75;1158178
2015-04-24;9.5;9.75;9.25;9.7;1444871
2015-04-23;10.0;10.05;9.6;9.6;863128
2015-04-22;9.95;10.0;9.65;9.85;1614326
2015-04-21;10.0;10.1;9.85;9.85;819730
2015-04-20;9.75;10.05;9.75;10.0;1705578
2015-04-17;9.95;10.0;9.7;9.75;890805
2015-04-16;10.05;10.05;9.9;9.95;892072
2015-04-15;10.0;10.1;9.95;10.1;543231
2015-04-14;10.05;10.1;9.95;10.0;916190
2015-04-13;10.05;10.2;9.95;10.05;759947
2015-04-10;10.1;10.15;10.05;10.1;782200
2015-04-09;10.1;10.25;10.05;10.1;526666
2015-04-08;10.0;10.1;9.95;10.0;594453
2015-04-07;10.0;10.15;9.95;9.95;753954
2015-04-02;9.9;10.0;9.9;9.95;1416404
2015-04-01;9.9;10.0;9.8;9.9;996265
2015-03-31;9.8;10.0;9.6;10.0;2515999
2015-03-30;9.45;9.8;9.45;9.8;1273813
2015-03-27;9.45;9.65;9.3;9.55;2574373
2015-03-26;9.6;9.7;9.4;9.5;1748720
2015-03-25;9.9;9.95;9.65;9.75;1164818
2015-03-24;9.45;9.9;9.4;9.9;1902155
2015-03-23;9.2;9.5;9.2;9.45;1216805
2015-03-20;9.5;9.5;9.15;9.15;2597529
2015-03-19;9.1;9.6;9.1;9.4;1741236
2015-03-18;9.05;9.45;8.9;9.1;1646105
2015-03-17;9.05;9.15;8.9;9.0;2143173
2015-03-16;9.1;9.25;8.9;9.0;909509
2015-03-13;8.7;9.1;8.65;9.0;3247296
2015-03-12;8.75;8.9;8.55;8.65;2291167
2015-03-11;8.55;8.95;8.55;8.75;4590389
2015-03-10;8.95;9.2;8.55;8.65;2428811
2015-03-09;9.2;9.35;8.7;8.95;1818374
2015-03-06;9.8;9.85;9.15;9.2;2348485
2015-03-05;9.8;9.95;9.7;9.8;784113
2015-03-04;9.75;9.8;9.5;9.75;2525605
2015-03-03;10.1;10.25;9.9;9.9;817148
2015-03-02;10.4;10.4;10.1;10.1;1409375
2015-02-27;10.5;10.65;10.35;10.4;2788882
2015-02-26;10.15;10.45;10.0;10.45;2698185
2015-02-25;10.25;10.3;10.0;10.15;2260796
2015-02-24;9.85;10.35;9.8;10.25;2914733
2015-02-23;9.6;9.9;9.5;9.8;1261838
2015-02-20;9.4;9.65;9.25;9.6;1172950
2015-02-19;9.55;9.65;9.35;9.45;1703155
2015-02-18;9.5;9.6;9.4;9.55;2628970
2015-02-17;9.8;9.8;9.4;9.5;1360272
2015-02-16;9.95;9.95;9.7;9.85;1064175
2015-02-13;9.9;10.0;9.7;9.9;2583964
2015-02-12;9.45;9.9;9.35;9.75;2659921
2015-02-11;9.45;9.55;9.25;9.5;2190479
2015-02-10;9.0;9.3;8.95;9.25;1474769
2015-02-09;9.0;9.05;8.8;9.0;1831501
2015-02-06;8.8;9.25;8.7;9.0;2437236
2015-02-05;8.3;9.2;8.25;8.95;1784255
2015-02-04;8.55;8.55;8.25;8.25;2262447
2015-02-03;8.55;8.6;8.4;8.55;1937512
2015-02-02;8.25;8.5;8.25;8.5;1489317
2015-01-30;8.2;8.4;8.2;8.25;1383550
2015-01-29;8.3;8.35;8.15;8.2;2477620
2015-01-28;8.2;8.4;8.05;8.3;2633581
2015-01-27;8.2;8.45;8.05;8.05;2032872
2015-01-26;7.95;8.3;7.9;8.15;2095109
2015-01-23;8.0;8.0;7.85;7.9;4865504
2015-01-22;7.5;8.0;7.5;7.8;4473058
2015-01-21;7.5;7.8;7.45;7.45;6575523
2015-01-20;7.4;7.55;7.3;7.45;3612267
2015-01-19;7.35;7.35;7.15;7.25;1216861
2015-01-16;7.4;7.4;7.2;7.3;2028682
2015-01-15;7.45;7.45;7.15;7.25;5528563
2015-01-14;7.5;7.5;7.2;7.2;764327
2015-01-13;7.75;7.8;7.55;7.6;1269633
2015-01-12;7.85;7.85;7.75;7.8;477270
2015-01-09;7.8;7.85;7.7;7.75;768548
2015-01-08;7.7;7.9;7.6;7.85;779567
2015-01-07;7.6;7.75;7.45;7.7;1279724
2015-01-06;;7.6;7.6;7.6;0
2015-01-05;7.75;7.85;7.6;7.6;425040
2015-01-02;7.6;7.85;7.6;7.75;567501
2015-01-01;7.65;7.75;7.45;7.6;619287
2014-12-30;7.65;7.75;7.45;7.6;619287
2014-12-29;7.6;7.85;7.6;7.65;554537
2014-12-23;7.3;7.7;7.3;7.55;1009361
2014-12-22;7.5;7.65;7.35;7.35;2920456
2014-12-19;7.5;8.05;7.3;7.5;2756879
2014-12-18;3.58;3.76;3.58;3.71;1809003
2014-12-17;3.61;3.61;3.52;3.56;1734630
2014-12-16;3.74;3.75;3.55;3.61;2275194
2014-12-15;3.82;3.82;3.72;3.72;2378370
2014-12-12;3.94;3.94;3.78;3.8;3765619
2014-12-11;3.87;3.94;3.78;3.88;14883888
2014-12-10;3.8;4.02;3.76;3.79;4864819
2014-12-09;4.0;4.02;3.74;3.75;6232583
