Dates;Open;High;Low;Close;Volume
2017-12-27;79.65;80.1;79.0;79.7;397516
2017-12-22;79.6;79.8;79.2;79.65;361698
2017-12-21;78.6;79.6;78.45;79.6;532018
2017-12-20;78.9;79.2;78.3;78.6;514430
2017-12-19;79.75;79.75;78.55;78.75;706641
2017-12-18;79.7;80.45;79.45;79.8;465240
2017-12-15;80.5;80.5;79.45;79.7;718470
2017-12-14;80.35;81.3;79.95;80.75;519402
2017-12-13;80.9;81.1;80.3;80.7;308185
2017-12-12;80.8;81.1;80.25;80.9;386940
2017-12-11;80.3;81.35;80.0;80.8;389953
2017-12-08;80.3;80.85;79.75;80.3;385666
2017-12-07;80.6;80.85;79.75;80.1;375738
2017-12-06;80.65;80.9;79.55;80.6;473037
2017-12-05;81.0;81.6;80.5;81.1;447926
2017-12-04;80.1;81.2;79.95;81.1;449037
2017-12-01;79.8;80.15;79.2;79.6;825090
2017-11-30;79.95;80.1;79.1;79.8;717387
2017-11-29;80.3;80.6;79.85;79.95;371784
2017-11-28;79.5;80.25;79.2;80.1;305595
2017-11-27;79.45;80.1;79.2;79.45;491281
2017-11-24;79.0;79.8;78.9;79.6;369767
2017-11-23;78.9;79.65;78.6;79.1;302625
2017-11-22;80.25;80.35;79.25;79.25;394488
2017-11-21;79.3;80.3;78.55;80.25;569455
2017-11-20;80.0;80.0;78.7;79.3;802043
2017-11-17;79.6;80.6;78.7;80.5;824973
2017-11-16;78.0;79.8;77.05;79.55;719933
2017-11-15;77.75;77.75;76.15;77.05;680602
2017-11-14;77.95;78.35;77.5;77.8;430267
2017-11-13;78.6;78.8;77.5;78.0;451861
2017-11-10;79.7;79.75;78.5;78.65;488333
2017-11-09;81.0;81.2;79.55;79.8;689952
2017-11-08;82.0;82.4;80.9;81.45;556804
2017-11-07;82.3;82.35;81.6;81.75;474367
2017-11-06;84.25;84.25;81.85;82.35;626237
2017-11-03;83.95;84.5;83.6;84.5;748862
2017-11-02;84.0;84.3;83.4;83.6;348096
2017-11-01;83.9;84.95;83.65;83.75;600323
2017-10-31;83.05;84.1;83.05;83.75;1597985
2017-10-30;84.3;84.3;82.85;83.0;667141
2017-10-27;83.45;84.75;83.4;84.35;584169
2017-10-26;82.45;83.4;82.2;83.4;671339
2017-10-25;82.25;82.85;81.8;82.5;498198
2017-10-24;82.25;83.0;82.25;82.45;407354
2017-10-23;82.2;82.85;82.1;82.35;359294
2017-10-20;81.85;82.55;81.8;82.2;371856
2017-10-19;82.2;82.5;81.3;81.9;432060
2017-10-18;81.55;82.5;81.15;82.15;401684
2017-10-17;82.05;82.2;81.55;81.7;431823
2017-10-13;80.85;82.05;80.55;81.8;524567
2017-10-12;80.55;81.5;80.55;80.85;430433
2017-10-11;80.65;81.55;80.35;80.95;645219
2017-10-10;80.25;80.6;79.8;80.55;888588
2017-10-09;80.25;81.0;80.1;80.25;390964
2017-10-06;80.9;81.2;79.9;80.3;510388
2017-10-05;81.45;81.45;80.55;81.0;659024
2017-10-04;82.0;82.25;81.3;81.55;429552
2017-10-03;82.0;82.65;81.65;82.0;549647
2017-10-02;82.05;82.55;81.5;81.9;640673
2017-09-29;81.2;82.2;80.85;82.05;615367
2017-09-28;80.15;81.4;80.15;81.2;694510
2017-09-27;79.75;80.35;79.75;80.1;315875
2017-09-26;79.5;80.15;79.45;79.75;684773
2017-09-25;79.6;80.35;79.4;79.5;526969
2017-09-22;79.65;79.8;79.0;79.6;452761
2017-09-21;79.0;79.7;78.5;79.65;606234
2017-09-20;78.6;79.2;78.0;78.55;627102
2017-09-19;78.3;79.0;78.15;78.6;688136
2017-09-18;77.7;78.3;77.35;78.3;494411
2017-09-15;77.65;78.0;77.05;77.4;768548
2017-09-14;77.2;77.75;76.95;77.65;552444
2017-09-13;77.1;77.3;76.6;77.15;950749
2017-09-12;76.0;77.1;75.85;77.0;720485
2017-09-11;75.1;75.85;75.0;75.65;536918
2017-09-08;74.45;75.1;74.0;75.0;712357
2017-09-07;73.55;74.5;73.5;74.4;717005
2017-09-06;73.25;73.7;72.85;73.55;685681
2017-09-04;73.05;73.3;72.6;73.3;387224
2017-09-01;73.6;74.05;73.4;73.6;582407
2017-08-31;72.9;73.45;72.9;73.15;598119
2017-08-30;72.55;72.9;72.25;72.9;487211
2017-08-29;72.4;72.5;71.8;72.3;1329067
2017-08-28;72.15;72.55;71.6;72.35;387875
2017-08-25;72.55;73.1;72.15;72.15;468994
2017-08-24;73.4;73.65;72.2;72.55;945102
2017-08-23;74.05;74.05;72.55;73.3;991969
2017-08-22;72.55;74.25;72.45;73.9;2345650
2017-08-21;70.95;72.5;70.95;72.0;2422772
2017-08-18;73.7;73.7;70.25;70.5;2640119
2017-08-17;76.45;76.45;75.1;75.3;844905
2017-08-16;76.1;76.65;75.8;76.35;1779807
2017-08-15;78.55;78.55;75.25;76.05;1593943
2017-08-14;77.95;78.95;77.85;78.6;491083
2017-08-11;78.5;78.5;77.15;77.65;494778
2017-08-10;80.0;80.1;79.0;79.05;609532
2017-08-09;80.45;80.65;79.75;80.6;538317
2017-08-08;79.95;80.9;79.75;80.55;523446
2017-08-07;78.65;80.0;78.65;79.85;416446
2017-08-04;77.6;78.9;77.1;78.65;340166
2017-08-03;77.9;78.35;77.6;77.7;312726
2017-08-02;78.5;78.8;77.65;77.75;578810
2017-08-01;77.3;78.6;77.3;78.2;413049
2017-07-31;77.8;77.95;77.05;77.05;490181
2017-07-28;79.0;79.0;77.75;77.8;540921
2017-07-27;79.4;79.75;79.05;79.3;520061
2017-07-26;78.6;79.45;78.35;79.4;1352743
2017-07-25;78.45;79.15;78.45;79.0;336853
2017-07-24;78.95;79.15;78.35;78.55;359418
2017-07-21;80.1;80.15;78.25;79.0;479416
2017-07-20;80.75;81.0;79.95;80.3;690554
2017-07-19;80.45;80.7;79.7;80.55;388931
2017-07-18;81.2;81.45;80.15;80.55;305863
2017-07-17;80.65;81.45;80.2;81.45;383880
2017-07-14;80.6;80.7;80.15;80.65;273019
2017-07-13;80.75;80.75;80.25;80.6;296063
2017-07-12;79.05;80.85;79.05;80.75;373860
2017-07-11;79.75;80.2;78.95;79.05;347900
2017-07-10;80.0;80.2;79.3;79.75;564087
2017-07-07;79.75;80.25;79.25;79.8;385978
2017-07-06;79.75;80.35;78.9;79.35;439397
2017-07-05;79.4;79.85;78.75;79.75;321999
2017-07-04;80.5;80.5;79.4;79.4;344388
2017-07-03;79.65;80.8;79.65;80.65;934374
2017-06-30;78.85;80.05;78.55;79.55;607867
2017-06-29;80.7;80.85;78.7;78.85;756152
2017-06-28;80.5;80.55;79.2;80.5;1174031
2017-06-27;81.8;81.9;80.6;80.9;542740
2017-06-26;81.65;82.5;81.65;81.8;568810
2017-06-23;;81.85;81.85;81.85;0
2017-06-22;81.7;81.95;81.5;81.85;449625
2017-06-21;82.25;82.4;81.25;82.1;664027
2017-06-20;83.0;83.35;82.35;82.4;606497
2017-06-19;82.5;83.35;82.35;82.95;933935
2017-06-16;81.65;82.4;81.35;82.4;2675649
2017-06-15;82.3;82.3;80.4;81.2;702055
2017-06-14;82.0;83.3;82.0;82.25;606532
2017-06-13;81.0;82.2;81.0;81.85;532740
2017-06-12;82.65;82.65;80.6;80.95;581429
2017-06-09;82.0;82.9;82.0;82.75;647480
2017-06-08;82.35;82.8;81.95;82.2;675302
2017-06-07;82.75;83.0;82.25;82.25;680185
2017-06-06;;82.75;82.75;82.75;0
2017-06-05;83.5;83.8;82.75;82.75;481110
2017-06-02;81.9;83.45;81.8;83.45;2030275
2017-06-01;81.3;82.2;81.3;81.7;1794312
2017-05-31;81.35;81.5;80.8;81.15;2444949
2017-05-30;80.3;81.5;79.9;81.35;687593
2017-05-29;81.1;81.2;80.3;80.55;349120
2017-05-26;80.85;81.35;80.35;81.2;636055
2017-05-24;81.65;81.75;81.05;81.05;362017
2017-05-23;81.0;81.6;80.4;81.55;546537
2017-05-22;81.05;81.55;80.8;80.85;710633
2017-05-19;81.15;81.55;80.7;81.1;751631
2017-05-18;82.0;82.0;79.8;81.15;1217961
2017-05-17;84.15;84.35;82.1;82.4;1056341
2017-05-16;85.65;85.65;84.35;84.8;802017
2017-05-15;85.3;85.65;84.15;85.65;1255551
2017-05-12;87.9;85.3;85.3;85.3;2576568
2017-05-11;83.0;90.3;82.95;89.45;3026736
2017-05-10;82.5;82.65;81.5;81.8;634616
2017-05-09;81.7;82.75;81.4;82.75;734846
2017-05-08;81.95;82.0;80.7;81.55;811453
2017-05-05;81.5;81.75;81.0;81.75;576051
2017-05-04;80.0;81.5;79.95;81.45;648740
2017-05-03;79.6;79.95;78.8;79.9;526882
2017-05-02;78.6;79.6;78.6;79.6;715313
2017-05-01;;78.5;78.5;78.5;0
2017-04-28;78.35;78.8;78.1;78.5;545075
2017-04-27;77.9;78.4;77.45;78.2;434107
2017-04-26;77.1;77.95;76.6;77.7;1108122
2017-04-25;77.5;77.7;76.85;77.1;672318
2017-04-24;75.65;78.0;75.3;77.55;1394193
2017-04-21;74.7;74.95;74.3;74.9;532278
2017-04-20;74.25;74.65;73.9;74.4;382491
2017-04-19;74.1;74.65;74.0;74.2;828985
2017-04-18;75.1;75.45;73.6;74.1;936553
2017-04-13;74.95;75.0;74.45;74.9;217842
2017-04-12;74.15;75.5;74.0;74.9;744866
2017-04-11;73.75;74.4;73.35;73.75;800567
2017-04-10;73.0;73.9;72.95;73.85;461302
2017-04-07;71.8;72.95;71.4;72.95;575743
2017-04-06;71.85;71.95;71.25;71.85;382497
2017-04-05;71.95;72.15;71.3;71.85;382277
2017-04-04;71.95;72.25;71.35;71.7;426070
2017-04-03;72.0;72.5;71.8;71.9;475789
2017-03-31;71.5;71.65;70.9;71.65;356415
2017-03-30;71.3;71.45;70.85;71.45;353708
2017-03-29;70.75;71.2;70.6;70.95;765297
2017-03-28;69.7;70.15;69.2;70.05;350295
2017-03-27;70.25;70.25;69.2;69.55;464802
2017-03-24;70.75;70.95;69.85;70.3;337766
2017-03-23;69.9;70.8;69.65;70.75;329659
2017-03-22;70.5;70.55;69.55;69.9;403695
2017-03-21;71.75;71.95;70.75;70.75;830747
2017-03-20;71.5;72.0;71.4;71.65;367387
2017-03-17;71.85;71.85;71.3;71.5;614435
2017-03-16;71.25;71.85;71.25;71.75;1175090
2017-03-15;71.2;71.4;70.95;71.2;653757
2017-03-14;71.4;71.4;70.65;71.2;570127
2017-03-13;71.45;71.5;70.6;71.4;616241
2017-03-10;71.65;71.3;71.3;71.3;447949
2017-03-09;71.5;71.7;71.1;71.45;374605
2017-03-08;72.1;72.3;71.25;71.65;471019
2017-03-07;72.1;72.35;71.75;72.05;384350
2017-03-06;72.3;72.5;71.55;72.25;445084
2017-03-03;73.0;72.3;72.3;72.3;553640
2017-03-02;73.7;73.95;72.75;73.0;430130
2017-03-01;73.05;74.25;72.4;73.65;874049
2017-02-28;72.4;72.9;72.1;72.6;396456
2017-02-27;72.55;72.95;71.95;72.4;597989
2017-02-24;73.95;74.0;72.05;72.5;694098
2017-02-23;74.4;74.4;73.8;73.95;422705
2017-02-22;75.0;75.0;73.9;74.25;1340902
2017-02-21;74.95;75.1;74.4;74.9;946920
2017-02-20;73.35;75.9;73.25;74.95;1577378
2017-02-17;72.75;73.4;71.95;72.5;805901
2017-02-16;73.05;73.4;71.9;72.55;653869
2017-02-15;72.55;72.75;71.85;72.35;606901
2017-02-14;71.35;72.5;71.25;72.4;647400
2017-02-13;71.3;71.5;70.75;71.35;698749
2017-02-10;71.1;71.4;70.9;71.25;1260456
2017-02-09;70.95;71.35;70.75;70.95;1036814
2017-02-08;70.85;70.95;69.85;70.75;954738
2017-02-07;71.0;71.4;70.6;70.85;1515355
2017-02-06;71.5;71.55;70.65;70.8;597113
2017-02-03;70.8;71.4;70.55;71.2;573400
2017-02-02;70.0;70.9;69.8;70.55;1179049
2017-02-01;71.9;71.95;70.05;70.05;1275275
2017-01-31;72.5;72.95;72.15;72.15;680609
2017-01-30;73.0;73.15;72.2;72.35;908701
2017-01-27;73.8;73.8;72.9;72.95;849553
2017-01-26;73.6;74.0;73.3;73.5;1156687
2017-01-25;73.0;74.1;72.9;73.5;1602518
2017-01-24;72.8;73.4;72.45;72.75;1063642
2017-01-23;73.0;73.2;72.3;72.4;986899
2017-01-20;72.5;73.45;71.95;72.9;811252
2017-01-19;72.4;72.65;72.0;72.35;923008
2017-01-18;71.8;72.35;71.3;72.3;834894
2017-01-17;72.2;72.2;71.35;71.8;500465
2017-01-16;72.15;72.45;71.75;72.2;412416
2017-01-13;71.7;72.25;71.2;72.1;1683229
2017-01-12;72.1;72.15;71.25;71.35;1680959
2017-01-11;71.5;72.45;70.75;72.05;668443
2017-01-10;71.65;71.9;71.3;71.55;599663
2017-01-09;71.75;72.0;71.05;71.5;1088349
2017-01-06;;71.5;71.5;71.5;0
2017-01-05;72.1;72.15;71.3;71.5;816374
2017-01-04;72.8;72.85;71.75;72.1;570608
2017-01-03;73.25;73.6;72.5;72.6;759187
2017-01-02;71.8;73.15;71.8;72.95;335695
2016-12-30;71.6;72.5;71.45;71.8;624509
2016-12-29;70.9;71.55;70.6;71.55;633259
2016-12-28;71.35;71.5;70.75;71.25;358834
2016-12-27;70.8;71.75;70.55;71.1;379036
2016-12-23;70.35;70.8;69.9;70.8;468807
2016-12-22;70.35;70.4;69.75;70.2;734426
2016-12-21;70.5;70.7;69.7;70.5;620590
2016-12-20;70.25;70.55;69.3;70.35;977084
2016-12-19;69.5;70.2;69.05;70.0;672177
2016-12-16;69.5;70.2;69.05;69.05;1442701
2016-12-15;69.1;69.65;68.1;69.55;649724
2016-12-14;69.5;69.75;68.55;68.6;1110883
2016-12-13;69.6;69.8;69.05;69.25;701823
2016-12-12;69.35;70.35;68.8;69.05;1330753
2016-12-09;67.4;68.65;67.25;68.35;503489
2016-12-08;67.75;68.0;67.2;67.55;417269
2016-12-07;67.25;67.5;66.45;67.45;781709
2016-12-06;67.35;67.4;66.25;66.95;906383
2016-12-05;66.6;67.95;66.6;67.35;394097
2016-12-02;67.45;67.45;66.5;66.85;617143
2016-12-01;69.0;69.0;67.35;67.55;381494
2016-11-30;68.0;69.3;68.0;68.45;991842
2016-11-29;68.3;68.8;67.6;67.65;542210
2016-11-28;69.5;69.5;68.15;68.3;656143
2016-11-25;69.35;69.9;69.05;69.4;319041
2016-11-24;69.0;69.7;68.5;69.35;464833
2016-11-23;69.35;70.2;68.45;68.8;913168
2016-11-22;70.1;70.3;68.95;69.35;536259
2016-11-21;70.35;70.45;69.2;69.85;1033700
2016-11-18;68.95;70.9;68.85;70.05;1431520
2016-11-17;66.15;67.15;64.45;67.0;773742
2016-11-16;66.75;67.4;66.05;66.25;641180
2016-11-15;65.5;66.95;65.35;66.7;823087
2016-11-14;65.8;66.6;64.4;64.65;483449
2016-11-11;66.5;66.75;65.5;65.55;495028
2016-11-10;67.45;67.55;66.05;66.3;709711
2016-11-09;62.0;66.65;61.75;66.6;1053982
2016-11-08;65.45;65.45;64.0;64.6;563523
2016-11-07;64.3;65.6;64.3;65.25;925596
2016-11-04;65.0;65.0;63.8;63.8;457826
2016-11-03;65.1;65.4;64.55;64.9;615035
2016-11-02;65.85;65.85;64.8;65.1;668110
2016-11-01;67.5;67.6;65.95;65.95;628062
2016-10-31;67.4;67.4;66.5;67.2;659746
2016-10-28;66.9;67.7;65.8;67.65;823220
2016-10-27;68.0;68.1;66.55;66.9;765023
2016-10-26;67.8;67.85;67.1;67.8;689024
2016-10-25;68.75;68.9;67.2;67.65;967030
2016-10-24;68.95;69.25;68.25;68.8;897472
2016-10-21;67.6;68.65;67.3;68.45;1355707
2016-10-20;67.5;68.15;66.55;67.95;2033790
2016-10-19;67.8;67.8;66.5;67.4;1581844
2016-10-18;66.95;67.6;66.75;67.2;1504410
2016-10-17;68.0;68.0;66.65;66.75;1383730
2016-10-14;67.45;68.25;67.3;67.95;1653362
2016-10-13;67.15;67.25;66.3;67.2;2860381
2016-10-12;68.75;68.75;67.05;67.2;2072117
2016-10-11;70.3;70.3;68.8;68.95;2097302
2016-10-10;71.7;71.9;69.8;70.25;1961322
2016-10-07;72.0;72.0;71.05;71.3;290007
2016-10-06;73.8;73.8;71.8;72.15;345712
2016-10-05;74.2;74.2;71.7;72.95;755261
2016-10-04;73.85;74.55;73.3;74.2;604045
2016-10-03;76.85;77.3;75.9;76.3;443819
2016-09-30;76.0;76.7;75.4;76.35;426483
2016-09-29;77.5;77.85;76.0;76.25;315691
2016-09-28;76.8;77.25;76.2;77.0;352812
2016-09-27;77.0;77.0;74.7;76.25;480666
2016-09-26;77.25;77.35;75.7;76.35;301356
2016-09-23;77.7;77.7;76.65;77.25;326459
2016-09-22;77.25;78.7;77.1;77.7;391047
2016-09-21;77.25;77.25;76.3;76.7;215316
2016-09-20;77.0;77.4;76.45;76.45;316929
2016-09-19;76.95;77.65;76.55;76.95;303575
2016-09-16;76.0;76.5;75.55;76.35;689184
2016-09-15;75.5;76.0;74.7;76.0;353272
2016-09-14;75.2;76.0;75.0;75.45;379169
2016-09-13;76.1;76.3;74.75;74.85;209431
2016-09-12;75.1;75.45;74.0;75.35;429216
2016-09-09;76.65;76.65;75.35;75.45;369696
2016-09-08;77.75;77.8;76.4;76.6;380970
2016-09-07;77.7;77.9;76.9;77.5;415570
2016-09-06;77.9;78.0;77.2;77.4;341254
2016-09-05;78.0;78.0;77.35;77.7;239008
2016-09-02;77.1;77.5;76.3;77.5;324407
2016-09-01;76.7;77.5;76.65;76.7;396752
2016-08-31;77.15;77.75;76.45;76.65;474974
2016-08-30;77.6;77.75;77.1;77.15;318088
2016-08-29;76.7;77.75;76.55;77.05;460429
2016-08-26;76.55;77.1;75.95;76.8;315846
2016-08-25;76.45;77.15;76.3;76.5;363905
2016-08-24;77.55;78.05;77.0;77.35;448655
2016-08-23;77.8;78.7;77.55;77.55;531629
2016-08-22;78.0;78.9;76.75;77.55;504106
2016-08-19;77.7;80.0;77.0;77.85;1268298
2016-08-18;75.2;75.6;74.15;75.35;379431
2016-08-17;75.3;75.55;73.8;74.15;480062
2016-08-16;76.0;76.0;75.05;75.2;366179
2016-08-15;75.95;76.15;75.7;76.0;407990
2016-08-12;75.45;76.0;75.25;75.7;337442
2016-08-11;75.3;75.55;74.75;75.5;391682
2016-08-10;75.15;75.25;74.75;75.2;450327
2016-08-09;74.5;75.3;74.45;75.15;757913
2016-08-08;74.95;75.0;73.85;74.25;480378
2016-08-05;73.0;74.0;73.0;73.75;207541
2016-08-04;72.5;73.15;72.1;73.1;216147
2016-08-03;72.65;72.7;71.8;72.3;294507
2016-08-02;73.6;73.9;72.3;72.6;334594
2016-08-01;73.65;74.0;73.05;73.55;303278
2016-07-29;73.75;74.05;72.65;73.5;221749
2016-07-28;73.4;74.2;73.0;73.5;225385
2016-07-27;73.35;73.6;73.15;73.4;308499
2016-07-26;73.0;73.0;72.05;72.9;214003
2016-07-25;71.8;72.95;71.7;72.65;273166
2016-07-22;71.85;72.1;71.3;71.8;214021
2016-07-21;72.55;72.85;71.1;71.75;206283
2016-07-20;72.0;73.0;71.9;72.35;468016
2016-07-19;71.0;72.0;70.7;71.8;244910
2016-07-18;70.4;71.5;70.35;70.8;361713
2016-07-15;70.05;70.9;69.5;70.4;302992
2016-07-14;70.85;70.9;69.75;70.15;288143
2016-07-13;70.4;70.75;69.75;70.6;284470
2016-07-12;70.85;70.85;69.85;70.35;321988
2016-07-11;69.5;70.7;69.15;70.5;371684
2016-07-08;67.8;68.85;67.5;68.8;479864
2016-07-07;67.4;68.75;67.4;68.15;363679
2016-07-06;67.95;67.95;66.55;66.95;497047
2016-07-05;70.0;70.25;67.45;68.1;465930
2016-07-04;71.0;71.35;69.35;69.6;356627
2016-07-01;70.6;71.05;69.85;70.8;526795
2016-06-30;70.0;70.2;68.85;69.8;509812
2016-06-29;69.8;69.85;68.35;69.65;534638
2016-06-28;67.0;69.1;66.05;68.3;862955
2016-06-27;67.7;68.8;64.6;64.7;1271247
2016-06-24;;72.75;72.75;72.75;0
2016-06-23;71.6;73.0;71.5;72.75;334152
2016-06-22;71.05;71.9;71.05;71.55;266509
2016-06-21;72.0;72.05;70.95;71.3;351898
2016-06-20;71.4;72.6;71.2;71.9;407912
2016-06-17;69.0;70.8;68.8;70.45;723139
2016-06-16;70.45;70.45;68.75;68.95;484916
2016-06-15;70.0;71.45;70.0;70.8;754141
2016-06-14;71.35;71.35;69.55;69.9;691847
2016-06-13;71.9;72.25;70.8;71.75;535898
2016-06-10;74.25;74.5;72.5;72.7;639693
2016-06-09;75.1;75.1;74.2;74.7;374845
2016-06-08;75.15;75.15;74.25;75.1;1578703
2016-06-07;74.5;75.2;73.8;75.15;572414
2016-06-06;;74.45;74.45;74.45;0
2016-06-03;74.5;75.5;73.75;74.45;404757
2016-06-02;74.9;74.95;74.1;74.75;409524
2016-06-01;76.0;76.0;74.0;74.6;556628
2016-05-31;75.0;76.9;74.4;76.8;679974
2016-05-30;76.0;76.0;75.05;75.2;293843
2016-05-27;75.9;76.05;73.25;75.55;407530
2016-05-26;74.6;75.625;74.525;75.325;444060
2016-05-25;74.625;74.85;74.1;74.5;394456
2016-05-24;73.775;74.5;72.65;74.4;415208
2016-05-23;73.75;74.0;72.75;73.775;502472
2016-05-20;72.925;73.2;72.25;73.125;285644
2016-05-19;73.5;73.5;72.05;72.3;308328
2016-05-18;73.0;73.35;71.75;73.15;356672
2016-05-17;73.275;73.75;72.25;72.775;394668
2016-05-16;73.525;73.55;72.375;73.275;398988
2016-05-13;73.15;73.5;71.475;73.5;776972
2016-05-12;71.75;73.5;69.875;72.925;735612
2016-05-11;70.5;70.775;69.625;70.55;280748
2016-05-10;71.0;71.0;69.875;70.125;345872
2016-05-09;70.5;71.15;69.55;70.175;425360
2016-05-06;69.45;70.625;69.375;70.0;505176
2016-05-05;69.375;70.05;69.075;69.975;257608
2016-05-04;69.375;70.05;69.075;69.975;257608
2016-05-03;69.325;69.575;68.525;69.375;275528
2016-05-02;70.025;70.075;69.15;69.325;214220
2016-04-29;70.5;70.5;69.3;69.75;478424
2016-04-28;71.425;71.425;69.65;70.55;305392
2016-04-27;69.425;71.3;68.825;71.175;439504
2016-04-26;69.3;69.775;68.9;69.3;412252
2016-04-25;69.375;69.6;68.75;69.525;267440
2016-04-22;69.4;69.95;68.7;69.125;248512
2016-04-21;69.875;69.975;68.775;69.4;355244
2016-04-20;69.55;70.2;68.725;69.55;296492
2016-04-19;69.6;70.1;68.85;70.025;425664
2016-04-18;68.75;69.5;68.0;69.25;635940
2016-04-15;70.05;70.125;68.8;69.05;465720
2016-04-14;70.0;70.05;69.225;69.9;420376
2016-04-13;69.125;69.75;69.075;69.725;364928
2016-04-12;69.0;69.0;67.625;68.575;460016
2016-04-11;68.75;69.125;68.05;68.8;347680
2016-04-08;67.875;69.2;67.8;68.975;235676
2016-04-07;69.725;70.625;67.8;67.875;387272
2016-04-06;69.55;70.25;69.0;69.9;353440
2016-04-05;69.25;69.75;68.775;69.075;444144
2016-04-04;69.125;69.8;69.025;69.7;462492
2016-04-01;68.175;69.275;68.025;69.2;821924
2016-03-31;69.575;70.225;69.325;69.575;441524
2016-03-30;68.375;69.775;68.375;69.575;494764
2016-03-29;67.5;68.2;67.175;68.15;566624
2016-03-28;67.3;67.475;67.125;67.125;119604
2016-03-25;67.3;67.475;66.625;67.125;119604
2016-03-24;67.3;67.475;66.625;67.125;119604
2016-03-23;67.375;67.725;66.975;67.3;429132
2016-03-22;67.35;67.675;66.025;67.475;335972
2016-03-21;67.625;67.675;66.525;66.925;504484
2016-03-18;66.85;67.8;66.525;67.725;943144
2016-03-17;67.0;67.0;65.525;66.875;802908
2016-03-16;66.15;66.975;66.075;66.425;617448
2016-03-15;66.025;66.025;65.15;65.7;395716
2016-03-14;65.9;66.45;65.525;65.975;327876
2016-03-11;65.3;66.0;65.0;65.525;697668
2016-03-10;66.475;66.625;64.575;64.7;699176
2016-03-09;65.9;67.05;65.0;66.25;376668
2016-03-08;66.5;66.525;65.05;65.325;347340
2016-03-07;66.75;67.625;66.425;66.525;301012
2016-03-04;67.0;67.825;66.4;67.0;372900
2016-03-03;67.4;67.675;65.8;66.25;465176
2016-03-02;69.175;69.775;66.65;67.05;552608
2016-03-01;67.5;69.45;67.25;69.1;669392
2016-02-29;66.3;67.25;65.525;67.125;444344
2016-02-26;68.35;68.5;66.4;66.55;463912
2016-02-25;66.475;67.7;66.05;67.4;445176
2016-02-24;66.5;67.0;65.5;66.025;710576
2016-02-23;65.875;67.025;64.75;66.325;918860
2016-02-22;65.0;66.2;65.0;65.925;712528
2016-02-19;66.2;66.25;64.375;64.825;1201804
2016-02-18;63.175;66.6;61.95;66.0;2158956
2016-02-17;61.05;67.25;61.05;61.075;2226864
2016-02-16;58.75;59.0;57.5;57.825;568544
2016-02-15;57.95;58.2;57.6;57.875;452308
2016-02-12;55.825;56.875;55.8;56.775;590960
2016-02-11;56.95;56.95;54.95;55.875;776284
2016-02-10;55.95;57.5;55.4;57.025;4262656
2016-02-09;55.55;55.875;54.0;55.475;1087216
2016-02-08;60.0;60.0;55.3;55.3;809044
2016-02-05;60.375;60.8;59.45;59.45;416856
2016-02-04;60.2;60.825;59.225;60.375;924040
2016-02-03;60.0;60.95;58.975;59.775;2733732
2016-02-02;61.875;62.375;60.325;60.325;419012
2016-02-01;61.8;62.5;61.15;61.8;427472
2016-01-29;62.15;62.15;61.3;61.8;838480
2016-01-28;62.025;62.125;60.85;61.125;455676
2016-01-27;62.425;62.425;61.3;61.825;495664
2016-01-26;61.25;62.125;60.45;61.95;560044
2016-01-25;62.35;62.35;61.4;61.6;517644
2016-01-22;61.5;62.35;61.325;61.975;795708
2016-01-21;59.85;60.925;59.075;60.5;649984
2016-01-20;60.85;60.85;59.775;59.85;471240
2016-01-19;62.4;62.4;61.325;61.625;619716
2016-01-18;61.625;62.825;60.8;61.15;703320
2016-01-15;63.525;64.175;60.875;61.475;2127568
2016-01-14;65.0;65.0;63.0;63.525;642212
2016-01-13;66.475;66.825;64.8;65.25;615612
2016-01-12;66.025;66.425;65.5;65.775;767884
2016-01-11;66.4;67.05;65.625;66.0;1063572
2016-01-08;67.75;68.875;66.575;66.575;710764
2016-01-07;67.5;68.1;65.8;67.9;1090152
2016-01-06;;68.875;68.875;68.875;0
2016-01-05;69.75;70.225;68.625;68.875;316820
2016-01-04;70.425;70.425;68.65;69.25;712088
2016-01-01;;71.125;71.125;71.125;0
2015-12-31;;71.125;71.125;71.125;0
2015-12-30;71.55;71.75;70.625;71.125;279100
2015-12-29;69.975;71.225;69.975;70.975;338244
2015-12-28;70.35;70.5;69.6;69.975;286572
2015-12-25;69.55;70.375;69.325;70.35;552264
2015-12-24;69.55;70.375;69.325;70.35;552264
2015-12-23;69.55;70.375;69.325;70.35;552264
2015-12-22;69.8;70.575;68.95;69.275;825928
2015-12-21;69.375;71.075;69.325;69.8;707520
2015-12-18;70.05;70.375;69.4;69.4;1802264
2015-12-17;71.25;72.275;70.225;70.375;619608
2015-12-16;69.5;70.525;69.45;70.275;745772
2015-12-15;68.725;69.675;68.4;68.85;1103004
2015-12-14;70.5;70.5;67.8;68.075;653160
2015-12-11;71.55;71.7;69.95;70.225;387772
2015-12-10;72.125;72.475;70.525;71.625;393544
2015-12-09;72.5;72.8;71.025;71.975;500776
2015-12-08;74.25;74.3;71.825;72.35;528436
2015-12-07;73.325;74.75;73.3;74.25;428660
2015-12-04;73.25;73.425;72.425;73.3;401376
2015-12-03;74.125;75.25;72.525;73.225;756208
2015-12-02;74.0;74.75;73.775;74.125;679380
2015-12-01;73.425;74.05;73.05;73.5;635576
2015-11-30;72.25;73.75;72.025;73.425;782852
2015-11-27;72.5;72.625;71.625;72.425;322152
2015-11-26;72.5;72.775;72.45;72.625;194232
2015-11-25;71.325;73.125;71.325;72.5;348056
2015-11-24;73.0;73.0;70.85;71.575;361812
2015-11-23;72.975;73.15;72.1;72.55;516176
2015-11-20;72.875;73.125;72.075;72.675;464600
2015-11-19;72.95;73.175;72.525;72.925;496148
2015-11-18;72.5;73.725;71.65;72.1;550152
2015-11-17;73.625;74.25;71.9;72.825;736636
2015-11-16;68.9;73.75;68.75;73.55;655372
2015-11-13;72.2;72.825;68.6;69.0;1648096
2015-11-12;70.65;71.775;70.15;71.15;425088
2015-11-11;69.4;70.925;69.4;70.575;274632
2015-11-10;69.75;69.975;68.75;69.25;271552
2015-11-09;70.0;70.95;69.7;69.975;393764
2015-11-06;70.25;71.225;70.2;70.75;381236
2015-11-05;70.7;70.95;70.025;70.25;359188
2015-11-04;68.95;70.675;68.95;70.675;276652
2015-11-03;68.95;69.3;68.5;68.95;565540
2015-11-02;68.75;69.5;68.75;69.0;431112
2015-10-30;69.25;69.625;68.025;68.775;381680
2015-10-29;68.125;69.0;68.025;68.825;218172
2015-10-28;68.325;69.1;67.6;68.225;494008
2015-10-27;69.4;69.4;68.125;68.325;733340
2015-10-26;69.75;70.5;68.275;69.25;632076
2015-10-23;68.5;70.3;68.5;69.75;690132
2015-10-22;67.75;68.5;66.25;68.175;718428
2015-10-21;67.8;68.175;67.3;67.8;542584
2015-10-20;67.375;68.425;67.275;67.8;472452
2015-10-19;66.425;67.425;66.425;67.075;538648
2015-10-16;65.5;67.725;65.475;66.35;1142356
2015-10-15;64.675;65.25;64.475;65.25;311928
2015-10-14;64.525;64.8;63.7;64.4;366120
2015-10-13;66.0;66.025;64.525;64.725;258020
2015-10-12;64.725;65.725;64.475;65.625;582356
2015-10-09;65.125;65.95;64.65;64.775;348452
2015-10-08;64.95;65.4;64.2;64.75;341760
2015-10-07;64.375;65.5;64.325;64.75;382908
2015-10-06;64.15;64.875;63.525;64.375;371124
2015-10-05;63.0;64.25;62.65;63.975;564432
2015-10-02;61.75;62.875;61.375;61.975;390904
2015-10-01;61.425;62.575;61.2;61.525;536272
2015-09-30;60.65;61.8;60.55;61.225;1202304
2015-09-29;58.875;60.25;58.1;60.125;517344
2015-09-28;60.375;60.375;59.375;59.625;335656
2015-09-25;60.0;60.625;59.75;60.5;284820
2015-09-24;60.225;60.225;58.8;59.025;526012
2015-09-23;59.8;60.85;59.15;60.25;508712
2015-09-22;62.15;62.225;59.55;60.275;416996
2015-09-21;62.5;62.525;61.625;62.0;412336
2015-09-18;61.625;62.35;60.625;62.075;664792
2015-09-17;61.3;62.175;60.975;61.925;909524
2015-09-16;62.025;62.025;60.95;61.3;441084
2015-09-15;61.95;62.1;60.35;61.075;440288
2015-09-14;63.05;63.25;61.75;61.95;258100
2015-09-11;62.8;63.325;62.4;63.125;404872
2015-09-10;63.7;63.7;62.625;63.025;486944
2015-09-09;64.05;64.675;63.625;63.75;352084
2015-09-08;63.6;63.775;63.0;63.275;570328
2015-09-07;62.55;63.125;62.5;62.75;376984
2015-09-04;64.15;64.15;62.325;62.55;887816
2015-09-03;63.075;64.825;62.6;64.575;424036
2015-09-02;62.55;63.525;62.125;62.925;565592
2015-09-01;63.475;63.475;61.75;62.375;358472
2015-08-31;63.875;64.1;62.65;63.925;324092
2015-08-28;63.75;64.175;63.2;64.0;440476
2015-08-27;63.6;63.725;62.675;63.45;465920
2015-08-26;62.0;62.975;60.0;61.75;478440
2015-08-25;59.7;62.475;59.7;62.075;656304
2015-08-24;58.325;61.05;57.5;59.25;774340
2015-08-21;63.25;64.025;61.8;62.0;587868
2015-08-20;66.475;66.475;64.025;64.575;576424
2015-08-19;67.475;68.25;66.225;66.7;596968
2015-08-18;64.525;68.175;64.525;67.975;1035144
2015-08-17;63.9;64.75;63.4;64.6;475108
2015-08-14;62.125;66.25;62.125;64.175;1209492
2015-08-13;60.4;61.225;60.0;60.775;273540
2015-08-12;61.5;61.725;59.3;59.625;471424
2015-08-11;62.425;62.7;61.725;61.8;295460
2015-08-10;60.85;62.275;60.25;61.875;273800
2015-08-07;61.175;61.375;60.7;60.7;232308
2015-08-06;61.325;61.525;60.775;61.175;351140
2015-08-05;61.1;61.375;60.95;61.275;446100
2015-08-04;61.0;61.375;60.6;61.225;407888
2015-08-03;60.825;61.375;60.7;61.0;312648
2015-07-31;60.125;60.85;59.875;60.75;290060
2015-07-30;59.875;60.625;59.325;60.2;582912
2015-07-29;59.025;59.85;58.65;59.7;312064
2015-07-28;58.75;59.175;58.075;58.75;402916
2015-07-27;59.775;59.8;57.85;58.125;396740
2015-07-24;61.375;61.375;59.55;59.925;402568
2015-07-23;63.475;63.925;61.35;61.375;672488
2015-07-22;63.675;63.75;62.95;63.425;460856
2015-07-21;63.45;64.475;63.1;63.6;515440
2015-07-20;61.625;63.475;61.625;62.925;486752
2015-07-17;62.075;62.425;61.5;61.675;217532
2015-07-16;62.375;62.5;61.725;62.35;397144
2015-07-15;62.25;62.25;61.25;61.6;346324
2015-07-14;63.75;63.75;61.725;61.95;517604
2015-07-13;61.2;63.75;61.05;63.625;973580
2015-07-10;58.6;60.5;57.25;60.4;1761320
2015-07-09;55.825;57.325;55.825;57.0;235044
2015-07-08;55.3;56.05;54.725;55.75;528996
2015-07-07;56.025;56.35;55.125;55.375;353904
2015-07-06;56.25;56.5;55.65;55.975;287340
2015-07-03;57.35;57.375;56.55;56.65;181220
2015-07-02;58.75;58.75;57.0;57.35;479940
2015-07-01;56.95;58.575;56.5;57.675;447256
2015-06-30;57.1;57.1;55.475;56.225;657780
2015-06-29;57.125;58.175;55.15;57.2;466308
2015-06-26;59.6;59.6;57.85;59.125;383224
2015-06-25;59.75;59.95;58.65;59.75;337720
2015-06-24;60.275;61.025;59.25;59.625;387384
2015-06-23;60.5;60.975;60.175;60.225;406940
2015-06-22;58.0;60.0;57.925;59.875;508816
2015-06-19;;57.625;57.625;57.625;0
2015-06-18;58.425;58.425;57.025;57.625;437476
2015-06-17;59.3;59.475;57.875;58.375;458216
2015-06-16;57.125;59.1;55.925;58.9;508964
2015-06-15;58.75;58.775;57.025;57.45;783764
2015-06-12;59.85;60.0;58.9;59.25;636536
2015-06-11;59.675;60.775;59.625;60.275;707288
2015-06-10;60.75;61.0;59.05;59.65;1443356
2015-06-09;60.85;61.475;59.825;61.25;347136
2015-06-08;61.55;61.625;60.75;61.05;473316
2015-06-05;62.875;62.875;61.45;61.75;2207760
2015-06-04;63.75;63.75;62.875;63.15;332528
2015-06-03;63.1;64.75;62.775;63.75;390192
2015-06-02;63.275;63.95;62.85;63.225;396408
2015-06-01;63.225;64.7;63.225;63.4;774892
2015-05-29;63.65;63.95;62.725;63.5;717264
2015-05-28;63.775;63.8;63.3;63.7;259824
2015-05-27;63.15;63.9;63.125;63.675;470148
2015-05-26;62.5;63.325;62.5;63.025;499864
2015-05-25;64.175;64.175;62.3;62.875;403348
2015-05-22;64.3;64.35;63.8;64.15;629900
2015-05-21;62.675;64.525;62.6;64.3;541448
2015-05-20;62.075;62.7;62.075;62.675;563680
2015-05-19;61.9;63.325;61.9;62.35;680212
2015-05-18;61.2;61.975;60.925;61.875;699148
2015-05-15;59.0;61.575;58.85;61.2;639704
2015-05-14;58.5;60.025;58.4;60.025;305212
2015-05-13;58.5;60.025;58.4;60.025;305212
2015-05-12;58.575;59.275;57.425;59.2;902216
2015-05-11;56.625;59.475;56.55;59.275;1682832
2015-05-08;55.025;56.125;55.0;55.75;416020
2015-05-07;54.7;55.8;53.275;55.625;1051956
2015-05-06;55.85;56.6;55.025;55.25;648708
2015-05-05;56.95;57.55;56.05;56.25;770944
2015-05-04;55.6;57.025;55.55;56.925;476288
2015-05-01;55.7;56.25;54.925;55.6;417028
2015-04-30;55.7;56.25;54.925;55.6;417028
2015-04-29;57.0;57.3;55.45;55.8;780324
2015-04-28;58.425;58.45;56.325;56.7;687812
2015-04-27;57.45;58.875;57.025;58.625;373212
2015-04-24;56.925;57.6;56.775;57.5;406444
2015-04-23;57.75;58.275;56.875;57.25;472912
2015-04-22;58.175;58.675;57.5;57.75;371860
2015-04-21;56.725;58.5;56.725;58.3;580704
2015-04-20;56.675;57.3;56.625;56.975;537536
2015-04-17;57.15;57.25;55.825;56.875;1095292
2015-04-16;57.525;57.75;57.0;57.15;548188
2015-04-15;57.35;57.625;56.85;57.575;463608
2015-04-14;57.525;58.5;56.825;57.35;912728
2015-04-13;56.7;58.1;56.4;58.0;648508
2015-04-10;56.625;56.925;56.6;56.775;560792
2015-04-09;56.1;56.9;56.1;56.725;592300
2015-04-08;55.55;56.45;55.475;56.125;449496
2015-04-07;55.0;55.675;54.725;55.55;895808
2015-04-02;53.675;54.75;53.675;54.55;260716
2015-04-01;53.575;53.9;52.875;53.9;594260
2015-03-31;53.125;53.975;53.0;53.625;1195796
2015-03-30;52.35;53.15;52.35;53.125;379028
2015-03-27;52.125;52.75;52.125;52.375;404916
2015-03-26;52.575;52.575;51.275;52.225;591424
2015-03-25;54.125;54.425;52.0;52.575;920472
2015-03-24;53.9;54.125;53.3;54.125;357120
2015-03-23;53.875;54.3;53.225;53.9;486652
2015-03-20;52.5;54.175;52.5;53.65;407284
2015-03-19;53.65;54.025;52.475;53.325;610104
2015-03-18;51.875;53.925;51.75;53.7;1034472
2015-03-17;52.25;52.375;51.45;51.875;519956
2015-03-16;50.75;52.6;50.75;52.25;820888
2015-03-13;49.475;50.9;49.475;50.725;1503584
2015-03-12;49.4;50.075;49.05;49.6;521136
2015-03-11;49.0;49.575;48.6;49.475;521000
2015-03-10;49.6;49.9;48.775;49.025;427176
2015-03-09;50.975;50.975;49.425;49.6;2751216
2015-03-06;51.0;51.0;50.45;51.0;708532
2015-03-05;50.375;50.975;50.275;50.75;452940
2015-03-04;50.05;50.425;49.65;50.375;736332
2015-03-03;50.525;50.7;49.65;50.125;623716
2015-03-02;50.65;51.25;50.075;50.675;544184
2015-02-27;50.9;51.025;50.3;51.025;547952
2015-02-26;50.5;50.975;50.0;50.875;430100
2015-02-25;50.625;51.0;50.25;51.0;390692
2015-02-24;51.1;51.2;49.675;51.1;590424
2015-02-23;51.15;51.475;51.0;51.125;717368
2015-02-20;51.75;51.75;51.025;51.275;359144
2015-02-19;52.25;52.275;51.275;51.875;668828
2015-02-18;51.15;52.275;51.125;52.275;519968
2015-02-17;51.375;51.475;50.5;51.25;456508
2015-02-16;51.85;51.975;51.375;51.675;507448
2015-02-13;51.975;52.45;50.85;52.1;1165272
2015-02-12;49.6;52.075;49.6;51.875;1658376
2015-02-11;49.25;49.925;49.075;49.225;2112516
2015-02-10;51.725;51.725;48.675;49.0;1870024
2015-02-09;52.275;52.575;51.775;52.575;361452
2015-02-06;53.275;53.275;52.425;52.725;318452
2015-02-05;52.7;53.325;52.65;53.325;294420
2015-02-04;53.05;53.05;52.225;52.7;269560
2015-02-03;51.6;53.1;51.6;53.05;384620
2015-02-02;52.5;52.9;51.075;51.75;556056
2015-01-30;52.0;53.15;52.0;52.6;497736
2015-01-29;52.375;52.5;51.625;52.075;468320
2015-01-28;51.0;52.45;50.8;52.375;410624
2015-01-27;51.25;51.975;50.5;50.975;422596
2015-01-26;50.425;51.25;50.425;51.25;410480
2015-01-23;50.55;51.0;50.5;50.8;383936
2015-01-22;50.125;50.5;49.925;50.5;325624
2015-01-21;49.775;50.375;49.775;50.375;327216
2015-01-20;49.1;50.475;49.1;50.025;628216
2015-01-19;49.375;49.8;49.05;49.35;415124
2015-01-16;49.825;49.875;49.125;49.325;286596
2015-01-15;49.2;50.325;48.225;50.1;470724
2015-01-14;50.625;50.625;48.9;49.2;354812
2015-01-13;49.975;50.95;49.775;50.7;779764
2015-01-12;48.825;50.0;48.825;49.875;424216
2015-01-09;50.0;50.4;48.525;48.925;524012
2015-01-08;49.525;50.3;49.4;50.0;592080
2015-01-07;50.225;50.25;48.875;48.875;806964
2015-01-06;;50.625;50.625;50.625;0
2015-01-05;50.75;51.15;50.425;50.625;204416
2015-01-02;50.7;51.225;50.575;50.95;285880
2015-01-01;51.0;51.05;50.05;50.225;341888
2014-12-30;51.0;51.05;50.05;50.225;341888
2014-12-29;50.875;51.25;50.45;50.975;289412
2014-12-23;50.55;50.875;50.4;50.875;260336
2014-12-22;50.0;50.625;49.875;50.6;421920
2014-12-19;50.0;50.775;49.325;50.075;647032
2014-12-18;48.75;50.1;48.725;49.875;809696
2014-12-17;48.175;48.475;47.625;48.075;603020
2014-12-16;48.25;48.35;46.975;48.225;1042404
2014-12-15;48.7;49.175;48.025;48.225;523708
2014-12-12;49.2;49.2;48.525;48.625;551400
2014-12-11;49.55;49.775;48.55;49.425;460028
2014-12-10;48.9;50.0;48.9;49.775;834204
2014-12-09;49.6;49.6;48.975;49.0;537652
2014-12-08;50.45;50.725;49.675;49.85;380740
2014-12-05;49.5;50.425;49.5;50.3;439716
2014-12-04;49.525;49.925;49.15;49.25;483228
2014-12-03;49.5;49.625;49.275;49.525;282964
2014-12-02;49.45;49.95;49.2;49.4;256172
2014-12-01;49.55;49.875;48.625;49.65;578212
2014-11-28;50.225;50.25;49.225;49.75;350980
2014-11-27;49.5;50.375;49.5;50.0;203592
2014-11-26;50.65;50.95;49.625;49.65;320952
2014-11-25;50.0;50.975;49.95;50.575;495404
2014-11-24;49.875;50.0;49.575;49.975;344088
2014-11-21;48.875;49.75;48.8;49.525;546528
2014-11-20;48.875;49.0;48.125;48.85;949984
2014-11-19;49.725;49.725;48.85;48.925;825120
2014-11-18;50.025;50.35;49.525;49.75;803248
2014-11-17;49.575;50.425;49.5;50.325;823468
2014-11-14;51.0;51.025;49.225;49.975;1212740
2014-11-13;50.75;51.175;49.625;49.75;753092
2014-11-12;50.975;51.15;49.8;50.25;1100596
2014-11-11;51.225;51.375;50.75;50.975;319496
2014-11-10;49.875;51.175;49.8;51.0;993936
2014-11-07;50.125;50.3;49.275;49.775;914040
2014-11-06;49.75;50.5;49.025;49.975;682908
2014-11-05;49.425;49.75;49.25;49.675;567956
2014-11-04;48.425;49.425;48.375;49.3;434964
2014-11-03;48.75;49.5;48.75;48.975;476324
2014-10-31;48.275;49.0;48.275;49.0;357980
2014-10-30;48.175;48.375;47.6;48.075;1086316
2014-10-29;47.925;48.3;47.775;48.025;430716
2014-10-28;46.425;47.6;46.425;47.45;547536
2014-10-24;46.45;46.45;45.55;45.925;558268
2014-10-23;46.1;46.625;45.625;46.225;741152
2014-10-22;45.775;46.45;45.375;45.875;800580
2014-10-21;43.6;45.525;43.25;45.45;603940
2014-10-20;43.75;43.75;42.875;43.6;596112
2014-10-17;41.675;43.675;41.65;43.575;846040
2014-10-16;41.25;42.25;40.0;41.65;841936
2014-10-15;41.8;42.375;40.6;41.2;1305324
2014-10-14;40.625;41.7;40.625;41.5;787152
2014-10-13;41.225;41.45;40.425;40.675;564648
2014-10-10;41.65;41.65;40.75;41.25;1102716
2014-10-09;43.375;44.2;41.525;41.725;714560
2014-10-08;41.425;42.5;41.425;42.125;801200
2014-10-07;43.125;43.125;41.3;41.325;581684
2014-10-06;43.75;44.0;42.8;43.05;299364
2014-10-03;44.275;44.275;43.225;43.35;381952
2014-10-02;44.5;44.5;43.025;43.1;849340
2014-10-01;45.725;46.2;44.525;44.625;595756
2014-09-30;46.125;46.25;45.275;45.55;384376
2014-09-29;45.6;46.175;45.25;46.025;520348
2014-09-26;44.675;45.6;44.55;45.2;318444
2014-09-25;45.0;45.7;44.525;44.6;512648
2014-09-24;45.375;45.375;44.55;45.05;478512
2014-09-23;46.15;46.4;45.4;45.425;320284
2014-09-22;45.675;46.475;45.675;46.075;403924
2014-09-19;46.275;46.525;45.3;45.6;361400
2014-09-18;46.375;46.9;45.925;46.0;209556
2014-09-17;46.0;46.575;46.0;46.325;233964
2014-09-16;46.5;46.5;45.575;45.95;450120
2014-09-15;46.85;47.025;46.125;46.45;228092
2014-09-12;46.5;47.225;46.375;46.775;440996
2014-09-11;47.0;47.625;46.35;46.425;316752
2014-09-10;47.05;47.5;46.675;46.9;316508
2014-09-09;47.5;47.7;47.0;47.05;2230692
2014-09-08;47.425;47.6;46.875;47.5;262844
2014-09-05;47.35;47.85;46.95;47.425;192860
2014-09-04;48.25;48.25;47.5;47.7;299952
2014-09-03;48.0;48.6;47.75;48.075;307816
2014-09-02;48.075;48.475;47.55;47.75;304692
2014-09-01;48.25;48.725;47.775;48.075;419856
2014-08-29;48.875;48.875;48.025;48.25;303676
2014-08-28;49.075;49.075;48.225;48.325;321720
2014-08-27;49.225;49.7;49.025;49.05;341952
2014-08-26;49.75;49.8;48.5;49.15;506276
2014-08-25;49.25;50.175;49.15;49.65;555824
2014-08-22;48.375;48.625;47.85;48.35;321084
2014-08-21;48.525;48.75;48.05;48.25;293036
2014-08-20;48.25;48.425;47.675;48.35;281792
2014-08-19;48.275;48.6;47.575;47.95;3056832
2014-08-18;46.25;49.4;46.25;47.8;949036
2014-08-15;44.525;47.375;41.975;45.6;1246028
2014-08-14;45.05;45.35;44.725;45.025;225456
2014-08-13;44.8;45.55;44.525;44.975;613484
2014-08-12;45.225;45.5;44.625;44.675;479700
2014-08-11;44.375;45.525;44.375;45.1;588464
2014-08-08;43.75;44.25;43.125;44.125;440788
2014-08-07;44.725;44.75;44.15;44.15;476000
2014-08-06;45.975;45.975;44.125;44.725;585344
2014-08-05;45.775;47.025;45.775;46.125;241988
2014-08-04;45.875;46.325;45.5;45.675;381884
2014-08-01;46.125;46.425;45.375;45.675;639360
2014-07-31;47.45;47.45;45.95;46.3;392612
2014-07-30;46.75;47.775;46.4;47.2;385816
2014-07-29;46.875;47.475;46.45;46.65;1196584
2014-07-28;47.3;47.6;46.5;46.725;361688
2014-07-25;48.075;48.075;47.0;47.15;364292
2014-07-24;47.6;48.65;47.15;47.925;251112
2014-07-23;47.75;48.025;47.475;47.525;214088
2014-07-22;48.25;49.0;47.525;47.75;319612
2014-07-21;48.5;48.6;47.525;48.225;384180
2014-07-18;49.325;49.425;48.075;48.625;356612
2014-07-17;49.775;50.25;48.875;49.6;292828
2014-07-16;50.325;50.8;49.2;49.85;417840
2014-07-15;50.9;50.9;49.15;49.825;267136
2014-07-14;49.175;51.025;49.175;50.9;371864
2014-07-11;49.475;50.0;48.65;48.85;276008
2014-07-10;51.275;51.425;49.25;49.45;504800
2014-07-09;51.625;51.625;50.875;51.2;374824
2014-07-08;52.125;52.175;51.2;51.2;378628
2014-07-07;52.75;52.75;52.025;52.125;240392
2014-07-04;53.0;53.075;52.525;52.75;220404
2014-07-03;52.5;53.25;52.225;53.15;384064
2014-07-02;52.525;52.7;52.225;52.375;298292
2014-07-01;52.95;52.95;52.025;52.525;347612
2014-06-30;52.25;52.9;51.925;52.5;348532
2014-06-27;52.5;52.75;51.525;52.25;482112
2014-06-26;52.95;53.675;51.825;52.325;558120
2014-06-25;53.675;53.85;52.3;52.5;946108
2014-06-24;50.25;55.075;50.25;53.925;2891356
2014-06-23;47.825;50.0;47.0;49.925;853088
2014-06-20;;47.55;47.55;47.55;0
2014-06-19;47.475;48.35;47.475;47.55;488016
2014-06-18;48.0;48.25;46.775;46.775;991432
2014-06-17;47.7;48.225;47.6;47.85;336384
2014-06-16;48.25;49.0;47.5;47.75;397376
2014-06-13;49.65;49.65;47.75;48.4;542588
2014-06-12;49.425;49.925;49.2;49.65;308688
2014-06-11;49.95;49.95;49.25;49.6;497080
2014-06-10;49.225;49.825;48.975;49.65;387308
2014-06-09;49.0;49.4;48.8;49.3;412516
2014-06-06;;48.825;48.825;48.825;0
2014-06-05;49.35;49.375;48.825;48.825;211724
2014-06-04;48.625;49.625;48.1;49.375;616176
2014-06-03;49.375;49.6;48.65;48.65;395776
2014-06-02;48.5;49.775;48.5;49.3;577048
2014-05-30;50.0;50.05;48.45;48.45;1186652
2014-05-28;50.725;50.8;49.625;50.15;245460
2014-05-27;49.8;51.0;49.8;50.725;738456
2014-05-26;48.9;50.95;48.875;50.425;622424
2014-05-23;48.3;48.925;47.625;48.75;921664
2014-05-22;48.2;48.45;47.575;48.175;360724
2014-05-21;48.425;48.725;47.25;48.075;517724
2014-05-20;49.4;49.4;48.25;48.45;624420
2014-05-19;49.3;49.875;48.325;49.0;646580
2014-05-16;50.425;50.425;48.425;48.775;842552
2014-05-15;48.5;51.25;48.475;51.25;1563328
2014-05-14;49.525;50.0;48.775;48.825;501552
2014-05-13;49.5;50.225;49.275;49.625;1092012
2014-05-12;47.5;49.575;47.425;49.3;1453832
2014-05-09;48.0;48.05;47.35;47.775;315816
2014-05-08;46.775;48.25;46.775;47.95;921188
2014-05-07;46.225;47.1;45.275;46.775;487876
2014-05-06;47.725;47.725;45.6;46.2;476940
2014-05-05;47.0;48.75;46.975;47.5;1360648
2014-05-02;45.925;47.2;45.575;47.0;491656
2014-05-01;;45.625;45.625;45.625;0
2014-04-30;45.75;45.9;45.225;45.625;270544
2014-04-29;45.4;45.875;44.675;45.575;305984
2014-04-28;45.625;45.9;44.75;44.825;224340
2014-04-25;45.525;46.125;45.25;45.55;320692
2014-04-24;45.0;46.175;44.8;45.65;672372
2014-04-23;45.0;45.2;44.525;44.85;197588
2014-04-22;44.65;45.25;44.5;44.925;930148
2014-04-17;44.875;44.875;43.8;44.4;124820
2014-04-16;43.1;44.55;42.825;44.55;461476
2014-04-15;43.75;44.15;42.65;42.925;299916
2014-04-14;44.325;44.375;43.625;43.975;722948
2014-04-11;44.15;44.6;43.25;44.325;778104
2014-04-10;44.75;45.25;44.25;45.125;978420
2014-04-09;43.675;45.0;43.625;44.975;2029440
2014-04-08;42.5;43.775;41.875;43.675;905072
2014-04-07;42.2;42.525;41.4;42.275;344520
2014-04-04;42.45;42.7;41.925;42.125;199404
2014-04-03;41.775;42.675;41.775;42.45;313472
2014-04-02;41.7;42.25;41.7;42.0;408460
2014-04-01;41.85;42.475;41.025;41.475;641232
2014-03-31;41.025;41.975;41.025;41.625;273288
2014-03-28;41.2;41.475;40.625;41.125;245192
2014-03-27;40.775;41.375;40.275;40.95;285320
2014-03-26;40.425;41.425;40.425;40.55;261388
2014-03-25;39.55;40.4;39.3;40.25;507704
2014-03-24;40.4;40.5;38.85;39.1;289172
2014-03-21;40.725;40.75;40.025;40.125;340176
2014-03-20;41.975;41.975;40.025;40.475;328552
2014-03-19;40.775;42.45;40.775;41.875;532132
2014-03-18;41.0;41.25;39.525;40.575;999776
2014-03-17;40.45;41.4;40.15;41.15;542324
2014-03-14;41.35;41.375;40.4;41.275;360124
2014-03-13;41.875;42.175;41.325;41.55;233324
2014-03-12;41.85;41.925;40.925;41.575;296628
2014-03-11;42.5;42.975;41.775;41.95;197220
2014-03-10;42.35;43.175;41.575;42.3;247992
2014-03-07;43.05;43.275;41.975;42.35;271128
2014-03-06;43.475;43.5;43.0;43.125;150796
2014-03-05;43.0;43.625;42.875;43.325;532776
2014-03-04;41.575;43.15;41.575;43.05;596372
2014-03-03;43.05;43.075;41.275;41.275;555860
2014-02-28;43.25;43.55;43.2;43.475;270352
2014-02-27;43.375;43.5;42.525;43.25;320416
2014-02-26;43.475;43.525;42.975;43.375;446324
2014-02-25;43.225;43.625;43.0;43.375;213524
2014-02-24;43.25;43.5;42.95;43.225;414592
2014-02-21;42.75;43.625;42.75;43.175;484340
2014-02-20;42.5;43.375;42.4;42.675;556584
2014-02-19;43.5;43.725;43.225;43.5;308020
2014-02-18;43.5;43.6;42.825;43.5;500356
2014-02-17;42.475;43.6;42.35;43.4;1099912
2014-02-14;43.075;43.125;41.275;42.5;739120
2014-02-13;40.1;44.85;40.05;43.125;2925560
2014-02-12;38.275;38.65;37.875;38.375;374380
2014-02-11;36.375;38.275;36.275;38.275;417148
2014-02-10;37.05;37.475;36.275;36.275;193544
2014-02-07;36.225;37.0;36.225;36.725;224384
2014-02-06;35.75;36.75;35.75;36.475;263220
2014-02-05;36.0;36.0;35.275;35.775;214036
2014-02-04;35.525;36.1;35.075;35.95;538636
2014-02-03;35.75;36.65;35.75;35.75;236104
2014-01-31;36.075;36.25;35.625;35.925;848924
2014-01-30;36.2;36.3;35.65;36.075;163556
2014-01-29;36.075;37.0;35.575;36.05;593196
2014-01-28;35.775;36.625;35.5;35.625;1294364
2014-01-27;36.2;36.55;35.25;35.825;562284
2014-01-24;37.5;38.1;36.3;36.35;713536
2014-01-23;39.25;39.25;37.425;37.5;503428
2014-01-22;39.35;39.725;39.125;39.3;202320
2014-01-21;39.95;40.125;39.3;39.35;274768
2014-01-20;39.8;40.125;39.425;39.7;276412
2014-01-17;39.75;40.0;39.425;39.85;279888
2014-01-16;40.0;40.8;39.625;39.75;902020
2014-01-15;39.5;40.125;39.05;40.125;943660
2014-01-14;39.75;39.85;38.625;39.1;1062872
2014-01-13;38.6;40.45;38.375;39.75;1700788
2014-01-10;37.65;38.525;37.625;38.325;488940
2014-01-09;36.55;37.9;36.425;37.525;421456
2014-01-08;36.0;36.55;35.75;36.55;524888
2014-01-07;36.325;36.325;35.9;35.975;110956
2014-01-06;;36.1;36.1;36.1;0
2014-01-03;35.9;36.475;35.775;36.1;117908
2014-01-02;36.25;36.5;35.8;35.9;128768
2013-12-31;;36.25;36.25;36.25;0
2013-12-30;35.6;36.5;35.375;36.25;256268
2013-12-27;35.85;36.125;35.625;35.625;166672
2013-12-23;35.0;35.875;34.8;35.675;338808
2013-12-20;34.925;35.25;34.6;35.15;435316
2013-12-19;35.025;35.425;34.875;35.0;329696
2013-12-18;35.0;35.175;34.75;34.95;512816
2013-12-17;34.8;35.025;34.775;34.95;332028
2013-12-16;35.0;35.075;34.8;35.05;232124
2013-12-13;35.475;35.575;34.9;35.075;136612
2013-12-12;36.25;36.425;35.35;35.475;245452
2013-12-11;37.1;37.1;36.175;36.4;163740
2013-12-10;37.2;37.225;36.425;37.05;181804
2013-12-09;36.15;37.25;35.925;37.15;295756
2013-12-06;36.375;36.475;35.725;36.15;257204
2013-12-05;36.625;36.95;36.125;36.35;133884
2013-12-04;36.775;37.15;36.275;36.625;130364
2013-12-03;37.55;37.55;36.5;36.75;298580
2013-12-02;37.3;37.975;37.175;37.55;330012
2013-11-29;38.0;38.0;37.125;37.375;401632
2013-11-28;37.5;38.75;37.5;37.95;1169904
2013-11-27;36.75;37.5;36.6;37.5;377528
2013-11-26;36.75;36.75;36.3;36.75;575932
2013-11-25;36.1;37.05;36.0;36.7;478432
2013-11-22;35.8;36.35;35.5;35.75;332264
2013-11-21;36.25;36.25;35.375;35.425;152840
2013-11-20;36.4;36.55;35.55;36.4;200756
2013-11-19;36.375;37.25;36.05;36.65;455940
2013-11-18;34.0;36.55;34.0;36.55;1074596
2013-11-15;33.75;34.475;33.525;33.925;1153188
2013-11-14;33.3;33.6;32.75;32.875;217952
2013-11-13;33.425;33.5;32.5;33.3;213092
2013-11-12;33.6;34.0;33.35;33.375;195032
2013-11-11;32.2;33.725;32.2;33.6;367964
2013-11-08;31.875;32.225;31.775;31.95;134468
2013-11-07;31.5;32.2;31.5;32.125;276992
2013-11-06;31.2;31.7;31.125;31.45;97348
2013-11-05;31.125;31.325;31.1;31.225;102112
2013-11-04;31.575;31.575;31.025;31.025;119292
2013-11-01;30.95;31.175;30.7;31.075;156972
2013-10-31;31.75;31.75;30.95;31.075;265304
2013-10-30;32.325;32.425;31.7;31.7;173812
2013-10-29;31.85;32.325;31.85;32.325;60504
2013-10-28;32.125;32.25;31.75;31.825;81772
2013-10-25;32.125;32.225;31.875;32.075;115504
2013-10-24;31.85;32.125;31.85;32.125;98924
2013-10-23;31.85;32.075;31.55;31.75;473832
2013-10-22;32.05;32.425;31.8;31.85;289828
2013-10-21;31.55;32.45;31.4;32.45;238208
2013-10-18;31.275;31.6;31.2;31.6;68244
2013-10-17;31.15;31.25;31.05;31.225;92576
2013-10-16;31.25;31.25;30.875;31.15;147056
2013-10-15;31.375;31.6;31.025;31.325;158384
2013-10-14;31.575;31.7;31.075;31.375;131364
2013-10-11;31.25;31.875;31.25;31.7;239844
2013-10-10;30.85;31.675;30.775;31.25;350024
2013-10-09;30.55;30.95;30.325;30.925;522232
2013-10-08;30.525;30.725;30.5;30.65;197028
2013-10-07;30.7;30.7;30.1875;30.625;191076
2013-10-04;30.8;30.9;30.3;30.9;160688
2013-10-03;30.75;30.85;30.525;30.85;197540
2013-10-02;31.05;31.05;30.45;30.75;473636
2013-10-01;30.55;31.25;30.25;31.25;215584
2013-09-30;30.7;30.7;30.1;30.6;206500
2013-09-27;31.1;31.2;30.425;30.7;192112
2013-09-26;30.925;31.25;30.925;31.15;190936
2013-09-25;31.0;31.025;30.8;30.925;131376
2013-09-24;30.475;30.975;30.475;30.975;139388
2013-09-23;30.75;30.85;30.225;30.375;574236
2013-09-20;31.125;31.2;30.625;30.7;820844
2013-09-19;31.05;31.25;30.875;31.225;224928
2013-09-18;30.7;31.225;30.7;30.8;191560
2013-09-17;31.05;31.05;30.525;30.525;487092
2013-09-16;31.225;31.25;30.85;31.05;200716
2013-09-13;31.15;31.225;31.025;31.15;51928
2013-09-12;31.2;31.25;30.875;31.175;416120
2013-09-11;31.375;31.5;31.075;31.125;571392
2013-09-10;31.2;31.975;31.2;31.5;561284
2013-09-09;30.275;31.55;30.275;31.475;592796
2013-09-06;30.475;30.575;30.2;30.5;1171416
2013-09-05;30.45;30.575;30.2;30.45;176052
2013-09-04;30.425;30.5;29.975;30.5;131256
2013-09-03;30.5;30.5;30.2;30.4;816292
2013-09-02;30.225;30.5;29.925;30.5;982800
2013-08-30;30.1;30.175;29.8;29.875;251344
2013-08-29;29.875;30.0;29.725;29.9;137160
2013-08-28;29.85;29.875;29.5;29.725;110552
2013-08-27;30.325;30.75;29.875;30.0;236000
2013-08-26;31.0;31.125;30.375;30.45;214468
2013-08-23;30.875;31.15;30.75;31.0;618820
2013-08-22;30.45;31.225;30.375;30.7;527128
2013-08-21;30.0;30.5;30.0;30.45;1052864
2013-08-20;30.0;30.2;29.85;30.075;320020
2013-08-19;30.45;30.725;29.75;30.0;675660
2013-08-16;27.9;30.85;27.9;30.85;857852
2013-08-15;27.625;27.925;27.175;27.175;242512
2013-08-14;27.375;27.925;27.35;27.35;486508
2013-08-13;27.5;27.7;27.25;27.375;544872
2013-08-12;27.7;27.725;27.25;27.5;111880
2013-08-09;27.75;27.875;27.675;27.7;175560
2013-08-08;28.125;28.175;27.725;27.875;721756
2013-08-07;27.75;28.25;27.575;28.175;245820
2013-08-06;27.775;28.0;27.65;27.7;98528
2013-08-05;27.825;27.85;27.625;27.85;58588
2013-08-02;27.5;27.95;27.5;27.825;48732
2013-08-01;27.95;28.025;27.75;27.9;87212
2013-07-31;27.65;27.975;27.575;27.85;163084
2013-07-30;27.65;27.875;27.425;27.75;52548
2013-07-29;27.875;28.0;27.6;27.675;47028
2013-07-26;27.95;27.975;27.85;27.875;134828
2013-07-25;28.025;28.025;27.525;28.0;93124
2013-07-24;27.5;28.125;27.4;28.125;171216
2013-07-23;27.5;27.5;27.2;27.45;102152
2013-07-22;27.45;27.5;26.75;27.5;52612
2013-07-19;26.975;27.525;26.975;27.525;167704
2013-07-18;26.975;27.125;26.825;27.125;104852
2013-07-17;27.0;27.0;26.9;26.975;56404
2013-07-16;26.7;27.0;26.7;26.95;1202308
2013-07-15;26.85;26.925;26.525;26.725;138860
2013-07-12;26.65;27.05;26.2;27.025;165180
2013-07-11;27.0;27.0;26.65;26.7;102896
2013-07-10;26.95;27.0;26.675;27.0;24292
2013-07-09;26.7;27.0;26.475;26.9;69036
2013-07-08;26.8;27.0;26.425;26.75;82188
2013-07-05;26.875;26.975;26.8;26.85;80828
2013-07-04;26.625;26.8;26.525;26.75;55840
2013-07-03;26.85;26.85;26.425;26.575;82512
2013-07-02;26.175;27.0;26.05;26.975;190800
2013-07-01;26.025;26.25;25.85;26.175;114136
2013-06-28;24.9375;26.325;24.9375;26.325;484024
2013-06-27;25.725;26.7;25.525;26.7;1238084
2013-06-26;25.275;25.75;25.275;25.675;151928
2013-06-25;24.8125;25.45;24.8125;25.375;210212
2013-06-24;26.1;26.1;24.825;25.0;254892
2013-06-21;;25.65;25.65;25.65;0
2013-06-20;26.375;26.375;25.65;25.65;306304
2013-06-19;26.7;26.7;26.5;26.625;53556
2013-06-18;26.725;26.725;26.475;26.6;95992
2013-06-17;26.4;26.8;26.3;26.775;141992
2013-06-14;26.225;26.625;26.225;26.4;124056
2013-06-13;26.45;26.45;26.0;26.3;216516
2013-06-12;26.85;26.85;26.45;26.525;102416
2013-06-11;26.95;27.225;26.525;26.525;120344
2013-06-10;26.75;27.225;26.75;26.775;408540
2013-06-07;26.825;27.1;26.8;27.1;173684
2013-06-06;;27.0;27.0;27.0;0
2013-06-05;27.225;27.25;27.0;27.0;110864
2013-06-04;27.25;27.25;27.1;27.225;61900
2013-06-03;27.425;27.425;26.575;27.175;211408
2013-05-31;26.85;27.5;26.525;27.5;269116
2013-05-30;26.8;26.8;26.625;26.775;75580
2013-05-29;27.5;27.5;26.6;26.8;172836
2013-05-28;26.875;27.45;26.875;27.35;310516
2013-05-27;26.875;27.05;26.775;26.775;111484
2013-05-24;26.625;26.95;26.525;26.65;302580
2013-05-23;27.2;27.275;26.25;26.825;256692
2013-05-22;27.65;27.675;27.175;27.575;315112
2013-05-21;28.05;28.05;27.125;27.725;504868
2013-05-20;27.65;28.25;27.65;28.05;140224
2013-05-17;28.5;28.5;28.0;28.075;191516
2013-05-16;28.15;28.625;27.075;28.625;763748
2013-05-15;28.0;28.75;27.75;28.4;662228
2013-05-14;27.85;28.0;27.3;28.0;659396
2013-05-13;28.25;28.25;27.6;27.85;372496
2013-05-10;27.8;28.75;27.575;28.275;469132
2013-05-09;;27.625;27.625;27.625;0
2013-05-08;27.75;27.825;27.35;27.625;130996
2013-05-07;27.35;27.75;27.075;27.75;145840
2013-05-06;27.5;27.5;27.0;27.2;200712
2013-05-03;26.575;27.125;26.5;27.05;154140
2013-05-02;26.625;26.725;26.15;26.575;167668
2013-05-01;;26.45;26.45;26.45;0
2013-04-30;26.0;26.45;25.8;26.45;109316
2013-04-29;26.55;26.55;25.875;26.0;243428
2013-04-26;26.65;26.75;26.25;26.675;106796
2013-04-25;25.775;26.675;25.725;26.65;311292
2013-04-24;25.9;26.15;25.275;25.5;334732
2013-04-23;25.375;25.9;25.2;25.9;212940
2013-04-22;26.075;26.125;25.45;25.45;202040
2013-04-19;25.35;26.15;25.35;25.975;292168
2013-04-18;25.025;25.875;24.925;25.3;136020
2013-04-17;25.225;25.7;25.0;25.05;251896
2013-04-16;25.875;25.875;25.2;25.375;368988
2013-04-15;26.275;26.475;25.625;25.85;190284
2013-04-12;27.0;27.0;26.45;26.525;183316
2013-04-11;26.8;27.0;26.475;26.9;197796
2013-04-10;26.85;26.975;26.45;26.725;201332
2013-04-09;26.575;27.125;26.475;26.85;320608
2013-04-08;26.275;26.75;26.275;26.6;144172
2013-04-05;27.675;27.7;26.8;26.85;144564
2013-04-04;28.3;28.3;27.325;27.675;198988
2013-04-03;28.325;28.325;28.075;28.225;141572
2013-04-02;27.775;28.325;27.775;28.325;244760
2013-04-01;;28.325;28.325;28.325;0
2013-03-29;28.3;28.325;28.325;28.325;241828
2013-03-28;28.3;28.3;28.0;28.0;241828
2013-03-27;28.3;28.3;28.0;28.0;241828
2013-03-26;28.25;28.25;27.875;27.975;245308
2013-03-25;28.375;28.375;28.125;28.325;113796
2013-03-22;28.375;28.375;27.825;28.25;254396
2013-03-21;28.25;28.425;28.0;28.425;424532
2013-03-20;27.7;28.375;27.625;28.375;155024
2013-03-19;28.4;28.4;27.85;27.85;179088
2013-03-18;28.1;28.425;27.875;28.35;101716
2013-03-15;28.6;28.6;28.075;28.25;360164
2013-03-14;28.125;28.55;28.125;28.5;319128
2013-03-13;28.25;28.575;27.875;28.125;162524
2013-03-12;28.325;28.625;28.25;28.425;3160892
2013-03-11;28.25;28.325;28.075;28.325;239860
2013-03-08;28.25;28.275;28.0;28.275;129232
2013-03-07;28.0;28.225;27.925;28.2;262756
2013-03-06;28.05;28.225;27.925;28.1;342844
2013-03-05;27.6;28.125;27.525;28.025;439056
2013-03-04;27.5;27.7;27.3;27.525;239228
2013-03-01;27.5;27.775;27.125;27.625;352844
2013-02-28;27.3;27.625;27.05;27.325;527784
2013-02-27;27.375;27.65;27.0;27.25;536004
2013-02-26;27.275;27.875;26.95;27.45;979628
2013-02-25;27.45;27.975;27.45;27.5;863548
2013-02-22;26.675;27.5;26.625;27.45;778800
2013-02-21;26.525;26.975;26.475;26.85;494844
2013-02-20;26.125;27.25;26.0;27.225;1078016
2013-02-19;24.75;26.25;24.75;26.25;746300
2013-02-18;25.375;25.4;24.75;25.375;554384
2013-02-15;25.525;25.7;25.325;25.5;388664
2013-02-14;26.0;26.025;25.625;25.75;288180
2013-02-13;25.675;26.25;25.375;26.1;698044
2013-02-12;25.475;25.675;25.325;25.675;194064
2013-02-11;25.375;25.575;25.325;25.5;114304
2013-02-08;25.575;25.675;25.45;25.6;96092
2013-02-07;25.5;25.575;25.3;25.575;153084
2013-02-06;25.125;25.625;25.075;25.5;221212
2013-02-05;24.875;25.35;24.8125;25.175;236196
2013-02-04;25.0;25.3;24.875;24.9625;155200
2013-02-01;25.0;25.225;25.0;25.0;282192
2013-01-31;25.0;25.05;24.775;25.0;208392
2013-01-30;25.5;25.65;25.0;25.0;271264
2013-01-29;25.6;25.7;25.425;25.65;164512
2013-01-28;25.475;25.625;25.475;25.55;665824
2013-01-25;25.5;25.75;25.425;25.6;542968
2013-01-24;25.25;25.85;25.25;25.625;375260
2013-01-23;25.475;25.75;25.375;25.75;987056
2013-01-22;24.5625;25.475;24.5625;25.475;288880
2013-01-21;25.1;25.2;25.0;25.125;282860
2013-01-18;25.125;25.125;24.75;25.05;371176
2013-01-17;24.5;25.225;24.475;25.2;645412
2013-01-16;25.25;25.625;24.0625;24.3375;1664364
2013-01-15;25.0;25.25;25.0;25.125;490612
2013-01-14;24.6875;25.3;24.6875;25.075;256776
2013-01-11;24.5625;24.85;24.475;24.85;117140
2013-01-10;24.725;24.9375;24.4;24.5625;295760
2013-01-09;24.4;24.7125;24.4;24.6875;216368
2013-01-08;24.65;24.65;24.25;24.4375;259368
2013-01-07;24.6875;24.7;24.65;24.675;354700
2013-01-04;24.5125;24.675;24.325;24.625;389104
2013-01-03;24.5;24.6875;24.5;24.5625;298096
2013-01-02;23.625;24.4375;23.625;24.375;431112
2013-01-01;;23.4375;23.4375;23.4375;0
2012-12-31;;23.4375;23.4375;23.4375;0
2012-12-28;23.0;23.4375;22.875;23.4375;408680
