Dates;Open;High;Low;Close;Volume
2017-12-27;44.5;44.93;44.35;44.73;3155627
2017-12-22;43.98;44.64;43.95;44.4;4201981
2017-12-21;43.4;44.2;43.27;43.98;3973968
2017-12-20;42.71;43.8;42.52;43.43;6569359
2017-12-19;41.27;42.77;41.21;42.45;5543649
2017-12-18;40.69;41.3;40.58;41.22;3310890
2017-12-15;41.68;41.8;40.52;40.57;5285764
2017-12-14;42.8;42.89;41.92;41.97;4025753
2017-12-13;42.4;42.8;42.0;42.57;4679693
2017-12-12;41.7;42.45;41.37;42.45;5077274
2017-12-11;40.73;41.9;40.66;41.73;4186416
2017-12-08;40.79;41.27;40.68;40.68;3582808
2017-12-07;40.52;40.78;39.91;40.65;4281323
2017-12-06;39.3;40.52;38.77;40.52;4871372
2017-12-05;40.03;40.03;39.28;39.62;2882795
2017-12-04;39.3;40.05;39.14;40.01;3040179
2017-12-01;39.59;39.59;38.83;39.0;2534750
2017-11-30;39.45;40.15;39.34;39.37;4391983
2017-11-29;39.23;39.99;39.11;39.48;3953224
2017-11-28;38.82;39.04;38.39;38.93;2737135
2017-11-27;39.2;39.46;38.77;38.77;3381835
2017-11-24;40.25;40.25;39.49;39.58;3171890
2017-11-23;40.1;40.31;39.54;40.21;1848885
2017-11-22;40.36;40.66;39.84;40.08;2902477
2017-11-21;39.61;40.48;39.5;40.36;3744175
2017-11-20;39.17;39.61;38.71;39.61;2327132
2017-11-17;39.67;39.69;39.0;39.25;2563768
2017-11-16;39.62;39.81;39.16;39.56;3120290
2017-11-15;38.96;39.39;38.46;39.38;4939839
2017-11-14;40.0;40.0;39.03;39.1;4036166
2017-11-13;41.04;41.16;39.64;39.9;4353729
2017-11-10;41.39;41.57;40.74;40.87;2177748
2017-11-09;41.85;42.12;41.05;41.21;3423499
2017-11-08;42.11;42.26;41.74;42.02;3086282
2017-11-07;42.45;42.61;42.01;42.19;3106714
2017-11-06;42.52;42.98;41.8;42.36;5431288
2017-11-03;42.66;42.95;42.33;42.52;1531454
2017-11-02;42.68;42.9;42.28;42.6;3722021
2017-11-01;41.59;42.68;41.45;42.67;6857953
2017-10-31;41.08;41.52;40.89;41.1;3475827
2017-10-30;40.5;41.23;40.4;41.03;3860694
2017-10-27;41.09;41.11;39.89;40.6;5212040
2017-10-26;41.55;41.89;40.67;40.83;6704928
2017-10-25;42.65;42.94;40.34;41.38;10532431
2017-10-24;41.81;42.12;41.52;41.85;4366734
2017-10-23;41.15;42.36;41.05;41.8;5260962
2017-10-20;41.0;41.44;40.62;41.03;7636139
2017-10-19;41.68;41.99;40.97;41.4;5554916
2017-10-18;41.82;41.99;41.41;41.68;3109404
2017-10-17;41.39;42.13;41.3;41.79;5970039
2017-10-13;39.35;40.78;39.31;40.78;5668698
2017-10-12;38.65;39.49;38.65;39.33;3694226
2017-10-11;38.66;38.73;38.09;38.57;4276537
2017-10-10;38.81;38.82;38.27;38.68;2614341
2017-10-09;39.56;39.56;38.68;38.74;2896137
2017-10-06;40.0;40.13;39.5;39.63;2446226
2017-10-05;39.6;40.06;39.28;40.0;3225617
2017-10-04;39.49;39.58;38.78;39.56;3886529
2017-10-03;39.41;39.62;39.19;39.4;3195039
2017-10-02;39.45;39.64;39.06;39.4;3005797
2017-09-29;38.37;39.47;38.34;39.24;5873769
2017-09-28;37.9;38.25;37.62;38.25;3321639
2017-09-27;37.74;38.2;37.64;37.95;4318783
2017-09-26;37.6;38.16;37.07;37.57;6350364
2017-09-25;38.56;38.85;37.97;38.01;4085494
2017-09-22;38.75;38.8;37.96;38.56;5952259
2017-09-21;39.3;39.62;38.96;38.96;4823149
2017-09-20;39.39;39.66;38.67;39.3;4981559
2017-09-19;39.12;39.25;38.59;38.99;3459560
2017-09-18;39.87;40.0;38.88;39.08;4751983
2017-09-15;40.2;40.2;39.37;39.61;5355991
2017-09-14;40.69;40.69;40.05;40.17;4120655
2017-09-13;41.37;41.56;40.73;40.76;2738197
2017-09-12;42.14;42.14;41.24;41.5;3056603
2017-09-11;41.66;42.04;41.48;41.89;3328696
2017-09-08;40.61;42.18;40.42;41.36;5003138
2017-09-07;40.26;40.83;39.95;40.83;3289312
2017-09-06;40.02;40.27;39.82;40.1;2893225
2017-09-04;40.4;40.56;40.12;40.4;2378886
2017-09-01;40.49;40.93;40.36;40.91;3118339
2017-08-31;39.35;40.39;39.26;40.35;5390499
2017-08-30;39.27;39.48;38.93;39.26;2874340
2017-08-29;39.25;39.4;38.43;38.92;5317662
2017-08-28;40.0;40.06;39.55;39.73;1804486
2017-08-25;39.84;40.5;39.58;40.13;3230784
2017-08-24;39.9;40.19;39.46;39.68;2891234
2017-08-23;40.27;40.29;39.46;39.63;2653382
2017-08-22;39.43;40.21;39.42;40.18;3596865
2017-08-21;39.27;39.8;39.01;39.13;3064152
2017-08-18;39.3;39.71;38.96;39.41;5468655
2017-08-17;39.85;39.96;39.35;39.69;3664454
2017-08-16;39.42;39.88;39.42;39.69;2886205
2017-08-15;40.2;40.41;39.24;39.25;3503786
2017-08-14;39.72;40.53;39.72;39.97;3702125
2017-08-11;39.95;40.03;39.22;39.42;5129041
2017-08-10;41.15;41.43;40.56;40.59;4462050
2017-08-09;41.67;42.05;41.1;41.19;3589222
2017-08-08;41.6;42.06;41.58;41.98;2651198
2017-08-07;41.14;41.96;40.95;41.92;4166829
2017-08-04;39.97;41.25;39.84;40.77;3352510
2017-08-03;39.86;40.35;39.57;40.19;3912428
2017-08-02;40.73;40.89;39.78;40.0;5005332
2017-08-01;41.06;41.37;40.65;40.72;3699031
2017-07-31;41.58;41.88;40.71;40.79;3588373
2017-07-28;42.08;42.11;41.15;41.44;5544921
2017-07-27;42.59;43.08;42.19;42.2;4346445
2017-07-26;43.16;43.22;41.88;42.57;6486315
2017-07-25;42.8;43.38;41.91;42.96;6832352
2017-07-24;42.58;42.75;41.69;42.15;5663202
2017-07-21;41.93;43.43;41.93;42.42;12249442
2017-07-20;44.0;44.36;41.09;41.48;11537194
2017-07-19;42.75;43.64;42.47;43.2;6505583
2017-07-18;43.97;44.37;42.33;42.68;7891178
2017-07-17;42.79;43.75;42.54;43.75;8651416
2017-07-14;41.62;42.28;41.53;42.22;4798904
2017-07-13;41.52;41.81;40.94;41.51;5254624
2017-07-12;41.0;41.64;41.0;41.48;6997630
2017-07-11;40.1;41.05;40.1;40.84;7253717
2017-07-10;39.99;40.14;39.48;40.1;4434764
2017-07-07;39.94;40.18;39.43;39.59;4073131
2017-07-06;39.82;40.15;39.41;39.95;5707381
2017-07-05;39.9;40.42;39.35;39.8;6288813
2017-07-04;39.33;40.33;39.23;39.91;7814103
2017-07-03;38.5;39.66;38.5;39.63;6372779
2017-06-30;38.36;38.82;37.88;38.45;5915824
2017-06-29;39.0;39.63;38.16;38.36;7899757
2017-06-28;38.58;39.0;37.88;39.0;6727570
2017-06-27;38.15;38.9;38.0;38.64;6375204
2017-06-26;37.98;38.48;37.92;37.94;6565132
2017-06-23;;37.9;37.9;37.9;0
2017-06-22;37.08;37.95;36.69;37.9;7420071
2017-06-21;36.65;37.48;36.23;37.23;8130234
2017-06-20;37.86;37.96;36.18;36.55;12402276
2017-06-19;36.82;37.85;36.8;37.78;6719745
2017-06-16;36.84;37.2;36.17;36.53;6671042
2017-06-15;38.05;38.05;36.48;36.79;10199464
2017-06-14;39.05;39.36;38.03;38.13;6657098
2017-06-13;38.3;39.17;38.26;38.93;6007319
2017-06-12;37.85;38.44;37.57;38.36;6535646
2017-06-09;36.61;38.02;36.57;37.89;10222519
2017-06-08;36.1;36.61;35.64;36.55;7500289
2017-06-07;35.3;36.57;35.27;36.1;7105580
2017-06-06;;35.37;35.37;35.37;0
2017-06-05;35.8;35.8;35.14;35.37;5449365
2017-06-02;35.75;36.03;35.3;35.78;9037982
2017-06-01;35.62;35.91;34.96;35.74;9795910
2017-05-31;36.37;36.44;35.26;35.47;8758762
2017-05-30;36.8;36.94;36.35;36.55;5357168
2017-05-29;36.9;37.04;36.67;36.85;2418942
2017-05-26;37.38;37.43;36.43;36.9;6990650
2017-05-24;37.0;37.48;36.59;37.38;4662971
2017-05-23;36.4;37.77;36.3;37.08;8048597
2017-05-22;36.04;36.66;35.96;36.66;8209435
2017-05-19;35.73;36.14;35.47;35.75;6106244
2017-05-18;35.62;35.99;34.53;35.46;9306343
2017-05-17;36.58;37.18;35.55;35.81;7725600
2017-05-16;36.78;37.09;36.39;36.77;4925755
2017-05-15;36.37;36.89;36.34;36.73;5706264
2017-05-12;37.08;36.32;36.32;36.32;7613825
2017-05-11;37.55;38.04;36.58;37.11;9122166
2017-05-10;37.78;37.92;36.95;37.3;5646179
2017-05-09;36.75;38.06;36.7;37.78;7575480
2017-05-08;37.24;37.46;36.04;36.7;5859944
2017-05-05;36.07;37.27;35.81;37.24;5570821
2017-05-04;36.81;36.84;35.96;36.2;6425626
2017-05-03;37.9;37.9;36.55;36.85;5452577
2017-05-02;38.77;38.91;37.56;38.01;5904041
2017-05-01;;38.62;38.62;38.62;0
2017-04-28;38.11;39.11;38.1;38.62;4795496
2017-04-27;39.78;39.78;38.15;38.15;7905014
2017-04-26;39.93;39.93;39.28;39.76;10358766
2017-04-25;39.0;40.32;38.68;40.1;9378525
2017-04-24;39.24;39.49;38.34;38.69;10408582
2017-04-21;39.0;39.06;37.84;38.3;14926512
2017-04-20;34.75;35.59;34.4;35.44;7454531
2017-04-19;33.4;35.16;33.36;34.9;8510742
2017-04-18;34.08;34.25;33.3;33.49;7663895
2017-04-13;34.44;34.57;33.94;34.25;3559576
2017-04-12;35.25;35.47;34.45;34.58;6987663
2017-04-11;36.14;36.38;35.03;35.23;5635255
2017-04-10;36.21;36.96;36.14;36.33;4137580
2017-04-07;36.01;36.4;35.76;36.25;5165244
2017-04-06;36.2;36.63;35.64;36.36;5352991
2017-04-05;36.07;37.38;36.0;36.46;5928350
2017-04-04;35.95;36.07;35.49;35.8;4094786
2017-04-03;35.47;36.51;35.47;35.96;5256020
2017-03-31;35.21;35.49;34.81;35.47;5194072
2017-03-30;35.11;35.46;34.61;35.42;5306521
2017-03-29;34.88;35.43;34.73;35.26;5649253
2017-03-28;34.35;34.83;33.99;34.83;4088010
2017-03-27;34.16;34.48;33.26;34.09;9369057
2017-03-24;36.05;36.26;35.33;35.46;4434232
2017-03-23;36.42;36.76;35.76;36.08;4927169
2017-03-22;36.14;36.47;35.17;36.28;5093281
2017-03-21;38.0;38.02;36.26;36.42;5454862
2017-03-20;37.99;38.02;37.49;37.84;2736334
2017-03-17;37.41;38.08;37.4;38.02;6489581
2017-03-16;36.92;38.27;36.91;37.4;7563302
2017-03-15;36.0;36.67;35.82;36.52;5510064
2017-03-14;36.28;36.58;35.11;35.72;5450801
2017-03-13;35.43;36.63;35.43;36.09;5892905
2017-03-10;35.17;35.05;35.05;35.05;5266136
2017-03-09;35.84;36.08;34.95;35.08;6853276
2017-03-08;35.72;36.65;35.38;35.99;5661263
2017-03-07;36.65;36.7;35.57;35.7;6002811
2017-03-06;36.34;36.63;35.92;36.48;4453628
2017-03-03;36.28;36.32;36.32;36.32;3838424
2017-03-02;37.5;37.79;36.14;36.41;5340914
2017-03-01;36.1;37.56;35.98;37.35;7415204
2017-02-28;36.4;36.54;35.51;35.73;6438586
2017-02-27;36.46;36.95;35.74;36.27;5909060
2017-02-24;36.8;36.9;35.45;36.4;7410471
2017-02-23;37.57;38.33;36.83;36.83;4461185
2017-02-22;37.94;38.33;37.38;37.69;4342929
2017-02-21;37.63;38.13;37.35;37.93;5117527
2017-02-20;37.79;37.93;37.02;37.31;3671827
2017-02-17;38.74;38.79;37.14;37.23;6485389
2017-02-16;39.06;39.22;37.92;38.43;7356930
2017-02-15;38.5;39.69;38.28;39.0;10702526
2017-02-14;40.18;40.67;39.12;39.69;5536845
2017-02-13;38.56;40.19;38.51;40.13;7212788
2017-02-10;37.56;38.58;37.55;38.36;6894283
2017-02-09;37.01;37.35;36.16;37.23;4777509
2017-02-08;37.77;38.14;36.13;36.95;5659197
2017-02-07;37.44;37.92;37.3;37.58;3531905
2017-02-06;37.85;37.96;37.26;37.38;3933057
2017-02-03;37.12;37.75;36.51;37.2;4088695
2017-02-02;36.77;37.85;36.63;37.18;5374559
2017-02-01;36.24;37.5;36.05;36.56;4814556
2017-01-31;35.92;36.88;35.44;35.94;5083367
2017-01-30;37.26;37.31;35.89;35.91;4452437
2017-01-27;36.1;37.4;36.08;37.18;5561287
2017-01-26;37.38;37.71;36.02;36.1;5718191
2017-01-25;36.61;37.42;36.11;37.14;7944209
2017-01-24;34.18;36.26;33.95;36.18;7348786
2017-01-23;34.0;34.99;33.88;33.95;3912042
2017-01-20;33.47;34.05;33.02;33.85;3560031
2017-01-19;34.08;34.73;33.47;33.53;4688760
2017-01-18;33.25;33.75;32.88;33.75;3784007
2017-01-17;34.19;34.19;33.26;33.32;4100420
2017-01-16;34.4;34.72;34.04;34.29;2946701
2017-01-13;33.7;34.77;33.6;34.57;4996795
2017-01-12;34.94;35.18;33.57;33.74;6095147
2017-01-11;34.32;35.25;34.05;35.0;6287753
2017-01-10;33.5;35.1;33.0;35.0;6250283
2017-01-09;34.57;35.25;33.5;33.92;5374574
2017-01-06;;34.6;34.6;34.6;0
2017-01-05;35.06;35.27;34.17;34.6;2228585
2017-01-04;35.71;36.1;34.45;34.97;4080753
2017-01-03;35.12;35.76;34.95;35.59;2925501
2017-01-02;34.58;35.18;34.32;35.0;1768125
2016-12-30;34.34;34.8;33.91;34.58;2966886
2016-12-29;35.36;35.51;34.3;34.37;3400450
2016-12-28;35.49;36.06;35.46;35.64;2533282
2016-12-27;36.0;36.0;35.14;35.49;1822525
2016-12-23;34.88;35.54;34.69;35.48;2662772
2016-12-22;35.94;35.94;34.89;35.03;3276916
2016-12-21;35.98;36.75;35.63;36.08;3827010
2016-12-20;36.4;36.43;35.35;35.98;7812091
2016-12-19;37.82;37.83;36.24;36.43;7412484
2016-12-16;37.5;38.42;37.48;37.9;7108765
2016-12-15;37.99;39.02;37.05;37.5;5683294
2016-12-14;38.15;38.6;37.1;37.87;6226623
2016-12-13;39.4;39.5;37.79;38.11;4929148
2016-12-12;38.03;40.3;38.03;39.28;6637360
2016-12-09;38.53;38.67;37.77;37.77;4084660
2016-12-08;38.34;38.84;38.17;38.59;4971781
2016-12-07;36.96;38.2;36.96;38.2;4945273
2016-12-06;37.14;37.39;36.68;36.81;4432933
2016-12-05;35.67;37.17;35.61;37.13;4631937
2016-12-02;36.49;36.49;35.22;35.68;4858241
2016-12-01;35.93;36.6;35.53;36.58;4730623
2016-11-30;34.92;35.77;34.8;35.65;4699926
2016-11-29;35.38;35.58;34.7;35.11;3703034
2016-11-28;36.0;36.31;35.23;35.44;3170369
2016-11-25;36.7;36.75;35.72;35.91;5588787
2016-11-24;37.15;37.5;36.68;37.25;4766194
2016-11-23;37.11;37.5;36.07;36.55;7545966
2016-11-22;34.55;36.49;34.54;36.42;7036178
2016-11-21;33.98;34.48;33.48;34.28;5780102
2016-11-18;33.07;33.8;32.76;33.68;6719131
2016-11-17;33.19;33.53;32.61;33.07;3805631
2016-11-16;33.5;34.5;32.79;32.95;6478371
2016-11-15;34.19;34.35;33.2;33.4;6441413
2016-11-14;33.11;34.69;32.8;34.52;14552353
2016-11-11;31.85;32.35;30.95;31.54;6298730
2016-11-10;31.18;32.75;31.15;31.65;11473226
2016-11-09;27.25;30.91;27.0;30.85;15146321
2016-11-08;28.51;28.6;27.86;28.35;5118513
2016-11-07;27.76;28.48;27.75;28.42;4584556
2016-11-04;28.42;28.46;27.74;27.74;2454581
2016-11-03;28.0;28.65;28.0;28.52;4348893
2016-11-02;28.15;28.43;27.66;28.16;3962249
2016-11-01;28.86;28.92;28.29;28.38;4656341
2016-10-31;28.67;29.07;28.27;28.63;7943961
2016-10-28;29.95;30.0;27.01;28.36;11322440
2016-10-27;28.94;29.43;28.51;29.04;5910623
2016-10-26;28.99;29.01;28.53;28.81;4841568
2016-10-25;29.46;29.9;28.92;28.97;6070941
2016-10-24;29.38;29.75;29.22;29.39;5479002
2016-10-21;28.47;29.27;28.4;29.23;4762222
2016-10-20;28.86;29.29;28.23;28.52;6475494
2016-10-19;28.58;29.07;28.36;28.92;7192266
2016-10-18;27.6;28.42;27.6;28.04;6176006
2016-10-17;27.61;27.67;27.24;27.41;4010676
2016-10-14;27.27;27.91;27.27;27.6;4949389
2016-10-13;27.61;27.73;26.96;27.14;8191144
2016-10-12;26.71;27.36;26.71;27.07;3982644
2016-10-11;27.18;27.45;26.65;26.71;4373771
2016-10-10;26.7;27.43;26.52;27.2;5901882
2016-10-07;25.7;26.75;25.65;26.63;9894196
2016-10-06;25.68;25.79;25.4;25.55;3808661
2016-10-05;25.48;25.75;25.25;25.7;4888913
2016-10-04;25.22;25.7;25.2;25.57;4830915
2016-10-03;25.08;25.54;25.02;25.28;4186507
2016-09-30;24.84;25.09;24.4;25.02;6216826
2016-09-29;24.33;25.34;24.3;25.12;7381214
2016-09-28;24.02;24.36;23.85;23.92;5326858
2016-09-27;24.4;24.48;23.61;23.94;5709159
2016-09-26;24.24;24.26;23.82;24.11;4141603
2016-09-23;24.32;24.6;24.23;24.34;3678693
2016-09-22;23.59;24.56;23.55;24.48;5727894
2016-09-21;23.33;23.59;23.2;23.36;4723937
2016-09-20;24.06;24.06;23.17;23.25;5807225
2016-09-19;23.75;24.48;23.65;24.01;7751904
2016-09-16;24.3;24.3;23.34;23.54;6748373
2016-09-15;23.97;24.24;23.65;24.22;7488170
2016-09-14;25.18;25.46;24.48;24.63;5068967
2016-09-13;26.03;26.08;25.08;25.08;4863940
2016-09-12;25.66;25.88;24.96;25.62;7528608
2016-09-09;26.43;27.02;26.27;26.48;4574978
2016-09-08;26.95;27.01;26.06;26.43;4646907
2016-09-07;26.66;27.07;26.62;26.9;2969931
2016-09-06;26.99;27.16;26.53;26.62;3662694
2016-09-05;26.2;26.99;26.13;26.78;7179440
2016-09-02;26.0;26.21;25.54;26.13;3667917
2016-09-01;25.5;26.09;25.47;25.81;3973448
2016-08-31;26.0;26.0;25.35;25.47;3330280
2016-08-30;26.25;26.48;26.0;26.09;3475735
2016-08-29;26.72;26.72;25.86;26.16;4514399
2016-08-26;26.28;26.9;26.17;26.73;3295971
2016-08-25;26.77;26.81;26.07;26.51;3461047
2016-08-24;26.79;27.23;26.56;26.92;4110949
2016-08-23;26.02;26.85;25.85;26.8;4960039
2016-08-22;26.05;26.18;25.64;26.02;4613459
2016-08-19;26.3;26.7;25.95;26.2;3587140
2016-08-18;25.74;26.33;25.74;26.16;3495526
2016-08-17;26.4;26.45;25.45;25.57;3512801
2016-08-16;26.2;26.6;25.96;26.32;3352729
2016-08-15;25.91;26.27;25.72;26.18;2225638
2016-08-12;26.1;26.39;25.85;25.91;2482300
2016-08-11;26.31;26.31;25.61;26.05;2565181
2016-08-10;26.44;26.7;25.95;26.11;2892434
2016-08-09;26.54;26.54;26.14;26.5;4675190
2016-08-08;25.82;26.77;25.82;26.5;3655591
2016-08-05;26.02;26.02;25.39;25.74;4320664
2016-08-04;25.09;26.08;25.09;25.73;4258382
2016-08-03;24.78;25.43;24.31;24.98;5085924
2016-08-02;26.05;26.05;24.51;24.71;8184492
2016-08-01;27.07;27.29;25.89;26.05;4648001
2016-07-29;27.09;27.43;26.68;26.91;3681234
2016-07-28;27.31;27.67;26.95;27.04;3358060
2016-07-27;27.65;27.96;27.31;27.34;4455826
2016-07-26;28.25;28.25;27.1;27.39;6816697
2016-07-25;28.37;29.19;28.08;28.38;8232225
2016-07-22;28.0;28.47;27.33;27.77;11524391
2016-07-21;26.6;26.79;25.3;25.47;6796883
2016-07-20;25.6;26.58;25.29;26.22;6886246
2016-07-19;25.8;25.85;24.74;25.24;5373107
2016-07-18;26.03;26.46;25.28;25.85;4380561
2016-07-15;26.05;26.22;25.23;26.09;4331722
2016-07-14;26.21;26.8;25.44;26.06;5916589
2016-07-13;25.0;26.74;24.84;25.98;12271734
2016-07-12;23.05;24.54;23.05;24.4;8788706
2016-07-11;22.19;23.24;22.0;23.01;5810147
2016-07-08;21.01;21.8;20.79;21.63;4707172
2016-07-07;20.9;21.71;20.88;21.01;4422570
2016-07-06;21.0;21.32;20.49;20.81;4520913
2016-07-05;22.3;22.4;21.11;21.25;5103771
2016-07-04;22.18;22.69;21.91;21.99;6007385
2016-07-01;19.85;22.2;19.62;22.03;10759206
2016-06-30;19.8;19.8;19.11;19.48;5174001
2016-06-29;18.94;19.56;18.74;19.34;5810755
2016-06-28;19.36;19.75;18.01;18.57;8126478
2016-06-27;19.9;20.09;18.85;18.88;8989176
2016-06-24;;21.24;21.24;21.24;0
2016-06-23;20.11;21.24;20.02;21.24;6574346
2016-06-22;20.26;20.64;19.91;20.1;4200111
2016-06-21;20.2;20.62;19.98;20.25;6111626
2016-06-20;20.46;20.46;19.87;20.27;3752285
2016-06-17;19.24;20.01;19.08;19.82;4957211
2016-06-16;19.84;19.96;18.9;19.06;5505858
2016-06-15;19.48;19.85;19.09;19.85;7202658
2016-06-14;20.3;20.34;19.31;19.31;7848062
2016-06-13;21.33;21.4;19.95;20.41;4936023
2016-06-10;22.32;22.39;21.13;21.56;4878037
2016-06-09;20.98;22.65;20.98;22.41;11460984
2016-06-08;20.69;20.84;19.85;20.78;9130286
2016-06-07;20.44;20.8;20.29;20.72;8954624
2016-06-06;;20.44;20.44;20.44;0
2016-06-03;20.74;20.94;20.39;20.44;4483639
2016-06-02;20.59;21.12;20.33;20.66;4830183
2016-06-01;21.8;21.8;20.31;20.57;4326521
2016-05-31;21.67;22.13;21.24;21.68;5054794
2016-05-30;21.2;22.81;21.07;21.28;7593552
2016-05-27;29.9;30.55;28.02;28.1;8802251
2016-05-26;29.64;31.36;29.5;30.56;5125807
2016-05-25;30.15;30.2;29.2;29.45;4030226
2016-05-24;29.59;30.47;29.19;29.75;5488279
2016-05-23;29.42;29.88;28.68;29.88;3650774
2016-05-20;29.6;29.85;29.12;29.42;3699751
2016-05-19;30.39;30.39;29.01;29.31;3725255
2016-05-18;30.91;30.91;29.96;30.49;2980714
2016-05-17;31.03;31.25;29.72;30.64;3194301
2016-05-16;29.07;30.98;29.01;30.69;3337176
2016-05-13;29.33;29.69;28.25;29.32;3864898
2016-05-12;29.55;29.88;28.62;28.8;4024357
2016-05-11;29.25;29.76;28.76;29.76;3364662
2016-05-10;29.54;30.04;28.79;29.05;3712237
2016-05-09;31.7;31.91;29.02;29.31;5364142
2016-05-06;30.73;32.22;30.2;31.51;4270035
2016-05-05;30.93;31.63;30.89;30.93;1908439
2016-05-04;30.93;31.63;30.89;30.93;1908439
2016-05-03;32.75;32.79;30.81;31.27;5025287
2016-05-02;33.49;33.8;32.5;32.83;2658113
2016-04-29;34.86;34.91;33.66;33.74;3718716
2016-04-28;34.7;35.2;34.09;35.14;3365600
2016-04-27;34.76;35.44;33.56;34.52;4400234
2016-04-26;35.0;35.6;33.86;34.24;4812468
2016-04-25;33.95;36.35;33.61;34.83;12062717
2016-04-22;31.5;33.48;29.86;33.31;11950638
2016-04-21;32.06;32.45;30.94;31.34;5101977
2016-04-20;31.05;32.02;30.73;32.02;5646920
2016-04-19;32.3;32.42;30.68;31.22;7228483
2016-04-18;31.75;32.66;31.18;32.1;3387918
2016-04-15;32.42;32.84;31.78;32.23;4426119
2016-04-14;33.18;33.45;32.2;32.67;5371954
2016-04-13;30.91;33.0;30.71;33.0;8920884
2016-04-12;30.5;31.3;29.9;30.4;3749306
2016-04-11;29.79;30.99;29.68;30.47;5342690
2016-04-08;28.4;29.49;27.94;29.49;3169306
2016-04-07;29.59;29.7;27.35;27.93;4931122
2016-04-06;29.23;29.58;28.83;29.33;3201552
2016-04-05;29.92;29.92;28.88;29.27;4214878
2016-04-04;29.8;30.59;29.6;30.2;4821108
2016-04-01;29.12;31.02;28.88;29.68;6596229
2016-03-31;29.19;29.26;28.7;29.26;3336418
2016-03-30;27.9;29.4;27.9;29.34;4944166
2016-03-29;27.7;28.29;27.4;27.72;4088129
2016-03-28;27.66;27.89;27.09;27.09;2003980
2016-03-25;27.66;27.89;27.09;27.09;2003980
2016-03-24;27.66;27.89;27.09;27.09;2003980
2016-03-23;28.04;28.44;27.72;27.93;3211748
2016-03-22;28.2;28.3;27.3;28.14;5530130
2016-03-21;28.38;28.69;27.87;28.32;4141644
2016-03-18;27.74;29.17;27.45;28.36;6156279
2016-03-17;26.88;27.69;26.2;27.61;5595006
2016-03-16;27.01;27.13;25.86;26.27;3778676
2016-03-15;28.0;28.24;26.85;26.9;4079874
2016-03-14;27.8;28.22;26.78;28.16;5651532
2016-03-11;26.92;27.75;26.4;27.55;4182600
2016-03-10;26.66;27.3;26.25;26.32;3710799
2016-03-09;26.71;26.95;25.5;26.8;4866301
2016-03-08;28.5;28.5;26.69;26.95;4430468
2016-03-07;28.5;29.0;27.25;28.39;7184547
2016-03-04;26.74;28.38;26.74;28.36;7491579
2016-03-03;26.0;27.27;25.87;26.47;6499357
2016-03-02;24.74;26.0;24.74;25.79;6173319
2016-03-01;23.32;24.48;23.26;24.41;4171831
2016-02-29;22.82;23.46;22.53;23.3;3498472
2016-02-26;22.22;22.92;22.14;22.76;3816066
2016-02-25;22.77;22.93;21.63;21.94;3599587
2016-02-24;23.04;23.36;22.06;22.45;4063538
2016-02-23;23.75;24.3;22.9;23.09;4603992
2016-02-22;21.5;24.15;21.5;23.84;8219340
2016-02-19;21.78;21.94;20.96;21.1;4823377
2016-02-18;22.1;22.18;20.95;21.52;8706169
2016-02-17;20.25;21.79;20.01;21.7;5788003
2016-02-16;22.55;22.72;19.52;20.11;8100080
2016-02-15;22.2;22.98;21.9;22.14;5446156
2016-02-12;19.82;22.5;19.49;21.68;13940297
2016-02-11;18.8;19.21;18.12;18.44;4640430
2016-02-10;19.0;19.47;18.52;18.88;7849812
2016-02-09;20.1;20.65;18.25;18.71;5558108
2016-02-08;21.6;22.45;20.02;20.12;4519472
2016-02-05;21.38;22.38;20.21;21.8;6578219
2016-02-04;19.85;22.02;19.6;21.73;6110998
2016-02-03;18.71;19.64;18.45;19.42;4822796
2016-02-02;19.95;20.1;18.72;18.81;3589089
2016-02-01;21.0;21.0;19.84;19.99;3040217
2016-01-29;21.0;21.31;19.85;20.56;5741187
2016-01-28;19.9;21.37;19.72;20.73;5743921
2016-01-27;20.43;20.68;19.52;19.84;3410383
2016-01-26;19.0;20.47;18.53;20.44;4648737
2016-01-25;19.5;19.52;18.72;18.82;3478513
2016-01-22;19.1;19.63;18.65;19.13;4116610
2016-01-21;17.83;18.62;17.24;18.52;4691457
2016-01-20;18.99;18.99;17.74;17.74;5087781
2016-01-19;19.49;19.96;19.09;19.22;4996784
2016-01-18;19.17;19.49;18.91;19.09;3371507
2016-01-15;20.36;20.46;19.15;19.17;3691319
2016-01-14;19.9;20.47;19.33;20.25;4450112
2016-01-13;20.1;20.59;19.59;19.86;3747047
2016-01-12;20.71;20.89;20.02;20.16;3661380
2016-01-11;20.71;21.25;20.2;20.42;3748869
2016-01-08;22.07;22.45;20.95;20.98;4831825
2016-01-07;21.83;22.37;21.2;21.88;6138575
2016-01-06;;22.46;22.46;22.46;0
2016-01-05;22.75;23.0;22.25;22.46;1472449
2016-01-04;22.04;23.12;21.59;22.44;4457321
2016-01-01;;22.61;22.61;22.61;0
2015-12-31;;22.61;22.61;22.61;0
2015-12-30;22.5;22.81;22.3;22.61;3369866
2015-12-29;22.2;22.72;21.52;22.51;6938357
2015-12-28;23.3;23.3;22.01;22.12;4596440
2015-12-25;20.44;23.42;20.3;22.72;9456584
2015-12-24;20.44;23.42;20.3;22.72;9456584
2015-12-23;20.44;23.42;20.3;22.72;9456584
2015-12-22;20.51;20.62;19.79;20.03;5962732
2015-12-21;20.52;21.33;20.06;20.14;6520688
2015-12-18;21.58;21.79;20.05;20.52;7238944
2015-12-17;22.57;22.74;21.23;21.83;5169575
2015-12-16;23.6;23.6;21.8;22.42;8102561
2015-12-15;24.47;25.1;24.24;24.87;4221495
2015-12-14;25.3;25.48;23.8;24.25;4691586
2015-12-11;25.8;26.15;25.08;25.16;3899937
2015-12-10;25.0;26.11;24.82;25.79;5675709
2015-12-09;24.34;25.02;23.28;24.69;5326155
2015-12-08;25.25;25.31;24.13;24.45;6098761
2015-12-07;26.3;26.44;25.31;25.34;4313767
2015-12-04;26.9;27.13;25.78;26.26;4276285
2015-12-03;27.56;27.79;26.78;26.78;5206074
2015-12-02;29.69;29.69;27.37;27.56;9465109
2015-12-01;30.23;30.55;29.67;29.76;3871360
2015-11-30;30.2;30.44;29.89;30.17;3591780
2015-11-27;30.54;30.83;29.8;30.2;2046464
2015-11-26;29.67;30.66;29.67;30.6;3151290
2015-11-25;29.9;30.0;29.26;29.67;2457207
2015-11-24;30.2;30.5;29.57;29.73;3684756
2015-11-23;30.52;30.61;29.78;30.25;4366446
2015-11-20;30.61;31.12;30.05;30.51;4677827
2015-11-19;30.99;31.55;30.22;30.36;4073479
2015-11-18;29.36;30.78;29.23;30.43;3182847
2015-11-17;29.61;29.95;29.15;29.56;2856629
2015-11-16;29.25;29.99;29.0;29.3;2703758
2015-11-13;29.88;30.33;28.98;29.45;3044839
2015-11-12;31.05;31.25;29.65;29.88;3660339
2015-11-11;30.97;31.82;30.86;31.03;2540309
2015-11-10;31.95;32.15;30.56;30.89;4244827
2015-11-09;31.42;32.89;31.41;31.72;3959651
2015-11-06;31.85;32.15;31.2;31.42;3856078
2015-11-05;33.0;33.0;31.4;31.81;3938594
2015-11-04;33.0;33.74;32.62;32.82;3449700
2015-11-03;32.0;33.28;32.0;33.24;4703430
2015-11-02;30.6;31.8;30.33;31.74;3697829
2015-10-30;31.13;31.31;30.71;30.91;1573205
2015-10-29;32.37;32.39;30.54;31.06;3750974
2015-10-28;31.48;32.25;30.87;32.2;3304892
2015-10-27;31.86;32.18;31.1;31.48;3455614
2015-10-26;32.09;32.6;31.49;31.86;4870010
2015-10-23;32.2;32.98;31.63;32.92;4211481
2015-10-22;32.19;33.13;29.85;32.13;10481342
2015-10-21;34.01;34.58;32.98;34.58;4285091
2015-10-20;34.72;34.8;33.27;34.0;3452438
2015-10-19;36.0;36.15;34.56;34.73;3946886
2015-10-16;36.78;37.23;35.9;36.36;3408169
2015-10-15;36.3;36.81;35.52;36.53;4028934
2015-10-14;35.5;37.1;35.05;36.35;4316000
2015-10-13;36.8;37.0;34.82;35.83;4789177
2015-10-12;37.76;38.93;36.24;36.8;7834924
2015-10-09;35.7;37.62;35.57;37.5;7586971
2015-10-08;34.17;35.49;33.89;35.34;4897502
2015-10-07;33.57;35.0;33.4;34.19;6678900
2015-10-06;33.95;33.97;32.66;33.34;5575927
2015-10-05;30.83;34.23;30.83;34.23;7744918
2015-10-02;28.05;30.12;28.01;30.07;6008317
2015-10-01;29.1;29.54;27.67;27.78;3969451
2015-09-30;27.71;28.66;27.45;28.66;5294982
2015-09-29;25.85;27.17;25.43;27.05;7503809
2015-09-28;27.9;27.9;26.02;26.02;4993047
2015-09-25;28.15;28.25;27.74;27.91;6887346
2015-09-24;28.38;28.68;27.55;27.55;6386809
2015-09-23;29.1;29.26;28.24;28.47;5494664
2015-09-22;30.2;30.25;29.05;29.13;7502735
2015-09-21;31.08;31.47;30.57;30.57;4014049
2015-09-18;32.1;32.15;31.17;31.27;3155703
2015-09-17;32.47;32.53;31.7;32.22;3918533
2015-09-16;32.62;32.77;31.76;32.35;3488128
2015-09-15;32.29;32.53;31.23;32.34;3651932
2015-09-14;32.9;33.16;31.84;32.31;3732698
2015-09-11;33.24;33.46;32.86;32.96;2828087
2015-09-10;34.09;34.09;32.87;32.99;4571609
2015-09-09;34.3;34.78;34.01;34.37;4677681
2015-09-08;33.95;34.06;33.27;33.6;3478814
2015-09-07;33.69;33.97;33.3;33.36;2475604
2015-09-04;34.4;34.4;33.28;33.29;4214152
2015-09-03;34.2;34.96;33.7;34.81;4332878
2015-09-02;34.33;34.79;33.62;33.83;4179901
2015-09-01;34.99;35.24;33.81;34.16;4144597
2015-08-31;36.0;36.0;35.05;35.56;2671867
2015-08-28;35.13;36.66;35.13;36.3;6320032
2015-08-27;34.1;35.16;33.77;34.93;5391831
2015-08-26;34.0;34.48;33.2;33.26;3931524
2015-08-25;33.83;34.91;33.72;34.54;6666450
2015-08-24;34.99;35.13;32.64;33.55;8197775
2015-08-21;37.21;37.42;36.22;36.22;4364732
2015-08-20;37.6;37.95;37.19;37.47;4265582
2015-08-19;38.76;38.79;37.66;37.77;3724027
2015-08-18;39.56;39.67;38.71;38.92;4038609
2015-08-17;40.08;40.12;39.28;39.56;2438065
2015-08-14;40.16;40.35;39.54;39.67;3043770
2015-08-13;40.91;40.91;39.86;39.99;2416990
2015-08-12;40.96;41.01;39.83;40.03;3552175
2015-08-11;42.83;42.98;41.27;41.37;3585458
2015-08-10;42.33;43.16;41.79;42.97;2785215
2015-08-07;42.25;42.74;42.02;42.26;2209371
2015-08-06;42.63;42.75;41.57;42.25;2223538
2015-08-05;40.37;42.75;40.37;42.62;6244059
2015-08-04;40.1;40.62;40.02;40.16;2438037
2015-08-03;41.19;41.19;39.84;40.19;4091291
2015-07-31;41.35;41.4;40.53;41.1;2260642
2015-07-30;40.9;41.52;40.68;41.31;2863591
2015-07-29;41.06;41.29;39.77;40.77;4169907
2015-07-28;39.73;40.84;39.68;40.67;3368975
2015-07-27;40.75;40.75;39.53;39.61;3318778
2015-07-24;40.73;41.15;40.42;40.58;3624273
2015-07-23;41.65;41.65;40.37;40.63;4237423
2015-07-22;40.5;42.0;40.28;41.15;7568284
2015-07-21;43.43;43.74;43.2;43.28;3338063
2015-07-20;43.49;43.5;43.02;43.41;2358276
2015-07-17;43.42;43.46;42.8;42.96;2155843
2015-07-16;42.67;43.43;42.51;43.1;2402082
2015-07-15;43.77;43.83;42.09;42.4;2460441
2015-07-14;43.63;43.96;43.45;43.72;1706496
2015-07-13;43.19;44.13;42.92;43.51;2812802
2015-07-10;42.74;43.65;42.45;42.93;3363338
2015-07-09;41.39;42.16;41.23;41.9;2265965
2015-07-08;40.65;41.58;40.58;41.12;2531295
2015-07-07;42.75;42.94;40.55;40.63;4075293
2015-07-06;42.62;42.73;41.55;41.73;3036691
2015-07-03;43.95;44.05;43.04;43.3;2425695
2015-07-02;43.95;44.81;43.75;43.96;2206254
2015-07-01;43.75;44.65;43.4;44.05;2518697
2015-06-30;44.3;44.38;43.31;43.31;4195110
2015-06-29;44.61;45.7;44.4;44.4;3596694
2015-06-26;45.85;47.01;45.61;46.3;2317599
2015-06-25;46.4;47.16;46.02;46.3;1907122
2015-06-24;46.41;47.38;46.24;46.62;2963271
2015-06-23;46.33;46.97;45.98;46.24;5224375
2015-06-22;46.64;46.64;45.67;46.03;2622854
2015-06-19;;45.9;45.9;45.9;0
2015-06-18;46.5;46.9;45.53;45.9;4180639
2015-06-17;47.94;47.94;46.68;46.68;3435515
2015-06-16;45.95;47.9;44.65;47.81;5188242
2015-06-15;47.0;47.18;45.82;45.96;3341584
2015-06-12;48.0;48.3;47.22;47.42;2092487
2015-06-11;48.63;49.23;47.3;47.74;2888002
2015-06-10;47.64;49.04;47.62;48.62;2308393
2015-06-09;47.84;48.12;47.0;47.73;2351005
2015-06-08;48.79;48.99;47.97;47.97;1980122
2015-06-05;49.12;49.61;48.6;48.79;3127472
2015-06-04;50.7;50.7;49.06;49.13;2494003
2015-06-03;49.36;50.9;49.36;50.75;4715814
2015-06-02;47.98;49.15;47.6;48.97;2692602
2015-06-01;48.27;48.49;47.43;47.77;2386150
2015-05-29;49.38;49.42;48.19;48.19;2758948
2015-05-28;49.57;49.6;48.95;49.33;2462764
2015-05-27;49.5;49.87;49.2;49.74;2629704
2015-05-26;50.25;50.7;49.26;49.43;2697553
2015-05-25;50.2;50.6;49.72;50.2;2184204
2015-05-22;49.76;49.97;48.71;48.83;3251089
2015-05-21;50.4;51.25;49.4;49.68;4129102
2015-05-20;50.8;50.9;50.25;50.55;3062821
2015-05-19;51.85;52.05;50.55;50.75;3123599
2015-05-18;52.65;52.95;51.45;51.65;2943250
2015-05-15;51.55;54.3;51.25;52.75;4736449
2015-05-14;50.2;51.5;50.05;51.5;1647549
2015-05-13;50.2;51.5;50.05;51.5;1647549
2015-05-12;50.05;50.65;49.15;50.2;3733857
2015-05-11;50.1;51.25;50.05;50.55;3016359
2015-05-08;50.75;51.1;49.62;50.0;3794606
2015-05-07;51.45;51.45;48.95;50.65;4137628
2015-05-06;52.0;52.75;51.05;51.7;3402650
2015-05-05;51.5;52.8;51.15;51.9;5233125
2015-05-04;50.55;51.9;50.5;51.55;2681206
2015-05-01;49.99;50.65;49.37;50.5;2893802
2015-04-30;49.99;50.65;49.37;50.5;2893802
2015-04-29;52.0;52.4;49.42;49.99;7238618
2015-04-28;51.0;52.25;50.2;51.8;8916136
2015-04-27;51.5;52.9;50.8;51.5;13755381
2015-04-24;45.61;47.78;45.57;47.6;7539948
2015-04-23;44.21;45.66;43.4;45.55;4703611
2015-04-22;44.81;44.9;43.61;44.09;3364285
2015-04-21;45.41;45.64;44.08;44.71;3062957
2015-04-20;45.0;45.76;44.93;45.25;2791289
2015-04-17;46.28;46.35;44.61;44.81;4744702
2015-04-16;47.27;47.72;46.25;46.32;4162775
2015-04-15;45.29;47.69;45.21;47.27;6054003
2015-04-14;44.52;45.37;44.5;45.29;2671170
2015-04-13;45.24;45.37;44.43;44.5;3052405
2015-04-10;45.65;45.72;45.0;45.16;2085594
2015-04-09;44.92;45.53;44.3;45.46;3366305
2015-04-08;44.44;45.54;44.22;44.65;4049251
2015-04-07;43.5;44.22;43.11;44.22;2633940
2015-04-02;42.6;42.97;42.45;42.92;543370
2015-04-01;42.4;42.86;42.15;42.7;1864725
2015-03-31;42.88;43.09;42.41;42.44;1973810
2015-03-30;42.32;43.13;42.3;42.83;2370992
2015-03-27;43.53;43.53;41.9;42.29;4384132
2015-03-26;44.0;44.47;43.11;43.41;3573793
2015-03-25;43.77;44.47;43.7;44.14;5439838
2015-03-24;43.9;44.31;43.3;43.76;3367633
2015-03-23;45.0;45.03;43.66;43.92;4610925
2015-03-20;44.82;45.41;44.1;45.01;4891418
2015-03-19;46.15;46.72;44.71;44.88;3993297
2015-03-18;45.0;46.35;45.0;45.77;4959604
2015-03-17;45.01;45.29;44.24;44.45;2356796
2015-03-16;44.92;45.3;44.65;44.93;2422820
2015-03-13;45.23;45.48;44.65;44.8;2561730
2015-03-12;45.0;45.8;44.93;44.98;2830917
2015-03-11;44.5;45.2;44.3;44.93;2844503
2015-03-10;46.06;46.23;44.36;44.45;4946675
2015-03-09;46.81;46.85;45.45;46.06;3514076
2015-03-06;45.9;47.17;45.58;46.82;4671231
2015-03-05;44.66;45.91;44.49;45.65;4266589
2015-03-04;46.35;46.4;43.66;44.25;8673442
2015-03-03;47.53;47.53;45.54;46.46;5091077
2015-03-02;49.5;49.68;47.22;47.4;4927059
2015-02-27;49.75;49.97;48.85;49.41;2621021
2015-02-26;49.83;50.2;49.66;49.89;2028540
2015-02-25;50.45;50.45;49.5;49.86;3338974
2015-02-24;50.15;50.6;49.54;50.45;2792020
2015-02-23;50.45;50.5;49.63;49.96;2468237
2015-02-20;50.0;50.15;49.29;49.9;3565758
2015-02-19;50.5;50.9;49.56;50.0;5180739
2015-02-18;49.7;50.4;49.37;50.4;5113333
2015-02-17;48.9;49.75;47.75;49.34;5399556
2015-02-16;47.24;48.75;47.24;48.66;5232443
2015-02-13;45.14;47.21;45.14;47.21;6292522
2015-02-12;42.87;44.99;42.87;44.84;7190707
2015-02-11;43.37;43.9;42.59;42.84;4331728
2015-02-10;43.5;44.4;42.43;43.65;5971916
2015-02-09;44.37;44.56;43.18;44.51;3995057
2015-02-06;43.0;44.6;42.95;44.36;6080835
2015-02-05;39.8;42.95;39.61;42.94;8565355
2015-02-04;41.15;41.37;39.58;39.77;4696196
2015-02-03;40.63;41.49;40.26;41.06;3810074
2015-02-02;40.47;41.0;39.84;40.72;3961246
2015-01-30;38.8;40.7;38.78;40.26;5160485
2015-01-29;39.3;39.58;38.64;38.75;4181271
2015-01-28;40.07;40.07;39.1;39.31;4287514
2015-01-27;40.63;41.01;39.47;39.74;5351298
2015-01-26;40.28;40.68;39.87;40.46;3954041
2015-01-23;41.12;41.37;40.32;40.72;4274979
2015-01-22;41.8;41.94;40.68;40.87;4932231
2015-01-21;41.25;41.67;39.85;41.6;4090187
2015-01-20;38.9;41.8;38.0;41.24;9859384
2015-01-19;39.88;39.89;39.01;39.68;2611060
2015-01-16;39.17;39.75;38.28;39.7;5070795
2015-01-15;40.69;40.95;38.95;39.06;7596396
2015-01-14;42.46;42.5;40.04;40.26;7042080
2015-01-13;43.51;43.84;42.62;42.69;4360040
2015-01-12;42.55;44.08;42.25;43.43;3916624
2015-01-09;42.9;42.97;41.91;42.1;2823697
2015-01-08;42.92;43.14;41.97;42.92;3158213
2015-01-07;43.7;43.7;42.1;42.14;4460729
2015-01-06;;44.3;44.3;44.3;0
2015-01-05;45.35;45.63;44.2;44.3;1926702
2015-01-02;46.11;46.33;45.3;45.46;2103232
2015-01-01;45.48;45.88;45.09;45.62;5277691
2014-12-30;45.48;45.88;45.09;45.62;5277691
2014-12-29;45.95;46.37;45.03;45.61;2666483
2014-12-23;43.35;46.04;43.04;45.76;5594367
2014-12-22;43.29;44.25;43.14;43.33;3579646
2014-12-19;43.85;43.85;42.38;43.28;9987413
2014-12-18;43.56;44.05;43.15;43.29;5582796
2014-12-17;42.22;43.06;42.0;42.92;5173713
2014-12-16;42.97;43.12;41.56;42.61;5466907
2014-12-15;43.58;44.33;43.03;43.03;3671254
2014-12-12;44.56;44.66;43.15;43.9;4370132
2014-12-11;45.9;45.9;44.51;44.66;9321813
2014-12-10;47.5;47.89;46.63;46.83;2741997
2014-12-09;48.0;48.28;47.03;47.34;4027908
2014-12-08;50.05;50.05;48.53;48.56;3020164
2014-12-05;49.75;50.3;49.5;50.15;2658923
2014-12-04;50.1;50.85;49.39;49.39;2641959
2014-12-03;49.94;50.15;49.57;49.91;3591625
2014-12-02;51.2;51.5;49.35;49.95;3922766
2014-12-01;52.5;52.7;50.6;51.05;3767568
2014-11-28;53.55;54.0;52.55;52.9;3427253
2014-11-27;53.35;54.25;53.1;53.3;2103489
2014-11-26;53.7;54.4;53.3;53.5;1803012
2014-11-25;52.55;53.85;52.15;53.45;3160039
2014-11-24;51.4;52.65;51.3;52.55;3743472
2014-11-21;50.6;51.85;50.6;51.45;2938415
2014-11-20;51.25;51.25;50.2;50.6;1412095
2014-11-19;51.7;51.7;50.9;51.0;2012886
2014-11-18;51.55;51.8;51.15;51.55;1399696
2014-11-17;50.8;51.7;50.8;51.4;2094261
2014-11-14;51.25;51.3;50.75;50.9;2577320
2014-11-13;49.32;51.25;49.27;50.9;3723679
2014-11-12;50.1;50.2;49.1;49.12;2848809
2014-11-11;50.35;50.5;49.26;50.05;2681098
2014-11-10;50.55;51.3;50.05;50.35;1797087
2014-11-07;50.85;51.2;50.1;50.45;3447304
2014-11-06;51.05;51.45;50.6;50.75;2019926
2014-11-05;51.2;51.55;50.4;51.25;2991933
2014-11-04;52.4;52.9;50.9;51.0;2500451
2014-11-03;53.6;53.75;52.1;52.25;1916866
2014-10-31;53.7;53.75;52.85;53.55;1139563
2014-10-30;54.0;54.2;52.25;52.9;3135925
2014-10-29;54.25;54.95;53.15;53.85;4043911
2014-10-28;51.7;53.5;51.3;53.35;4015685
2014-10-24;51.0;51.2;50.05;50.55;2566737
2014-10-23;50.4;51.05;49.45;50.9;2160843
2014-10-22;51.45;51.45;50.4;50.75;2620724
2014-10-21;49.29;51.1;48.92;51.0;3658258
2014-10-20;49.89;49.89;48.33;49.45;4116252
2014-10-17;48.25;49.75;47.76;49.7;2979549
2014-10-16;47.95;48.75;45.83;48.13;5481730
2014-10-15;49.7;50.15;47.55;47.73;4437661
2014-10-14;48.98;50.2;48.5;49.36;3000593
2014-10-13;48.3;50.5;48.2;49.26;2706598
2014-10-10;49.27;49.59;48.36;48.82;5617265
2014-10-09;52.4;52.5;49.73;50.05;4902860
2014-10-08;52.5;52.9;51.3;51.65;3682969
2014-10-07;54.6;54.75;52.75;52.8;3422768
2014-10-06;56.8;56.9;54.65;54.7;3755696
2014-10-03;55.8;56.75;55.6;56.5;3110728
2014-10-02;58.2;58.25;55.15;55.25;5117111
2014-10-01;61.8;62.6;58.1;58.35;7267728
2014-09-30;61.65;62.1;61.0;61.95;1513858
2014-09-29;61.8;62.0;61.25;61.55;2034357
2014-09-26;61.35;62.15;60.8;61.8;2601269
2014-09-25;61.85;62.15;61.3;61.5;2433568
2014-09-24;62.0;62.0;61.1;61.5;2011654
2014-09-23;63.45;63.5;61.6;61.65;1938516
2014-09-22;64.5;64.55;63.4;63.55;1318049
2014-09-19;65.85;65.85;64.5;64.7;1996625
2014-09-18;64.2;66.05;64.0;65.25;3415772
2014-09-17;62.4;64.45;62.3;63.85;4128757
2014-09-16;61.95;62.2;61.5;61.9;1433294
2014-09-15;61.65;62.45;61.55;62.1;989317
2014-09-12;61.6;62.45;61.5;61.95;1243276
2014-09-11;62.15;62.15;61.2;61.5;1778057
2014-09-10;62.3;62.45;61.2;61.7;2216423
2014-09-09;63.95;64.0;62.7;63.1;1479763
2014-09-08;63.65;64.2;63.15;64.05;1020300
2014-09-05;64.2;64.2;63.4;63.8;1015731
2014-09-04;64.0;64.45;63.3;64.15;1509905
2014-09-03;64.0;64.35;63.2;64.0;1691579
2014-09-02;64.3;64.4;63.55;63.75;1107829
2014-09-01;64.65;64.95;63.8;63.95;1126134
2014-08-29;65.35;65.45;63.95;64.65;1576564
2014-08-28;65.3;66.05;65.0;65.2;3275814
2014-08-27;63.8;66.1;63.75;65.9;3469385
2014-08-26;64.15;64.2;63.45;63.75;1787327
2014-08-25;64.05;64.15;63.4;63.95;1084252
2014-08-22;63.7;63.9;63.15;63.5;2271005
2014-08-21;64.3;64.85;63.4;63.8;2089995
2014-08-20;64.35;64.9;63.25;64.35;2597308
2014-08-19;64.1;65.15;63.9;64.35;2818379
2014-08-18;62.8;63.75;62.55;63.75;1680789
2014-08-15;63.35;63.45;61.85;62.05;2253691
2014-08-14;63.9;64.05;62.9;63.2;1408059
2014-08-13;64.1;64.5;63.35;64.0;1594404
2014-08-12;65.4;65.4;63.45;63.9;2189733
2014-08-11;64.4;65.35;64.25;65.35;2787606
2014-08-08;62.65;63.7;62.25;63.5;2540337
2014-08-07;63.75;64.8;63.05;63.45;3539394
2014-08-06;65.5;65.6;63.1;63.6;4287678
2014-08-05;67.8;67.8;65.6;65.8;1431559
2014-08-04;66.15;67.75;65.95;67.25;2923561
2014-08-01;66.65;66.8;65.4;65.8;2678119
2014-07-31;68.85;68.95;66.5;66.95;2605633
2014-07-30;69.2;69.35;68.2;68.8;1391989
2014-07-29;69.75;70.15;68.9;69.15;1091779
2014-07-28;70.05;70.45;69.15;69.75;1381951
2014-07-25;70.7;71.4;69.65;70.0;1892346
2014-07-24;69.95;71.8;69.75;70.8;4009494
2014-07-23;68.0;69.65;64.7;69.35;4950939
2014-07-22;66.75;68.0;66.75;67.9;1967215
2014-07-21;66.4;66.6;65.6;66.4;1506114
2014-07-18;65.8;66.25;65.25;66.05;1219682
2014-07-17;67.1;67.75;65.85;66.0;1649102
2014-07-16;65.4;67.5;65.25;67.05;2337260
2014-07-15;65.5;66.5;64.8;65.3;2046618
2014-07-14;63.65;64.95;63.35;64.85;1102420
2014-07-11;63.55;64.2;63.05;63.25;1337828
2014-07-10;65.05;65.3;63.0;63.65;2319822
2014-07-09;64.95;65.5;64.95;65.05;1004130
2014-07-08;65.4;65.55;64.7;64.75;1225560
2014-07-07;65.45;65.5;64.85;65.25;879921
2014-07-04;66.25;66.65;65.2;65.2;1206000
2014-07-03;63.8;66.2;63.6;66.1;3017652
2014-07-02;63.15;63.6;62.9;63.6;932776
2014-07-01;62.2;63.5;62.2;63.2;1658831
2014-06-30;62.25;62.85;62.05;62.15;1212594
2014-06-27;61.75;62.7;61.65;62.25;1147494
2014-06-26;61.75;62.35;61.2;61.6;1030425
2014-06-25;62.4;62.8;61.3;61.55;2344935
2014-06-24;62.6;62.95;62.25;62.7;2167514
2014-06-23;61.6;62.9;61.6;62.6;1162302
2014-06-20;;61.7;61.7;61.7;0
2014-06-19;62.2;62.55;61.5;61.7;1954853
2014-06-18;61.15;62.4;61.05;61.5;1794071
2014-06-17;60.6;60.75;59.85;60.65;1300994
2014-06-16;61.0;61.65;60.35;60.55;1593333
2014-06-13;61.2;61.5;60.7;61.45;1752699
2014-06-12;61.85;62.05;60.75;61.05;1839848
2014-06-11;62.8;62.8;61.65;61.7;1770064
2014-06-10;63.15;63.35;62.75;62.85;2016052
2014-06-09;63.2;63.55;62.85;63.25;2020657
2014-06-06;;62.85;62.85;62.85;0
2014-06-05;62.6;63.65;62.2;62.85;1471831
2014-06-04;62.5;62.95;61.85;62.65;1439777
2014-06-03;63.35;63.45;61.95;62.75;2291049
2014-06-02;64.5;64.6;63.15;63.5;1749574
2014-05-30;64.95;65.1;64.1;64.1;1661562
2014-05-28;64.85;64.95;63.85;64.9;1053347
2014-05-27;64.85;65.15;63.75;64.55;2871887
2014-05-26;63.15;63.65;62.85;63.35;1614533
2014-05-23;62.75;63.2;61.7;62.5;2915901
2014-05-22;61.6;62.85;60.55;62.5;5969251
2014-05-21;57.6;58.3;57.3;58.25;1565307
2014-05-20;57.75;58.05;57.65;57.9;2428675
2014-05-19;57.85;58.2;57.85;57.95;1706410
2014-05-16;58.05;58.2;57.4;57.85;1213931
2014-05-15;58.3;59.2;57.7;58.05;2410667
2014-05-14;58.9;59.1;58.05;58.3;2660862
2014-05-13;56.95;59.65;56.95;58.75;6578617
2014-05-12;56.1;56.55;56.0;56.3;1518494
2014-05-09;56.2;56.3;55.4;55.8;1448035
2014-05-08;55.65;56.25;55.45;56.05;1703840
2014-05-07;55.45;55.85;55.0;55.3;2226299
2014-05-06;55.65;56.1;55.25;55.85;1900571
2014-05-05;55.8;56.3;54.85;55.3;2185815
2014-05-02;56.5;56.6;55.7;55.8;1912685
2014-05-01;;56.45;56.45;56.45;0
2014-04-30;56.1;56.9;55.85;56.45;1329022
2014-04-29;55.75;56.55;55.7;56.1;4827679
2014-04-28;53.6;56.65;53.5;55.45;6097101
2014-04-25;53.4;54.75;52.5;53.45;7365223
2014-04-24;51.2;51.7;50.85;51.1;1188104
2014-04-23;50.75;51.1;50.45;50.95;1021766
2014-04-22;50.2;50.9;50.2;50.65;1468564
2014-04-17;50.3;50.5;49.62;49.9;704327
2014-04-16;50.1;50.6;49.71;50.4;1521275
2014-04-15;51.65;51.75;49.16;49.41;2433656
2014-04-14;50.55;51.5;50.45;51.5;1302418
2014-04-11;50.65;51.1;49.9;50.95;2440172
2014-04-10;51.75;52.05;50.95;51.0;1426866
2014-04-09;51.55;51.95;51.45;51.7;1283573
2014-04-08;51.0;51.5;50.65;51.45;1520372
2014-04-07;50.85;51.2;50.35;51.05;1555118
2014-04-04;51.0;51.7;51.0;51.25;1925100
2014-04-03;50.95;51.3;50.45;51.15;1618291
2014-04-02;50.75;51.0;50.4;51.0;1103647
2014-04-01;50.0;51.15;50.0;50.65;2358031
2014-03-31;49.48;49.97;49.45;49.96;2125710
2014-03-28;49.06;49.6;48.67;49.2;2111108
2014-03-27;48.6;49.08;48.24;48.98;1713543
2014-03-26;48.54;49.49;48.54;48.69;2406785
2014-03-25;47.71;48.44;47.61;48.26;2245138
2014-03-24;48.28;48.42;47.24;47.46;4200606
2014-03-21;48.43;49.1;48.12;48.3;4980250
2014-03-20;48.0;48.46;47.56;48.43;1647964
2014-03-19;48.54;48.92;48.09;48.3;1782185
2014-03-18;48.18;48.75;47.66;48.39;2327768
2014-03-17;47.71;48.29;47.44;48.11;2491667
2014-03-14;46.89;47.87;46.65;47.68;3917276
2014-03-13;48.03;48.32;47.14;47.33;2528843
2014-03-12;48.81;48.81;47.68;47.82;2240207
2014-03-11;48.47;49.29;48.05;48.91;3349307
2014-03-10;48.98;49.22;48.05;48.35;2763971
2014-03-07;49.82;49.95;48.83;48.93;2174138
2014-03-06;49.55;50.15;49.48;49.74;2172338
2014-03-05;49.18;50.2;49.14;49.45;2608033
2014-03-04;48.61;49.5;48.61;49.15;3240794
2014-03-03;49.7;49.75;48.37;48.51;4489173
2014-02-28;50.55;50.65;50.2;50.6;1576792
2014-02-27;51.05;51.1;50.4;50.55;1449524
2014-02-26;51.2;51.35;50.6;51.05;1367481
2014-02-25;51.1;51.35;50.75;51.15;1795300
2014-02-24;51.2;51.35;50.65;51.3;1968387
2014-02-21;51.15;51.6;51.0;51.1;1635692
2014-02-20;50.75;51.2;50.65;51.0;1288638
2014-02-19;51.25;51.5;50.75;51.35;2074973
2014-02-18;52.1;52.25;50.75;51.25;4811993
2014-02-17;51.8;52.75;51.2;52.1;2951620
2014-02-14;51.2;51.45;50.6;50.7;2112879
2014-02-13;51.1;51.35;50.55;51.15;1701190
2014-02-12;51.65;51.85;51.1;51.2;1793738
2014-02-11;51.6;52.1;51.25;51.5;2731775
2014-02-10;51.5;51.8;50.7;51.5;1960868
2014-02-07;52.05;53.4;51.2;51.65;6051717
2014-02-06;51.35;53.0;51.35;53.0;3168939
2014-02-05;51.35;51.5;50.85;51.35;2654125
2014-02-04;50.8;51.3;50.15;51.1;2095770
2014-02-03;52.1;52.65;50.85;51.05;2718291
2014-01-31;52.65;52.85;51.35;52.3;2032959
2014-01-30;52.25;53.1;51.75;52.75;2178967
2014-01-29;53.65;53.75;51.55;52.4;2918128
2014-01-28;53.75;54.1;52.5;53.15;3144997
2014-01-27;53.3;53.4;51.9;53.0;3188149
2014-01-24;53.8;54.45;53.25;53.3;4032477
2014-01-23;54.45;54.9;53.0;53.8;6886461
2014-01-22;52.75;56.3;52.1;54.35;22989336
2014-01-21;49.6;49.63;48.23;48.47;3907420
2014-01-20;49.98;49.98;49.17;49.37;2345587
2014-01-17;49.87;50.45;49.86;50.1;2797332
2014-01-16;50.2;50.45;49.76;49.98;3108151
2014-01-15;50.6;50.65;49.91;50.15;2872557
2014-01-14;49.62;50.3;49.02;50.25;3362027
2014-01-13;50.1;50.4;49.72;50.1;3171765
2014-01-10;49.0;50.3;48.83;49.92;4000728
2014-01-09;48.6;49.35;48.0;48.95;3137298
2014-01-08;49.0;49.41;48.55;48.71;2079973
2014-01-07;49.3;49.42;48.76;48.8;2285039
2014-01-06;;49.15;49.15;49.15;0
2014-01-03;49.4;49.62;49.08;49.15;2288646
2014-01-02;49.4;49.83;48.73;49.41;2898725
2013-12-31;;49.3;49.3;49.3;0
2013-12-30;48.65;49.74;48.65;49.3;4008310
2013-12-27;47.8;48.58;47.8;48.46;2175560
2013-12-23;47.01;48.0;47.01;47.44;2703285
2013-12-20;46.35;47.18;46.3;46.91;3587473
2013-12-19;46.0;46.35;45.55;46.32;2832503
2013-12-18;44.69;45.52;44.69;45.47;1521993
2013-12-17;44.46;45.68;44.4;44.63;2054826
2013-12-16;44.3;44.52;43.96;44.5;1837412
2013-12-13;44.18;44.73;44.14;44.21;1065191
2013-12-12;44.6;44.66;43.83;44.31;1767010
2013-12-11;45.25;45.48;44.75;44.93;1205668
2013-12-10;45.68;45.78;45.0;45.28;1788299
2013-12-09;46.06;46.15;45.51;45.91;1136979
2013-12-06;45.89;46.26;45.3;45.94;1279054
2013-12-05;45.62;46.58;45.52;45.74;2179144
2013-12-04;45.87;46.28;45.26;45.63;1655239
2013-12-03;46.94;47.03;45.64;45.79;2692488
2013-12-02;47.41;47.56;46.96;47.12;1335594
2013-11-29;47.56;47.87;47.2;47.45;2115648
2013-11-28;46.3;47.8;46.19;47.58;4689454
2013-11-27;45.55;46.1;45.41;46.1;2933188
2013-11-26;45.71;46.0;45.52;45.55;1492961
2013-11-25;46.17;46.25;45.73;45.87;1105115
2013-11-22;45.92;46.23;45.65;45.9;1123957
2013-11-21;46.35;46.48;45.6;45.93;1898405
2013-11-20;46.57;46.85;46.3;46.63;2288814
2013-11-19;46.34;46.82;45.92;46.63;1806508
2013-11-18;46.6;46.83;46.44;46.58;1651457
2013-11-15;46.55;47.1;46.36;46.55;2081351
2013-11-14;45.85;46.65;45.67;46.5;3010456
2013-11-13;46.6;46.62;45.2;45.35;2668620
2013-11-12;46.74;46.74;46.0;46.29;2263904
2013-11-11;46.7;47.24;46.45;46.6;2688494
2013-11-08;46.52;46.78;46.05;46.31;4126322
2013-11-07;44.33;46.76;44.28;45.52;4824454
2013-11-06;43.52;44.55;43.5;44.28;2398713
2013-11-05;43.15;43.76;43.0;43.36;2481766
2013-11-04;42.4;43.03;42.4;42.76;1333111
2013-11-01;42.75;42.87;41.99;42.4;899245
2013-10-31;42.79;43.1;42.47;42.72;1404837
2013-10-30;42.58;43.22;42.58;42.89;1688081
2013-10-29;42.99;43.03;42.27;42.47;1983909
2013-10-28;44.4;44.54;42.6;42.99;2870945
2013-10-25;44.5;46.87;43.9;44.27;5629359
2013-10-24;45.15;45.58;44.81;45.58;2566562
2013-10-23;44.96;45.23;44.58;45.0;2293966
2013-10-22;45.05;45.21;44.3;44.91;2607575
2013-10-21;44.4;45.57;44.4;45.21;2339891
2013-10-18;44.52;44.7;44.0;44.32;1724545
2013-10-17;44.65;44.65;43.81;44.38;1852074
2013-10-16;44.7;45.0;44.07;44.68;2070231
2013-10-15;44.6;45.4;44.57;44.78;2920035
2013-10-14;43.32;44.53;43.14;44.38;2365001
2013-10-11;43.83;43.99;43.28;43.38;1195622
2013-10-10;42.89;43.91;42.52;43.56;2034145
2013-10-09;42.46;42.77;42.14;42.4;1355129
2013-10-08;42.77;42.77;42.13;42.51;1510656
2013-10-07;42.84;42.87;42.12;42.55;1673593
2013-10-04;43.05;43.3;42.7;42.92;1661198
2013-10-03;43.03;43.69;42.81;43.1;2340893
2013-10-02;41.86;43.22;41.84;42.98;2758859
2013-10-01;41.98;42.29;41.55;41.99;1553495
2013-09-30;41.68;42.05;41.22;41.95;1794749
2013-09-27;43.03;43.06;41.77;42.02;2429710
2013-09-26;43.04;43.1;42.68;42.93;1207259
2013-09-25;42.72;43.23;42.55;42.8;1561233
2013-09-24;42.95;42.95;42.43;42.88;2966318
2013-09-23;43.52;43.6;42.61;42.9;3474349
2013-09-20;44.73;44.73;43.23;43.63;3788664
2013-09-19;45.41;45.55;44.39;44.6;2599842
2013-09-18;44.93;45.1;44.56;44.79;1629158
2013-09-17;44.41;45.02;44.41;44.84;1924916
2013-09-16;45.02;45.38;44.36;44.88;2951689
2013-09-13;46.01;46.06;44.47;44.85;6999386
2013-09-12;46.7;46.98;46.01;46.13;4712079
2013-09-11;47.0;47.45;46.7;47.36;3899951
2013-09-10;46.91;47.8;46.85;47.77;3646498
2013-09-09;46.87;47.15;46.3;46.44;3071952
2013-09-06;46.93;46.96;46.09;46.61;3390238
2013-09-05;47.17;47.7;46.95;47.11;2223497
2013-09-04;47.03;47.4;46.85;46.91;2125937
2013-09-03;47.14;47.5;46.8;47.1;1718303
2013-09-02;46.63;47.45;46.6;46.95;1982482
2013-08-30;46.39;46.57;45.9;46.24;2289636
2013-08-29;46.3;46.7;46.19;46.26;2125205
2013-08-28;46.12;46.46;45.46;46.27;2351958
2013-08-27;47.25;47.29;46.11;46.44;2389820
2013-08-26;47.16;47.63;46.66;47.54;1496570
2013-08-23;46.9;47.25;46.74;47.15;4244455
2013-08-22;45.99;46.95;45.88;46.74;2864709
2013-08-21;46.38;46.53;45.55;45.68;2458313
2013-08-20;46.57;46.7;45.87;46.32;1752297
2013-08-19;46.97;47.13;46.3;46.81;2121979
2013-08-16;45.59;47.19;45.59;46.97;2697885
2013-08-15;46.9;46.9;45.93;46.65;2408974
2013-08-14;46.8;47.22;46.63;46.9;3095107
2013-08-13;46.36;47.23;46.26;46.78;4534039
2013-08-12;45.7;46.31;45.62;46.14;3045408
2013-08-09;43.74;46.21;43.74;45.75;6075869
2013-08-08;42.87;43.79;42.86;43.65;5330603
2013-08-07;42.9;43.24;42.33;42.67;2240261
2013-08-06;43.3;43.48;42.65;42.96;1577099
2013-08-05;43.12;43.4;42.85;43.19;840015
2013-08-02;43.4;43.5;42.84;42.91;1479111
2013-08-01;43.0;43.15;42.36;43.14;1990596
2013-07-31;42.73;43.1;42.48;42.52;1079558
2013-07-30;42.88;43.14;42.76;42.93;1187428
2013-07-29;42.2;43.2;42.2;42.83;1571747
2013-07-26;42.45;42.6;42.05;42.23;1097664
2013-07-25;42.29;42.46;41.7;42.3;1306099
2013-07-24;41.76;42.75;41.76;42.34;2061911
2013-07-23;41.2;42.4;41.15;41.82;3357302
2013-07-22;41.4;41.65;40.56;40.96;2192486
2013-07-19;41.81;42.75;40.55;41.26;6427113
2013-07-18;42.73;43.8;42.56;43.53;3998709
2013-07-17;42.26;42.75;42.03;42.42;3822998
2013-07-16;41.49;42.5;41.4;42.0;3666738
2013-07-15;42.44;42.44;41.0;41.27;3429178
2013-07-12;42.31;42.73;41.64;42.19;5464902
2013-07-11;41.03;41.8;41.02;41.46;2012929
2013-07-10;40.0;40.85;40.0;40.62;2426487
2013-07-09;39.5;40.5;39.33;40.12;2811648
2013-07-08;39.26;39.26;38.8;39.05;1768776
2013-07-05;39.8;39.93;38.76;38.99;2265918
2013-07-04;39.48;39.7;38.92;39.59;2612125
2013-07-03;39.9;39.94;38.92;39.21;2846570
2013-07-02;40.43;40.43;39.89;40.02;1977125
2013-07-01;40.04;40.31;39.72;40.31;2005012
2013-06-28;41.0;41.2;40.03;40.03;2462386
2013-06-27;40.32;41.1;40.1;40.79;2917552
2013-06-26;40.92;40.93;40.07;40.28;2114362
2013-06-25;40.48;40.97;40.28;40.74;3261433
2013-06-24;40.39;40.53;39.85;40.17;3550823
2013-06-21;;40.8;40.8;40.8;0
2013-06-20;41.89;41.89;40.62;40.8;4222242
2013-06-19;43.33;43.43;42.24;42.29;2525539
2013-06-18;43.32;43.55;42.98;43.13;1371532
2013-06-17;43.24;43.65;43.2;43.4;1477201
2013-06-14;43.62;43.76;43.13;43.15;2741577
2013-06-13;42.3;43.18;41.89;43.09;2631135
2013-06-12;43.23;43.8;42.73;42.79;2497677
2013-06-11;43.77;43.78;42.72;43.57;4049682
2013-06-10;44.87;44.87;43.63;43.8;3560083
2013-06-07;44.93;44.93;44.02;44.73;2925447
2013-06-06;;44.68;44.68;44.68;0
2013-06-05;45.48;45.48;44.49;44.68;3062181
2013-06-04;46.21;46.21;45.4;45.62;1996821
2013-06-03;46.28;46.28;45.62;45.81;3240770
2013-05-31;46.9;46.9;46.1;46.4;2841993
2013-05-30;46.4;46.9;46.09;46.83;4247809
2013-05-29;46.9;46.92;46.13;46.35;2271889
2013-05-28;47.06;47.15;46.66;46.92;1782374
2013-05-27;46.8;47.37;46.62;46.87;1627135
2013-05-24;46.85;47.0;46.21;46.5;3088204
2013-05-23;47.3;47.71;46.25;46.99;6271010
2013-05-22;48.02;48.92;47.66;48.77;3595868
2013-05-21;46.76;48.11;46.76;47.94;4474345
2013-05-20;46.6;46.85;46.38;46.74;2462835
2013-05-17;46.5;47.03;46.36;46.74;2622558
2013-05-16;46.93;46.94;45.78;46.51;3525305
2013-05-15;47.2;47.42;46.65;46.72;2866904
2013-05-14;48.49;48.76;46.94;47.05;3996321
2013-05-13;48.86;48.99;48.27;48.48;3851071
2013-05-10;49.0;50.25;48.62;48.75;4684476
2013-05-09;;48.96;48.96;48.96;0
2013-05-08;49.01;49.18;48.62;48.96;970831
2013-05-07;48.48;49.21;48.28;48.89;4650348
2013-05-06;47.59;48.48;47.29;48.34;3665415
2013-05-03;46.62;47.43;46.03;47.23;3403493
2013-05-02;47.25;47.29;45.96;46.31;3964907
2013-05-01;;47.25;47.25;47.25;0
2013-04-30;47.3;47.46;46.85;47.25;1878348
2013-04-29;46.71;47.2;46.6;47.13;3060250
2013-04-26;46.77;46.8;45.95;46.68;3590544
2013-04-25;46.1;47.42;45.57;46.78;5064248
2013-04-24;45.52;46.95;45.46;46.35;4888550
2013-04-23;43.8;45.64;43.73;45.53;4847691
2013-04-22;44.68;45.06;43.7;43.95;3404357
2013-04-19;44.74;45.16;44.1;44.59;2260157
2013-04-18;44.75;45.2;44.29;44.55;2257713
2013-04-17;45.52;45.85;44.03;44.88;2990759
2013-04-16;45.62;46.35;45.27;45.41;3097456
2013-04-15;47.15;47.15;45.75;45.93;2462019
2013-04-12;48.26;48.6;47.91;48.1;1839241
2013-04-11;49.07;49.12;48.12;48.61;3149226
2013-04-10;48.05;49.39;48.05;48.98;3716473
2013-04-09;46.91;47.9;46.8;47.9;3240350
2013-04-08;47.28;47.93;46.15;46.55;3394925
2013-04-05;47.17;47.18;45.99;47.12;3551472
2013-04-04;47.5;47.91;46.66;47.0;4140008
2013-04-03;48.8;48.82;47.46;47.77;5344246
2013-04-02;49.58;49.66;48.33;48.76;3099897
2013-04-01;;49.66;49.66;49.66;0
2013-03-29;49.25;49.66;49.66;49.66;3753652
2013-03-28;49.25;49.9;48.75;49.34;3753652
2013-03-27;49.25;49.9;48.75;49.34;3753652
2013-03-26;47.81;49.57;47.74;49.03;6416478
2013-03-25;47.73;47.9;47.24;47.83;1973079
2013-03-22;47.31;47.63;46.48;47.4;3104271
2013-03-21;47.99;47.99;46.92;47.37;2601877
2013-03-20;48.38;48.49;47.59;47.83;2855934
2013-03-19;48.8;48.8;47.59;47.91;3600211
2013-03-18;48.31;48.87;48.09;48.71;2193141
2013-03-15;49.23;49.29;48.64;48.99;3364295
2013-03-14;49.08;49.5;48.79;49.09;2227265
2013-03-13;49.65;49.67;48.59;49.03;2316483
2013-03-12;49.53;50.25;49.4;49.5;2374405
2013-03-11;49.71;49.71;49.0;49.52;1344650
2013-03-08;48.77;49.56;48.77;49.38;2458403
2013-03-07;48.76;48.95;48.39;48.71;1383454
2013-03-06;49.19;49.2;48.41;48.64;2799628
2013-03-05;48.3;49.07;48.28;48.92;2634996
2013-03-04;48.8;48.8;47.91;48.2;4567265
2013-03-01;50.1;50.25;48.82;49.07;4467103
2013-02-28;51.0;51.15;50.0;50.1;2951916
2013-02-27;50.8;50.9;50.05;50.85;2833397
2013-02-26;50.25;50.7;50.15;50.5;2697695
2013-02-25;51.05;51.85;50.95;51.15;3480856
2013-02-22;50.2;51.05;50.2;50.8;2960774
2013-02-21;50.4;50.4;49.65;50.05;3219348
2013-02-20;50.9;51.2;50.25;50.8;2739022
2013-02-19;50.3;51.0;50.05;50.85;2747635
2013-02-18;50.9;50.95;50.0;50.1;2172293
2013-02-15;50.9;51.0;50.6;50.7;2114162
2013-02-14;51.25;51.4;50.3;50.8;2685299
2013-02-13;50.5;51.8;50.0;51.25;4050158
2013-02-12;50.6;50.7;49.81;50.0;4263711
2013-02-11;50.45;51.5;50.0;50.7;5315367
2013-02-08;50.55;52.85;49.5;50.55;11341640
2013-02-07;52.55;53.85;52.55;53.25;3453538
2013-02-06;51.6;52.85;51.35;52.5;3697498
2013-02-05;51.4;51.7;51.05;51.4;2632608
2013-02-04;53.0;53.0;51.0;51.4;2729799
2013-02-01;52.45;53.1;52.15;52.45;2790801
2013-01-31;53.8;53.8;52.3;52.55;2742524
2013-01-30;53.9;53.95;53.0;53.45;2976794
2013-01-29;53.05;53.75;52.65;53.0;2923882
2013-01-28;53.25;53.6;52.75;52.95;2019824
2013-01-25;53.85;53.95;52.3;53.05;3822670
2013-01-24;54.45;54.45;53.6;54.2;2467616
2013-01-23;54.15;54.6;53.75;54.45;1469859
2013-01-22;54.15;54.45;53.4;54.05;1744108
2013-01-21;53.35;54.45;53.3;54.15;2102535
2013-01-18;54.8;54.8;53.05;53.3;2055022
2013-01-17;52.95;55.05;52.85;54.35;4028034
2013-01-16;52.55;52.9;52.3;52.75;3140048
2013-01-15;53.2;53.65;52.6;53.05;3728330
2013-01-14;54.6;54.75;53.45;53.9;2028372
2013-01-11;55.4;55.55;54.1;54.35;3478203
2013-01-10;56.35;56.65;55.0;55.1;5032438
2013-01-09;57.55;57.8;56.35;56.45;3246084
2013-01-08;58.2;58.35;57.3;57.55;1601364
2013-01-07;58.45;58.75;58.05;58.35;2008218
2013-01-04;58.6;58.95;58.05;58.4;2093515
2013-01-03;58.8;59.35;58.3;58.75;2083598
2013-01-02;57.85;59.1;57.85;58.65;2476714
2013-01-01;;56.55;56.55;56.55;0
2012-12-31;;56.55;56.55;56.55;0
2012-12-28;56.7;57.3;56.35;56.55;2056296
