Dates;Open;High;Low;Close;Volume
2017-12-27;132.9;133.1;130.8;131.2;1909
2017-12-22;134.0;134.0;132.4;132.7;5585
2017-12-21;132.9;134.5;131.9;134.5;3654
2017-12-20;133.0;133.7;132.3;133.1;3176
2017-12-19;133.9;134.0;133.2;133.2;11044
2017-12-18;132.0;133.8;132.0;133.3;11518
2017-12-15;132.0;132.3;130.3;132.0;6020
2017-12-14;131.6;133.2;131.6;132.0;4984
2017-12-13;129.0;132.4;129.0;130.9;5132
2017-12-12;130.0;130.0;126.9;127.6;5135
2017-12-11;130.7;130.7;128.0;130.0;5020
2017-12-08;126.4;129.3;126.4;129.0;8189
2017-12-07;124.0;128.0;124.0;126.5;12106
2017-12-06;128.5;128.5;126.1;128.0;9029
2017-12-05;127.4;128.5;126.3;127.0;4568
2017-12-04;127.0;127.8;125.6;127.4;3500
2017-12-01;127.5;128.2;125.8;126.4;4068
2017-11-30;130.0;130.3;128.4;128.4;2401
2017-11-29;130.6;131.5;129.2;129.2;2170
2017-11-28;130.0;130.3;128.8;130.1;26731
2017-11-27;131.8;132.2;129.6;129.6;6012
2017-11-24;132.3;132.4;131.2;131.8;2674
2017-11-23;131.4;132.4;130.0;132.3;3253
2017-11-22;134.3;134.3;132.0;132.6;2782
2017-11-21;134.1;134.5;132.2;134.3;5338
2017-11-20;131.2;134.7;130.2;134.1;3976
2017-11-17;131.9;131.9;128.4;131.2;3861
2017-11-16;131.0;131.3;129.5;131.3;2531
2017-11-15;130.9;131.0;127.7;129.7;3224
2017-11-14;129.1;131.9;129.1;130.6;12408
2017-11-13;128.9;130.5;128.0;129.0;8051
2017-11-10;130.0;131.1;129.3;129.6;5404
2017-11-09;132.0;132.6;128.3;129.2;7133
2017-11-08;132.0;133.3;130.8;132.0;8405
2017-11-07;134.3;134.3;131.7;132.0;5180
2017-11-06;134.0;135.7;133.6;134.3;7131
2017-11-03;134.4;134.9;133.3;134.9;9166
2017-11-02;134.0;134.3;132.7;133.0;3073
2017-11-01;132.1;134.4;132.0;133.2;3934
2017-10-31;131.0;132.0;130.0;132.0;2318
2017-10-30;133.0;133.0;130.0;131.0;5754
2017-10-27;128.8;132.8;128.6;132.8;9955
2017-10-26;128.5;129.6;127.0;129.0;26187
2017-10-25;125.8;128.3;124.8;127.0;39094
2017-10-24;124.6;126.3;123.9;125.8;16736
2017-10-23;121.7;125.0;121.7;124.2;18331
2017-10-20;120.7;122.2;120.7;121.7;17257
2017-10-19;120.0;120.9;120.0;120.8;3436
2017-10-18;118.4;121.0;118.4;120.1;6733
2017-10-17;119.0;119.0;117.6;118.5;5098
2017-10-13;120.6;121.0;119.7;120.3;2940
2017-10-12;118.9;121.0;118.9;120.6;6107
2017-10-11;120.1;120.1;117.9;118.9;8914
2017-10-10;119.8;120.6;118.8;120.1;6354
2017-10-09;118.9;119.7;118.0;119.7;10050
2017-10-06;120.0;122.1;118.5;118.6;22601
2017-10-05;117.4;119.0;117.4;118.0;7127
2017-10-04;117.2;118.3;116.3;118.0;4909
2017-10-03;115.9;117.2;115.5;117.2;4316
2017-10-02;114.5;116.5;114.5;116.0;5194
2017-09-29;114.8;115.3;114.5;115.3;3716
2017-09-28;114.8;114.8;113.5;114.8;7674
2017-09-27;113.5;114.9;113.3;114.3;6670
2017-09-26;112.9;113.7;112.1;113.5;4931
2017-09-25;112.6;113.2;111.9;112.5;361
2017-09-22;115.0;115.0;112.1;112.6;1893
2017-09-21;110.6;113.5;110.6;113.0;1998
2017-09-20;110.5;112.3;110.5;110.6;4244
2017-09-19;111.7;111.7;110.1;110.8;2791
2017-09-18;109.0;111.7;109.0;111.7;4988
2017-09-15;109.4;109.5;108.0;109.0;3681
2017-09-14;110.8;110.8;109.0;109.3;1497
2017-09-13;109.4;110.8;109.4;110.8;4893
2017-09-12;107.5;109.6;107.5;109.4;5808
2017-09-11;105.6;107.5;105.6;107.5;2721
2017-09-08;105.0;106.5;104.5;105.6;1603
2017-09-07;105.0;105.0;103.7;105.0;2595
2017-09-06;103.0;104.0;102.7;104.0;6001
2017-09-04;105.0;105.7;104.4;105.2;2283
2017-09-01;106.3;106.5;105.7;105.7;10056
2017-08-31;105.5;106.7;104.2;104.6;2241
2017-08-30;103.6;105.6;103.2;105.5;8252
2017-08-29;105.5;105.7;103.5;103.7;4464
2017-08-28;111.0;111.0;104.4;105.7;11361
2017-08-25;111.0;112.8;111.0;112.0;4098
2017-08-24;111.0;111.0;109.2;110.0;7426
2017-08-23;110.6;111.5;109.7;110.7;10325
2017-08-22;109.2;110.6;109.2;110.6;6738
2017-08-21;109.8;110.8;109.0;109.2;6513
2017-08-18;111.0;111.5;110.4;110.9;4029
2017-08-17;110.0;112.3;110.0;112.0;4658
2017-08-16;109.9;110.4;109.2;110.0;1477
2017-08-15;109.9;110.1;108.0;109.2;4343
2017-08-14;109.0;111.1;109.0;109.9;3123
2017-08-11;108.0;110.0;107.2;110.0;4241
2017-08-10;110.8;110.8;108.1;108.7;1778
2017-08-09;111.2;111.2;109.7;110.8;1906
2017-08-08;110.0;111.2;109.8;111.2;3597
2017-08-07;110.9;111.2;110.0;110.4;3903
2017-08-04;109.0;110.2;108.5;110.2;3870
2017-08-03;109.5;109.5;108.3;108.8;910
2017-08-02;110.4;110.4;108.8;108.8;2092
2017-08-01;109.0;110.4;108.4;109.9;6299
2017-07-31;111.6;111.6;108.9;108.9;2794
2017-07-28;114.5;114.5;110.5;111.6;3323
2017-07-27;112.5;114.9;112.5;114.1;5818
2017-07-26;109.9;113.5;109.8;111.8;7660
2017-07-25;112.7;112.7;107.4;109.9;7677
2017-07-24;114.2;114.2;111.9;112.7;3946
2017-07-21;114.7;115.5;112.8;113.5;7558
2017-07-20;115.0;115.9;113.5;114.1;15482
2017-07-19;114.0;114.4;112.4;113.4;4015
2017-07-18;115.0;115.5;113.4;114.9;3239
2017-07-17;115.0;115.9;114.1;115.9;9117
2017-07-14;114.5;115.1;113.9;114.6;7198
2017-07-13;114.5;115.8;114.5;115.2;10373
2017-07-12;112.0;115.5;112.0;114.6;11641
2017-07-11;111.0;111.5;110.0;111.3;14044
2017-07-10;109.7;112.4;108.9;110.6;3722
2017-07-07;111.8;111.8;109.0;109.7;3334
2017-07-06;112.6;112.9;110.2;111.6;3038
2017-07-05;113.0;113.0;112.0;112.0;2988
2017-07-04;112.0;113.0;110.6;112.8;4549
2017-07-03;111.0;114.5;110.5;111.9;3532
2017-06-30;111.0;111.5;109.4;111.0;10910
2017-06-29;114.5;116.2;110.0;110.9;7722
2017-06-28;114.7;115.1;112.9;114.5;10585
2017-06-27;117.0;117.2;114.7;114.7;4621
2017-06-26;116.5;118.4;115.5;117.0;6763
2017-06-23;;116.5;116.5;116.5;0
2017-06-22;118.0;119.0;115.8;116.5;3664
2017-06-21;118.1;118.6;115.7;118.0;17857
2017-06-20;119.4;119.4;117.8;118.1;6035
2017-06-19;116.1;119.5;116.1;119.5;24588
2017-06-16;113.1;116.0;113.1;116.0;10465
2017-06-15;116.0;116.0;113.0;113.7;3146
2017-06-14;116.9;117.0;115.4;116.0;4130
2017-06-13;116.0;117.2;115.4;116.7;1639
2017-06-12;117.1;117.5;115.0;115.9;5451
2017-06-09;116.0;117.0;115.5;117.0;5552
2017-06-08;115.3;116.0;115.0;115.5;7216
2017-06-07;113.0;115.5;113.0;115.3;8033
2017-06-06;;113.5;113.5;113.5;0
2017-06-05;113.4;113.5;112.6;113.5;6943
2017-06-02;113.2;114.6;112.6;113.8;2910
2017-06-01;113.4;115.0;112.8;113.2;3898
2017-05-31;114.4;114.5;112.6;113.4;10176
2017-05-30;115.1;116.0;114.4;114.4;3392
2017-05-29;115.5;115.9;114.5;115.1;1164
2017-05-26;115.1;116.1;114.1;115.3;810
2017-05-24;114.8;116.2;113.9;115.1;2084
2017-05-23;113.5;116.1;113.0;114.8;9885
2017-05-22;115.2;116.3;114.0;114.5;3593
2017-05-19;113.1;115.8;113.1;115.0;5907
2017-05-18;115.5;116.4;112.3;113.1;8431
2017-05-17;117.8;119.4;115.2;117.2;5154
2017-05-16;116.0;118.2;115.9;117.8;12624
2017-05-15;115.0;116.8;115.0;116.2;8470
2017-05-12;115.0;114.6;114.6;114.6;4557
2017-05-11;115.0;116.4;114.0;115.1;6018
2017-05-10;115.5;116.5;113.8;116.0;13975
2017-05-09;113.4;117.5;113.2;115.1;7541
2017-05-08;114.5;114.5;111.5;113.3;6603
2017-05-05;111.3;114.5;110.0;114.5;16723
2017-05-04;111.0;112.0;110.0;111.3;24750
2017-05-03;113.0;113.5;109.5;110.4;20994
2017-05-02;112.0;114.0;110.0;112.5;9683
2017-05-01;;112.1;112.1;112.1;0
2017-04-28;114.4;114.6;108.5;112.1;26666
2017-04-27;121.0;121.6;114.3;116.0;18560
2017-04-26;117.7;120.6;116.5;119.6;27702
2017-04-25;116.0;117.8;115.6;117.7;8872
2017-04-24;115.9;116.4;115.7;116.4;8767
2017-04-21;116.0;116.4;115.5;116.3;5880
2017-04-20;114.5;115.5;113.7;115.5;6271
2017-04-19;114.0;114.5;112.9;113.9;4896
2017-04-18;113.3;115.9;111.3;113.0;9810
2017-04-13;114.7;114.7;112.0;112.3;5527
2017-04-12;115.0;115.5;112.1;114.8;3959
2017-04-11;117.0;117.0;112.1;114.0;8656
2017-04-10;116.0;116.9;110.5;115.0;15272
2017-04-07;115.0;117.5;113.5;114.1;3569
2017-04-06;115.0;116.5;111.5;115.0;12330
2017-04-05;115.0;118.4;110.2;114.5;8187
2017-04-04;112.9;115.0;112.5;114.8;5735
2017-04-03;112.9;112.9;111.6;112.9;3401
2017-03-31;112.9;112.9;111.0;112.8;5694
2017-03-30;112.1;112.9;111.5;112.9;6676
2017-03-29;110.0;113.0;110.0;111.9;8446
2017-03-28;112.0;112.8;110.0;110.3;4762
2017-03-27;112.5;112.5;110.3;111.9;4445
2017-03-24;111.9;112.9;110.7;112.9;4808
2017-03-23;112.0;112.7;110.0;111.5;8674
2017-03-22;112.0;112.9;109.1;110.7;9456
2017-03-21;112.7;113.0;110.6;111.2;19687
2017-03-20;111.8;112.9;111.2;112.7;12395
2017-03-17;112.0;112.0;110.1;111.8;10336
2017-03-16;109.4;112.8;108.9;111.6;27218
2017-03-15;109.5;109.9;109.0;109.7;8075
2017-03-14;106.3;109.5;106.3;109.5;11308
2017-03-13;105.8;106.9;105.1;106.3;6748
2017-03-10;106.0;105.8;105.8;105.8;6631
2017-03-09;106.0;106.9;105.0;105.2;899
2017-03-08;106.0;106.9;105.7;106.3;2663
2017-03-07;106.0;106.6;105.7;106.0;6574
2017-03-06;106.3;106.3;104.6;105.9;2836
2017-03-03;106.2;105.9;105.9;105.9;3591
2017-03-02;106.0;106.9;105.4;106.1;20629
2017-03-01;103.5;105.0;103.3;105.0;12807
2017-02-28;103.3;103.3;102.0;103.2;6108
2017-02-27;101.0;103.5;100.9;103.3;11014
2017-02-24;102.2;102.2;100.4;101.2;4807
2017-02-23;103.9;103.9;101.6;102.5;12782
2017-02-22;102.8;104.0;102.2;103.5;8865
2017-02-21;103.0;104.1;102.8;102.8;8682
2017-02-20;105.0;105.0;103.2;103.7;6400
2017-02-17;103.2;105.0;103.2;104.0;4143
2017-02-16;104.0;104.7;101.7;103.7;13019
2017-02-15;100.9;103.7;100.9;103.4;12629
2017-02-14;100.8;101.4;100.1;100.3;5099
2017-02-13;99.9;101.4;99.9;100.3;18046
2017-02-10;99.8;99.8;98.0;99.45;29910
2017-02-09;96.0;99.95;95.8;99.8;37775
2017-02-08;97.8;97.8;95.3;96.4;14292
2017-02-07;99.6;99.6;97.3;97.8;16311
2017-02-06;100.0;100.0;98.0;99.6;23749
2017-02-03;106.3;106.8;97.0;99.25;53782
2017-02-02;104.0;106.8;104.0;106.3;8850
2017-02-01;104.0;107.0;103.8;105.2;7009
2017-01-31;108.7;108.7;103.0;104.9;17851
2017-01-30;110.5;110.6;106.0;108.7;8345
2017-01-27;109.2;110.0;107.3;110.0;9921
2017-01-26;109.0;111.0;106.6;108.7;23164
2017-01-25;105.6;107.9;105.6;107.7;11800
2017-01-24;106.0;106.1;104.5;105.6;13217
2017-01-23;104.8;105.1;103.6;104.8;5562
2017-01-20;104.3;104.8;103.9;104.8;3878
2017-01-19;101.6;104.8;101.5;104.5;12334
2017-01-18;101.5;102.0;99.75;101.8;3931
2017-01-17;99.95;102.0;99.1;101.5;16717
2017-01-16;100.0;100.0;99.2;99.9;3474
2017-01-13;99.1;100.0;98.8;100.0;11042
2017-01-12;99.95;99.95;98.0;98.95;4098
2017-01-11;99.7;102.0;98.55;100.0;11665
2017-01-10;100.5;100.5;98.0;99.7;6673
2017-01-09;101.3;101.3;98.0;100.5;8298
2017-01-06;;101.3;101.3;101.3;0
2017-01-05;100.6;101.9;100.1;101.3;3655
2017-01-04;102.5;102.5;99.1;100.0;8964
2017-01-03;100.7;100.7;99.0;99.35;19210
2017-01-02;101.3;102.4;99.3;99.95;8249
2016-12-30;101.3;101.4;98.05;101.2;5250
2016-12-29;101.2;102.7;98.0;101.5;5696
2016-12-28;100.0;102.9;99.0;101.2;14734
2016-12-27;98.9;100.5;98.9;99.95;3230
2016-12-23;98.85;98.85;98.0;98.85;701
2016-12-22;98.85;98.85;96.25;98.25;4561
2016-12-21;99.5;99.5;97.5;98.9;4968
2016-12-20;101.0;101.0;98.5;99.5;16872
2016-12-19;99.75;101.0;98.05;101.0;5013
2016-12-16;100.0;100.0;99.0;99.9;2820
2016-12-15;99.35;99.95;98.0;99.75;5125
2016-12-14;98.9;99.95;97.55;99.4;12048
2016-12-13;97.6;98.9;97.05;98.9;20081
2016-12-12;97.4;97.95;96.2;97.55;6886
2016-12-09;97.55;98.0;96.25;97.4;2825
2016-12-08;96.8;98.0;96.4;98.0;6705
2016-12-07;95.0;97.0;92.35;96.8;5832
2016-12-06;95.05;95.05;94.5;95.0;1098
2016-12-05;95.0;95.95;94.1;95.05;6774
2016-12-02;95.05;97.15;94.35;95.0;3005
2016-12-01;95.75;95.75;94.0;95.0;5151
2016-11-30;97.0;97.0;95.0;96.5;2264
2016-11-29;95.75;95.75;94.0;95.45;7771
2016-11-28;97.0;97.0;93.5;95.75;4864
2016-11-25;94.5;95.95;94.5;95.95;3567
2016-11-24;94.4;96.0;94.4;95.5;7573
2016-11-23;94.4;94.75;93.7;94.4;4039
2016-11-22;93.85;94.75;93.35;94.35;22258
2016-11-21;93.85;93.85;93.0;93.8;2585
2016-11-18;93.5;93.8;93.0;93.0;1309
2016-11-17;93.85;93.85;92.75;93.5;6067
2016-11-16;93.3;93.95;92.15;93.85;5535
2016-11-15;93.0;93.0;90.5;92.9;4134
2016-11-14;93.4;94.45;90.0;93.0;5741
2016-11-11;94.9;94.9;93.0;93.85;2404
2016-11-10;94.0;95.0;94.0;94.9;8016
2016-11-09;82.0;94.45;82.0;94.0;29638
2016-11-08;91.0;93.0;89.9;90.55;3116
2016-11-07;90.0;93.0;90.0;91.0;5402
2016-11-04;91.5;91.5;90.0;90.0;1600
2016-11-03;91.0;92.0;90.4;91.4;3396
2016-11-02;88.1;92.5;88.1;90.35;7395
2016-11-01;93.95;93.95;88.75;88.75;10820
2016-10-31;93.45;94.35;93.35;93.95;8661
2016-10-28;93.2;93.95;91.5;93.45;4608
2016-10-27;90.55;93.15;90.55;92.95;2442
2016-10-26;91.4;92.5;90.5;90.8;10495
2016-10-25;91.5;93.1;90.1;91.35;5578
2016-10-24;88.3;91.0;88.25;90.4;1692
2016-10-21;88.0;91.0;88.0;88.3;9443
2016-10-20;89.0;90.9;88.8;89.95;3559
2016-10-19;90.15;90.9;88.0;90.05;3670
2016-10-18;90.1;91.0;88.1;90.15;4176
2016-10-17;90.4;91.65;88.0;90.1;7705
2016-10-14;92.0;92.85;89.8;90.4;6192
2016-10-13;92.9;92.9;86.5;90.1;11341
2016-10-12;93.9;93.9;87.1;93.0;20598
2016-10-11;86.0;95.0;85.45;93.9;32468
2016-10-10;81.55;86.45;81.55;85.9;18335
2016-10-07;84.3;84.3;80.65;80.65;5652
2016-10-06;83.6;84.5;80.65;84.35;11769
2016-10-05;80.8;83.7;80.8;83.5;14298
2016-10-04;81.35;82.55;81.35;81.9;3007
2016-10-03;83.0;83.0;80.9;81.35;13869
2016-09-30;83.55;83.8;82.85;83.5;1802
2016-09-29;84.4;84.4;82.05;83.55;8447
2016-09-28;83.0;84.4;82.0;84.35;4599
2016-09-27;83.0;83.95;83.0;83.3;4518
2016-09-26;82.25;82.55;81.1;81.8;1848
2016-09-23;84.0;84.0;81.0;81.1;4033
2016-09-22;82.0;83.5;82.0;83.1;4073
2016-09-21;81.35;82.0;80.3;81.0;10518
2016-09-20;81.5;81.5;79.75;80.0;1918
2016-09-19;80.05;81.95;79.95;81.75;2702
2016-09-16;80.2;82.3;77.55;78.0;2635
2016-09-15;83.0;83.0;80.0;80.0;11452
2016-09-14;82.7;82.75;81.0;81.0;48422
2016-09-13;81.9;82.75;80.0;81.15;1349
2016-09-12;82.75;82.75;80.0;81.9;518
2016-09-09;82.4;82.7;80.55;82.7;2445
2016-09-08;82.0;82.7;82.0;82.4;832
2016-09-07;81.0;82.7;81.0;82.4;2104
2016-09-06;82.5;82.75;81.2;82.0;7013
2016-09-05;82.6;83.0;82.0;82.0;9518
2016-09-02;82.0;82.8;79.9;82.5;4356
2016-09-01;81.05;82.35;81.0;81.0;825
2016-08-31;82.0;82.0;81.0;81.0;5307
2016-08-30;81.9;82.8;81.9;82.0;1381
2016-08-29;82.95;82.95;81.0;81.9;3874
2016-08-26;82.95;82.95;82.0;82.9;1819
2016-08-25;82.15;82.8;80.7;82.8;2799
2016-08-24;82.9;82.9;81.0;82.25;3853
2016-08-23;82.0;82.9;80.0;82.9;1491
2016-08-22;82.0;82.15;80.0;81.5;3763
2016-08-19;82.0;82.0;79.0;80.6;2207
2016-08-18;82.0;82.0;80.0;82.0;2943
2016-08-17;80.65;82.35;80.65;81.05;1082
2016-08-16;82.9;82.9;80.35;80.65;11878
2016-08-15;82.0;82.65;81.95;82.6;3828
2016-08-12;82.9;82.9;81.0;82.0;3151
2016-08-11;82.75;82.9;81.5;82.9;501
2016-08-10;82.5;82.5;81.0;82.25;1773
2016-08-09;82.0;82.9;82.0;82.9;1262
2016-08-08;82.65;82.65;80.65;82.0;2773
2016-08-05;82.0;82.45;80.8;82.0;3394
2016-08-04;82.0;82.0;80.0;81.9;980
2016-08-03;82.6;82.6;78.05;81.5;2595
2016-08-02;83.5;83.5;79.15;82.8;2892
2016-08-01;83.0;83.95;80.8;82.95;3667
2016-07-29;82.0;84.75;82.0;82.4;4829
2016-07-28;81.55;81.95;79.0;81.95;4556
2016-07-27;80.5;81.95;80.0;81.6;8377
2016-07-26;79.0;80.45;79.0;80.45;3882
2016-07-25;79.9;79.9;79.0;79.8;628
2016-07-22;78.25;79.9;78.0;79.75;3753
2016-07-21;77.7;79.0;77.0;79.0;2916
2016-07-20;78.95;79.9;78.0;79.9;2134
2016-07-19;77.25;79.0;77.05;77.3;1185
2016-07-18;77.5;79.5;77.0;79.0;5990
2016-07-15;78.85;78.85;77.0;78.85;1412
2016-07-14;78.0;78.95;78.0;78.85;851
2016-07-13;78.5;79.05;77.0;78.0;3020
2016-07-12;78.55;79.05;76.0;78.8;9164
2016-07-11;79.0;79.0;75.9;78.55;4360
2016-07-08;76.3;79.0;74.5;78.1;4639
2016-07-07;74.0;75.0;74.0;75.0;783
2016-07-06;73.35;74.0;72.0;74.0;1490
2016-07-05;75.0;75.0;74.0;74.6;2040
2016-07-04;75.3;76.3;75.3;76.3;2168
2016-07-01;75.0;77.45;73.0;76.0;564
2016-06-30;73.5;74.7;73.45;74.7;352
2016-06-29;73.45;73.45;73.4;73.45;1386
2016-06-28;72.15;74.15;72.05;73.9;2867
2016-06-27;72.0;74.75;70.1;72.15;4059
2016-06-24;;76.9;76.9;76.9;0
2016-06-23;76.0;77.0;74.85;76.9;1765
2016-06-22;77.0;77.0;75.0;76.05;1327
2016-06-21;77.0;77.0;74.6;77.0;384
2016-06-20;74.05;77.0;74.05;77.0;1696
2016-06-17;72.0;73.65;71.8;73.2;1551
2016-06-16;72.0;72.0;70.0;72.0;4710
2016-06-15;73.7;73.7;72.0;72.0;6466
2016-06-14;73.0;73.45;71.45;72.0;5872
2016-06-13;73.75;76.0;73.6;74.5;2372
2016-06-10;77.45;77.45;73.75;73.75;839
2016-06-09;77.5;77.5;76.0;77.45;3979
2016-06-08;77.0;77.45;76.0;77.45;2158
2016-06-07;77.0;77.5;76.0;77.5;4330
2016-06-06;;77.5;77.5;77.5;0
2016-06-03;77.95;77.95;73.0;77.5;2232
2016-06-02;77.0;77.0;76.0;76.9;1358
2016-06-01;77.8;77.8;76.0;76.95;735
2016-05-31;77.55;77.8;76.3;77.5;4396
2016-05-30;77.8;77.9;75.55;77.55;7296
2016-05-27;76.5;78.35;75.15;77.8;3065
2016-05-26;75.0;77.4;74.95;77.0;4470
2016-05-25;74.9;76.55;74.7;75.75;8996
2016-05-24;74.5;74.9;73.05;74.9;5382
2016-05-23;73.0;74.85;72.25;74.85;5868
2016-05-20;75.0;75.0;72.25;74.0;3385
2016-05-19;71.05;75.0;71.05;74.7;1510
2016-05-18;73.1;73.1;71.2;71.2;1858
2016-05-17;72.6;75.9;72.6;73.05;3338
2016-05-16;72.3;72.6;72.3;72.4;921
2016-05-13;75.0;75.0;70.05;72.0;4108
2016-05-12;76.8;76.95;73.55;75.9;4641
2016-05-11;75.95;76.95;71.25;76.75;80
2016-05-10;75.0;76.0;72.1;75.95;2375
2016-05-09;73.0;75.7;72.95;75.25;4097
2016-05-06;74.95;74.95;72.95;74.0;1473
2016-05-05;74.0;75.0;73.0;74.95;766
2016-05-04;74.0;75.0;73.0;74.95;766
2016-05-03;75.1;76.15;73.05;73.4;1661
2016-05-02;77.8;77.8;75.05;75.05;4196
2016-04-29;81.8;81.8;77.2;78.05;5895
2016-04-28;81.5;81.7;78.75;81.7;9989
2016-04-27;79.95;81.35;78.5;79.5;24484
2016-04-26;80.5;81.55;79.9;80.8;3649
2016-04-25;77.5;81.95;77.0;78.75;2349
2016-04-22;77.1;77.1;76.6;77.0;719
2016-04-21;78.5;79.45;77.15;77.15;3848
2016-04-20;79.0;80.55;78.0;78.5;9331
2016-04-19;80.3;80.85;78.2;79.5;5917
2016-04-18;81.45;81.7;80.0;80.3;1635
2016-04-15;80.55;81.7;79.55;81.45;1195
2016-04-14;79.0;80.75;78.1;80.55;5445
2016-04-13;77.25;78.75;77.25;77.6;4284
2016-04-12;79.8;79.8;76.0;78.0;5858
2016-04-11;75.4;79.45;75.4;79.45;4957
2016-04-08;75.0;77.8;75.0;75.4;4121
2016-04-07;78.35;78.35;75.0;75.0;4251
2016-04-06;77.8;79.0;77.3;77.3;7141
2016-04-05;78.0;78.0;75.05;75.05;4501
2016-04-04;78.85;78.85;75.2;75.4;4601
2016-04-01;78.5;81.2;75.8;75.8;6905
2016-03-31;79.7;80.95;77.55;78.5;4181
2016-03-30;77.0;81.85;76.45;79.35;16793
2016-03-29;77.5;80.7;77.0;77.0;2238
2016-03-28;76.6;78.0;76.35;76.35;5333
2016-03-25;76.6;78.0;75.5;76.35;5333
2016-03-24;76.6;78.0;75.5;76.35;5333
2016-03-23;76.65;82.2;76.0;76.0;13995
2016-03-22;78.0;78.0;75.8;76.65;8292
2016-03-21;79.0;79.0;77.25;77.95;29409
2016-03-18;78.4;79.95;77.25;77.7;7116
2016-03-17;77.95;79.4;77.95;78.0;14493
2016-03-16;77.0;77.95;75.6;77.15;9515
2016-03-15;76.4;77.4;76.4;76.5;8646
2016-03-14;72.85;77.2;72.85;76.2;16956
2016-03-11;72.0;76.0;72.0;72.6;7980
2016-03-10;76.2;76.2;71.45;72.2;6348
2016-03-09;73.2;77.2;73.05;73.05;8961
2016-03-08;77.95;77.95;72.6;72.8;18664
2016-03-07;78.0;78.2;75.0;76.95;3799
2016-03-04;76.0;78.5;75.0;76.6;6392
2016-03-03;78.9;78.9;76.5;76.5;2920
2016-03-02;75.55;79.0;75.55;77.2;10318
2016-03-01;73.0;76.8;72.55;75.35;6120
2016-02-29;73.0;74.65;71.7;72.3;2920
2016-02-26;73.25;74.45;72.2;72.2;2951
2016-02-25;74.45;74.45;71.55;71.55;5041
2016-02-24;73.1;73.7;70.35;70.6;3827
2016-02-23;75.1;75.8;72.85;72.85;7825
2016-02-22;73.5;77.1;73.5;75.0;4617
2016-02-19;74.95;76.0;72.55;73.5;3232
2016-02-18;73.0;76.45;71.55;72.95;9508
2016-02-17;71.95;74.85;69.9;72.45;11470
2016-02-16;70.7;71.75;68.65;69.0;2644
2016-02-15;67.0;71.5;67.0;68.8;14417
2016-02-12;66.0;68.0;65.2;65.5;1614
2016-02-11;70.0;70.0;64.0;66.0;3265
2016-02-10;66.65;68.1;65.6;66.35;4659
2016-02-09;65.1;69.0;62.5;64.0;4576
2016-02-08;69.5;69.5;65.1;65.1;12611
2016-02-05;68.25;69.6;66.0;67.7;14058
2016-02-04;71.65;73.85;65.95;67.15;21671
2016-02-03;72.05;73.45;70.0;70.0;6914
2016-02-02;71.6;74.0;71.15;71.15;6253
2016-02-01;71.5;71.9;69.55;69.55;8566
2016-01-29;70.0;71.9;69.35;70.5;7566
2016-01-28;70.05;72.5;69.5;69.55;7228
2016-01-27;73.0;73.0;69.2;70.05;5443
2016-01-26;70.8;71.75;67.7;71.75;5277
2016-01-25;71.0;71.9;68.5;68.5;6488
2016-01-22;69.05;71.55;69.05;70.05;13037
2016-01-21;68.0;68.5;67.3;68.5;4687
2016-01-20;69.75;69.75;67.0;67.15;10772
2016-01-19;67.5;70.6;67.5;68.0;23776
2016-01-18;67.0;69.05;65.0;69.05;8789
2016-01-15;71.9;71.9;67.0;68.5;10545
2016-01-14;75.8;75.8;68.9;72.0;6251
2016-01-13;77.5;77.95;76.0;76.3;5393
2016-01-12;75.55;76.3;72.45;75.0;5862
2016-01-11;74.0;75.1;73.4;74.5;4399
2016-01-08;73.8;75.85;73.7;74.0;1101
2016-01-07;83.0;83.0;71.05;72.9;3264
2016-01-06;;76.15;76.15;76.15;0
2016-01-05;75.85;77.0;75.65;76.15;3069
2016-01-04;77.0;77.0;74.2;74.7;2299
2016-01-01;;76.9;76.9;76.9;0
2015-12-31;;76.9;76.9;76.9;0
2015-12-30;76.5;77.55;75.85;76.9;37327
2015-12-29;77.6;78.25;77.3;77.7;16997
2015-12-28;78.0;79.7;76.25;77.5;2935
2015-12-25;78.5;79.5;78.05;78.75;3173
2015-12-24;78.5;79.5;78.05;78.75;3173
2015-12-23;78.5;79.5;78.05;78.75;3173
2015-12-22;79.5;81.45;77.0;78.15;8864
2015-12-21;79.0;81.5;78.9;79.9;5071
2015-12-18;79.8;80.5;78.6;80.5;6036
2015-12-17;82.0;82.2;80.15;81.35;7568
2015-12-16;80.0;80.45;78.25;78.9;15538
2015-12-15;77.4;81.25;77.4;81.25;10267
2015-12-14;78.6;80.0;76.45;77.0;6093
2015-12-11;83.5;83.5;77.2;78.4;11393
2015-12-10;80.65;83.0;79.0;82.3;12227
2015-12-09;80.2;80.2;78.0;79.7;4506
2015-12-08;81.55;82.0;80.35;80.65;5548
2015-12-07;81.35;83.0;81.2;82.25;14043
2015-12-04;81.9;81.9;79.5;81.05;21184
2015-12-03;84.3;85.45;81.0;81.65;2004
2015-12-02;85.75;86.9;84.5;84.8;5649
2015-12-01;85.25;86.35;85.05;85.85;5481
2015-11-30;85.55;86.25;84.55;86.2;6093
2015-11-27;85.0;86.5;84.0;86.5;3830
2015-11-26;84.25;85.4;84.25;84.6;6216
2015-11-25;85.0;85.0;82.8;83.7;7212
2015-11-24;85.65;85.8;83.7;85.0;3129
2015-11-23;85.55;86.35;85.25;85.8;10790
2015-11-20;85.5;86.45;84.7;85.35;5406
2015-11-19;88.5;89.4;85.05;86.5;20998
2015-11-18;86.85;88.5;86.65;88.5;1662
2015-11-17;85.9;87.8;85.9;86.85;6923
2015-11-16;85.0;86.9;84.9;85.85;1670
2015-11-13;85.75;86.0;84.85;84.95;3382
2015-11-12;88.5;88.5;84.95;85.7;9139
2015-11-11;85.6;88.15;85.3;87.65;26925
2015-11-10;86.0;86.0;84.2;85.65;4967
2015-11-09;85.7;86.0;85.0;85.0;5926
2015-11-06;84.65;85.4;83.0;85.4;13920
2015-11-05;84.7;84.8;82.7;83.9;3680
2015-11-04;84.0;84.7;83.4;84.7;11604
2015-11-03;81.35;83.5;81.35;83.5;8035
2015-11-02;80.25;82.25;79.6;81.15;2959
2015-10-30;80.25;80.85;79.2;80.8;7095
2015-10-29;80.0;80.8;78.45;79.1;8595
2015-10-28;80.8;80.8;78.5;79.3;11470
2015-10-27;83.8;83.8;81.15;81.4;18612
2015-10-26;82.0;84.0;79.75;83.35;20727
2015-10-23;82.9;83.5;81.0;82.35;17361
2015-10-22;81.45;82.95;81.4;81.7;15970
2015-10-21;82.25;82.25;80.3;81.45;3250
2015-10-20;81.5;82.15;80.6;82.15;8752
2015-10-19;80.25;81.5;78.3;80.85;4472
2015-10-16;81.0;81.0;77.9;79.45;4619
2015-10-15;77.0;82.8;77.0;80.4;6573
2015-10-14;77.7;78.75;77.7;78.5;6352
2015-10-13;78.5;79.0;76.0;78.5;7207
2015-10-12;79.6;83.9;77.85;78.0;36405
2015-10-09;72.05;74.0;72.05;74.0;4901
2015-10-08;71.6;71.6;70.3;70.95;1248
2015-10-07;71.5;71.5;70.9;71.5;5661
2015-10-06;69.0;70.0;68.05;70.0;5096
2015-10-05;66.0;69.0;66.0;69.0;6368
2015-10-02;64.1;66.7;64.1;65.85;3634
2015-10-01;65.0;67.0;64.0;64.0;4395
2015-09-30;64.45;66.4;64.2;64.9;4638
2015-09-29;65.0;65.45;63.3;64.35;3492
2015-09-28;66.0;67.3;64.15;65.7;2748
2015-09-25;63.0;67.85;63.0;67.0;5874
2015-09-24;67.2;67.2;64.0;65.0;6072
2015-09-23;65.25;67.3;65.25;67.3;1850
2015-09-22;67.7;67.7;65.05;66.25;9835
2015-09-21;65.0;67.75;65.0;67.7;7411
2015-09-18;68.5;68.5;66.1;67.1;2617
2015-09-17;70.0;70.0;69.0;69.9;2933
2015-09-16;70.5;72.45;69.5;70.3;2832
2015-09-15;70.5;71.65;69.5;71.0;4046
2015-09-14;74.3;74.3;70.25;70.5;3038
2015-09-11;75.9;75.9;72.9;73.65;939
2015-09-10;77.0;77.2;75.3;75.3;333
2015-09-09;76.0;78.5;76.0;78.05;1699
2015-09-08;74.5;76.5;74.5;75.7;2334
2015-09-07;74.15;75.15;74.0;75.0;6184
2015-09-04;74.3;75.4;73.25;73.9;4473
2015-09-03;74.45;76.4;73.25;75.65;1357
2015-09-02;75.2;75.2;72.6;73.8;5784
2015-09-01;75.1;75.1;73.2;74.25;5863
2015-08-31;80.0;80.0;75.4;76.9;3272
2015-08-28;77.85;78.95;76.6;77.6;1036
2015-08-27;75.05;78.3;75.05;77.85;2037
2015-08-26;74.0;77.55;73.0;76.5;9644
2015-08-25;72.5;75.6;72.45;74.8;5472
2015-08-24;76.0;76.0;71.0;74.3;10618
2015-08-21;76.9;85.0;76.6;76.8;7277
2015-08-20;79.35;79.9;77.9;79.5;4176
2015-08-19;81.05;81.45;79.5;79.5;798
2015-08-18;82.2;82.35;80.1;80.95;2147
2015-08-17;85.4;85.4;81.0;82.25;1660
2015-08-14;81.5;81.7;80.05;81.7;8894
2015-08-13;81.0;83.0;79.3;83.0;10253
2015-08-12;81.6;81.6;79.15;80.15;2395
2015-08-11;84.4;85.0;81.7;83.0;5042
2015-08-10;84.3;84.5;83.0;84.4;3979
2015-08-07;84.35;84.5;83.3;84.5;2081
2015-08-06;83.7;84.5;83.4;84.35;4854
2015-08-05;84.0;84.3;83.1;83.8;2920
2015-08-04;84.5;84.5;81.6;84.3;1833
2015-08-03;83.0;83.0;81.3;83.0;9343
2015-07-31;83.0;83.0;81.0;81.85;2449
2015-07-30;84.95;84.95;81.5;82.15;4460
2015-07-29;82.85;83.2;81.5;82.0;1623
2015-07-28;80.7;84.95;80.35;82.85;6589
2015-07-27;81.5;81.5;78.8;79.8;7896
2015-07-24;82.95;82.95;79.95;80.0;8681
2015-07-23;83.55;83.55;81.55;81.9;2747
2015-07-22;84.95;84.95;82.0;83.5;23205
2015-07-21;91.0;93.7;83.0;84.95;42865
2015-07-20;91.3;93.0;91.3;91.45;12423
2015-07-17;91.2;91.6;90.7;91.6;6088
2015-07-16;95.0;95.0;90.0;91.0;3185
2015-07-15;87.4;89.7;87.4;89.7;6279
2015-07-14;89.9;89.9;86.7;87.15;1135
2015-07-13;86.8;88.2;86.6;86.6;2670
2015-07-10;85.55;86.8;85.55;86.5;4674
2015-07-09;84.0;84.6;82.15;84.2;3681
2015-07-08;75.45;82.85;75.45;82.25;32239
2015-07-07;83.0;83.05;75.0;75.0;3519
2015-07-06;77.0;85.25;76.0;82.95;2620
2015-07-03;85.0;85.45;84.25;85.25;2314
2015-07-02;86.0;86.0;84.95;85.55;2291
2015-07-01;85.8;86.7;85.45;86.7;1637
2015-06-30;85.75;86.1;84.65;86.05;4576
2015-06-29;86.05;87.0;84.2;87.0;8671
2015-06-26;89.15;90.1;88.5;89.8;4212
2015-06-25;87.35;89.25;87.25;88.45;8316
2015-06-24;87.6;87.95;86.3;87.7;12065
2015-06-23;86.9;87.9;86.2;87.3;8907
2015-06-22;83.1;86.55;83.1;86.35;11351
2015-06-19;;83.25;83.25;83.25;0
2015-06-18;82.1;83.6;80.4;83.25;18279
2015-06-17;83.75;84.35;81.55;82.25;7015
2015-06-16;81.05;84.0;80.7;84.0;10539
2015-06-15;82.0;83.1;81.35;81.95;12881
2015-06-12;85.0;85.0;82.7;83.75;13077
2015-06-11;86.5;86.75;85.0;85.5;12001
2015-06-10;84.0;85.6;83.4;85.55;12093
2015-06-09;83.9;84.25;82.5;84.25;15510
2015-06-08;84.65;85.25;83.5;84.05;28330
2015-06-05;85.55;86.2;84.85;85.0;5603
2015-06-04;87.6;88.15;85.45;85.85;3995
2015-06-03;89.0;89.75;88.75;89.0;5477
2015-06-02;89.5;90.55;88.7;88.7;6597
2015-06-01;90.6;90.6;88.4;89.6;16824
2015-05-29;89.15;91.3;89.15;90.95;10859
2015-05-28;90.2;91.0;89.25;89.25;12092
2015-05-27;88.15;90.55;88.15;90.2;14187
2015-05-26;89.0;90.0;88.15;88.3;7376
2015-05-25;88.8;90.1;88.75;90.1;7822
2015-05-22;90.75;90.85;89.6;90.8;2320
2015-05-21;91.65;91.65;89.6;90.65;3834
2015-05-20;89.8;92.0;89.5;91.45;12700
2015-05-19;86.7;89.5;86.7;89.5;7025
2015-05-18;87.0;88.35;85.8;86.75;4289
2015-05-15;86.45;88.65;86.3;87.9;4213
2015-05-14;84.0;87.25;84.0;87.25;5317
2015-05-13;84.0;87.25;84.0;87.25;5317
2015-05-12;85.35;85.95;83.85;84.9;7545
2015-05-11;87.85;88.0;85.7;86.45;11099
2015-05-08;85.5;87.95;85.5;87.4;6716
2015-05-07;83.85;85.7;79.15;85.7;33176
2015-05-06;83.0;86.45;83.0;85.0;31446
2015-05-05;88.7;88.7;85.6;86.45;13126
2015-05-04;87.5;89.65;87.5;88.75;8448
2015-05-01;88.0;88.2;86.75;87.0;2398
2015-04-30;88.0;88.2;86.75;87.0;2398
2015-04-29;92.7;93.5;86.55;88.2;20265
2015-04-28;97.4;97.4;92.1;92.7;6840
2015-04-27;96.8;97.6;94.85;96.95;15517
2015-04-24;97.3;97.3;93.9;96.2;8600
2015-04-23;96.9;96.9;91.2;95.6;23244
2015-04-22;101.4;101.4;97.6;97.95;10731
2015-04-21;100.0;101.5;99.2;99.2;5239
2015-04-20;97.0;100.4;97.0;99.0;28269
2015-04-17;98.0;99.45;97.5;98.95;5123
2015-04-16;99.2;99.65;97.0;97.2;5358
2015-04-15;98.8;100.8;98.7;99.2;15308
2015-04-14;98.0;100.0;96.55;98.8;23686
2015-04-13;97.0;99.0;96.9;96.9;15060
2015-04-10;94.6;98.0;94.6;97.7;9984
2015-04-09;92.5;95.25;92.5;94.85;5339
2015-04-08;94.3;95.0;92.85;92.85;18746
2015-04-07;92.0;94.2;91.7;94.2;22045
2015-04-02;92.0;92.0;90.35;92.0;4481
2015-04-01;90.0;91.35;89.0;90.85;5386
2015-03-31;90.4;92.0;89.4;89.8;18504
2015-03-30;87.65;90.65;87.65;90.2;8270
2015-03-27;86.65;88.6;86.65;87.0;7265
2015-03-26;85.0;87.15;85.0;87.1;5259
2015-03-25;89.0;90.0;88.0;88.0;14373
2015-03-24;88.0;89.0;88.0;88.5;6253
2015-03-23;89.5;90.05;87.9;88.7;5476
2015-03-20;87.0;90.5;87.0;88.75;17679
2015-03-19;88.5;88.5;87.0;87.0;7413
2015-03-18;86.5;88.3;86.45;87.65;6493
2015-03-17;87.0;87.55;86.0;86.45;16719
2015-03-16;84.65;87.25;84.65;87.0;24506
2015-03-13;83.75;84.3;83.05;84.2;5160
2015-03-12;84.15;84.85;82.9;84.25;4508
2015-03-11;81.5;84.85;81.5;84.85;15789
2015-03-10;83.8;84.0;81.65;82.0;8239
2015-03-09;82.65;83.85;81.45;83.85;8067
2015-03-06;82.8;83.15;81.8;82.65;3420
2015-03-05;81.3;82.35;80.8;82.35;2799
2015-03-04;81.95;81.95;79.25;80.8;21679
2015-03-03;80.8;83.95;80.35;81.3;12040
2015-03-02;81.3;82.5;80.8;81.35;13976
2015-02-27;81.3;82.0;80.1;80.9;11683
2015-02-26;82.6;82.6;81.45;82.0;5768
2015-02-25;84.5;85.0;82.6;82.8;18132
2015-02-24;83.0;84.5;82.8;84.25;12867
2015-02-23;81.95;83.8;81.95;82.45;10504
2015-02-20;81.75;82.75;81.5;81.7;32866
2015-02-19;81.2;81.85;80.7;81.75;24922
2015-02-18;79.3;81.6;79.3;81.6;28392
2015-02-17;80.0;81.8;79.5;79.5;19570
2015-02-16;82.5;82.5;80.55;80.55;24655
2015-02-13;81.0;82.4;81.0;81.0;20181
2015-02-12;81.0;81.5;78.65;80.7;19491
2015-02-11;78.7;79.5;78.6;78.7;11781
2015-02-10;78.5;80.0;78.5;78.7;33081
2015-02-09;80.0;80.0;78.25;78.25;28478
2015-02-06;80.1;81.15;79.55;80.05;20557
2015-02-05;78.0;80.55;77.05;80.4;12632
2015-02-04;81.5;81.5;75.3;78.1;22685
2015-02-03;79.0;81.6;79.0;81.05;17937
2015-02-02;80.4;81.15;78.5;79.05;40902
2015-01-30;79.9;81.1;79.2;80.8;48900
2015-01-29;79.25;79.65;78.45;79.15;23584
2015-01-28;77.9;79.2;76.6;79.1;31127
2015-01-27;79.6;80.5;76.75;77.65;18599
2015-01-26;77.0;80.0;75.2;79.9;23830
2015-01-23;75.6;77.45;75.6;76.8;14532
2015-01-22;77.8;77.8;75.05;75.6;4186
2015-01-21;74.05;77.45;74.05;77.45;5793
2015-01-20;73.65;74.85;73.4;74.6;8644
2015-01-19;72.7;74.15;72.2;73.5;11707
2015-01-16;72.0;72.7;70.95;72.7;1855
2015-01-15;73.0;73.0;70.1;72.1;5290
2015-01-14;72.0;72.2;71.25;71.85;5307
2015-01-13;72.1;73.0;71.6;72.7;8719
2015-01-12;71.2;73.05;71.2;72.55;19246
2015-01-09;71.3;71.7;71.0;71.5;2846
2015-01-08;69.65;71.3;69.25;71.3;13345
2015-01-07;70.15;70.15;68.25;69.75;11398
2015-01-06;;71.35;71.35;71.35;0
2015-01-05;71.35;72.3;70.9;71.35;4603
2015-01-02;71.0;72.5;70.75;71.55;8591
2015-01-01;70.0;71.9;70.0;70.15;4668
2014-12-30;70.0;71.9;70.0;70.15;4668
2014-12-29;72.0;72.25;71.2;71.4;5240
2014-12-23;70.0;72.5;70.0;72.25;16906
2014-12-22;70.0;71.0;70.0;70.45;7722
2014-12-19;69.0;70.2;68.95;70.0;8974
2014-12-18;66.95;69.75;66.95;69.15;11100
2014-12-17;66.25;67.45;66.05;66.95;3377
2014-12-16;63.8;66.2;63.7;66.2;4382
2014-12-15;65.05;66.95;65.05;65.55;2115
2014-12-12;67.0;67.5;66.45;66.45;1080
2014-12-11;65.9;68.0;65.9;68.0;5648
2014-12-10;67.0;68.25;66.7;66.7;1394
2014-12-09;68.55;68.55;67.0;67.0;6226
2014-12-08;69.0;69.5;68.5;68.5;1761
2014-12-05;68.05;69.7;68.05;68.95;3361
2014-12-04;69.0;69.5;67.8;68.3;10463
2014-12-03;68.0;69.0;67.35;69.0;4578
2014-12-02;67.0;68.15;66.0;67.7;4890
2014-12-01;67.0;67.45;66.0;66.65;22283
2014-11-28;65.6;67.35;65.6;66.15;8331
2014-11-27;65.4;66.05;65.15;66.0;9272
2014-11-26;65.1;66.4;65.1;65.5;4574
2014-11-25;66.0;66.45;65.3;66.25;6346
2014-11-24;65.0;66.45;65.0;66.0;8738
2014-11-21;63.0;65.5;63.0;65.0;15982
2014-11-20;63.5;63.5;62.4;63.5;3445
2014-11-19;62.8;63.4;62.05;63.4;5292
2014-11-18;61.6;62.95;61.6;62.85;8956
2014-11-17;60.2;61.85;60.2;61.7;6476
2014-11-14;60.6;61.65;60.6;60.6;3311
2014-11-13;59.5;61.05;59.5;60.4;3644
2014-11-12;61.35;61.5;59.5;59.5;15776
2014-11-11;61.2;61.65;61.2;61.35;2803
2014-11-10;62.0;62.0;61.2;61.7;5765
2014-11-07;62.45;63.25;61.95;62.55;17905
2014-11-06;62.2;62.45;61.25;61.85;4863
2014-11-05;62.0;62.9;61.1;62.65;7350
2014-11-04;60.75;62.3;60.75;61.2;28499
2014-11-03;60.65;62.25;60.6;61.8;18281
2014-10-31;60.2;61.9;60.2;61.9;14061
2014-10-30;60.5;60.75;58.55;60.6;7876
2014-10-29;61.7;62.95;60.1;61.05;11955
2014-10-28;61.95;63.05;61.45;62.5;7876
2014-10-24;60.8;60.8;57.85;57.85;2717
2014-10-23;59.65;61.1;59.65;60.25;68716
2014-10-22;60.7;61.0;58.85;59.25;15183
2014-10-21;58.85;60.8;58.8;59.8;3554
2014-10-20;57.7;60.0;57.25;58.25;1540
2014-10-17;54.6;57.7;54.3;57.7;2501
2014-10-16;53.5;55.8;53.0;54.7;10681
2014-10-15;57.95;57.95;54.85;55.35;9746
2014-10-14;57.0;57.35;55.35;57.35;15481
2014-10-13;54.05;56.55;54.05;55.3;6934
2014-10-10;56.4;56.7;54.85;54.95;5118
2014-10-09;56.05;57.9;56.05;56.5;5967
2014-10-08;57.0;58.15;56.45;56.45;12192
2014-10-07;59.0;59.0;57.45;57.7;5431
2014-10-06;58.05;59.15;58.05;58.5;3058
2014-10-03;58.0;58.65;58.0;58.6;6391
2014-10-02;59.1;59.1;57.9;57.9;21156
2014-10-01;60.5;60.55;59.0;59.0;923
2014-09-30;59.0;60.1;59.0;59.45;1301
2014-09-29;59.05;59.65;59.05;59.05;2436
2014-09-26;60.0;60.2;59.7;59.7;8659
2014-09-25;60.0;60.5;59.4;59.95;5116
2014-09-24;59.85;59.85;58.75;59.55;4970
2014-09-23;59.9;59.9;59.4;59.45;3232
2014-09-22;61.0;61.0;60.0;61.0;2123
2014-09-19;60.0;61.1;60.0;61.1;3860
2014-09-18;62.0;62.0;60.5;60.5;1431
2014-09-17;60.0;61.4;60.0;61.4;1623
2014-09-16;59.9;59.9;59.05;59.6;3393
2014-09-15;60.8;60.8;59.05;59.05;7239
2014-09-12;59.5;61.0;59.5;61.0;2267
2014-09-11;60.25;61.0;60.25;60.9;9389
2014-09-10;62.3;62.3;60.1;60.1;1835
2014-09-09;63.7;63.7;62.0;62.4;3853
2014-09-08;64.0;64.1;63.6;63.7;8668
2014-09-05;63.7;64.4;63.25;64.1;13081
2014-09-04;62.4;64.0;62.35;63.7;5102
2014-09-03;61.1;62.55;61.1;62.55;9248
2014-09-02;60.2;61.7;60.2;61.1;3831
2014-09-01;61.2;61.3;60.1;60.35;3210
2014-08-29;61.75;61.75;59.95;60.6;8419
2014-08-28;61.2;61.85;60.85;61.75;2567
2014-08-27;61.5;62.55;61.5;62.05;4408
2014-08-26;59.8;61.55;59.8;61.5;8997
2014-08-25;60.0;60.8;59.5;59.7;4634
2014-08-22;60.6;60.7;59.25;59.35;6459
2014-08-21;60.2;61.1;59.6;60.45;5844
2014-08-20;58.5;60.2;58.5;59.45;3417
2014-08-19;59.0;60.45;59.0;59.05;3383
2014-08-18;57.6;59.45;57.6;59.45;2576
2014-08-15;59.0;59.1;57.1;57.1;4788
2014-08-14;58.5;58.9;57.85;58.9;2290
2014-08-13;59.5;59.55;58.65;58.65;1001
2014-08-12;59.45;59.45;57.0;58.6;2822
2014-08-11;57.75;59.0;57.65;58.6;5516
2014-08-08;58.8;58.8;57.45;58.05;3883
2014-08-07;59.85;59.85;58.45;58.55;2181
2014-08-06;60.7;60.7;58.4;59.65;10402
2014-08-05;63.0;63.45;60.55;61.1;9763
2014-08-04;62.1;63.65;62.0;62.75;6913
2014-08-01;62.0;64.2;61.65;62.2;3714
2014-07-31;64.9;64.9;63.0;63.0;7457
2014-07-30;63.6;64.65;63.55;64.65;2424
2014-07-29;64.05;65.15;63.5;64.9;4118
2014-07-28;65.0;66.25;64.1;65.15;4991
2014-07-25;65.3;65.75;64.3;65.7;5466
2014-07-24;65.95;66.95;65.3;65.3;8659
2014-07-23;67.0;67.0;65.3;65.95;3356
2014-07-22;67.3;68.6;65.3;65.3;33745
2014-07-21;65.8;68.9;65.8;67.3;16260
2014-07-18;65.3;66.0;65.3;65.8;395
2014-07-17;68.0;68.0;66.0;66.0;13302
2014-07-16;66.4;67.9;66.4;67.7;8916
2014-07-15;66.2;66.65;65.05;65.35;3639
2014-07-14;65.6;65.95;65.1;65.7;5818
2014-07-11;64.6;64.95;64.1;64.65;7028
2014-07-10;65.5;65.5;64.4;64.6;4251
2014-07-09;66.7;66.95;66.0;66.25;19597
2014-07-08;67.25;67.3;66.45;66.7;12598
2014-07-07;68.5;68.55;67.0;67.55;3364
2014-07-04;68.4;68.85;68.05;68.5;3093
2014-07-03;66.35;69.7;66.35;69.35;16420
2014-07-02;67.0;67.1;66.35;66.35;2995
2014-07-01;66.0;67.0;66.0;67.0;4651
2014-06-30;66.8;67.4;65.7;66.85;8534
2014-06-27;67.4;67.4;65.9;66.85;3585
2014-06-26;67.4;67.75;66.5;67.0;8581
2014-06-25;68.5;68.5;65.6;67.45;6396
2014-06-24;68.05;68.5;67.9;68.35;5448
2014-06-23;68.7;68.7;67.45;67.6;11224
2014-06-20;;68.7;68.7;68.7;0
2014-06-19;68.1;68.7;67.65;68.7;12094
2014-06-18;67.0;67.95;66.75;67.95;1585
2014-06-17;67.15;67.95;66.7;67.3;5597
2014-06-16;66.5;67.7;66.35;67.65;3005
2014-06-13;69.4;69.4;66.3;67.5;7111
2014-06-12;69.3;69.55;67.9;68.0;10033
2014-06-11;69.7;70.2;69.0;70.2;6459
2014-06-10;69.4;71.25;69.4;71.25;8192
2014-06-09;70.25;71.2;70.25;71.05;32552
2014-06-06;;69.95;69.95;69.95;0
2014-06-05;68.7;70.25;68.5;69.95;45942
2014-06-04;68.65;69.35;68.0;68.7;16101
2014-06-03;68.65;69.0;68.0;68.7;25524
2014-06-02;68.7;69.7;68.35;68.85;23548
2014-05-30;69.5;69.5;68.6;69.4;11159
2014-05-28;70.0;70.1;69.55;70.05;2837
2014-05-27;69.85;70.5;69.45;70.2;30479
2014-05-26;70.0;70.0;69.2;69.85;18423
2014-05-23;68.5;69.8;68.5;69.8;14945
2014-05-22;69.6;69.6;68.5;69.0;5404
2014-05-21;68.0;69.6;68.0;69.15;3667
2014-05-20;67.5;69.0;67.5;68.85;6281
2014-05-19;66.1;69.0;66.1;67.75;12052
2014-05-16;67.1;67.75;66.1;66.5;1410
2014-05-15;69.65;69.65;67.1;67.1;4764
2014-05-14;70.0;70.0;68.6;69.65;765
2014-05-13;69.75;71.0;69.15;70.0;5523
2014-05-12;69.2;69.9;69.2;69.9;4050
2014-05-09;68.2;69.4;68.15;69.2;7889
2014-05-08;67.75;68.95;67.45;68.95;4003
2014-05-07;67.25;67.45;66.5;67.45;10369
2014-05-06;66.5;68.6;66.5;67.25;16147
2014-05-05;68.95;68.95;66.65;67.5;15437
2014-05-02;68.0;68.35;67.2;67.95;3679
2014-05-01;;67.45;67.45;67.45;0
2014-04-30;67.35;68.15;66.8;67.45;8813
2014-04-29;65.9;68.7;65.9;68.55;13723
2014-04-28;65.7;66.8;65.1;65.75;41171
2014-04-25;68.5;68.5;65.85;65.9;7497
2014-04-24;70.0;71.05;67.95;68.9;19316
2014-04-23;68.0;73.4;68.0;72.6;26332
2014-04-22;68.75;70.0;68.7;68.7;38993
2014-04-17;68.8;68.9;68.05;68.6;13766
2014-04-16;68.5;69.25;68.0;69.0;15016
2014-04-15;68.7;69.0;67.85;68.65;8989
2014-04-14;70.05;70.05;67.05;68.7;21367
2014-04-11;70.0;71.25;69.45;70.7;6770
2014-04-10;73.0;73.0;71.0;71.75;3331
2014-04-09;71.0;72.8;70.8;72.75;4528
2014-04-08;71.7;72.15;69.9;71.0;4806
2014-04-07;72.0;72.0;71.3;71.8;5549
2014-04-04;71.85;73.9;71.6;73.1;11723
2014-04-03;70.0;71.7;69.8;71.7;14344
2014-04-02;70.0;70.15;69.4;70.0;6342
2014-04-01;70.0;70.45;68.8;70.45;7150
2014-03-31;70.0;70.0;68.8;69.9;6866
2014-03-28;68.8;70.0;68.25;69.2;17819
2014-03-27;68.5;68.8;67.35;68.7;21909
2014-03-26;67.35;69.1;67.0;68.35;12774
2014-03-25;65.9;67.25;65.7;67.25;10272
2014-03-24;67.5;67.55;65.35;65.75;1388
2014-03-21;67.85;67.85;67.1;67.85;950
2014-03-20;68.0;68.0;66.5;67.6;7980
2014-03-19;67.8;69.2;67.05;68.0;4517
2014-03-18;68.6;69.1;67.4;69.1;8532
2014-03-17;66.5;68.45;66.5;68.45;8103
2014-03-14;66.2;68.0;66.15;68.0;6599
2014-03-13;69.0;69.2;67.5;68.15;9588
2014-03-12;70.7;70.7;68.75;69.9;10709
2014-03-11;69.5;70.75;69.5;70.7;14970
2014-03-10;70.0;71.5;69.0;69.5;33865
2014-03-07;71.3;72.2;71.0;71.0;8248
2014-03-06;70.6;72.9;70.6;72.2;16737
2014-03-05;72.2;72.9;71.65;72.9;11450
2014-03-04;70.0;72.35;70.0;72.2;18017
2014-03-03;70.5;71.9;70.25;71.3;12040
2014-02-28;72.3;73.9;72.3;73.2;2245
2014-02-27;72.35;74.4;72.35;73.5;7827
2014-02-26;74.0;74.6;73.0;74.4;7809
2014-02-25;71.1;74.25;71.1;74.25;11038
2014-02-24;72.5;73.55;72.4;73.5;9417
2014-02-21;70.5;73.4;70.5;73.4;10373
2014-02-20;72.0;72.95;71.5;72.95;6151
2014-02-19;72.3;73.4;72.3;73.4;6727
2014-02-18;70.5;72.65;70.5;72.6;3869
2014-02-17;70.75;72.0;70.65;71.5;21622
2014-02-14;70.6;72.0;70.6;71.35;7672
2014-02-13;71.0;71.9;70.3;71.45;5818
2014-02-12;70.75;71.0;70.0;71.0;11134
2014-02-11;69.0;70.8;68.95;70.8;12315
2014-02-10;67.0;69.9;67.0;69.2;40337
2014-02-07;67.6;69.2;67.6;69.15;24575
2014-02-06;65.0;68.2;64.05;67.55;20417
2014-02-05;60.5;65.8;60.5;65.7;13172
2014-02-04;60.5;61.55;60.1;60.85;8396
2014-02-03;63.0;63.35;61.0;61.0;8804
2014-01-31;64.95;64.95;62.05;63.2;1075
2014-01-30;64.0;65.0;63.55;63.8;9875
2014-01-29;63.5;66.5;63.5;64.05;27501
2014-01-28;63.0;64.0;62.95;63.0;34459
2014-01-27;63.9;63.9;62.15;62.95;24990
2014-01-24;65.0;67.0;63.9;64.3;34121
2014-01-23;66.5;67.55;65.05;65.05;26029
2014-01-22;66.5;67.2;66.0;66.0;3375
2014-01-21;68.0;68.0;65.5;65.9;3467
2014-01-20;69.0;69.0;66.0;66.8;2988
2014-01-17;66.6;67.35;66.6;66.85;3453
2014-01-16;67.3;67.9;66.6;66.6;14507
2014-01-15;67.0;67.5;66.9;67.3;2394
2014-01-14;68.5;68.5;65.7;66.65;8184
2014-01-13;66.5;67.1;66.5;67.1;8382
2014-01-10;66.4;68.35;66.4;67.0;6707
2014-01-09;66.05;66.85;66.05;66.35;5348
2014-01-08;65.2;66.95;65.2;66.2;7360
2014-01-07;64.9;66.0;64.7;65.2;16142
2014-01-06;;65.0;65.0;65.0;0
2014-01-03;64.0;65.2;64.0;65.0;3341
2014-01-02;65.25;65.3;63.9;64.3;20040
2013-12-31;;65.3;65.3;65.3;0
2013-12-30;65.3;66.0;64.75;65.3;5723
2013-12-27;64.0;65.9;64.0;65.3;3784
2013-12-23;63.2;64.65;63.0;64.15;12511
2013-12-20;63.7;64.0;62.55;63.5;9635
2013-12-19;62.0;64.25;62.0;63.9;3511
2013-12-18;62.7;62.7;61.55;61.8;4410
2013-12-17;62.7;64.0;62.65;63.15;1858
2013-12-16;63.0;63.7;62.4;63.0;4964
2013-12-13;63.35;63.35;61.6;63.0;1796
2013-12-12;62.95;62.95;61.5;61.5;2372
2013-12-11;62.45;63.0;62.45;63.0;985
2013-12-10;62.25;63.35;61.85;62.3;9096
2013-12-09;63.15;63.15;61.5;62.25;782
2013-12-06;62.8;63.35;62.15;63.35;1365
2013-12-05;62.0;63.4;62.0;62.8;4138
2013-12-04;61.45;63.5;61.45;63.5;34805
2013-12-03;64.0;64.0;62.2;62.85;7252
2013-12-02;64.9;65.15;64.05;65.0;6937
2013-11-29;66.95;66.95;64.85;65.25;17397
2013-11-28;67.0;67.5;66.75;66.85;4232
2013-11-27;66.25;67.2;66.0;67.0;7360
2013-11-26;65.4;66.4;65.25;66.25;8739
2013-11-25;64.75;65.95;64.75;65.0;7486
2013-11-22;64.7;65.0;63.4;63.4;8073
2013-11-21;64.0;64.7;64.0;64.7;3973
2013-11-20;63.0;64.6;63.0;64.15;7562
2013-11-19;65.0;65.1;64.0;64.05;15453
2013-11-18;64.0;65.45;64.0;65.3;28818
2013-11-15;63.5;65.05;63.5;64.2;4467
2013-11-14;63.15;64.55;63.15;63.9;4969
2013-11-13;62.6;64.05;62.45;63.4;7212
2013-11-12;63.85;64.3;62.55;64.2;8506
2013-11-11;63.95;64.2;63.55;64.0;38418
2013-11-08;63.5;64.0;62.9;63.95;11090
2013-11-07;62.9;63.5;62.8;63.35;32838
2013-11-06;62.6;63.5;62.6;62.9;11919
2013-11-05;62.3;63.5;62.3;63.0;15254
2013-11-04;62.0;62.75;62.0;62.55;45623
2013-11-01;62.0;62.15;61.55;62.0;20468
2013-10-31;60.5;61.7;60.5;61.45;5700
2013-10-30;60.0;61.75;60.0;61.75;6597
2013-10-29;60.1;61.0;59.6;60.25;26010
2013-10-28;59.0;59.9;59.0;59.3;6577
2013-10-25;60.5;61.0;59.5;59.5;8146
2013-10-24;59.0;61.0;59.0;60.75;15198
2013-10-23;59.0;59.45;58.0;59.45;6259
2013-10-22;63.0;63.0;59.0;59.95;12151
2013-10-21;61.9;62.2;61.4;62.0;2647
2013-10-18;62.1;62.1;61.0;61.9;3820
2013-10-17;62.3;63.0;61.75;62.2;14429
2013-10-16;61.0;62.0;60.5;62.0;27302
2013-10-15;59.8;61.5;59.8;61.0;19461
2013-10-14;58.5;59.9;58.0;59.4;21053
2013-10-11;58.0;58.8;58.0;58.5;21976
2013-10-10;55.25;58.0;55.25;57.7;19593
2013-10-09;55.4;57.3;54.85;56.0;20122
2013-10-08;54.5;55.65;54.5;55.45;10144
2013-10-07;56.5;56.5;54.75;56.0;8446
2013-10-04;56.0;56.5;55.45;56.3;4194
2013-10-03;56.0;56.9;55.5;56.6;3323
2013-10-02;55.5;56.5;55.5;56.5;6714
2013-10-01;56.0;57.0;55.0;55.75;9921
2013-09-30;58.15;58.15;56.0;56.95;17779
2013-09-27;59.6;59.6;58.0;59.15;9498
2013-09-26;59.0;59.5;58.1;59.45;9392
2013-09-25;58.0;59.7;58.0;59.1;5556
2013-09-24;61.0;61.0;58.95;59.6;11986
2013-09-23;58.0;60.0;58.0;59.85;3908
2013-09-20;60.0;60.0;59.0;59.8;5350
2013-09-19;61.9;61.95;59.75;61.0;6438
2013-09-18;62.0;62.0;60.35;61.55;14796
2013-09-17;59.0;61.2;59.0;61.2;22447
2013-09-16;60.0;60.0;59.0;59.5;7324
2013-09-13;58.0;59.0;58.0;59.0;12178
2013-09-12;58.55;58.7;58.0;58.5;6543
2013-09-11;58.0;58.65;58.0;58.25;11078
2013-09-10;56.5;58.0;56.5;57.95;64688
2013-09-09;56.0;57.05;55.9;56.0;12728
2013-09-06;55.4;55.95;54.8;55.9;5761
2013-09-05;53.9;55.65;53.9;55.55;37315
2013-09-04;54.0;54.0;53.0;53.95;554
2013-09-03;53.5;54.2;52.5;54.2;8381
2013-09-02;52.5;54.45;52.5;54.0;6892
2013-08-30;53.8;53.8;52.5;53.4;7772
2013-08-29;53.0;53.65;52.3;53.5;3400
2013-08-28;52.0;54.0;52.0;53.95;8225
2013-08-27;53.0;54.4;52.45;53.5;5057
2013-08-26;55.0;55.0;53.8;54.45;981
2013-08-23;54.55;54.9;54.0;54.7;2770
2013-08-22;54.7;54.9;53.75;54.55;5007
2013-08-21;53.95;55.0;53.95;55.0;600
2013-08-20;55.5;55.5;54.0;55.0;1357
2013-08-19;54.0;55.15;54.0;55.15;14419
2013-08-16;53.75;55.3;53.75;55.0;9173
2013-08-15;54.7;54.7;53.75;54.7;2310
2013-08-14;55.75;56.0;54.05;55.95;5120
2013-08-13;54.55;56.0;52.95;56.0;20608
2013-08-12;53.0;55.0;53.0;54.85;6454
2013-08-09;53.5;54.0;53.0;53.9;3539
2013-08-08;52.0;53.5;52.0;53.5;2314
2013-08-07;51.9;53.4;51.9;53.4;4542
2013-08-06;52.0;53.3;51.5;52.85;4248
2013-08-05;53.7;53.7;52.4;53.0;5210
2013-08-02;53.0;53.7;52.7;53.5;2401
2013-08-01;53.0;53.7;52.5;53.7;3627
2013-07-31;52.9;53.0;51.05;52.95;5554
2013-07-30;51.95;52.9;51.95;52.75;5039
2013-07-29;51.0;51.85;51.0;51.75;8798
2013-07-26;52.6;52.6;51.3;52.1;1039
2013-07-25;52.65;52.65;51.5;52.6;1642
2013-07-24;52.8;53.0;52.0;52.8;505
2013-07-23;51.75;52.8;51.1;52.8;7136
2013-07-22;53.1;53.1;52.0;52.75;515
2013-07-19;53.0;53.55;52.05;53.3;1068
2013-07-18;52.0;53.75;51.1;53.6;2684
2013-07-17;52.5;53.2;52.5;53.2;3093
2013-07-16;53.75;53.75;52.55;53.75;1839
2013-07-15;53.5;53.75;53.3;53.75;2789
2013-07-12;53.5;53.95;53.0;53.75;4668
2013-07-11;53.0;54.0;53.0;53.5;5093
2013-07-10;53.95;53.95;52.5;53.85;2338
2013-07-09;53.4;54.9;52.2;54.45;4889
2013-07-08;53.0;53.5;52.3;53.3;2998
2013-07-05;52.75;53.25;52.0;53.0;6211
2013-07-04;52.3;53.0;51.0;52.7;6198
2013-07-03;51.9;52.3;51.0;52.3;1546
2013-07-02;52.65;52.65;51.75;52.4;505
2013-07-01;52.9;52.9;51.15;52.3;12819
2013-06-28;52.0;52.0;51.0;51.95;671
2013-06-27;52.0;52.0;51.0;52.0;3013
2013-06-26;50.0;52.0;50.0;52.0;3200
2013-06-25;50.0;52.5;49.3;52.5;2582
2013-06-24;53.9;53.9;48.0;50.1;8062
2013-06-21;;52.0;52.0;52.0;0
2013-06-20;53.0;53.0;51.0;52.0;1554
2013-06-19;53.2;53.2;51.5;52.9;8540
2013-06-18;54.45;54.45;52.0;53.35;10574
2013-06-17;52.0;54.45;51.2;53.1;4788
2013-06-14;52.0;52.9;50.8;52.9;1942
2013-06-13;51.0;52.6;51.0;52.5;193
2013-06-12;51.8;52.95;51.7;52.9;1377
2013-06-11;51.65;52.0;50.5;51.8;1636
2013-06-10;50.0;52.0;50.0;52.0;4502
2013-06-07;51.75;51.75;50.0;51.7;1275
2013-06-06;;51.75;51.75;51.75;0
2013-06-05;52.0;52.4;50.5;51.75;5026
2013-06-04;53.45;53.45;52.0;52.7;3063
2013-06-03;52.0;53.95;52.0;53.45;7086
2013-05-31;55.0;55.0;53.0;54.45;5263
2013-05-30;54.0;55.0;53.0;54.45;2712
2013-05-29;53.5;54.4;53.3;54.3;9676
2013-05-28;53.05;53.95;53.05;53.75;5574
2013-05-27;53.5;54.4;53.05;53.65;5001
2013-05-24;52.05;54.0;52.05;53.8;5028
2013-05-23;53.5;53.85;53.0;53.5;6638
2013-05-22;54.0;54.4;53.5;54.0;4564
2013-05-21;55.0;55.0;53.7;54.0;8089
2013-05-20;54.1;55.0;53.6;54.8;5025
2013-05-17;54.6;55.35;54.05;54.75;5713
2013-05-16;55.0;55.2;54.75;55.1;6972
2013-05-15;54.8;55.7;54.65;55.6;16141
2013-05-14;54.1;55.4;54.0;54.55;7387
2013-05-13;54.0;55.65;54.0;55.65;2595
2013-05-10;55.8;55.8;53.6;53.6;17552
2013-05-09;;55.8;55.8;55.8;0
2013-05-08;55.3;56.0;54.65;55.8;7764
2013-05-07;55.0;55.3;54.0;55.3;3027
2013-05-06;55.0;55.0;54.05;54.5;3910
2013-05-03;54.0;55.3;54.0;54.7;10272
2013-05-02;54.3;54.3;53.0;53.95;1534
2013-05-01;;54.2;54.2;54.2;0
2013-04-30;54.0;54.75;52.5;54.2;8989
2013-04-29;54.5;54.7;52.75;54.7;5325
2013-04-26;54.0;55.0;53.5;55.0;3649
2013-04-25;55.8;55.8;53.7;54.95;8167
2013-04-24;55.5;55.5;53.7;55.1;2518
2013-04-23;55.0;56.0;54.0;56.0;5874
2013-04-22;54.0;54.85;53.35;54.85;6572
2013-04-19;55.85;55.85;53.35;54.65;5152
2013-04-18;54.0;54.0;52.0;53.35;4380
2013-04-17;54.0;54.5;52.9;54.2;4525
2013-04-16;54.8;55.15;53.0;54.0;1740
2013-04-15;55.0;55.0;53.0;54.8;2050
2013-04-12;54.5;55.2;54.35;55.05;1087
2013-04-11;55.0;55.2;54.0;55.15;3959
2013-04-10;54.25;55.35;53.5;54.95;1887
2013-04-09;54.85;55.25;53.0;54.25;3585
2013-04-08;53.5;53.9;52.1;53.9;4143
2013-04-05;55.5;55.5;53.0;54.4;4080
2013-04-04;55.0;55.0;52.5;54.75;3730
2013-04-03;54.85;55.0;51.5;54.0;8285
2013-04-02;54.75;55.0;54.75;54.8;1885
2013-04-01;;54.75;54.75;54.75;0
2013-03-29;55.5;54.75;54.75;54.75;512
2013-03-28;55.5;55.5;54.0;54.85;512
2013-03-27;55.5;55.5;54.0;54.85;512
2013-03-26;54.3;55.5;53.0;55.05;1637
2013-03-25;54.9;55.5;53.75;55.35;7459
2013-03-22;55.5;55.5;52.5;52.5;8002
2013-03-21;55.0;55.0;53.1;54.2;5029
2013-03-20;54.5;56.4;54.5;55.95;1689
2013-03-19;56.2;56.35;54.75;55.65;1233
2013-03-18;56.7;56.7;55.0;56.35;2865
2013-03-15;55.5;56.2;55.1;56.1;1827
2013-03-14;56.7;56.7;56.0;56.5;3315
2013-03-13;56.55;56.55;55.3;56.35;2114
2013-03-12;56.5;56.7;55.5;56.6;1475
2013-03-11;56.55;56.7;55.5;56.45;2451
2013-03-08;56.0;56.8;55.5;56.7;3555
2013-03-07;56.1;56.85;55.5;56.65;1315
2013-03-06;56.9;56.9;55.5;56.5;10126
2013-03-05;56.6;57.0;56.4;56.9;8177
2013-03-04;56.3;57.4;55.0;56.6;10506
2013-03-01;57.55;57.55;56.05;56.85;1735
2013-02-28;56.0;57.9;56.0;57.55;3868
2013-02-27;56.45;57.8;55.5;57.4;5069
2013-02-26;55.2;56.45;54.05;56.45;12139
2013-02-25;55.5;57.35;55.5;56.4;8591
2013-02-22;55.2;56.45;55.2;56.0;7762
2013-02-21;56.75;56.75;54.5;56.6;10879
2013-02-20;57.6;58.0;55.55;57.0;5242
2013-02-19;57.8;57.8;54.7;57.6;8130
2013-02-18;56.7;57.85;54.4;57.8;9030
2013-02-15;56.5;59.0;55.7;56.7;14471
2013-02-14;57.5;57.5;55.5;56.95;15990
2013-02-13;53.0;55.5;53.0;55.4;18529
2013-02-12;52.0;53.0;52.0;52.1;12672
2013-02-11;51.0;52.0;51.0;51.95;12494
2013-02-08;52.0;52.2;49.85;50.6;18266
2013-02-07;52.15;53.45;51.4;52.45;9226
2013-02-06;53.6;54.4;51.0;52.8;24354
2013-02-05;55.75;56.0;53.15;54.75;13782
2013-02-04;58.0;59.3;56.0;56.5;13938
2013-02-01;58.55;60.0;56.55;58.4;10483
2013-01-31;59.0;60.0;55.0;57.45;11413
2013-01-30;60.0;60.0;58.25;59.0;13054
2013-01-29;59.8;60.0;58.25;58.95;7959
2013-01-28;61.5;61.95;59.65;60.85;12522
2013-01-25;63.7;64.45;60.15;61.75;25098
2013-01-24;63.5;64.2;63.5;63.55;23118
2013-01-23;62.0;63.65;61.5;63.0;14339
2013-01-22;59.5;63.0;59.5;61.4;29701
2013-01-21;56.45;60.0;56.45;59.5;22364
2013-01-18;55.0;56.5;54.55;55.0;34276
2013-01-17;53.0;54.65;52.45;54.25;13469
2013-01-16;53.0;53.0;51.0;52.45;4601
2013-01-15;52.5;53.0;52.0;52.75;2535
2013-01-14;53.1;53.65;52.0;53.65;7659
2013-01-11;51.0;53.65;51.0;53.0;5555
2013-01-10;51.0;52.4;51.0;51.0;13102
2013-01-09;50.1;52.2;50.1;51.0;2482
2013-01-08;51.6;52.0;50.05;50.05;3020
2013-01-07;52.95;52.95;51.0;51.0;7584
2013-01-04;53.0;53.0;51.0;52.0;4119
2013-01-03;51.55;53.1;50.3;52.05;8034
2013-01-02;49.5;52.15;49.5;51.5;7856
2013-01-01;;49.5;49.5;49.5;0
2012-12-31;;49.5;49.5;49.5;0
2012-12-28;49.5;50.0;48.35;49.5;14358
