Dates;Open;High;Low;Close;Volume
2017-12-27;183.5;184.9;181.0;183.1;63495
2017-12-22;184.4;186.1;181.3;186.0;74437
2017-12-21;183.4;185.1;181.9;185.1;68092
2017-12-20;183.6;185.1;181.9;183.8;59638
2017-12-19;183.0;185.5;180.9;183.5;109790
2017-12-18;178.1;184.3;177.1;183.1;63366
2017-12-15;181.8;181.8;177.8;178.2;90488
2017-12-14;182.5;184.7;181.0;182.2;64194
2017-12-13;186.0;186.3;181.9;182.8;74416
2017-12-12;183.0;188.2;183.0;186.0;104891
2017-12-11;180.6;183.0;180.4;182.0;62766
2017-12-08;182.1;182.9;179.5;180.4;131448
2017-12-07;182.7;183.9;181.1;182.0;84125
2017-12-06;182.5;183.0;180.2;182.7;161831
2017-12-05;174.0;184.8;174.0;183.7;206797
2017-12-04;168.0;173.7;167.5;173.1;83694
2017-12-01;170.2;171.4;166.8;166.8;66402
2017-11-30;174.1;175.1;170.4;170.4;115012
2017-11-29;174.1;177.1;173.7;173.9;57937
2017-11-28;171.9;175.8;171.9;174.1;53114
2017-11-27;173.8;175.0;172.0;172.0;69813
2017-11-24;174.2;176.4;173.5;173.8;70295
2017-11-23;177.3;177.7;173.9;173.9;51445
2017-11-22;178.4;178.9;176.9;177.3;64925
2017-11-21;179.1;181.6;176.4;178.4;93543
2017-11-20;177.5;180.1;175.7;179.2;88813
2017-11-17;179.1;180.6;176.0;177.5;143876
2017-11-16;176.2;179.1;176.2;179.0;134849
2017-11-15;170.9;177.4;170.0;175.5;152606
2017-11-14;173.9;175.2;170.5;171.6;135365
2017-11-13;173.9;174.7;172.8;173.9;92097
2017-11-10;174.8;174.8;172.4;173.9;97523
2017-11-09;178.3;178.3;173.0;174.8;83650
2017-11-08;178.2;179.2;178.0;179.1;112257
2017-11-07;181.8;181.8;177.9;178.5;69885
2017-11-06;183.8;183.8;178.3;181.8;68890
2017-11-03;181.6;185.3;181.5;183.9;54859
2017-11-02;179.8;182.5;179.8;181.6;77992
2017-11-01;178.5;180.7;178.1;180.0;170547
2017-10-31;179.9;182.1;177.5;179.1;145586
2017-10-30;184.8;187.5;179.9;179.9;137972
2017-10-27;181.0;185.6;176.3;184.8;301222
2017-10-26;189.4;191.5;189.4;190.0;94734
2017-10-25;191.6;192.5;189.0;189.4;96206
2017-10-24;192.0;193.5;190.8;191.6;56797
2017-10-23;192.2;194.8;192.0;192.5;320532
2017-10-20;193.4;194.4;192.0;192.4;57805
2017-10-19;192.1;193.9;191.7;193.4;59872
2017-10-18;192.6;193.5;190.6;192.2;61727
2017-10-17;195.4;195.4;188.6;193.5;75904
2017-10-13;196.3;200.7;195.9;200.5;96239
2017-10-12;195.9;196.9;195.1;196.3;44818
2017-10-11;194.4;195.5;193.3;195.0;74768
2017-10-10;197.4;197.8;194.1;195.5;61075
2017-10-09;195.0;199.2;194.6;197.5;55845
2017-10-06;197.1;199.0;194.4;195.4;49919
2017-10-05;200.0;200.6;196.8;197.9;37098
2017-10-04;201.8;202.0;197.3;199.9;66170
2017-10-03;199.3;201.9;198.6;201.9;67984
2017-10-02;198.9;199.5;196.7;199.5;63760
2017-09-29;199.3;199.5;198.4;199.5;59663
2017-09-28;199.5;200.0;196.7;199.3;45621
2017-09-27;198.7;199.9;197.5;199.4;50223
2017-09-26;195.7;199.3;194.8;198.0;45976
2017-09-25;196.5;198.0;195.3;195.9;98099
2017-09-22;195.7;198.0;195.2;196.6;57799
2017-09-21;197.3;198.2;194.5;196.2;114480
2017-09-20;199.4;200.0;197.0;197.2;49745
2017-09-19;198.1;200.3;197.7;199.4;49738
2017-09-18;195.5;199.9;195.5;198.2;88368
2017-09-15;199.5;200.0;195.1;195.1;148792
2017-09-14;200.2;200.4;199.3;199.3;54830
2017-09-13;200.3;200.4;199.7;200.3;33762
2017-09-12;200.2;201.5;199.2;200.6;39525
2017-09-11;199.2;201.6;199.0;200.3;50963
2017-09-08;199.9;200.6;199.0;199.3;35854
2017-09-07;197.3;201.1;197.3;200.8;39656
2017-09-06;199.4;199.4;196.2;197.8;71850
2017-09-04;199.9;199.9;197.0;197.6;53632
2017-09-01;200.1;202.1;199.7;199.9;46899
2017-08-31;197.9;200.7;197.9;200.2;75067
2017-08-30;195.5;199.4;195.5;197.9;67999
2017-08-29;200.5;200.5;194.2;195.2;90083
2017-08-28;198.5;201.0;198.5;198.6;33968
2017-08-25;199.3;200.9;198.3;199.7;35185
2017-08-24;200.4;200.7;198.5;199.3;75034
2017-08-23;205.1;205.1;200.0;200.9;69769
2017-08-22;202.5;205.8;201.7;205.1;61905
2017-08-21;201.5;202.8;200.6;201.6;94960
2017-08-18;202.3;202.7;200.0;201.5;90816
2017-08-17;203.8;205.4;202.4;203.0;117509
2017-08-16;204.1;205.5;203.9;203.9;48927
2017-08-15;203.9;206.0;203.0;203.7;93300
2017-08-14;196.5;205.0;196.0;203.9;112884
2017-08-11;196.9;199.3;196.1;196.8;82620
2017-08-10;200.6;201.2;198.9;199.0;88511
2017-08-09;201.4;202.3;200.0;201.4;66041
2017-08-08;203.0;203.7;200.9;201.5;83409
2017-08-07;202.5;204.2;201.2;202.7;81138
2017-08-04;199.4;202.5;198.1;202.1;88498
2017-08-03;200.1;202.9;199.4;199.4;76223
2017-08-02;203.0;204.6;199.6;200.1;175777
2017-08-01;197.9;205.0;197.6;202.6;144039
2017-07-31;195.2;199.9;194.8;197.3;139129
2017-07-28;195.5;196.1;194.3;195.2;82239
2017-07-27;195.3;197.0;194.5;196.0;116044
2017-07-26;198.0;198.6;196.4;196.5;180934
2017-07-25;202.5;204.3;198.7;198.7;103484
2017-07-24;202.2;204.8;200.7;202.5;134615
2017-07-21;205.9;206.4;200.0;203.2;118199
2017-07-20;206.0;209.0;203.0;207.4;86616
2017-07-19;204.5;207.8;203.9;206.2;70993
2017-07-18;208.7;209.5;203.2;204.9;81113
2017-07-17;209.4;210.7;206.5;210.7;70621
2017-07-14;207.5;209.9;204.6;209.4;60715
2017-07-13;211.0;211.0;205.4;207.3;93615
2017-07-12;201.7;212.8;201.7;211.4;89761
2017-07-11;205.0;206.6;201.2;201.7;46433
2017-07-10;205.5;206.2;203.3;204.0;55555
2017-07-07;202.0;206.6;201.4;205.4;45506
2017-07-06;209.8;211.3;202.4;204.4;98083
2017-07-05;204.0;210.3;201.4;210.3;108680
2017-07-04;207.1;207.1;202.3;204.9;69419
2017-07-03;208.3;209.5;205.2;207.1;61346
2017-06-30;207.0;210.1;204.3;208.3;79260
2017-06-29;214.9;215.3;207.1;208.7;70956
2017-06-28;215.0;216.9;211.6;215.9;63976
2017-06-27;218.0;218.6;213.4;215.1;52711
2017-06-26;218.0;221.6;216.9;218.9;49421
2017-06-23;;219.3;219.3;219.3;0
2017-06-22;219.5;219.7;217.5;219.3;83376
2017-06-21;224.0;224.0;219.3;220.0;90037
2017-06-20;224.0;227.1;221.0;224.0;63688
2017-06-19;220.8;226.9;220.0;225.0;102262
2017-06-16;220.0;222.7;217.8;220.8;388447
2017-06-15;226.0;226.0;217.1;219.9;117923
2017-06-14;224.0;226.9;224.0;225.4;86930
2017-06-13;221.8;225.2;221.0;223.3;116701
2017-06-12;225.2;228.0;220.2;221.8;110821
2017-06-09;226.6;227.3;221.8;225.2;126256
2017-06-08;230.7;230.7;225.0;226.6;92524
2017-06-07;229.5;232.9;228.4;231.5;99481
2017-06-06;;229.5;229.5;229.5;0
2017-06-05;231.7;231.7;227.5;229.5;44882
2017-06-02;231.4;232.9;229.5;231.7;51941
2017-06-01;226.0;231.4;225.5;231.4;112325
2017-05-31;224.8;226.6;223.6;226.6;143893
2017-05-30;225.7;225.7;224.2;224.8;98837
2017-05-29;224.7;225.7;223.9;225.7;52133
2017-05-26;223.0;225.0;223.0;224.9;55883
2017-05-24;225.0;225.0;220.9;225.0;73322
2017-05-23;226.0;226.0;222.4;225.5;56418
2017-05-22;223.2;226.2;221.6;223.4;54545
2017-05-19;218.8;225.0;218.5;223.2;61888
2017-05-18;224.2;224.2;217.3;218.8;90584
2017-05-17;224.4;229.3;222.0;224.2;159881
2017-05-16;223.9;224.4;221.4;223.9;45356
2017-05-15;223.5;224.7;217.7;223.9;100674
2017-05-12;225.7;223.3;223.3;223.3;97596
2017-05-11;229.8;232.4;224.0;225.7;64594
2017-05-10;226.5;229.6;224.3;229.1;68280
2017-05-09;223.0;226.5;223.0;226.5;61886
2017-05-08;222.0;222.8;218.4;222.6;36771
2017-05-05;222.0;222.4;218.7;222.4;37389
2017-05-04;219.3;223.0;218.5;222.3;46882
2017-05-03;224.4;224.4;215.9;218.4;85369
2017-05-02;219.5;225.0;219.0;225.0;60547
2017-05-01;;219.7;219.7;219.7;0
2017-04-28;221.5;221.7;216.6;219.7;62998
2017-04-27;220.0;223.5;217.1;222.2;51456
2017-04-26;218.1;220.0;216.1;220.0;55042
2017-04-25;218.0;218.1;216.0;217.7;47507
2017-04-24;216.3;219.8;215.6;217.3;91458
2017-04-21;215.9;216.5;215.0;216.3;45219
2017-04-20;215.0;217.7;214.1;215.9;59038
2017-04-19;213.1;217.0;212.2;215.3;91089
2017-04-18;212.2;213.9;211.6;213.1;76210
2017-04-13;214.4;214.4;209.9;212.2;19359
2017-04-12;212.9;215.0;211.5;215.0;37382
2017-04-11;210.6;214.4;209.8;213.0;60582
2017-04-10;208.0;210.5;206.5;209.8;35444
2017-04-07;207.8;208.4;206.3;208.4;38392
2017-04-06;207.6;210.0;206.1;207.8;301314
2017-04-05;206.5;209.0;206.5;208.0;32594
2017-04-04;203.0;207.5;202.4;206.5;43752
2017-04-03;205.0;206.0;202.3;203.0;48772
2017-03-31;204.0;205.2;202.1;204.2;28292
2017-03-30;201.4;205.4;201.4;204.0;29538
2017-03-29;206.2;206.5;203.5;204.6;46586
2017-03-28;203.2;206.4;200.0;206.2;50885
2017-03-27;204.0;205.2;201.9;203.2;68106
2017-03-24;205.2;207.8;204.4;205.6;54138
2017-03-23;203.9;206.6;203.9;205.1;80000
2017-03-22;204.0;205.0;201.7;203.9;87257
2017-03-21;208.5;208.5;204.7;204.9;108526
2017-03-20;209.5;211.0;207.5;208.5;82013
2017-03-17;210.9;210.9;208.7;209.5;44920
2017-03-16;213.3;213.4;208.4;210.9;90676
2017-03-15;210.6;212.1;208.3;210.8;53185
2017-03-14;213.4;213.4;209.0;210.2;69541
2017-03-13;211.5;213.6;211.4;213.4;64190
2017-03-10;210.8;211.2;211.2;211.2;83859
2017-03-09;209.6;211.8;209.0;210.9;87545
2017-03-08;206.8;211.0;206.3;209.6;95865
2017-03-07;207.9;208.0;205.4;206.0;74642
2017-03-06;203.2;207.4;203.2;207.0;114987
2017-03-03;203.4;203.2;203.2;203.2;258133
2017-03-02;203.0;203.8;200.8;203.0;70824
2017-03-01;200.0;202.0;199.5;202.0;56894
2017-02-28;200.0;200.7;197.5;199.7;51098
2017-02-27;200.0;201.9;197.9;200.0;54974
2017-02-24;197.5;203.5;197.4;199.7;160869
2017-02-23;198.5;199.1;197.1;197.5;547668
2017-02-22;198.2;198.9;195.5;197.0;44066
2017-02-21;198.0;198.7;196.5;198.2;45151
2017-02-20;197.0;197.8;195.6;196.4;54214
2017-02-17;199.0;199.0;195.4;196.7;74237
2017-02-16;200.8;200.8;195.0;197.7;51096
2017-02-15;199.0;200.8;198.6;199.8;45112
2017-02-14;201.9;201.9;191.0;197.4;137174
2017-02-13;203.0;206.2;202.4;204.7;70070
2017-02-10;200.0;204.5;200.0;202.6;68087
2017-02-09;201.2;201.2;196.7;198.0;43595
2017-02-08;197.4;201.7;197.4;198.7;58308
2017-02-07;200.0;200.9;197.0;197.2;55427
2017-02-06;198.0;200.0;197.4;197.6;250225
2017-02-03;196.8;200.4;196.8;197.1;74474
2017-02-02;195.6;197.0;195.5;196.8;51260
2017-02-01;197.0;197.6;194.1;195.7;101825
2017-01-31;187.9;198.1;187.8;193.1;108508
2017-01-30;189.0;189.8;187.0;187.4;40108
2017-01-27;192.0;193.8;187.6;189.0;40194
2017-01-26;188.8;194.0;188.8;191.9;67136
2017-01-25;186.0;191.9;185.9;188.6;102254
2017-01-24;182.0;186.0;182.0;186.0;32376
2017-01-23;181.5;185.0;181.3;183.5;43142
2017-01-20;183.0;184.4;181.5;181.5;32765
2017-01-19;184.4;184.8;180.3;182.2;30648
2017-01-18;180.7;185.0;179.6;184.4;97911
2017-01-17;182.5;182.6;180.7;180.7;23201
2017-01-16;181.1;183.3;180.1;182.5;20641
2017-01-13;180.0;181.7;179.9;181.5;28712
2017-01-12;181.3;181.7;177.6;180.8;221877
2017-01-11;180.4;182.5;178.4;182.0;32278
2017-01-10;176.0;180.5;176.0;180.5;36593
2017-01-09;180.0;180.0;174.0;176.4;56402
2017-01-06;;181.1;181.1;181.1;0
2017-01-05;182.2;183.7;181.1;181.1;24864
2017-01-04;184.5;184.5;180.9;182.5;85351
2017-01-03;180.1;184.7;179.2;183.0;71906
2017-01-02;180.2;180.9;178.1;180.1;28441
2016-12-30;178.4;181.3;177.2;180.2;29958
2016-12-29;178.0;179.0;177.0;178.6;29180
2016-12-28;178.0;180.9;178.0;179.1;18987
2016-12-27;179.3;181.0;177.1;181.0;39555
2016-12-23;179.7;179.7;177.4;179.3;29625
2016-12-22;178.0;179.6;177.5;178.8;50893
2016-12-21;179.8;181.5;178.6;178.6;54369
2016-12-20;179.0;180.4;178.3;179.6;131570
2016-12-19;182.7;182.9;180.2;180.4;59738
2016-12-16;178.5;182.8;178.5;182.7;143434
2016-12-15;176.8;179.0;174.3;178.5;503387
2016-12-14;177.3;178.0;176.4;176.8;33974
2016-12-13;178.0;178.0;177.1;177.7;44687
2016-12-12;179.9;179.9;177.9;177.9;35725
2016-12-09;177.8;180.0;177.3;179.9;70471
2016-12-08;175.7;179.5;175.7;177.8;92979
2016-12-07;175.4;176.5;172.8;175.7;93207
2016-12-06;178.6;178.6;174.8;175.4;59912
2016-12-05;176.5;179.4;175.2;176.0;56706
2016-12-02;178.0;179.2;174.8;176.7;70119
2016-12-01;180.0;180.0;177.9;178.2;57605
2016-11-30;180.5;181.0;179.8;180.0;106145
2016-11-29;180.4;182.0;179.6;180.5;32595
2016-11-28;182.0;182.0;179.9;180.5;32701
2016-11-25;182.5;182.5;181.0;182.1;29912
2016-11-24;181.0;184.5;180.8;182.1;61919
2016-11-23;181.1;182.4;180.9;181.3;23478
2016-11-22;181.8;182.4;179.9;180.4;26637
2016-11-21;180.5;182.4;178.9;181.8;25241
2016-11-18;182.3;182.3;179.5;180.8;143913
2016-11-17;178.6;181.7;178.1;181.4;37544
2016-11-16;179.5;179.5;177.2;179.0;23685
2016-11-15;178.0;179.8;177.6;179.3;35799
2016-11-14;175.1;178.9;175.1;176.2;39614
2016-11-11;180.0;180.6;175.1;175.1;37481
2016-11-10;178.5;182.0;177.0;177.1;58439
2016-11-09;165.0;179.5;164.9;178.4;67080
2016-11-08;180.0;180.9;176.5;178.2;134705
2016-11-07;177.0;182.0;176.9;180.0;49527
2016-11-04;179.5;179.5;178.4;178.4;32509
2016-11-03;175.9;180.2;174.4;179.5;42754
2016-11-02;178.8;178.8;174.1;175.8;77428
2016-11-01;181.1;183.5;178.1;178.8;55821
2016-10-31;179.9;186.7;179.9;181.1;68280
2016-10-28;185.6;187.5;178.2;179.6;114905
2016-10-27;184.1;184.9;181.0;183.6;48503
2016-10-26;185.0;186.0;183.1;184.1;58105
2016-10-25;182.7;186.3;182.6;186.0;39549
2016-10-24;187.6;189.7;182.7;183.3;60957
2016-10-21;186.8;189.3;186.8;188.8;37009
2016-10-20;186.0;188.0;184.8;186.8;38315
2016-10-19;183.9;186.6;182.8;186.0;137477
2016-10-18;183.0;184.0;181.8;183.3;44124
2016-10-17;184.7;184.7;181.7;182.4;48013
2016-10-14;175.6;185.0;175.6;184.8;83303
2016-10-13;177.3;177.6;174.9;175.6;44579
2016-10-12;177.9;179.2;177.5;178.7;26464
2016-10-11;179.6;180.0;177.8;178.2;33294
2016-10-10;180.5;180.6;176.6;179.7;46548
2016-10-07;183.0;183.0;179.2;180.3;40527
2016-10-06;183.0;183.5;181.4;183.0;44023
2016-10-05;180.2;183.8;179.1;182.8;62395
2016-10-04;180.0;182.0;179.5;181.1;51011
2016-10-03;176.8;182.8;176.8;180.0;129641
2016-09-30;176.9;177.1;175.0;176.8;294039
2016-09-29;178.1;179.0;176.2;176.9;92172
2016-09-28;177.8;179.0;176.8;177.3;231472
2016-09-27;178.8;178.8;175.1;177.8;167660
2016-09-26;179.0;179.2;177.6;178.8;63262
2016-09-23;179.5;179.7;178.1;179.2;44915
2016-09-22;175.0;180.1;175.0;178.9;73125
2016-09-21;175.8;176.0;174.2;174.6;37611
2016-09-20;173.4;176.1;172.5;175.2;36902
2016-09-19;172.6;175.1;172.1;173.4;30042
2016-09-16;172.5;173.0;169.0;172.6;61244
2016-09-15;170.1;173.6;168.0;172.5;58843
2016-09-14;174.5;174.5;168.6;170.1;53972
2016-09-13;173.4;177.5;173.3;174.5;48682
2016-09-12;174.0;174.9;172.0;173.4;35032
2016-09-09;175.3;178.7;173.3;175.4;70911
2016-09-08;172.6;179.9;172.6;175.8;120269
2016-09-07;171.2;172.7;169.7;172.3;863847
2016-09-06;170.0;171.0;169.0;171.0;26737
2016-09-05;168.9;170.5;168.6;170.4;20919
2016-09-02;167.0;169.4;167.0;168.9;63832
2016-09-01;165.5;169.7;165.5;167.0;68309
2016-08-31;168.1;170.0;157.3;165.4;55924
2016-08-30;169.0;170.9;167.0;168.2;69519
2016-08-29;166.9;168.9;166.9;168.7;52365
2016-08-26;166.0;167.6;166.0;166.7;52094
2016-08-25;165.4;167.9;165.0;166.0;40818
2016-08-24;160.0;167.1;160.0;166.0;74545
2016-08-23;158.0;162.0;157.9;160.5;23613
2016-08-22;159.0;159.8;157.5;158.0;32838
2016-08-19;156.6;160.0;155.5;159.5;260236
2016-08-18;155.2;156.6;152.9;153.4;15237
2016-08-17;155.3;156.8;154.0;154.0;24628
2016-08-16;157.2;157.2;154.7;155.1;18114
2016-08-15;157.7;157.8;156.8;157.2;17740
2016-08-12;157.9;158.2;156.7;157.8;19583
2016-08-11;157.6;157.6;154.4;157.0;27385
2016-08-10;157.9;157.9;156.5;157.6;21679
2016-08-09;155.4;157.9;154.2;157.9;19721
2016-08-08;154.5;156.6;154.3;155.4;21014
2016-08-05;154.0;155.5;154.0;154.6;18426
2016-08-04;152.1;155.9;152.1;155.9;27513
2016-08-03;153.8;153.8;151.6;152.1;20276
2016-08-02;154.1;155.5;153.6;154.2;56177
2016-08-01;156.8;157.4;152.7;155.6;35310
2016-07-29;155.8;157.0;154.7;157.0;49008
2016-07-28;155.9;156.8;154.9;155.7;35936
2016-07-27;153.3;156.5;153.3;155.9;34249
2016-07-26;154.6;156.9;153.6;153.6;18274
2016-07-25;150.4;156.4;150.4;155.5;23798
2016-07-22;154.5;154.9;153.6;154.8;103809
2016-07-21;156.7;156.8;154.3;154.5;111206
2016-07-20;153.8;157.0;153.8;157.0;65265
2016-07-19;151.0;154.8;150.0;153.6;51013
2016-07-18;147.1;158.2;146.0;152.6;119395
2016-07-15;148.5;148.7;147.4;148.7;49622
2016-07-14;146.5;149.0;146.5;148.5;33362
2016-07-13;148.1;149.5;146.0;146.9;42779
2016-07-12;146.0;149.9;145.3;149.6;48258
2016-07-11;145.3;149.9;145.0;148.8;58715
2016-07-08;142.5;145.4;142.5;145.3;48586
2016-07-07;140.1;143.0;140.1;142.2;223610
2016-07-06;142.0;142.0;137.3;140.1;249334
2016-07-05;145.3;145.9;142.2;145.0;71390
2016-07-04;146.5;147.4;145.0;145.3;28070
2016-07-01;146.1;147.9;145.9;145.9;60557
2016-06-30;144.1;147.8;144.1;146.1;80491
2016-06-29;139.0;144.9;138.9;143.0;41455
2016-06-28;138.4;141.0;138.2;138.7;35527
2016-06-27;138.5;141.9;136.0;136.8;92374
2016-06-24;;146.0;146.0;146.0;0
2016-06-23;142.9;146.0;142.5;146.0;140503
2016-06-22;143.0;143.0;141.8;142.9;103447
2016-06-21;141.9;143.0;141.0;143.0;64177
2016-06-20;140.1;142.8;139.7;141.9;206999
2016-06-17;138.0;140.9;133.5;140.1;300834
2016-06-16;138.0;139.9;137.5;138.7;135823
2016-06-15;137.2;140.5;137.2;139.9;248988
2016-06-14;136.0;139.2;133.6;137.2;124401
2016-06-13;137.1;138.3;135.0;137.1;68933
2016-06-10;140.8;140.8;138.0;138.3;74945
2016-06-09;141.3;142.0;140.5;141.0;157226
2016-06-08;139.5;141.4;139.4;141.3;82612
2016-06-07;136.4;139.5;136.1;139.5;125545
2016-06-06;;136.4;136.4;136.4;0
2016-06-03;136.4;137.0;135.4;136.4;70675
2016-06-02;136.7;136.7;135.7;136.4;39149
2016-06-01;136.0;137.0;135.6;136.8;46477
2016-05-31;136.3;137.5;136.2;137.0;82724
2016-05-30;135.0;136.4;134.3;136.4;277245
2016-05-27;136.4;136.4;134.4;135.1;64818
2016-05-26;133.6;137.0;133.4;136.4;206009
2016-05-25;130.0;133.4;130.0;133.0;170365
2016-05-24;131.0;131.5;130.3;130.4;52041
2016-05-23;130.8;131.0;130.2;131.0;49271
2016-05-20;131.0;131.1;130.7;130.8;213947
2016-05-19;130.0;130.5;129.2;129.8;24433
2016-05-18;130.5;130.5;128.9;129.9;76775
2016-05-17;130.5;131.3;130.0;130.8;45731
2016-05-16;130.0;131.0;128.0;130.5;29584
2016-05-13;130.0;130.9;128.0;130.7;87255
2016-05-12;129.5;131.0;126.7;130.7;91470
2016-05-11;130.0;134.0;128.8;129.5;61385
2016-05-10;124.4;127.0;124.0;126.8;63788
2016-05-09;124.5;125.5;124.0;124.4;17843
2016-05-06;122.5;124.4;121.6;124.3;20598
2016-05-05;124.8;125.1;123.2;124.4;12278
2016-05-04;124.8;125.1;123.2;124.4;12278
2016-05-03;125.8;125.9;124.7;125.9;43356
2016-05-02;124.4;126.0;123.9;125.8;12655
2016-04-29;124.0;125.7;123.7;124.4;12739
2016-04-28;125.6;125.9;125.0;125.8;21436
2016-04-27;126.0;126.0;125.5;125.6;17484
2016-04-26;124.0;126.5;124.0;125.8;14165
2016-04-25;123.4;125.2;120.0;124.6;34602
2016-04-22;125.6;126.0;123.7;123.7;32223
2016-04-21;125.0;126.4;125.0;125.5;27838
2016-04-20;126.9;126.9;123.0;125.0;65791
2016-04-19;126.8;129.8;125.0;127.1;46934
2016-04-18;126.2;126.4;124.4;126.2;34053
2016-04-15;125.6;127.1;125.1;126.4;35383
2016-04-14;129.5;129.7;128.0;128.7;35295
2016-04-13;129.3;130.0;129.2;129.7;21728
2016-04-12;130.0;130.3;128.4;128.9;16666
2016-04-11;129.5;131.0;129.1;130.3;20967
2016-04-08;131.0;131.0;129.3;129.7;75129
2016-04-07;130.0;131.8;128.5;131.0;63293
2016-04-06;128.0;129.5;127.8;128.8;40279
2016-04-05;129.6;130.6;127.2;128.0;27935
2016-04-04;131.8;133.0;130.7;130.7;22811
2016-04-01;133.1;133.1;130.5;131.7;15924
2016-03-31;132.3;134.3;131.6;133.4;40906
2016-03-30;131.0;132.5;131.0;132.1;48508
2016-03-29;132.0;132.0;129.2;130.4;75677
2016-03-28;133.5;133.5;131.7;131.7;23281
2016-03-25;133.5;133.5;129.1;131.7;23281
2016-03-24;133.5;133.5;129.1;131.7;23281
2016-03-23;132.7;133.0;131.2;132.2;33749
2016-03-22;134.7;134.7;132.0;132.9;20619
2016-03-21;135.9;135.9;127.4;134.7;58108
2016-03-18;134.5;135.7;134.3;135.7;34416
2016-03-17;135.5;135.7;134.2;135.1;157895
2016-03-16;134.0;136.2;134.0;136.2;13634
2016-03-15;134.9;135.2;132.3;134.2;50745
2016-03-14;134.8;137.0;134.4;134.9;139250
2016-03-11;132.0;135.1;131.9;134.8;20418
2016-03-10;134.0;134.9;132.0;132.8;23621
2016-03-09;133.2;135.0;133.0;134.0;34283
2016-03-08;131.7;133.5;130.7;133.2;21193
2016-03-07;132.0;133.0;130.5;132.3;28329
2016-03-04;124.5;132.3;124.5;131.0;601630
2016-03-03;127.5;127.8;126.0;127.8;15822
2016-03-02;128.0;128.4;126.6;128.0;30811
2016-03-01;128.3;128.3;127.0;128.0;21293
2016-02-29;127.0;128.6;126.9;128.3;37986
2016-02-26;128.5;128.5;127.0;127.0;327708
2016-02-25;129.0;129.0;126.5;127.0;33849
2016-02-24;127.0;129.0;126.5;126.5;33130
2016-02-23;129.5;129.5;127.2;127.2;59686
2016-02-22;128.8;130.0;127.3;129.2;40213
2016-02-19;129.9;129.9;127.5;129.0;40833
2016-02-18;127.2;129.9;127.0;129.9;56905
2016-02-17;124.3;128.0;124.3;126.8;268285
2016-02-16;123.4;125.6;122.4;124.0;88953
2016-02-15;120.0;123.3;116.8;123.0;349397
2016-02-12;109.7;118.3;109.7;116.8;40513
2016-02-11;111.0;112.0;109.0;110.0;289824
2016-02-10;112.0;114.0;107.3;108.0;86138
2016-02-09;116.0;116.1;111.2;111.4;35374
2016-02-08;122.0;122.5;114.7;114.8;31542
2016-02-05;122.1;124.7;121.5;121.5;21424
2016-02-04;124.5;125.0;121.2;123.2;18307
2016-02-03;125.0;125.0;122.0;124.5;22040
2016-02-02;125.8;125.8;123.0;125.0;26079
2016-02-01;125.5;126.0;124.5;125.8;23014
2016-01-29;122.0;126.0;121.0;126.0;38915
2016-01-28;122.0;122.4;120.1;122.4;37085
2016-01-27;122.0;123.8;120.8;122.0;16938
2016-01-26;123.6;123.6;122.0;122.3;32709
2016-01-25;121.0;124.0;120.5;124.0;57305
2016-01-22;119.5;121.0;119.5;120.3;56592
2016-01-21;118.7;120.0;117.0;118.8;23138
2016-01-20;118.2;121.0;115.9;118.7;76243
2016-01-19;119.0;119.0;117.2;118.3;17712
2016-01-18;116.7;118.0;115.1;115.1;27179
2016-01-15;123.0;123.0;116.5;117.5;39514
2016-01-14;123.5;123.5;118.9;122.7;57760
2016-01-13;123.5;124.5;122.4;123.8;44137
2016-01-12;123.3;124.0;122.3;123.3;33806
2016-01-11;124.0;124.6;121.0;123.3;33635
2016-01-08;120.2;125.6;120.2;124.0;51270
2016-01-07;117.0;124.1;116.7;123.0;70337
2016-01-06;;124.2;124.2;124.2;0
2016-01-05;121.7;124.8;121.3;124.2;39078
2016-01-04;124.0;124.0;118.5;121.7;39264
2016-01-01;;124.25;124.25;124.25;0
2015-12-31;;124.25;124.25;124.25;0
2015-12-30;122.75;124.5;122.25;124.25;48707
2015-12-29;120.0;123.75;119.0;122.5;48414
2015-12-28;119.5;120.0;119.0;120.0;11702
2015-12-25;120.0;120.0;118.75;119.0;63906
2015-12-24;120.0;120.0;118.75;119.0;63906
2015-12-23;120.0;120.0;118.75;119.0;63906
2015-12-22;120.0;120.0;117.5;119.75;149035
2015-12-21;116.75;120.0;116.75;118.75;50766
2015-12-18;118.0;119.75;117.0;118.25;106396
2015-12-17;118.0;120.25;117.25;118.25;52581
2015-12-16;117.0;118.75;115.5;117.75;41753
2015-12-15;118.75;118.75;115.0;115.75;34733
2015-12-14;120.25;120.25;115.25;117.0;257251
2015-12-11;120.5;120.5;117.25;120.25;33596
2015-12-10;118.75;121.5;118.75;120.0;21389
2015-12-09;121.0;122.0;120.25;121.0;129821
2015-12-08;119.5;121.75;118.25;121.25;33053
2015-12-07;122.0;122.0;119.5;119.5;45595
2015-12-04;122.0;122.75;121.0;122.0;18151
2015-12-03;126.25;127.0;121.75;122.5;78539
2015-12-02;126.5;127.0;125.25;126.25;82312
2015-12-01;125.0;128.0;123.25;126.5;162713
2015-11-30;120.5;125.0;120.5;145.0;113195
2015-11-27;121.25;121.25;119.25;120.75;50063
2015-11-26;121.25;121.25;118.75;121.25;37547
2015-11-25;120.0;121.5;118.5;121.5;55625
2015-11-24;118.0;120.0;115.75;119.75;272939
2015-11-23;119.25;120.0;116.75;119.0;196884
2015-11-20;122.75;123.5;118.0;121.0;121273
2015-11-19;123.0;124.5;121.25;124.5;104807
2015-11-18;119.0;123.0;118.5;122.75;56215
2015-11-17;119.0;121.0;118.0;119.0;95368
2015-11-16;116.0;119.5;116.0;119.0;106614
2015-11-13;117.25;117.5;113.5;116.0;80486
2015-11-12;122.25;122.75;117.0;117.0;211272
2015-11-11;125.0;125.0;121.75;122.25;35211
2015-11-10;124.5;125.0;122.0;124.25;62142
2015-11-09;122.75;124.25;121.5;124.0;43170
2015-11-06;125.0;125.0;120.5;122.0;57010
2015-11-05;126.25;126.5;125.25;125.75;48743
2015-11-04;127.0;127.5;125.5;126.25;49037
2015-11-03;127.25;128.0;125.25;126.0;85092
2015-11-02;125.0;127.0;125.0;126.5;41830
2015-10-30;124.5;125.0;124.0;125.0;36515
2015-10-29;125.25;127.0;124.0;124.75;51841
2015-10-28;126.75;127.5;124.75;125.25;80286
2015-10-27;130.25;130.5;125.5;127.0;106521
2015-10-26;129.75;130.25;127.0;129.75;64521
2015-10-23;131.75;132.0;126.75;131.0;134827
2015-10-22;134.75;139.0;134.5;139.0;117310
2015-10-21;136.0;136.5;134.5;135.5;51844
2015-10-20;133.75;136.75;131.75;136.25;30022
2015-10-19;137.5;137.5;133.25;134.0;44320
2015-10-16;137.5;138.25;136.5;137.75;207271
2015-10-15;132.5;138.0;131.75;137.75;98621
2015-10-14;133.0;133.25;131.0;133.25;122813
2015-10-13;130.5;133.0;129.0;133.0;46522
2015-10-12;129.5;130.5;128.25;130.5;34477
2015-10-09;128.25;130.0;127.0;129.5;83137
2015-10-08;125.0;130.5;125.0;130.5;150156
2015-10-07;125.0;127.0;124.75;126.75;100208
2015-10-06;123.25;126.75;122.5;124.75;127490
2015-10-05;118.0;123.25;117.0;123.0;73779
2015-10-02;118.0;118.5;116.5;118.0;299734
2015-10-01;118.0;119.0;117.5;118.0;303126
2015-09-30;114.5;119.0;113.25;116.0;101367
2015-09-29;113.25;114.5;110.0;114.5;37610
2015-09-28;113.25;114.75;112.75;114.5;55228
2015-09-25;112.0;114.0;111.5;113.5;131608
2015-09-24;113.75;113.75;111.5;112.25;42160
2015-09-23;112.25;113.5;112.25;113.25;35416
2015-09-22;113.25;113.5;112.0;113.25;76819
2015-09-21;112.0;112.75;111.75;112.5;79161
2015-09-18;112.25;113.25;111.0;112.0;71383
2015-09-17;112.75;113.0;111.25;112.25;19523
2015-09-16;113.0;113.0;111.5;112.75;10927
2015-09-15;111.5;112.75;111.5;112.25;278486
2015-09-14;112.75;113.5;112.0;113.25;30124
2015-09-11;113.0;113.5;113.0;113.5;72192
2015-09-10;114.25;114.25;110.75;113.75;16076
2015-09-09;114.5;114.75;113.75;114.0;30156
2015-09-08;113.5;114.0;113.0;113.75;27698
2015-09-07;112.75;113.75;111.75;113.5;16011
2015-09-04;113.5;113.5;111.0;112.75;16727
2015-09-03;114.0;114.5;112.75;113.5;79597
2015-09-02;112.75;114.75;112.75;114.0;17386
2015-09-01;113.75;113.75;112.75;112.75;71714
2015-08-31;113.25;114.0;112.75;113.75;57307
2015-08-28;113.75;114.5;113.25;113.25;39938
2015-08-27;110.25;115.0;110.25;113.25;25986
2015-08-26;111.0;111.0;106.25;109.75;19052
2015-08-25;107.5;109.5;107.0;109.25;42696
2015-08-24;112.5;112.5;104.25;107.75;153582
2015-08-21;116.0;116.0;111.0;113.5;1143297
2015-08-20;117.5;117.5;116.0;116.0;10153
2015-08-19;119.75;119.75;118.0;118.0;18479
2015-08-18;118.0;119.25;118.0;119.0;40598
2015-08-17;117.0;118.5;117.0;118.0;27814
2015-08-14;119.0;119.0;117.0;117.0;16885
2015-08-13;119.5;119.5;117.0;118.0;55778
2015-08-12;117.0;118.0;115.5;117.0;40743
2015-08-11;117.75;120.25;116.5;117.0;28945
2015-08-10;117.25;118.5;117.0;117.75;25487
2015-08-07;116.75;116.75;115.25;116.0;26972
2015-08-06;117.25;118.0;116.0;116.5;19489
2015-08-05;117.75;118.75;117.25;117.25;23140
2015-08-04;119.0;119.25;117.5;117.5;17484
2015-08-03;119.5;120.0;118.5;118.75;28121
2015-07-31;119.0;120.0;118.25;118.5;20886
2015-07-30;118.25;120.5;118.25;118.75;279974
2015-07-29;117.5;120.25;117.0;118.0;39742
2015-07-28;115.5;117.5;115.5;115.75;26236
2015-07-27;117.25;117.25;114.75;115.25;28595
2015-07-24;118.0;118.25;117.25;117.25;6429
2015-07-23;119.0;119.0;117.75;118.0;10751
2015-07-22;119.0;119.5;117.0;117.75;47931
2015-07-21;121.0;121.75;117.0;118.25;19211
2015-07-20;118.25;123.0;118.25;121.0;20711
2015-07-17;119.0;119.75;117.0;118.25;50402
2015-07-16;116.0;119.0;113.0;119.0;87019
2015-07-15;117.5;117.5;116.25;117.0;39610
2015-07-14;114.5;117.5;112.25;116.75;68513
2015-07-13;114.25;116.75;114.0;114.5;21589
2015-07-10;110.0;114.75;109.75;113.75;61926
2015-07-09;108.5;110.0;108.0;109.5;16420
2015-07-08;106.5;109.0;105.5;108.5;27649
2015-07-07;107.75;108.0;105.25;106.75;26272
2015-07-06;109.0;109.0;106.25;107.75;9978
2015-07-03;110.5;111.5;109.0;109.5;6136
2015-07-02;113.0;114.5;110.5;110.5;119316
2015-07-01;109.5;114.75;109.5;114.75;34778
2015-06-30;108.5;109.5;108.25;108.75;98239
2015-06-29;108.0;110.25;108.0;110.0;21459
2015-06-26;113.5;113.5;110.75;112.0;20825
2015-06-25;112.5;114.5;111.25;114.5;26021
2015-06-24;114.5;114.5;112.5;113.0;48492
2015-06-23;114.0;115.0;113.5;114.25;34039
2015-06-22;111.5;113.75;110.5;113.5;455728
2015-06-19;;111.5;111.5;111.5;0
2015-06-18;113.0;113.0;108.0;111.5;136372
2015-06-17;115.0;115.0;111.25;113.25;37545
2015-06-16;110.25;114.5;109.0;114.5;50535
2015-06-15;113.0;114.75;109.5;111.25;149999
2015-06-12;115.25;115.25;112.25;113.0;55802
2015-06-11;116.75;118.5;114.0;115.0;42890
2015-06-10;116.5;117.75;115.5;116.75;36688
2015-06-09;116.25;117.75;115.25;116.5;30541
2015-06-08;119.0;119.25;115.5;116.25;25597
2015-06-05;122.0;122.0;115.0;119.25;42001
2015-06-04;124.5;125.0;120.25;122.75;119337
2015-06-03;126.0;126.25;124.5;125.25;102214
2015-06-02;126.5;128.0;124.5;125.0;467268
2015-06-01;120.75;126.0;117.25;125.25;514079
2015-05-29;118.5;120.0;117.75;119.0;41468
2015-05-28;116.75;119.0;116.75;118.5;19007
2015-05-27;117.25;118.25;116.75;116.75;8891
2015-05-26;116.0;117.25;116.0;117.0;13605
2015-05-25;118.0;118.0;116.5;116.5;10651
2015-05-22;117.0;118.0;115.25;117.0;107802
2015-05-21;115.0;116.25;114.5;116.25;25214
2015-05-20;114.25;115.75;112.0;115.0;23121
2015-05-19;115.0;116.5;113.5;114.25;35753
2015-05-18;117.0;117.0;115.0;115.25;123031
2015-05-15;111.25;117.75;110.75;117.75;45049
2015-05-14;113.5;113.5;111.25;113.0;109624
2015-05-13;113.5;113.5;111.25;113.0;109624
2015-05-12;111.25;112.75;110.0;112.25;114869
2015-05-11;112.0;113.5;110.75;112.25;10796
2015-05-08;111.5;112.5;109.5;112.25;6522
2015-05-07;110.0;112.0;109.0;112.0;27488
2015-05-06;111.5;112.5;111.25;112.5;17632
2015-05-05;112.25;114.0;111.5;112.75;20475
2015-05-04;113.0;115.5;111.25;112.25;15541
2015-05-01;112.0;112.0;109.0;110.0;14393
2015-04-30;112.0;112.0;109.0;110.0;14393
2015-04-29;115.0;116.0;112.0;112.75;17558
2015-04-28;113.75;114.5;112.75;114.5;7354
2015-04-27;113.0;114.0;111.5;113.75;11504
2015-04-24;114.0;114.75;113.5;114.0;13106
2015-04-23;116.0;116.5;112.25;113.5;13662
2015-04-22;114.0;116.5;114.0;116.0;39798
2015-04-21;114.25;116.75;114.25;115.5;24680
2015-04-20;113.75;117.0;113.25;113.75;51024
2015-04-17;118.75;118.75;112.0;112.0;81795
2015-04-16;117.75;120.5;117.75;119.25;29744
2015-04-15;119.0;119.75;118.25;119.5;13393
2015-04-14;118.0;120.0;117.75;119.25;26443
2015-04-13;117.75;119.5;117.0;118.0;48423
2015-04-10;117.5;118.25;116.75;117.75;33117
2015-04-09;113.5;118.0;113.5;117.5;97890
2015-04-08;114.0;115.0;113.25;114.0;26689
2015-04-07;113.0;115.5;113.0;114.0;9267
2015-04-02;112.0;114.5;112.0;114.5;174103
2015-04-01;112.0;113.25;111.0;112.75;3814
2015-03-31;110.75;113.5;110.5;110.5;35554
2015-03-30;110.5;111.25;110.0;110.75;7462
2015-03-27;109.25;112.0;109.0;111.5;15819
2015-03-26;110.0;111.5;109.0;109.75;6817
2015-03-25;112.75;112.75;110.5;111.25;5985
2015-03-24;111.5;112.25;109.0;112.25;99329
2015-03-23;111.0;111.5;110.75;111.25;26559
2015-03-20;108.5;112.25;108.5;111.0;7854
2015-03-19;110.0;110.5;109.0;110.0;31794
2015-03-18;107.75;109.0;106.75;109.0;68379
2015-03-17;109.0;109.25;106.75;107.75;21848
2015-03-16;109.5;109.5;109.0;109.5;34829
2015-03-13;110.0;110.75;109.25;109.25;37161
2015-03-12;110.0;112.75;110.0;110.0;30960
2015-03-11;109.5;110.5;109.5;110.0;8249
2015-03-10;113.0;113.0;109.0;109.0;21295
2015-03-09;111.0;111.75;109.0;110.5;11366
2015-03-06;110.25;113.5;109.25;111.0;32872
2015-03-05;112.0;112.25;109.25;110.5;17040
2015-03-04;112.25;112.5;108.75;109.0;27713
2015-03-03;113.0;114.75;111.25;111.5;316732
2015-03-02;117.0;118.25;113.5;114.5;20402
2015-02-27;114.5;116.25;113.5;116.0;30650
2015-02-26;114.0;114.5;112.25;114.5;14680
2015-02-25;112.0;114.0;112.0;113.0;213662
2015-02-24;110.75;111.75;110.0;111.75;26772
2015-02-23;112.0;112.5;111.5;111.5;45818
2015-02-20;114.5;114.75;111.25;112.75;114243
2015-02-19;115.0;115.0;111.25;113.5;17125
2015-02-18;111.5;114.75;111.0;114.5;16656
2015-02-17;111.25;112.25;110.75;111.5;344425
2015-02-16;110.5;112.0;110.5;111.25;13452
2015-02-13;110.0;111.5;110.0;110.5;58743
2015-02-12;108.0;111.0;106.75;109.5;83307
2015-02-11;108.0;108.0;105.0;106.0;60180
2015-02-10;109.75;110.0;106.0;107.25;21847
2015-02-09;108.0;108.5;106.75;106.75;70980
2015-02-06;108.5;108.5;106.25;107.75;23532
2015-02-05;109.0;110.5;107.5;108.5;94988
2015-02-04;111.75;111.75;108.0;110.0;23231
2015-02-03;112.0;112.0;111.0;111.5;4671
2015-02-02;111.0;111.75;110.5;111.0;282068
2015-01-30;112.0;112.0;110.0;110.5;8830
2015-01-29;111.5;111.75;110.5;110.5;10954
2015-01-28;112.0;112.25;110.5;112.0;3415
2015-01-27;112.0;112.0;109.25;111.5;7253
2015-01-26;111.0;112.0;110.25;112.0;4643
2015-01-23;111.75;111.75;108.75;111.0;11599
2015-01-22;112.0;112.0;108.0;109.75;11489
2015-01-21;109.75;110.0;109.0;110.0;6895
2015-01-20;110.0;110.75;109.25;109.75;9396
2015-01-19;107.25;109.5;107.25;109.5;11210
2015-01-16;106.25;108.0;106.0;107.0;5846
2015-01-15;106.0;106.5;105.75;106.0;115211
2015-01-14;105.75;106.5;105.75;106.0;53887
2015-01-13;106.0;106.5;105.0;106.0;6047
2015-01-12;107.25;108.25;105.75;107.0;5834
2015-01-09;103.0;107.25;103.0;107.25;54932
2015-01-08;102.25;105.25;102.25;105.0;55331
2015-01-07;109.0;109.0;103.5;103.5;40801
2015-01-06;;109.0;109.0;109.0;0
2015-01-05;105.25;109.0;105.25;109.0;32588
2015-01-02;106.0;108.0;106.0;106.5;3673
2015-01-01;105.5;108.25;105.5;106.0;24089
2014-12-30;105.5;108.25;105.5;106.0;24089
2014-12-29;107.0;107.5;105.75;106.75;19852
2014-12-23;105.5;107.0;105.5;106.5;11833
2014-12-22;105.75;105.75;103.5;105.5;10460
2014-12-19;104.75;105.5;104.0;105.5;5828
2014-12-18;101.5;106.5;101.5;104.0;214305
2014-12-17;104.0;104.0;100.5;100.5;13659
2014-12-16;104.5;104.5;101.75;104.0;5896
2014-12-15;104.75;107.75;104.0;104.5;6923
2014-12-12;105.0;106.25;104.75;106.25;2729
2014-12-11;105.0;106.25;104.0;105.5;120109
2014-12-10;109.0;109.0;106.75;107.0;108937
2014-12-09;110.25;110.5;109.5;110.0;7535
2014-12-08;110.0;112.0;110.0;111.25;13358
2014-12-05;111.0;112.5;109.25;110.0;7784
2014-12-04;113.0;113.75;111.0;111.0;15453
2014-12-03;110.0;113.25;109.25;113.25;10826
2014-12-02;108.0;110.0;108.0;110.0;81681
2014-12-01;111.5;111.5;108.25;109.0;72121
2014-11-28;111.0;112.25;110.5;112.25;5406
2014-11-27;111.0;112.0;110.5;111.75;5191
2014-11-26;110.5;114.75;109.0;109.5;14056
2014-11-25;108.25;110.5;108.25;110.5;12751
2014-11-24;104.5;108.5;104.5;108.5;4600
2014-11-21;104.0;107.5;104.0;106.75;5442
2014-11-20;108.5;108.5;105.25;105.75;4929
2014-11-19;106.25;108.5;106.25;108.5;104941
2014-11-18;105.75;107.75;105.25;107.25;2999
2014-11-17;105.0;107.25;103.75;107.0;6640
2014-11-14;106.5;106.75;105.75;106.0;9489
2014-11-13;107.75;107.75;105.75;107.0;2416
2014-11-12;102.25;108.75;102.25;107.0;16468
2014-11-11;104.0;105.0;104.0;104.25;3231
2014-11-10;104.0;105.0;103.25;104.75;3964
2014-11-07;103.75;105.0;103.75;105.0;3685
2014-11-06;101.75;105.75;101.75;104.5;4682
2014-11-05;104.0;105.0;102.75;104.25;9687
2014-11-04;104.75;106.25;104.75;105.0;3690
2014-11-03;101.0;105.75;101.0;104.75;7583
2014-10-31;101.75;106.0;101.75;103.0;39067
2014-10-30;103.0;105.0;103.0;103.75;3014
2014-10-29;107.0;107.0;104.0;104.0;3663
2014-10-28;99.5;105.25;99.0;103.75;9913
2014-10-24;99.75;101.75;99.0;101.0;8798
2014-10-23;103.0;103.0;100.25;100.25;8758
2014-10-22;96.0;102.75;96.0;102.75;20716
2014-10-21;94.0;97.0;94.0;96.0;18148
2014-10-20;95.75;96.0;93.75;94.25;1497
2014-10-17;90.0;94.75;90.0;94.75;8798
2014-10-16;93.0;93.0;88.0;90.0;47193
2014-10-15;93.25;97.25;93.25;93.5;22989
2014-10-14;95.25;98.25;92.5;97.0;18918
2014-10-13;91.75;99.0;88.0;95.25;40835
2014-10-10;93.0;93.25;90.0;92.25;11176
2014-10-09;97.5;97.5;92.5;93.5;59234
2014-10-08;98.25;99.0;95.25;96.0;43050
2014-10-07;100.25;100.25;99.0;100.0;12118
2014-10-06;98.0;101.75;98.0;101.75;4596
2014-10-03;99.5;101.75;99.5;100.0;4432
2014-10-02;99.0;99.75;99.0;99.75;4927
2014-10-01;102.0;102.25;98.25;100.0;5574
2014-09-30;103.0;103.0;100.5;102.25;57781
2014-09-29;103.0;103.5;100.5;102.5;25144
2014-09-26;99.75;103.0;99.75;103.0;9730
2014-09-25;100.5;100.5;99.25;99.25;42201
2014-09-24;101.0;101.25;99.0;100.0;15718
2014-09-23;102.75;102.75;101.5;101.5;8607
2014-09-22;106.0;106.0;103.5;103.5;13387
2014-09-19;107.0;107.0;105.5;105.5;5677
2014-09-18;106.0;107.25;106.0;107.0;7047
2014-09-17;105.5;106.0;105.0;105.0;5499
2014-09-16;104.75;108.0;104.75;107.0;10454
2014-09-15;104.0;108.0;104.0;108.0;27403
2014-09-12;102.0;105.0;102.0;105.0;10628
2014-09-11;102.0;103.75;102.0;103.0;8723
2014-09-10;103.0;104.75;103.0;103.5;23135
2014-09-09;103.5;105.0;100.5;102.5;36476
2014-09-08;104.25;104.25;102.5;103.75;8670
2014-09-05;105.0;105.0;102.75;104.25;2738
2014-09-04;105.5;105.5;104.75;105.0;760
2014-09-03;105.0;106.0;105.0;106.0;3121
2014-09-02;105.5;107.0;104.25;105.5;4212
2014-09-01;107.0;107.0;105.0;105.5;10450
2014-08-29;106.5;107.0;105.0;105.0;7312
2014-08-28;105.5;106.5;104.5;106.5;10889
2014-08-27;105.0;105.25;104.5;105.25;6121
2014-08-26;104.75;107.25;103.75;105.0;8291
2014-08-25;102.5;104.0;102.5;104.0;7592
2014-08-22;103.25;104.0;102.0;102.5;13275
2014-08-21;103.75;104.5;103.0;104.5;2548
2014-08-20;104.5;104.5;101.75;103.75;8646
2014-08-19;103.75;104.5;101.0;104.5;34206
2014-08-18;101.75;102.75;100.25;102.25;39135
2014-08-15;103.75;104.0;102.0;102.25;17095
2014-08-14;104.5;106.5;103.25;103.75;11222
2014-08-13;104.5;107.75;103.75;104.0;20941
2014-08-12;104.5;105.0;104.0;104.5;17644
2014-08-11;104.0;105.5;103.5;104.25;60527
2014-08-08;105.0;105.0;102.5;103.75;14222
2014-08-07;110.25;110.25;105.75;106.25;5835
2014-08-06;112.0;112.0;109.0;109.25;6590
2014-08-05;110.0;114.0;109.0;111.75;54715
2014-08-04;111.0;111.0;109.5;111.0;4636
2014-08-01;111.0;112.0;111.0;111.0;11735
2014-07-31;110.25;113.75;110.25;112.5;1970
2014-07-30;114.75;114.75;113.25;113.5;12053
2014-07-29;114.0;115.0;114.0;114.75;4988
2014-07-28;111.25;115.75;111.25;114.25;3251
2014-07-25;113.5;117.0;113.5;116.5;21076
2014-07-24;111.25;115.25;111.25;115.0;32314
2014-07-23;110.25;112.75;110.0;112.75;11683
2014-07-22;113.0;113.75;110.0;111.5;10834
2014-07-21;116.75;116.75;112.75;112.75;9725
2014-07-18;112.0;116.75;112.0;116.75;14073
2014-07-17;116.75;116.75;114.5;115.25;5647
2014-07-16;117.5;117.5;112.25;115.5;13940
2014-07-15;115.75;118.0;114.0;116.25;40455
2014-07-14;116.5;117.0;114.25;116.0;5712
2014-07-11;115.5;116.25;115.5;116.25;4773
2014-07-10;120.0;120.0;113.75;114.75;14191
2014-07-09;120.0;121.0;117.75;120.0;7426
2014-07-08;118.5;120.0;118.0;120.0;4042
2014-07-07;118.25;122.5;117.75;118.5;9109
2014-07-04;116.25;118.25;116.25;118.25;11098
2014-07-03;114.75;120.0;114.25;118.0;35283
2014-07-02;111.25;115.0;111.25;114.75;19644
2014-07-01;111.5;112.5;111.5;112.5;7732
2014-06-30;112.0;112.5;109.0;111.75;12326
2014-06-27;113.0;113.0;112.0;112.0;6777
2014-06-26;111.5;112.5;111.25;112.0;1959
2014-06-25;111.0;112.5;110.5;111.5;12582
2014-06-24;111.0;113.0;111.0;111.25;15569
2014-06-23;110.0;114.0;107.75;111.0;12995
2014-06-20;;114.0;114.0;114.0;0
2014-06-19;107.75;115.0;107.25;114.0;73927
2014-06-18;110.0;110.0;106.25;107.5;22578
2014-06-17;107.5;110.0;106.5;110.0;10335
2014-06-16;110.5;111.0;107.5;107.75;23475
2014-06-13;109.75;110.75;109.0;110.5;28033
2014-06-12;110.75;110.75;110.0;110.5;8687
2014-06-11;109.75;110.75;108.75;110.5;10423
2014-06-10;108.25;110.0;108.25;109.75;4987
2014-06-09;108.25;109.75;108.25;109.0;8369
2014-06-06;;108.25;108.25;108.25;0
2014-06-05;109.25;109.25;108.25;108.25;6968
2014-06-04;110.0;111.75;109.5;110.0;8110
2014-06-03;110.0;112.0;109.0;111.75;18816
2014-06-02;110.0;110.75;109.25;110.0;21178
2014-05-30;109.75;110.5;109.0;110.5;13110
2014-05-28;109.25;110.0;106.0;109.75;20548
2014-05-27;107.0;110.0;106.5;110.0;21525
2014-05-26;106.0;107.0;105.0;107.0;9403
2014-05-23;105.0;106.0;104.25;105.0;15012
2014-05-22;104.0;104.75;104.0;104.25;3684
2014-05-21;104.0;105.25;103.25;104.25;6201
2014-05-20;101.5;105.5;101.0;104.0;42402
2014-05-19;103.5;103.5;99.5;101.5;26511
2014-05-16;103.25;104.0;103.0;103.5;34219
2014-05-15;105.5;105.5;103.25;104.0;238709
2014-05-14;105.5;105.75;104.75;105.5;16155
2014-05-13;105.0;106.0;105.0;105.5;11296
2014-05-12;103.0;105.0;103.0;105.0;106222
2014-05-09;104.25;105.0;103.75;105.0;48210
2014-05-08;106.0;106.5;105.0;106.0;46946
2014-05-07;105.0;106.5;103.75;106.0;24163
2014-05-06;101.0;103.0;101.0;102.5;22034
2014-05-05;100.75;102.5;100.75;101.0;11629
2014-05-02;100.5;102.5;100.25;102.5;13105
2014-05-01;;101.0;101.0;101.0;0
2014-04-30;101.5;102.0;100.0;101.0;4849
2014-04-29;99.0;101.5;98.25;101.25;12979
2014-04-28;96.75;99.5;94.75;99.0;12687
2014-04-25;97.75;98.0;97.0;97.0;23006
2014-04-24;96.5;97.75;96.0;97.0;35611
2014-04-23;98.0;98.0;96.5;96.5;8983
2014-04-22;96.0;99.5;95.0;98.25;38715
2014-04-17;94.75;96.75;90.5;96.5;33620
2014-04-16;98.25;99.75;96.5;96.5;29961
2014-04-15;100.75;100.75;97.75;98.5;14440
2014-04-14;100.0;100.5;99.5;99.5;21452
2014-04-11;103.75;104.0;99.0;100.0;25636
2014-04-10;105.0;105.0;103.5;103.5;17076
2014-04-09;105.75;105.75;103.75;104.0;29550
2014-04-08;105.5;106.5;104.5;105.75;10457
2014-04-07;105.25;107.5;105.25;105.5;12684
2014-04-04;107.0;109.5;106.0;107.5;299813
2014-04-03;106.5;109.5;106.5;106.75;9284
2014-04-02;106.5;107.0;106.0;106.0;17304
2014-04-01;108.0;110.0;106.5;106.5;21931
2014-03-31;105.0;109.0;105.0;108.25;18595
2014-03-28;104.0;105.0;104.0;104.5;9647
2014-03-27;102.0;106.0;102.0;104.0;19241
2014-03-26;101.0;103.0;101.0;101.75;10159
2014-03-25;99.75;101.75;99.75;101.0;2652
2014-03-24;101.75;101.75;99.0;99.75;5277
2014-03-21;103.0;103.0;101.0;101.75;12645
2014-03-20;103.0;103.75;103.0;103.75;2448
2014-03-19;105.75;105.75;103.0;103.0;307741
2014-03-18;103.75;106.0;103.75;105.5;5715
2014-03-17;106.0;106.0;103.5;105.5;4002
2014-03-14;105.0;106.0;104.75;106.0;2604
2014-03-13;106.5;106.5;105.0;105.0;2012
2014-03-12;106.0;106.0;105.0;105.0;2349
2014-03-11;104.25;106.75;104.25;106.25;6137
2014-03-10;107.0;107.5;104.75;105.0;8450
2014-03-07;106.0;107.5;106.0;107.5;14938
2014-03-06;105.0;107.0;105.0;106.25;21867
2014-03-05;106.0;107.0;105.0;107.0;6063
2014-03-04;101.0;106.0;100.75;104.25;332478
2014-03-03;103.25;103.25;100.0;102.75;14751
2014-02-28;105.5;106.0;104.0;106.0;15628
2014-02-27;106.0;106.5;104.5;106.0;4759
2014-02-26;106.5;106.5;104.25;105.5;13246
2014-02-25;105.25;106.5;105.25;106.0;111882
2014-02-24;104.75;106.0;104.25;105.0;4605
2014-02-21;103.25;106.0;103.25;104.25;16478
2014-02-20;104.5;105.0;102.5;103.75;12324
2014-02-19;100.75;105.0;100.5;105.0;20041
2014-02-18;103.0;103.0;100.25;100.5;9511
2014-02-17;103.0;103.5;100.75;103.0;18342
2014-02-14;99.75;103.0;97.0;103.0;48964
2014-02-13;98.5;101.25;98.5;101.25;21831
2014-02-12;99.25;100.5;98.5;99.0;28553
2014-02-11;98.0;100.5;98.0;100.0;16562
2014-02-10;95.5;98.0;95.5;98.0;8560
2014-02-07;99.0;99.0;95.5;95.5;11542
2014-02-06;94.25;98.0;94.25;97.75;1934
2014-02-05;93.25;95.0;92.0;95.0;12852
2014-02-04;93.0;93.75;91.25;93.5;13538
2014-02-03;95.0;95.0;93.0;93.25;9403
2014-01-31;95.25;95.25;94.25;95.0;8716
2014-01-30;95.0;96.0;94.25;95.25;60734
2014-01-29;98.25;98.75;94.25;96.5;19900
2014-01-28;98.5;101.0;97.5;98.0;13965
2014-01-27;96.25;97.5;93.75;97.5;16662
2014-01-24;97.75;98.25;96.5;97.0;11699
2014-01-23;100.25;100.5;98.5;98.5;16687
2014-01-22;99.75;102.0;99.75;101.0;13415
2014-01-21;100.0;101.5;100.0;101.5;9198
2014-01-20;100.5;101.0;99.5;100.0;23155
2014-01-17;101.25;101.5;98.5;100.75;24843
2014-01-16;102.75;104.0;100.75;101.0;9725
2014-01-15;100.25;103.5;100.25;102.75;7289
2014-01-14;99.75;100.5;99.0;100.25;18191
2014-01-13;102.0;102.0;98.5;100.0;35635
2014-01-10;104.5;104.5;102.5;102.5;20049
2014-01-09;102.75;105.25;102.75;104.5;22529
2014-01-08;106.0;106.0;104.0;105.0;27861
2014-01-07;104.75;108.25;102.0;108.25;20215
2014-01-06;;104.75;104.75;104.75;0
2014-01-03;103.25;104.75;101.5;104.75;16508
2014-01-02;106.5;108.0;101.0;103.5;31182
2013-12-31;;106.0;106.0;106.0;0
2013-12-30;102.25;106.0;101.5;106.0;43916
2013-12-27;101.0;103.0;99.5;102.5;57038
2013-12-23;97.25;101.0;97.25;101.0;17501
2013-12-20;94.25;98.0;93.75;97.25;27172
2013-12-19;92.0;95.5;92.0;95.5;18791
2013-12-18;92.0;95.25;92.0;94.0;16831
2013-12-17;91.75;92.25;90.75;92.0;36682
2013-12-16;90.0;91.75;90.0;91.75;17897
2013-12-13;89.0;90.0;89.0;90.0;13703
2013-12-12;90.0;90.0;88.25;89.5;61736
2013-12-11;91.0;91.0;89.5;90.0;14254
2013-12-10;90.5;91.0;89.5;90.0;16015
2013-12-09;91.25;91.75;90.0;90.5;42693
2013-12-06;90.75;92.5;88.5;92.25;38215
2013-12-05;90.0;90.0;88.25;89.5;39924
2013-12-04;90.5;90.5;89.0;90.0;27098
2013-12-03;92.0;92.0;90.25;90.25;9898
2013-12-02;92.5;93.75;91.0;92.0;11477
2013-11-29;89.75;94.25;89.75;92.5;40123
2013-11-28;86.75;90.0;86.75;89.75;21894
2013-11-27;86.75;87.0;86.0;86.75;7137
2013-11-26;86.5;87.0;86.0;86.75;14009
2013-11-25;85.5;86.5;85.5;86.5;13335
2013-11-22;84.5;86.0;84.5;85.25;12698
2013-11-21;85.0;85.5;84.25;84.5;19322
2013-11-20;85.0;85.75;84.5;85.0;4926
2013-11-19;85.5;85.5;84.5;85.0;7379
2013-11-18;86.0;87.25;85.5;85.75;13254
2013-11-15;83.25;86.0;83.0;85.75;26028
2013-11-14;84.0;85.0;81.25;83.0;14618
2013-11-13;84.75;84.75;84.0;84.0;5975
2013-11-12;82.75;85.0;82.75;85.0;70674
2013-11-11;82.75;83.25;82.5;82.75;6546
2013-11-08;82.75;83.0;82.5;83.0;1399
2013-11-07;82.0;83.0;82.0;83.0;5141
2013-11-06;82.0;82.0;81.5;82.0;32794
2013-11-05;82.0;86.0;81.0;81.25;27543
2013-11-04;82.5;82.5;81.25;81.5;12566
2013-11-01;82.5;83.0;82.0;82.0;4765
2013-10-31;81.0;83.0;81.0;82.0;10784
2013-10-30;80.5;81.5;80.5;81.5;24268
2013-10-29;80.5;81.0;80.5;80.5;4378
2013-10-28;80.75;81.0;80.75;81.0;6734
2013-10-25;80.75;82.25;80.75;81.0;4310
2013-10-24;81.5;82.25;80.75;80.75;16307
2013-10-23;81.75;82.0;81.5;82.0;2318
2013-10-22;82.0;82.5;81.5;82.0;4548
2013-10-21;82.5;82.5;81.25;82.0;12526
2013-10-18;82.5;83.5;81.75;82.5;5143
2013-10-17;82.0;83.0;82.0;82.5;5959
2013-10-16;83.5;83.5;81.75;81.75;4954
2013-10-15;85.0;85.0;83.0;84.0;3356
2013-10-14;82.25;84.75;81.25;84.25;8795
2013-10-11;82.25;82.25;82.0;82.0;3285
2013-10-10;82.0;83.25;81.5;81.75;78682
2013-10-09;81.75;82.75;81.5;82.0;48680
2013-10-08;83.5;83.5;82.5;82.5;7223
2013-10-07;82.5;83.0;82.0;82.5;4176
2013-10-04;82.5;83.0;82.5;82.5;17086
2013-10-03;82.5;83.75;82.5;82.75;15165
2013-10-02;83.5;84.5;83.0;83.5;11888
2013-10-01;83.0;84.5;82.5;83.5;13126
2013-09-30;84.75;84.75;82.0;83.0;36706
2013-09-27;84.75;84.75;83.5;83.75;562214
2013-09-26;84.0;85.0;83.75;84.75;21638
2013-09-25;84.25;84.5;84.0;84.0;22621
2013-09-24;84.5;85.0;84.0;84.5;175868
2013-09-23;84.0;84.75;83.75;84.5;30864
2013-09-20;83.25;85.0;83.25;84.0;11356
2013-09-19;85.0;85.0;83.0;83.25;11182
2013-09-18;84.0;85.0;82.0;85.0;268018
2013-09-17;85.0;85.0;84.0;84.5;228459
2013-09-16;80.25;87.0;80.25;86.0;42632
2013-09-13;79.0;80.5;79.0;80.25;15152
2013-09-12;77.0;80.0;77.0;79.5;63511
2013-09-11;76.0;77.0;75.25;77.0;12175
2013-09-10;74.0;76.0;74.0;74.75;765093
2013-09-09;74.25;74.25;73.5;74.0;38203
2013-09-06;74.0;74.5;74.0;74.5;7067
2013-09-05;74.5;75.0;73.75;74.0;29595
2013-09-04;74.5;75.0;73.5;75.0;17167
2013-09-03;75.5;75.5;74.5;74.5;70910
2013-09-02;76.0;76.0;74.5;74.5;6510
2013-08-30;75.0;75.75;74.75;75.0;1981
2013-08-29;74.0;76.0;74.0;76.0;15745
2013-08-28;74.0;74.0;73.5;73.75;105185
2013-08-27;75.0;75.5;74.0;74.0;23972
2013-08-26;76.0;76.5;75.0;76.0;14840
2013-08-23;76.5;76.5;76.5;76.5;1152
2013-08-22;77.0;77.0;75.5;76.5;54425
2013-08-21;75.75;76.75;75.5;75.5;6359
2013-08-20;76.25;76.25;76.0;76.0;4730
2013-08-19;77.0;77.0;76.0;76.25;2642
2013-08-16;75.5;77.5;75.5;77.0;162072
2013-08-15;76.25;76.25;75.75;75.75;5140
2013-08-14;77.0;78.0;77.0;77.5;4646
2013-08-13;76.0;77.25;76.0;76.5;880
2013-08-12;75.75;77.0;75.75;75.75;28187
2013-08-09;77.5;77.5;76.25;76.25;6568
2013-08-08;76.25;76.75;76.0;76.75;9824
2013-08-07;76.25;77.0;76.0;76.25;2659
2013-08-06;77.25;77.25;75.25;75.5;12872
2013-08-05;75.0;77.5;75.0;77.25;4934
2013-08-02;75.75;76.0;75.5;75.5;947
2013-08-01;75.0;76.0;75.0;75.75;8423
2013-07-31;75.0;75.0;74.5;75.0;5248
2013-07-30;75.0;75.5;74.75;75.0;3480
2013-07-29;76.0;77.0;74.5;74.5;10069
2013-07-26;77.0;77.0;75.5;75.5;2976
2013-07-25;76.0;76.5;76.0;76.25;2816
2013-07-24;76.5;76.5;76.5;76.5;323
2013-07-23;76.5;77.0;76.0;77.0;3770
2013-07-22;78.0;78.0;76.5;76.5;107663
2013-07-19;79.25;79.25;77.0;78.0;15563
2013-07-18;74.0;80.0;73.5;80.0;43749
2013-07-17;72.25;73.75;72.25;73.75;10271
2013-07-16;71.5;72.0;71.5;72.0;4760
2013-07-15;70.75;71.5;70.5;71.5;64274
2013-07-12;71.25;71.5;70.5;70.75;4455
2013-07-11;70.25;71.5;70.25;71.25;4351
2013-07-10;70.75;71.25;70.0;70.0;30809
2013-07-09;72.25;72.75;70.25;71.25;13021
2013-07-08;72.5;73.0;72.25;73.0;3912
2013-07-05;73.0;73.5;72.5;73.25;900
2013-07-04;72.5;75.75;72.25;73.5;12382
2013-07-03;73.5;73.5;73.0;73.5;1818
2013-07-02;72.5;74.25;72.5;73.5;2680
2013-07-01;75.5;76.0;72.25;72.5;10245
2013-06-28;72.5;77.0;72.5;76.25;28193
2013-06-27;70.0;72.25;70.0;72.0;20801
2013-06-26;70.25;72.25;69.5;69.5;10744
2013-06-25;71.0;71.0;69.5;69.5;4869
2013-06-24;71.5;71.5;67.5;68.75;9091
2013-06-21;;71.25;71.25;71.25;0
2013-06-20;74.0;74.0;69.5;71.25;74111
2013-06-19;74.75;74.75;73.25;73.25;10578
2013-06-18;75.0;75.75;74.5;74.5;30172
2013-06-17;74.25;74.75;71.75;74.5;31094
2013-06-14;69.0;72.0;69.0;69.0;14740
2013-06-13;69.0;70.5;69.0;69.75;2218
2013-06-12;70.75;72.0;70.5;70.5;8426
2013-06-11;69.5;70.5;69.5;70.5;20095
2013-06-10;70.5;71.25;70.5;70.5;606
2013-06-07;70.25;72.0;70.25;70.5;21214
2013-06-06;;70.25;70.25;70.25;0
2013-06-05;71.0;72.0;70.25;70.25;1270
2013-06-04;70.0;72.0;70.0;71.0;36222
2013-06-03;72.0;72.0;69.25;71.25;5105
2013-05-31;71.5;72.0;69.75;72.0;7956
2013-05-30;71.5;71.5;70.75;71.5;8764
2013-05-29;72.5;72.5;71.25;71.75;9063
2013-05-28;73.0;73.5;72.5;72.5;8356
2013-05-27;72.25;73.0;72.25;73.0;1969
2013-05-24;73.0;74.0;73.0;73.0;2211
2013-05-23;73.75;73.75;72.5;73.0;10652
2013-05-22;73.0;74.0;72.5;74.0;6032
2013-05-21;74.25;74.25;72.25;73.0;7821
2013-05-20;73.0;74.25;72.25;72.25;2450
2013-05-17;73.0;75.0;71.5;74.0;10411
2013-05-16;73.5;74.0;73.0;74.0;5264
2013-05-15;74.0;74.25;73.0;73.75;4397
2013-05-14;75.5;75.5;72.25;74.0;15966
2013-05-13;76.0;76.0;74.5;75.0;2587
2013-05-10;76.0;76.5;74.5;76.5;20803
2013-05-09;;75.25;75.25;75.25;0
2013-05-08;76.5;76.75;74.5;75.25;14106
2013-05-07;75.5;76.25;74.5;76.25;21141
2013-05-06;77.0;77.0;76.0;76.0;3496
2013-05-03;76.5;77.5;75.0;77.5;6490
2013-05-02;78.0;78.0;77.25;78.0;1033
2013-05-01;;78.0;78.0;78.0;0
2013-04-30;75.5;78.0;75.0;78.0;15286
2013-04-29;78.0;78.0;75.75;75.75;9786
2013-04-26;74.25;78.0;74.25;78.0;24840
2013-04-25;73.5;74.25;73.5;74.0;3675
2013-04-24;73.5;73.5;73.0;73.0;27395
2013-04-23;73.0;73.75;73.0;73.5;33281
2013-04-22;77.0;77.0;74.5;75.0;8086
2013-04-19;78.0;78.0;73.0;75.0;29154
2013-04-18;78.0;78.75;75.0;75.0;15786
2013-04-17;79.25;79.25;77.5;77.5;1333
2013-04-16;77.5;80.0;77.5;78.75;5932
2013-04-15;80.25;80.25;77.5;77.5;4362
2013-04-12;79.0;80.25;78.75;80.25;2806
2013-04-11;80.25;80.25;78.75;78.75;13457
2013-04-10;81.75;81.75;80.25;80.25;6797
2013-04-09;79.75;80.25;78.0;80.25;18141
2013-04-08;78.0;80.25;77.5;79.5;27829
2013-04-05;77.75;77.75;75.75;75.75;17189
2013-04-04;75.5;76.5;75.5;76.5;4781
2013-04-03;76.5;77.0;75.75;76.5;18889
2013-04-02;77.0;77.0;76.5;76.5;2442
2013-04-01;;77.0;77.0;77.0;0
2013-03-29;76.25;77.0;77.0;77.0;25861
2013-03-28;76.25;76.25;76.0;76.0;25861
2013-03-27;76.25;76.25;76.0;76.0;25861
2013-03-26;76.0;76.25;75.5;76.0;5196
2013-03-25;77.0;77.0;75.25;76.0;9977
2013-03-22;76.75;77.5;76.75;77.0;1445
2013-03-21;78.0;78.0;75.0;75.75;10100
2013-03-20;77.0;78.0;75.5;76.0;8303
2013-03-19;79.0;79.0;76.0;77.0;20570
2013-03-18;79.0;79.5;78.25;78.5;29229
2013-03-15;80.5;80.5;78.5;79.0;13849
2013-03-14;79.25;82.25;79.25;80.5;19468
2013-03-13;80.0;80.0;78.0;79.25;6988
2013-03-12;80.5;80.75;78.0;78.0;16544
2013-03-11;79.0;80.0;79.0;79.5;42432
2013-03-08;78.0;78.75;77.75;78.0;3125
2013-03-07;77.0;78.75;76.25;77.75;43935
2013-03-06;79.0;79.0;77.0;77.0;24654
2013-03-05;78.5;79.75;78.25;79.75;12733
2013-03-04;80.25;80.25;78.0;78.75;18130
2013-03-01;80.25;80.25;79.0;80.25;13460
2013-02-28;79.75;80.25;79.0;80.25;106395
2013-02-27;77.75;80.0;77.75;79.75;19258
2013-02-26;77.5;79.5;77.5;79.0;23145
2013-02-25;77.5;78.5;77.5;77.75;8414
2013-02-22;78.5;79.0;78.0;78.5;15981
2013-02-21;77.0;78.5;77.0;78.5;13643
2013-02-20;78.25;78.5;77.5;77.5;13084
2013-02-19;78.5;79.0;78.0;78.25;11371
2013-02-18;77.25;78.5;77.25;78.25;16654
2013-02-15;77.0;79.5;77.0;77.25;98632
2013-02-14;79.0;79.25;76.25;77.0;37831
2013-02-13;75.25;79.25;75.25;79.25;10936
2013-02-12;75.0;76.5;75.0;76.5;5736
2013-02-11;75.25;75.25;74.5;75.25;10764
2013-02-08;74.25;75.25;74.0;75.25;8810
2013-02-07;73.5;74.25;72.75;74.25;7171
2013-02-06;73.0;74.5;72.75;72.75;3557
2013-02-05;72.5;73.25;72.5;72.5;1102
2013-02-04;73.5;74.0;72.25;72.25;15998
2013-02-01;73.5;74.75;73.25;74.75;10499
2013-01-31;73.0;74.25;73.0;73.5;7619
2013-01-30;73.5;73.75;73.25;73.25;4903
2013-01-29;72.5;73.25;72.5;73.25;3925
2013-01-28;72.0;73.0;71.25;72.25;2737
2013-01-25;73.0;73.0;71.0;72.0;34925
2013-01-24;71.5;73.0;71.5;72.5;77472
2013-01-23;71.5;71.75;70.75;71.75;17081
2013-01-22;72.0;72.25;71.5;71.5;23705
2013-01-21;72.0;72.5;72.0;72.25;2768
2013-01-18;72.0;72.75;72.0;72.0;22544
2013-01-17;72.0;73.0;72.0;73.0;5093
2013-01-16;73.0;73.0;72.25;72.25;107238
2013-01-15;73.0;73.0;72.5;73.0;8304
2013-01-14;72.0;73.0;72.0;73.0;17060
2013-01-11;72.75;72.75;72.0;72.5;176883
2013-01-10;72.5;73.0;71.25;73.0;18769
2013-01-09;72.25;73.0;72.25;72.5;18587
2013-01-08;73.0;73.0;72.25;73.0;18080
2013-01-07;73.0;73.75;72.0;73.0;4593
2013-01-04;72.0;72.5;72.0;72.5;26562
2013-01-03;72.0;73.0;72.0;72.0;14937
2013-01-02;73.0;73.25;72.0;72.0;12095
2013-01-01;;73.0;73.0;73.0;0
2012-12-31;;73.0;73.0;73.0;0
2012-12-28;68.5;73.0;68.5;73.0;27975
