Dates;Open;High;Low;Close;Volume
2017-12-27;183.5;185.0;183.4;185.0;26
2017-12-22;182.8;184.0;182.0;183.4;1808
2017-12-21;184.0;184.0;181.0;182.0;247
2017-12-20;181.6;184.4;181.5;184.0;155
2017-12-19;181.2;184.0;181.2;181.6;750
2017-12-18;183.8;183.8;178.5;181.2;2192
2017-12-15;185.0;185.0;176.7;182.0;1430
2017-12-14;182.0;185.3;182.0;185.2;421
2017-12-13;188.0;188.0;182.0;182.0;116
2017-12-12;182.9;190.2;181.8;189.9;2773
2017-12-11;182.0;184.0;180.7;184.0;1820
2017-12-08;182.0;183.0;180.0;180.0;1100
2017-12-07;185.0;185.0;182.0;182.0;194
2017-12-06;186.4;186.4;180.2;180.9;430
2017-12-05;175.9;187.3;175.9;186.6;3244
2017-12-04;172.2;176.3;170.1;175.9;937
2017-12-01;172.8;172.8;172.2;172.2;13
2017-11-30;175.1;177.8;175.0;175.0;209
2017-11-29;173.0;179.0;173.0;174.1;414
2017-11-28;174.0;174.0;172.8;172.8;94
2017-11-27;177.8;177.8;175.0;175.0;676
2017-11-24;178.8;178.8;177.5;177.5;6
2017-11-23;176.0;180.5;175.9;176.1;443
2017-11-22;181.6;181.6;176.2;180.4;692
2017-11-21;175.3;182.4;175.3;181.3;1352
2017-11-20;176.3;178.0;175.5;177.5;925
2017-11-17;179.0;179.0;178.9;179.0;254
2017-11-16;178.9;179.0;178.9;179.0;1215
2017-11-15;176.5;176.5;170.2;174.5;310
2017-11-14;176.6;176.6;176.5;176.5;101
2017-11-13;173.0;177.0;173.0;176.6;518
2017-11-10;178.4;180.0;171.0;172.9;407
2017-11-09;177.5;179.7;177.0;177.0;236
2017-11-08;181.0;181.0;177.5;177.5;659
2017-11-07;185.0;185.0;180.0;180.0;1486
2017-11-06;185.5;185.5;184.6;185.0;60
2017-11-03;182.0;185.5;181.9;185.5;65
2017-11-02;179.1;182.0;179.1;180.0;348
2017-11-01;180.0;181.2;179.0;179.1;295
2017-10-31;184.0;184.0;179.0;180.0;1168
2017-10-30;180.0;188.0;180.0;184.3;1966
2017-10-27;190.0;190.0;176.8;183.2;1398
2017-10-26;192.8;192.8;188.5;190.0;505
2017-10-25;193.8;193.8;188.1;191.8;1726
2017-10-24;192.5;192.5;192.4;192.4;141
2017-10-23;194.9;194.9;192.3;192.3;3303
2017-10-20;192.9;193.0;185.6;192.0;445
2017-10-19;191.2;191.5;191.0;191.2;444
2017-10-18;194.0;194.7;191.0;191.0;292
2017-10-17;195.2;195.4;193.6;193.6;1012
2017-10-13;195.1;200.0;194.7;200.0;1781
2017-10-12;195.2;196.8;195.0;195.1;371
2017-10-11;194.5;195.2;194.5;195.0;117
2017-10-10;197.0;197.0;196.0;196.0;67
2017-10-09;196.0;197.0;195.4;196.0;190
2017-10-06;197.5;199.9;194.7;196.0;1546
2017-10-05;199.5;199.5;195.6;199.5;211
2017-10-04;201.0;201.0;196.1;196.1;1200
2017-10-03;197.1;200.0;197.0;199.5;1367
2017-10-02;200.0;200.0;196.0;197.1;622
2017-09-29;200.0;200.0;200.0;200.0;528
2017-09-28;199.5;200.5;199.5;199.5;19
2017-09-27;199.0;199.0;199.0;199.0;1039
2017-09-26;199.0;199.0;195.6;195.6;238
2017-09-25;191.5;199.0;191.5;199.0;1540
2017-09-22;199.0;199.0;195.0;196.0;164
2017-09-21;197.5;197.5;196.4;196.4;424
2017-09-20;197.8;197.8;197.8;197.8;94
2017-09-19;198.0;199.0;197.5;199.0;76
2017-09-18;197.0;200.0;197.0;197.5;33
2017-09-15;199.0;199.0;197.0;197.0;145
2017-09-14;200.0;200.0;199.0;200.0;52
2017-09-13;199.9;200.0;196.1;200.0;192
2017-09-12;201.4;202.0;201.4;202.0;150
2017-09-11;200.0;201.7;199.9;199.9;615
2017-09-08;200.0;200.0;200.0;200.0;503
2017-09-07;199.8;199.8;198.7;198.7;35
2017-09-06;200.0;200.0;199.8;199.8;14
2017-09-04;198.9;198.9;197.5;197.5;239
2017-09-01;200.0;201.9;196.0;199.0;962
2017-08-31;200.0;205.0;196.9;200.0;1057
2017-08-30;196.0;200.0;196.0;200.0;110
2017-08-29;201.0;201.0;194.6;197.0;692
2017-08-28;201.0;201.0;201.0;201.0;16
2017-08-25;203.5;203.5;203.5;203.5;1
2017-08-24;200.8;200.8;200.8;200.8;91
2017-08-23;205.5;205.6;203.0;205.6;218
2017-08-22;202.0;205.5;202.0;205.5;698
2017-08-21;200.3;202.9;199.4;202.6;650
2017-08-18;203.0;205.1;202.5;204.9;409
2017-08-17;203.0;203.1;203.0;203.0;43
2017-08-16;205.1;205.1;201.8;202.8;286
2017-08-15;205.0;206.9;205.0;206.0;355
2017-08-14;200.9;204.4;200.9;204.4;610
2017-08-11;200.0;200.0;200.0;200.0;3
2017-08-10;199.6;200.1;197.7;200.0;460
2017-08-09;200.8;200.8;195.1;199.9;5382
2017-08-08;207.0;207.0;200.8;200.8;195
2017-08-07;204.9;206.9;202.5;206.8;263
2017-08-04;206.5;206.5;200.4;202.9;959
2017-08-03;206.9;206.9;200.5;206.5;115
2017-08-02;205.7;208.1;200.5;206.9;325
2017-08-01;208.2;208.2;205.7;205.7;139
2017-07-31;206.8;207.9;204.0;207.9;129
2017-07-28;200.2;210.4;200.2;204.0;671
2017-07-27;200.2;200.2;200.0;200.0;19
2017-07-26;204.4;204.4;204.3;204.3;18
2017-07-25;209.0;209.0;203.0;204.4;352
2017-07-24;203.1;210.5;202.4;210.5;472
2017-07-21;209.0;209.1;202.0;203.1;750
2017-07-20;209.0;212.6;203.2;211.4;1206
2017-07-19;204.9;209.5;204.9;209.3;431
2017-07-18;207.6;207.6;202.0;204.3;800
2017-07-17;212.9;212.9;212.7;212.7;56
2017-07-14;212.5;213.2;212.5;212.9;521
2017-07-13;210.5;210.5;209.0;209.0;120
2017-07-12;206.5;216.5;206.5;210.0;2929
2017-07-11;206.6;210.5;206.5;206.5;532
2017-07-10;212.0;212.1;206.1;206.1;47
2017-07-07;207.0;209.0;205.6;205.6;435
2017-07-06;212.0;213.0;206.5;206.6;101
2017-07-05;205.9;215.3;205.9;212.0;179
2017-07-04;210.5;210.5;205.5;205.7;113
2017-07-03;210.1;214.3;210.1;210.1;152
2017-06-30;214.0;214.6;210.1;214.6;318
2017-06-29;217.5;223.0;207.8;214.0;566
2017-06-28;223.8;223.8;217.5;223.8;114
2017-06-27;224.8;224.8;223.8;223.8;48
2017-06-26;217.7;224.8;216.5;224.8;508
2017-06-23;;217.7;217.7;217.7;0
2017-06-22;224.2;224.2;216.6;217.7;523
2017-06-21;224.7;228.2;224.6;224.6;1077
2017-06-20;224.4;225.5;223.2;224.2;389
2017-06-19;220.8;224.4;220.8;224.4;732
2017-06-16;223.0;223.0;220.4;220.8;118
2017-06-15;225.9;225.9;221.0;221.0;1010
2017-06-14;227.9;227.9;225.9;225.9;43
2017-06-13;227.7;228.0;227.7;228.0;130
2017-06-12;228.9;228.9;228.0;228.0;463
2017-06-09;234.3;234.3;223.3;228.9;300
2017-06-08;234.2;235.0;231.5;231.7;183
2017-06-07;235.5;235.5;230.0;234.2;1424
2017-06-06;;235.5;235.5;235.5;0
2017-06-05;226.2;238.9;226.2;235.5;177
2017-06-02;230.9;234.0;230.0;230.0;1153
2017-06-01;225.7;235.1;225.7;231.0;299
2017-05-31;229.0;229.0;222.8;225.6;169
2017-05-30;228.9;229.0;228.8;229.0;551
2017-05-29;225.0;226.3;225.0;226.3;683
2017-05-26;229.0;229.0;224.8;224.8;148
2017-05-24;228.9;229.0;228.7;229.0;198
2017-05-23;228.5;229.8;223.1;226.0;321
2017-05-22;229.0;230.0;228.5;228.5;249
2017-05-19;223.2;229.9;223.2;228.9;33
2017-05-18;223.5;225.0;223.0;223.0;862
2017-05-17;228.8;228.8;222.4;228.0;373
2017-05-16;223.0;229.9;222.6;228.8;485
2017-05-15;230.8;231.0;223.0;223.0;1015
2017-05-12;227.5;227.0;227.0;227.0;1313
2017-05-11;236.0;236.0;226.8;226.8;3473
2017-05-10;221.9;260.5;221.9;236.9;4187
2017-05-09;219.2;221.9;217.2;221.9;2648
2017-05-08;219.4;219.4;216.2;219.2;238
2017-05-05;219.5;219.5;219.4;219.4;6
2017-05-04;218.0;219.0;217.2;219.0;730
2017-05-03;217.8;219.0;216.0;219.0;244
2017-05-02;217.0;220.0;215.9;220.0;1482
2017-05-01;;217.8;217.8;217.8;0
2017-04-28;218.0;218.7;217.8;217.8;230
2017-04-27;218.6;219.5;217.9;218.0;413
2017-04-26;215.0;218.5;215.0;218.5;471
2017-04-25;218.3;218.4;215.1;215.2;665
2017-04-24;218.0;218.8;214.3;214.9;623
2017-04-21;215.0;219.5;215.0;218.9;148
2017-04-20;216.3;218.5;215.7;218.0;766
2017-04-19;214.5;219.1;213.0;216.4;524
2017-04-18;212.0;214.5;210.1;214.5;683
2017-04-13;212.4;214.9;209.7;209.8;416
2017-04-12;218.9;218.9;214.9;215.0;1182
2017-04-11;213.5;219.5;212.6;218.9;684
2017-04-10;214.5;214.5;214.3;214.3;65
2017-04-07;207.8;212.9;207.6;209.7;219
2017-04-06;210.0;212.4;209.2;209.2;31
2017-04-05;209.0;209.0;209.0;209.0;143
2017-04-04;208.0;209.0;208.0;209.0;167
2017-04-03;206.1;208.7;206.0;207.8;103
2017-03-31;209.0;209.0;205.1;205.2;1481
2017-03-30;208.0;209.0;207.8;209.0;598
2017-03-29;210.0;213.9;208.0;208.0;439
2017-03-28;205.9;209.7;205.9;207.9;97
2017-03-27;208.2;211.4;205.1;205.1;618
2017-03-24;208.4;208.4;207.0;207.0;220
2017-03-23;208.3;208.4;205.6;208.4;634
2017-03-22;209.9;209.9;207.9;208.4;142
2017-03-21;215.8;215.8;208.1;210.1;1376
2017-03-20;211.2;215.8;211.1;212.0;419
2017-03-17;212.2;215.0;210.7;211.0;429
2017-03-16;215.9;216.1;210.5;212.2;884
2017-03-15;210.8;215.9;210.8;215.8;130
2017-03-14;212.5;218.0;210.6;210.6;1944
2017-03-13;215.3;215.3;212.7;215.0;579
2017-03-10;214.5;215.0;215.0;215.0;709
2017-03-09;215.2;215.5;210.4;214.4;392
2017-03-08;206.4;215.2;206.4;215.2;1059
2017-03-07;207.5;208.0;204.0;204.0;1247
2017-03-06;208.1;209.0;206.2;206.2;1357
2017-03-03;207.9;207.9;207.9;207.9;1467
2017-03-02;204.5;208.9;200.0;202.6;346
2017-03-01;206.9;206.9;204.5;204.5;446
2017-02-28;209.0;209.0;205.0;206.9;847
2017-02-27;210.0;210.0;204.0;208.9;662
2017-02-24;204.6;207.2;203.5;207.2;638
2017-02-23;204.6;204.7;204.6;204.7;596
2017-02-22;205.0;205.0;201.3;204.6;80
2017-02-21;204.4;205.0;204.3;205.0;452
2017-02-20;204.8;206.0;195.0;204.4;1896
2017-02-17;204.9;204.9;200.2;204.8;677
2017-02-16;207.5;207.5;202.0;204.9;486
2017-02-15;212.0;212.0;205.2;207.1;1047
2017-02-14;216.0;216.6;206.0;212.0;3063
2017-02-13;210.0;215.0;209.0;215.0;5422
2017-02-10;205.7;210.0;205.7;210.0;729
2017-02-09;209.7;210.0;205.3;205.3;309
2017-02-08;209.9;209.9;209.8;209.8;40
2017-02-07;205.8;210.0;205.8;210.0;428
2017-02-06;207.0;207.1;205.5;205.5;532
2017-02-03;205.5;209.4;205.5;206.5;84
2017-02-02;210.0;210.4;205.0;205.3;658
2017-02-01;205.0;209.9;202.1;209.9;569
2017-01-31;206.0;206.6;200.4;206.1;751
2017-01-30;206.4;206.4;200.2;205.8;168
2017-01-27;205.0;206.4;203.1;206.4;129
2017-01-26;206.0;206.3;205.0;205.0;1348
2017-01-25;206.6;206.6;206.0;206.5;418
2017-01-24;206.2;211.8;206.2;206.3;712
2017-01-23;205.0;206.3;204.8;206.2;1342
2017-01-20;200.9;203.0;200.9;202.9;429
2017-01-19;208.5;208.5;200.5;200.9;1372
2017-01-18;210.9;213.9;210.0;210.0;559
2017-01-17;213.1;213.8;209.1;210.9;579
2017-01-16;214.0;214.0;212.0;214.0;247
2017-01-13;211.5;215.0;211.5;215.0;2066
2017-01-12;216.4;222.4;214.9;214.9;576
2017-01-11;212.3;220.0;210.0;216.4;347
2017-01-10;222.0;222.0;210.0;219.9;671
2017-01-09;224.0;224.0;220.4;220.4;392
2017-01-06;;224.0;224.0;224.0;0
2017-01-05;223.1;224.0;223.0;224.0;101
2017-01-04;223.2;224.9;223.1;223.1;244
2017-01-03;225.0;225.0;223.0;223.0;38
2017-01-02;223.0;234.9;223.0;223.0;741
2016-12-30;230.0;234.9;221.8;222.0;984
2016-12-29;227.0;227.2;221.0;227.0;1374
2016-12-28;230.0;230.0;226.1;227.4;2167
2016-12-27;229.6;237.9;222.2;234.6;1646
2016-12-23;235.0;235.0;235.0;235.0;91
2016-12-22;234.9;236.0;234.9;234.9;114
2016-12-21;236.0;236.0;234.9;234.9;72
2016-12-20;234.9;236.0;234.9;236.0;468
2016-12-19;234.4;234.9;232.1;234.9;148
2016-12-16;236.0;236.0;233.8;234.0;223
2016-12-15;232.0;236.0;228.6;236.0;696
2016-12-14;229.0;234.9;229.0;232.0;1065
2016-12-13;234.4;234.4;228.7;228.9;615
2016-12-12;247.1;247.1;223.0;234.5;2099
2016-12-09;245.0;250.0;245.0;247.1;785
2016-12-08;236.0;248.8;236.0;239.5;1951
2016-12-07;244.0;246.0;235.2;236.0;777
2016-12-06;249.8;249.8;244.0;246.5;1101
2016-12-05;256.0;256.0;218.0;249.8;854
2016-12-02;259.5;259.5;255.5;256.0;133
2016-12-01;258.5;260.0;258.5;259.0;846
2016-11-30;240.0;258.9;240.0;258.5;1441
2016-11-29;240.5;245.0;240.0;240.0;166
2016-11-28;245.0;245.0;225.0;238.7;741
2016-11-25;255.0;260.0;245.0;245.0;1700
2016-11-24;251.0;259.0;249.0;249.0;311
2016-11-23;240.0;249.9;240.0;249.9;613
2016-11-22;238.1;249.0;238.1;240.0;396
2016-11-21;247.0;247.0;227.0;237.5;1524
2016-11-18;257.0;257.0;227.0;247.0;1063
2016-11-17;258.9;258.9;257.0;257.0;368
2016-11-16;263.0;263.0;255.2;259.2;587
2016-11-15;273.2;276.0;251.4;264.9;1165
2016-11-14;263.3;275.0;263.3;273.2;1977
2016-11-11;265.4;276.9;263.3;263.3;2868
2016-11-10;249.9;268.3;249.9;265.4;2501
2016-11-09;230.0;274.9;200.7;249.9;1738
2016-11-08;235.0;237.0;232.9;234.9;1886
2016-11-07;211.0;235.0;211.0;234.0;1102
2016-11-04;226.5;227.0;211.0;211.0;1743
2016-11-03;249.9;250.0;210.0;226.5;3538
2016-11-02;284.0;285.6;214.2;249.9;5371
2016-11-01;246.0;319.9;242.0;285.6;8639
2016-10-31;235.0;250.0;235.0;245.9;6166
2016-10-28;211.0;241.0;210.9;232.7;2013
2016-10-27;202.0;207.9;200.2;207.3;2089
2016-10-26;212.8;212.8;204.0;204.0;1059
2016-10-25;213.7;229.9;212.8;212.8;1457
2016-10-24;223.0;235.0;205.0;213.7;1872
2016-10-21;219.0;225.0;219.0;222.0;1450
2016-10-20;218.0;219.0;217.0;219.0;1260
2016-10-19;215.0;220.0;215.0;216.0;613
2016-10-18;201.2;209.0;201.2;209.0;121
2016-10-17;206.2;210.0;200.1;200.1;791
2016-10-14;199.8;207.1;196.7;206.2;380
2016-10-13;208.8;208.8;180.0;196.5;2156
2016-10-12;209.9;210.0;208.9;208.9;34
2016-10-11;211.0;211.5;190.5;209.1;802
2016-10-10;206.0;211.0;205.0;211.0;2237
2016-10-07;199.0;209.0;198.5;205.9;1807
2016-10-06;192.0;195.0;186.0;195.0;961
2016-10-05;189.9;190.0;189.0;190.0;389
2016-10-04;188.8;189.9;188.8;189.8;276
2016-10-03;185.0;188.8;185.0;188.8;531
2016-09-30;185.0;185.0;178.6;184.9;677
2016-09-29;178.3;184.9;178.3;183.2;683
2016-09-28;185.0;185.0;178.3;178.3;265
2016-09-27;184.9;185.5;184.9;185.0;617
2016-09-26;184.7;184.9;178.1;178.1;526
2016-09-23;184.8;184.8;181.6;184.7;204
2016-09-22;179.0;184.9;179.0;184.8;30
2016-09-21;183.0;183.0;179.0;179.2;244
2016-09-20;186.8;186.8;182.0;184.9;1888
2016-09-19;187.8;187.8;180.0;186.8;806
2016-09-16;189.0;189.0;187.8;187.8;113
2016-09-15;188.1;188.1;179.5;184.9;1709
2016-09-14;189.6;189.6;185.8;188.1;822
2016-09-13;189.6;189.6;180.7;189.6;575
2016-09-12;185.0;190.0;180.0;180.2;1864
2016-09-09;185.0;185.0;180.0;180.0;533
2016-09-08;174.4;190.2;174.4;180.1;1188
2016-09-07;172.6;175.0;172.6;175.0;3
2016-09-06;175.0;175.0;174.0;175.0;575
2016-09-05;172.5;175.0;170.0;175.0;1030
2016-09-02;174.5;175.0;168.0;172.5;860
2016-09-01;174.0;176.4;169.6;175.0;1450
2016-08-31;175.0;175.0;168.5;174.0;657
2016-08-30;171.5;175.0;171.5;175.0;420
2016-08-29;172.0;172.0;171.5;172.0;247
2016-08-26;172.3;172.3;172.3;172.3;30
2016-08-25;176.5;176.5;173.0;173.0;187
2016-08-24;170.0;173.0;170.0;173.0;407
2016-08-23;168.6;169.9;164.5;169.8;120
2016-08-22;167.5;168.6;163.7;168.6;177
2016-08-19;167.4;169.0;167.0;167.4;888
2016-08-18;165.0;165.0;163.0;163.0;6
2016-08-17;159.3;165.4;159.3;165.3;110
2016-08-16;166.0;166.0;158.5;158.5;231
2016-08-15;164.1;164.5;159.1;164.5;54
2016-08-12;162.9;164.0;162.9;164.0;102
2016-08-11;163.0;163.0;163.0;163.0;40
2016-08-10;163.9;163.9;158.8;158.8;293
2016-08-09;163.0;165.3;163.0;163.0;90
2016-08-08;164.0;164.8;162.0;162.0;87
2016-08-05;158.4;164.3;158.4;164.0;178
2016-08-04;157.0;157.5;155.6;157.5;115
2016-08-03;163.0;163.0;158.1;162.5;560
2016-08-02;157.0;170.0;157.0;163.0;482
2016-08-01;158.0;158.1;156.9;156.9;1007
2016-07-29;166.5;166.5;158.0;161.1;118
2016-07-28;161.8;166.5;161.8;166.5;742
2016-07-27;153.7;161.7;153.7;160.0;727
2016-07-26;153.7;153.7;153.7;153.7;6
2016-07-25;156.0;156.1;156.0;156.0;67
2016-07-22;154.5;154.5;154.4;154.4;300
2016-07-21;160.9;161.0;160.9;160.9;98
2016-07-20;159.0;160.9;159.0;160.9;855
2016-07-19;158.0;158.0;150.9;158.0;569
2016-07-18;152.0;158.0;148.2;158.0;552
2016-07-15;158.0;158.0;149.7;152.0;163
2016-07-14;150.7;154.1;150.6;154.1;376
2016-07-13;151.1;151.1;150.0;150.7;226
2016-07-12;150.0;152.0;150.0;150.9;377
2016-07-11;150.0;152.7;149.1;149.5;1260
2016-07-08;145.5;151.1;145.5;147.2;86
2016-07-07;152.5;152.5;145.3;145.5;1667
2016-07-06;152.5;156.9;151.9;151.9;774
2016-07-05;160.0;160.0;152.0;152.8;881
2016-07-04;152.0;157.2;152.0;156.5;338
2016-07-01;147.0;151.9;147.0;151.9;490
2016-06-30;151.9;151.9;147.4;151.9;213
2016-06-29;150.0;150.0;147.0;147.0;169
2016-06-28;147.0;150.3;141.1;150.3;208
2016-06-27;145.0;151.8;139.8;147.0;3120
2016-06-24;;152.0;152.0;152.0;0
2016-06-23;144.3;152.0;144.3;152.0;34
2016-06-22;154.6;154.6;147.0;152.4;203
2016-06-21;158.2;158.2;148.1;148.1;17
2016-06-20;153.3;153.3;143.7;150.0;329
2016-06-17;150.0;157.3;141.0;153.3;1457
2016-06-16;152.0;161.5;151.0;151.0;1639
2016-06-15;148.9;156.1;141.1;156.1;1381
2016-06-14;157.9;157.9;137.2;148.9;2592
2016-06-13;167.5;167.5;151.0;157.9;2097
2016-06-10;165.0;166.6;165.0;165.2;1577
2016-06-09;155.8;164.8;155.2;164.7;318
2016-06-08;151.1;164.9;151.0;155.9;214
2016-06-07;150.1;166.9;150.1;150.2;103
2016-06-06;;149.3;149.3;149.3;0
2016-06-03;155.0;156.1;149.3;149.3;3032
2016-06-02;155.1;155.1;148.1;153.1;432
2016-06-01;147.0;152.0;147.0;152.0;984
2016-05-31;145.0;147.0;145.0;147.0;1601
2016-05-30;145.0;145.0;144.0;144.5;205
2016-05-27;140.1;145.1;140.1;141.0;1281
2016-05-26;136.4;140.5;136.4;140.0;2848
2016-05-25;131.5;136.3;131.3;133.5;1209
2016-05-24;133.2;137.0;133.2;137.0;48
2016-05-23;136.9;136.9;132.2;132.6;261
2016-05-20;137.9;137.9;131.1;136.9;1075
2016-05-19;135.0;137.9;129.0;137.9;336
2016-05-18;135.0;135.0;134.9;135.0;107
2016-05-17;139.9;140.2;134.8;135.2;2580
2016-05-16;127.2;140.0;127.2;139.9;1496
2016-05-13;132.3;132.3;126.2;126.2;220
2016-05-12;133.3;133.3;126.1;132.8;1434
2016-05-11;129.0;134.0;127.9;133.3;675
2016-05-10;125.0;129.0;125.0;128.8;574
2016-05-09;124.0;124.0;124.0;124.0;87
2016-05-06;123.7;123.7;123.7;123.7;100
2016-05-05;129.0;129.0;124.0;128.9;508
2016-05-04;129.0;129.0;124.0;128.9;508
2016-05-03;129.0;129.0;128.9;128.9;1028
2016-05-02;128.7;128.7;128.4;128.4;21
2016-04-29;129.0;129.0;125.1;128.8;280
2016-04-28;129.4;129.8;129.4;129.8;1160
2016-04-27;126.0;128.9;124.4;124.4;177
2016-04-26;125.1;126.0;125.0;125.2;479
2016-04-25;128.6;128.6;127.4;127.7;104
2016-04-22;125.0;128.8;124.0;124.2;731
2016-04-21;124.2;129.4;124.2;129.4;227
2016-04-20;131.0;131.0;123.6;129.9;582
2016-04-19;130.0;131.0;124.0;131.0;865
2016-04-18;128.2;128.2;128.0;128.0;340
2016-04-15;128.2;132.3;128.2;130.5;164
2016-04-14;135.9;135.9;131.1;133.8;353
2016-04-13;128.5;138.3;128.5;138.3;1701
2016-04-12;128.2;128.2;128.2;128.2;22
2016-04-11;129.5;136.8;128.2;128.2;579
2016-04-08;132.4;132.4;130.9;130.9;7
2016-04-07;131.6;131.8;130.0;130.5;2095
2016-04-06;125.0;131.8;125.0;131.6;2383
2016-04-05;128.2;132.9;126.4;129.0;1514
2016-04-04;133.4;133.4;127.5;128.1;282
2016-04-01;133.4;133.4;130.0;133.4;606
2016-03-31;134.0;134.0;133.4;133.4;240
2016-03-30;128.2;136.3;128.2;134.9;537
2016-03-29;130.5;130.5;126.9;126.9;69
2016-03-28;136.6;136.6;130.0;130.0;278
2016-03-25;136.6;136.6;130.0;130.0;278
2016-03-24;136.6;136.6;130.0;130.0;278
2016-03-23;136.7;136.7;130.4;130.4;52
2016-03-22;129.6;129.6;129.6;129.6;52
2016-03-21;135.0;136.7;131.0;131.2;603
2016-03-18;134.8;135.0;134.8;135.0;255
2016-03-17;132.2;132.5;131.0;131.0;110
2016-03-16;130.2;130.9;130.0;130.0;177
2016-03-15;134.9;134.9;128.7;134.5;339
2016-03-14;130.9;134.7;130.9;132.8;824
2016-03-11;133.0;133.0;129.0;132.9;2567
2016-03-10;133.0;133.0;128.0;133.0;1180
2016-03-09;130.0;130.0;130.0;130.0;21
2016-03-08;133.0;133.0;128.1;130.2;244
2016-03-07;130.0;132.9;130.0;132.9;481
2016-03-04;126.0;130.0;125.0;130.0;3802
2016-03-03;127.0;127.0;127.0;127.0;250
2016-03-02;127.0;127.0;125.0;126.0;464
2016-03-01;125.1;127.0;125.1;127.0;316
2016-02-29;125.0;125.5;124.0;125.5;404
2016-02-26;128.0;128.0;127.5;127.5;14
2016-02-25;128.0;128.0;128.0;128.0;80
2016-02-24;128.0;128.0;128.0;128.0;5
2016-02-23;129.3;129.4;128.0;128.0;732
2016-02-22;128.8;129.6;122.6;129.6;165
2016-02-19;118.5;129.7;118.5;128.8;747
2016-02-18;118.7;129.8;118.7;126.4;582
2016-02-17;116.1;125.5;116.1;125.5;2523
2016-02-16;120.0;124.7;120.0;124.3;1424
2016-02-15;119.5;119.9;119.5;119.7;177
2016-02-12;105.1;119.5;105.1;119.5;63
2016-02-11;102.3;119.5;102.3;112.0;76
2016-02-10;114.0;114.0;114.0;114.0;8
2016-02-09;112.2;114.0;112.2;114.0;40
2016-02-08;120.2;120.2;114.3;114.3;1862
2016-02-05;125.0;125.0;122.0;122.0;119
2016-02-04;122.0;122.0;122.0;122.0;530
2016-02-03;119.3;124.5;119.3;124.5;227
2016-02-02;125.3;125.3;119.4;124.7;763
2016-02-01;124.8;125.5;124.5;125.5;1191
2016-01-29;124.0;124.5;122.0;124.5;924
2016-01-28;123.5;123.5;121.8;121.8;610
2016-01-27;124.4;124.5;121.5;124.5;276
2016-01-26;124.3;124.3;123.0;123.0;505
2016-01-25;123.0;124.4;123.0;124.3;516
2016-01-22;124.8;124.8;117.2;122.0;513
2016-01-21;124.9;124.9;124.8;124.8;530
2016-01-20;122.0;122.0;121.9;121.9;105
2016-01-19;123.5;123.5;117.4;122.0;763
2016-01-18;;123.5;123.5;123.5;0
2016-01-15;120.0;123.5;116.0;123.5;315
2016-01-14;122.5;122.5;119.3;122.5;913
2016-01-13;124.0;124.0;122.5;122.5;254
2016-01-12;;124.7;124.7;124.7;0
2016-01-11;125.7;125.7;124.7;124.7;1046
2016-01-08;124.7;125.0;124.7;124.7;1840
2016-01-07;125.0;125.0;118.2;118.3;2160
2016-01-06;;122.0;122.0;122.0;0
2016-01-05;;122.0;122.0;122.0;0
2016-01-04;120.0;122.0;118.1;122.0;261
2016-01-01;;123.5;123.5;123.5;0
2015-12-31;;123.5;123.5;123.5;0
2015-12-30;123.5;123.5;120.25;123.5;2305
2015-12-29;121.5;122.75;117.25;122.75;1430
2015-12-28;119.0;123.0;115.5;123.0;452
2015-12-25;120.0;120.25;119.0;119.0;743
2015-12-24;120.0;120.25;119.0;119.0;743
2015-12-23;120.0;120.25;119.0;119.0;743
2015-12-22;120.0;120.0;120.0;120.0;100
2015-12-21;115.0;119.75;115.0;119.25;302
2015-12-18;119.5;121.25;119.5;121.25;200
2015-12-17;116.0;121.75;116.0;117.25;683
2015-12-16;116.0;116.5;116.0;116.0;563
2015-12-15;116.75;119.0;115.5;115.5;1016
2015-12-14;119.0;119.0;116.75;116.75;385
2015-12-11;122.75;122.75;120.75;120.75;1091
2015-12-10;119.25;123.0;119.25;123.0;417
2015-12-09;120.5;121.25;120.0;121.25;391
2015-12-08;121.75;121.75;120.5;120.5;630
2015-12-07;124.75;124.75;121.75;121.75;302
2015-12-04;123.5;125.0;123.25;124.5;710
2015-12-03;124.25;129.0;120.25;129.0;218
2015-12-02;125.0;125.0;122.0;124.5;346
2015-12-01;127.0;127.0;124.0;126.5;2254
2015-11-30;123.0;125.0;120.0;124.75;192
2015-11-27;124.0;124.0;120.25;123.0;1162
2015-11-26;123.75;123.75;117.75;123.5;3635
2015-11-25;125.0;125.0;120.5;120.5;322
2015-11-24;124.0;124.0;120.25;122.0;1695
2015-11-23;125.5;125.5;124.0;124.0;237
2015-11-20;125.5;125.5;125.5;125.5;44
2015-11-19;130.0;131.25;130.0;130.0;513
2015-11-18;130.25;130.25;130.25;130.25;10
2015-11-17;138.5;138.5;138.5;138.5;18
2015-11-16;133.0;139.0;125.0;139.0;594
2015-11-13;133.0;133.0;129.5;129.5;234
2015-11-12;138.0;138.0;130.25;133.0;67
2015-11-11;;138.0;138.0;138.0;0
2015-11-10;138.0;138.25;129.5;138.0;790
2015-11-09;137.5;137.5;137.5;137.5;115
2015-11-06;135.0;135.0;128.0;135.0;613
2015-11-05;140.0;140.0;129.25;137.25;399
2015-11-04;137.75;137.75;136.0;137.75;291
2015-11-03;138.75;138.75;135.0;135.0;273
2015-11-02;137.5;140.0;135.0;137.0;1131
2015-10-30;130.5;130.5;128.0;128.0;70
2015-10-29;129.0;132.0;129.0;130.5;283
2015-10-28;128.25;128.25;128.25;128.25;15
2015-10-27;131.25;136.75;131.0;131.0;360
2015-10-26;137.5;138.25;130.0;130.0;1633
2015-10-23;139.75;139.75;123.5;128.0;2813
2015-10-22;139.5;140.0;130.5;140.0;61
2015-10-21;135.0;139.5;135.0;139.5;448
2015-10-20;140.0;140.0;129.25;139.75;597
2015-10-19;143.75;143.75;128.75;140.5;872
2015-10-16;128.5;143.75;128.5;142.5;780
2015-10-15;126.25;142.0;125.0;128.25;1733
2015-10-14;;134.0;134.0;134.0;0
2015-10-13;125.25;134.0;125.25;134.0;636
2015-10-12;128.0;132.75;124.75;124.75;868
2015-10-09;121.25;133.0;121.25;127.75;845
2015-10-08;127.25;127.25;127.25;127.25;55
2015-10-07;126.0;129.0;126.0;129.0;122
2015-10-06;125.0;126.0;125.0;126.0;24
2015-10-05;125.0;125.0;121.5;125.0;703
2015-10-02;124.75;124.75;121.5;122.0;243
2015-10-01;124.5;125.0;121.5;121.5;384
2015-09-30;125.0;125.0;120.0;121.0;396
2015-09-29;125.0;125.0;125.0;125.0;269
2015-09-28;125.0;126.0;125.0;126.0;589
2015-09-25;125.0;125.25;125.0;125.0;602
2015-09-24;125.5;125.5;120.25;125.25;74
2015-09-23;120.0;125.25;120.0;124.75;98
2015-09-22;120.0;120.25;120.0;120.0;291
2015-09-21;125.5;125.5;120.0;120.0;351
2015-09-18;125.5;125.5;125.5;125.5;26
2015-09-17;125.5;125.5;125.5;125.5;200
2015-09-16;120.75;125.5;120.0;120.0;351
2015-09-15;121.0;125.5;120.75;125.5;300
2015-09-14;123.0;123.0;123.0;123.0;96
2015-09-11;;125.25;125.25;125.25;0
2015-09-10;125.25;125.5;125.25;125.25;212
2015-09-09;129.0;129.0;120.0;125.0;350
2015-09-08;127.75;127.75;127.75;127.75;270
2015-09-07;128.5;129.0;127.75;127.75;240
2015-09-04;126.0;128.0;126.0;126.25;819
2015-09-03;126.0;128.0;126.0;126.0;132
2015-09-02;125.0;128.5;125.0;128.5;560
2015-09-01;122.0;125.0;122.0;124.25;152
2015-08-31;124.0;124.0;120.0;120.0;112
2015-08-28;125.0;125.0;120.0;120.0;506
2015-08-27;124.75;128.5;124.75;127.0;1203
2015-08-26;128.0;128.0;110.25;120.0;174
2015-08-25;114.0;128.75;114.0;128.75;709
2015-08-24;128.0;128.0;113.0;115.25;2009
2015-08-21;127.0;128.0;126.25;127.75;854
2015-08-20;121.0;128.0;121.0;126.75;782
2015-08-19;;121.0;121.0;121.0;0
2015-08-18;120.5;121.0;120.5;121.0;200
2015-08-17;120.0;125.25;120.0;124.25;1010
2015-08-14;127.25;127.25;120.0;120.0;2536
2015-08-13;128.0;128.0;123.75;127.0;2295
2015-08-12;127.75;127.75;123.0;127.0;288
2015-08-11;127.75;127.75;127.75;127.75;28
2015-08-10;122.25;130.0;122.25;129.0;572
2015-08-07;125.0;125.0;122.0;122.25;248
2015-08-06;126.5;126.5;126.0;126.0;415
2015-08-05;123.0;129.0;123.0;126.0;543
2015-08-04;122.25;129.0;122.25;123.0;157
2015-08-03;127.0;129.0;120.5;121.5;1881
2015-07-31;126.0;126.5;125.5;125.5;1149
2015-07-30;123.75;125.75;123.75;125.0;270
2015-07-29;126.5;126.5;120.0;123.75;1331
2015-07-28;126.25;126.75;120.75;126.75;2003
2015-07-27;118.0;126.75;118.0;120.0;488
2015-07-24;127.0;127.0;126.75;127.0;400
2015-07-23;121.25;125.25;121.25;125.25;6
2015-07-22;121.0;125.5;121.0;121.0;82
2015-07-21;126.0;126.0;120.25;121.0;102
2015-07-20;124.0;126.0;118.25;124.75;805
2015-07-17;119.25;121.0;118.0;119.75;628
2015-07-16;119.5;119.5;119.25;119.25;36
2015-07-15;125.5;125.5;116.75;118.0;814
2015-07-14;116.0;116.25;115.75;116.0;1316
2015-07-13;118.5;118.5;116.75;116.75;573
2015-07-10;115.25;119.75;115.0;118.0;2482
2015-07-09;121.0;121.0;121.0;121.0;1
2015-07-08;120.0;122.0;120.0;121.0;1190
2015-07-07;;128.0;128.0;128.0;0
2015-07-06;114.0;128.0;114.0;128.0;89
2015-07-03;120.0;120.0;120.0;120.0;116
2015-07-02;120.0;120.0;120.0;120.0;84
2015-07-01;125.0;125.0;123.0;125.0;202
2015-06-30;124.0;124.0;123.0;123.0;105
2015-06-29;118.0;119.0;114.25;119.0;417
2015-06-26;114.25;125.0;114.25;125.0;126
2015-06-25;112.25;122.0;112.25;119.5;381
2015-06-24;123.0;123.0;120.0;120.0;666
2015-06-23;125.0;125.0;125.0;125.0;1000
2015-06-22;119.0;125.0;119.0;125.0;92
2015-06-19;;119.0;119.0;119.0;0
2015-06-18;116.25;121.25;116.25;119.0;201
2015-06-17;124.0;124.0;121.75;121.75;1082
2015-06-16;124.0;125.25;124.0;124.0;479
2015-06-15;130.0;130.0;122.0;124.0;941
2015-06-12;122.25;122.25;122.0;122.0;52
2015-06-11;125.0;130.0;122.75;129.75;1127
2015-06-10;125.0;125.0;125.0;125.0;15
2015-06-09;124.0;125.0;123.75;123.75;91
2015-06-08;122.0;124.25;122.0;122.5;1021
2015-06-05;124.75;124.75;121.75;121.75;2348
2015-06-04;126.75;127.0;123.0;123.0;1892
2015-06-03;125.25;127.25;124.75;127.25;3075
2015-06-02;125.25;131.5;125.25;130.0;8323
2015-06-01;128.0;129.0;122.0;124.0;5440
2015-05-29;119.0;119.0;118.0;119.0;761
2015-05-28;114.0;118.75;114.0;117.0;422
2015-05-27;115.0;117.25;115.0;117.25;389
2015-05-26;117.5;117.5;114.25;114.25;150
2015-05-25;117.25;117.25;117.25;117.25;404
2015-05-22;117.0;117.0;112.5;117.0;230
2015-05-21;115.0;116.75;112.0;116.75;1083
2015-05-20;;116.5;116.5;116.5;0
2015-05-19;114.75;116.5;114.75;116.5;328
2015-05-18;120.0;120.0;116.0;117.0;595
2015-05-15;112.0;118.5;112.0;116.5;458
2015-05-14;;115.25;115.25;115.25;0
2015-05-13;;115.25;115.25;115.25;0
2015-05-12;110.0;115.75;110.0;115.25;626
2015-05-11;;116.0;116.0;116.0;0
2015-05-08;110.0;116.25;110.0;116.0;661
2015-05-07;110.5;114.75;110.0;114.75;210
2015-05-06;110.5;116.25;110.5;116.25;62
2015-05-05;113.5;116.5;113.5;116.5;344
2015-05-04;112.25;116.5;112.25;116.5;930
2015-05-01;118.25;118.25;112.0;112.0;183
2015-04-30;118.25;118.25;112.0;112.0;183
2015-04-29;118.25;118.25;113.0;113.0;401
2015-04-28;118.0;118.0;118.0;118.0;126
2015-04-27;116.0;118.25;116.0;118.25;360
2015-04-24;120.0;120.0;120.0;120.0;4
2015-04-23;120.0;120.0;114.75;114.75;320
2015-04-22;125.0;125.0;120.0;120.0;602
2015-04-21;123.5;125.25;121.75;121.75;405
2015-04-20;118.25;125.75;114.75;123.5;910
2015-04-17;112.0;127.75;112.0;118.5;267
2015-04-16;117.25;128.75;117.25;128.75;205
2015-04-15;121.5;129.0;121.5;129.0;150
2015-04-14;130.0;130.0;121.25;129.75;352
2015-04-13;;121.5;121.5;121.5;0
2015-04-10;129.0;129.0;116.25;121.5;1144
2015-04-09;119.0;120.0;116.0;120.0;493
2015-04-08;122.0;122.25;119.0;119.0;299
2015-04-07;117.75;119.5;117.5;119.5;215
2015-04-02;116.0;116.0;116.0;116.0;175
2015-04-01;;112.5;112.5;112.5;0
2015-03-31;109.0;115.5;109.0;112.5;505
2015-03-30;;117.5;117.5;117.5;0
2015-03-27;117.5;117.5;108.75;117.5;165
2015-03-26;109.0;117.5;109.0;117.5;22
2015-03-25;117.0;117.0;109.25;117.0;49
2015-03-24;;117.5;117.5;117.5;0
2015-03-23;117.5;117.5;117.5;117.5;150
2015-03-20;117.5;117.5;117.5;117.5;10
2015-03-19;118.0;118.0;117.5;117.5;159
2015-03-18;;116.5;116.5;116.5;0
2015-03-17;;116.5;116.5;116.5;0
2015-03-16;116.5;116.5;116.5;116.5;16
2015-03-13;115.0;116.5;111.25;115.0;599
2015-03-12;110.25;110.25;109.0;109.0;40
2015-03-11;110.75;117.75;110.75;117.75;84
2015-03-10;109.5;119.75;109.5;118.75;718
2015-03-09;122.0;122.0;110.25;120.25;319
2015-03-06;120.0;120.0;119.75;119.75;216
2015-03-05;118.0;122.0;112.75;119.75;41
2015-03-04;116.0;116.0;111.0;111.0;1092
2015-03-03;121.25;121.25;120.75;120.75;201
2015-03-02;110.0;119.25;110.0;119.25;809
2015-02-27;118.5;118.5;117.0;118.25;125
2015-02-26;122.25;122.25;117.0;119.0;210
2015-02-25;;115.5;115.5;115.5;0
2015-02-24;;115.5;115.5;115.5;0
2015-02-23;111.0;119.25;111.0;115.5;886
2015-02-20;;115.75;115.75;115.75;0
2015-02-19;116.0;116.0;112.5;115.75;156
2015-02-18;110.0;119.75;110.0;115.75;158
2015-02-17;111.25;111.75;109.0;111.75;1050
2015-02-16;110.0;111.75;108.0;111.75;1519
2015-02-13;110.0;111.75;107.0;111.75;1055
2015-02-12;110.0;112.0;110.0;112.0;200
2015-02-11;104.0;114.25;104.0;111.5;160
2015-02-10;108.5;114.0;108.5;114.0;45
2015-02-09;108.0;115.0;108.0;115.0;420
2015-02-06;107.75;115.0;107.75;115.0;82
2015-02-05;115.0;115.0;114.75;115.0;210
2015-02-04;110.0;114.75;108.0;114.75;456
2015-02-03;118.0;118.0;113.0;115.0;659
2015-02-02;112.5;117.75;112.5;117.75;25
2015-01-30;113.0;117.75;113.0;117.75;114
2015-01-29;;118.0;118.0;118.0;0
2015-01-28;117.75;118.0;117.75;118.0;360
2015-01-27;110.0;118.0;110.0;117.75;209
2015-01-26;109.0;117.75;109.0;116.75;402
2015-01-23;117.75;117.75;108.0;117.5;183
2015-01-22;118.0;118.0;118.0;118.0;88
2015-01-21;105.5;119.75;105.5;118.0;1166
2015-01-20;105.75;112.0;105.75;110.0;219
2015-01-19;108.0;113.0;107.25;113.0;525
2015-01-16;106.0;118.75;106.0;107.25;1436
2015-01-15;;119.5;119.5;119.5;0
2015-01-14;120.0;120.0;103.0;119.5;1190
2015-01-13;128.0;128.0;118.0;119.5;4122
2015-01-12;114.5;114.5;108.25;109.0;308
2015-01-09;109.0;109.0;101.0;101.0;200
2015-01-08;109.5;110.0;109.5;110.0;72
2015-01-07;110.0;110.0;110.0;110.0;10
2015-01-06;;111.75;111.75;111.75;0
2015-01-05;111.75;111.75;111.75;111.75;3
2015-01-02;115.0;115.0;112.0;112.0;95
2015-01-01;;114.0;114.0;114.0;0
2014-12-30;;114.0;114.0;114.0;0
2014-12-29;114.5;114.5;114.0;114.0;15
2014-12-23;106.0;116.5;106.0;114.5;228
2014-12-22;;109.5;109.5;109.5;0
2014-12-19;100.0;109.75;100.0;109.5;625
2014-12-18;108.75;108.75;108.0;108.5;150
2014-12-17;109.75;109.75;109.75;109.75;5
2014-12-16;113.25;113.25;99.0;99.0;262
2014-12-15;113.5;113.5;113.5;113.5;9
2014-12-12;;113.0;113.0;113.0;0
2014-12-11;117.5;117.5;113.0;113.0;390
2014-12-10;117.75;117.75;117.75;117.75;10
2014-12-09;116.5;116.5;116.5;116.5;150
2014-12-08;118.0;118.0;118.0;118.0;5
2014-12-05;114.0;114.0;114.0;114.0;9
2014-12-04;115.0;115.0;109.0;114.25;146
2014-12-03;112.0;112.0;111.5;112.0;389
2014-12-02;;112.0;112.0;112.0;0
2014-12-01;110.0;112.0;110.0;112.0;755
2014-11-28;;112.0;112.0;112.0;0
2014-11-27;;112.0;112.0;112.0;0
2014-11-26;110.0;112.0;110.0;112.0;438
2014-11-25;107.5;108.0;107.5;107.5;1444
2014-11-24;106.5;107.0;100.25;107.0;520
2014-11-21;;107.0;107.0;107.0;0
2014-11-20;;107.0;107.0;107.0;0
2014-11-19;107.5;107.5;107.0;107.0;1463
2014-11-18;107.0;107.0;107.0;107.0;1
2014-11-17;108.0;108.0;107.5;107.5;102
2014-11-14;105.0;108.0;105.0;108.0;300
2014-11-13;107.0;107.0;107.0;107.0;10
2014-11-12;107.0;107.0;107.0;107.0;145
2014-11-11;100.0;106.25;100.0;106.25;97
2014-11-10;;106.75;106.75;106.75;0
2014-11-07;100.0;106.75;100.0;106.75;117
2014-11-06;105.5;109.25;105.5;109.25;210
2014-11-05;107.75;107.75;100.5;100.5;112
2014-11-04;105.0;105.0;105.0;105.0;150
2014-11-03;;106.0;106.0;106.0;0
2014-10-31;106.0;106.0;106.0;106.0;60
2014-10-30;;104.0;104.0;104.0;0
2014-10-29;104.0;104.0;104.0;104.0;200
2014-10-28;104.75;104.75;104.75;104.75;252
2014-10-24;103.25;103.25;102.25;102.5;273
2014-10-23;100.0;103.0;100.0;103.0;1350
2014-10-22;99.5;99.5;99.25;99.5;211
2014-10-21;99.0;99.0;99.0;99.0;2
2014-10-20;97.0;98.5;97.0;98.5;96
2014-10-17;;97.25;97.25;97.25;0
2014-10-16;;97.25;97.25;97.25;0
2014-10-15;99.0;99.0;89.25;97.25;265
2014-10-14;;98.0;98.0;98.0;0
2014-10-13;;98.0;98.0;98.0;0
2014-10-10;;98.0;98.0;98.0;0
2014-10-09;;98.0;98.0;98.0;0
2014-10-08;98.0;98.0;98.0;98.0;1410
2014-10-07;;98.0;98.0;98.0;0
2014-10-06;98.0;98.0;98.0;98.0;85
2014-10-03;98.25;98.25;98.25;98.25;45
2014-10-02;;104.75;104.75;104.75;0
2014-10-01;104.75;104.75;104.75;104.75;100
2014-09-30;104.75;104.75;104.75;104.75;55
2014-09-29;102.0;102.0;102.0;102.0;100
2014-09-26;;103.5;103.5;103.5;0
2014-09-25;99.0;103.5;99.0;103.5;10
2014-09-24;98.0;99.0;98.0;99.0;135
2014-09-23;;105.0;105.0;105.0;0
2014-09-22;105.0;105.0;105.0;105.0;768
2014-09-19;106.0;106.0;106.0;106.0;90
2014-09-18;;106.0;106.0;106.0;0
2014-09-17;;106.0;106.0;106.0;0
2014-09-16;108.0;108.0;106.0;106.0;104
2014-09-15;102.0;105.0;102.0;105.0;706
2014-09-12;;102.0;102.0;102.0;0
2014-09-11;107.75;107.75;102.0;102.0;30
2014-09-10;;103.0;103.0;103.0;0
2014-09-09;;103.0;103.0;103.0;0
2014-09-08;103.0;103.0;103.0;103.0;100
2014-09-05;106.0;106.0;102.0;102.0;39
2014-09-04;106.0;106.0;101.0;106.0;157
2014-09-03;;106.75;106.75;106.75;0
2014-09-02;;106.75;106.75;106.75;0
2014-09-01;;106.75;106.75;106.75;0
2014-08-29;;106.75;106.75;106.75;0
2014-08-28;106.75;106.75;106.75;106.75;100
2014-08-27;;106.5;106.5;106.5;0
2014-08-26;;106.5;106.5;106.5;0
2014-08-25;;106.5;106.5;106.5;0
2014-08-22;106.5;106.5;106.5;106.5;100
2014-08-21;99.25;105.75;99.25;105.75;105
2014-08-20;;102.75;102.75;102.75;0
2014-08-19;102.75;102.75;102.75;102.75;200
2014-08-18;;104.25;104.25;104.25;0
2014-08-15;;104.25;104.25;104.25;0
2014-08-14;;104.25;104.25;104.25;0
2014-08-13;104.25;104.25;104.25;104.25;143
2014-08-12;104.5;104.5;99.5;104.25;748
2014-08-11;100.5;113.0;100.5;105.0;674
2014-08-08;;114.0;114.0;114.0;0
2014-08-07;114.0;114.0;114.0;114.0;35
2014-08-06;105.25;114.75;105.25;114.75;149
2014-08-05;;115.0;115.0;115.0;0
2014-08-04;;115.0;115.0;115.0;0
2014-08-01;;115.0;115.0;115.0;0
2014-07-31;;115.0;115.0;115.0;0
2014-07-30;;115.0;115.0;115.0;0
2014-07-29;115.0;115.0;115.0;115.0;85
2014-07-28;115.75;115.75;115.75;115.75;185
2014-07-25;115.5;115.5;115.0;115.0;1079
2014-07-24;;113.5;113.5;113.5;0
2014-07-23;;113.5;113.5;113.5;0
2014-07-22;116.0;119.25;113.5;113.5;59
2014-07-21;111.0;118.5;111.0;118.5;105
2014-07-18;;119.75;119.75;119.75;0
2014-07-17;;119.75;119.75;119.75;0
2014-07-16;;119.75;119.75;119.75;0
2014-07-15;119.75;119.75;119.75;119.75;40
2014-07-14;118.75;118.75;118.75;118.75;5
2014-07-11;;119.75;119.75;119.75;0
2014-07-10;119.75;119.75;119.75;119.75;34
2014-07-09;;118.75;118.75;118.75;0
2014-07-08;119.0;119.0;111.75;118.75;275
2014-07-07;118.5;124.5;118.5;124.0;1125
2014-07-04;118.0;118.25;110.75;118.25;1225
2014-07-03;114.0;115.0;114.0;115.0;979
2014-07-02;112.0;112.0;112.0;112.0;1200
2014-07-01;;113.0;113.0;113.0;0
2014-06-30;113.0;113.0;113.0;113.0;57
2014-06-27;111.0;111.0;111.0;111.0;64
2014-06-26;;110.0;110.0;110.0;0
2014-06-25;;110.0;110.0;110.0;0
2014-06-24;110.0;110.0;110.0;110.0;136
2014-06-23;110.0;110.0;110.0;110.0;553
2014-06-20;;108.0;108.0;108.0;0
2014-06-19;108.0;108.0;108.0;108.0;1000
2014-06-18;;111.0;111.0;111.0;0
2014-06-17;;111.0;111.0;111.0;0
2014-06-16;100.0;111.0;100.0;111.0;155
2014-06-13;;112.75;112.75;112.75;0
2014-06-12;103.0;112.75;93.0;112.75;775
2014-06-11;112.75;112.75;110.0;110.0;548
2014-06-10;;108.0;108.0;108.0;0
2014-06-09;;108.0;108.0;108.0;0
2014-06-06;;108.0;108.0;108.0;0
2014-06-05;110.0;111.75;107.25;108.0;1007
2014-06-04;110.0;110.0;110.0;110.0;148
2014-06-03;110.0;110.0;107.0;109.5;538
2014-06-02;;109.0;109.0;109.0;0
2014-05-30;109.0;109.0;109.0;109.0;137
2014-05-28;;107.25;107.25;107.25;0
2014-05-27;107.25;107.25;103.75;107.25;1936
2014-05-26;;102.25;102.25;102.25;0
2014-05-23;102.25;102.25;102.25;102.25;158
2014-05-22;104.75;104.75;104.75;104.75;4
2014-05-21;100.5;104.25;99.0;104.25;375
2014-05-20;104.0;104.0;98.75;100.5;2262
2014-05-19;101.5;107.5;98.25;102.0;595
2014-05-16;105.75;106.0;105.75;106.0;166
2014-05-15;106.0;106.0;106.0;106.0;127
2014-05-14;106.0;106.0;106.0;106.0;545
2014-05-13;100.0;106.0;100.0;106.0;1200
2014-05-12;106.0;106.0;106.0;106.0;50
2014-05-09;;105.75;105.75;105.75;0
2014-05-08;105.75;105.75;105.75;105.75;90
2014-05-07;106.0;106.0;104.0;106.0;150
2014-05-06;105.75;105.75;103.75;103.75;110
2014-05-05;105.75;105.75;105.75;105.75;20
2014-05-02;100.0;100.0;100.0;100.0;724
2014-05-01;;100.25;100.25;100.25;0
2014-04-30;100.5;100.5;99.75;100.25;275
2014-04-29;;101.0;101.0;101.0;0
2014-04-28;101.0;101.0;101.0;101.0;140
2014-04-25;93.0;105.5;93.0;105.5;130
2014-04-24;105.75;105.75;105.75;105.75;10
2014-04-23;106.25;106.25;106.25;106.25;5
2014-04-22;93.0;106.75;93.0;106.75;17
2014-04-17;;100.0;100.0;100.0;0
2014-04-16;;100.0;100.0;100.0;0
2014-04-15;100.0;100.0;100.0;100.0;260
2014-04-14;100.0;100.0;100.0;100.0;350
2014-04-11;102.75;102.75;102.0;102.0;392
2014-04-10;;102.75;102.75;102.75;0
2014-04-09;102.5;106.75;102.5;102.75;421
2014-04-08;;106.5;106.5;106.5;0
2014-04-07;106.5;106.5;106.5;106.5;700
2014-04-04;107.0;109.0;107.0;109.0;107
2014-04-03;113.0;113.0;110.0;110.0;886
2014-04-02;112.75;114.75;112.75;113.5;896
2014-04-01;109.25;113.75;109.25;112.5;440
2014-03-31;105.5;105.75;105.5;105.75;1060
2014-03-28;104.5;104.5;103.0;104.5;414
2014-03-27;101.5;101.5;101.5;101.5;400
2014-03-26;;100.0;100.0;100.0;0
2014-03-25;;100.0;100.0;100.0;0
2014-03-24;100.0;100.0;100.0;100.0;35
2014-03-21;100.0;100.0;100.0;100.0;1053
2014-03-20;;104.0;104.0;104.0;0
2014-03-19;;104.0;104.0;104.0;0
2014-03-18;104.0;104.0;104.0;104.0;200
2014-03-17;100.75;100.75;100.75;100.75;227
2014-03-14;105.0;105.0;100.25;100.25;360
2014-03-13;105.0;105.0;105.0;105.0;400
2014-03-12;104.0;111.0;104.0;111.0;232
2014-03-11;;106.0;106.0;106.0;0
2014-03-10;106.0;106.0;106.0;106.0;50
2014-03-07;106.0;106.0;104.0;105.75;182
2014-03-06;105.0;105.0;105.0;105.0;100
2014-03-05;;103.0;103.0;103.0;0
2014-03-04;103.5;103.5;103.0;103.0;429
2014-03-03;104.75;104.75;104.75;104.75;2
2014-02-28;;104.75;104.75;104.75;0
2014-02-27;105.0;105.0;101.75;104.75;119
2014-02-26;104.5;104.5;103.75;104.0;318
2014-02-25;;102.0;102.0;102.0;0
2014-02-24;;102.0;102.0;102.0;0
2014-02-21;;102.0;102.0;102.0;0
2014-02-20;102.0;102.0;102.0;102.0;15
2014-02-19;102.5;102.5;102.5;102.5;100
2014-02-18;;100.0;100.0;100.0;0
2014-02-17;103.25;103.25;100.0;100.0;106
2014-02-14;;95.0;95.0;95.0;0
2014-02-13;;95.0;95.0;95.0;0
2014-02-12;95.0;95.0;95.0;95.0;100
2014-02-11;;95.0;95.0;95.0;0
2014-02-10;;95.0;95.0;95.0;0
2014-02-07;97.75;97.75;95.0;95.0;147
2014-02-06;;90.0;90.0;90.0;0
2014-02-05;;90.0;90.0;90.0;0
2014-02-04;90.0;90.0;90.0;90.0;8
2014-02-03;91.0;91.0;90.5;90.5;211
2014-01-31;;93.0;93.0;93.0;0
2014-01-30;93.0;93.0;93.0;93.0;300
2014-01-29;104.0;104.0;96.0;96.0;370
2014-01-28;96.0;96.0;96.0;96.0;32
2014-01-27;92.25;95.25;92.25;95.25;326
2014-01-24;97.5;97.5;95.0;95.0;279
2014-01-23;97.5;97.5;97.5;97.5;100
2014-01-22;100.0;100.0;97.5;97.5;444
2014-01-21;;102.0;102.0;102.0;0
2014-01-20;;102.0;102.0;102.0;0
2014-01-17;102.5;102.5;97.75;102.0;788
2014-01-16;100.0;104.25;100.0;102.5;294
2014-01-15;102.25;102.25;102.25;102.25;5
2014-01-14;94.0;100.0;94.0;100.0;155
2014-01-13;104.75;104.75;100.0;102.5;1086
2014-01-10;100.0;104.5;100.0;104.5;205
2014-01-09;102.0;104.75;102.0;104.75;505
2014-01-08;107.5;107.5;100.0;103.0;158
2014-01-07;105.0;107.5;100.0;107.5;477
2014-01-06;;104.75;104.75;104.75;0
2014-01-03;98.0;104.75;98.0;104.75;300
2014-01-02;112.0;112.0;101.0;103.0;717
2013-12-31;;102.0;102.0;102.0;0
2013-12-30;102.0;102.0;100.0;102.0;1874
2013-12-27;95.0;102.0;95.0;102.0;1892
2013-12-23;94.75;99.5;91.0;99.5;503
2013-12-20;93.0;95.75;93.0;95.75;880
2013-12-19;92.5;92.5;92.5;92.5;1000
2013-12-18;90.5;90.75;90.5;90.75;1069
2013-12-17;87.75;87.75;87.75;87.75;2
2013-12-16;;87.75;87.75;87.75;0
2013-12-13;88.0;89.75;87.75;87.75;400
2013-12-12;;90.0;90.0;90.0;0
2013-12-11;90.5;90.5;90.0;90.0;145
2013-12-10;;87.75;87.75;87.75;0
2013-12-09;90.0;90.5;87.75;87.75;340
2013-12-06;88.0;88.0;88.0;88.0;758
2013-12-05;88.0;88.0;88.0;88.0;642
2013-12-04;90.0;90.5;90.0;90.25;1140
2013-12-03;89.0;89.0;89.0;89.0;555
2013-12-02;90.0;90.75;90.0;90.0;1201
2013-11-29;88.0;88.25;88.0;88.25;1200
2013-11-28;85.5;87.0;85.5;87.0;2497
2013-11-27;;85.5;85.5;85.5;0
2013-11-26;85.5;85.5;85.5;85.5;3
2013-11-25;83.75;83.75;83.75;83.75;95
2013-11-22;84.0;84.0;84.0;84.0;160
2013-11-21;82.5;84.0;82.5;84.0;178
2013-11-20;;84.0;84.0;84.0;0
2013-11-19;81.5;84.0;81.5;84.0;2105
2013-11-18;;83.0;83.0;83.0;0
2013-11-15;83.0;83.0;83.0;83.0;1200
2013-11-14;;83.0;83.0;83.0;0
2013-11-13;83.0;83.0;83.0;83.0;1553
2013-11-12;83.0;83.0;81.0;83.0;2732
2013-11-11;;86.25;86.25;86.25;0
2013-11-08;86.25;86.25;86.25;86.25;100
2013-11-07;;86.5;86.5;86.5;0
2013-11-06;86.5;86.5;80.0;86.5;60
2013-11-05;;87.75;87.75;87.75;0
2013-11-04;;87.75;87.75;87.75;0
2013-11-01;;87.75;87.75;87.75;0
2013-10-31;;87.75;87.75;87.75;0
2013-10-30;;87.75;87.75;87.75;0
2013-10-29;;87.75;87.75;87.75;0
2013-10-28;;87.75;87.75;87.75;0
2013-10-25;;87.75;87.75;87.75;0
2013-10-24;;87.75;87.75;87.75;0
2013-10-23;;87.75;87.75;87.75;0
2013-10-22;;87.75;87.75;87.75;0
2013-10-21;;87.75;87.75;87.75;0
2013-10-18;;87.75;87.75;87.75;0
2013-10-17;;87.75;87.75;87.75;0
2013-10-16;81.0;87.75;81.0;87.75;101
2013-10-15;84.0;84.0;84.0;84.0;59
2013-10-14;;84.5;84.5;84.5;0
2013-10-11;;84.5;84.5;84.5;0
2013-10-10;85.0;85.0;80.0;84.5;703
2013-10-09;;80.25;80.25;80.25;0
2013-10-08;85.0;85.0;80.25;80.25;500
2013-10-07;80.5;85.5;80.5;85.5;26
2013-10-04;;84.0;84.0;84.0;0
2013-10-03;84.0;84.0;80.25;84.0;129
2013-10-02;80.0;87.25;80.0;87.25;55
2013-10-01;82.25;86.0;81.25;86.0;374
2013-09-30;83.0;83.0;82.25;82.25;717
2013-09-27;85.0;85.0;85.0;85.0;321
2013-09-26;;88.5;88.5;88.5;0
2013-09-25;;88.5;88.5;88.5;0
2013-09-24;;88.5;88.5;88.5;0
2013-09-23;94.0;94.5;80.25;88.5;3720
2013-09-20;;85.5;85.5;85.5;0
2013-09-19;85.0;85.5;85.0;85.5;500
2013-09-18;85.0;87.5;85.0;87.5;2825
2013-09-17;82.0;85.0;82.0;85.0;91
2013-09-16;85.0;85.5;80.0;84.0;2273
2013-09-13;;77.5;77.5;77.5;0
2013-09-12;77.5;77.5;77.5;77.5;250
2013-09-11;72.0;76.5;72.0;76.5;2684
2013-09-10;76.0;76.0;76.0;76.0;400
2013-09-09;75.5;75.5;75.5;75.5;20
2013-09-06;75.5;75.5;75.5;75.5;79
2013-09-05;;75.75;75.75;75.75;0
2013-09-04;;75.75;75.75;75.75;0
2013-09-03;71.5;75.75;71.5;75.75;238
2013-09-02;;75.25;75.25;75.25;0
2013-08-30;;75.25;75.25;75.25;0
2013-08-29;;75.25;75.25;75.25;0
2013-08-28;70.75;75.25;70.75;75.25;280
2013-08-27;76.25;76.25;76.25;76.25;130
2013-08-26;76.75;76.75;76.75;76.75;25
2013-08-23;72.0;76.75;72.0;76.75;426
2013-08-22;;76.0;76.0;76.0;0
2013-08-21;;76.0;76.0;76.0;0
2013-08-20;76.0;76.0;76.0;76.0;15
2013-08-19;76.25;76.25;76.25;76.25;70
2013-08-16;;76.25;76.25;76.25;0
2013-08-15;76.0;76.25;76.0;76.25;196
2013-08-14;;76.5;76.5;76.5;0
2013-08-13;;76.5;76.5;76.5;0
2013-08-12;;76.5;76.5;76.5;0
2013-08-09;76.5;76.5;73.5;76.5;546
2013-08-08;;76.75;76.75;76.75;0
2013-08-07;73.0;77.0;73.0;76.75;702
2013-08-06;76.5;76.5;76.5;76.5;1735
2013-08-05;77.25;77.25;76.5;77.0;1550
2013-08-02;74.5;75.0;74.5;75.0;428
2013-08-01;;75.0;75.0;75.0;0
2013-07-31;;75.0;75.0;75.0;0
2013-07-30;75.0;75.0;75.0;75.0;3
2013-07-29;75.5;75.5;75.5;75.5;3
2013-07-26;73.0;75.0;73.0;75.0;3935
2013-07-25;;76.0;76.0;76.0;0
2013-07-24;76.75;76.75;76.0;76.0;305
2013-07-23;;73.0;73.0;73.0;0
2013-07-22;73.0;73.0;73.0;73.0;100
2013-07-19;;73.0;73.0;73.0;0
2013-07-18;71.0;73.0;71.0;73.0;451
2013-07-17;69.0;71.0;69.0;71.0;45
2013-07-16;;73.0;73.0;73.0;0
2013-07-15;;73.0;73.0;73.0;0
2013-07-12;73.0;73.0;73.0;73.0;10
2013-07-11;;71.0;71.0;71.0;0
2013-07-10;71.0;71.0;71.0;71.0;533
2013-07-09;;78.0;78.0;78.0;0
2013-07-08;;78.0;78.0;78.0;0
2013-07-05;;78.0;78.0;78.0;0
2013-07-04;;78.0;78.0;78.0;0
2013-07-03;;78.0;78.0;78.0;0
2013-07-02;;78.0;78.0;78.0;0
2013-07-01;;78.0;78.0;78.0;0
2013-06-28;78.0;78.0;78.0;78.0;65
2013-06-27;78.0;78.0;67.25;77.75;280
2013-06-26;66.5;66.5;66.5;66.5;60
2013-06-25;;73.0;73.0;73.0;0
2013-06-24;;73.0;73.0;73.0;0
2013-06-21;;73.0;73.0;73.0;0
2013-06-20;;73.0;73.0;73.0;0
2013-06-19;;73.0;73.0;73.0;0
2013-06-18;73.0;73.0;73.0;73.0;25
2013-06-17;72.75;72.75;72.75;72.75;260
2013-06-14;70.75;70.75;70.75;70.75;10
2013-06-13;66.0;66.0;66.0;66.0;150
2013-06-12;;72.5;72.5;72.5;0
2013-06-11;;72.5;72.5;72.5;0
2013-06-10;;72.5;72.5;72.5;0
2013-06-07;;72.5;72.5;72.5;0
2013-06-06;;72.5;72.5;72.5;0
2013-06-05;;72.5;72.5;72.5;0
2013-06-04;67.0;72.5;67.0;72.5;140
2013-06-03;;72.0;72.0;72.0;0
2013-05-31;;72.0;72.0;72.0;0
2013-05-30;;72.0;72.0;72.0;0
2013-05-29;72.0;72.0;72.0;72.0;465
2013-05-28;72.0;72.0;72.0;72.0;37
2013-05-27;;75.0;75.0;75.0;0
2013-05-24;;75.0;75.0;75.0;0
2013-05-23;;75.0;75.0;75.0;0
2013-05-22;;75.0;75.0;75.0;0
2013-05-21;;75.0;75.0;75.0;0
2013-05-20;;75.0;75.0;75.0;0
2013-05-17;;75.0;75.0;75.0;0
2013-05-16;;75.0;75.0;75.0;0
2013-05-15;;75.0;75.0;75.0;0
2013-05-14;;75.0;75.0;75.0;0
2013-05-13;;75.0;75.0;75.0;0
2013-05-10;;75.0;75.0;75.0;0
2013-05-09;;75.0;75.0;75.0;0
2013-05-08;75.0;75.0;75.0;75.0;186
2013-05-07;75.0;75.0;75.0;75.0;189
2013-05-06;;75.0;75.0;75.0;0
2013-05-03;;75.0;75.0;75.0;0
2013-05-02;75.0;75.0;75.0;75.0;210
2013-05-01;;75.0;75.0;75.0;0
2013-04-30;75.0;75.0;75.0;75.0;1127
2013-04-29;75.0;75.0;75.0;75.0;500
2013-04-26;;75.0;75.0;75.0;0
2013-04-25;;75.0;75.0;75.0;0
2013-04-24;;75.0;75.0;75.0;0
2013-04-23;75.0;76.0;75.0;75.0;3169
2013-04-22;75.0;75.0;75.0;75.0;1390
2013-04-19;75.0;75.0;74.0;74.0;3386
2013-04-18;;80.0;80.0;80.0;0
2013-04-17;;80.0;80.0;80.0;0
2013-04-16;;80.0;80.0;80.0;0
2013-04-15;;80.0;80.0;80.0;0
2013-04-12;80.0;80.0;80.0;80.0;37
2013-04-11;80.0;80.0;79.75;80.0;525
2013-04-10;79.75;81.0;79.75;80.0;1145
2013-04-09;;77.0;77.0;77.0;0
2013-04-08;76.5;82.0;76.5;77.0;690
2013-04-05;76.5;76.5;75.0;75.0;1600
2013-04-04;;76.25;76.25;76.25;0
2013-04-03;76.0;76.25;76.0;76.25;196
2013-04-02;76.0;76.25;76.0;76.0;222
2013-04-01;;76.25;76.25;76.25;0
2013-03-29;77.0;76.25;76.25;76.25;50
2013-03-28;77.0;77.0;77.0;77.0;50
2013-03-27;77.0;77.0;77.0;77.0;50
2013-03-26;;78.5;78.5;78.5;0
2013-03-25;;78.5;78.5;78.5;0
2013-03-22;;78.5;78.5;78.5;0
2013-03-21;;78.5;78.5;78.5;0
2013-03-20;;78.5;78.5;78.5;0
2013-03-19;78.0;78.5;78.0;78.5;500
2013-03-18;78.5;78.5;78.5;78.5;38
2013-03-15;74.25;79.0;74.25;79.0;187
2013-03-14;;79.75;79.75;79.75;0
2013-03-13;;79.75;79.75;79.75;0
2013-03-12;79.25;79.75;79.25;79.75;188
2013-03-11;79.25;79.25;79.25;79.25;100
2013-03-08;76.0;78.25;74.0;78.25;1430
2013-03-07;77.75;77.75;77.75;77.75;12
2013-03-06;;78.25;78.25;78.25;0
2013-03-05;;78.25;78.25;78.25;0
2013-03-04;;78.25;78.25;78.25;0
2013-03-01;;78.25;78.25;78.25;0
2013-02-28;77.5;78.25;71.75;78.25;192
2013-02-27;;78.0;78.0;78.0;0
2013-02-26;71.0;78.0;70.0;78.0;250
2013-02-25;78.0;78.0;78.0;78.0;320
2013-02-22;77.0;77.75;77.0;77.75;384
2013-02-21;76.25;76.25;76.25;76.25;196
2013-02-20;78.0;78.0;75.0;77.25;1882
2013-02-19;76.0;77.75;72.5;77.0;401
2013-02-18;76.0;76.0;76.0;76.0;100
2013-02-15;;75.5;75.5;75.5;0
2013-02-14;75.5;75.5;75.5;75.5;100
2013-02-13;75.0;75.25;75.0;75.25;598
2013-02-12;75.0;75.5;75.0;75.5;198
2013-02-11;74.75;74.75;68.0;69.75;261
2013-02-08;72.0;73.0;72.0;72.5;1891
2013-02-07;72.5;72.5;69.0;70.0;755
2013-02-06;;71.75;71.75;71.75;0
2013-02-05;;71.75;71.75;71.75;0
2013-02-04;72.5;73.0;68.5;71.75;607
2013-02-01;72.75;72.75;69.75;72.75;547
2013-01-31;67.25;73.0;67.25;73.0;1001
2013-01-30;72.75;72.75;72.75;72.75;218
2013-01-29;;70.0;70.0;70.0;0
2013-01-28;;70.0;70.0;70.0;0
2013-01-25;;70.0;70.0;70.0;0
2013-01-24;;70.0;70.0;70.0;0
2013-01-23;70.0;70.0;70.0;70.0;1000
2013-01-22;70.0;70.0;70.0;70.0;75
2013-01-21;;73.5;73.5;73.5;0
2013-01-18;71.0;73.5;71.0;73.5;103
2013-01-17;73.0;73.0;73.0;73.0;100
2013-01-16;72.0;72.0;72.0;72.0;2000
2013-01-15;72.0;72.0;72.0;72.0;416
2013-01-14;72.75;72.75;72.25;72.25;347
2013-01-11;70.0;72.5;70.0;70.0;9
2013-01-10;;72.5;72.5;72.5;0
2013-01-09;;72.5;72.5;72.5;0
2013-01-08;72.75;72.75;70.0;72.5;32
2013-01-07;73.0;73.0;72.75;72.75;305
2013-01-04;72.75;72.75;70.0;72.25;219
2013-01-03;72.5;72.5;72.0;72.0;228
2013-01-02;71.75;72.0;68.0;72.0;713
2013-01-01;;70.0;70.0;70.0;0
2012-12-31;;70.0;70.0;70.0;0
2012-12-28;69.5;70.0;69.5;70.0;1214
