Dates;Open;High;Low;Close;Volume
2017-12-27;9.65;9.65;9.15;9.3;33065
2017-12-22;9.75;9.75;9.35;9.65;27913
2017-12-21;9.25;9.6;9.25;9.4;3699
2017-12-20;9.3;9.5;9.25;9.25;21485
2017-12-19;9.85;9.85;9.25;9.3;46469
2017-12-18;9.95;10.0;9.4;9.4;91736
2017-12-15;9.7;9.9;9.15;9.7;30365
2017-12-14;9.85;9.85;9.2;9.3;16859
2017-12-13;9.0;9.55;9.0;9.25;107487
2017-12-12;8.9;9.0;8.65;8.85;18651
2017-12-11;8.5;8.95;8.5;8.8;11961
2017-12-08;8.1;8.35;8.1;8.35;3435
2017-12-07;8.2;8.2;7.9;8.1;4003
2017-12-06;8.2;8.2;8.05;8.05;1299
2017-12-05;8.15;8.3;8.1;8.2;1162
2017-12-04;8.4;8.4;8.15;8.15;3212
2017-12-01;8.3;8.4;8.1;8.25;3735
2017-11-30;8.1;8.4;7.9;7.9;14984
2017-11-29;8.15;8.25;8.05;8.1;2293
2017-11-28;8.45;8.45;8.1;8.15;12029
2017-11-27;8.75;8.75;8.35;8.45;3851
2017-11-24;8.6;8.7;8.6;8.65;27324
2017-11-23;8.95;9.0;8.75;8.75;4855
2017-11-22;8.9;9.0;8.9;8.9;1333
2017-11-21;8.85;8.85;8.65;8.65;377
2017-11-20;8.6;8.7;8.6;8.65;7110
2017-11-17;8.7;8.7;8.6;8.6;2017
2017-11-16;8.6;8.65;8.6;8.65;416
2017-11-15;8.6;8.7;8.6;8.6;4465
2017-11-14;8.6;8.9;8.6;8.6;2538
2017-11-13;8.75;9.4;8.6;8.6;33320
2017-11-10;8.7;8.7;8.5;8.55;1473
2017-11-09;8.75;8.9;8.5;8.5;19169
2017-11-08;8.6;8.65;8.55;8.65;3604
2017-11-07;8.55;8.75;8.55;8.6;6035
2017-11-06;8.75;8.75;8.45;8.55;15919
2017-11-03;9.05;9.05;8.75;8.75;3292
2017-11-02;9.4;9.4;8.95;9.0;6157
2017-11-01;9.0;9.4;9.0;9.4;6154
2017-10-31;9.45;9.6;8.9;8.9;14515
2017-10-30;9.25;9.45;9.25;9.45;2121
2017-10-27;9.1;9.25;9.1;9.15;920
2017-10-26;9.2;9.2;9.1;9.2;1338
2017-10-25;9.15;9.35;9.15;9.25;1518
2017-10-24;9.45;9.45;8.95;9.3;15580
2017-10-23;9.9;9.9;9.35;9.6;10583
2017-10-20;9.85;9.85;9.6;9.7;4876
2017-10-19;9.8;10.1;9.8;10.1;575
2017-10-18;10.0;10.0;9.75;9.95;11910
2017-10-17;10.0;10.0;9.9;9.9;2008
2017-10-13;10.0;10.0;9.9;9.9;1078
2017-10-12;10.0;10.0;9.85;9.95;899
2017-10-11;9.75;10.0;9.75;10.0;3261
2017-10-10;10.0;10.0;9.7;9.85;1954
2017-10-09;9.95;10.0;9.9;9.9;1396
2017-10-06;9.95;10.0;9.9;9.9;210
2017-10-05;9.65;9.85;9.65;9.85;1306
2017-10-04;10.05;10.05;9.8;9.8;38074
2017-10-03;10.2;10.2;10.0;10.0;17399
2017-10-02;10.6;10.6;10.15;10.15;20232
2017-09-29;10.1;10.6;10.1;10.6;5503
2017-09-28;10.0;10.05;9.8;10.05;4381
2017-09-27;10.0;10.0;9.95;10.0;1180
2017-09-26;9.85;10.0;9.8;10.0;132
2017-09-25;10.2;10.2;9.75;9.85;16663
2017-09-22;10.2;10.35;10.2;10.35;2466
2017-09-21;10.3;10.3;10.2;10.2;67
2017-09-20;10.35;10.4;10.35;10.4;242
2017-09-19;10.6;10.6;10.2;10.55;873
2017-09-18;10.7;10.7;10.5;10.6;5195
2017-09-15;10.2;10.8;10.2;10.75;5726
2017-09-14;10.7;10.95;10.5;10.5;17109
2017-09-13;10.65;10.7;10.5;10.6;31677
2017-09-12;10.1;10.5;10.1;10.45;12203
2017-09-11;10.5;10.5;10.3;10.3;144
2017-09-08;10.45;10.45;10.15;10.15;5361
2017-09-07;10.45;10.55;10.45;10.45;3015
2017-09-06;10.75;10.75;10.55;10.55;4620
2017-09-04;10.4;10.6;10.4;10.6;985
2017-09-01;10.45;10.65;10.4;10.45;7769
2017-08-31;10.35;10.5;10.35;10.45;5862
2017-08-30;10.3;10.4;10.2;10.35;1282
2017-08-29;10.7;10.7;10.2;10.2;5837
2017-08-28;10.1;10.9;10.1;10.75;28620
2017-08-25;10.1;10.1;9.9;10.1;960
2017-08-24;9.95;10.0;9.9;10.0;15818
2017-08-23;9.85;10.05;9.85;10.0;11656
2017-08-22;9.2;10.25;9.2;9.85;25200
2017-08-21;9.2;9.2;9.1;9.1;5630
2017-08-18;9.2;9.2;9.15;9.15;370
2017-08-17;9.45;9.45;9.2;9.2;399
2017-08-16;9.2;9.45;9.15;9.3;3185
2017-08-15;9.2;9.2;9.2;9.2;3
2017-08-11;9.55;9.55;9.25;9.25;5224
2017-08-10;9.55;9.6;9.35;9.55;9938
2017-08-09;9.7;9.75;9.65;9.75;13330
2017-08-08;10.0;10.0;9.7;9.7;8180
2017-08-07;10.0;10.2;10.0;10.2;2200
2017-08-04;9.75;9.85;9.55;9.8;27717
2017-08-03;10.1;10.1;9.6;9.65;12693
2017-08-02;9.8;10.1;9.7;10.05;9212
2017-08-01;9.3;9.8;9.15;9.8;3276
2017-07-31;9.3;9.3;9.05;9.2;10908
2017-07-28;9.3;9.3;9.3;9.3;25
2017-07-27;9.25;9.45;9.25;9.25;1091
2017-07-26;9.15;9.15;9.15;9.15;77
2017-07-25;9.25;9.25;9.25;9.25;61
2017-07-24;9.15;9.15;9.15;9.15;377
2017-07-21;9.25;9.3;9.25;9.25;2081
2017-07-20;9.25;9.3;9.25;9.25;2790
2017-07-19;9.5;9.5;9.25;9.25;43
2017-07-17;9.5;9.6;9.5;9.6;350
2017-07-14;9.4;9.4;9.4;9.4;2000
2017-07-13;9.15;9.3;9.15;9.3;540
2017-07-12;9.3;9.4;9.2;9.3;4572
2017-07-11;9.2;9.3;9.15;9.25;7157
2017-07-10;9.4;9.4;9.3;9.3;2298
2017-07-07;9.6;9.6;9.45;9.45;943
2017-07-06;9.45;9.45;9.45;9.45;1000
2017-07-05;9.55;9.6;9.5;9.5;6960
2017-07-04;9.55;9.65;9.5;9.5;2670
2017-07-03;9.95;9.95;9.65;9.65;17636
2017-06-30;9.8;9.9;9.8;9.8;6621
2017-06-29;10.1;10.2;9.9;10.2;8540
2017-06-28;10.15;10.25;10.1;10.2;3950
2017-06-27;10.15;10.25;10.15;10.15;400
2017-06-26;10.15;10.4;10.15;10.35;173
2017-06-23;;10.25;10.25;10.25;0
2017-06-22;10.3;10.3;10.1;10.25;14655
2017-06-21;10.15;10.45;10.15;10.2;1139
2017-06-20;10.15;10.3;10.15;10.15;490
2017-06-19;10.2;10.5;10.2;10.3;9051
2017-06-16;10.3;10.3;10.3;10.3;561
2017-06-15;10.4;10.4;10.4;10.4;1540
2017-06-14;10.7;10.8;10.4;10.75;6900
2017-06-13;10.7;10.7;10.5;10.7;16578
2017-06-12;10.65;10.7;10.65;10.7;6098
2017-06-09;10.75;10.9;10.55;10.55;7757
2017-06-08;10.7;10.7;10.55;10.55;18557
2017-06-07;10.85;10.85;10.6;10.7;1275
2017-06-06;;10.4;10.4;10.4;0
2017-06-05;10.55;10.55;10.4;10.4;1542
2017-06-02;10.4;10.6;10.4;10.6;4046
2017-06-01;10.5;10.75;10.5;10.5;6954
2017-05-31;10.45;10.65;10.45;10.5;308
2017-05-30;10.7;10.85;10.65;10.65;13268
2017-05-29;10.5;10.65;10.5;10.65;2453
2017-05-26;10.6;10.75;10.55;10.75;1493
2017-05-24;10.4;10.5;10.2;10.5;10189
2017-05-23;10.3;10.5;10.3;10.5;1268
2017-05-22;10.3;10.45;10.25;10.3;1470
2017-05-19;10.4;10.45;10.3;10.3;2941
2017-05-18;10.4;10.5;10.25;10.5;8042
2017-05-17;10.6;10.9;10.6;10.8;16441
2017-05-16;12.0;12.0;10.5;10.6;20405
2017-05-15;11.05;11.2;11.0;11.05;2694
2017-05-12;11.35;11.05;11.05;11.05;3513
2017-05-11;11.55;11.55;11.35;11.35;614
2017-05-10;11.6;11.6;11.55;11.55;1041
2017-05-09;11.5;11.6;11.2;11.6;308
2017-05-08;12.0;12.0;11.3;11.3;8812
2017-05-05;11.4;11.65;11.3;11.3;2283
2017-05-04;12.35;12.35;11.15;11.4;1422
2017-05-03;11.5;11.6;11.15;11.55;328
2017-05-02;11.25;11.6;11.2;11.4;3336
2017-05-01;;11.0;11.0;11.0;0
2017-04-28;10.5;11.0;10.5;11.0;3049
2017-04-27;10.8;11.0;10.8;10.85;9489
2017-04-26;10.8;10.8;10.8;10.8;203
2017-04-25;10.35;10.8;10.35;10.8;2392
2017-04-24;10.4;10.65;10.35;10.35;6427
2017-04-21;10.4;10.6;10.4;10.4;4812
2017-04-20;10.6;10.6;10.4;10.4;3042
2017-04-19;10.8;10.8;10.5;10.5;21
2017-04-18;10.55;10.85;10.25;10.8;2365
2017-04-13;10.75;10.75;10.55;10.55;8973
2017-04-12;10.95;10.95;10.75;10.8;710
2017-04-11;10.95;10.95;10.95;10.95;16
2017-04-10;11.2;11.2;11.05;11.05;487
2017-04-07;10.0;11.0;10.0;11.0;9187
2017-04-06;11.0;11.05;11.0;11.05;2175
2017-04-05;11.4;11.4;11.0;11.0;3090
2017-04-04;11.2;11.35;11.1;11.35;1025
2017-04-03;11.5;11.65;11.1;11.5;18958
2017-03-31;11.15;11.65;11.15;11.65;1819
2017-03-30;11.35;11.45;11.35;11.45;143
2017-03-29;11.35;11.35;11.35;11.35;742
2017-03-28;11.35;11.35;11.35;11.35;1617
2017-03-27;11.3;11.6;11.3;11.35;3504
2017-03-24;11.55;11.55;11.35;11.35;2514
2017-03-23;11.7;11.7;11.55;11.55;360
2017-03-22;11.7;11.7;11.7;11.7;350
2017-03-21;11.7;11.7;11.7;11.7;157
2017-03-20;11.7;11.7;11.55;11.7;2789
2017-03-17;11.5;11.5;11.45;11.45;3636
2017-03-16;11.45;11.5;11.45;11.5;183
2017-03-15;11.45;11.6;11.45;11.45;310
2017-03-14;11.8;11.8;11.65;11.65;3556
2017-03-13;;11.8;11.8;11.8;0
2017-03-10;11.7;11.8;11.8;11.8;876
2017-03-09;11.9;12.0;11.8;11.8;3397
2017-03-08;12.0;12.0;11.85;11.9;4969
2017-03-07;11.7;12.05;11.6;12.05;4577
2017-03-06;11.0;12.0;11.0;12.0;4102
2017-03-03;12.4;12.0;12.0;12.0;5280
2017-03-02;12.3;12.4;12.1;12.4;2329
2017-03-01;12.0;12.3;11.95;12.3;668
2017-02-28;12.1;12.1;12.1;12.1;710
2017-02-27;12.4;12.4;12.3;12.3;92
2017-02-24;12.3;12.55;12.3;12.4;344
2017-02-23;12.0;12.55;12.0;12.5;10836
2017-02-22;12.1;12.25;12.1;12.1;7881
2017-02-21;11.4;11.9;11.4;11.9;2145
2017-02-20;11.9;11.9;11.65;11.65;596
2017-02-17;11.6;11.85;11.6;11.85;263
2017-02-16;11.5;11.65;11.4;11.65;3523
2017-02-15;11.85;11.85;11.7;11.7;136
2017-02-14;11.3;11.85;11.3;11.85;3589
2017-02-13;11.0;11.4;11.0;11.4;1829
2017-02-10;11.45;11.55;11.4;11.4;151
2017-02-09;11.6;11.65;11.4;11.4;6911
2017-02-08;11.0;11.4;11.0;11.4;2537
2017-02-07;11.35;11.4;11.1;11.35;5266
2017-02-06;11.7;11.7;11.2;11.4;685
2017-02-03;11.6;11.65;11.55;11.65;2409
2017-02-02;11.9;11.9;11.5;11.55;27
2017-02-01;11.55;11.55;11.55;11.55;7
2017-01-31;11.65;11.65;11.5;11.5;4140
2017-01-30;11.7;11.8;11.5;11.65;6930
2017-01-27;11.9;11.9;11.6;11.6;7865
2017-01-26;12.25;12.25;11.9;11.9;279
2017-01-25;12.0;12.0;12.0;12.0;1704
2017-01-24;12.2;12.2;12.0;12.0;1001
2017-01-23;12.5;12.5;11.8;12.0;5168
2017-01-20;12.0;12.0;12.0;12.0;200
2017-01-19;12.15;12.15;12.1;12.1;506
2017-01-18;12.45;12.45;12.3;12.3;231
2017-01-17;12.5;12.5;12.25;12.25;2468
2017-01-16;12.45;12.45;12.45;12.45;201
2017-01-13;12.25;12.3;12.25;12.3;61
2017-01-12;12.4;12.45;12.4;12.45;2106
2017-01-11;12.35;12.55;12.3;12.5;11601
2017-01-10;12.6;12.6;12.1;12.1;10753
2017-01-09;12.0;12.65;12.0;12.6;19125
2017-01-06;;12.25;12.25;12.25;0
2017-01-05;11.9;12.25;11.9;12.25;10428
2017-01-04;;11.8;11.8;11.8;0
2017-01-03;11.9;11.9;11.8;11.8;2158
2017-01-02;11.6;11.8;11.55;11.8;10323
2016-12-30;11.45;11.85;11.45;11.7;2570
2016-12-29;11.5;11.8;11.45;11.8;5652
2016-12-28;11.9;11.9;11.4;11.4;3417
2016-12-27;11.65;11.9;11.5;11.7;13927
2016-12-23;11.7;12.0;11.65;11.75;4065
2016-12-22;11.95;11.95;11.7;11.7;44
2016-12-21;11.75;11.95;11.7;11.95;337
2016-12-20;12.0;12.0;11.9;11.9;3020
2016-12-19;11.8;12.05;11.8;11.95;11253
2016-12-16;12.25;12.25;11.8;11.8;1594
2016-12-15;10.5;12.05;10.5;12.05;4871
2016-12-14;11.2;12.45;11.2;11.8;16176
2016-12-13;11.45;11.45;11.4;11.4;4132
2016-12-12;11.45;11.45;11.45;11.45;249
2016-12-09;12.5;12.5;11.6;11.6;6684
2016-12-08;12.1;12.1;11.7;11.7;1375
2016-12-07;11.8;12.1;11.8;12.1;5207
2016-12-06;11.75;11.75;11.75;11.75;312
2016-12-05;11.65;11.85;11.65;11.75;2154
2016-12-02;12.05;12.05;11.65;11.65;2161
2016-12-01;12.5;12.5;12.2;12.2;1049
2016-11-30;12.0;12.5;12.0;12.5;3642
2016-11-29;12.4;12.4;12.3;12.3;6752
2016-11-28;12.4;12.45;12.3;12.3;1606
2016-11-25;12.4;12.4;12.25;12.3;835
2016-11-24;12.1;12.1;12.05;12.05;42
2016-11-23;12.25;12.5;12.25;12.25;5561
2016-11-22;11.85;12.2;11.85;12.2;5648
2016-11-21;12.0;12.0;11.85;11.85;224
2016-11-18;12.05;12.15;11.7;12.15;5310
2016-11-17;12.25;12.25;11.95;12.05;5361
2016-11-16;12.1;12.25;12.05;12.1;4034
2016-11-15;12.45;12.5;12.25;12.5;3000
2016-11-14;12.2;12.4;12.2;12.4;4916
2016-11-11;12.5;12.5;12.05;12.2;8053
2016-11-10;12.15;13.05;12.0;12.5;27088
2016-11-09;10.5;12.2;10.5;11.7;15970
2016-11-08;11.9;11.9;11.7;11.7;1013
2016-11-07;11.9;11.9;11.7;11.9;2027
2016-11-04;11.75;11.9;11.9;11.9;2310
2016-11-03;11.75;11.75;11.4;11.5;7981
2016-11-02;11.65;12.0;11.65;11.95;3006
2016-11-01;11.9;11.9;11.65;11.65;523
2016-10-31;11.65;11.9;11.2;11.85;12681
2016-10-28;12.0;12.0;11.7;11.7;1736
2016-10-27;11.65;12.0;11.65;12.0;22926
2016-10-26;11.2;11.75;11.0;11.75;21030
2016-10-25;11.0;11.05;11.0;11.0;1347
2016-10-24;11.2;11.2;11.0;11.05;11131
2016-10-21;11.2;11.2;11.2;11.2;1
2016-10-20;11.3;11.35;11.2;11.35;1725
2016-10-19;11.2;11.3;11.2;11.3;156
2016-10-18;11.15;11.15;11.15;11.15;310
2016-10-17;11.05;11.3;11.05;11.1;3568
2016-10-14;11.0;11.05;11.0;11.05;938
2016-10-13;10.55;11.0;10.55;11.0;56
2016-10-12;11.4;11.4;11.2;11.4;818
2016-10-11;11.05;11.4;11.05;11.4;1001
2016-10-10;11.25;11.25;11.2;11.2;3829
2016-10-07;11.1;11.4;11.1;11.25;1124
2016-10-06;11.55;11.55;11.4;11.4;2482
2016-10-05;11.85;11.85;11.55;11.55;2421
2016-10-04;12.5;12.5;11.7;11.85;14735
2016-10-03;11.8;12.5;11.45;12.5;6902
2016-09-30;11.85;11.85;11.6;11.8;4831
2016-09-29;11.9;11.9;11.75;11.85;2621
2016-09-28;12.3;12.3;11.85;11.9;3952
2016-09-27;11.45;11.85;11.45;11.85;9990
2016-09-26;11.25;11.45;11.25;11.45;3315
2016-09-23;11.4;11.4;11.25;11.4;3060
2016-09-22;11.4;11.4;11.4;11.4;485
2016-09-21;11.4;11.4;11.4;11.4;1
2016-09-20;11.35;11.35;11.3;11.3;50
2016-09-19;11.35;11.35;11.35;11.35;106
2016-09-16;12.15;12.15;11.35;11.45;747
2016-09-15;11.3;11.3;11.3;11.3;112
2016-09-14;11.35;11.35;11.25;11.25;271
2016-09-13;11.25;11.3;11.25;11.25;2550
2016-09-12;11.4;11.4;11.15;11.35;16020
2016-09-09;11.8;11.9;11.8;11.8;141
2016-09-08;11.7;11.9;11.65;11.9;6274
2016-09-07;11.55;11.8;11.55;11.7;6935
2016-09-06;11.8;11.8;11.4;11.55;2448
2016-09-05;11.55;11.55;11.4;11.4;2711
2016-09-02;11.0;11.55;11.0;11.55;3577
2016-09-01;11.2;11.2;10.95;10.95;1460
2016-08-31;10.7;11.0;10.7;10.85;1472
2016-08-30;10.75;10.75;10.75;10.75;47
2016-08-29;11.5;11.5;10.8;10.8;5455
2016-08-26;11.2;11.5;11.2;11.5;1998
2016-08-25;11.4;11.5;11.4;11.5;9938
2016-08-24;10.4;11.4;10.4;11.4;8973
2016-08-23;10.7;10.8;10.7;10.8;6598
2016-08-22;10.7;10.7;10.65;10.7;5963
2016-08-19;10.85;10.9;10.7;10.7;4125
2016-08-18;10.85;10.9;10.65;10.65;900
2016-08-17;10.8;10.9;10.8;10.9;126
2016-08-16;;11.0;11.0;11.0;0
2016-08-15;10.8;11.0;10.8;11.0;885
2016-08-12;11.15;11.15;11.0;11.15;2053
2016-08-11;11.0;11.2;11.0;11.15;3230
2016-08-10;11.3;11.5;11.0;11.0;11190
2016-08-09;10.85;10.95;10.85;10.9;3194
2016-08-08;10.6;10.85;10.55;10.85;3664
2016-08-05;10.6;10.65;10.6;10.65;3987
2016-08-04;10.55;10.6;10.55;10.6;762
2016-08-03;10.6;10.6;10.6;10.6;69
2016-08-02;10.65;10.75;10.55;10.65;6911
2016-08-01;10.75;10.75;10.75;10.75;612
2016-07-29;10.75;10.75;10.75;10.75;3856
2016-07-28;10.85;10.85;10.85;10.85;1207
2016-07-27;11.0;11.0;10.85;10.85;571
2016-07-26;11.0;11.1;11.0;11.0;69
2016-07-25;10.9;11.0;10.9;11.0;3559
2016-07-22;10.6;10.7;10.6;10.7;2065
2016-07-21;10.5;10.55;10.5;10.55;571
2016-07-20;10.4;10.45;10.4;10.4;3207
2016-07-19;10.3;10.4;10.25;10.4;1494
2016-07-18;10.3;10.3;10.3;10.3;128
2016-07-15;10.3;10.3;10.2;10.25;1736
2016-07-14;10.25;10.25;10.25;10.25;187
2016-07-13;10.3;10.5;10.25;10.25;464
2016-07-12;10.3;10.3;10.3;10.3;10
2016-07-11;10.0;10.4;10.0;10.3;2618
2016-07-08;10.05;10.15;10.05;10.15;179
2016-07-07;10.3;10.3;10.3;10.3;121
2016-07-06;10.3;10.3;10.3;10.3;6
2016-07-05;10.25;10.35;10.2;10.35;1076
2016-07-04;10.4;10.4;10.2;10.35;2634
2016-07-01;10.5;10.55;10.4;10.4;1333
2016-06-30;10.6;10.6;10.5;10.5;181
2016-06-29;;10.35;10.35;10.35;0
2016-06-28;10.3;10.4;10.3;10.35;8318
2016-06-27;10.75;10.75;10.1;10.3;4415
2016-06-24;;10.95;10.95;10.95;0
2016-06-23;10.85;10.95;10.75;10.95;1250
2016-06-22;10.85;10.85;10.7;10.7;1008
2016-06-21;10.5;10.85;10.5;10.85;1742
2016-06-20;10.2;10.35;10.2;10.35;3084
2016-06-17;10.3;10.3;10.2;10.2;134
2016-06-16;10.5;10.6;10.3;10.3;4701
2016-06-15;10.9;10.9;10.4;10.4;2070
2016-06-14;10.0;10.45;10.0;10.3;9289
2016-06-13;;10.7;10.7;10.7;0
2016-06-10;10.4;10.7;10.4;10.7;5117
2016-06-09;10.7;10.75;10.65;10.65;4227
2016-06-08;10.8;10.8;10.6;10.7;5750
2016-06-07;10.8;10.85;10.8;10.8;1795
2016-06-06;;10.8;10.8;10.8;0
2016-06-03;10.7;10.8;10.7;10.8;1901
2016-06-02;10.55;10.9;10.55;10.7;716
2016-06-01;10.7;10.7;10.6;10.6;3020
2016-05-31;10.95;10.95;10.75;10.9;2183
2016-05-30;11.0;11.0;10.95;10.95;7300
2016-05-27;10.7;11.0;10.7;10.85;6699
2016-05-26;10.8;11.0;10.6;10.65;480
2016-05-25;10.7;11.0;10.7;10.8;9588
2016-05-24;10.95;10.95;10.75;10.9;2857
2016-05-23;11.35;11.35;11.0;11.0;1271
2016-05-20;11.4;11.4;11.0;11.15;6249
2016-05-19;11.1;11.75;11.1;11.45;17988
2016-05-18;10.65;11.0;10.65;11.0;9200
2016-05-17;10.85;10.85;10.75;10.8;1341
2016-05-16;10.6;11.1;10.55;10.65;20213
2016-05-13;10.3;10.4;10.3;10.3;10245
2016-05-12;10.05;10.25;10.05;10.1;160
2016-05-11;10.2;10.2;10.05;10.1;1505
2016-05-10;10.05;10.2;10.05;10.2;3937
2016-05-09;10.05;10.05;9.8;10.05;19336
2016-05-06;9.9;10.2;9.9;10.05;8472
2016-05-05;9.7;9.7;9.7;9.7;1160
2016-05-04;9.7;9.7;9.7;9.7;1160
2016-05-03;;9.6;9.6;9.6;0
2016-05-02;9.6;9.6;9.6;9.6;7
2016-04-29;9.4;9.5;9.4;9.5;17
2016-04-28;9.55;9.55;9.5;9.5;1101
2016-04-27;9.65;9.7;9.65;9.7;1984
2016-04-26;9.75;9.75;9.45;9.75;5116
2016-04-25;9.5;9.75;9.5;9.75;9489
2016-04-22;9.3;9.65;9.3;9.55;21337
2016-04-21;9.65;9.75;9.55;9.55;126975
2016-04-20;9.75;9.75;9.5;9.5;84755
2016-04-19;9.9;9.95;9.7;9.7;4007
2016-04-18;9.0;9.8;9.0;9.8;19514
2016-04-15;8.9;9.5;8.9;9.4;26688
2016-04-14;8.85;9.1;8.85;8.9;3727
2016-04-13;8.85;8.85;8.65;8.85;14527
2016-04-12;;8.85;8.85;8.85;0
2016-04-11;7.95;9.0;7.95;8.85;22061
2016-04-08;8.75;8.75;8.75;8.75;374
2016-04-07;8.9;8.9;8.9;8.9;2012
2016-04-06;8.8;8.9;8.8;8.9;8000
2016-04-05;9.05;9.05;8.8;8.8;15779
2016-04-04;9.15;9.6;9.15;9.2;19273
2016-04-01;9.0;9.4;9.0;9.1;42409
2016-03-31;8.8;8.95;8.7;8.9;16648
2016-03-30;8.75;8.95;8.75;8.85;28145
2016-03-29;8.1;8.75;8.1;8.75;34681
2016-03-28;8.4;8.5;8.5;8.5;1379
2016-03-25;8.4;8.5;8.4;8.5;1379
2016-03-24;8.4;8.5;8.4;8.5;1379
2016-03-23;8.65;8.8;8.55;8.55;4509
2016-03-22;8.4;8.55;8.4;8.55;18029
2016-03-21;8.15;8.95;8.15;8.55;36207
2016-03-18;8.25;8.3;8.15;8.25;5549
2016-03-17;8.1;8.1;8.05;8.1;755
2016-03-16;;8.15;8.15;8.15;0
2016-03-15;8.15;8.15;8.15;8.15;252
2016-03-14;8.15;8.15;8.15;8.15;7952
2016-03-11;8.1;8.3;8.1;8.3;3821
2016-03-10;8.3;8.3;8.15;8.2;5413
2016-03-09;8.05;8.15;8.05;8.15;2223
2016-03-08;8.3;8.35;8.3;8.35;230
2016-03-07;8.2;8.25;8.15;8.25;6759
2016-03-04;8.3;8.4;8.05;8.4;2535
2016-03-03;8.25;8.3;8.1;8.1;1005
2016-03-02;8.35;8.35;8.25;8.25;2200
2016-03-01;8.3;8.45;8.3;8.3;7203
2016-02-29;8.75;8.75;8.45;8.5;3102
2016-02-26;8.45;8.7;8.4;8.4;19562
2016-02-25;8.4;8.5;8.4;8.5;9751
2016-02-24;8.5;8.5;8.35;8.5;9201
2016-02-23;9.4;9.4;8.5;8.6;8318
2016-02-22;8.6;8.6;8.55;8.6;9570
2016-02-19;8.3;8.45;8.25;8.3;8863
2016-02-18;8.5;8.55;8.4;8.4;6168
2016-02-17;8.45;8.45;8.45;8.45;2474
2016-02-16;8.4;8.45;8.3;8.3;4556
2016-02-15;8.4;8.4;8.4;8.4;100
2016-02-12;8.0;8.45;8.0;8.4;48186
2016-02-11;;8.7;8.7;8.7;0
2016-02-10;8.7;8.7;8.7;8.7;100
2016-02-09;8.7;8.8;8.65;8.65;3508
2016-02-08;8.95;9.0;8.6;8.6;3723
2016-02-05;8.85;9.0;8.75;8.95;5158
2016-02-04;8.0;8.85;8.0;8.8;4497
2016-02-03;8.65;8.65;8.35;8.35;5926
2016-02-02;8.8;8.8;8.55;8.65;3912
2016-02-01;8.45;8.8;8.45;8.65;2942
2016-01-29;8.5;8.65;8.45;8.45;3658
2016-01-28;8.9;8.95;8.8;8.8;1751
2016-01-27;8.95;8.95;8.75;8.9;6053
2016-01-26;8.75;8.85;8.7;8.7;6313
2016-01-25;8.0;8.8;8.0;8.65;34133
2016-01-22;8.8;8.8;8.25;8.4;1499
2016-01-21;8.4;8.4;8.05;8.05;2570
2016-01-20;7.9;7.9;7.9;7.9;298
2016-01-19;8.45;8.45;8.25;8.25;2804
2016-01-18;8.85;8.85;8.15;8.15;7970
2016-01-15;8.65;8.65;8.35;8.4;19046
2016-01-14;8.85;8.85;8.45;8.45;3
2016-01-13;8.45;8.6;8.4;8.55;21832
2016-01-12;8.25;8.4;8.25;8.3;6680
2016-01-11;8.7;8.7;8.25;8.4;5906
2016-01-08;8.4;8.45;8.4;8.4;6400
2016-01-07;8.4;8.5;8.1;8.3;8627
2016-01-06;;8.5;8.5;8.5;0
2016-01-05;8.5;8.5;7.95;8.5;5860
2016-01-04;8.6;8.7;8.5;8.5;11356
2016-01-01;;8.85;8.85;8.85;0
2015-12-31;;8.85;8.85;8.85;0
2015-12-30;8.85;8.9;8.85;8.85;12030
2015-12-29;8.8;8.8;8.65;8.8;6357
2015-12-28;8.6;8.95;8.6;8.8;23021
2015-12-25;8.15;8.4;8.15;8.4;3153
2015-12-24;8.15;8.4;8.15;8.4;3153
2015-12-23;8.15;8.4;8.15;8.4;3153
2015-12-22;8.75;8.75;8.0;8.05;11156
2015-12-21;8.3;8.55;8.3;8.5;6720
2015-12-18;7.85;8.5;7.85;8.5;28822
2015-12-17;8.1;8.1;7.8;7.9;12024
2015-12-16;7.25;8.2;7.25;8.1;33442
2015-12-15;7.3;7.4;7.3;7.3;4080
2015-12-14;7.65;7.75;7.3;7.3;24498
2015-12-11;8.45;8.45;7.35;7.7;140404
2015-12-10;8.95;8.95;7.9;8.45;22082
2015-12-09;9.0;9.0;8.5;8.7;17309
2015-12-08;8.9;8.9;8.6;8.7;16004
2015-12-07;9.15;9.15;8.8;9.0;12018
2015-12-04;9.0;9.15;8.2;9.1;101274
2015-12-03;9.15;9.15;8.9;9.05;7088
2015-12-02;9.1;9.3;9.1;9.15;17461
2015-12-01;8.65;9.0;8.65;8.9;12973
2015-11-30;8.35;8.8;8.1;8.8;39704
2015-11-27;7.45;8.35;7.35;8.35;59846
2015-11-26;7.2;8.0;7.2;7.6;67193
2015-11-25;7.1;7.4;7.1;7.2;23375
2015-11-24;7.0;7.05;7.0;7.05;5490
2015-11-23;7.25;7.25;7.05;7.05;4236
2015-11-20;7.35;7.4;7.25;7.25;12686
2015-11-19;7.05;7.25;7.05;7.25;31057
2015-11-18;7.05;7.05;7.05;7.05;20
2015-11-17;7.2;7.2;7.15;7.15;4700
2015-11-16;7.25;7.3;6.95;7.1;13132
2015-11-13;7.15;7.3;6.95;6.95;21134
2015-11-12;6.75;6.9;6.75;6.9;29
2015-11-11;7.0;7.0;7.0;7.0;5000
2015-11-10;7.0;7.0;6.8;7.0;2851
2015-11-09;7.5;7.5;6.9;7.0;32517
2015-11-06;7.05;7.25;7.05;7.25;13946
2015-11-05;6.85;7.0;6.8;6.9;13683
2015-11-04;6.75;6.75;6.75;6.75;482
2015-11-03;6.8;6.85;6.8;6.85;2837
2015-11-02;6.6;6.8;6.5;6.8;11249
2015-10-30;6.85;6.85;6.8;6.8;1008
2015-10-29;6.75;7.0;6.75;6.75;8018
2015-10-28;6.65;6.65;6.65;6.65;975
2015-10-27;6.8;6.9;6.7;6.7;8943
2015-10-26;6.85;6.9;6.65;6.7;15839
2015-10-23;6.9;6.9;6.9;6.9;2000
2015-10-22;;6.9;6.9;6.9;0
2015-10-21;;6.9;6.9;6.9;0
2015-10-20;6.6;7.1;6.6;6.9;571
2015-10-19;6.85;6.95;6.85;6.85;323
2015-10-16;6.95;6.95;6.95;6.95;30
2015-10-15;7.0;7.0;6.9;7.0;2028
2015-10-14;7.0;7.0;6.95;6.95;1434
2015-10-13;7.2;7.2;7.1;7.1;6426
2015-10-12;7.3;7.3;7.1;7.3;6584
2015-10-09;7.05;7.35;7.05;7.25;11482
2015-10-08;7.15;7.3;7.05;7.05;5440
2015-10-07;6.9;6.9;6.9;6.9;200
2015-10-06;7.05;7.05;7.0;7.0;2691
2015-10-05;6.7;7.1;6.6;7.1;7030
2015-10-02;;6.7;6.7;6.7;0
2015-10-01;6.7;6.7;6.7;6.7;37
2015-09-30;6.65;6.8;6.65;6.7;3661
2015-09-29;6.55;6.85;6.55;6.85;15488
2015-09-28;6.9;6.9;6.55;6.55;27433
2015-09-25;;6.9;6.9;6.9;0
2015-09-24;6.9;6.9;6.9;6.9;2740
2015-09-23;6.9;6.9;6.9;6.9;20
2015-09-22;7.15;7.15;6.9;6.9;7480
2015-09-21;7.15;7.15;7.1;7.1;985
2015-09-18;7.2;7.3;7.2;7.3;1800
2015-09-17;7.1;7.25;7.1;7.25;2568
2015-09-16;7.6;7.6;7.3;7.3;313
2015-09-15;7.2;7.2;7.2;7.2;3400
2015-09-14;7.4;7.4;7.25;7.25;5810
2015-09-11;7.4;7.4;7.2;7.2;52
2015-09-10;7.4;7.45;7.3;7.3;6244
2015-09-09;7.25;7.4;7.25;7.3;9591
2015-09-08;7.1;7.25;7.1;7.1;3555
2015-09-07;7.05;7.15;7.0;7.05;13740
2015-09-04;7.1;7.1;7.0;7.1;9381
2015-09-03;7.75;7.75;7.05;7.05;31134
2015-09-02;7.55;7.65;7.5;7.5;6455
2015-09-01;7.65;7.65;7.5;7.5;1481
2015-08-31;7.6;7.75;7.5;7.75;2799
2015-08-28;7.5;7.7;7.5;7.5;15407
2015-08-27;7.25;7.5;7.25;7.4;24190
2015-08-26;6.95;7.1;6.95;7.1;10294
2015-08-25;7.0;7.05;6.8;7.05;18392
2015-08-24;7.25;7.5;6.4;6.65;126031
2015-08-21;7.8;8.0;7.6;7.6;9355
2015-08-20;8.15;8.15;8.0;8.0;2285
2015-08-19;8.3;8.3;8.1;8.15;4964
2015-08-18;7.95;8.3;7.9;8.25;8220
2015-08-17;7.95;8.1;7.95;7.95;281
2015-08-14;8.55;8.9;7.8;7.95;46966
2015-08-13;9.0;9.2;8.85;9.0;13280
2015-08-12;10.05;10.05;8.75;9.2;47672
2015-08-11;9.25;10.0;9.1;10.0;34504
2015-08-10;8.95;9.25;8.95;9.15;14751
2015-08-07;8.6;8.6;8.6;8.6;214
2015-08-06;9.2;9.2;8.5;8.65;12495
2015-08-05;8.55;9.15;8.5;8.85;36777
2015-08-04;7.8;8.45;7.8;8.45;13035
2015-08-03;7.7;7.7;7.55;7.7;4059
2015-07-31;7.7;7.7;7.7;7.7;1607
2015-07-30;7.85;7.85;7.85;7.85;1123
2015-07-29;8.3;8.3;8.0;8.05;4802
2015-07-28;7.5;8.25;7.5;8.15;22559
2015-07-27;7.5;7.5;7.5;7.5;753
2015-07-24;7.7;7.7;7.5;7.5;339
2015-07-23;;7.6;7.6;7.6;0
2015-07-22;;7.6;7.6;7.6;0
2015-07-21;7.6;7.6;7.6;7.6;3948
2015-07-20;7.85;7.85;7.6;7.75;5000
2015-07-17;7.6;7.65;7.6;7.65;24976
2015-07-16;7.5;7.55;7.5;7.55;1655
2015-07-15;;7.45;7.45;7.45;0
2015-07-14;7.4;7.45;7.4;7.45;202
2015-07-13;7.5;7.5;7.45;7.45;3000
2015-07-10;7.45;7.5;7.45;7.5;211
2015-07-09;7.55;7.55;7.4;7.4;904
2015-07-08;7.6;7.6;7.55;7.55;1123
2015-07-07;;7.65;7.65;7.65;0
2015-07-06;7.65;7.85;7.65;7.65;1504
2015-07-03;7.4;7.8;7.4;7.8;5674
2015-07-02;7.75;7.75;7.6;7.6;640
2015-07-01;7.4;7.45;7.35;7.45;12740
2015-06-30;7.25;7.25;7.25;7.25;1131
2015-06-29;7.2;7.35;7.1;7.25;16032
2015-06-26;7.5;7.5;7.5;7.5;4000
2015-06-25;7.6;7.8;7.45;7.8;2248
2015-06-24;;7.6;7.6;7.6;0
2015-06-23;7.7;7.7;7.6;7.6;1887
2015-06-22;7.65;7.65;7.6;7.6;7
2015-06-19;;7.6;7.6;7.6;0
2015-06-18;7.65;7.65;7.35;7.6;1455
2015-06-17;7.7;7.8;7.65;7.65;6427
2015-06-16;7.45;7.45;7.45;7.45;700
2015-06-15;7.6;7.6;7.6;7.6;1000
2015-06-12;7.7;7.7;7.7;7.7;710
2015-06-11;7.85;7.85;7.7;7.7;613
2015-06-10;7.9;8.0;7.85;7.85;799
2015-06-09;8.15;8.2;8.0;8.0;12208
2015-06-08;8.2;8.2;8.1;8.15;1985
2015-06-05;7.95;8.3;7.95;8.3;6428
2015-06-04;8.2;8.2;7.65;7.95;8223
2015-06-03;8.25;8.35;8.25;8.25;3270
2015-06-02;8.25;8.35;8.15;8.2;7965
2015-06-01;7.8;8.25;7.8;8.25;9372
2015-05-29;7.95;7.95;7.8;7.9;10363
2015-05-28;7.75;8.2;7.5;7.95;31371
2015-05-27;7.45;7.75;7.35;7.55;10157
2015-05-26;7.2;7.3;7.2;7.3;2033
2015-05-25;7.45;7.45;7.3;7.3;4520
2015-05-22;7.5;7.6;7.45;7.5;3356
2015-05-21;7.7;7.7;7.55;7.55;3223
2015-05-20;7.5;7.8;7.5;7.65;2444
2015-05-19;7.85;7.85;7.4;7.45;9896
2015-05-18;8.1;8.1;7.85;7.85;7376
2015-05-15;7.95;8.2;7.95;8.1;10200
2015-05-14;7.7;8.5;7.7;8.5;11263
2015-05-13;7.7;8.5;7.7;8.5;11263
2015-05-12;8.2;8.4;8.1;8.1;5810
2015-05-11;8.4;8.55;8.2;8.2;5550
2015-05-08;8.4;8.4;8.4;8.4;1412
2015-05-07;8.35;8.4;8.2;8.4;6262
2015-05-06;8.45;8.45;8.35;8.35;2741
2015-05-05;8.3;8.65;8.3;8.6;18635
2015-05-04;8.15;8.25;8.15;8.25;8090
2015-05-01;8.15;8.15;8.15;8.15;336
2015-04-30;8.15;8.15;8.15;8.15;336
2015-04-29;8.5;8.5;8.3;8.3;3730
2015-04-28;8.35;8.35;8.35;8.35;574
2015-04-27;8.45;8.55;8.35;8.35;4010
2015-04-24;8.4;8.4;8.4;8.4;3263
2015-04-23;8.0;8.45;8.0;8.45;6503
2015-04-22;8.65;8.65;8.4;8.4;4858
2015-04-21;8.55;8.55;8.5;8.5;9067
2015-04-20;8.65;8.7;8.5;8.5;10691
2015-04-17;8.55;8.6;8.45;8.6;12819
2015-04-16;8.35;8.75;8.35;8.7;23379
2015-04-15;8.3;8.4;8.2;8.25;6267
2015-04-14;8.1;8.15;8.1;8.15;880
2015-04-13;8.25;8.3;7.85;8.3;29326
2015-04-10;8.4;8.45;8.3;8.35;10436
2015-04-09;8.4;8.4;8.0;8.35;21692
2015-04-08;8.15;8.4;8.15;8.4;1680
2015-04-07;8.1;8.6;8.1;8.5;9038
2015-04-02;8.55;8.75;8.55;8.75;5785
2015-04-01;8.35;8.6;8.35;8.4;17026
2015-03-31;8.4;8.5;8.35;8.35;863
2015-03-30;7.95;8.5;7.95;8.5;6437
2015-03-27;8.3;8.6;8.2;8.6;10162
2015-03-26;8.15;8.35;8.0;8.35;12373
2015-03-25;8.5;8.65;8.2;8.45;58643
2015-03-24;8.6;8.85;8.45;8.7;16691
2015-03-23;9.0;9.85;8.4;8.55;83196
2015-03-20;8.5;8.95;8.5;8.9;12144
2015-03-19;9.0;9.0;8.7;8.8;3900
2015-03-18;8.8;8.8;8.2;8.65;28444
2015-03-17;9.0;9.05;8.75;9.0;24366
2015-03-16;8.45;8.95;8.35;8.8;43035
2015-03-13;9.0;9.05;8.15;8.45;65630
2015-03-12;9.55;9.55;8.55;8.8;22811
2015-03-11;9.65;9.65;9.5;9.55;5676
2015-03-10;9.65;9.8;9.65;9.7;1505
2015-03-09;9.4;9.45;9.4;9.45;1023
2015-03-06;9.25;9.45;9.25;9.45;4124
2015-03-05;9.55;9.6;9.45;9.45;2919
2015-03-04;9.1;9.4;8.95;9.4;9134
2015-03-03;9.5;9.65;9.1;9.1;6607
2015-03-02;9.7;9.75;9.45;9.45;9302
2015-02-27;10.15;10.15;9.75;9.8;9805
2015-02-26;9.85;10.0;9.8;10.0;21219
2015-02-25;10.0;10.0;9.9;9.9;6540
2015-02-24;9.6;10.0;9.55;9.95;8273
2015-02-23;9.95;10.0;9.55;9.85;15137
2015-02-20;9.95;9.95;9.95;9.95;97
2015-02-19;10.0;10.1;9.95;9.95;1690
2015-02-18;9.8;10.0;9.75;9.95;2799
2015-02-17;10.0;10.0;9.95;10.0;3088
2015-02-16;10.0;10.3;9.95;9.95;10690
2015-02-13;10.4;10.4;9.95;10.15;5569
2015-02-12;10.15;10.3;10.15;10.2;64214
2015-02-11;10.1;10.2;10.05;10.1;37651
2015-02-10;10.0;10.4;10.0;10.2;50648
2015-02-09;10.0;10.4;9.95;10.2;15205
2015-02-06;10.35;10.5;10.2;10.4;63826
2015-02-05;10.25;10.3;10.15;10.25;71352
2015-02-04;10.4;10.45;10.25;10.35;59131
2015-02-03;10.5;10.6;10.4;10.4;59143
2015-02-02;10.45;10.6;10.15;10.3;64681
2015-01-30;9.95;10.0;9.85;9.9;32955
2015-01-29;9.8;10.0;9.8;9.9;21991
2015-01-28;9.9;9.9;9.85;9.9;20763
2015-01-27;10.0;10.3;9.9;9.9;23607
2015-01-26;10.35;10.45;10.25;10.35;10039
2015-01-23;10.45;10.5;10.4;10.45;16212
2015-01-22;10.5;10.5;10.15;10.25;42253
2015-01-21;10.35;10.5;10.35;10.4;12927
2015-01-20;10.5;10.55;10.4;10.55;42824
2015-01-19;10.4;10.5;10.3;10.4;16438
2015-01-16;10.5;10.5;10.2;10.2;25290
2015-01-15;10.55;10.55;10.35;10.5;10369
2015-01-14;10.1;10.6;10.1;10.5;112349
2015-01-13;10.6;10.7;10.35;10.4;40066
2015-01-12;10.4;10.75;10.4;10.5;88143
2015-01-09;10.15;10.25;10.05;10.2;36802
2015-01-08;9.85;10.0;9.85;10.0;89040
2015-01-07;9.5;9.85;9.5;9.6;2675
2015-01-06;;9.95;9.95;9.95;0
2015-01-05;9.55;9.95;9.55;9.95;40205
2015-01-02;9.9;9.9;9.4;9.85;3616
2015-01-01;9.3;9.45;9.1;9.25;26191
2014-12-30;9.3;9.45;9.1;9.25;26191
2014-12-29;9.2;9.45;9.2;9.4;16595
2014-12-23;9.55;9.55;9.55;9.55;949
2014-12-22;9.2;9.75;9.2;9.5;19644
2014-12-19;9.9;10.3;9.9;9.9;12145
2014-12-18;9.2;9.85;9.2;9.85;9944
2014-12-17;8.55;9.45;8.55;9.45;11565
2014-12-16;9.0;9.65;9.0;9.0;14972
2014-12-15;9.75;9.75;9.35;9.35;11456
2014-12-12;10.45;10.45;10.0;10.0;8952
2014-12-11;10.05;10.25;9.95;9.95;6905
2014-12-10;10.0;10.4;10.0;10.2;2725
2014-12-09;10.1;10.25;10.0;10.0;10548
2014-12-08;10.4;10.5;10.0;10.0;11746
2014-12-05;10.3;10.45;10.05;10.4;12722
2014-12-04;10.2;10.5;10.2;10.3;8550
2014-12-03;10.0;10.45;9.9;10.25;15361
2014-12-02;9.15;9.9;9.15;9.9;29392
2014-12-01;9.0;9.4;8.75;9.2;11745
2014-11-28;9.15;9.15;9.0;9.0;22835
2014-11-27;9.35;9.35;9.1;9.25;3624
2014-11-26;9.5;9.8;9.3;9.35;18670
2014-11-25;9.15;9.45;9.15;9.3;3183
2014-11-24;9.55;9.7;9.4;9.5;19901
2014-11-21;9.15;9.55;9.15;9.55;6031
2014-11-20;9.0;9.35;8.95;9.05;10130
2014-11-19;9.45;9.95;9.3;9.3;45329
2014-11-18;8.8;9.6;8.8;9.35;39856
2014-11-17;8.8;8.9;8.75;8.8;8892
2014-11-14;8.4;8.8;8.4;8.8;31712
2014-11-13;8.2;8.25;8.1;8.25;15237
2014-11-12;7.95;8.15;7.9;8.15;6546
2014-11-11;7.8;8.05;7.8;7.8;8255
2014-11-10;7.8;7.8;7.8;7.8;25
2014-11-07;7.8;7.95;7.8;7.9;1339
2014-11-06;7.75;7.8;7.6;7.8;12854
2014-11-05;7.7;7.75;7.7;7.7;5525
2014-11-04;7.95;8.0;7.75;7.9;6866
2014-11-03;7.75;7.95;7.75;7.9;2325
2014-10-31;7.5;7.9;7.5;7.75;2085
2014-10-30;7.65;7.8;7.45;7.8;9762
2014-10-29;7.8;7.95;7.7;7.95;2535
2014-10-28;7.75;7.95;7.55;7.55;12931
2014-10-24;7.5;7.75;7.3;7.4;47249
2014-10-23;7.2;7.25;7.2;7.25;518
2014-10-22;7.9;7.9;7.25;7.25;18000
2014-10-21;7.05;7.25;7.05;7.2;17406
2014-10-20;6.9;7.1;6.9;7.0;11033
2014-10-17;6.0;7.0;6.0;6.8;35627
2014-10-16;6.55;6.85;6.55;6.6;25761
2014-10-15;6.75;6.75;6.45;6.45;8668
2014-10-14;6.85;6.85;6.75;6.75;965
2014-10-13;6.95;6.95;6.8;6.85;2769
2014-10-10;6.8;6.8;6.65;6.75;6599
2014-10-09;6.85;6.85;6.6;6.75;15842
2014-10-08;6.8;6.8;6.5;6.8;26227
2014-10-07;6.9;6.9;6.8;6.8;6369
2014-10-06;6.55;6.9;6.55;6.9;34083
2014-10-03;7.35;7.4;6.85;6.85;57958
2014-10-02;7.35;7.45;7.35;7.35;2463
2014-10-01;7.2;7.25;7.1;7.1;16811
2014-09-30;8.3;8.3;7.3;7.35;31324
2014-09-29;8.8;8.95;8.05;8.3;30338
2014-09-26;6.9;8.6;6.9;8.6;47828
2014-09-25;6.9;7.0;6.9;7.0;600
2014-09-24;7.0;7.0;6.8;6.9;11370
2014-09-23;7.0;7.0;7.0;7.0;39
2014-09-22;6.95;7.0;6.95;7.0;7245
2014-09-19;7.15;7.15;6.85;6.95;11162
2014-09-18;7.4;7.4;7.15;7.15;9884
2014-09-17;7.25;7.25;6.95;7.2;12006
2014-09-16;7.3;7.3;7.3;7.3;7500
2014-09-15;7.25;7.45;7.25;7.4;15240
2014-09-12;7.2;7.25;7.15;7.25;4499
2014-09-11;7.0;7.15;6.9;7.1;50533
2014-09-10;6.75;6.9;6.75;6.85;25733
2014-09-09;6.75;6.8;6.7;6.7;10307
2014-09-08;6.65;6.75;6.65;6.75;8414
2014-09-05;6.85;6.85;6.65;6.65;5715
2014-09-04;6.7;6.8;6.7;6.8;6998
2014-09-03;6.6;6.8;6.6;6.8;3960
2014-09-02;6.5;6.7;6.45;6.6;28750
2014-09-01;6.3;6.55;6.3;6.5;17927
2014-08-29;6.2;6.2;6.15;6.15;13353
2014-08-28;6.45;6.45;6.15;6.15;21672
2014-08-27;6.4;6.5;6.4;6.45;2806
2014-08-26;6.5;6.55;6.5;6.5;10157
2014-08-25;6.5;6.5;6.35;6.45;8283
2014-08-22;6.35;6.4;6.35;6.4;7188
2014-08-21;6.15;6.35;6.1;6.35;16437
2014-08-20;6.25;6.4;6.2;6.25;22087
2014-08-19;6.0;6.3;5.95;6.3;39007
2014-08-18;5.7;6.0;5.7;5.9;7885
2014-08-15;5.75;5.75;5.65;5.65;1016
2014-08-14;5.95;6.15;5.85;5.85;22500
2014-08-13;5.8;5.85;5.8;5.85;11992
2014-08-12;6.0;6.0;5.85;5.85;8160
2014-08-11;5.55;6.0;5.55;6.0;8868
2014-08-08;5.45;5.55;5.45;5.55;518
2014-08-07;;5.55;5.55;5.55;0
2014-08-06;5.75;5.75;5.55;5.55;4500
2014-08-05;5.7;5.8;5.7;5.75;17362
2014-08-04;5.55;5.55;5.55;5.55;299
2014-08-01;5.65;5.65;5.65;5.65;439
2014-07-31;5.35;5.6;5.35;5.6;8367
2014-07-30;5.6;5.6;5.45;5.45;10886
2014-07-29;5.8;5.8;5.55;5.65;6688
2014-07-28;5.7;5.8;5.7;5.8;4500
2014-07-25;5.6;5.6;5.6;5.6;2500
2014-07-24;5.7;5.7;5.7;5.7;2000
2014-07-23;5.6;5.85;5.6;5.7;13051
2014-07-22;5.7;5.7;5.7;5.7;318
2014-07-21;5.7;5.8;5.7;5.75;11128
2014-07-18;5.6;5.65;5.55;5.65;7972
2014-07-17;5.5;5.7;5.5;5.7;7289
2014-07-16;5.6;5.6;5.45;5.55;9978
2014-07-15;5.8;5.8;5.6;5.65;11715
2014-07-14;5.7;5.75;5.7;5.75;5497
2014-07-11;5.9;5.9;5.6;5.6;8973
2014-07-10;5.65;5.9;5.65;5.8;7329
2014-07-09;5.65;5.7;5.6;5.65;8206
2014-07-08;5.65;5.65;5.65;5.65;824
2014-07-07;6.0;6.05;5.7;5.7;16558
2014-07-04;5.5;5.5;5.5;5.5;5492
2014-07-03;5.55;5.6;5.55;5.55;5598
2014-07-02;5.5;5.6;5.4;5.6;13186
2014-07-01;5.55;5.55;5.45;5.45;7957
2014-06-30;5.75;5.75;5.6;5.6;1262
2014-06-27;5.3;5.75;5.3;5.75;11500
2014-06-26;5.3;5.35;5.3;5.3;5330
2014-06-25;5.55;5.55;5.3;5.3;20750
2014-06-24;5.7;5.7;5.55;5.6;9608
2014-06-23;5.8;5.8;5.4;5.55;36149
2014-06-20;;5.8;5.8;5.8;0
2014-06-19;5.85;5.85;5.8;5.8;8419
2014-06-18;5.8;5.8;5.8;5.8;2784
2014-06-17;5.7;5.85;5.7;5.85;17257
2014-06-16;5.85;5.85;5.7;5.7;19888
2014-06-13;5.95;5.95;5.9;5.95;1360
2014-06-12;5.95;5.95;5.9;5.9;3000
2014-06-11;5.8;6.15;5.8;6.0;5112
2014-06-10;5.95;5.95;5.85;5.9;15873
2014-06-09;6.05;6.15;6.0;6.05;20722
2014-06-06;;6.05;6.05;6.05;0
2014-06-05;6.2;6.3;6.05;6.05;18183
2014-06-04;6.0;6.15;6.0;6.15;20108
2014-06-03;5.85;6.15;5.85;6.15;26089
2014-06-02;5.75;5.85;5.75;5.85;8995
2014-05-30;5.95;5.95;5.75;5.8;5658
2014-05-28;5.9;5.95;5.85;5.95;9219
2014-05-27;5.4;5.75;5.4;5.75;19523
2014-05-26;5.35;5.35;5.35;5.35;3402
2014-05-23;5.3;5.35;5.3;5.35;12213
2014-05-22;5.3;5.35;5.25;5.3;6224
2014-05-21;5.15;5.25;5.15;5.25;4784
2014-05-20;5.3;5.45;5.2;5.2;23639
2014-05-19;5.35;5.35;5.3;5.35;3491
2014-05-16;5.7;5.7;5.35;5.4;14023
2014-05-15;5.4;5.65;5.4;5.6;46285
2014-05-14;4.98;5.15;4.98;5.15;8005
2014-05-13;4.92;5.05;4.92;5.05;12497
2014-05-12;4.77;4.9;4.76;4.9;7363
2014-05-09;;4.83;4.83;4.83;0
2014-05-08;4.83;4.83;4.83;4.83;187
2014-05-07;4.91;4.91;4.79;4.8;8718
2014-05-06;4.93;4.93;4.86;4.9;612
2014-05-05;4.7;5.0;4.7;4.93;2792
2014-05-02;5.0;5.0;4.93;4.93;171
2014-05-01;;5.0;5.0;5.0;0
2014-04-30;5.0;5.0;5.0;5.0;533
2014-04-29;4.85;4.99;4.85;4.99;8826
2014-04-28;4.8;5.0;4.74;4.88;8563
2014-04-25;4.88;4.88;4.88;4.88;2500
2014-04-24;4.95;5.0;4.93;4.93;12496
2014-04-23;4.99;4.99;4.99;4.99;2000
2014-04-22;4.8;4.93;4.8;4.92;15604
2014-04-17;4.87;4.87;4.86;4.86;3684
2014-04-16;4.98;5.1;4.98;5.05;3180
2014-04-15;5.05;5.05;5.05;5.05;3389
2014-04-14;5.0;5.35;5.0;5.05;11549
2014-04-11;5.95;5.95;5.35;5.35;15564
2014-04-10;5.0;5.8;5.0;5.8;31372
2014-04-09;4.89;5.0;4.89;5.0;25660
2014-04-08;;4.85;4.85;4.85;0
2014-04-07;4.82;4.85;4.82;4.85;3011
2014-04-04;4.84;4.84;4.8;4.8;11616
2014-04-03;4.93;4.93;4.93;4.93;2182
2014-04-02;4.84;5.05;4.84;5.05;5482
2014-04-01;4.7;4.84;4.7;4.75;2675
2014-03-31;4.55;4.72;4.54;4.72;10536
2014-03-28;4.54;4.59;4.54;4.59;2350
2014-03-27;;4.72;4.72;4.72;0
2014-03-26;;4.72;4.72;4.72;0
2014-03-25;4.66;4.72;4.54;4.72;6699
2014-03-24;4.41;4.59;4.41;4.59;8040
2014-03-21;4.7;4.79;4.3;4.5;33082
2014-03-20;4.88;4.88;4.79;4.79;5362
2014-03-19;4.69;4.79;4.69;4.79;7002
2014-03-18;4.79;4.8;4.61;4.61;6651
2014-03-17;4.99;4.99;4.63;4.63;17422
2014-03-14;5.0;5.0;4.9;4.9;5682
2014-03-13;5.0;5.2;4.98;5.05;23249
2014-03-12;4.75;4.75;4.75;4.75;449
2014-03-11;4.81;4.81;4.72;4.72;2161
2014-03-10;5.0;5.0;4.81;4.81;10655
2014-03-07;4.9;4.9;4.81;4.81;6543
2014-03-06;4.78;4.9;4.78;4.9;626
2014-03-05;4.9;4.9;4.89;4.89;1501
2014-03-04;4.9;4.9;4.9;4.9;3500
2014-03-03;4.93;5.05;4.81;4.81;66340
2014-02-28;5.25;5.25;5.15;5.15;7998
2014-02-27;5.4;5.4;5.2;5.2;6849
2014-02-26;5.35;5.45;5.35;5.45;18934
2014-02-25;5.2;5.45;5.1;5.1;19105
2014-02-24;5.35;5.35;5.2;5.2;3049
2014-02-21;5.15;5.25;5.15;5.15;3812
2014-02-20;5.4;5.4;5.15;5.15;4103
2014-02-19;5.15;5.4;5.15;5.4;2777
2014-02-18;5.25;5.3;5.25;5.25;11018
2014-02-17;4.96;5.25;4.96;5.25;25657
2014-02-14;5.4;5.4;5.05;5.05;2570
2014-02-13;5.0;5.0;4.85;4.94;13416
2014-02-12;4.71;5.95;4.71;5.25;20549
2014-02-11;4.64;4.72;4.64;4.71;14452
2014-02-10;4.65;4.65;4.56;4.56;3665
2014-02-07;4.43;4.65;4.43;4.65;3109
2014-02-06;4.6;4.6;4.52;4.52;5623
2014-02-05;4.48;4.55;4.48;4.55;6100
2014-02-04;4.72;4.72;4.4;4.4;32717
2014-02-03;4.8;4.8;4.78;4.78;655
2014-01-31;5.0;5.0;4.81;4.81;8880
2014-01-30;4.92;4.92;4.92;4.92;18
2014-01-29;5.0;5.15;4.62;4.78;46270
2014-01-28;5.0;5.1;4.95;5.1;935
2014-01-27;5.0;5.05;5.0;5.0;1235
2014-01-24;4.99;5.15;4.99;5.05;7100
2014-01-23;5.0;5.0;4.99;4.99;355
2014-01-22;5.05;5.05;5.05;5.05;3112
2014-01-21;4.92;5.15;4.89;5.15;41399
2014-01-20;4.97;4.98;4.92;4.92;3768
2014-01-17;5.0;5.0;4.92;4.92;11385
2014-01-16;5.05;5.2;4.86;4.86;22673
2014-01-15;5.1;5.2;5.0;5.05;8073
2014-01-14;5.5;5.5;5.2;5.2;7610
2014-01-13;5.0;5.3;5.0;5.3;17433
2014-01-10;5.2;5.2;5.05;5.15;8197
2014-01-09;5.2;5.2;5.2;5.2;1928
2014-01-08;5.1;5.25;5.1;5.25;10841
2014-01-07;5.3;5.5;5.3;5.35;12701
2014-01-06;;5.55;5.55;5.55;0
2014-01-03;5.3;5.55;5.3;5.55;15752
2014-01-02;5.25;5.6;5.25;5.5;31834
2013-12-31;;5.6;5.6;5.6;0
2013-12-30;5.5;5.85;5.35;5.6;29932
2013-12-27;5.55;6.05;5.55;5.65;6044
2013-12-23;5.25;5.6;5.25;5.6;9420
2013-12-20;5.6;5.6;5.45;5.45;12224
2013-12-19;5.5;6.0;5.5;5.6;30717
2013-12-18;6.05;6.05;5.9;5.9;5622
2013-12-17;6.1;6.3;6.05;6.15;28544
2013-12-16;6.25;6.25;6.15;6.2;15420
2013-12-13;6.4;6.55;6.4;6.5;7341
2013-12-12;6.3;6.5;6.3;6.5;8429
2013-12-11;6.1;6.5;6.1;6.5;17793
2013-12-10;6.3;6.3;6.1;6.2;16463
2013-12-09;6.3;6.4;6.2;6.3;12192
2013-12-06;6.0;6.65;6.0;6.3;63075
2013-12-05;5.8;5.95;5.6;5.95;26462
2013-12-04;5.8;5.8;5.6;5.6;6535
2013-12-03;5.9;5.9;5.8;5.8;5187
2013-12-02;5.9;6.0;5.8;6.0;17841
2013-11-29;5.7;5.8;5.65;5.8;33966
2013-11-28;5.5;5.7;5.5;5.7;8590
2013-11-27;5.65;5.7;5.5;5.7;16538
2013-11-26;5.7;5.7;5.7;5.7;3139
2013-11-25;5.8;5.8;5.7;5.75;6501
2013-11-22;5.75;5.8;5.7;5.7;8230
2013-11-21;5.5;5.8;5.5;5.8;15369
2013-11-20;5.9;5.9;5.6;5.6;2693
2013-11-19;5.9;5.9;5.6;5.6;18998
2013-11-18;6.5;6.5;5.9;6.05;11677
2013-11-15;6.25;6.25;5.8;5.8;8335
2013-11-14;5.45;6.3;5.45;6.0;23252
2013-11-13;5.45;5.45;5.25;5.45;549
2013-11-12;5.3;5.75;5.25;5.45;3706
2013-11-11;5.2;5.35;5.2;5.35;3157
2013-11-08;5.5;5.5;5.3;5.4;1173
2013-11-07;5.3;5.5;5.3;5.5;141
2013-11-06;5.6;5.6;5.35;5.4;7900
2013-11-05;5.5;6.0;5.5;5.6;17835
2013-11-04;5.2;5.4;5.2;5.4;5540
2013-11-01;5.1;5.3;5.1;5.3;5523
2013-10-31;5.2;5.2;5.2;5.2;2000
2013-10-30;5.3;5.3;5.3;5.3;5047
2013-10-29;5.2;5.2;5.15;5.2;9524
2013-10-28;5.3;5.5;5.3;5.3;10765
2013-10-25;5.0;5.5;5.0;5.4;2107
2013-10-24;5.5;5.5;5.15;5.15;19242
2013-10-23;4.9;5.2;4.71;5.1;73052
2013-10-22;5.7;5.7;5.0;5.05;35403
2013-10-21;5.4;5.8;5.4;5.5;66495
2013-10-18;5.75;5.8;5.5;5.8;35143
2013-10-17;5.85;5.85;5.85;5.85;883
2013-10-16;6.15;6.15;5.9;5.9;1184
2013-10-15;5.75;6.1;5.75;6.1;35868
2013-10-14;5.9;5.9;5.8;5.8;2343
2013-10-11;5.8;6.15;5.8;6.15;331370
2013-10-10;6.2;6.2;5.8;5.9;81578
2013-10-09;5.9;6.5;5.8;5.9;24448
2013-10-08;6.3;6.75;6.0;6.3;27642
2013-10-07;6.25;6.3;6.25;6.3;3667
2013-10-04;6.7;6.7;6.2;6.5;23479
2013-10-03;6.95;7.5;6.3;6.5;82675
2013-10-02;5.8;6.75;5.75;6.75;77831
2013-10-01;5.35;5.95;5.15;5.8;92755
2013-09-30;5.1;5.4;5.05;5.35;31647
2013-09-27;5.45;5.75;5.1;5.1;92512
2013-09-26;5.0;5.65;4.8;5.45;114541
2013-09-25;5.35;5.4;5.0;5.0;40165
2013-09-24;4.99;5.3;4.9;5.05;306025
2013-09-23;4.09;4.8;4.0;4.7;1266606
2013-09-20;3.59;4.2;3.59;3.95;1769511
2013-09-19;3.6;3.6;3.57;3.59;132102
2013-09-18;3.55;3.62;3.55;3.61;251187
2013-09-17;3.7;3.7;3.53;3.62;213237
2013-09-16;3.51;3.84;3.51;3.53;125111
2013-09-13;3.73;3.83;3.63;3.63;64237
2013-09-12;3.83;3.9;3.76;3.83;229428
2013-09-11;4.0;4.0;3.8;3.83;229671
2013-09-10;4.05;4.05;3.98;4.04;32607
2013-09-09;4.0;4.1;4.0;4.1;20579
2013-09-06;3.83;4.26;3.7;4.02;218412
2013-09-05;4.0;4.35;3.9;4.24;28165
2013-09-04;4.1;4.35;4.09;4.17;26308
2013-09-03;5.05;5.3;3.7;4.11;121687
2013-09-02;5.45;5.45;5.0;5.05;71055
2013-08-30;5.6;5.7;5.6;5.6;16791
2013-08-29;5.6;5.6;5.6;5.6;116
2013-08-28;5.6;5.6;5.6;5.6;187
2013-08-27;5.6;5.6;5.6;5.6;942
2013-08-26;5.6;5.7;5.55;5.7;22684
2013-08-23;5.65;5.65;5.6;5.6;5260
2013-08-22;5.65;5.65;5.65;5.65;127
2013-08-21;5.7;5.85;5.7;5.7;30705
2013-08-20;5.5;5.8;5.35;5.6;45218
2013-08-19;5.55;5.55;5.4;5.4;6177
2013-08-16;5.8;5.8;5.65;5.65;17644
2013-08-15;5.7;5.7;5.7;5.7;1665
2013-08-14;5.95;5.95;5.8;5.8;11400
2013-08-13;5.9;5.95;5.9;5.9;10403
2013-08-12;6.0;6.0;5.95;5.95;7000
2013-08-09;5.9;6.0;5.9;5.95;12749
2013-08-08;5.8;6.0;5.75;5.8;36837
2013-08-07;6.0;6.1;5.9;5.95;6812
2013-08-06;6.25;6.25;6.0;6.0;41421
2013-08-05;6.25;6.3;6.2;6.25;26478
2013-08-02;6.1;6.35;6.1;6.25;23235
2013-08-01;6.4;6.4;6.25;6.3;28695
2013-07-31;6.45;6.5;6.4;6.4;12994
2013-07-30;6.5;6.55;6.35;6.55;24865
2013-07-29;7.0;7.0;6.85;6.9;17100
2013-07-26;7.05;7.05;7.0;7.0;870
2013-07-25;7.05;7.05;7.0;7.0;7151
2013-07-24;7.05;7.05;7.0;7.0;13074
2013-07-23;7.1;7.15;7.1;7.15;10000
2013-07-22;7.2;7.2;7.1;7.1;11683
2013-07-19;7.15;7.35;7.15;7.25;3172
2013-07-18;7.5;7.5;7.35;7.35;362
2013-07-17;7.4;7.45;7.4;7.45;10500
2013-07-16;7.25;7.45;7.15;7.35;18423
2013-07-15;7.25;7.25;7.2;7.25;4293
2013-07-12;7.05;7.15;7.05;7.15;1891
2013-07-11;7.0;7.05;7.0;7.05;1121
2013-07-10;7.2;7.25;7.15;7.15;3279
2013-07-09;7.2;7.2;7.15;7.2;8190
2013-07-08;7.05;7.25;7.05;7.2;23143
2013-07-05;7.05;7.1;7.05;7.1;4269
2013-07-04;7.4;7.4;7.25;7.25;1061
2013-07-03;7.45;7.45;7.45;7.45;2000
2013-07-02;7.65;7.65;7.5;7.5;627
2013-07-01;7.6;7.65;7.6;7.65;7899
2013-06-28;8.2;8.2;7.9;7.9;3156
2013-06-27;8.2;8.2;8.2;8.2;286
2013-06-26;8.2;8.2;8.2;8.2;56
2013-06-25;;8.35;8.35;8.35;0
2013-06-24;9.05;9.05;8.35;8.35;16189
2013-06-21;;9.1;9.1;9.1;0
2013-06-20;;9.1;9.1;9.1;0
2013-06-19;9.1;9.2;9.1;9.1;455
2013-06-18;9.1;9.35;9.1;9.35;15773
2013-06-17;;9.3;9.3;9.3;0
2013-06-14;9.4;9.4;9.25;9.3;11000
2013-06-13;9.5;9.5;9.25;9.25;28879
2013-06-12;9.1;9.1;9.1;9.1;2224
2013-06-11;8.9;9.1;8.9;8.95;4196
2013-06-10;9.2;9.35;9.2;9.35;18261
2013-06-07;9.4;9.5;9.15;9.15;42561
2013-06-06;;9.4;9.4;9.4;0
2013-06-05;9.55;9.55;9.4;9.4;2440
2013-06-04;9.65;9.65;9.4;9.4;32180
2013-06-03;9.65;9.75;9.65;9.75;598
2013-05-31;;9.65;9.65;9.65;0
2013-05-30;9.65;9.65;9.65;9.65;407
2013-05-29;9.65;9.8;9.5;9.8;3733
2013-05-28;9.6;9.9;9.6;9.7;15893
2013-05-27;9.9;9.9;9.4;9.75;12991
2013-05-24;9.55;9.6;9.55;9.55;3920
2013-05-23;9.6;9.75;9.6;9.75;5318
2013-05-22;9.75;9.75;9.6;9.75;6817
2013-05-21;9.6;9.6;9.6;9.6;3500
2013-05-20;10.2;10.25;9.7;9.75;9290
2013-05-17;10.2;10.35;10.2;10.2;5191
2013-05-16;10.7;10.7;10.2;10.55;36469
2013-05-15;11.05;11.05;10.8;10.9;4637
2013-05-14;;11.25;11.25;11.25;0
2013-05-13;11.25;11.25;11.2;11.25;10153
2013-05-10;11.25;11.3;11.05;11.2;14692
2013-05-09;;11.25;11.25;11.25;0
2013-05-08;11.3;11.3;10.8;11.25;17382
2013-05-07;11.3;11.5;11.15;11.5;27215
2013-05-06;11.4;11.4;11.4;11.4;268
2013-05-03;11.4;11.4;11.4;11.4;84
2013-05-02;11.4;11.4;11.3;11.4;2891
2013-05-01;;11.4;11.4;11.4;0
2013-04-30;11.4;11.4;11.4;11.4;374
2013-04-29;11.4;11.4;11.4;11.4;2500
2013-04-26;11.6;11.6;11.6;11.6;2784
2013-04-25;12.0;12.0;11.45;11.45;961
2013-04-24;11.8;11.8;11.6;11.6;4595
2013-04-23;12.0;12.0;11.6;11.6;2560
2013-04-22;12.0;12.1;12.0;12.0;867
2013-04-19;12.1;12.1;12.0;12.0;2972
2013-04-18;11.9;12.1;11.9;12.1;1082
2013-04-17;11.5;11.9;11.5;11.8;6420
2013-04-16;12.2;12.2;11.9;11.9;476
2013-04-15;11.9;12.1;11.9;12.1;2498
2013-04-12;11.9;12.05;11.9;11.9;15240
2013-04-11;11.9;12.0;11.85;12.0;680
2013-04-10;12.1;12.1;11.9;11.9;2374
2013-04-09;11.85;12.1;11.85;12.1;661
2013-04-08;12.1;12.1;12.0;12.0;2211
2013-04-05;11.85;12.25;11.85;12.1;7953
2013-04-04;11.7;11.9;11.7;11.9;976
2013-04-03;11.8;12.25;11.8;12.25;1402
2013-04-02;11.7;12.0;11.7;12.0;1702
2013-04-01;;12.0;12.0;12.0;0
2013-03-29;12.0;12.0;12.0;12.0;2845
2013-03-28;12.0;12.2;12.0;12.1;2845
2013-03-27;12.0;12.2;12.0;12.1;2845
2013-03-26;11.85;12.0;11.85;11.9;3069
2013-03-25;11.9;12.0;11.85;12.0;4562
2013-03-22;12.0;12.15;12.0;12.0;3667
2013-03-21;12.2;12.25;12.0;12.0;11508
2013-03-20;11.55;12.25;11.55;12.25;8164
2013-03-19;11.95;12.25;11.95;12.1;7005
2013-03-18;11.8;12.15;11.75;12.1;7473
2013-03-15;11.85;12.05;11.7;11.9;23682
2013-03-14;11.95;12.0;11.95;12.0;4057
2013-03-13;12.0;12.0;11.7;12.0;13549
2013-03-12;11.2;12.85;11.2;12.45;53332
2013-03-11;11.3;11.35;11.2;11.35;8959
2013-03-08;11.9;11.9;11.45;11.45;7627
2013-03-07;12.5;12.5;11.9;11.9;7382
2013-03-06;13.1;13.1;12.4;12.45;3752
2013-03-05;12.75;12.75;12.6;12.6;3009
2013-03-04;11.0;13.2;11.0;12.8;2720
2013-03-01;13.05;13.25;13.0;13.25;5924
2013-02-28;12.5;13.25;12.5;13.25;25408
2013-02-27;12.3;12.7;12.25;12.7;12620
2013-02-26;11.8;12.4;11.6;12.4;6077
2013-02-25;11.65;11.85;11.65;11.85;5538
2013-02-22;11.5;11.7;11.5;11.7;8561
2013-02-21;11.1;11.5;11.1;11.5;3685
2013-02-20;11.2;11.4;10.75;11.15;9870
2013-02-19;11.75;12.4;11.4;11.5;25969
2013-02-18;12.1;12.1;11.85;11.85;7860
2013-02-15;12.3;12.3;12.15;12.15;1682
2013-02-14;12.65;12.8;12.0;12.0;5371
2013-02-13;12.5;12.8;12.5;12.8;3719
2013-02-12;12.85;12.85;12.2;12.5;3944
2013-02-11;12.25;12.9;12.25;12.85;14559
2013-02-08;12.55;12.55;12.1;12.1;2738
2013-02-07;12.0;12.55;12.0;12.55;2209
2013-02-06;12.75;12.9;12.6;12.6;3037
2013-02-05;12.85;12.85;12.85;12.85;374
2013-02-04;12.7;12.7;12.7;12.7;500
2013-02-01;12.95;12.95;12.7;12.85;4386
2013-01-31;12.85;12.85;12.85;12.85;1100
2013-01-30;13.1;13.1;13.1;13.1;4398
2013-01-29;13.3;13.3;13.1;13.1;1057
2013-01-28;13.8;13.8;13.1;13.25;11471
2013-01-25;12.6;13.0;12.6;13.0;9392
2013-01-24;11.75;12.6;11.75;12.6;15594
2013-01-23;11.6;12.0;11.6;12.0;6817
2013-01-22;11.7;11.7;11.55;11.55;5166
2013-01-21;11.85;12.0;11.3;11.75;10059
2013-01-18;11.5;12.25;11.5;12.25;4461
2013-01-17;11.4;11.65;11.4;11.65;5347
2013-01-16;11.2;11.25;11.1;11.25;4828
2013-01-15;11.75;12.0;11.0;11.0;7206
2013-01-14;11.6;11.85;11.55;11.8;5428
2013-01-11;11.7;11.85;11.1;11.85;6799
2013-01-10;11.7;11.7;10.9;11.7;7933
2013-01-09;11.5;11.7;10.75;11.6;10921
2013-01-08;10.7;11.2;10.5;11.2;10973
2013-01-07;10.6;11.2;10.6;11.0;941
2013-01-04;11.4;11.5;10.4;10.4;4657
2013-01-03;10.4;11.5;10.05;11.5;5361
2013-01-02;11.7;11.7;10.45;10.45;479
2013-01-01;;11.7;11.7;11.7;0
2012-12-31;;11.7;11.7;11.7;0
2012-12-28;11.1;11.7;11.1;11.7;3809
