Dates;Open;High;Low;Close;Volume
2017-12-27;11.8;12.2;11.7;11.9;23431
2017-12-22;11.8;12.05;11.75;11.9;16050
2017-12-21;11.8;12.0;11.7;12.0;24796
2017-12-20;11.85;12.0;11.75;11.8;12373
2017-12-19;12.2;12.2;11.95;12.0;10752
2017-12-18;12.0;12.05;11.85;12.0;10689
2017-12-15;12.05;12.05;11.7;11.8;7859
2017-12-14;11.95;12.25;11.9;12.15;38230
2017-12-13;12.25;12.35;12.05;12.15;11400
2017-12-12;11.75;12.35;11.5;12.35;50826
2017-12-11;11.75;11.9;11.7;11.8;34154
2017-12-08;12.1;12.1;11.7;11.9;11268
2017-12-07;11.95;11.95;11.6;11.95;16624
2017-12-06;11.75;11.95;11.7;11.8;18528
2017-12-05;11.85;12.0;11.8;12.0;4210
2017-12-04;12.1;12.1;11.5;11.95;43100
2017-12-01;12.0;12.2;11.95;12.1;16603
2017-11-30;12.1;12.1;12.0;12.0;5932
2017-11-29;12.35;12.35;12.1;12.1;27717
2017-11-28;12.2;12.35;12.15;12.15;4137
2017-11-27;12.25;12.5;12.15;12.2;10914
2017-11-24;12.7;12.7;12.45;12.5;9213
2017-11-23;12.5;12.65;12.5;12.65;3287
2017-11-22;12.2;12.65;12.2;12.5;43734
2017-11-21;12.4;12.4;12.05;12.2;12388
2017-11-20;12.15;12.7;12.0;12.7;30145
2017-11-17;12.25;12.25;12.0;12.2;10969
2017-11-16;12.25;12.25;12.0;12.1;5237
2017-11-15;12.0;12.0;11.7;12.0;50426
2017-11-14;12.2;12.4;11.8;12.05;18832
2017-11-13;11.95;12.1;11.7;12.1;25112
2017-11-10;12.4;12.4;11.8;12.05;30806
2017-11-09;12.6;12.6;11.5;11.7;107184
2017-11-08;12.65;12.85;12.5;12.85;16583
2017-11-07;12.55;12.85;12.55;12.85;12646
2017-11-06;12.5;12.9;12.5;12.7;8092
2017-11-03;12.8;12.8;12.5;12.5;7902
2017-11-02;12.7;12.75;12.5;12.55;13175
2017-11-01;12.45;12.65;12.45;12.5;40176
2017-10-31;12.55;12.7;12.4;12.45;19021
2017-10-30;12.45;12.5;12.45;12.5;15360
2017-10-27;12.35;12.45;12.25;12.45;11084
2017-10-26;12.4;12.4;12.2;12.35;6879
2017-10-25;12.45;12.7;12.2;12.4;50412
2017-10-24;12.65;12.65;12.4;12.6;8858
2017-10-23;12.6;12.7;12.6;12.7;22939
2017-10-20;12.75;12.75;12.6;12.7;8521
2017-10-19;12.7;12.7;12.55;12.7;6388
2017-10-18;12.7;12.7;12.7;12.7;3112
2017-10-17;12.55;12.65;12.5;12.5;34767
2017-10-13;12.85;12.85;12.6;12.65;27167
2017-10-12;12.7;12.85;12.6;12.75;51305
2017-10-11;12.6;12.65;12.5;12.65;3348
2017-10-10;12.6;12.65;12.5;12.65;14960
2017-10-09;12.55;12.7;12.5;12.65;14706
2017-10-06;12.8;12.8;12.45;12.65;31871
2017-10-05;12.85;12.85;12.45;12.65;23415
2017-10-04;12.9;12.95;12.5;12.6;46010
2017-10-03;12.8;13.0;12.55;12.75;17263
2017-10-02;12.95;13.0;12.8;12.8;4020
2017-09-29;13.0;13.1;12.75;12.95;36259
2017-09-28;12.85;12.95;12.85;12.95;16423
2017-09-27;13.1;13.1;12.7;12.85;48132
2017-09-26;12.85;13.2;12.85;13.1;66727
2017-09-25;12.75;12.85;12.75;12.8;5142
2017-09-22;12.65;12.75;12.55;12.75;25854
2017-09-21;12.8;12.9;12.55;12.7;58144
2017-09-20;12.75;12.9;12.75;12.9;11174
2017-09-19;12.75;12.85;12.6;12.75;11894
2017-09-18;12.8;12.85;12.55;12.7;27632
2017-09-15;12.45;12.6;12.4;12.6;42400
2017-09-14;12.4;12.6;12.4;12.6;7003
2017-09-13;12.6;12.6;12.4;12.6;9936
2017-09-12;12.45;12.6;12.4;12.5;24104
2017-09-11;12.7;12.85;12.4;12.6;63460
2017-09-08;12.6;12.7;12.45;12.7;5274
2017-09-07;12.75;12.75;12.6;12.6;4242
2017-09-06;12.7;12.75;12.5;12.75;15533
2017-09-04;12.6;12.95;12.6;12.9;8506
2017-09-01;13.0;13.0;12.8;12.95;6229
2017-08-31;12.85;13.0;12.5;12.95;15154
2017-08-30;12.7;12.85;12.5;12.85;7532
2017-08-29;12.5;13.0;12.3;12.7;12100
2017-08-28;12.55;12.55;12.4;12.55;8431
2017-08-25;12.55;12.75;12.4;12.4;4640
2017-08-24;12.55;12.65;12.45;12.65;39483
2017-08-23;12.55;12.7;12.55;12.7;404
2017-08-22;12.45;12.7;12.45;12.7;6800
2017-08-21;12.5;12.7;12.5;12.7;6070
2017-08-18;12.65;12.9;12.4;12.55;15879
2017-08-17;12.75;12.85;12.65;12.65;3095
2017-08-16;12.85;12.9;12.75;12.85;4796
2017-08-15;12.8;12.9;12.55;12.75;17027
2017-08-14;12.8;13.0;12.6;12.8;17330
2017-08-11;13.1;13.1;12.8;12.85;19465
2017-08-10;13.05;13.05;12.95;13.05;5178
2017-08-09;13.1;13.1;12.95;13.0;9133
2017-08-08;13.0;13.15;12.8;13.1;15675
2017-08-07;13.05;13.15;13.0;13.05;44024
2017-08-04;13.3;13.3;13.0;13.05;12027
2017-08-03;13.3;13.4;13.2;13.2;13907
2017-08-02;13.3;13.45;13.3;13.4;9934
2017-08-01;13.2;13.45;13.2;13.45;29800
2017-07-31;13.55;13.55;13.0;13.2;19555
2017-07-28;13.0;13.5;13.0;13.5;21164
2017-07-27;13.2;13.2;12.85;13.2;40244
2017-07-26;12.95;13.2;12.95;13.2;20965
2017-07-25;13.1;13.2;12.95;13.1;16109
2017-07-24;13.1;13.1;12.95;12.95;3265
2017-07-21;13.2;13.2;12.85;12.85;11412
2017-07-20;13.15;13.15;12.95;13.1;16085
2017-07-19;13.1;13.2;13.0;13.2;4989
2017-07-18;13.2;13.2;12.85;13.0;4060
2017-07-17;13.0;13.05;12.85;13.05;34126
2017-07-14;13.2;13.2;13.0;13.0;8539
2017-07-13;13.2;13.2;12.95;13.1;2102
2017-07-12;13.1;13.2;12.95;13.2;9069
2017-07-11;13.0;13.2;12.95;13.1;4402
2017-07-10;13.2;13.2;12.95;13.1;4289
2017-07-07;13.1;13.1;12.95;13.1;3102
2017-07-06;13.2;13.2;13.1;13.1;2296
2017-07-05;13.2;13.2;13.2;13.2;1100
2017-07-04;13.15;13.25;13.05;13.1;1983
2017-07-03;13.1;13.3;13.1;13.3;9220
2017-06-30;13.1;13.2;12.95;13.2;15917
2017-06-29;13.2;13.2;12.95;12.95;4038
2017-06-28;13.05;13.05;12.85;13.05;19799
2017-06-27;13.15;13.15;12.9;13.0;14972
2017-06-26;13.0;13.15;13.0;13.15;10743
2017-06-23;;13.0;13.0;13.0;0
2017-06-22;13.0;13.15;12.95;13.0;14829
2017-06-21;13.05;13.05;12.95;13.05;6690
2017-06-20;13.2;13.3;13.0;13.0;16171
2017-06-19;13.25;13.3;13.05;13.2;5843
2017-06-16;13.1;13.1;12.95;13.05;4966
2017-06-15;13.05;13.05;13.0;13.05;19384
2017-06-14;13.05;13.25;13.05;13.2;5667
2017-06-13;13.1;13.3;13.05;13.25;8517
2017-06-12;13.25;13.25;13.05;13.2;5365
2017-06-09;13.05;13.3;13.0;13.05;38050
2017-06-08;13.2;13.25;13.05;13.05;2916
2017-06-07;13.35;13.35;13.0;13.05;32744
2017-06-06;;13.1;13.1;13.1;0
2017-06-05;13.1;13.2;13.0;13.1;32629
2017-06-02;13.5;13.5;13.1;13.25;32318
2017-06-01;13.2;13.5;13.2;13.25;18187
2017-05-31;13.55;13.55;13.3;13.3;23626
2017-05-30;13.25;13.45;13.2;13.45;35973
2017-05-29;13.55;13.55;13.2;13.2;20929
2017-05-26;13.4;13.45;13.4;13.4;2288
2017-05-24;13.35;13.35;13.25;13.25;29190
2017-05-23;13.5;13.5;13.35;13.45;3312
2017-05-22;13.5;13.65;13.5;13.55;13826
2017-05-19;13.45;13.6;13.35;13.5;7894
2017-05-18;13.25;13.25;13.15;13.2;41974
2017-05-17;13.55;13.65;13.4;13.4;31745
2017-05-16;13.55;13.75;13.55;13.75;4352
2017-05-15;13.65;13.75;13.55;13.7;10370
2017-05-12;13.8;13.65;13.65;13.65;17703
2017-05-11;13.6;13.7;13.45;13.5;19183
2017-05-10;13.5;13.55;13.1;13.45;14286
2017-05-09;13.5;13.6;13.35;13.6;11181
2017-05-08;13.8;13.85;13.4;13.5;11084
2017-05-05;13.6;13.7;13.5;13.6;43554
2017-05-04;13.6;13.8;13.6;13.7;8011
2017-05-03;13.5;13.7;13.5;13.6;19557
2017-05-02;13.65;13.7;13.4;13.55;9535
2017-05-01;;13.65;13.65;13.65;0
2017-04-28;13.45;13.7;13.45;13.65;37127
2017-04-27;13.35;13.5;13.3;13.45;27571
2017-04-26;14.0;14.05;13.35;13.35;61941
2017-04-25;14.2;14.5;13.75;13.8;104748
2017-04-24;14.3;14.3;13.95;14.0;32724
2017-04-21;14.25;14.3;14.0;14.2;17365
2017-04-20;14.0;14.25;14.0;14.25;32406
2017-04-19;14.0;14.0;13.8;14.0;18300
2017-04-18;14.25;14.25;13.8;13.85;33089
2017-04-13;14.1;14.2;14.1;14.15;3767
2017-04-12;14.35;14.5;14.1;14.2;13482
2017-04-11;14.4;14.4;14.2;14.2;21780
2017-04-10;14.6;14.6;14.35;14.35;2544
2017-04-07;14.75;14.75;14.6;14.6;10527
2017-04-06;14.75;14.8;14.6;14.75;42753
2017-04-05;14.7;14.85;14.55;14.8;50494
2017-04-04;14.75;14.75;14.45;14.7;17409
2017-04-03;14.5;14.75;14.15;14.75;40681
2017-03-31;14.25;14.55;14.2;14.4;6508
2017-03-30;14.4;14.5;14.2;14.5;26299
2017-03-29;14.1;14.4;13.95;14.4;47419
2017-03-28;13.8;14.05;13.65;13.95;61535
2017-03-27;13.55;13.8;13.4;13.8;79009
2017-03-24;13.6;13.6;13.55;13.6;4924
2017-03-23;13.35;13.6;13.35;13.6;107650
2017-03-22;13.3;13.4;13.25;13.35;32680
2017-03-21;13.4;13.45;13.25;13.45;17524
2017-03-20;13.45;13.45;13.3;13.35;7337
2017-03-17;13.4;13.45;13.3;13.45;45230
2017-03-16;13.55;13.55;13.3;13.35;27738
2017-03-15;13.55;13.55;13.3;13.4;33760
2017-03-14;13.5;13.5;13.35;13.4;24509
2017-03-13;13.35;13.55;13.35;13.45;96864
2017-03-10;13.35;13.3;13.3;13.3;20131
2017-03-09;13.5;13.5;13.35;13.45;12254
2017-03-08;13.4;13.5;13.4;13.45;57010
2017-03-07;13.45;13.45;13.3;13.4;71205
2017-03-06;13.5;13.5;13.3;13.45;17385
2017-03-03;13.55;13.45;13.45;13.45;16134
2017-03-02;13.5;13.55;13.45;13.55;12913
2017-03-01;13.4;13.55;13.4;13.45;51060
2017-02-28;13.4;13.4;13.3;13.4;32540
2017-02-27;13.45;13.45;13.25;13.4;61652
2017-02-24;13.35;13.45;13.3;13.45;142749
2017-02-23;13.5;13.5;13.3;13.35;54428
2017-02-22;13.4;13.6;13.4;13.5;249453
2017-02-21;13.5;13.5;13.25;13.3;141321
2017-02-20;13.5;13.7;13.3;13.5;51553
2017-02-17;13.6;13.6;13.3;13.6;8327
2017-02-16;13.5;13.6;13.3;13.45;35639
2017-02-15;13.65;13.65;13.4;13.4;51020
2017-02-14;13.6;13.8;13.45;13.65;107581
2017-02-13;13.8;13.9;13.45;13.6;65383
2017-02-10;13.75;13.9;13.6;13.8;2608819
2017-02-09;14.15;14.15;13.6;13.75;39277
2017-02-08;14.05;14.1;13.85;13.95;25882
2017-02-07;14.2;14.3;14.2;14.2;15522
2017-02-06;14.5;14.6;14.2;14.2;43893
2017-02-03;14.7;14.8;14.5;14.5;47630
2017-02-02;14.6;14.7;14.3;14.55;42550
2017-02-01;14.4;14.75;14.3;14.6;104207
2017-01-31;15.2;15.8;14.15;14.3;354065
2017-01-30;15.3;15.5;15.3;15.5;31998
2017-01-27;15.4;15.4;14.85;15.3;45953
2017-01-26;15.4;15.7;15.3;15.3;11826
2017-01-25;15.3;15.6;15.3;15.4;13246
2017-01-24;15.6;15.8;15.2;15.5;83013
2017-01-23;15.7;15.9;15.4;15.6;16244
2017-01-20;15.1;15.4;15.0;15.4;35846
2017-01-19;15.4;15.4;15.1;15.3;24437
2017-01-18;15.3;15.3;15.2;15.2;2100
2017-01-17;15.3;15.3;15.0;15.2;22755
2017-01-16;15.5;15.5;15.2;15.3;27453
2017-01-13;15.0;15.5;14.9;15.2;39108
2017-01-12;15.5;15.7;15.0;15.0;57904
2017-01-11;14.9;15.4;14.85;15.4;54580
2017-01-10;14.55;14.95;14.45;14.7;40323
2017-01-09;14.1;14.95;14.1;14.55;56160
2017-01-06;;14.1;14.1;14.1;0
2017-01-05;14.1;14.1;14.0;14.1;32318
2017-01-04;13.9;14.0;13.85;13.95;21582
2017-01-03;13.95;13.95;13.85;13.85;34546
2017-01-02;14.0;14.0;13.8;13.95;35646
2016-12-30;13.8;14.05;13.75;13.9;61882
2016-12-29;14.0;14.1;13.75;13.8;51181
2016-12-28;13.7;14.0;13.7;13.8;80346
2016-12-27;13.8;13.9;13.7;13.7;27859
2016-12-23;13.85;14.2;13.8;13.9;260134
2016-12-22;13.4;13.85;13.4;13.8;383962
2016-12-21;13.45;13.5;13.3;13.3;38825
2016-12-20;13.5;13.6;13.4;13.5;43896
2016-12-19;13.55;13.6;13.5;13.55;86112
2016-12-16;13.65;13.8;13.6;13.7;44443
2016-12-15;13.7;13.8;13.5;13.6;35880
2016-12-14;13.75;13.9;13.7;13.75;24381
2016-12-13;13.9;13.95;13.7;13.9;23973
2016-12-12;14.0;14.0;13.75;13.85;11267
2016-12-09;13.8;14.0;13.75;14.0;31337
2016-12-08;14.0;14.0;13.75;13.9;8253
2016-12-07;13.75;14.0;13.65;13.9;32211
2016-12-06;13.55;14.0;13.55;13.75;28176
2016-12-05;13.95;14.0;13.55;13.65;21793
2016-12-02;14.0;14.0;13.45;13.65;18372
2016-12-01;13.9;14.1;13.6;14.1;27540
2016-11-30;13.25;13.9;13.25;13.55;49916
2016-11-29;13.4;13.65;13.35;13.5;17012
2016-11-28;13.55;13.6;13.3;13.4;60545
2016-11-25;13.8;13.8;13.6;13.6;9230
2016-11-24;13.95;13.95;13.55;13.7;37741
2016-11-23;13.7;13.75;13.4;13.6;42537
2016-11-22;13.55;13.7;13.55;13.7;31964
2016-11-21;13.8;13.85;13.55;13.55;23409
2016-11-18;13.8;14.0;13.8;13.85;21041
2016-11-17;13.65;13.95;13.65;13.8;41323
2016-11-16;14.25;14.25;13.6;13.65;34501
2016-11-15;14.1;14.2;14.05;14.05;14000
2016-11-14;14.05;14.3;14.05;14.05;35579
2016-11-11;14.2;14.3;14.05;14.05;15556
2016-11-10;14.5;14.5;14.1;14.2;74382
2016-11-09;14.9;15.3;13.95;14.3;148357
2016-11-08;15.1;15.3;15.0;15.0;30936
2016-11-07;15.3;15.6;15.0;15.0;30092
2016-11-04;15.2;15.6;15.3;15.3;5908
2016-11-03;15.5;15.6;15.4;15.4;5374
2016-11-02;15.5;15.6;15.4;15.4;16198
2016-11-01;15.9;15.9;15.4;15.4;26128
2016-10-31;16.0;16.0;15.7;15.9;12139
2016-10-28;15.7;16.1;15.5;16.1;77739
2016-10-27;15.6;15.9;15.5;15.7;9567
2016-10-26;15.8;15.8;15.6;15.8;5007
2016-10-25;15.4;15.9;15.4;15.7;31303
2016-10-24;15.8;15.8;15.5;15.7;7885
2016-10-21;15.7;15.7;15.4;15.4;14977
2016-10-20;15.6;15.7;15.4;15.7;9980
2016-10-19;15.6;15.7;15.5;15.7;14110
2016-10-18;15.6;15.8;15.6;15.6;2534
2016-10-17;15.5;15.9;15.5;15.5;3569
2016-10-14;15.8;15.8;15.5;15.7;12608
2016-10-13;15.9;15.9;15.5;15.7;13235
2016-10-12;15.5;15.9;15.5;15.8;15545
2016-10-11;15.7;15.7;15.6;15.6;6428
2016-10-10;15.5;15.8;15.5;15.7;26343
2016-10-07;15.6;15.8;15.3;15.7;54350
2016-10-06;15.2;15.7;15.2;15.6;18426
2016-10-05;15.9;15.9;15.3;15.3;31580
2016-10-04;15.4;16.5;15.2;15.2;97889
2016-10-03;15.0;15.4;15.0;15.4;109650
2016-09-30;15.1;15.5;14.9;15.3;40610
2016-09-29;15.2;15.3;14.9;15.1;30020
2016-09-28;15.0;15.2;15.0;15.2;8321
2016-09-27;15.2;15.4;15.0;15.0;11668
2016-09-26;15.2;15.4;15.0;15.2;10816
2016-09-23;15.2;15.4;15.0;15.2;11791
2016-09-22;15.2;15.4;15.2;15.2;14786
2016-09-21;15.2;15.4;15.2;15.2;10697
2016-09-20;15.2;15.4;15.2;15.2;15326
2016-09-19;15.4;15.4;15.2;15.2;7663
2016-09-16;15.0;15.3;15.0;15.2;21952
2016-09-15;15.0;15.4;14.5;15.0;75803
2016-09-14;15.0;15.2;15.0;15.0;25451
2016-09-13;15.2;15.2;14.85;15.0;62585
2016-09-12;15.2;15.5;15.2;15.2;31404
2016-09-09;15.8;15.8;15.4;15.6;15420
2016-09-08;15.8;15.8;15.4;15.5;3486
2016-09-07;15.5;15.6;15.2;15.3;21101
2016-09-06;15.5;15.8;15.5;15.5;17213
2016-09-05;15.3;15.7;15.3;15.4;4674
2016-09-02;15.6;15.8;15.4;15.6;56447
2016-09-01;15.5;15.6;15.3;15.4;26103
2016-08-31;15.6;15.7;15.0;15.5;71696
2016-08-30;15.3;15.6;15.2;15.6;41406
2016-08-29;15.5;15.5;15.2;15.3;24234
2016-08-26;15.3;15.5;15.3;15.5;13438
2016-08-25;15.5;15.7;15.3;15.5;39513
2016-08-24;15.8;15.8;15.5;15.5;49141
2016-08-23;15.8;15.9;15.7;15.7;9193
2016-08-22;15.5;15.8;15.5;15.6;29843
2016-08-19;15.6;15.8;15.5;15.5;38943
2016-08-18;15.8;15.9;15.7;15.8;9533
2016-08-17;15.6;15.9;15.6;15.7;3287
2016-08-16;15.8;15.8;15.6;15.7;52799
2016-08-15;15.7;16.0;15.7;15.7;15708
2016-08-12;16.0;16.0;15.7;15.7;27673
2016-08-11;15.9;16.0;15.8;16.0;7260
2016-08-10;15.8;16.0;15.7;15.8;27247
2016-08-09;16.0;16.0;15.7;15.8;54822
2016-08-08;15.8;16.0;15.8;15.9;11342
2016-08-05;16.2;16.2;15.6;15.8;45468
2016-08-04;15.9;15.9;15.6;15.7;23240
2016-08-03;15.8;15.8;15.5;15.5;57208
2016-08-02;16.0;16.2;15.7;15.8;39464
2016-08-01;16.0;16.2;15.9;16.0;43818
2016-07-29;16.3;16.3;15.9;16.0;72465
2016-07-28;17.0;17.0;15.8;16.2;91327
2016-07-27;16.5;16.9;16.4;16.8;36653
2016-07-26;16.2;16.5;16.2;16.5;17459
2016-07-25;16.1;16.3;16.0;16.3;19509
2016-07-22;16.5;16.6;16.3;16.3;14188
2016-07-21;16.5;16.7;16.4;16.4;20452
2016-07-20;16.2;16.5;16.2;16.3;6461
2016-07-19;16.3;16.7;16.3;16.3;15802
2016-07-18;16.9;16.9;16.3;16.5;12423
2016-07-15;16.2;16.6;16.2;16.5;15499
2016-07-14;15.8;16.3;15.8;16.2;5767
2016-07-13;16.2;16.3;16.0;16.0;3727
2016-07-12;16.2;16.4;15.8;16.3;9525
2016-07-11;16.4;16.4;16.1;16.2;13038
2016-07-08;15.8;16.1;15.8;15.9;9043
2016-07-07;15.9;15.9;15.6;15.6;19388
2016-07-06;15.9;16.2;15.4;15.5;117531
2016-07-05;16.3;16.3;16.0;16.0;15146
2016-07-04;15.9;16.5;15.9;16.2;6850
2016-07-01;15.8;16.1;15.5;16.0;72458
2016-06-30;15.7;16.0;15.7;15.8;7614
2016-06-29;15.8;15.9;15.7;15.7;21705
2016-06-28;15.7;15.9;15.4;15.6;36723
2016-06-27;15.7;15.9;15.1;15.6;20653
2016-06-24;;16.4;16.4;16.4;0
2016-06-23;15.8;16.4;15.8;16.4;48182
2016-06-22;15.8;16.4;15.8;15.8;21420
2016-06-21;16.2;16.2;15.8;15.8;9977
2016-06-20;16.0;16.4;16.0;16.0;34251
2016-06-17;15.9;16.5;15.9;16.0;11342
2016-06-16;16.0;16.1;15.9;16.0;102506
2016-06-15;16.0;16.2;16.0;16.0;26704
2016-06-14;16.4;16.4;16.0;16.0;44036
2016-06-13;16.5;16.9;16.2;16.6;35598
2016-06-10;16.8;16.8;16.2;16.5;48332
2016-06-09;16.9;16.9;16.7;16.8;36518
2016-06-08;17.1;17.1;16.8;16.9;8954
2016-06-07;16.9;17.1;16.7;17.1;75923
2016-06-06;;17.0;17.0;17.0;0
2016-06-03;16.9;17.2;16.7;17.0;68894
2016-06-02;17.0;17.3;16.7;16.9;73129
2016-06-01;17.2;17.2;16.7;17.0;11204
2016-05-31;16.9;17.4;16.6;17.4;39108
2016-05-30;16.5;17.0;16.3;16.9;74776
2016-05-27;16.7;16.7;16.5;16.7;68205
2016-05-26;16.7;16.7;16.5;16.7;13305
2016-05-25;16.7;17.0;16.5;16.6;47354
2016-05-24;16.4;16.7;16.4;16.6;27393
2016-05-23;16.7;16.7;16.3;16.6;28517
2016-05-20;16.3;16.6;16.2;16.5;44184
2016-05-19;17.0;17.0;16.3;16.4;26057
2016-05-18;16.8;17.0;16.4;17.0;19342
2016-05-17;17.1;17.1;16.7;16.9;13569
2016-05-16;16.0;17.1;15.9;17.1;68974
2016-05-13;15.7;16.6;15.7;16.4;77304
2016-05-12;15.8;16.1;15.5;15.8;24040
2016-05-11;16.0;16.0;15.6;16.0;17847
2016-05-10;15.8;16.0;15.5;16.0;38086
2016-05-09;15.9;16.0;15.6;15.8;29789
2016-05-06;16.3;16.4;15.7;15.9;20950
2016-05-05;16.2;16.2;15.9;16.1;31388
2016-05-04;16.2;16.2;15.9;16.1;31388
2016-05-03;16.6;16.6;16.0;16.2;27652
2016-05-02;16.1;16.6;16.0;16.6;26608
2016-04-29;17.0;17.1;16.0;16.0;131522
2016-04-28;17.3;17.4;16.6;16.8;106811
2016-04-27;16.7;17.3;16.1;17.3;98742
2016-04-26;18.3;18.5;16.6;16.7;272657
2016-04-25;18.0;18.2;17.7;17.8;45440
2016-04-22;17.5;18.0;17.4;17.9;65230
2016-04-21;17.8;18.0;17.5;17.8;47314
2016-04-20;17.8;17.9;17.4;17.8;61824
2016-04-19;16.9;17.7;16.9;17.6;52185
2016-04-18;17.0;17.1;16.8;16.9;47236
2016-04-15;17.2;17.2;16.9;16.9;11905
2016-04-14;16.9;17.0;16.8;16.8;29329
2016-04-13;16.5;16.9;16.5;16.8;50554
2016-04-12;16.7;16.7;16.5;16.6;12655
2016-04-11;16.4;16.7;16.4;16.7;13122
2016-04-08;16.8;16.8;16.0;16.4;61416
2016-04-07;16.7;16.9;16.4;16.4;25787
2016-04-06;17.0;17.0;16.7;16.7;18800
2016-04-05;17.0;17.0;16.8;16.8;8845
2016-04-04;16.8;17.0;16.8;16.9;10577
2016-04-01;16.7;16.8;16.6;16.8;23773
2016-03-31;16.8;17.0;16.7;16.7;36875
2016-03-30;16.8;17.0;16.6;16.6;37513
2016-03-29;16.6;16.8;16.5;16.7;50941
2016-03-28;16.5;16.5;16.4;16.4;14764
2016-03-25;16.5;16.5;16.3;16.4;14764
2016-03-24;16.5;16.5;16.3;16.4;14764
2016-03-23;16.4;16.9;16.3;16.4;66867
2016-03-22;16.8;16.8;16.4;16.6;18104
2016-03-21;16.8;16.8;16.4;16.8;59992
2016-03-18;16.2;16.7;16.2;16.6;64599
2016-03-17;16.6;16.9;16.2;16.3;79529
2016-03-16;16.3;16.7;16.1;16.7;78053
2016-03-15;16.4;16.7;16.3;16.4;21920
2016-03-14;16.5;16.9;16.4;16.6;73074
2016-03-11;16.3;16.7;16.2;16.7;38277
2016-03-10;16.4;16.7;16.1;16.3;55921
2016-03-09;16.5;16.7;16.2;16.3;38555
2016-03-08;16.5;17.0;16.5;16.5;11799
2016-03-07;16.9;16.9;16.4;16.8;70191
2016-03-04;16.9;16.9;16.4;16.7;185952
2016-03-03;16.9;16.9;16.5;16.8;16465
2016-03-02;16.9;17.0;16.4;16.8;38801
2016-03-01;16.9;17.0;16.3;16.8;28430
2016-02-29;16.7;16.9;16.5;16.8;38022
2016-02-26;17.0;17.1;16.7;16.7;64936
2016-02-25;16.8;17.0;16.6;16.9;43832
2016-02-24;17.0;17.0;16.4;16.4;27882
2016-02-23;16.8;17.0;16.4;16.8;42375
2016-02-22;16.9;17.4;16.7;16.8;127768
2016-02-19;17.2;17.2;16.8;16.9;19171
2016-02-18;17.0;17.2;16.8;17.0;40183
2016-02-17;16.9;16.9;16.3;16.9;79277
2016-02-16;17.0;17.2;16.5;16.6;46799
2016-02-15;16.5;16.8;16.4;16.8;89573
2016-02-12;16.5;17.2;16.1;16.5;210272
2016-02-11;15.2;16.3;14.55;16.3;305977
2016-02-10;15.2;15.6;14.8;15.2;334079
2016-02-09;15.7;15.9;14.85;15.2;236125
2016-02-08;16.6;16.6;15.5;15.9;155406
2016-02-05;16.5;16.8;16.3;16.4;64345
2016-02-04;16.4;16.6;16.2;16.6;154182
2016-02-03;17.1;17.1;15.9;16.3;338578
2016-02-02;17.9;17.9;17.3;17.4;48437
2016-02-01;17.9;17.9;17.3;17.8;107107
2016-01-29;18.5;18.5;17.3;17.8;302919
2016-01-28;18.7;19.0;17.9;18.3;453909
2016-01-27;19.0;19.0;18.5;18.7;67439
2016-01-26;18.0;18.8;17.9;18.7;126217
2016-01-25;18.7;19.0;18.0;18.3;123179
2016-01-22;18.4;19.3;18.3;18.5;198318
2016-01-21;18.0;18.7;18.0;18.4;59914
2016-01-20;17.7;18.1;17.1;18.0;52998
2016-01-19;17.4;18.8;17.2;18.1;89735
2016-01-18;17.6;18.0;16.7;17.4;124518
2016-01-15;18.4;18.6;17.4;18.0;127257
2016-01-14;19.2;19.2;18.3;18.6;143288
2016-01-13;19.3;19.4;19.1;19.2;48878
2016-01-12;19.9;19.9;18.7;19.1;191214
2016-01-11;19.9;20.2;19.5;19.7;184312
2016-01-08;18.7;19.8;18.7;19.4;91662
2016-01-07;19.1;19.4;18.3;18.7;88087
2016-01-06;;19.5;19.5;19.5;0
2016-01-05;19.5;19.8;19.2;19.5;50825
2016-01-04;19.5;19.5;19.1;19.5;55213
2016-01-01;;19.5;19.5;19.5;0
2015-12-31;;19.5;19.5;19.5;0
2015-12-30;19.7;20.0;19.5;19.5;76898
2015-12-29;19.4;19.7;19.1;19.6;90490
2015-12-28;19.0;19.9;18.9;19.1;87041
2015-12-25;19.1;19.1;18.7;19.0;36090
2015-12-24;19.1;19.1;18.7;19.0;36090
2015-12-23;19.1;19.1;18.7;19.0;36090
2015-12-22;18.9;19.2;18.7;19.0;55117
2015-12-21;19.0;19.6;18.9;18.9;23485
2015-12-18;18.9;19.4;18.9;19.0;30609
2015-12-17;19.2;19.9;18.9;18.9;56159
2015-12-16;19.0;19.6;19.0;19.2;26735
2015-12-15;19.1;19.4;19.0;19.3;57928
2015-12-14;19.7;20.2;18.3;18.7;248734
2015-12-11;20.0;20.1;19.4;19.7;93979
2015-12-10;20.1;20.4;19.8;20.0;57129
2015-12-09;20.9;20.9;19.9;20.0;50321
2015-12-08;20.9;20.9;19.7;20.5;100451
2015-12-07;20.4;20.7;20.0;20.6;57797
2015-12-04;20.3;20.3;20.0;20.3;67903
2015-12-03;20.5;20.7;20.0;20.2;109651
2015-12-02;20.4;20.6;20.4;20.4;77551
2015-12-01;20.2;20.3;19.9;20.2;107302
2015-11-30;20.7;20.7;20.2;20.4;73011
2015-11-27;20.5;20.7;20.2;20.6;47958
2015-11-26;20.3;20.5;20.1;20.5;95813
2015-11-25;20.0;20.3;19.9;20.2;60800
2015-11-24;20.3;20.3;19.8;20.0;127476
2015-11-23;19.8;20.3;19.7;20.3;159500
2015-11-20;19.4;19.5;19.2;19.4;57022
2015-11-19;19.0;19.4;19.0;19.2;95458
2015-11-18;19.5;19.5;18.9;19.2;95801
2015-11-17;20.1;20.2;19.5;19.6;66910
2015-11-16;19.8;19.9;19.3;19.6;92225
2015-11-13;20.4;20.4;19.4;19.8;204151
2015-11-12;20.7;21.0;19.7;20.2;214142
2015-11-11;18.5;21.0;18.3;20.5;597955
2015-11-10;17.8;18.2;17.5;17.9;188512
2015-11-09;17.9;18.1;17.5;17.5;111863
2015-11-06;17.8;17.9;17.3;17.4;33521
2015-11-05;18.0;18.0;17.5;17.6;36296
2015-11-04;17.9;18.3;17.7;18.0;89889
2015-11-03;18.0;18.0;17.6;17.8;54154
2015-11-02;18.0;18.0;17.7;18.0;63121
2015-10-30;17.6;18.0;17.6;18.0;33649
2015-10-29;17.7;17.9;17.3;17.8;72378
2015-10-28;17.7;17.7;17.0;17.7;54319
2015-10-27;17.9;17.9;17.3;17.7;17712
2015-10-26;17.5;18.0;17.4;17.4;80767
2015-10-23;16.7;17.5;16.7;17.5;61604
2015-10-22;17.0;17.2;16.4;16.7;56803
2015-10-21;16.9;17.0;16.5;17.0;52183
2015-10-20;17.4;17.4;16.7;16.7;73302
2015-10-19;18.0;18.0;17.2;17.3;34374
2015-10-16;17.9;17.9;17.4;17.4;36220
2015-10-15;17.7;17.8;17.6;17.8;34597
2015-10-14;17.9;18.1;17.6;17.8;79560
2015-10-13;18.2;18.2;17.6;17.9;37602
2015-10-12;18.8;18.8;18.0;18.2;37995
2015-10-09;19.0;19.0;18.2;18.4;69871
2015-10-08;18.6;19.2;18.6;19.0;119463
2015-10-07;18.2;18.5;17.8;18.2;35172
2015-10-06;17.6;18.4;17.6;18.0;74617
2015-10-05;17.2;17.9;17.2;17.5;43027
2015-10-02;16.2;17.0;16.2;17.0;90721
2015-10-01;16.0;16.5;15.7;16.0;114169
2015-09-30;16.3;16.5;15.8;15.8;106403
2015-09-29;16.0;16.7;16.0;16.1;69447
2015-09-28;16.8;16.9;16.2;16.3;45642
2015-09-25;16.6;16.8;16.2;16.7;110533
2015-09-24;16.8;16.9;16.2;16.3;50745
2015-09-23;16.7;17.0;16.7;16.8;34892
2015-09-22;16.8;17.1;16.8;17.0;50161
2015-09-21;17.5;17.6;16.8;17.2;69606
2015-09-18;17.6;17.7;17.3;17.5;32240
2015-09-17;17.7;18.0;17.4;17.5;22877
2015-09-16;17.2;17.9;17.2;17.9;61485
2015-09-15;17.1;17.6;17.1;17.4;92703
2015-09-14;17.8;18.0;17.1;17.2;51675
2015-09-11;18.6;18.6;17.6;17.8;63783
2015-09-10;18.3;18.5;18.0;18.4;41257
2015-09-09;18.6;19.1;18.4;18.6;73549
2015-09-08;18.8;19.0;18.5;18.8;25021
2015-09-07;18.9;18.9;18.3;18.4;29412
2015-09-04;18.8;19.3;18.4;18.7;60614
2015-09-03;18.5;19.0;18.3;19.0;50465
2015-09-02;18.6;18.7;18.3;18.5;54287
2015-09-01;19.3;19.3;18.2;18.6;86587
2015-08-31;20.6;20.6;18.7;19.3;82609
2015-08-28;19.9;20.0;19.5;19.8;76439
2015-08-27;19.7;19.9;19.3;19.6;52964
2015-08-26;18.8;19.7;18.2;19.1;102016
2015-08-25;18.2;19.6;18.0;19.1;140207
2015-08-24;18.8;18.8;16.7;18.0;331564
2015-08-21;18.5;19.4;18.2;19.1;293086
2015-08-20;19.5;19.6;18.6;19.0;101340
2015-08-19;20.9;20.9;19.3;19.9;104567
2015-08-18;20.8;20.9;19.5;20.7;88776
2015-08-17;21.0;21.0;20.2;20.6;64746
2015-08-14;21.3;21.5;20.3;20.6;82259
2015-08-13;21.6;22.2;20.7;21.3;298421
2015-08-12;20.3;21.7;20.0;21.2;195703
2015-08-11;20.4;21.3;20.2;20.5;135041
2015-08-10;21.4;21.7;20.2;20.7;77059
2015-08-07;21.8;21.8;21.0;21.3;73854
2015-08-06;22.1;22.1;21.2;21.8;82442
2015-08-05;22.5;22.5;21.9;22.2;43831
2015-08-04;21.7;22.5;21.3;22.5;114427
2015-08-03;21.0;21.9;20.5;21.7;112100
2015-07-31;20.6;21.0;20.3;20.8;61874
2015-07-30;21.0;21.0;20.2;20.6;69351
2015-07-29;20.9;21.0;20.5;20.7;17920
2015-07-28;21.0;21.1;20.5;20.9;33564
2015-07-27;21.4;21.4;20.5;21.0;27223
2015-07-24;21.5;21.5;20.6;21.4;68724
2015-07-23;20.7;21.7;20.7;21.5;86038
2015-07-22;21.0;21.1;20.5;20.6;82519
2015-07-21;21.8;22.0;21.1;21.3;82571
2015-07-20;21.6;22.0;21.5;21.8;86078
2015-07-17;21.6;21.7;21.2;21.4;59143
2015-07-16;21.0;21.6;20.8;21.0;266662
2015-07-15;20.8;20.9;20.5;20.6;88624
2015-07-14;20.1;20.7;20.1;20.6;180540
2015-07-13;19.3;20.2;19.3;19.9;234218
2015-07-10;18.3;19.4;18.3;19.0;169802
2015-07-09;18.4;18.5;18.0;18.5;23781
2015-07-08;18.4;18.5;17.7;18.1;34292
2015-07-07;18.6;18.6;17.5;18.1;111840
2015-07-06;18.3;18.4;17.8;18.4;95665
2015-07-03;18.5;18.5;18.0;18.5;77002
2015-07-02;18.3;18.5;18.1;18.5;58848
2015-07-01;18.1;18.4;18.0;18.3;57798
2015-06-30;17.5;18.2;17.5;18.1;28001
2015-06-29;17.7;18.0;17.4;18.0;55503
2015-06-26;18.5;18.5;17.7;17.7;153880
2015-06-25;18.0;18.4;18.0;18.4;40992
2015-06-24;18.0;18.3;17.8;18.3;85159
2015-06-23;17.9;18.2;17.7;17.7;35768
2015-06-22;17.6;17.9;17.5;17.7;109960
2015-06-19;;17.5;17.5;17.5;0
2015-06-18;17.3;17.5;17.0;17.5;46168
2015-06-17;17.2;17.5;17.2;17.5;12614
2015-06-16;17.5;17.8;17.0;17.5;102337
2015-06-15;18.0;18.0;17.4;17.6;67799
2015-06-12;18.5;18.5;18.0;18.2;34390
2015-06-11;18.5;18.9;18.5;18.5;85987
2015-06-10;18.3;18.7;18.1;18.3;195432
2015-06-09;17.0;18.3;17.0;18.2;489734
2015-06-08;17.5;17.5;17.1;17.3;75525
2015-06-05;18.0;18.0;17.5;17.5;48873
2015-06-04;17.9;18.0;17.8;18.0;36432
2015-06-03;17.9;17.9;17.6;17.7;23991
2015-06-02;18.0;18.0;17.7;17.8;42550
2015-06-01;17.8;18.0;17.7;18.0;156182
2015-05-29;18.1;18.1;17.6;17.6;114540
2015-05-28;17.6;19.0;17.5;18.0;437528
2015-05-27;17.0;17.2;16.9;17.0;34116
2015-05-26;16.8;17.1;16.8;16.9;53632
2015-05-25;17.1;17.4;17.1;17.1;22256
2015-05-22;17.0;17.4;16.9;17.4;76934
2015-05-21;16.9;17.2;16.9;17.1;34614
2015-05-20;17.0;17.5;16.9;17.1;87493
2015-05-19;17.0;17.3;16.4;16.9;126783
2015-05-18;16.1;16.7;16.1;16.6;25853
2015-05-15;16.2;16.4;15.8;16.4;18651
2015-05-14;15.9;16.2;15.7;16.2;13070
2015-05-13;15.9;16.2;15.7;16.2;13070
2015-05-12;15.6;16.2;15.5;16.2;42108
2015-05-11;16.2;16.2;15.7;15.7;20484
2015-05-08;15.4;16.2;15.4;16.2;22585
2015-05-07;16.1;16.1;15.0;15.9;131252
2015-05-06;16.7;17.0;16.3;16.4;80248
2015-05-05;16.9;17.1;16.7;16.8;65318
2015-05-04;17.0;17.1;16.7;16.9;84351
2015-05-01;17.4;17.7;16.8;17.3;120602
2015-04-30;17.4;17.7;16.8;17.3;120602
2015-04-29;17.2;17.4;16.3;17.4;162704
2015-04-28;17.5;17.8;16.3;16.9;399029
2015-04-27;17.1;17.8;17.1;17.6;132356
2015-04-24;16.8;17.9;16.6;17.4;381929
2015-04-23;16.1;16.8;15.9;16.5;177108
2015-04-22;15.9;16.3;15.9;16.1;141103
2015-04-21;15.7;16.1;15.5;16.0;141527
2015-04-20;15.2;15.8;15.2;15.7;39115
2015-04-17;15.4;15.5;15.1;15.3;59041
2015-04-16;15.5;15.7;15.3;15.4;69247
2015-04-15;16.0;16.0;15.4;15.7;136753
2015-04-14;15.2;16.4;15.2;15.9;265289
2015-04-13;14.35;15.3;14.35;15.1;410748
2015-04-10;14.3;14.5;14.25;14.35;108689
2015-04-09;14.3;14.5;14.15;14.5;57059
2015-04-08;14.35;14.45;14.3;14.3;19506
2015-04-07;14.6;14.65;14.3;14.5;38140
2015-04-02;14.6;14.6;14.3;14.4;40968
2015-04-01;14.1;14.5;14.1;14.35;65395
2015-03-31;14.4;14.65;14.15;14.5;27822
2015-03-30;14.55;14.9;14.4;14.4;81308
2015-03-27;14.05;14.7;14.05;14.7;32313
2015-03-26;14.45;14.6;13.9;14.35;53963
2015-03-25;14.4;14.8;14.3;14.8;42240
2015-03-24;14.85;14.85;14.4;14.5;108881
2015-03-23;14.15;15.0;14.15;14.5;161981
2015-03-20;14.2;14.3;14.0;14.15;319659
2015-03-19;14.0;14.25;13.9;13.9;109593
2015-03-18;13.7;14.0;13.65;13.7;683737
2015-03-17;13.6;14.15;13.4;13.7;74767
2015-03-16;13.05;13.6;13.0;13.6;60223
2015-03-13;13.0;13.05;12.75;13.0;5750
2015-03-12;13.05;13.05;12.75;13.0;10643
2015-03-11;12.85;13.1;12.85;12.85;11306
2015-03-10;12.85;13.25;12.75;12.75;28963
2015-03-09;13.4;13.4;12.85;13.1;9548
2015-03-06;12.9;13.05;12.75;13.0;14679
2015-03-05;12.9;12.9;12.75;12.75;1640
2015-03-04;13.1;13.35;12.65;12.8;23135
2015-03-03;13.1;13.1;12.85;13.05;35938
2015-03-02;12.8;13.0;12.8;13.0;45697
2015-02-27;12.85;13.05;12.85;12.85;22790
2015-02-26;12.65;13.0;12.65;12.8;37089
2015-02-25;12.75;12.75;12.4;12.65;73367
2015-02-24;12.6;12.65;12.25;12.5;243334
2015-02-23;13.0;13.0;12.05;12.35;149565
2015-02-20;12.6;13.0;12.6;12.95;42315
2015-02-19;13.65;14.3;12.55;13.0;179519
2015-02-18;13.5;13.6;13.35;13.6;28867
2015-02-17;13.2;13.6;13.2;13.55;14194
2015-02-16;13.1;13.5;13.0;13.5;41962
2015-02-13;13.25;13.4;13.2;13.25;7179
2015-02-12;13.25;13.45;13.15;13.25;27101
2015-02-11;13.2;13.3;13.05;13.05;26672
2015-02-10;13.35;13.5;13.25;13.25;13121
2015-02-09;13.4;13.55;13.25;13.25;22982
2015-02-06;13.3;13.4;13.15;13.4;8554
2015-02-05;13.15;13.5;13.1;13.5;34596
2015-02-04;13.15;13.2;12.9;13.1;37118
2015-02-03;13.1;13.2;12.9;13.0;12432
2015-02-02;12.8;13.25;12.8;13.1;28666
2015-01-30;13.0;13.0;12.55;12.75;31749
2015-01-29;13.35;13.35;13.0;13.15;24558
2015-01-28;13.15;13.35;13.05;13.3;27890
2015-01-27;13.3;13.45;13.2;13.45;14201
2015-01-26;13.4;13.4;13.3;13.3;7957
2015-01-23;13.55;13.65;13.3;13.45;9912
2015-01-22;13.35;13.65;13.3;13.65;15054
2015-01-21;13.75;13.75;13.25;13.5;23010
2015-01-20;13.55;13.7;13.5;13.65;34384
2015-01-19;13.5;13.7;13.45;13.7;24473
2015-01-16;13.6;13.6;13.3;13.45;9584
2015-01-15;13.5;13.75;13.2;13.7;31698
2015-01-14;13.95;13.95;13.4;13.4;34358
2015-01-13;13.7;13.85;13.35;13.85;26926
2015-01-12;14.0;14.0;13.25;13.55;58519
2015-01-09;13.9;14.1;13.5;13.65;67453
2015-01-08;13.55;13.75;13.4;13.75;56379
2015-01-07;14.0;14.0;13.5;13.75;43588
2015-01-06;;13.8;13.8;13.8;0
2015-01-05;13.3;14.15;13.15;13.8;74712
2015-01-02;12.75;13.05;12.75;12.95;7567
2015-01-01;12.5;13.0;12.4;12.9;101335
2014-12-30;12.5;13.0;12.4;12.9;101335
2014-12-29;11.5;12.3;11.4;12.3;113882
2014-12-23;11.45;11.7;11.4;11.4;37793
2014-12-22;11.05;12.0;11.05;11.9;26192
2014-12-19;12.5;12.5;11.7;12.0;35722
2014-12-18;11.35;12.7;11.35;12.15;113772
2014-12-17;10.65;11.0;10.65;11.0;18046
2014-12-16;11.0;11.25;10.75;11.0;32178
2014-12-15;10.75;11.3;10.75;11.3;39993
2014-12-12;11.0;11.1;10.75;11.05;30344
2014-12-11;10.65;11.0;10.65;11.0;30514
2014-12-10;10.55;10.8;10.55;10.75;36767
2014-12-09;11.25;11.25;10.6;10.8;68591
2014-12-08;11.25;11.25;10.95;11.2;33040
2014-12-05;11.0;11.3;11.0;11.2;38913
2014-12-04;11.2;11.45;10.85;11.1;30300
2014-12-03;11.0;11.6;10.8;11.6;15655
2014-12-02;11.5;11.5;10.95;11.15;20328
2014-12-01;11.35;11.5;11.05;11.5;31677
2014-11-28;11.1;11.4;11.1;11.25;27006
2014-11-27;11.35;11.5;11.05;11.25;40509
2014-11-26;11.3;11.4;11.2;11.35;10835
2014-11-25;11.3;11.5;11.15;11.5;30729
2014-11-24;11.35;11.6;11.35;11.35;33161
2014-11-21;11.1;11.2;11.1;11.15;12970
2014-11-20;11.1;11.15;10.95;11.15;15854
2014-11-19;11.1;11.2;11.0;11.1;14043
2014-11-18;11.25;11.25;11.05;11.25;10349
2014-11-17;11.4;11.5;11.25;11.5;5256
2014-11-14;11.5;11.5;11.1;11.4;23859
2014-11-13;11.6;11.8;11.45;11.6;70147
2014-11-12;11.6;11.65;11.15;11.4;49939
2014-11-11;11.0;11.55;11.0;11.25;26740
2014-11-10;11.0;11.0;10.75;11.0;39744
2014-11-07;11.0;11.0;10.65;11.0;43102
2014-11-06;11.15;11.8;11.15;11.2;24781
2014-11-05;10.85;11.1;10.85;11.1;6002
2014-11-04;11.15;11.15;11.05;11.05;32468
2014-11-03;11.2;11.3;10.85;11.15;13506
2014-10-31;11.3;11.35;11.1;11.1;19086
2014-10-30;10.95;11.3;10.6;11.1;44358
2014-10-29;10.55;10.95;10.55;10.95;25457
2014-10-28;10.3;10.65;10.3;10.5;19696
2014-10-24;10.8;10.8;10.6;10.6;21676
2014-10-23;10.5;10.8;10.4;10.4;13261
2014-10-22;10.65;10.75;10.45;10.45;13798
2014-10-21;10.25;10.65;10.25;10.65;15822
2014-10-20;10.7;10.7;10.3;10.7;5776
2014-10-17;10.1;10.35;10.1;10.2;7488
2014-10-16;10.1;10.45;9.85;10.05;44360
2014-10-15;10.5;10.65;10.1;10.1;36214
2014-10-14;10.4;10.55;10.35;10.5;7307
2014-10-13;10.3;10.8;10.25;10.5;27398
2014-10-10;10.5;10.55;10.0;10.45;28344
2014-10-09;11.05;11.05;10.8;11.0;5608
2014-10-08;10.6;11.05;10.6;10.8;40263
2014-10-07;12.3;12.3;10.6;11.0;94211
2014-10-06;11.95;11.95;11.75;11.75;17859
2014-10-03;12.05;12.05;12.0;12.0;11062
2014-10-02;12.5;12.5;12.1;12.5;6300
2014-10-01;12.6;12.6;12.5;12.55;4250
2014-09-30;12.5;12.6;12.5;12.6;12058
2014-09-29;12.2;12.2;12.05;12.2;14747
2014-09-26;12.0;12.15;12.0;12.1;14455
2014-09-25;12.2;12.2;12.0;12.15;42464
2014-09-24;12.75;12.75;12.25;12.3;9680
2014-09-23;12.4;12.5;12.4;12.5;8180
2014-09-22;12.4;12.7;12.3;12.4;10433
2014-09-19;12.4;12.5;12.4;12.5;1875
2014-09-18;12.75;12.75;12.4;12.4;7204
2014-09-17;12.5;12.65;12.5;12.5;5154
2014-09-16;12.5;12.65;12.5;12.5;1300
2014-09-15;12.5;12.5;12.2;12.25;25000
2014-09-12;12.65;13.0;12.5;12.6;32715
2014-09-11;13.05;13.2;12.6;12.95;25864
2014-09-10;13.15;13.25;13.1;13.1;10200
2014-09-09;13.35;13.35;13.2;13.25;6750
2014-09-08;13.6;13.6;13.3;13.35;4926
2014-09-05;13.3;13.5;13.3;13.35;3923
2014-09-04;13.65;13.65;13.25;13.55;10727
2014-09-03;13.55;13.95;13.55;13.95;37974
2014-09-02;13.85;13.85;13.45;13.85;8517
2014-09-01;13.05;13.7;13.05;13.7;38476
2014-08-29;13.5;13.6;13.5;13.5;7350
2014-08-28;13.4;13.4;13.3;13.3;83052
2014-08-27;13.3;13.55;13.3;13.5;162741
2014-08-26;13.5;13.7;13.25;13.5;49661
2014-08-25;13.3;13.5;13.3;13.5;6584
2014-08-22;13.55;13.7;13.55;13.6;17737
2014-08-21;13.55;13.7;13.25;13.5;25900
2014-08-20;14.15;14.15;13.15;13.5;142807
2014-08-19;14.25;14.25;14.15;14.15;3466
2014-08-18;14.5;14.75;14.0;14.2;54543
2014-08-15;14.85;14.85;14.1;14.75;24218
2014-08-14;14.4;15.3;14.2;14.9;72284
2014-08-13;14.55;14.75;14.15;14.75;10895
2014-08-12;14.2;14.45;14.15;14.35;8361
2014-08-11;14.25;14.8;14.0;14.65;5795
2014-08-08;13.8;14.4;13.65;14.25;29108
2014-08-07;14.2;14.4;14.1;14.3;8705
2014-08-06;14.5;14.5;14.0;14.0;21143
2014-08-05;14.7;14.9;14.5;14.7;11905
2014-08-04;14.6;15.0;14.4;14.5;25121
2014-08-01;14.25;14.8;14.25;14.6;39044
2014-07-31;15.0;15.0;14.25;14.25;39501
2014-07-30;15.0;15.1;14.85;15.0;51346
2014-07-29;14.65;14.8;14.6;14.6;4847
2014-07-28;14.5;14.7;14.4;14.55;5881
2014-07-25;14.3;14.4;14.3;14.3;10053
2014-07-24;14.3;14.5;14.2;14.3;14588
2014-07-23;14.3;14.4;14.3;14.3;6000
2014-07-22;14.0;14.3;14.0;14.1;4321
2014-07-21;14.0;14.2;13.9;13.9;20020
2014-07-18;14.6;14.7;13.5;14.35;25173
2014-07-17;14.75;14.85;14.5;14.5;9033
2014-07-16;14.5;14.75;14.5;14.55;16694
2014-07-15;14.5;14.6;14.5;14.5;5277
2014-07-14;14.55;14.7;14.5;14.5;8065
2014-07-11;14.35;14.5;14.35;14.5;21008
2014-07-10;14.5;14.55;14.4;14.5;15709
2014-07-09;14.6;14.75;14.6;14.6;12870
2014-07-08;14.7;14.8;14.7;14.8;3700
2014-07-07;14.6;15.0;14.6;14.9;7136
2014-07-04;14.65;15.0;14.6;14.7;32790
2014-07-03;14.5;14.6;14.4;14.55;13795
2014-07-02;14.8;14.8;14.45;14.8;27978
2014-07-01;14.6;14.85;14.6;14.85;1076
2014-06-30;15.1;15.1;14.7;14.7;9114
2014-06-27;15.0;15.1;14.75;15.1;9379
2014-06-26;15.1;15.1;14.9;15.0;5515
2014-06-25;15.0;15.3;14.9;14.9;14503
2014-06-24;14.9;15.3;14.9;15.3;7216
2014-06-23;15.3;15.3;15.0;15.0;24484
2014-06-20;;15.3;15.3;15.3;0
2014-06-19;15.2;15.3;15.2;15.3;5597
2014-06-18;15.4;15.4;15.0;15.0;8542
2014-06-17;15.1;15.3;15.0;15.1;32402
2014-06-16;15.8;15.9;14.85;14.85;55749
2014-06-13;14.8;15.7;14.8;15.3;138006
2014-06-12;14.8;15.0;14.8;15.0;7300
2014-06-11;14.75;15.2;14.75;15.0;25206
2014-06-10;15.0;15.0;14.9;15.0;25588
2014-06-09;15.2;15.3;14.9;15.0;42531
2014-06-06;;15.2;15.2;15.2;0
2014-06-05;15.1;15.4;15.1;15.2;9558
2014-06-04;15.0;15.2;15.0;15.0;87700
2014-06-03;14.95;15.2;14.9;15.1;57371
2014-06-02;14.75;15.2;14.75;15.1;57717
2014-05-30;14.85;15.2;14.85;14.95;5661
2014-05-28;15.1;15.2;14.85;15.2;63029
2014-05-27;15.2;15.2;14.65;15.1;66110
2014-05-26;15.2;15.2;14.95;15.2;64406
2014-05-23;14.35;15.2;14.35;15.2;529928
2014-05-22;14.6;14.8;14.3;14.75;32066
2014-05-21;14.4;14.5;14.2;14.45;54405
2014-05-20;14.4;14.4;14.2;14.4;58629
2014-05-19;14.2;14.2;13.9;14.05;40299
2014-05-16;14.4;14.4;13.9;14.15;43501
2014-05-15;14.0;14.4;13.9;14.4;59516
2014-05-14;13.9;14.0;13.8;13.95;9153
2014-05-13;14.0;14.1;13.95;14.05;42426
2014-05-12;14.25;14.25;13.8;14.0;33982
2014-05-09;14.0;14.3;13.9;14.1;46770
2014-05-08;13.6;14.0;13.6;14.0;94335
2014-05-07;13.3;13.55;13.3;13.55;67979
2014-05-06;13.3;13.45;13.25;13.45;86201
2014-05-05;13.2;13.3;13.05;13.3;48102
2014-05-02;13.2;13.5;13.1;13.2;81743
2014-05-01;;13.25;13.25;13.25;0
2014-04-30;13.05;13.25;12.95;13.25;138159
2014-04-29;12.7;13.1;12.5;13.1;234342
2014-04-28;12.35;12.65;12.35;12.65;31025
2014-04-25;12.65;12.65;12.3;12.3;56501
2014-04-24;12.8;12.8;12.65;12.8;4400
2014-04-23;12.7;12.8;12.65;12.8;18005
2014-04-22;12.5;12.95;12.5;12.65;10340
2014-04-17;12.8;12.85;12.8;12.85;10450
2014-04-16;12.7;12.8;12.7;12.8;11604
2014-04-15;12.5;12.8;12.5;12.6;51359
2014-04-14;12.6;12.65;12.35;12.65;50890
2014-04-11;12.8;12.8;12.7;12.7;23747
2014-04-10;12.9;13.0;12.8;12.8;19016
2014-04-09;12.95;12.95;12.8;12.95;15330
2014-04-08;13.0;13.1;12.8;12.95;45170
2014-04-07;13.05;13.05;12.9;12.95;35900
2014-04-04;12.8;12.85;12.8;12.8;17122
2014-04-03;12.95;12.95;12.8;12.8;40394
2014-04-02;12.6;12.9;12.6;12.9;89515
2014-04-01;12.9;12.95;12.7;12.7;38100
2014-03-31;12.85;12.9;12.75;12.85;26521
2014-03-28;12.7;12.9;12.7;12.9;28167
2014-03-27;13.0;13.0;12.7;12.75;8726
2014-03-26;12.9;13.0;12.9;13.0;52550
2014-03-25;12.9;12.9;12.65;12.7;26500
2014-03-24;13.0;13.0;12.65;12.65;31938
2014-03-21;12.85;12.9;12.75;12.75;27206
2014-03-20;13.0;13.0;12.85;12.85;19450
2014-03-19;12.85;13.0;12.8;13.0;54066
2014-03-18;12.5;12.85;12.5;12.75;24709
2014-03-17;12.45;12.55;12.35;12.55;18250
2014-03-14;12.45;12.7;12.45;12.6;23502
2014-03-13;12.5;12.6;12.5;12.6;5911
2014-03-12;12.75;12.75;12.5;12.6;62767
2014-03-11;12.7;12.7;12.65;12.7;9817
2014-03-10;12.6;13.0;12.6;13.0;12167
2014-03-07;12.7;13.0;12.7;13.0;28362
2014-03-06;12.85;12.9;12.75;12.75;66572
2014-03-05;13.0;13.0;12.8;12.85;39766
2014-03-04;12.8;13.0;12.8;12.9;34285
2014-03-03;12.9;13.0;12.7;13.0;75560
2014-02-28;12.75;13.1;12.75;13.05;137189
2014-02-27;12.5;12.85;12.5;12.7;200297
2014-02-26;12.6;12.6;12.4;12.4;91908
2014-02-25;12.5;12.6;12.4;12.55;101376
2014-02-24;12.45;12.55;12.15;12.35;82715
2014-02-21;12.3;12.3;11.95;12.05;188508
2014-02-20;13.0;13.05;12.3;12.3;204452
2014-02-19;13.1;13.15;13.0;13.05;29903
2014-02-18;13.1;13.1;13.0;13.1;33466
2014-02-17;13.0;13.25;13.0;13.0;53643
2014-02-14;12.5;13.3;12.5;13.25;193868
2014-02-13;12.45;12.6;12.45;12.6;69443
2014-02-12;12.4;12.5;12.4;12.5;24811
2014-02-11;12.4;12.5;12.3;12.5;17710
2014-02-10;12.3;12.4;12.3;12.4;33406
2014-02-07;12.25;12.4;12.25;12.4;5295
2014-02-06;12.4;12.4;12.25;12.25;27702
2014-02-05;12.5;12.5;12.25;12.25;37673
2014-02-04;12.1;12.35;12.1;12.35;39794
2014-02-03;12.5;12.5;12.25;12.3;44060
2014-01-31;12.0;12.3;11.95;12.3;103580
2014-01-30;11.9;12.05;11.85;12.0;14987
2014-01-29;12.1;12.2;11.7;11.9;135970
2014-01-28;12.05;12.15;12.05;12.1;10964
2014-01-27;12.2;12.4;12.0;12.0;114572
2014-01-24;12.25;12.4;11.95;12.25;68839
2014-01-23;12.15;12.25;12.05;12.25;45806
2014-01-22;12.2;12.35;12.1;12.15;77610
2014-01-21;11.95;12.25;11.95;12.1;79249
2014-01-20;11.75;11.9;11.7;11.9;61550
2014-01-17;11.7;11.9;11.55;11.7;98599
2014-01-16;12.0;12.0;11.7;11.8;73212
2014-01-15;12.05;12.1;11.85;12.0;43703
2014-01-14;12.0;12.1;11.9;12.05;36925
2014-01-13;12.1;12.4;12.0;12.05;35280
2014-01-10;12.2;12.2;12.0;12.05;28169
2014-01-09;12.0;12.0;12.0;12.0;53409
2014-01-08;11.9;12.35;11.8;12.0;55932
2014-01-07;11.9;12.0;11.65;11.7;49615
2014-01-06;;11.8;11.8;11.8;0
2014-01-03;12.0;12.1;11.8;11.8;55181
2014-01-02;11.8;11.85;11.5;11.85;22393
2013-12-31;;11.7;11.7;11.7;0
2013-12-30;11.4;11.75;11.25;11.7;47662
2013-12-27;11.55;11.65;11.4;11.4;24200
2013-12-23;11.85;11.85;10.9;11.65;146914
2013-12-20;11.6;11.7;11.4;11.7;52133
2013-12-19;11.9;12.0;11.5;11.7;104792
2013-12-18;11.8;12.0;11.75;12.0;8206
2013-12-17;11.9;12.15;11.85;12.15;34710
2013-12-16;12.4;12.4;12.05;12.1;36740
2013-12-13;12.1;12.4;12.1;12.4;42605
2013-12-12;12.0;12.05;11.95;12.0;17484
2013-12-11;11.8;12.45;11.8;12.45;57367
2013-12-10;11.95;12.15;11.9;11.9;14367
2013-12-09;11.8;12.2;11.8;12.1;63103
2013-12-06;11.9;12.15;11.9;11.9;22909
2013-12-05;12.0;12.2;11.9;11.9;11921
2013-12-04;12.25;12.25;12.1;12.1;47149
2013-12-03;12.55;12.55;12.3;12.35;7520
2013-12-02;12.4;12.55;12.3;12.55;12393
2013-11-29;12.4;12.75;12.25;12.55;57988
2013-11-28;12.35;12.35;12.25;12.25;7727
2013-11-27;12.35;12.5;12.25;12.3;21700
2013-11-26;12.15;12.7;12.15;12.45;66447
2013-11-25;12.0;12.25;11.95;12.25;23631
2013-11-22;12.1;12.2;11.95;12.0;10227
2013-11-21;11.8;12.0;11.7;12.0;42448
2013-11-20;11.8;11.9;11.7;11.8;28849
2013-11-19;12.0;12.0;11.8;11.9;7319
2013-11-18;12.2;12.2;11.9;12.0;28400
2013-11-15;12.1;12.3;12.0;12.2;35228
2013-11-14;12.65;12.65;11.8;12.0;101283
2013-11-13;13.0;13.2;12.05;12.65;152937
2013-11-12;12.85;13.1;12.85;13.0;36736
2013-11-11;13.0;13.15;12.8;13.0;71793
2013-11-08;12.7;13.25;12.7;13.2;185357
2013-11-07;12.55;12.7;12.4;12.7;25250
2013-11-06;12.25;12.7;12.25;12.55;38112
2013-11-05;12.65;12.75;12.2;12.3;76186
2013-11-04;12.0;12.75;12.0;12.65;149211
2013-11-01;11.65;12.0;11.65;12.0;74293
2013-10-31;11.75;11.75;11.35;11.55;76769
2013-10-30;11.8;11.85;11.3;11.6;56061
2013-10-29;11.5;11.75;11.5;11.6;15215
2013-10-28;11.5;11.7;11.4;11.55;30320
2013-10-25;11.6;11.75;11.45;11.5;26746
2013-10-24;11.45;11.6;11.45;11.55;34877
2013-10-23;11.4;11.45;11.2;11.45;53869
2013-10-22;11.15;11.5;11.1;11.3;62376
2013-10-21;11.6;11.6;10.75;11.3;157053
2013-10-18;11.5;11.6;11.45;11.6;19776
2013-10-17;11.45;11.65;11.4;11.6;12676
2013-10-16;11.4;11.4;11.4;11.4;2952
2013-10-15;11.5;11.5;11.4;11.4;11667
2013-10-14;11.5;11.65;11.5;11.5;1914
2013-10-11;11.6;11.65;11.5;11.6;11525
2013-10-10;11.45;11.6;11.3;11.6;16118
2013-10-09;11.65;11.65;11.3;11.3;98459
2013-10-08;11.8;11.8;11.65;11.65;14085
2013-10-07;12.0;12.0;11.75;11.8;5883
2013-10-04;12.0;12.0;11.75;12.0;28075
2013-10-03;11.8;12.0;11.75;11.75;76374
2013-10-02;11.5;11.65;11.45;11.65;9333
2013-10-01;11.65;11.65;11.25;11.65;94117
2013-09-30;12.0;12.0;11.4;11.65;93866
2013-09-27;12.35;12.35;12.15;12.15;45316
2013-09-26;12.1;12.35;11.85;12.35;42900
2013-09-25;12.4;12.4;12.2;12.2;51490
2013-09-24;12.5;12.6;12.4;12.4;14433
2013-09-23;12.5;12.55;12.4;12.5;43317
2013-09-20;12.6;12.7;12.4;12.65;63802
2013-09-19;12.8;12.8;12.55;12.65;41642
2013-09-18;13.0;13.0;12.5;12.75;48100
2013-09-17;12.35;12.8;12.35;12.65;206011
2013-09-16;12.5;12.5;12.2;12.35;73169
2013-09-13;12.4;12.45;12.1;12.4;50363
2013-09-12;12.25;12.4;12.0;12.4;43979
2013-09-11;12.2;12.3;12.0;12.25;41269
2013-09-10;12.1;12.3;12.05;12.2;48335
2013-09-09;12.1;12.1;11.8;12.05;73776
2013-09-06;11.8;12.25;11.7;12.0;108851
2013-09-05;11.65;12.0;11.65;11.8;117387
2013-09-04;11.45;11.65;11.3;11.65;73997
2013-09-03;11.7;11.8;11.4;11.5;94809
2013-09-02;11.55;12.6;11.55;11.6;285871
2013-08-30;10.35;10.35;10.25;10.25;75887
2013-08-29;10.5;10.5;10.35;10.4;25958
2013-08-28;10.5;10.5;10.3;10.5;2515
2013-08-27;10.45;10.5;10.45;10.45;801
2013-08-26;10.5;10.55;10.4;10.5;12492
2013-08-23;10.3;10.6;10.3;10.5;54640
2013-08-22;10.4;10.4;10.1;10.3;72720
2013-08-21;10.55;10.55;10.25;10.3;28690
2013-08-20;10.4;10.5;10.4;10.5;2000
2013-08-19;10.6;10.6;10.4;10.4;17103
2013-08-16;10.8;10.8;10.5;10.6;17950
2013-08-15;10.5;10.65;10.5;10.6;21146
2013-08-14;10.8;10.8;10.4;10.4;86752
2013-08-13;10.5;10.8;10.4;10.8;79147
2013-08-12;10.5;10.55;10.5;10.5;10798
2013-08-09;10.55;10.6;10.4;10.55;38284
2013-08-08;10.5;10.65;10.45;10.55;17000
2013-08-07;10.5;10.55;10.5;10.5;1406
2013-08-06;10.6;10.65;10.5;10.5;13650
2013-08-05;10.7;10.75;10.5;10.5;24950
2013-08-02;10.6;10.65;10.5;10.6;97402
2013-08-01;10.65;10.7;10.6;10.6;36896
2013-07-31;10.75;10.75;10.65;10.65;4540
2013-07-30;10.65;10.7;10.55;10.7;10729
2013-07-29;10.75;10.75;10.55;10.65;10548
2013-07-26;10.4;10.95;10.3;10.75;51070
2013-07-25;10.4;10.5;10.35;10.4;5168
2013-07-24;10.25;10.55;10.25;10.45;17569
2013-07-23;10.5;10.5;10.2;10.25;22153
2013-07-22;10.3;10.4;10.25;10.25;10900
2013-07-19;10.4;10.65;10.3;10.3;33473
2013-07-18;10.6;10.75;10.6;10.6;9430
2013-07-17;10.6;10.75;10.6;10.75;10353
2013-07-16;10.4;10.9;10.4;10.7;37425
2013-07-15;10.45;10.5;10.4;10.5;10397
2013-07-12;10.35;10.4;10.15;10.3;31324
2013-07-11;10.3;10.3;10.3;10.3;1100
2013-07-10;10.3;10.3;10.1;10.1;6058
2013-07-09;10.0;10.3;10.0;10.3;7940
2013-07-08;10.3;10.3;10.2;10.2;2213
2013-07-05;9.95;10.2;9.95;10.15;28577
2013-07-04;10.0;10.0;10.0;10.0;220
2013-07-03;10.0;10.05;10.0;10.05;14352
2013-07-02;10.05;10.05;10.0;10.0;2433
2013-07-01;9.95;10.0;9.85;9.9;12167
2013-06-28;9.95;10.0;9.95;10.0;6320
2013-06-27;10.0;10.15;10.0;10.15;600
2013-06-26;9.95;10.2;9.95;9.95;20512
2013-06-25;9.9;10.05;9.9;9.95;9750
2013-06-24;9.9;10.0;9.85;9.85;22753
2013-06-21;;10.05;10.05;10.05;0
2013-06-20;9.9;10.05;9.85;10.05;16550
2013-06-19;9.9;10.0;9.9;9.9;3192
2013-06-18;9.9;10.0;9.9;9.9;20965
2013-06-17;10.0;10.0;9.8;9.95;25733
2013-06-14;10.0;10.15;9.65;9.95;62751
2013-06-13;10.0;10.15;9.7;9.7;84402
2013-06-12;10.0;10.25;9.95;10.0;20706
2013-06-11;10.15;10.15;10.0;10.0;15466
2013-06-10;10.0;10.0;10.0;10.0;11161
2013-06-07;10.05;10.2;10.0;10.05;8033
2013-06-06;;10.0;10.0;10.0;0
2013-06-05;10.05;10.05;10.0;10.0;9079
2013-06-04;10.05;10.15;10.05;10.05;3296
2013-06-03;10.0;10.25;10.0;10.05;37512
2013-05-31;10.2;10.2;10.0;10.05;9099
2013-05-30;10.2;10.2;10.0;10.15;34865
2013-05-29;10.1;10.2;10.0;10.2;33500
2013-05-28;10.2;10.3;10.05;10.05;28254
2013-05-27;10.2;10.3;10.2;10.2;11850
2013-05-24;10.3;10.35;10.05;10.3;16499
2013-05-23;10.0;10.3;10.0;10.3;56688
2013-05-22;10.5;10.5;10.2;10.3;19019
2013-05-21;10.15;10.4;10.15;10.4;35940
2013-05-20;10.45;10.45;10.2;10.2;18659
2013-05-17;10.25;10.45;10.25;10.45;20927
2013-05-16;10.0;10.45;10.0;10.25;21070
2013-05-15;10.1;10.25;10.05;10.15;13033
2013-05-14;10.0;10.2;10.0;10.2;19590
2013-05-13;10.0;10.15;9.9;10.05;48296
2013-05-10;10.4;10.4;10.0;10.0;49500
2013-05-09;;10.15;10.15;10.15;0
2013-05-08;10.35;10.4;10.0;10.15;42130
2013-05-07;10.5;10.5;10.25;10.35;43496
2013-05-06;10.4;10.5;10.4;10.5;8880
2013-05-03;10.5;10.5;10.2;10.4;90928
2013-05-02;10.6;10.6;10.4;10.5;36411
2013-05-01;;10.6;10.6;10.6;0
2013-04-30;10.5;10.6;10.5;10.6;30300
2013-04-29;10.6;10.6;10.5;10.5;22323
2013-04-26;11.0;11.0;10.5;10.5;83136
2013-04-25;10.5;11.0;10.15;11.0;245217
2013-04-24;10.7;10.85;10.3;10.35;83169
2013-04-23;11.1;11.1;10.7;10.8;59676
2013-04-22;11.1;11.3;10.9;10.9;30169
2013-04-19;10.95;11.0;10.9;10.9;19366
2013-04-18;10.9;11.0;10.75;10.9;36390
2013-04-17;11.0;11.0;10.85;10.85;9770
2013-04-16;10.8;11.0;10.8;11.0;67015
2013-04-15;10.9;10.9;10.8;10.8;20909
2013-04-12;11.0;11.0;10.85;10.9;5010
2013-04-11;10.9;11.0;10.9;11.0;11553
2013-04-10;10.9;10.9;10.8;10.85;10430
2013-04-09;10.6;10.85;10.6;10.85;21869
2013-04-08;11.1;11.1;10.65;10.7;27481
2013-04-05;10.95;11.0;10.8;10.9;47358
2013-04-04;11.2;11.2;11.0;11.0;98591
2013-04-03;11.0;11.15;10.95;11.15;80400
2013-04-02;11.5;11.5;10.95;10.95;40956
2013-04-01;;11.0;11.0;11.0;0
2013-03-29;10.95;11.0;11.0;11.0;38503
2013-03-28;10.95;11.0;10.85;11.0;38503
2013-03-27;10.95;11.0;10.85;11.0;38503
2013-03-26;10.9;10.95;10.8;10.9;34460
2013-03-25;11.1;11.1;10.85;10.9;90143
2013-03-22;11.1;11.1;10.85;10.85;60266
2013-03-21;11.3;11.3;11.05;11.05;27107
2013-03-20;11.3;11.3;11.15;11.3;32111
2013-03-19;11.3;11.35;11.25;11.35;35939
2013-03-18;11.4;11.4;11.3;11.3;39638
2013-03-15;11.4;11.45;11.3;11.45;65422
2013-03-14;11.4;11.4;11.3;11.4;45169
2013-03-13;11.4;11.45;11.3;11.35;36158
2013-03-12;11.45;11.45;11.3;11.4;51534
2013-03-11;11.5;11.6;11.45;11.45;117770
2013-03-08;11.4;11.5;11.35;11.4;175288
2013-03-07;11.45;11.45;11.2;11.3;168515
2013-03-06;11.1;11.5;11.1;11.4;597357
2013-03-05;10.75;10.85;10.7;10.85;147459
2013-03-04;10.8;11.15;10.65;10.75;264558
2013-03-01;10.5;10.5;10.4;10.4;24176
2013-02-28;10.3;10.5;10.15;10.5;148540
2013-02-27;10.2;10.3;10.05;10.2;28471
2013-02-26;10.4;10.4;10.2;10.25;93058
2013-02-25;10.45;10.45;10.3;10.3;47164
2013-02-22;10.35;10.55;10.3;10.5;2597269
2013-02-21;10.5;10.55;10.4;10.4;79523
2013-02-20;10.5;10.5;10.4;10.5;62308
2013-02-19;10.5;10.5;10.35;10.5;28100
2013-02-18;10.5;10.6;10.4;10.4;63321
2013-02-15;10.5;10.55;10.4;10.55;39063
2013-02-14;10.5;10.55;10.4;10.4;40111
2013-02-13;10.5;10.55;10.4;10.5;30280
2013-02-12;10.5;10.55;10.4;10.5;47850
2013-02-11;10.4;10.55;10.4;10.45;51260
2013-02-08;10.4;10.4;10.2;10.4;36879
2013-02-07;10.45;10.45;10.25;10.45;12428
2013-02-06;10.4;10.4;10.25;10.4;20018
2013-02-05;10.4;10.4;10.25;10.35;45527
2013-02-04;10.4;10.45;10.3;10.4;12095
2013-02-01;10.4;10.5;10.3;10.4;28022
2013-01-31;10.4;10.45;10.3;10.4;223485
2013-01-30;10.5;10.5;10.3;10.45;68712
2013-01-29;10.6;10.6;10.4;10.5;84539
2013-01-28;10.5;10.6;10.45;10.5;19500
2013-01-25;10.35;10.5;10.3;10.45;71827
2013-01-24;10.4;10.5;10.35;10.35;199920
2013-01-23;10.5;10.5;10.35;10.5;25370
2013-01-22;10.3;10.55;10.25;10.5;47667
2013-01-21;10.55;10.55;10.25;10.3;60378
2013-01-18;10.6;10.6;10.4;10.4;103939
2013-01-17;10.65;10.7;10.55;10.55;71141
2013-01-16;10.6;10.9;10.6;10.65;102034
2013-01-15;10.55;10.6;10.55;10.6;64922
2013-01-14;10.65;10.65;10.4;10.4;50001
2013-01-11;10.4;10.6;10.4;10.6;24816
2013-01-10;10.5;10.6;10.35;10.35;7100
2013-01-09;10.6;10.6;10.4;10.6;50161
2013-01-08;10.1;10.6;10.1;10.6;27861
2013-01-07;10.6;10.6;10.4;10.5;21310
2013-01-04;10.5;10.5;10.3;10.5;16010
2013-01-03;10.3;10.5;10.3;10.5;43700
2013-01-02;10.1;10.6;10.1;10.6;44430
2013-01-01;;10.15;10.15;10.15;0
2012-12-31;;10.15;10.15;10.15;0
2012-12-28;10.05;10.15;9.8;10.15;68310
