Dates;Open;High;Low;Close;Volume
2017-12-27;92.0;93.0;92.0;92.5;14451
2017-12-22;91.0;92.0;90.5;91.75;8454
2017-12-21;90.0;91.0;89.5;91.0;10298
2017-12-20;90.0;90.75;88.5;89.25;33492
2017-12-19;91.5;91.5;89.25;90.0;28256
2017-12-18;91.5;91.75;89.75;90.75;53136
2017-12-15;91.5;92.0;89.0;91.25;17726
2017-12-14;92.0;94.25;90.75;91.0;99071
2017-12-13;89.25;90.0;89.0;90.0;9509
2017-12-12;89.75;89.75;88.0;89.0;8090
2017-12-11;91.5;91.5;88.5;89.75;16989
2017-12-08;90.25;92.25;90.25;91.25;13345
2017-12-07;88.5;90.5;88.5;89.75;8454
2017-12-06;91.0;91.0;87.0;88.5;12017
2017-12-05;90.25;91.25;89.0;90.5;7761
2017-12-04;91.25;91.75;90.0;90.5;16922
2017-12-01;90.25;91.5;89.5;90.0;11621
2017-11-30;92.0;92.75;90.25;90.25;9143
2017-11-29;92.75;94.5;90.75;91.75;11312
2017-11-28;96.0;96.0;91.5;92.5;115128
2017-11-27;101.25;104.0;94.0;94.5;48560
2017-11-24;96.25;102.0;96.25;101.25;11724
2017-11-23;94.0;98.0;94.0;96.25;4637
2017-11-22;94.0;95.0;93.0;93.5;9011
2017-11-21;95.0;95.0;90.75;94.0;26233
2017-11-20;97.5;97.5;93.75;95.0;9896
2017-11-17;94.5;100.0;94.5;97.25;11708
2017-11-16;92.5;98.0;92.5;94.5;14691
2017-11-15;95.25;95.25;89.0;93.0;28476
2017-11-14;96.5;97.0;94.25;95.25;10047
2017-11-13;98.0;99.75;97.0;97.0;8775
2017-11-10;100.25;101.0;97.0;98.0;11354
2017-11-09;102.0;102.0;100.5;100.5;9436
2017-11-08;105.0;107.75;100.0;102.0;13905
2017-11-07;108.5;108.75;105.0;105.0;11400
2017-11-06;110.5;110.5;108.0;108.5;7479
2017-11-03;110.0;112.0;110.0;110.25;6727
2017-11-02;114.0;114.0;110.0;110.0;7782
2017-11-01;111.0;114.5;108.75;112.75;33627
2017-10-31;110.0;112.5;108.75;111.0;14196
2017-10-30;105.25;110.0;104.0;107.0;20046
2017-10-27;102.0;104.25;100.5;103.0;22691
2017-10-26;102.0;102.0;98.0;102.0;27288
2017-10-25;110.0;110.0;100.75;103.0;53661
2017-10-24;122.0;122.0;110.75;110.75;70828
2017-10-23;125.5;130.0;125.5;129.25;20483
2017-10-20;124.0;127.25;124.0;125.25;8108
2017-10-19;123.25;124.0;123.25;123.25;4454
2017-10-18;123.5;125.0;123.25;123.75;5294
2017-10-17;125.75;126.0;123.25;123.25;6928
2017-10-13;122.75;124.0;122.75;123.75;8615
2017-10-12;125.0;125.0;122.75;124.0;13823
2017-10-11;126.25;126.5;125.25;126.25;3859
2017-10-10;127.5;128.25;126.0;126.5;5818
2017-10-09;126.5;128.25;125.5;127.5;6577
2017-10-06;128.0;128.0;126.25;127.5;2742
2017-10-05;126.5;128.0;126.0;128.0;6913
2017-10-04;127.5;128.75;126.5;128.0;8893
2017-10-03;129.0;130.0;126.75;127.5;17065
2017-10-02;128.75;129.5;127.25;129.0;13705
2017-09-29;126.5;130.0;126.5;128.75;51372
2017-09-28;123.25;127.5;123.25;126.5;15186
2017-09-27;128.5;129.0;123.5;123.5;32220
2017-09-26;129.0;130.0;127.5;129.0;13287
2017-09-25;130.25;131.75;128.0;129.5;14388
2017-09-22;132.0;134.5;128.25;130.0;66863
2017-09-21;133.0;133.0;128.0;129.0;9808
2017-09-20;130.5;134.0;130.5;133.0;8969
2017-09-19;134.5;134.5;130.25;130.5;5804
2017-09-18;135.5;138.25;134.5;134.5;7857
2017-09-15;135.25;137.0;134.0;135.5;2685
2017-09-14;137.5;137.5;131.75;135.5;14894
2017-09-13;138.0;138.0;137.5;137.5;3888
2017-09-12;139.0;139.0;136.5;138.0;5390
2017-09-11;133.0;139.0;133.0;139.0;7339
2017-09-08;133.75;134.0;132.75;133.25;7924
2017-09-07;131.0;133.75;130.5;133.0;6286
2017-09-06;133.0;133.0;129.0;131.0;8282
2017-09-04;134.0;135.75;133.25;133.75;9423
2017-09-01;136.75;138.0;135.25;136.5;5779
2017-08-31;135.0;137.75;134.0;136.5;13305
2017-08-30;134.0;134.0;130.5;132.5;5315
2017-08-29;135.0;135.0;131.5;134.0;8827
2017-08-28;129.5;135.0;128.75;135.0;7737
2017-08-25;127.5;129.5;127.0;129.5;6415
2017-08-24;125.0;128.0;123.0;126.25;10732
2017-08-23;128.0;129.25;124.5;124.5;21583
2017-08-22;131.5;131.5;127.0;128.25;14293
2017-08-21;133.0;133.0;126.0;131.75;23672
2017-08-18;137.5;137.5;133.0;133.25;4597
2017-08-17;133.0;139.5;132.75;137.0;9431
2017-08-16;132.0;133.75;131.75;132.75;4048
2017-08-15;132.25;134.25;132.0;132.0;2239
2017-08-14;133.0;134.5;132.0;132.0;6028
2017-08-11;135.75;135.75;130.0;131.25;19994
2017-08-10;143.0;145.0;136.5;136.5;14456
2017-08-09;147.5;147.5;141.0;143.5;9456
2017-08-08;140.0;145.25;140.0;144.5;31065
2017-08-07;135.75;139.75;134.75;138.75;12389
2017-08-04;132.0;135.5;131.0;134.5;16380
2017-08-03;133.5;135.75;133.0;133.0;8237
2017-08-02;132.5;135.75;131.5;133.5;11426
2017-08-01;132.5;134.75;129.5;132.5;12454
2017-07-31;132.75;132.75;130.5;132.75;7006
2017-07-28;130.75;133.25;129.75;133.0;2300
2017-07-27;134.0;134.0;130.0;130.75;3426
2017-07-26;134.0;134.0;129.5;131.25;5269
2017-07-25;129.75;133.5;128.0;133.5;6193
2017-07-24;130.0;130.25;127.0;129.75;13479
2017-07-21;135.0;135.25;128.75;131.5;12068
2017-07-20;132.75;135.0;129.25;135.0;13874
2017-07-19;139.0;139.0;133.0;133.5;14349
2017-07-18;138.75;140.0;132.0;139.0;15347
2017-07-17;135.5;139.75;135.25;138.25;12608
2017-07-14;132.0;135.0;126.0;135.0;44481
2017-07-13;126.5;128.75;124.5;128.0;16278
2017-07-12;121.25;126.75;121.25;126.5;11674
2017-07-11;122.25;122.25;119.5;121.25;2803
2017-07-10;123.0;123.25;120.0;122.25;5531
2017-07-07;121.75;123.25;120.25;123.25;1741
2017-07-06;124.0;124.0;121.0;121.5;4471
2017-07-05;122.0;124.25;121.75;122.5;3166
2017-07-04;128.75;128.75;121.0;122.0;11546
2017-07-03;120.25;128.0;120.25;126.5;15934
2017-06-30;117.5;124.0;116.0;120.0;9865
2017-06-29;120.0;120.75;118.0;118.5;7010
2017-06-28;122.0;122.0;118.0;121.0;7361
2017-06-27;123.25;123.25;122.0;122.0;12219
2017-06-26;122.0;126.25;122.0;123.25;14092
2017-06-23;;122.0;122.0;122.0;0
2017-06-22;122.0;123.0;122.0;122.0;7523
2017-06-21;122.25;122.75;122.0;122.0;3658
2017-06-20;122.5;123.0;122.0;122.75;7850
2017-06-19;122.25;124.25;122.0;122.0;10704
2017-06-16;122.0;123.0;122.0;122.25;3029
2017-06-15;122.25;123.0;122.0;122.0;13126
2017-06-14;125.0;126.0;120.0;122.0;8467
2017-06-13;121.0;125.0;121.0;124.0;13290
2017-06-12;117.5;120.0;115.5;120.0;31352
2017-06-09;122.5;122.5;116.0;118.25;35289
2017-06-08;124.75;125.0;121.5;122.5;20714
2017-06-07;127.25;127.25;125.25;125.25;12745
2017-06-06;;127.25;127.25;127.25;0
2017-06-05;131.0;131.0;126.0;127.25;18236
2017-06-02;130.0;131.75;127.0;131.0;12658
2017-06-01;131.25;131.5;127.75;130.0;6612
2017-05-31;126.5;131.75;126.0;131.25;20623
2017-05-30;127.0;127.5;126.0;126.5;14589
2017-05-29;126.5;127.0;126.0;126.75;7707
2017-05-26;126.75;128.5;126.0;126.5;8098
2017-05-24;126.25;129.5;126.0;126.75;7191
2017-05-23;128.75;128.75;126.0;126.0;4195
2017-05-22;125.75;128.75;125.25;128.75;11616
2017-05-19;122.75;128.0;122.75;127.0;14095
2017-05-18;125.5;128.0;119.5;122.75;19356
2017-05-17;129.0;129.5;125.0;125.5;8615
2017-05-16;126.0;129.0;123.5;129.0;14135
2017-05-15;129.0;129.75;124.5;125.5;16271
2017-05-12;131.0;129.0;129.0;129.0;7859
2017-05-11;129.0;132.0;128.5;132.0;8080
2017-05-10;129.5;130.75;127.0;129.0;9092
2017-05-09;130.5;133.5;128.5;129.5;19208
2017-05-08;134.25;135.5;128.75;130.5;41594
2017-05-05;138.0;138.0;132.25;135.5;23732
2017-05-04;124.75;139.25;124.5;138.0;42305
2017-05-03;129.25;131.5;122.0;124.75;59482
2017-05-02;140.0;141.0;129.25;129.25;36989
2017-05-01;;140.0;140.0;140.0;0
2017-04-28;140.25;142.75;138.0;140.0;6096
2017-04-27;145.0;146.0;137.0;140.25;10758
2017-04-26;148.5;148.5;143.5;145.0;7648
2017-04-25;144.0;149.5;142.0;148.5;33161
2017-04-24;146.5;157.0;142.5;152.0;65963
2017-04-21;145.0;147.75;144.5;144.5;20184
2017-04-20;143.25;148.0;143.25;145.75;19730
2017-04-19;142.0;144.0;141.5;143.0;7298
2017-04-18;142.0;144.5;142.0;142.0;16014
2017-04-13;144.5;144.75;140.0;142.25;5485
2017-04-12;142.5;147.0;142.5;144.5;12236
2017-04-11;142.0;143.25;140.25;142.0;6099
2017-04-10;143.25;143.25;138.0;142.0;14034
2017-04-07;146.0;146.0;141.0;143.25;5856
2017-04-06;146.5;147.25;142.5;146.0;7518
2017-04-05;149.0;149.0;146.0;146.5;6357
2017-04-04;148.5;148.5;145.25;148.0;11047
2017-04-03;147.0;149.75;146.5;149.0;5448
2017-03-31;146.5;148.25;146.0;147.75;9908
2017-03-30;147.0;147.0;144.5;146.5;6030
2017-03-29;144.0;146.0;141.25;145.5;19763
2017-03-28;138.25;141.5;138.0;141.25;14849
2017-03-27;145.0;145.0;137.0;138.0;18651
2017-03-24;146.0;147.0;142.5;145.0;11941
2017-03-23;141.5;146.75;141.5;145.0;14985
2017-03-22;148.5;148.75;138.25;141.5;43231
2017-03-21;150.5;164.5;148.5;148.5;84599
2017-03-20;144.25;149.0;142.25;149.0;25385
2017-03-17;141.5;145.0;140.75;144.25;19384
2017-03-16;138.5;145.0;137.0;141.0;20326
2017-03-15;141.0;145.75;135.75;136.0;26637
2017-03-14;148.0;148.5;137.0;141.0;45068
2017-03-13;142.0;149.75;142.0;146.75;43894
2017-03-10;134.25;139.0;139.0;139.0;35260
2017-03-09;134.0;134.5;132.75;134.0;11954
2017-03-08;130.5;133.0;129.75;132.75;17167
2017-03-07;130.0;131.0;128.0;129.75;11441
2017-03-06;128.5;131.0;128.0;129.25;11092
2017-03-03;130.75;130.75;130.75;130.75;12381
2017-03-02;130.5;131.0;127.5;130.75;17940
2017-03-01;128.5;131.0;126.75;128.0;30165
2017-02-28;123.75;128.5;120.5;128.0;33094
2017-02-27;119.0;124.0;113.25;124.0;37563
2017-02-24;117.0;120.5;111.25;120.5;44420
2017-02-23;119.0;120.5;115.0;115.75;20242
2017-02-22;119.75;122.0;117.0;120.25;15360
2017-02-21;122.0;122.0;115.5;118.75;61696
2017-02-20;131.0;131.0;123.0;123.5;59797
2017-02-17;125.75;132.0;125.25;132.0;23314
2017-02-16;124.5;128.5;124.5;125.0;16152
2017-02-15;123.5;128.0;122.0;124.5;23291
2017-02-14;125.75;127.0;119.5;122.0;38649
2017-02-13;115.0;134.0;115.0;125.0;104697
2017-02-10;108.0;117.75;108.0;114.5;33370
2017-02-09;114.75;114.75;106.0;108.0;56111
2017-02-08;98.75;115.0;95.25;115.0;85167
2017-02-07;92.0;100.5;91.5;99.0;145413
2017-02-06;76.25;79.0;76.0;77.75;9283
2017-02-03;76.0;76.5;75.5;76.25;3380
2017-02-02;76.25;76.25;74.5;75.5;2719
2017-02-01;74.0;75.0;73.75;74.5;3074
2017-01-31;75.25;75.75;73.5;74.5;2541
2017-01-30;77.0;77.25;75.0;75.25;3613
2017-01-27;77.0;77.5;75.0;75.75;6142
2017-01-26;77.5;78.5;76.25;77.0;4321
2017-01-25;75.5;77.5;74.5;77.5;5708
2017-01-24;73.0;75.5;73.0;74.5;3901
2017-01-23;73.75;73.75;72.0;73.0;2755
2017-01-20;73.75;74.0;73.5;73.75;1527
2017-01-19;74.25;74.25;72.0;73.75;4555
2017-01-18;73.0;74.75;73.0;74.25;4851
2017-01-17;75.25;75.75;72.75;72.75;14009
2017-01-16;78.0;79.0;73.75;74.75;19216
2017-01-13;77.0;78.5;75.0;77.0;7037
2017-01-12;78.25;78.25;75.75;77.0;4876
2017-01-11;74.0;79.0;73.5;78.25;8184
2017-01-10;74.5;76.0;73.5;74.0;4450
2017-01-09;75.5;76.75;74.5;74.5;4409
2017-01-06;;75.5;75.5;75.5;0
2017-01-05;75.0;75.5;74.75;75.5;1673
2017-01-04;73.5;75.0;73.5;75.0;7992
2017-01-03;73.25;73.25;72.0;73.25;22019
2017-01-02;72.5;73.75;72.0;73.25;5367
2016-12-30;72.0;72.5;72.0;72.5;9448
2016-12-29;72.0;72.5;72.0;72.0;9453
2016-12-28;74.5;74.5;71.0;72.0;61058
2016-12-27;78.75;80.0;73.75;75.0;21163
2016-12-23;78.0;79.25;76.5;78.75;1667
2016-12-22;79.0;79.25;78.0;78.0;2400
2016-12-21;76.25;79.25;76.25;78.0;1535
2016-12-20;77.0;78.0;75.0;76.25;3816
2016-12-19;80.0;80.0;77.25;77.5;9990
2016-12-16;82.5;82.5;80.25;80.25;4115
2016-12-15;84.0;84.0;82.25;83.5;4571
2016-12-14;82.0;84.0;81.0;84.0;9797
2016-12-13;82.75;82.75;81.25;82.0;2040
2016-12-12;81.0;82.25;81.0;81.0;8914
2016-12-09;81.0;81.0;79.5;80.75;7740
2016-12-08;80.0;82.5;79.0;81.75;10821
2016-12-07;79.0;80.5;79.0;80.5;3304
2016-12-06;78.5;79.0;78.5;79.0;5625
2016-12-05;79.5;79.5;78.0;78.75;6908
2016-12-02;78.75;81.0;77.75;79.5;2927
2016-12-01;80.5;81.0;76.25;79.0;4622
2016-11-30;81.0;81.0;79.0;80.0;3628
2016-11-29;80.0;80.75;77.0;80.75;25330
2016-11-28;82.25;82.25;79.0;80.5;8807
2016-11-25;82.25;83.25;81.75;82.25;4712
2016-11-24;81.5;82.75;81.25;82.25;2730
2016-11-23;81.0;83.25;81.0;81.25;9174
2016-11-22;78.5;81.25;78.5;80.75;5182
2016-11-21;80.5;80.5;76.75;78.5;5583
2016-11-18;80.0;83.25;80.0;80.5;12610
2016-11-17;78.0;81.75;78.0;79.5;14459
2016-11-16;74.75;78.0;74.75;77.75;6530
2016-11-15;74.5;75.0;73.25;74.75;1600
2016-11-14;76.25;76.25;71.0;74.5;6660
2016-11-11;77.5;77.75;74.0;75.25;5503
2016-11-10;74.0;77.5;74.0;76.0;6609
2016-11-09;68.75;76.5;67.5;74.0;13008
2016-11-08;73.75;74.75;72.75;74.75;10140
2016-11-07;72.5;75.0;72.0;73.75;5412
2016-11-04;74.0;74.0;72.5;72.5;8892
2016-11-03;74.0;75.5;74.0;75.0;3604
2016-11-02;73.75;74.5;69.5;73.75;51943
2016-11-01;82.0;82.0;73.0;74.25;39738
2016-10-31;85.5;85.5;82.0;83.25;22646
2016-10-28;81.75;87.0;81.0;85.5;20433
2016-10-27;78.0;82.25;78.0;81.75;24428
2016-10-26;76.0;81.0;75.25;78.0;24253
2016-10-25;76.25;79.0;75.25;76.0;47328
2016-10-24;70.5;74.0;70.25;74.0;14452
2016-10-21;71.5;71.5;69.0;70.25;20650
2016-10-20;68.0;72.0;67.25;72.0;19877
2016-10-19;67.25;67.5;67.0;67.25;5358
2016-10-18;67.75;68.25;67.0;67.25;12520
2016-10-17;68.0;68.0;65.5;67.0;17773
2016-10-14;70.0;73.5;68.0;68.25;74533
2016-10-13;64.0;70.0;63.25;70.0;58586
2016-10-12;61.25;64.5;60.25;64.0;72234
2016-10-11;61.0;62.75;61.0;61.75;6379
2016-10-10;64.0;64.0;60.5;61.5;8803
2016-10-07;62.25;64.0;61.25;63.0;30049
2016-10-06;61.5;62.25;61.0;62.0;10610
2016-10-05;60.5;61.5;60.25;61.25;8949
2016-10-04;62.5;62.5;60.5;60.5;17557
2016-10-03;63.0;63.0;60.25;61.75;17701
2016-09-30;61.5;61.75;60.25;61.75;34821
2016-09-29;61.0;61.5;60.75;61.0;20939
2016-09-28;61.0;62.25;61.0;62.0;28547
2016-09-27;62.75;62.75;60.25;61.0;24656
2016-09-26;61.5;63.5;61.5;62.75;64835
2016-09-23;58.0;60.75;57.25;59.5;29463
2016-09-22;58.25;59.0;57.5;57.75;10649
2016-09-21;58.5;58.5;56.75;58.25;9464
2016-09-20;56.5;58.0;56.5;57.5;12295
2016-09-19;56.25;57.5;56.25;56.75;15657
2016-09-16;57.5;57.5;55.75;56.25;32922
2016-09-15;56.0;57.5;56.0;57.5;17439
2016-09-14;56.5;57.5;56.0;56.25;42956
2016-09-13;60.0;60.0;56.75;57.5;64900
2016-09-12;59.0;60.75;57.75;60.0;103030
2016-09-09;64.5;64.5;63.0;63.75;7677
2016-09-08;65.0;65.5;64.5;64.75;7479
2016-09-07;64.75;65.5;64.75;65.0;12475
2016-09-06;63.5;64.75;63.5;64.5;14334
2016-09-05;62.25;64.25;61.75;63.5;31831
2016-09-02;57.5;61.0;57.5;61.0;43747
2016-09-01;59.5;60.0;55.75;57.5;77980
2016-08-31;63.5;63.5;57.25;60.0;118123
2016-08-30;68.0;68.5;64.0;64.0;83499
2016-08-29;66.0;74.0;66.0;68.0;27072
2016-08-26;65.0;66.0;65.0;65.5;7346
2016-08-25;66.0;66.75;64.25;65.5;10185
2016-08-24;68.25;68.25;64.0;66.0;37687
2016-08-23;70.0;79.25;66.5;68.0;51119
2016-08-22;65.0;68.5;65.0;68.5;23610
2016-08-19;65.0;65.0;63.0;64.0;8399
2016-08-18;62.5;64.5;62.25;64.0;17111
2016-08-17;62.5;63.25;62.25;62.5;12886
2016-08-16;61.5;62.75;61.5;62.5;19468
2016-08-15;62.75;62.75;61.5;61.5;32026
2016-08-12;63.0;63.25;61.75;63.0;46003
2016-08-11;60.5;63.5;60.5;63.25;52256
2016-08-10;59.0;60.5;58.75;60.5;63556
2016-08-09;57.0;60.0;57.0;58.75;95280
2016-08-08;53.0;60.0;52.5;55.5;189519
2016-08-05;48.6;49.4;48.6;49.0;5030
2016-08-04;49.4;49.4;48.0;48.5;3353
2016-08-03;48.7;49.0;47.9;47.9;10244
2016-08-02;49.9;49.9;48.1;48.7;6797
2016-08-01;50.0;50.25;48.6;49.5;12281
2016-07-29;48.9;50.25;47.9;50.0;32867
2016-07-28;49.0;49.0;48.5;48.9;7231
2016-07-27;47.6;48.8;47.5;48.5;4755
2016-07-26;48.5;48.9;48.0;48.0;5848
2016-07-25;48.6;49.0;48.1;48.4;6314
2016-07-22;48.2;48.9;48.0;48.6;6024
2016-07-21;48.9;48.9;47.8;48.2;14430
2016-07-20;47.5;48.9;47.3;48.4;5720
2016-07-19;48.2;48.2;47.0;47.7;5872
2016-07-18;49.0;49.0;48.2;48.2;3518
2016-07-15;49.0;49.0;47.7;48.5;13654
2016-07-14;49.2;51.75;49.0;49.3;71773
2016-07-13;43.7;45.1;43.7;45.0;11379
2016-07-12;44.8;45.0;43.5;43.7;8605
2016-07-11;44.2;45.0;43.1;44.6;7524
2016-07-08;43.3;45.4;43.3;44.6;15459
2016-07-07;41.4;43.2;41.4;43.1;16908
2016-07-06;41.7;41.9;41.2;41.4;9229
2016-07-05;42.0;42.0;41.3;41.7;16884
2016-07-04;44.9;44.9;42.3;42.3;17019
2016-07-01;45.0;45.0;44.5;44.6;7903
2016-06-30;43.3;44.0;43.1;44.0;8436
2016-06-29;43.0;43.7;42.8;43.4;5689
2016-06-28;41.1;42.8;41.1;42.7;6823
2016-06-27;42.7;43.0;40.0;40.0;30606
2016-06-24;;43.9;43.9;43.9;0
2016-06-23;44.9;44.9;42.6;43.9;6088
2016-06-22;43.0;45.0;43.0;44.9;22354
2016-06-21;42.7;43.0;42.6;43.0;3121
2016-06-20;43.0;43.0;42.3;42.6;4155
2016-06-17;42.4;42.9;42.0;42.3;2707
2016-06-16;43.0;43.0;41.8;42.4;11762
2016-06-15;43.8;43.8;42.0;43.4;15659
2016-06-14;44.0;44.0;43.0;43.7;24313
2016-06-13;43.8;44.7;43.5;43.7;46392
2016-06-10;44.0;44.3;41.8;42.9;9503
2016-06-09;42.2;44.3;42.2;44.0;11358
2016-06-08;42.0;42.3;40.8;42.2;8909
2016-06-07;42.3;42.3;41.1;41.8;32834
2016-06-06;;41.0;41.0;41.0;0
2016-06-03;41.2;42.4;41.0;41.0;3395
2016-06-02;41.8;41.8;41.1;41.3;1092
2016-06-01;42.3;42.3;41.3;41.5;3694
2016-05-31;41.8;42.3;41.8;42.3;1968
2016-05-30;42.0;42.0;41.1;41.6;3713
2016-05-27;41.0;42.0;41.0;42.0;2880
2016-05-26;42.0;42.0;41.5;41.6;2309
2016-05-25;41.5;42.0;41.3;41.7;5965
2016-05-24;42.0;42.0;40.9;41.0;24232
2016-05-23;41.0;42.3;40.7;42.0;21507
2016-05-20;41.0;41.6;40.6;41.0;21426
2016-05-19;42.0;42.0;40.0;41.9;42276
2016-05-18;40.0;41.5;40.0;41.5;20265
2016-05-17;41.0;41.0;39.7;39.8;22770
2016-05-16;40.2;40.8;40.1;40.8;12227
2016-05-13;42.0;42.0;39.9;40.4;56377
2016-05-12;41.7;41.9;41.7;41.9;7819
2016-05-11;41.3;41.8;41.3;41.5;9818
2016-05-10;41.5;41.8;41.3;41.3;13558
2016-05-09;42.6;42.6;40.9;41.5;27960
2016-05-06;43.0;43.0;42.0;42.6;11116
2016-05-05;44.0;44.0;42.0;42.1;5259
2016-05-04;44.0;44.0;42.0;42.1;5259
2016-05-03;42.5;43.3;42.5;42.6;18670
2016-05-02;43.7;43.7;41.7;42.5;14202
2016-04-29;43.0;44.0;43.0;43.8;12871
2016-04-28;45.0;46.3;43.0;43.7;14861
2016-04-27;46.0;46.9;44.8;45.0;29485
2016-04-26;46.9;48.4;44.9;46.5;31586
2016-04-25;53.0;54.0;49.3;50.5;42521
2016-04-22;52.0;52.25;51.5;52.25;13002
2016-04-21;51.0;52.0;50.5;52.0;23644
2016-04-20;50.5;51.0;50.25;50.5;14439
2016-04-19;50.5;51.0;50.0;51.0;20908
2016-04-18;49.8;50.5;48.5;50.25;25650
2016-04-15;49.8;51.0;49.8;50.25;15969
2016-04-14;50.0;50.5;47.5;49.8;23988
2016-04-13;49.8;50.75;49.7;50.5;36195
2016-04-12;49.5;49.9;49.0;49.9;11244
2016-04-11;50.0;50.0;49.5;49.5;7132
2016-04-08;49.5;49.9;49.4;49.9;14211
2016-04-07;50.0;50.0;49.0;49.5;6025
2016-04-06;50.0;50.5;49.9;50.0;16607
2016-04-05;50.5;50.5;49.5;49.9;14466
2016-04-04;50.25;50.75;49.2;50.0;18385
2016-04-01;48.7;49.9;48.3;49.0;11233
2016-03-31;48.8;49.0;48.4;48.7;12948
2016-03-30;48.9;48.9;48.0;48.4;12150
2016-03-29;47.0;48.6;47.0;48.0;12911
2016-03-28;47.8;47.9;47.0;47.0;6404
2016-03-25;47.8;47.9;46.5;47.0;6404
2016-03-24;47.8;47.9;46.5;47.0;6404
2016-03-23;46.3;47.4;46.3;47.1;6708
2016-03-22;47.0;47.4;46.5;46.8;13362
2016-03-21;46.4;47.0;46.2;47.0;10807
2016-03-18;46.1;46.2;46.1;46.2;7190
2016-03-17;46.3;46.3;45.7;45.9;3809
2016-03-16;46.0;46.2;45.8;45.8;5187
2016-03-15;45.5;45.9;45.5;45.7;5812
2016-03-14;45.5;45.5;45.0;45.5;5966
2016-03-11;45.9;45.9;45.0;45.5;9661
2016-03-10;45.8;46.0;44.9;44.9;16138
2016-03-09;45.5;45.9;45.1;45.7;9014
2016-03-08;45.5;45.5;44.6;45.3;11252
2016-03-07;45.9;45.9;45.2;45.5;12213
2016-03-04;45.9;45.9;45.6;45.9;7313
2016-03-03;45.4;46.0;45.0;45.9;35917
2016-03-02;44.3;45.0;43.8;45.0;40872
2016-03-01;43.8;44.4;43.8;44.3;7241
2016-02-29;43.9;43.9;43.5;43.8;5472
2016-02-26;44.0;44.4;43.7;43.9;15597
2016-02-25;43.7;44.0;43.0;44.0;17717
2016-02-24;43.3;44.0;43.2;43.7;13217
2016-02-23;43.7;43.7;43.0;43.3;10734
2016-02-22;43.6;43.7;43.0;43.6;22223
2016-02-19;43.2;43.7;42.6;43.1;24358
2016-02-18;41.9;43.0;41.6;42.5;39882
2016-02-17;41.0;41.8;41.0;41.5;22140
2016-02-16;40.6;41.3;39.5;40.6;47384
2016-02-15;41.6;41.6;39.9;39.9;38952
2016-02-12;40.0;41.0;39.8;40.7;63580
2016-02-11;40.4;40.4;39.7;40.0;2990
2016-02-10;39.8;40.1;39.8;39.9;12511
2016-02-09;40.0;40.1;38.4;39.9;47577
2016-02-08;41.5;41.5;39.6;40.0;18697
2016-02-05;43.1;44.5;40.9;41.0;47899
2016-02-04;39.0;40.0;38.0;39.0;7431
2016-02-03;39.5;39.7;39.0;39.0;5464
2016-02-02;39.6;40.4;39.6;39.8;1336
2016-02-01;39.5;40.4;39.5;40.3;393
2016-01-29;39.9;39.9;39.0;39.5;7560
2016-01-28;40.2;40.4;38.6;38.6;2508
2016-01-27;40.6;41.0;39.5;39.8;4468
2016-01-26;39.7;40.0;38.6;39.8;15184
2016-01-25;38.8;39.9;38.7;39.8;25362
2016-01-22;39.0;39.0;38.4;38.5;9751
2016-01-21;36.6;37.9;36.6;37.9;15518
2016-01-20;37.7;37.7;36.6;36.6;13730
2016-01-19;38.8;39.0;37.6;38.3;16295
2016-01-18;37.8;37.8;36.2;37.5;14623
2016-01-15;37.0;37.4;35.5;35.8;14216
2016-01-14;36.9;37.5;36.0;36.5;16680
2016-01-13;38.0;39.3;37.0;37.0;4161
2016-01-12;37.8;38.0;37.5;37.5;10893
2016-01-11;38.3;38.4;37.1;37.5;9658
2016-01-08;39.1;39.1;38.1;38.3;15182
2016-01-07;40.7;40.7;38.0;38.8;33107
2016-01-06;;41.0;41.0;41.0;0
2016-01-05;41.0;41.0;40.2;41.0;8265
2016-01-04;41.3;41.3;39.6;40.1;10596
2016-01-01;;41.3;41.3;41.3;0
2015-12-31;;41.3;41.3;41.3;0
2015-12-30;40.9;41.4;40.7;41.3;9322
2015-12-29;40.2;40.9;40.0;40.9;12474
2015-12-28;40.7;40.8;40.4;40.5;6696
2015-12-25;40.8;41.3;40.7;41.0;3841
2015-12-24;40.8;41.3;40.7;41.0;3841
2015-12-23;40.8;41.3;40.7;41.0;3841
2015-12-22;41.0;41.0;40.7;40.9;2055
2015-12-21;41.2;41.2;40.6;41.0;482
2015-12-18;40.5;41.2;40.5;40.6;2113
2015-12-17;40.4;40.9;40.4;40.5;1223
2015-12-16;40.5;41.0;40.4;40.6;8107
2015-12-15;40.8;41.0;40.4;41.0;15664
2015-12-14;40.8;41.0;40.8;41.0;7510
2015-12-11;41.0;41.2;40.7;40.8;6164
2015-12-10;40.6;41.3;40.6;41.0;9059
2015-12-09;41.6;41.6;40.6;40.7;3037
2015-12-08;41.1;41.6;40.0;41.1;21223
2015-12-07;41.6;42.0;40.5;41.4;14857
2015-12-04;41.9;42.7;41.0;41.4;12512
2015-12-03;42.3;42.7;40.7;42.0;10458
2015-12-02;41.8;43.5;41.8;42.2;14787
2015-12-01;41.3;41.8;40.9;41.8;9638
2015-11-30;39.8;41.9;39.8;40.9;29315
2015-11-27;39.5;40.0;39.0;39.9;10318
2015-11-26;39.6;39.7;38.5;39.5;14465
2015-11-25;40.7;40.7;39.7;39.7;4248
2015-11-24;40.7;40.7;40.0;40.0;5408
2015-11-23;41.1;41.1;40.2;40.7;4316
2015-11-20;41.0;41.7;41.0;41.1;4646
2015-11-19;40.9;41.8;40.5;41.8;7860
2015-11-18;40.4;40.8;40.4;40.7;1898
2015-11-17;40.2;40.5;40.2;40.4;7810
2015-11-16;40.3;40.7;40.0;40.7;2617
2015-11-13;39.7;40.5;39.5;40.3;5039
2015-11-12;40.4;40.7;39.7;39.7;7097
2015-11-11;41.5;41.9;40.1;40.5;10631
2015-11-10;41.0;41.5;40.8;41.5;3855
2015-11-09;41.9;41.9;40.9;41.0;8430
2015-11-06;42.0;42.0;41.1;41.4;9724
2015-11-05;42.1;42.1;41.5;42.1;4148
2015-11-04;42.9;42.9;41.7;42.1;3936
2015-11-03;43.1;43.2;42.1;42.1;16211
2015-11-02;40.8;43.7;40.4;43.5;53167
2015-10-30;41.4;41.4;40.5;41.0;3502
2015-10-29;41.0;41.6;40.2;41.6;13534
2015-10-28;42.0;42.0;41.1;41.1;18873
2015-10-27;41.5;42.2;41.5;42.0;15261
2015-10-26;43.3;43.7;41.1;41.5;43086
2015-10-23;51.0;51.25;42.5;43.2;165128
2015-10-22;47.9;51.0;46.8;50.75;41456
2015-10-21;49.3;49.3;47.7;47.9;5821
2015-10-20;47.8;48.7;47.5;48.7;10159
2015-10-19;48.7;48.7;47.6;48.7;8794
2015-10-16;48.8;48.8;47.9;48.7;57256
2015-10-15;47.8;48.3;46.7;48.0;77804
2015-10-14;47.5;47.9;47.0;47.7;13157
2015-10-13;46.0;47.1;45.9;46.3;134434
2015-10-12;45.3;46.0;45.2;46.0;24487
2015-10-09;44.9;45.0;44.5;44.5;13242
2015-10-08;44.4;44.6;44.2;44.5;4384
2015-10-07;43.7;44.5;43.5;44.5;6812
2015-10-06;43.0;43.2;42.5;43.0;9830
2015-10-05;43.4;43.4;42.0;42.0;5410
2015-10-02;42.5;43.0;42.0;42.5;10615
2015-10-01;41.6;43.0;41.6;42.5;14896
2015-09-30;41.1;41.6;40.7;41.5;44555
2015-09-29;41.7;41.7;40.4;41.2;21631
2015-09-28;41.9;41.9;41.7;41.7;2150
2015-09-25;41.8;42.8;41.1;41.7;24696
2015-09-24;42.7;42.7;41.2;41.7;30042
2015-09-23;41.7;42.8;41.7;42.7;4937
2015-09-22;43.0;43.0;42.1;42.1;13311
2015-09-21;42.2;42.7;42.2;42.7;1703
2015-09-18;42.2;42.5;42.0;42.5;9843
2015-09-17;43.0;43.0;42.1;42.6;3300
2015-09-16;42.9;43.1;42.8;43.1;11940
2015-09-15;42.0;43.1;42.0;42.2;7302
2015-09-14;42.0;43.4;41.8;42.5;10704
2015-09-11;41.6;42.0;41.6;41.9;8871
2015-09-10;42.0;42.0;41.8;42.0;3171
2015-09-09;41.7;42.1;40.5;41.9;50235
2015-09-08;41.7;41.7;40.5;41.7;45667
2015-09-07;41.0;41.8;40.5;41.8;29332
2015-09-04;41.3;41.3;40.6;40.9;5196
2015-09-03;41.3;41.3;40.8;40.9;1017
2015-09-02;40.0;40.9;40.0;40.9;14418
2015-09-01;41.1;41.1;40.0;40.8;10785
2015-08-31;41.3;41.3;40.9;41.1;3184
2015-08-28;41.3;41.5;41.0;41.3;6787
2015-08-27;40.9;41.5;40.7;41.4;9362
2015-08-26;40.7;41.4;39.6;40.7;22945
2015-08-25;39.9;41.5;39.9;40.9;19134
2015-08-24;41.0;42.0;38.7;39.9;42336
2015-08-21;42.4;43.0;41.7;42.8;17627
2015-08-20;44.4;44.4;42.3;43.0;4877
2015-08-19;43.6;43.6;42.8;43.6;14324
2015-08-18;43.7;44.5;43.4;43.9;4766
2015-08-17;43.8;44.9;43.3;43.9;9869
2015-08-14;44.5;44.5;43.8;44.0;12323
2015-08-13;43.7;45.0;43.7;45.0;2827
2015-08-12;44.0;44.0;43.7;44.0;2717
2015-08-11;45.5;45.5;43.6;44.6;21548
2015-08-10;44.2;44.4;43.7;44.4;6203
2015-08-07;44.0;44.7;43.8;44.2;11648
2015-08-06;45.0;45.0;43.9;44.4;27500
2015-08-05;45.3;46.1;44.4;44.4;17853
2015-08-04;43.2;46.8;43.1;46.8;8341
2015-08-03;44.6;44.6;44.2;44.3;2465
2015-07-31;45.0;45.0;44.0;44.5;8495
2015-07-30;44.5;45.5;43.7;44.9;57916
2015-07-29;44.8;45.0;43.6;44.8;12278
2015-07-28;44.6;44.6;43.2;44.3;16337
2015-07-27;43.8;44.4;42.3;43.2;13188
2015-07-24;44.8;44.9;43.0;43.9;18953
2015-07-23;45.2;45.4;43.3;45.4;28011
2015-07-22;45.7;45.7;44.0;44.5;12401
2015-07-21;46.2;46.2;43.7;45.6;24155
2015-07-20;46.9;46.9;42.0;45.7;52045
2015-07-17;47.7;47.7;46.4;46.5;9408
2015-07-16;46.0;47.0;45.8;47.0;54506
2015-07-15;44.8;45.0;44.3;44.5;8880
2015-07-14;45.0;45.0;44.4;44.9;3105
2015-07-13;42.9;45.2;42.9;45.0;10218
2015-07-10;42.0;43.1;42.0;43.0;6051
2015-07-09;42.1;42.9;41.3;42.8;10413
2015-07-08;42.2;42.2;40.9;41.9;1302
2015-07-07;41.7;42.4;41.7;42.0;8196
2015-07-06;40.9;41.8;40.5;41.7;602
2015-07-03;41.9;41.9;41.6;41.8;5909
2015-07-02;41.3;41.9;41.3;41.9;4305
2015-07-01;40.8;42.1;40.0;41.8;15730
2015-06-30;40.0;40.8;40.0;40.8;2155
2015-06-29;40.4;41.0;38.0;40.8;32874
2015-06-26;40.5;41.4;40.5;41.4;1714
2015-06-25;41.0;41.5;40.6;41.5;5174
2015-06-24;41.8;41.9;40.8;41.5;1734
2015-06-23;40.7;41.8;40.6;41.8;5468
2015-06-22;40.9;40.9;40.8;40.8;195
2015-06-19;;40.7;40.7;40.7;0
2015-06-18;40.1;40.7;39.1;40.7;17639
2015-06-17;39.7;40.9;39.7;40.9;3283
2015-06-16;39.2;40.0;39.0;40.0;14245
2015-06-15;39.6;40.4;39.2;39.9;2570
2015-06-12;41.0;41.0;41.0;41.0;10
2015-06-11;40.1;40.8;39.9;40.8;13909
2015-06-10;39.8;41.0;39.8;41.0;5248
2015-06-09;40.1;40.2;38.8;39.4;15712
2015-06-08;40.2;40.8;40.2;40.3;4688
2015-06-05;40.9;41.3;40.5;41.0;3736
2015-06-04;41.4;41.8;40.4;41.8;6744
2015-06-03;41.5;41.9;41.0;41.9;13343
2015-06-02;41.5;41.6;40.9;41.6;5194
2015-06-01;41.9;41.9;41.3;41.5;4957
2015-05-29;41.8;41.9;41.5;41.9;6531
2015-05-28;41.7;41.8;41.3;41.8;1646
2015-05-27;41.0;41.8;41.0;41.8;4043
2015-05-26;41.0;41.8;41.0;41.8;21251
2015-05-25;42.6;42.6;41.5;42.0;6158
2015-05-22;42.0;42.3;41.5;41.9;16732
2015-05-21;42.0;42.2;41.7;42.0;16777
2015-05-20;41.3;42.5;41.3;42.3;10284
2015-05-19;41.0;41.6;41.0;41.0;9431
2015-05-18;41.1;41.4;40.7;41.0;26250
2015-05-15;42.0;42.0;41.1;41.8;2384
2015-05-14;41.9;42.0;41.1;41.7;10352
2015-05-13;41.9;42.0;41.1;41.7;10352
2015-05-12;40.8;42.0;40.6;42.0;10893
2015-05-11;41.9;41.9;41.0;41.5;18653
2015-05-08;40.4;41.9;40.4;41.9;18631
2015-05-07;40.4;41.1;39.7;41.1;59982
2015-05-06;40.6;41.0;40.2;40.8;12064
2015-05-05;41.7;41.7;40.8;41.1;17648
2015-05-04;41.6;42.7;40.6;40.9;34340
2015-05-01;41.7;42.2;41.2;42.0;12875
2015-04-30;41.7;42.2;41.2;42.0;12875
2015-04-29;43.2;43.8;41.4;41.7;29173
2015-04-28;43.3;44.4;42.5;43.2;76211
2015-04-27;42.8;43.3;41.5;42.6;42814
2015-04-24;43.1;43.6;43.0;43.5;8218
2015-04-23;43.2;43.2;41.3;42.9;20124
2015-04-22;44.4;45.2;43.2;45.2;41875
2015-04-21;44.2;44.8;44.0;44.3;9476
2015-04-20;43.5;45.5;43.1;44.4;13730
2015-04-17;41.7;43.9;41.7;43.9;54191
2015-04-16;41.9;42.0;41.6;41.6;7911
2015-04-15;41.2;41.9;41.2;41.9;8799
2015-04-14;41.8;41.8;40.3;41.2;10654
2015-04-13;41.6;41.9;40.9;41.2;17105
2015-04-10;41.7;42.0;41.3;41.5;20700
2015-04-09;42.0;42.0;41.6;41.9;12881
2015-04-08;42.0;42.0;41.5;41.6;11394
2015-04-07;40.5;41.9;40.3;41.3;20486
2015-04-02;40.0;40.0;39.5;40.0;3782
2015-04-01;39.5;41.3;39.3;39.7;13057
2015-03-31;39.4;40.0;39.4;39.8;4444
2015-03-30;38.8;40.0;38.3;39.6;8754
2015-03-27;38.4;39.2;38.4;38.8;3556
2015-03-26;39.0;39.0;38.2;38.5;5106
2015-03-25;39.0;39.2;38.4;39.2;8980
2015-03-24;38.5;39.2;38.5;39.0;9124
2015-03-23;38.5;38.8;38.4;38.6;20007
2015-03-20;38.5;38.5;38.1;38.3;4648
2015-03-19;37.9;38.5;37.9;38.5;15441
2015-03-18;37.9;37.9;37.8;37.9;8053
2015-03-17;37.8;38.0;37.7;37.8;5823
2015-03-16;37.6;37.9;37.1;37.8;10083
2015-03-13;37.0;37.8;36.5;37.7;12777
2015-03-12;37.0;37.0;36.8;36.9;1242
2015-03-11;36.0;37.0;36.0;36.7;4299
2015-03-10;36.4;36.4;35.7;36.0;5740
2015-03-09;35.9;36.4;35.9;36.3;3372
2015-03-06;36.2;36.7;36.0;36.0;13386
2015-03-05;36.3;37.0;36.3;36.4;8276
2015-03-04;38.4;38.4;35.9;36.4;27573
2015-03-03;38.7;38.8;37.6;37.6;17774
2015-03-02;38.5;39.0;38.0;38.1;14951
2015-02-27;38.0;38.4;37.5;38.4;4959
2015-02-26;37.8;38.4;37.7;38.1;10850
2015-02-25;37.4;37.8;37.4;37.8;16059
2015-02-24;37.7;38.0;37.3;37.7;11663
2015-02-23;38.0;38.5;37.5;38.0;13814
2015-02-20;37.6;38.4;37.6;38.1;4118
2015-02-19;37.4;38.0;36.7;38.0;13805
2015-02-18;36.5;37.4;36.5;37.4;11726
2015-02-17;37.5;37.5;36.0;36.5;15343
2015-02-16;37.0;38.5;36.7;37.5;32728
2015-02-13;35.9;37.0;35.9;36.6;25297
2015-02-12;34.7;35.9;34.7;35.9;26755
2015-02-11;35.0;35.0;34.3;34.7;22819
2015-02-10;35.3;35.6;34.6;35.0;16889
2015-02-09;34.3;35.5;34.2;35.3;17625
2015-02-06;34.0;34.9;33.2;34.9;72692
2015-02-05;34.3;34.5;33.0;34.4;106365
2015-02-04;29.8;30.1;29.5;30.1;8970
2015-02-03;29.1;29.9;29.1;29.8;3332
2015-02-02;29.5;30.0;29.0;29.4;9947
2015-01-30;28.2;29.2;28.2;29.2;19939
2015-01-29;27.5;28.4;27.5;28.4;2364
2015-01-28;27.9;28.5;27.9;28.2;4943
2015-01-27;27.9;28.0;27.5;28.0;2165
2015-01-26;27.5;28.0;26.9;28.0;12305
2015-01-23;27.7;27.7;27.4;27.7;6560
2015-01-22;27.6;27.7;27.5;27.7;112976
2015-01-21;27.7;27.7;27.3;27.6;3725
2015-01-20;27.3;27.7;26.9;27.4;12357
2015-01-19;26.8;27.3;26.7;27.3;14450
2015-01-16;26.0;26.0;25.7;25.9;3401
2015-01-15;25.9;26.3;25.5;26.0;6445
2015-01-14;25.5;25.9;25.5;25.9;3944
2015-01-13;25.5;25.8;25.2;25.8;8075
2015-01-12;25.0;26.0;24.8;25.7;13775
2015-01-09;26.2;26.2;25.6;25.6;7252
2015-01-08;25.3;26.1;25.3;25.9;9557
2015-01-07;26.3;26.3;25.5;25.5;5921
2015-01-06;;26.2;26.2;26.2;0
2015-01-05;26.0;26.2;25.7;26.2;1617
2015-01-02;24.6;25.5;24.6;25.4;10933
2015-01-01;25.7;25.7;24.5;24.9;36136
2014-12-30;25.7;25.7;24.5;24.9;36136
2014-12-29;26.1;26.9;24.7;25.6;29405
2014-12-23;26.5;26.9;26.4;26.9;6237
2014-12-22;26.8;27.2;26.2;27.0;19384
2014-12-19;27.7;27.7;26.7;27.5;12900
2014-12-18;27.6;27.7;27.2;27.7;3380
2014-12-17;27.4;27.4;27.1;27.4;2500
2014-12-16;27.7;27.7;27.0;27.6;4152
2014-12-15;27.4;28.0;27.3;27.7;2724
2014-12-12;28.0;28.3;27.3;27.9;4960
2014-12-11;27.5;28.0;27.5;28.0;7995
2014-12-10;27.3;27.8;27.3;27.7;6379
2014-12-09;27.5;27.5;27.2;27.2;2565
2014-12-08;27.7;29.0;27.7;28.2;15784
2014-12-05;28.8;28.8;27.4;28.2;20041
2014-12-04;28.7;28.8;28.1;28.1;15692
2014-12-03;27.3;29.0;27.3;28.7;21728
2014-12-02;26.6;27.0;26.5;27.0;7162
2014-12-01;26.8;26.8;26.2;26.5;5053
2014-11-28;26.8;26.8;26.8;26.8;5110
2014-11-27;26.6;26.9;26.5;26.9;3640
2014-11-26;27.0;27.3;26.6;27.0;16146
2014-11-25;26.9;27.3;26.9;27.3;7462
2014-11-24;26.6;27.5;26.6;27.5;2513
2014-11-21;26.8;26.9;26.8;26.9;1605
2014-11-20;26.9;26.9;26.4;26.8;5020
2014-11-19;26.8;26.9;26.5;26.9;5241
2014-11-18;26.8;26.9;26.5;26.8;3093
2014-11-17;26.7;26.9;26.7;26.8;2099
2014-11-14;26.7;26.8;26.5;26.7;1291
2014-11-13;26.2;26.9;26.2;26.9;18950
2014-11-12;26.3;26.9;26.3;26.8;1875
2014-11-11;26.9;27.0;26.4;26.9;9825
2014-11-10;27.2;27.2;27.1;27.1;2320
2014-11-07;27.3;27.3;26.8;27.2;5170
2014-11-06;27.0;27.5;26.5;27.4;25405
2014-11-05;26.5;27.0;26.3;26.9;5852
2014-11-04;26.5;26.9;26.5;26.9;14838
2014-11-03;27.5;27.7;26.3;26.4;34067
2014-10-31;27.2;27.5;27.2;27.5;5320
2014-10-30;27.4;27.6;27.2;27.5;3760
2014-10-29;27.0;27.3;26.7;27.3;12111
2014-10-28;27.3;27.3;26.4;26.7;16418
2014-10-24;25.6;26.7;25.4;26.6;96641
2014-10-23;22.8;23.0;22.8;23.0;1705
2014-10-22;22.8;22.8;22.0;22.7;13496
2014-10-21;23.2;23.2;22.7;22.8;3480
2014-10-20;22.3;23.0;22.3;23.0;6320
2014-10-17;20.4;22.4;20.4;22.4;9282
2014-10-16;20.6;20.9;19.9;20.5;6000
2014-10-15;21.0;21.2;20.3;20.3;7647
2014-10-14;20.5;21.0;20.5;20.7;6855
2014-10-13;21.0;21.0;20.1;20.6;4391
2014-10-10;21.1;21.3;20.7;21.1;9044
2014-10-09;21.8;22.0;21.3;21.8;10788
2014-10-08;21.7;21.8;21.2;21.4;3802
2014-10-07;21.9;22.1;21.2;21.6;9732
2014-10-06;23.2;23.2;22.1;22.1;35233
2014-10-03;23.3;23.3;22.4;23.2;14911
2014-10-02;23.5;23.5;23.0;23.0;6735
2014-10-01;23.8;23.8;23.4;23.5;3319
2014-09-30;24.3;24.3;23.5;23.9;5460
2014-09-29;23.4;24.4;23.2;24.1;27170
2014-09-26;23.7;23.7;23.0;23.4;6556
2014-09-25;23.8;23.8;23.2;23.5;6745
2014-09-24;23.3;23.7;23.2;23.7;9493
2014-09-23;23.3;23.4;23.1;23.4;7885
2014-09-22;23.1;23.9;23.1;23.5;37489
2014-09-19;22.7;22.8;22.5;22.8;7822
2014-09-18;22.5;22.8;22.5;22.8;1665
2014-09-17;23.0;23.0;23.0;23.0;100
2014-09-16;22.5;22.7;22.3;22.5;5820
2014-09-15;22.7;23.0;22.3;22.6;8540
2014-09-12;22.9;23.0;22.7;23.0;3050
2014-09-11;22.8;23.1;22.6;23.0;13230
2014-09-10;22.6;23.1;22.6;23.0;6616
2014-09-09;23.1;23.2;22.7;23.1;15631
2014-09-08;23.0;23.3;23.0;23.3;1165
2014-09-05;22.8;23.2;22.8;23.0;4607
2014-09-04;23.3;23.3;22.8;23.3;9722
2014-09-03;23.1;23.3;22.9;23.3;6270
2014-09-02;23.1;23.4;23.0;23.1;10048
2014-09-01;23.3;23.6;23.0;23.1;40592
2014-08-29;22.7;22.9;22.7;22.9;3550
2014-08-28;23.0;23.0;22.6;22.7;3963
2014-08-27;22.9;22.9;22.5;22.9;3351
2014-08-26;22.9;22.9;22.7;22.8;1889
2014-08-25;22.7;23.0;22.6;23.0;13561
2014-08-22;22.7;22.7;22.3;22.5;7790
2014-08-21;22.5;22.8;22.2;22.8;27433
2014-08-20;22.4;23.0;22.3;22.6;81675
2014-08-19;21.7;21.7;21.7;21.7;4000
2014-08-18;21.3;21.5;21.3;21.5;8609
2014-08-15;21.2;22.0;21.2;22.0;1661
2014-08-14;21.2;21.5;21.2;21.5;500
2014-08-13;21.3;21.5;21.2;21.5;3009
2014-08-12;21.6;21.6;21.4;21.6;1604
2014-08-11;21.4;21.6;21.1;21.6;16418
2014-08-08;21.1;21.3;21.0;21.3;4289
2014-08-07;;21.2;21.2;21.2;0
2014-08-06;21.8;21.8;21.1;21.2;9745
2014-08-05;21.6;21.7;21.6;21.7;1135
2014-08-04;21.5;21.5;21.3;21.3;3523
2014-08-01;21.5;21.5;21.3;21.5;11963
2014-07-31;21.6;21.7;21.4;21.7;6100
2014-07-30;21.5;21.8;21.5;21.8;2246
2014-07-29;21.9;21.9;21.5;21.5;651
2014-07-28;22.0;22.0;21.5;21.8;2313
2014-07-25;21.9;22.0;21.5;22.0;3106
2014-07-24;21.6;21.8;21.6;21.8;4933
2014-07-23;22.0;22.0;21.6;21.6;3223
2014-07-22;22.0;22.0;21.8;21.9;8134
2014-07-21;22.3;22.3;21.9;22.0;16739
2014-07-18;21.8;22.9;21.8;22.0;99673
2014-07-17;20.4;20.4;20.0;20.0;1410
2014-07-16;21.0;21.0;20.0;20.0;1451
2014-07-15;19.9;20.3;19.8;20.0;2575
2014-07-14;20.2;20.2;20.2;20.2;2325
2014-07-11;20.1;20.2;19.8;20.2;2300
2014-07-10;20.3;20.3;20.3;20.3;955
2014-07-09;20.3;20.3;20.2;20.2;500
2014-07-08;20.4;20.4;20.4;20.4;600
2014-07-07;20.4;20.4;20.4;20.4;319
2014-07-04;20.3;20.7;20.1;20.7;510
2014-07-03;20.3;20.3;20.3;20.3;900
2014-07-02;20.1;20.6;20.1;20.2;10837
2014-07-01;20.4;20.4;20.0;20.4;23064
2014-06-30;20.8;20.9;20.2;20.9;1673
2014-06-27;21.1;21.1;20.6;20.6;4025
2014-06-26;20.7;20.7;20.7;20.7;3445
2014-06-25;20.7;20.7;20.7;20.7;600
2014-06-24;20.5;20.7;20.5;20.7;1650
2014-06-23;20.8;21.0;20.6;20.6;1609
2014-06-20;;20.4;20.4;20.4;0
2014-06-19;20.3;20.6;20.1;20.4;3536
2014-06-18;20.6;20.6;20.4;20.4;1200
2014-06-17;20.6;20.6;20.3;20.3;4400
2014-06-16;21.0;21.0;20.1;20.3;5603
2014-06-13;20.4;21.0;20.4;21.0;16026
2014-06-12;20.8;20.8;20.2;20.7;11954
2014-06-11;20.5;20.8;20.4;20.8;25846
2014-06-10;20.3;20.3;20.3;20.3;3754
2014-06-09;20.2;20.2;20.0;20.2;21120
2014-06-06;;20.2;20.2;20.2;0
2014-06-05;20.3;20.5;20.2;20.2;5628
2014-06-04;20.3;20.4;20.2;20.3;6701
2014-06-03;20.9;20.9;20.1;20.5;24134
2014-06-02;20.7;20.8;20.4;20.5;5141
2014-05-30;21.0;21.0;20.6;20.6;3008
2014-05-28;20.5;21.0;20.5;21.0;976
2014-05-27;20.3;21.0;20.3;20.8;8213
2014-05-26;20.7;21.0;20.2;20.2;6590
2014-05-23;20.7;20.7;20.4;20.7;2750
2014-05-22;20.8;20.9;20.7;20.7;19100
2014-05-21;20.8;20.9;20.7;20.8;2780
2014-05-20;20.8;21.0;20.8;20.8;730
2014-05-19;21.0;21.1;20.9;20.9;6059
2014-05-16;20.8;21.0;20.8;21.0;1184
2014-05-15;20.7;21.1;20.7;21.0;8086
2014-05-14;21.0;21.0;20.6;20.7;22235
2014-05-13;20.5;20.9;20.5;20.9;13955
2014-05-12;20.7;20.7;20.5;20.5;5325
2014-05-09;20.8;20.9;20.6;20.7;2200
2014-05-08;20.5;20.9;20.5;20.9;8408
2014-05-07;20.7;21.0;20.3;20.3;6738
2014-05-06;21.2;21.3;20.5;20.8;5483
2014-05-05;21.4;21.7;21.2;21.3;12631
2014-05-02;21.0;21.4;20.4;21.4;20354
2014-05-01;;20.6;20.6;20.6;0
2014-04-30;20.6;20.7;20.6;20.6;5108
2014-04-29;20.7;20.9;20.6;20.8;5571
2014-04-28;21.1;21.1;20.8;20.9;12040
2014-04-25;21.1;21.5;21.1;21.1;12225
2014-04-24;21.1;21.5;21.1;21.3;11591
2014-04-23;22.5;22.5;20.7;21.1;22085
2014-04-22;19.3;22.9;19.2;22.7;63164
2014-04-17;19.0;19.7;19.0;19.7;6315
2014-04-16;19.0;19.1;18.7;19.0;670
2014-04-15;19.1;19.1;19.0;19.0;4672
2014-04-14;19.2;19.2;19.0;19.0;14218
2014-04-11;19.0;19.2;19.0;19.2;5840
2014-04-10;19.1;19.3;19.0;19.3;825
2014-04-09;19.0;19.2;19.0;19.2;3720
2014-04-08;19.0;19.0;19.0;19.0;1530
2014-04-07;19.2;19.5;18.8;19.1;11650
2014-04-04;19.4;19.5;19.4;19.5;700
2014-04-03;19.9;19.9;19.9;19.9;2498
2014-04-02;19.8;19.9;19.5;19.5;4600
2014-04-01;19.5;19.6;19.5;19.5;1450
2014-03-31;19.2;19.7;19.2;19.7;2000
2014-03-28;19.2;19.3;19.0;19.0;6742
2014-03-27;19.3;19.3;19.2;19.2;845
2014-03-26;19.2;19.3;19.2;19.2;3479
2014-03-25;19.3;19.3;19.2;19.2;3944
2014-03-24;19.8;19.8;19.1;19.3;16808
2014-03-21;19.2;19.6;19.2;19.4;2624
2014-03-20;19.0;19.2;19.0;19.2;1790
2014-03-19;19.7;19.9;19.5;19.7;6640
2014-03-18;19.0;19.7;19.0;19.7;4438
2014-03-17;19.3;19.5;18.8;19.3;35095
2014-03-14;19.2;19.5;19.0;19.0;18913
2014-03-13;19.0;19.4;18.8;19.4;2831
2014-03-12;19.0;19.2;18.8;19.0;11672
2014-03-11;19.0;19.5;18.9;19.3;12736
2014-03-10;19.0;19.4;18.7;19.1;14213
2014-03-07;19.0;19.2;18.8;19.0;3013
2014-03-06;19.1;19.4;19.1;19.1;6162
2014-03-05;19.2;19.5;18.9;19.3;13023
2014-03-04;19.1;19.7;19.1;19.3;22748
2014-03-03;19.1;19.6;18.8;18.9;37958
2014-02-28;19.5;19.6;19.3;19.6;2300
2014-02-27;19.5;19.5;19.4;19.5;2681
2014-02-26;20.0;20.0;19.5;19.7;10900
2014-02-25;20.0;20.0;20.0;20.0;500
2014-02-24;19.5;19.9;19.3;19.7;5795
2014-02-21;19.4;19.9;19.3;19.7;11441
2014-02-20;19.9;19.9;19.3;19.3;2458
2014-02-19;19.8;19.9;19.5;19.6;21619
2014-02-18;19.4;19.8;19.3;19.8;8693
2014-02-17;19.7;19.7;19.2;19.3;20812
2014-02-14;18.9;19.5;18.9;19.5;18986
2014-02-13;18.9;19.0;18.9;18.9;15428
2014-02-12;19.0;19.3;18.8;19.3;10497
2014-02-11;19.0;19.8;19.0;19.3;28366
2014-02-10;18.8;19.0;18.3;19.0;127595
2014-02-07;18.8;19.0;18.3;18.8;51381
2014-02-06;19.3;19.3;18.7;19.0;53488
2014-02-05;19.5;19.7;19.3;19.6;16068
2014-02-04;19.5;20.0;19.5;19.5;15649
2014-02-03;20.5;20.5;19.5;20.0;6925
2014-01-31;19.7;19.9;19.5;19.5;5750
2014-01-30;19.9;19.9;19.3;19.6;17919
2014-01-29;20.0;20.0;19.5;19.9;16287
2014-01-28;19.3;20.0;19.3;20.0;4685
2014-01-27;20.0;20.0;19.6;19.7;10466
2014-01-24;20.5;20.5;20.1;20.2;20940
2014-01-23;20.5;20.5;20.1;20.4;55366
2014-01-22;20.8;21.0;20.4;20.5;61285
2014-01-21;21.5;21.5;20.8;20.8;33125
2014-01-20;21.2;21.5;21.2;21.3;26325
2014-01-17;21.2;21.6;21.2;21.4;10439
2014-01-16;21.4;21.4;21.3;21.4;4621
2014-01-15;22.2;22.2;21.0;21.4;51769
2014-01-14;21.6;22.2;21.6;22.2;4557
2014-01-13;22.2;22.4;21.2;21.8;54515
2014-01-10;22.7;22.7;22.2;22.2;13797
2014-01-09;22.6;22.7;22.5;22.7;8435
2014-01-08;22.8;23.0;22.7;22.9;2792
2014-01-07;23.2;23.4;22.8;22.8;9320
2014-01-06;;23.0;23.0;23.0;0
2014-01-03;23.1;23.2;23.0;23.0;13507
2014-01-02;22.5;23.2;22.5;23.1;4714
2013-12-31;;22.5;22.5;22.5;0
2013-12-30;22.3;23.5;22.3;22.5;23047
2013-12-27;21.6;22.8;21.6;22.0;160889
2013-12-23;21.5;21.7;21.3;21.5;74601
2013-12-20;21.4;21.5;21.4;21.4;12703
2013-12-19;21.1;21.5;21.1;21.5;26250
2013-12-18;21.1;21.5;21.1;21.2;48637
2013-12-17;21.1;21.4;21.0;21.4;33074
2013-12-16;21.7;21.7;20.7;21.5;56765
2013-12-13;22.0;22.0;21.8;21.8;29126
2013-12-12;22.8;22.8;22.1;22.1;6000
2013-12-11;23.2;23.5;23.0;23.0;6770
2013-12-10;22.8;23.4;22.8;23.2;11390
2013-12-09;23.1;23.4;23.0;23.4;7404
2013-12-06;22.9;23.2;22.8;23.2;4335
2013-12-05;23.0;23.1;22.2;23.1;24230
2013-12-04;22.6;23.1;22.6;22.8;10353
2013-12-03;23.0;23.0;21.9;22.5;19072
2013-12-02;22.9;23.1;22.5;23.0;23231
2013-11-29;22.6;23.0;22.6;23.0;14357
2013-11-28;22.3;23.0;22.3;22.6;3942
2013-11-27;22.5;22.5;22.1;22.2;8796
2013-11-26;21.9;22.7;21.9;22.5;7373
2013-11-25;22.0;22.1;21.8;21.8;2600
2013-11-22;22.4;22.8;22.4;22.4;6009
2013-11-21;22.4;22.7;22.4;22.5;5420
2013-11-20;22.4;22.4;22.4;22.4;500
2013-11-19;22.4;22.5;22.4;22.5;3080
2013-11-18;22.0;23.0;22.0;22.8;6661
2013-11-15;23.0;23.3;22.6;23.2;20455
2013-11-14;21.7;23.0;21.7;22.5;12049
2013-11-13;22.2;22.2;21.6;21.7;5950
2013-11-12;21.9;22.1;21.8;22.1;7300
2013-11-11;22.5;22.7;21.9;21.9;16925
2013-11-08;22.7;23.0;22.7;22.7;2951
2013-11-07;22.1;22.7;22.1;22.7;12246
2013-11-06;22.0;22.3;22.0;22.1;7808
2013-11-05;21.8;22.0;21.7;21.8;6730
2013-11-04;21.8;22.0;21.6;21.6;60864
2013-11-01;22.1;22.1;22.1;22.1;1999
2013-10-31;22.2;22.2;21.7;22.0;3232
2013-10-30;22.0;22.4;22.0;22.2;1102
2013-10-29;22.0;22.2;22.0;22.0;3216
2013-10-28;22.6;22.6;22.1;22.3;16240
2013-10-25;22.3;23.0;22.2;22.6;13889
2013-10-24;21.8;22.5;21.8;22.5;6950
2013-10-23;21.8;22.2;21.8;22.0;5778
2013-10-22;21.9;22.1;21.8;22.0;5745
2013-10-21;21.4;22.2;21.3;21.9;13750
2013-10-18;21.5;21.8;21.3;21.8;2652
2013-10-17;21.1;21.6;21.1;21.3;4662
2013-10-16;21.3;21.3;20.6;21.0;4207
2013-10-15;21.2;21.7;21.2;21.3;1775
2013-10-14;21.2;21.5;21.2;21.3;2542
2013-10-11;21.1;21.5;21.0;21.1;8589
2013-10-10;21.1;21.1;21.1;21.1;2650
2013-10-09;21.0;21.5;21.0;21.1;4941
2013-10-08;21.5;21.5;21.0;21.0;4250
2013-10-07;22.0;22.4;21.5;21.5;10474
2013-10-04;22.2;22.3;21.9;22.0;13468
2013-10-03;22.0;22.5;22.0;22.4;4167
2013-10-02;23.0;23.4;21.5;21.9;16355
2013-10-01;23.3;23.5;23.0;23.0;5813
2013-09-30;24.3;24.3;23.1;23.3;12178
2013-09-27;23.8;24.3;23.4;23.4;10561
2013-09-26;23.0;23.4;23.0;23.4;6450
2013-09-25;22.6;23.6;22.6;22.6;14552
2013-09-24;22.3;22.6;22.0;22.6;11079
2013-09-23;22.3;22.3;21.6;22.0;16005
2013-09-20;21.6;22.4;21.5;21.8;33242
2013-09-19;21.2;21.5;21.0;21.2;15914
2013-09-18;20.9;21.2;20.6;21.2;6600
2013-09-17;21.0;21.2;20.8;20.9;8136
2013-09-16;20.5;21.3;20.2;21.0;58305
2013-09-13;20.9;20.9;20.5;20.5;8939
2013-09-12;20.7;21.0;20.5;20.9;10215
2013-09-11;21.0;21.0;20.6;20.9;12195
2013-09-10;20.5;21.0;20.5;21.0;29183
2013-09-09;20.0;20.9;19.9;20.6;33068
2013-09-06;20.0;20.0;19.8;19.9;8270
2013-09-05;20.2;20.2;19.9;19.9;11197
2013-09-04;19.3;20.5;19.3;20.2;33732
2013-09-03;19.5;19.9;19.3;19.5;16776
2013-09-02;19.4;19.4;19.2;19.3;2572
2013-08-30;19.1;19.7;19.1;19.2;11632
2013-08-29;19.0;19.4;19.0;19.1;5183
2013-08-28;19.1;19.1;18.8;19.0;9348
2013-08-27;19.5;19.5;19.0;19.1;7811
2013-08-26;19.4;19.9;19.0;19.2;34356
2013-08-23;19.3;19.3;19.1;19.1;4421
2013-08-22;19.2;19.4;19.2;19.3;10321
2013-08-21;19.8;19.8;19.2;19.2;7058
2013-08-20;19.7;19.7;19.3;19.4;1701
2013-08-19;19.7;19.8;19.5;19.6;1944
2013-08-16;19.8;19.8;19.5;19.7;2602
2013-08-15;19.9;20.0;19.8;19.8;8754
2013-08-14;19.6;20.1;19.5;19.8;11585
2013-08-13;19.5;19.9;19.5;19.7;5885
2013-08-12;20.0;20.0;19.5;19.5;1089
2013-08-09;19.8;19.8;19.8;19.8;29
2013-08-08;19.3;19.8;19.3;19.8;7322
2013-08-07;19.6;19.6;19.3;19.3;8935
2013-08-06;20.0;20.0;19.5;19.5;1154
2013-08-05;20.1;20.1;19.6;19.7;4047
2013-08-02;20.4;20.4;20.1;20.1;3802
2013-08-01;20.1;20.5;20.1;20.1;3422
2013-07-31;19.8;20.2;19.7;20.1;6142
2013-07-30;19.9;20.4;19.9;20.0;11157
2013-07-29;19.8;19.9;19.6;19.6;616
2013-07-26;19.8;19.9;19.6;19.6;5299
2013-07-25;19.7;19.8;19.5;19.5;3295
2013-07-24;19.4;19.8;19.4;19.8;4810
2013-07-23;19.3;19.5;19.2;19.3;4402
2013-07-22;19.1;19.6;19.1;19.2;3230
2013-07-19;19.2;20.1;19.2;19.6;25578
2013-07-18;18.7;19.0;18.7;18.9;9596
2013-07-17;19.0;19.0;18.7;19.0;6159
2013-07-16;19.3;19.3;18.6;19.2;11260
2013-07-15;19.2;19.7;19.0;19.3;12079
2013-07-12;20.0;20.0;19.4;19.5;9082
2013-07-11;19.8;20.2;19.8;20.0;1901
2013-07-10;19.7;20.3;19.7;20.3;16638
2013-07-09;19.0;19.6;19.0;19.4;7114
2013-07-08;19.2;19.2;19.0;19.0;2746
2013-07-05;19.2;19.6;19.2;19.3;1617
2013-07-04;19.0;19.4;19.0;19.2;5843
2013-07-03;18.8;19.2;18.8;19.0;1011
2013-07-02;18.8;19.2;18.8;18.8;6384
2013-07-01;19.2;19.2;18.8;18.8;6353
2013-06-28;19.0;19.1;18.5;18.5;2128
2013-06-27;19.0;19.4;18.8;19.0;4387
2013-06-26;19.0;19.0;18.5;18.8;11897
2013-06-25;18.6;19.0;18.6;19.0;3583
2013-06-24;19.0;19.5;18.7;19.1;14743
2013-06-21;;19.0;19.0;19.0;0
2013-06-20;19.5;19.6;19.0;19.0;8763
2013-06-19;19.4;19.9;19.2;19.9;3950
2013-06-18;19.4;19.4;19.3;19.4;1968
2013-06-17;19.4;19.5;19.1;19.4;14104
2013-06-14;19.8;19.8;19.4;19.4;8465
2013-06-13;19.7;19.7;19.3;19.4;9770
2013-06-12;19.7;20.1;19.6;19.6;14887
2013-06-11;19.7;19.7;19.3;19.5;3308
2013-06-10;20.0;20.2;19.7;19.8;9240
2013-06-07;20.0;20.0;19.8;19.9;3538
2013-06-06;;20.1;20.1;20.1;0
2013-06-05;20.4;20.4;20.0;20.1;12582
2013-06-04;19.8;20.4;19.8;20.4;10124
2013-06-03;20.0;20.2;19.6;19.6;6588
2013-05-31;20.0;20.4;20.0;20.0;10801
2013-05-30;19.2;20.2;19.2;20.2;43029
2013-05-29;19.4;19.5;19.1;19.4;23514
2013-05-28;20.0;20.0;19.7;19.9;14094
2013-05-27;20.5;20.5;19.8;20.0;9080
2013-05-24;20.0;20.5;20.0;20.5;13330
2013-05-23;19.9;20.2;19.7;20.1;7867
2013-05-22;19.5;20.4;19.5;20.2;25578
2013-05-21;19.3;19.6;18.5;19.1;17579
2013-05-20;19.9;20.3;19.5;19.5;16311
2013-05-17;18.9;19.9;18.9;19.9;14601
2013-05-16;18.8;18.9;18.7;18.8;7519
2013-05-15;19.2;19.2;18.5;19.1;24478
2013-05-14;19.4;19.6;19.1;19.2;13591
2013-05-13;20.2;20.2;19.2;19.6;36439
2013-05-10;20.4;20.7;20.0;20.2;11364
2013-05-09;;20.4;20.4;20.4;0
2013-05-08;21.1;21.1;20.2;20.4;15683
2013-05-07;21.4;21.4;20.8;21.0;11020
2013-05-06;21.0;21.8;20.8;21.2;19460
2013-05-03;20.8;21.1;20.0;21.0;19601
2013-05-02;21.0;21.7;19.8;20.3;52679
2013-05-01;;21.2;21.2;21.2;0
2013-04-30;20.6;21.2;20.6;21.2;16440
2013-04-29;22.1;22.1;20.5;20.7;67825
2013-04-26;20.9;22.1;20.9;22.1;19917
2013-04-25;22.0;22.0;20.9;21.0;79036
2013-04-24;22.9;24.1;21.8;22.4;91426
2013-04-23;31.2;31.2;22.8;24.2;243908
2013-04-22;31.4;32.1;31.2;31.2;10148
2013-04-19;31.0;31.9;31.0;31.8;22070
2013-04-18;32.0;32.0;31.1;31.1;4695
2013-04-17;32.7;32.7;32.1;32.1;6684
2013-04-16;32.3;32.5;31.0;32.1;11848
2013-04-15;31.6;32.3;31.6;32.1;11668
2013-04-12;31.8;32.1;31.8;32.1;8961
2013-04-11;32.5;32.5;32.0;32.0;6638
2013-04-10;31.8;32.1;31.8;32.0;12208
2013-04-09;32.0;32.2;31.6;31.9;7834
2013-04-08;32.5;32.5;32.2;32.2;18694
2013-04-05;32.1;32.6;31.6;32.5;15395
2013-04-04;31.9;32.3;31.6;32.3;57243
2013-04-03;32.2;32.2;31.7;32.1;62014
2013-04-02;31.9;32.2;30.5;32.2;110297
2013-04-01;;32.4;32.4;32.4;0
2013-03-29;32.7;32.4;32.4;32.4;9356
2013-03-28;32.7;32.7;32.0;32.6;9356
2013-03-27;32.7;32.7;32.0;32.6;9356
2013-03-26;32.7;32.7;32.0;32.7;3862
2013-03-25;32.2;32.7;32.2;32.7;11275
2013-03-22;32.3;32.5;32.0;32.5;13056
2013-03-21;32.2;32.3;32.0;32.3;12323
2013-03-20;32.2;32.5;32.0;32.2;12020
2013-03-19;31.7;32.5;31.7;32.0;19380
2013-03-18;32.1;32.1;31.3;31.5;6710
2013-03-15;32.0;32.5;31.8;32.5;29385
2013-03-14;31.6;32.0;31.6;32.0;10330
2013-03-13;31.2;31.9;31.2;31.6;43368
2013-03-12;31.2;32.0;31.1;31.4;27033
2013-03-11;31.3;31.9;31.1;31.3;22919
2013-03-08;31.4;31.5;31.1;31.3;6106
2013-03-07;31.4;31.5;31.3;31.3;2841
2013-03-06;31.9;31.9;31.0;31.0;14901
2013-03-05;31.6;32.1;31.2;31.3;15330
2013-03-04;31.4;31.6;31.2;31.6;18491
2013-03-01;31.8;31.8;31.3;31.6;12758
2013-02-28;31.4;31.8;31.2;31.8;48414
2013-02-27;31.4;31.4;31.0;31.3;3400
2013-02-26;31.4;31.5;31.1;31.3;9950
2013-02-25;31.1;31.4;30.9;31.4;45516
2013-02-22;31.0;31.6;31.0;31.5;43713
2013-02-21;31.5;31.6;31.3;31.4;21713
2013-02-20;31.7;31.8;31.1;31.5;17568
2013-02-19;31.4;31.8;31.0;31.7;10124
2013-02-18;31.7;31.9;31.4;31.6;15703
2013-02-15;31.6;31.8;31.0;31.8;13138
2013-02-14;31.8;32.0;31.2;31.3;16375
2013-02-13;31.6;32.0;31.3;31.8;37639
2013-02-12;31.9;31.9;31.4;31.6;36714
2013-02-11;32.5;32.5;31.5;32.0;61605
2013-02-08;31.2;32.3;31.2;32.3;86387
2013-02-07;32.0;32.0;29.4;30.9;170330
2013-02-06;34.2;34.4;34.1;34.3;12599
2013-02-05;33.8;33.9;33.3;33.9;8569
2013-02-04;33.8;34.1;33.0;33.9;18954
2013-02-01;33.8;33.8;33.1;33.8;8979
2013-01-31;33.6;33.8;33.6;33.8;4614
2013-01-30;33.4;33.6;33.2;33.6;5237
2013-01-29;33.7;33.7;33.3;33.4;7217
2013-01-28;34.2;34.3;33.8;34.0;5739
2013-01-25;33.7;34.3;33.7;34.0;8091
2013-01-24;33.9;34.0;33.3;33.4;1700
2013-01-23;33.9;34.0;33.7;34.0;4874
2013-01-22;33.5;34.0;33.5;34.0;16012
2013-01-21;33.3;33.8;32.6;33.5;24096
2013-01-18;32.8;33.5;32.5;33.2;16113
2013-01-17;32.9;32.9;32.7;32.7;3935
2013-01-16;32.6;33.0;32.2;33.0;4293
2013-01-15;32.6;33.0;32.3;32.6;5179
2013-01-14;33.1;33.1;32.2;32.6;10203
2013-01-11;32.5;33.1;32.5;33.1;3195
2013-01-10;32.3;33.0;32.3;33.0;4782
2013-01-09;33.0;33.0;32.7;32.8;3696
2013-01-08;32.9;33.3;32.8;33.3;5518
2013-01-07;33.3;33.3;32.8;32.9;11407
2013-01-04;32.6;32.8;32.5;32.8;5705
2013-01-03;32.5;32.7;32.5;32.6;11961
2013-01-02;32.0;32.5;31.5;32.5;16617
2013-01-01;;31.9;31.9;31.9;0
2012-12-31;;31.9;31.9;31.9;0
2012-12-28;31.5;32.2;31.2;31.9;21260
