Dates;Open;High;Low;Close;Volume
2017-12-27;43.0;45.0;42.9;44.7;61920
2017-12-22;43.5;43.5;42.4;43.3;226190
2017-12-21;43.2;43.6;42.7;43.5;29627
2017-12-20;43.2;43.7;43.1;43.7;13683
2017-12-19;44.5;44.5;42.9;43.2;18520
2017-12-18;42.4;44.5;42.4;44.5;33145
2017-12-15;43.7;43.7;42.1;42.4;83722
2017-12-14;44.0;44.5;43.5;43.8;16305
2017-12-13;44.4;44.7;44.0;44.0;41153
2017-12-12;44.6;44.8;44.3;44.5;15235
2017-12-11;45.0;45.5;44.3;44.8;29051
2017-12-08;45.0;45.5;45.0;45.1;20064
2017-12-07;45.0;45.1;44.5;45.0;14036
2017-12-06;45.5;45.5;45.0;45.1;11154
2017-12-05;45.1;45.6;45.0;45.5;35652
2017-12-04;45.4;46.0;44.8;45.6;21229
2017-12-01;44.9;46.8;44.8;45.3;40787
2017-11-30;46.4;46.4;44.4;45.0;145675
2017-11-29;47.4;47.4;46.4;46.5;24462
2017-11-28;47.0;47.6;46.0;47.1;22591
2017-11-27;46.1;47.1;45.2;47.0;41750
2017-11-24;45.8;46.5;45.0;46.1;23881
2017-11-23;45.6;46.0;45.1;45.6;14909
2017-11-22;45.4;45.9;45.0;45.8;26855
2017-11-21;45.7;45.9;45.1;45.4;15266
2017-11-20;45.8;45.8;45.1;45.4;12381
2017-11-17;46.0;46.3;45.5;45.8;31857
2017-11-16;45.3;45.9;45.0;45.7;20651
2017-11-15;44.5;45.9;43.8;45.2;59773
2017-11-14;46.0;47.5;43.6;44.5;160951
2017-11-13;47.4;47.4;45.5;45.9;22623
2017-11-10;46.8;47.4;46.8;47.3;20037
2017-11-09;47.5;47.8;46.8;47.0;18615
2017-11-08;47.8;48.0;46.5;47.6;40528
2017-11-07;47.9;48.3;47.7;48.0;10986
2017-11-06;48.1;48.5;47.5;48.0;15212
2017-11-03;47.8;48.2;47.8;48.1;10123
2017-11-02;48.6;48.6;47.5;47.8;56865
2017-11-01;48.3;48.8;47.8;48.7;23868
2017-10-31;48.2;48.9;48.2;48.5;39914
2017-10-30;49.0;49.4;47.9;49.0;35508
2017-10-27;48.2;49.5;47.4;49.0;92688
2017-10-26;48.5;48.7;47.6;47.9;36607
2017-10-25;50.25;50.25;47.9;48.5;66680
2017-10-24;50.75;51.75;49.5;50.25;84275
2017-10-23;51.75;53.25;51.25;53.25;29189
2017-10-20;52.5;52.75;51.5;52.0;29854
2017-10-19;51.75;53.0;51.75;52.25;9547
2017-10-18;52.75;53.0;52.0;52.0;9872
2017-10-17;52.5;53.25;52.5;53.0;14547
2017-10-13;52.25;52.5;51.0;52.25;27837
2017-10-12;52.5;53.0;52.25;52.5;13267
2017-10-11;52.5;53.0;52.25;52.5;15127
2017-10-10;53.0;53.0;52.0;52.5;12397
2017-10-09;52.75;53.0;52.25;53.0;9768
2017-10-06;52.25;52.75;51.5;52.75;24379
2017-10-05;52.5;52.75;52.25;52.5;18985
2017-10-04;52.25;53.25;52.25;53.0;20807
2017-10-03;53.25;53.5;52.25;52.25;32539
2017-10-02;52.25;53.5;52.25;53.5;31949
2017-09-29;53.75;54.0;52.0;52.5;43204
2017-09-28;50.75;53.75;49.7;53.25;220626
2017-09-27;51.5;51.5;50.0;50.75;22509
2017-09-26;52.0;52.0;51.0;51.5;647882
2017-09-25;51.25;52.25;51.25;52.0;9458
2017-09-22;51.25;52.0;51.25;51.25;13021
2017-09-21;52.0;52.0;51.0;52.0;23908
2017-09-20;52.5;52.5;51.75;52.0;10902
2017-09-19;51.75;52.5;51.0;52.5;42605
2017-09-18;50.75;52.0;50.75;51.75;34648
2017-09-15;51.0;51.5;50.5;51.25;42450
2017-09-14;50.25;51.0;50.0;51.0;71104
2017-09-13;50.25;50.75;50.0;50.5;29025
2017-09-12;51.25;51.25;50.25;50.5;58889
2017-09-11;51.75;52.0;50.75;51.0;103283
2017-09-08;49.4;49.4;48.0;49.0;23616
2017-09-07;51.0;51.0;49.0;49.3;22221
2017-09-06;50.0;50.0;49.0;49.7;8427
2017-09-04;49.2;49.7;49.1;49.7;18069
2017-09-01;49.8;50.0;49.0;49.7;22384
2017-08-31;49.7;49.7;49.2;49.6;9161
2017-08-30;48.3;49.7;48.3;49.6;24937
2017-08-29;48.0;49.0;47.0;48.2;92787
2017-08-28;47.6;48.0;47.3;47.5;85639
2017-08-25;47.4;48.1;47.4;48.1;26448
2017-08-24;48.3;48.3;46.9;47.3;33100
2017-08-23;49.0;49.0;48.3;48.3;25818
2017-08-22;49.4;49.5;48.9;48.9;9508
2017-08-21;48.7;50.0;48.7;49.6;36504
2017-08-18;48.1;50.25;47.0;49.6;90345
2017-08-17;49.5;49.5;48.2;48.2;22986
2017-08-16;49.5;49.9;49.3;49.4;9213
2017-08-15;49.5;50.5;49.5;49.5;11717
2017-08-14;49.5;50.25;49.5;49.9;9225
2017-08-11;49.2;50.25;48.9;49.5;37474
2017-08-10;50.0;50.5;49.5;49.6;15918
2017-08-09;51.25;51.25;50.0;50.0;3556
2017-08-08;49.1;51.5;49.1;51.5;47509
2017-08-07;50.5;50.5;49.3;49.6;14446
2017-08-04;51.0;51.0;50.25;50.5;16706
2017-08-03;50.0;51.0;49.9;51.0;22400
2017-08-02;50.0;50.75;50.0;50.75;25430
2017-08-01;49.9;50.25;49.7;50.0;16784
2017-07-31;50.5;50.75;50.0;50.5;24527
2017-07-28;49.5;50.5;48.8;50.5;34023
2017-07-27;49.8;49.8;49.1;49.1;23341
2017-07-26;48.0;49.3;47.7;49.2;20397
2017-07-25;47.2;48.3;47.2;48.2;43075
2017-07-24;47.9;48.0;46.7;47.3;34986
2017-07-21;50.0;50.5;47.7;47.9;97193
2017-07-20;48.9;50.5;48.9;50.0;43690
2017-07-19;50.5;50.75;48.5;48.9;115614
2017-07-18;51.5;51.75;50.5;51.0;51378
2017-07-17;52.5;52.5;51.25;51.5;35953
2017-07-14;52.25;53.25;50.5;52.5;66932
2017-07-13;54.25;54.75;52.0;52.25;117852
2017-07-12;54.25;56.0;54.0;56.0;35328
2017-07-11;54.5;54.75;53.75;54.25;14789
2017-07-10;54.75;54.75;54.0;54.5;12518
2017-07-07;54.0;54.75;53.75;54.75;20643
2017-07-06;54.5;55.0;53.5;53.75;13075
2017-07-05;56.5;56.5;54.5;54.75;16002
2017-07-04;55.75;55.75;55.0;55.25;14182
2017-07-03;54.75;56.25;54.75;55.75;18285
2017-06-30;55.0;55.5;54.0;54.5;50525
2017-06-29;55.25;55.5;54.5;55.0;14457
2017-06-28;55.5;56.0;55.0;55.25;32497
2017-06-27;55.75;56.25;55.5;56.0;22400
2017-06-26;56.0;57.0;55.75;56.0;47909
2017-06-23;;56.0;56.0;56.0;0
2017-06-22;55.25;56.75;55.0;56.0;26012
2017-06-21;55.5;55.75;55.0;55.75;45754
2017-06-20;54.5;55.75;53.25;55.75;115219
2017-06-19;55.0;55.5;54.25;54.25;52301
2017-06-16;56.0;56.25;55.0;55.75;22200
2017-06-15;54.75;56.0;54.5;56.0;286552
2017-06-14;54.75;55.75;54.5;54.75;161030
2017-06-13;55.0;55.25;52.0;55.25;234825
2017-06-12;57.25;57.25;55.5;55.75;142925
2017-06-09;58.5;59.5;56.75;57.5;87171
2017-06-08;57.25;58.5;56.75;58.25;70555
2017-06-07;58.0;58.0;57.0;57.25;64023
2017-06-06;;58.0;58.0;58.0;0
2017-06-05;57.0;58.0;57.0;58.0;63146
2017-06-02;57.0;57.75;56.75;57.0;51143
2017-06-01;57.0;57.5;56.75;57.0;452889
2017-05-31;57.25;58.0;56.5;56.75;45212
2017-05-30;58.5;58.5;57.25;57.25;34142
2017-05-29;58.5;59.0;58.0;58.5;26618
2017-05-26;57.5;58.5;57.25;58.5;47561
2017-05-24;57.5;57.5;56.5;57.25;28211
2017-05-23;57.5;57.5;56.0;57.5;37157
2017-05-22;57.5;57.5;56.75;57.5;17977
2017-05-19;57.5;58.0;56.5;57.5;18317
2017-05-18;57.5;57.75;56.5;57.5;85948
2017-05-17;58.5;59.0;57.75;57.75;63303
2017-05-16;58.5;59.25;58.0;59.0;33176
2017-05-15;58.75;58.75;58.0;58.5;36510
2017-05-12;59.25;58.5;58.5;58.5;55041
2017-05-11;58.75;59.5;57.75;59.0;146601
2017-05-10;59.0;59.25;58.0;58.75;49642
2017-05-09;58.75;59.75;58.25;59.0;54003
2017-05-08;59.25;59.25;57.75;58.75;95632
2017-05-05;57.5;59.5;57.5;58.5;93381
2017-05-04;57.0;58.0;56.0;57.5;386867
2017-05-03;59.0;59.25;56.75;56.75;60553
2017-05-02;58.5;59.0;57.25;58.5;48026
2017-05-01;;58.5;58.5;58.5;0
2017-04-28;60.5;60.5;58.5;58.5;63130
2017-04-27;61.5;62.75;59.75;60.5;161003
2017-04-26;58.0;61.0;58.0;60.75;123229
2017-04-25;58.0;58.5;57.75;58.5;51140
2017-04-24;57.0;58.75;57.0;58.0;70389
2017-04-21;56.0;57.25;55.25;56.75;46107
2017-04-20;55.0;56.25;54.0;56.25;42355
2017-04-19;56.0;56.0;55.0;56.0;17940
2017-04-18;55.75;56.5;55.25;56.0;35258
2017-04-13;56.25;57.25;55.75;56.75;21956
2017-04-12;56.0;57.25;56.0;56.75;76201
2017-04-11;57.0;57.0;55.75;56.25;13158
2017-04-10;55.5;57.0;55.5;57.0;34383
2017-04-07;55.75;56.5;55.75;56.0;17823
2017-04-06;56.5;56.5;55.75;56.0;68405
2017-04-05;57.25;57.25;56.25;56.5;31672
2017-04-04;56.5;57.25;55.5;57.25;62474
2017-04-03;54.0;56.5;54.0;56.25;107152
2017-03-31;52.5;53.75;52.0;53.75;84108
2017-03-30;54.0;54.0;52.5;53.25;92937
2017-03-29;52.25;53.75;51.5;53.5;39092
2017-03-28;51.5;53.0;51.0;51.5;54463
2017-03-27;52.25;54.0;50.5;52.0;75215
2017-03-24;53.25;53.5;51.75;52.25;31677
2017-03-23;52.5;53.75;52.25;53.5;18214
2017-03-22;53.5;53.75;52.0;52.5;133455
2017-03-21;53.75;54.75;53.5;54.5;122443
2017-03-20;55.25;55.25;54.25;54.75;19757
2017-03-17;55.25;55.75;54.25;55.5;18719
2017-03-16;53.5;55.75;53.5;55.25;99769
2017-03-15;53.0;54.5;53.0;54.5;48102
2017-03-14;55.25;55.5;53.25;53.5;110087
2017-03-13;56.25;56.25;55.5;56.0;24958
2017-03-10;56.75;56.25;56.25;56.25;39645
2017-03-09;56.5;57.0;56.25;56.75;19852
2017-03-08;57.25;57.25;56.5;56.5;16097
2017-03-07;56.0;57.5;55.25;56.25;253202
2017-03-06;56.5;56.5;55.25;56.25;38019
2017-03-03;56.25;56.5;56.5;56.5;144318
2017-03-02;56.75;57.25;55.75;56.5;40196
2017-03-01;57.5;57.75;56.25;56.75;38409
2017-02-28;57.0;57.5;55.75;57.5;42266
2017-02-27;57.0;57.25;56.0;56.5;54652
2017-02-24;57.5;57.5;56.0;56.75;117272
2017-02-23;57.25;57.75;55.0;57.5;151359
2017-02-22;51.0;57.25;50.25;56.75;315755
2017-02-21;51.25;51.5;50.75;51.0;39257
2017-02-20;51.75;52.0;51.0;51.0;39676
2017-02-17;52.75;53.5;51.5;52.0;97125
2017-02-16;52.0;53.5;51.5;52.0;53314
2017-02-15;51.0;52.0;51.0;52.0;52778
2017-02-14;50.75;51.5;50.5;51.0;38817
2017-02-13;51.25;51.75;50.5;50.5;43879
2017-02-10;52.0;52.5;51.25;51.25;23089
2017-02-09;51.5;52.5;51.25;51.75;34906
2017-02-08;52.0;52.25;51.25;51.5;20675
2017-02-07;52.25;52.75;51.5;52.0;18828
2017-02-06;52.5;53.0;52.0;52.25;40887
2017-02-03;52.0;52.75;52.0;52.5;8875
2017-02-02;52.5;53.0;51.25;51.25;26283
2017-02-01;52.5;53.5;52.5;52.5;23266
2017-01-31;52.25;53.25;52.25;52.5;35169
2017-01-30;53.0;53.0;52.0;52.25;26069
2017-01-27;51.5;53.25;51.25;53.0;99614
2017-01-26;51.75;52.0;51.5;51.5;31254
2017-01-25;50.5;51.5;50.25;51.5;67165
2017-01-24;50.5;51.25;50.0;50.25;37675
2017-01-23;50.75;51.0;50.25;50.25;25764
2017-01-20;50.25;51.0;50.0;50.5;25818
2017-01-19;49.5;50.5;49.2;50.0;18992
2017-01-18;49.5;50.0;48.7;49.5;258072
2017-01-17;50.25;50.25;49.5;49.7;49591
2017-01-16;50.5;50.5;49.5;50.25;74716
2017-01-13;50.5;51.25;50.5;51.0;31598
2017-01-12;51.0;51.5;50.5;50.5;69028
2017-01-11;52.0;53.0;50.5;51.0;92133
2017-01-10;53.0;53.25;52.0;52.0;45880
2017-01-09;53.0;53.75;52.5;52.75;103844
2017-01-06;;52.5;52.5;52.5;0
2017-01-05;53.0;53.75;52.5;52.5;20933
2017-01-04;54.0;54.25;52.75;53.25;50023
2017-01-03;53.25;54.25;53.0;53.75;87586
2017-01-02;52.0;53.5;51.75;53.0;41130
2016-12-30;51.75;53.25;51.0;53.0;481376
2016-12-29;50.25;52.0;50.25;51.5;74832
2016-12-28;51.0;51.5;49.5;50.25;181535
2016-12-27;50.5;51.5;50.0;51.0;63625
2016-12-23;49.3;51.0;48.8;50.5;102823
2016-12-22;47.9;49.7;47.2;49.1;150298
2016-12-21;47.1;48.0;47.1;48.0;106866
2016-12-20;46.9;47.9;46.8;47.1;487475
2016-12-19;46.7;47.0;46.3;46.9;107204
2016-12-16;45.2;46.8;45.2;46.3;94394
2016-12-15;46.3;46.3;44.9;45.1;77511
2016-12-14;46.3;46.5;45.6;46.2;133954
2016-12-13;46.4;46.8;46.2;46.5;120506
2016-12-12;47.0;47.2;46.4;46.5;204881
2016-12-09;47.0;47.5;46.7;47.0;397530
2016-12-08;48.1;48.1;45.6;46.5;710246
2016-12-07;54.25;55.75;54.25;54.5;84610
2016-12-06;54.75;55.5;54.5;54.5;73506
2016-12-05;54.75;55.5;54.0;54.75;33373
2016-12-02;54.0;54.5;53.5;54.0;59642
2016-12-01;54.5;55.0;54.0;54.25;25432
2016-11-30;54.5;55.25;54.25;54.5;39382
2016-11-29;54.5;55.0;54.25;54.25;31741
2016-11-28;54.5;54.5;53.75;54.5;29988
2016-11-25;53.5;54.5;53.25;54.5;42500
2016-11-24;53.75;54.25;53.0;53.5;34305
2016-11-23;53.5;54.0;53.25;53.5;45988
2016-11-22;54.0;54.25;53.5;54.0;37752
2016-11-21;55.25;55.25;53.0;53.5;86369
2016-11-18;56.25;56.75;54.25;55.25;98644
2016-11-17;56.0;56.5;55.5;56.25;25496
2016-11-16;55.5;56.5;55.25;56.0;61290
2016-11-15;54.75;55.5;54.5;55.0;61666
2016-11-14;56.0;56.5;54.0;54.75;50093
2016-11-11;55.75;55.75;54.25;55.0;113620
2016-11-10;56.0;57.5;55.75;56.0;34926
2016-11-09;53.75;57.0;53.5;56.0;78132
2016-11-08;56.5;57.25;56.0;56.5;43847
2016-11-07;55.0;56.75;55.0;56.0;41910
2016-11-04;56.5;56.5;55.5;55.5;19001
2016-11-03;55.0;56.5;55.0;56.0;43524
2016-11-02;55.5;55.5;53.75;55.0;113416
2016-11-01;57.5;58.5;54.75;55.5;89401
2016-10-31;58.75;59.0;57.0;57.5;89103
2016-10-28;60.0;60.5;57.5;59.0;168937
2016-10-27;61.75;62.25;60.25;61.0;58965
2016-10-26;63.0;63.25;61.0;61.0;219669
2016-10-25;61.25;63.0;61.0;63.0;66492
2016-10-24;61.0;62.5;60.0;61.25;65034
2016-10-21;61.75;62.0;60.5;61.0;54917
2016-10-20;62.5;62.5;60.25;61.25;95062
2016-10-19;64.5;64.75;62.25;62.5;83328
2016-10-18;66.5;67.0;64.25;64.5;42746
2016-10-17;63.75;66.5;62.75;65.25;95456
2016-10-14;65.75;65.75;63.25;63.25;38393
2016-10-13;62.75;65.75;61.5;64.25;86485
2016-10-12;65.0;65.75;62.75;62.75;74833
2016-10-11;66.5;67.0;65.0;65.0;58855
2016-10-10;67.0;68.0;66.0;66.25;43048
2016-10-07;67.0;68.25;65.5;66.0;94206
2016-10-06;67.75;68.5;65.75;66.75;139678
2016-10-05;64.75;67.5;64.0;67.25;182014
2016-10-04;62.25;63.5;62.25;62.5;55979
2016-10-03;63.0;63.0;61.5;62.25;54442
2016-09-30;61.0;63.5;61.0;63.0;237668
2016-09-29;57.0;62.25;56.25;61.0;275833
2016-09-28;57.25;57.75;56.25;56.75;40135
2016-09-27;57.5;57.75;56.5;57.25;26473
2016-09-26;59.0;59.0;57.0;57.75;36843
2016-09-23;59.25;59.5;57.5;58.75;77667
2016-09-22;58.0;61.0;57.25;59.25;135214
2016-09-21;56.5;57.75;56.0;57.5;100982
2016-09-20;56.5;56.5;55.5;56.5;35227
2016-09-19;55.5;56.5;55.5;56.25;26076
2016-09-16;56.5;57.0;55.25;55.25;36680
2016-09-15;55.5;57.0;55.5;56.25;53421
2016-09-14;56.0;56.25;55.0;55.5;83792
2016-09-13;54.75;55.75;54.25;55.75;48363
2016-09-12;55.25;55.25;54.0;54.25;75203
2016-09-09;57.0;57.0;55.5;55.5;71042
2016-09-08;58.0;58.25;56.75;56.75;80917
2016-09-07;58.0;58.0;57.25;58.0;90948
2016-09-06;58.25;58.25;56.5;57.25;76576
2016-09-05;56.5;58.5;56.5;56.5;117815
2016-09-02;55.75;57.5;55.0;55.5;99499
2016-09-01;56.0;58.0;55.75;55.75;103423
2016-08-31;57.0;58.25;55.75;55.75;182223
2016-08-30;53.25;56.0;53.25;55.75;189934
2016-08-29;51.0;53.0;50.5;53.0;161604
2016-08-26;51.0;52.0;50.5;51.0;51248
2016-08-25;51.25;52.0;51.0;51.0;52528
2016-08-24;52.0;52.0;50.25;51.0;118555
2016-08-23;53.0;53.5;51.75;51.75;139794
2016-08-22;52.5;53.5;51.75;53.0;62352
2016-08-19;53.0;53.25;52.25;52.5;11863
2016-08-18;53.5;53.5;52.75;52.75;28741
2016-08-17;52.75;53.5;52.5;53.5;63152
2016-08-16;51.5;52.75;51.5;52.75;32698
2016-08-15;52.0;53.0;51.25;52.0;104944
2016-08-12;52.0;52.0;51.25;51.75;91439
2016-08-11;51.0;52.5;49.2;52.0;548989
2016-08-10;53.5;54.0;53.25;53.25;53383
2016-08-09;53.75;54.25;53.25;53.25;70926
2016-08-08;52.75;54.0;52.5;53.25;57248
2016-08-05;53.5;53.75;52.25;52.75;119208
2016-08-04;54.75;54.75;53.0;53.5;27083
2016-08-03;54.0;54.0;53.5;53.5;46758
2016-08-02;54.75;55.0;53.75;54.5;40540
2016-08-01;56.0;56.0;54.0;54.75;43732
2016-07-29;55.0;55.5;54.5;55.0;101084
2016-07-28;55.5;55.5;55.0;55.0;22961
2016-07-27;55.5;56.25;54.5;55.5;14564
2016-07-26;55.0;55.75;55.0;55.5;26134
2016-07-25;55.5;55.75;55.0;55.0;49602
2016-07-22;56.0;56.0;55.0;55.5;61489
2016-07-21;57.75;58.0;55.5;56.0;39027
2016-07-20;55.5;56.75;55.5;56.75;33155
2016-07-19;56.25;56.25;55.0;55.5;23844
2016-07-18;55.5;56.25;55.0;56.25;20067
2016-07-15;55.0;55.5;54.5;55.5;20786
2016-07-14;54.75;55.25;54.5;55.0;30099
2016-07-13;55.0;55.0;54.0;54.75;36375
2016-07-12;55.0;55.0;53.75;55.0;56993
2016-07-11;54.5;55.5;53.75;55.0;84983
2016-07-08;54.0;54.5;52.75;54.5;96093
2016-07-07;56.5;56.5;53.5;54.0;173920
2016-07-06;56.5;56.5;52.0;55.5;404176
2016-07-05;62.25;62.25;61.0;61.5;14152
2016-07-04;63.0;63.0;61.0;62.25;36750
2016-07-01;61.5;62.75;60.5;62.25;125440
2016-06-30;60.0;61.75;59.0;61.25;67183
2016-06-29;60.0;60.0;58.75;59.0;86631
2016-06-28;61.0;61.5;57.5;60.0;175551
2016-06-27;60.5;62.75;60.5;60.75;117469
2016-06-24;;64.25;64.25;64.25;0
2016-06-23;64.0;64.5;64.0;64.25;26058
2016-06-22;63.5;65.25;63.5;64.0;42019
2016-06-21;63.75;63.75;62.5;63.25;18393
2016-06-20;63.5;64.0;62.5;63.0;54204
2016-06-17;62.5;63.75;61.5;62.75;34093
2016-06-16;62.5;63.0;60.75;61.5;46671
2016-06-15;62.75;64.0;62.0;62.5;58404
2016-06-14;63.25;63.25;60.25;61.25;107624
2016-06-13;63.5;63.75;61.5;63.25;64379
2016-06-10;64.5;64.5;61.5;63.0;67638
2016-06-09;65.0;65.25;63.5;64.5;25856
2016-06-08;65.25;65.25;64.5;64.75;52663
2016-06-07;65.5;65.75;64.75;64.75;27697
2016-06-06;;65.0;65.0;65.0;0
2016-06-03;65.5;66.0;65.0;65.0;30843
2016-06-02;65.5;66.25;65.25;66.0;46926
2016-06-01;65.75;66.75;65.25;65.25;18929
2016-05-31;65.75;67.75;64.75;66.75;54194
2016-05-30;66.0;66.5;64.75;65.75;37014
2016-05-27;67.0;67.0;65.5;66.0;30265
2016-05-26;65.5;67.25;65.5;66.5;86976
2016-05-25;65.25;66.75;65.25;65.75;39510
2016-05-24;64.75;65.5;64.25;65.25;32528
2016-05-23;63.75;64.5;62.75;64.25;107692
2016-05-20;62.5;63.75;62.25;62.75;122020
2016-05-19;63.5;64.0;62.0;62.25;84921
2016-05-18;64.5;64.5;63.0;63.5;79251
2016-05-17;65.25;65.75;63.25;64.0;53889
2016-05-16;66.5;66.5;63.0;64.75;78297
2016-05-13;66.75;67.75;65.75;66.5;33750
2016-05-12;68.5;68.5;66.25;66.75;46712
2016-05-11;70.75;70.75;66.5;67.75;145879
2016-05-10;69.25;70.25;68.5;70.25;53209
2016-05-09;70.0;70.75;68.5;69.0;36285
2016-05-06;68.5;70.0;68.25;69.75;41356
2016-05-05;66.0;69.25;65.75;68.5;89709
2016-05-04;66.0;69.25;65.75;68.5;89709
2016-05-03;75.0;75.25;64.75;64.75;257186
2016-05-02;73.5;75.5;72.5;74.25;70666
2016-04-29;73.0;73.0;71.75;73.0;39643
2016-04-28;74.5;74.5;72.5;73.5;36748
2016-04-27;74.0;75.0;74.0;74.25;41646
2016-04-26;75.0;75.0;74.0;74.0;32403
2016-04-25;75.75;76.25;73.75;74.25;56047
2016-04-22;78.0;78.0;75.5;75.75;51616
2016-04-21;78.0;78.0;76.0;77.75;27161
2016-04-20;77.25;78.0;75.0;78.0;42225
2016-04-19;77.5;77.75;75.0;77.25;36485
2016-04-18;75.0;77.0;74.0;77.0;33382
2016-04-15;77.0;77.5;74.5;75.0;98734
2016-04-14;75.0;77.5;74.5;77.0;68883
2016-04-13;73.0;75.0;72.75;74.25;42985
2016-04-12;73.0;73.5;72.5;73.0;50171
2016-04-11;72.25;73.5;72.0;73.5;16850
2016-04-08;73.5;73.5;71.25;72.25;12366
2016-04-07;73.5;74.25;71.5;72.25;17738
2016-04-06;73.5;73.5;72.0;73.5;28501
2016-04-05;75.0;75.0;71.75;73.5;88547
2016-04-04;73.75;75.5;72.75;75.5;100132
2016-04-01;74.0;74.75;71.75;74.0;138859
2016-03-31;74.0;75.75;74.0;74.25;259642
2016-03-30;73.0;74.75;71.5;74.25;105467
2016-03-29;74.0;74.75;72.75;73.0;93602
2016-03-28;71.5;75.0;74.0;74.0;139538
2016-03-25;71.5;75.0;70.75;74.0;139538
2016-03-24;71.5;75.0;70.75;74.0;139538
2016-03-23;70.5;71.5;70.0;71.0;56512
2016-03-22;70.25;71.25;69.75;70.5;36398
2016-03-21;69.0;71.0;67.5;70.25;65618
2016-03-18;67.5;68.75;67.5;68.75;29892
2016-03-17;68.0;69.5;66.75;67.25;38466
2016-03-16;69.0;69.25;68.0;68.25;13206
2016-03-15;68.75;69.75;68.5;69.0;32545
2016-03-14;69.5;69.75;68.25;68.75;80150
2016-03-11;65.75;69.75;65.75;69.0;158799
2016-03-10;66.5;67.5;65.5;66.25;87153
2016-03-09;68.0;68.0;66.25;66.5;40213
2016-03-08;67.25;67.75;66.5;67.0;46253
2016-03-07;68.25;68.25;66.5;67.25;65336
2016-03-04;68.5;68.75;67.25;67.75;62089
2016-03-03;70.0;70.0;68.25;68.25;34542
2016-03-02;69.0;70.5;66.25;69.5;108823
2016-03-01;68.75;70.5;68.75;68.75;47275
2016-02-29;69.0;70.5;68.25;70.5;74822
2016-02-26;68.5;69.5;67.25;69.25;76936
2016-02-25;70.0;70.25;68.0;68.5;89906
2016-02-24;70.0;71.25;68.25;70.0;137346
2016-02-23;68.25;70.75;68.25;69.5;62060
2016-02-22;67.5;71.0;67.5;69.25;134635
2016-02-19;68.75;70.5;67.5;68.25;180103
2016-02-18;65.0;68.75;63.25;68.25;299215
2016-02-17;60.0;65.0;60.0;65.0;497691
2016-02-16;54.0;55.5;54.0;55.25;97004
2016-02-15;53.0;55.0;53.0;54.0;34465
2016-02-12;51.0;52.75;51.0;52.5;33513
2016-02-11;54.0;54.0;50.5;51.0;49413
2016-02-10;51.5;54.0;51.5;54.0;30885
2016-02-09;51.75;52.5;50.0;51.5;70413
2016-02-08;55.0;55.5;51.25;53.75;95095
2016-02-05;55.25;57.25;55.0;55.25;24783
2016-02-04;55.0;55.75;53.5;55.75;32125
2016-02-03;55.75;56.5;54.0;55.0;49477
2016-02-02;56.5;57.25;55.5;56.75;33413
2016-02-01;57.5;58.0;56.25;56.5;21674
2016-01-29;56.5;58.0;56.5;58.0;25530
2016-01-28;57.25;57.25;56.0;56.5;35708
2016-01-27;57.25;57.25;56.5;57.25;29817
2016-01-26;56.25;57.0;54.5;57.0;28241
2016-01-25;55.5;57.0;55.5;57.0;55040
2016-01-22;55.0;56.0;54.5;55.5;34128
2016-01-21;52.5;53.75;52.5;53.25;38548
2016-01-20;54.25;55.0;52.25;52.5;43711
2016-01-19;55.0;56.0;53.25;55.25;48013
2016-01-18;52.75;55.0;52.0;54.0;81616
2016-01-15;56.0;56.0;51.75;53.25;98491
2016-01-14;57.5;57.5;55.25;56.0;95528
2016-01-13;58.0;59.0;57.5;57.5;52586
2016-01-12;59.0;59.5;57.75;57.75;36732
2016-01-11;57.75;59.0;55.75;58.75;46595
2016-01-08;59.0;60.0;57.25;57.25;54112
2016-01-07;59.5;59.5;56.0;59.25;102214
2016-01-06;;60.0;60.0;60.0;0
2016-01-05;61.75;61.75;60.0;60.0;25866
2016-01-04;62.0;62.75;60.5;61.75;90963
2016-01-01;;62.0;62.0;62.0;0
2015-12-31;;62.0;62.0;62.0;0
2015-12-30;61.0;62.0;61.0;62.0;59971
2015-12-29;60.0;62.0;59.5;61.0;140693
2015-12-28;57.75;60.0;57.75;60.0;88059
2015-12-25;57.75;58.0;57.25;57.75;40515
2015-12-24;57.75;58.0;57.25;57.75;40515
2015-12-23;57.75;58.0;57.25;57.75;40515
2015-12-22;57.5;58.0;57.5;57.75;62785
2015-12-21;56.0;57.5;56.0;57.25;67316
2015-12-18;57.0;57.25;56.0;56.0;39842
2015-12-17;55.25;57.5;55.0;57.25;136919
2015-12-16;55.0;56.0;55.0;55.0;41608
2015-12-15;53.75;55.5;53.75;54.5;55370
2015-12-14;55.25;55.25;53.75;53.75;57300
2015-12-11;55.5;55.5;54.25;55.25;65757
2015-12-10;56.25;56.5;55.25;55.5;39184
2015-12-09;57.25;57.25;55.5;56.5;70789
2015-12-08;58.5;58.5;56.5;57.5;56793
2015-12-07;57.75;58.75;57.25;58.25;79639
2015-12-04;57.5;58.0;56.75;57.5;89018
2015-12-03;55.75;58.25;55.75;58.25;127957
2015-12-02;56.0;56.0;54.75;55.5;71111
2015-12-01;54.5;55.75;54.0;55.75;112785
2015-11-30;54.0;54.5;53.5;54.5;66324
2015-11-27;54.0;55.0;53.25;54.0;90053
2015-11-26;53.75;55.5;53.75;54.0;114933
2015-11-25;53.0;54.25;53.0;53.5;83284
2015-11-24;53.0;53.75;52.5;52.5;43200
2015-11-23;51.75;54.0;51.75;53.25;105313
2015-11-20;51.25;52.5;51.25;51.75;69044
2015-11-19;52.5;52.5;51.0;51.5;51175
2015-11-18;52.75;53.0;52.0;52.25;31696
2015-11-17;51.25;53.0;51.25;52.75;75114
2015-11-16;50.25;51.75;50.0;51.25;60883
2015-11-13;51.0;51.5;50.0;50.5;92785
2015-11-12;51.25;52.75;51.25;51.75;128149
2015-11-11;52.25;52.5;51.25;51.5;52772
2015-11-10;52.0;52.5;51.5;52.5;93255
2015-11-09;51.75;52.0;50.75;52.0;142708
2015-11-06;52.0;52.0;51.0;51.75;82204
2015-11-05;51.75;52.0;50.0;52.0;146507
2015-11-04;50.25;52.75;48.2;52.0;514512
2015-11-03;52.0;52.5;51.0;52.0;212978
2015-11-02;50.0;52.0;49.9;52.0;140546
2015-10-30;49.2;50.5;49.2;49.9;60638
2015-10-29;49.0;49.5;48.6;49.5;29938
2015-10-28;49.2;49.3;48.5;48.8;42737
2015-10-27;48.8;49.2;48.2;49.2;43308
2015-10-26;49.0;49.0;48.1;48.8;51403
2015-10-23;49.2;49.5;48.8;49.1;45301
2015-10-22;48.5;49.2;47.8;49.0;38187
2015-10-21;48.8;49.2;48.4;48.7;40526
2015-10-20;49.0;49.4;48.1;48.9;53648
2015-10-19;46.1;48.9;46.1;48.8;125273
2015-10-16;46.4;46.5;46.1;46.1;21427
2015-10-15;45.3;46.4;45.2;46.4;21291
2015-10-14;45.6;45.7;45.1;45.2;56724
2015-10-13;46.1;46.5;45.7;45.9;38797
2015-10-12;46.4;47.2;45.8;45.9;65638
2015-10-09;46.3;46.9;46.2;46.5;26024
2015-10-08;46.5;46.5;46.1;46.2;45426
2015-10-07;46.6;46.9;46.3;46.4;43897
2015-10-06;46.1;46.6;45.8;46.6;27531
2015-10-05;45.9;46.4;45.6;46.3;53338
2015-10-02;46.5;46.7;45.5;45.5;40047
2015-10-01;45.8;46.8;45.8;46.5;71283
2015-09-30;45.2;46.7;45.1;46.2;86052
2015-09-29;45.7;46.0;44.6;45.0;157052
2015-09-28;46.8;47.1;45.8;46.0;39449
2015-09-25;46.8;47.5;46.5;46.5;89109
2015-09-24;47.4;47.6;46.7;46.8;59209
2015-09-23;47.2;47.5;46.7;47.5;62835
2015-09-22;48.8;48.8;47.2;47.2;112153
2015-09-21;48.4;48.7;47.9;48.4;113517
2015-09-18;47.0;47.1;46.6;47.1;106757
2015-09-17;46.4;47.2;46.4;47.2;27556
2015-09-16;47.0;47.4;46.4;46.4;65971
2015-09-15;48.2;48.3;46.7;47.2;93138
2015-09-14;47.7;48.7;47.5;48.3;63732
2015-09-11;47.7;48.0;47.5;47.5;35965
2015-09-10;47.2;47.6;46.6;47.6;53922
2015-09-09;46.8;47.4;46.7;47.2;32223
2015-09-08;46.6;47.2;46.6;47.0;29177
2015-09-07;47.0;47.7;46.7;47.0;36651
2015-09-04;47.9;47.9;46.8;46.8;44096
2015-09-03;48.0;48.4;47.6;48.0;59628
2015-09-02;46.6;48.3;46.6;47.9;167204
2015-09-01;46.8;47.0;45.7;46.4;85067
2015-08-31;46.6;47.0;45.8;47.0;46794
2015-08-28;46.7;46.8;46.1;46.7;72151
2015-08-27;46.3;47.0;46.0;46.5;204412
2015-08-26;44.8;46.4;43.6;46.3;146478
2015-08-25;43.6;45.3;43.6;44.5;85894
2015-08-24;44.3;44.5;42.6;44.2;171181
2015-08-21;46.0;47.3;45.0;45.0;352444
2015-08-20;43.8;44.4;43.6;43.7;59605
2015-08-19;44.2;44.4;43.6;43.6;32990
2015-08-18;44.9;45.3;43.8;44.1;49464
2015-08-17;42.7;45.2;42.7;44.6;122492
2015-08-14;43.2;43.7;42.6;42.7;40304
2015-08-13;42.6;43.4;42.6;43.0;41433
2015-08-12;42.7;43.4;42.3;42.5;47527
2015-08-11;42.5;43.2;42.5;42.5;25654
2015-08-10;43.0;43.0;42.3;42.5;19844
2015-08-07;42.6;42.9;42.4;42.7;13890
2015-08-06;42.6;43.0;42.4;42.6;20179
2015-08-05;43.0;43.3;42.6;43.2;33261
2015-08-04;42.8;43.0;42.1;43.0;52673
2015-08-03;41.9;43.4;41.7;43.0;45251
2015-07-31;41.8;42.0;41.4;41.9;40690
2015-07-30;42.0;42.0;41.6;41.9;19413
2015-07-29;42.5;43.0;41.6;42.0;61776
2015-07-28;42.9;43.2;42.2;42.4;44380
2015-07-27;43.4;43.4;42.0;42.9;81828
2015-07-24;42.4;43.4;42.2;43.4;44838
2015-07-23;41.0;42.6;40.9;42.6;118496
2015-07-22;40.6;40.9;40.5;40.9;11309
2015-07-21;40.6;40.9;40.3;40.7;35245
2015-07-20;40.2;40.9;40.2;40.6;17939
2015-07-17;40.4;40.5;39.9;40.1;17091
2015-07-16;40.2;40.6;40.0;40.3;43193
2015-07-15;40.2;40.6;40.0;40.0;30445
2015-07-14;40.9;40.9;40.2;40.2;17035
2015-07-13;39.6;40.8;39.6;40.8;54984
2015-07-10;38.6;40.3;38.6;39.5;62310
2015-07-09;37.8;38.6;37.8;38.6;45854
2015-07-08;38.0;38.2;37.5;37.9;39659
2015-07-07;37.8;38.1;37.8;37.9;16663
2015-07-06;37.8;38.3;37.5;37.8;40478
2015-07-03;38.0;38.5;38.0;38.1;17745
2015-07-02;38.4;38.8;38.0;38.0;19788
2015-07-01;38.1;39.6;38.1;38.4;73385
2015-06-30;38.4;38.4;37.7;37.7;45358
2015-06-29;38.5;39.4;37.8;38.4;71581
2015-06-26;39.4;40.2;39.1;40.0;33408
2015-06-25;39.8;40.0;39.2;39.4;45882
2015-06-24;40.7;40.9;39.8;39.8;81689
2015-06-23;38.8;40.7;38.8;40.7;145543
2015-06-22;37.8;38.7;37.8;38.7;45032
2015-06-19;;37.5;37.5;37.5;0
2015-06-18;37.6;38.0;36.8;37.5;56431
2015-06-17;38.3;38.3;37.3;37.6;24141
2015-06-16;37.8;38.2;36.2;38.2;80990
2015-06-15;38.8;38.8;37.4;38.0;98120
2015-06-12;39.9;40.0;38.8;39.2;32181
2015-06-11;40.0;40.2;39.5;39.9;43811
2015-06-10;39.4;40.2;39.0;40.2;35327
2015-06-09;39.3;39.7;38.6;39.7;78505
2015-06-08;41.0;41.0;39.7;39.8;57548
2015-06-05;42.0;42.0;40.6;40.9;55450
2015-06-04;42.4;42.4;41.5;42.0;62900
2015-06-03;41.7;42.3;41.1;42.2;129133
2015-06-02;40.4;41.8;39.8;41.6;128155
2015-06-01;41.2;41.3;40.2;40.4;61646
2015-05-29;41.5;41.8;41.1;41.3;35782
2015-05-28;40.8;42.0;40.8;41.7;75864
2015-05-27;39.2;41.5;39.1;40.8;263068
2015-05-26;39.6;40.2;39.0;39.2;66588
2015-05-25;40.0;40.1;39.5;39.9;54322
2015-05-22;40.5;40.5;40.0;40.4;64548
2015-05-21;40.5;40.6;40.1;40.5;26262
2015-05-20;40.0;40.5;39.7;40.5;48572
2015-05-19;39.8;40.1;38.9;39.9;97967
2015-05-18;40.0;40.4;39.1;39.6;110890
2015-05-15;41.0;41.4;39.8;40.2;98090
2015-05-14;41.4;41.5;40.9;41.0;16653
2015-05-13;41.4;41.5;40.9;41.0;16653
2015-05-12;42.2;42.2;40.8;41.4;56722
2015-05-11;42.8;42.8;41.8;42.4;41496
2015-05-08;41.8;43.1;41.6;43.1;70186
2015-05-07;43.0;43.2;40.6;42.0;145269
2015-05-06;43.0;43.4;42.9;43.2;61474
2015-05-05;43.3;43.5;42.7;43.1;243513
2015-05-04;43.5;43.5;42.9;43.3;79822
2015-05-01;43.1;43.1;42.5;43.0;28334
2015-04-30;43.1;43.1;42.5;43.0;28334
2015-04-29;44.2;44.2;42.8;43.2;60161
2015-04-28;44.9;44.9;44.0;44.5;174062
2015-04-27;45.1;46.8;44.9;45.0;366679
2015-04-24;44.9;45.4;44.9;45.1;31537
2015-04-23;44.9;45.5;44.6;45.0;112602
2015-04-22;44.8;45.2;44.8;45.0;38658
2015-04-21;45.0;45.2;44.5;45.0;44232
2015-04-20;45.2;45.2;44.4;45.1;87511
2015-04-17;46.3;46.6;45.1;45.3;45965
2015-04-16;47.4;47.4;46.6;46.6;35509
2015-04-15;47.0;47.8;46.8;47.8;54712
2015-04-14;46.4;47.4;46.0;47.0;113745
2015-04-13;45.6;46.7;45.5;46.7;56956
2015-04-10;45.1;45.6;45.0;45.5;53205
2015-04-09;45.3;45.5;44.9;45.3;54590
2015-04-08;45.4;45.5;45.1;45.3;57234
2015-04-07;45.4;45.6;45.3;45.6;77980
2015-04-02;46.0;46.0;45.4;45.6;10017
2015-04-01;46.2;46.5;45.8;46.0;21464
2015-03-31;46.0;46.4;45.8;46.2;34581
2015-03-30;46.5;46.6;45.8;46.5;44747
2015-03-27;45.4;46.5;45.2;46.5;61518
2015-03-26;45.5;45.5;44.7;45.2;88311
2015-03-25;45.3;46.1;45.3;45.6;64717
2015-03-24;45.6;45.6;45.0;45.3;109741
2015-03-23;46.1;46.4;45.5;45.7;135527
2015-03-20;46.6;46.8;46.2;46.5;104518
2015-03-19;45.5;46.9;44.6;46.7;368420
2015-03-18;48.0;48.2;47.1;48.0;81485
2015-03-17;48.0;48.1;46.7;48.0;88487
2015-03-16;47.8;48.6;47.8;48.0;47250
2015-03-13;48.2;48.5;47.7;48.0;48914
2015-03-12;48.8;49.0;47.9;48.4;73939
2015-03-11;48.0;48.7;47.7;48.7;147995
2015-03-10;48.0;48.2;46.5;46.8;92195
2015-03-09;48.7;48.7;47.4;47.9;81122
2015-03-06;47.9;49.0;47.6;48.8;107418
2015-03-05;46.5;48.0;46.5;47.8;99737
2015-03-04;46.1;46.4;45.2;46.2;144116
2015-03-03;47.6;48.0;46.2;46.2;115049
2015-03-02;49.4;49.4;47.6;47.6;116950
2015-02-27;49.2;49.7;49.0;49.7;112418
2015-02-26;49.1;49.7;48.8;49.4;133519
2015-02-25;47.0;49.8;47.0;48.8;459973
2015-02-24;46.0;46.5;45.4;46.5;146623
2015-02-23;46.1;46.5;45.9;46.0;148181
2015-02-20;45.2;46.3;44.9;46.1;183858
2015-02-19;43.8;45.6;43.6;45.3;206250
2015-02-18;43.1;43.8;41.9;43.8;2040741
2015-02-17;43.5;43.8;42.1;43.3;151784
2015-02-16;43.0;43.8;41.8;43.8;278500
2015-02-13;44.2;44.2;39.8;42.7;823574
2015-02-12;45.5;46.0;45.5;46.0;107051
2015-02-11;45.5;45.8;45.5;45.7;97095
2015-02-10;45.0;45.9;45.0;45.8;81536
2015-02-09;44.0;45.0;43.7;45.0;116113
2015-02-06;43.5;44.0;43.0;43.9;55130
2015-02-05;42.8;43.7;42.8;43.5;45220
2015-02-04;42.8;43.0;42.2;43.0;69834
2015-02-03;43.0;43.0;42.5;42.8;46658
2015-02-02;43.2;43.3;42.5;43.2;54400
2015-01-30;44.2;44.2;42.9;43.3;66884
2015-01-29;43.8;44.4;43.3;44.3;30699
2015-01-28;43.6;44.3;43.6;44.2;35798
2015-01-27;44.2;44.4;43.6;43.8;58468
2015-01-26;43.2;44.2;43.0;44.2;92021
2015-01-23;42.6;43.3;42.6;43.2;65675
2015-01-22;42.6;42.8;42.2;42.6;365780
2015-01-21;42.0;42.7;42.0;42.6;55923
2015-01-20;42.0;42.8;42.0;42.0;64643
2015-01-19;42.8;42.8;42.0;42.4;54442
2015-01-16;43.1;43.1;42.2;43.0;55815
2015-01-15;42.4;43.4;41.7;43.4;133706
2015-01-14;42.0;42.7;41.5;42.7;111072
2015-01-13;42.6;42.6;40.4;42.5;421353
2015-01-12;43.8;43.8;43.3;43.3;34141
2015-01-09;44.8;45.0;42.7;43.4;155347
2015-01-08;42.7;45.8;42.7;44.5;317274
2015-01-07;41.5;42.5;41.3;42.1;168624
2015-01-06;;41.6;41.6;41.6;0
2015-01-05;40.3;42.1;40.3;41.6;95959
2015-01-02;38.8;40.4;38.8;40.3;66852
2015-01-01;39.1;39.3;38.7;38.8;86051
2014-12-30;39.1;39.3;38.7;38.8;86051
2014-12-29;39.9;39.9;38.8;39.3;95005
2014-12-23;39.8;40.2;39.6;39.9;85483
2014-12-22;39.8;40.5;39.8;40.0;52924
2014-12-19;39.8;40.9;39.8;40.1;143642
2014-12-18;39.4;40.2;39.4;40.2;135143
2014-12-17;39.0;39.4;38.4;39.4;84617
2014-12-16;37.9;40.6;37.8;39.0;489802
2014-12-15;36.7;37.1;36.6;37.0;56228
2014-12-12;37.4;37.4;36.7;36.7;56442
2014-12-11;37.3;37.5;36.8;37.4;64843
2014-12-10;37.0;37.3;36.9;37.3;41721
2014-12-09;37.8;37.8;36.9;37.1;88412
2014-12-08;37.4;38.0;37.3;37.6;55343
2014-12-05;37.2;37.7;37.2;37.4;42127
2014-12-04;37.8;38.0;37.2;37.2;72123
2014-12-03;37.4;37.8;37.4;37.8;45246
2014-12-02;37.4;37.8;37.3;37.5;36337
2014-12-01;37.8;37.9;37.3;37.7;55889
2014-11-28;37.5;38.0;37.3;37.9;64344
2014-11-27;37.7;38.0;37.4;37.5;57957
2014-11-26;38.1;38.2;37.6;37.8;50575
2014-11-25;38.2;38.7;38.1;38.1;73599
2014-11-24;38.1;38.6;38.0;38.2;71839
2014-11-21;37.5;38.0;37.4;38.0;81031
2014-11-20;37.4;37.8;37.1;37.6;56925
2014-11-19;37.7;37.7;37.0;37.6;82388
2014-11-18;38.6;38.9;36.7;37.6;243923
2014-11-17;39.0;39.3;38.5;38.7;80343
2014-11-14;39.8;39.9;38.9;39.6;106035
2014-11-13;39.8;40.2;39.6;39.8;93089
2014-11-12;39.0;39.5;38.7;39.4;110170
2014-11-11;40.6;40.8;39.0;39.3;280905
2014-11-10;37.8;40.5;37.8;40.3;450754
2014-11-07;37.5;39.0;37.1;37.8;597325
2014-11-06;34.3;34.4;33.6;33.6;151822
2014-11-05;32.6;34.2;32.6;34.2;159828
2014-11-04;31.8;32.5;31.6;32.1;40550
2014-11-03;32.5;32.5;31.9;31.9;75368
2014-10-31;32.7;32.8;32.3;32.5;14706
2014-10-30;32.7;32.8;32.2;32.7;50468
2014-10-29;33.1;33.2;32.7;33.0;35300
2014-10-28;33.1;33.2;32.0;33.1;71571
2014-10-24;33.0;34.4;32.9;33.0;120237
2014-10-23;31.8;33.1;30.8;32.6;72189
2014-10-22;30.9;31.8;30.9;31.8;116922
2014-10-21;28.9;31.0;28.9;30.3;105790
2014-10-20;27.9;28.8;27.3;28.8;92968
2014-10-17;26.4;27.5;26.0;27.3;51280
2014-10-16;26.5;27.1;25.4;26.4;78214
2014-10-15;27.3;27.9;26.5;26.5;65023
2014-10-14;26.0;27.7;25.8;26.9;104111
2014-10-13;25.8;26.0;25.1;26.0;83086
2014-10-10;26.8;26.8;25.6;26.1;101202
2014-10-09;27.5;27.8;26.5;26.8;64199
2014-10-08;27.8;27.8;26.7;26.8;72389
2014-10-07;28.1;28.2;27.5;27.6;46774
2014-10-06;28.1;28.6;27.9;28.6;38177
2014-10-03;28.1;28.5;27.8;28.1;31215
2014-10-02;28.7;28.7;27.6;28.2;65833
2014-10-01;29.5;29.7;28.6;28.7;51148
2014-09-30;29.0;29.4;28.7;29.4;33614
2014-09-29;29.2;29.7;28.9;28.9;34671
2014-09-26;28.8;29.1;28.6;29.1;51559
2014-09-25;29.6;29.8;28.4;28.6;191957
2014-09-24;30.0;30.0;29.2;29.4;73748
2014-09-23;30.6;31.2;29.5;30.0;73131
2014-09-22;31.0;31.5;30.6;30.7;59713
2014-09-19;31.3;31.5;30.7;31.1;33720
2014-09-18;31.7;31.7;31.3;31.6;18390
2014-09-17;31.6;32.3;31.6;31.7;27245
2014-09-16;31.7;31.7;31.2;31.6;21889
2014-09-15;31.7;31.8;31.2;31.6;46727
2014-09-12;32.5;32.5;32.0;32.0;40680
2014-09-11;32.9;33.2;32.0;32.5;122678
2014-09-10;32.2;33.1;31.6;32.9;197931
2014-09-09;31.6;32.7;31.1;32.2;175902
2014-09-08;30.2;31.4;30.1;31.2;106656
2014-09-05;30.4;30.4;29.5;30.1;58342
2014-09-04;30.3;30.7;30.0;30.3;40467
2014-09-03;30.2;30.4;29.8;30.3;38558
2014-09-02;30.6;30.6;29.9;30.0;72732
2014-09-01;30.8;31.1;30.3;30.7;31238
2014-08-29;31.0;31.2;30.6;30.8;26340
2014-08-28;31.4;31.4;30.7;30.9;45099
2014-08-27;31.1;31.6;31.0;31.4;52843
2014-08-26;31.1;31.3;30.6;31.0;38033
2014-08-25;31.3;31.8;30.9;31.1;57076
2014-08-22;31.0;31.6;30.1;31.2;168913
2014-08-21;30.1;31.4;29.5;31.1;450870
2014-08-20;27.6;27.9;27.5;27.7;36390
2014-08-19;28.0;28.0;27.2;27.4;40521
2014-08-18;27.0;27.8;26.3;27.7;51546
2014-08-15;27.0;27.3;26.5;26.6;99741
2014-08-14;27.5;27.5;26.8;26.8;53760
2014-08-13;27.8;27.8;27.5;27.6;25803
2014-08-12;27.9;27.9;27.5;27.8;26527
2014-08-11;27.5;27.9;27.5;27.8;29052
2014-08-08;27.8;28.0;27.2;27.4;52718
2014-08-07;28.2;28.2;27.7;27.8;25019
2014-08-06;28.8;28.8;27.6;28.3;38957
2014-08-05;28.5;28.7;27.7;28.3;40766
2014-08-04;29.1;29.2;28.1;28.3;58604
2014-08-01;29.8;29.9;28.8;28.8;53810
2014-07-31;30.5;30.5;29.7;29.9;50027
2014-07-30;30.6;30.6;30.1;30.1;19283
2014-07-29;30.6;30.7;30.2;30.5;31557
2014-07-28;30.9;31.1;30.2;30.3;24125
2014-07-25;31.1;31.1;30.3;30.8;23762
2014-07-24;30.9;31.4;30.7;31.0;26271
2014-07-23;31.7;31.7;30.6;31.0;57044
2014-07-22;30.0;31.8;29.7;31.8;100356
2014-07-21;30.4;30.9;29.7;30.0;42704
2014-07-18;30.7;30.8;30.3;30.5;41586
2014-07-17;30.7;30.8;30.5;30.7;29099
2014-07-16;30.5;30.7;30.3;30.7;41485
2014-07-15;30.9;30.9;30.1;30.5;38788
2014-07-14;30.4;30.8;30.0;30.8;59183
2014-07-11;30.5;30.5;29.9;30.2;55041
2014-07-10;30.4;30.6;30.1;30.6;67922
2014-07-09;30.7;30.7;30.3;30.5;44684
2014-07-08;30.6;30.8;30.3;30.7;43201
2014-07-07;31.0;31.0;30.1;30.6;61599
2014-07-04;31.3;32.0;30.6;31.0;148128
2014-07-03;31.2;32.0;30.6;31.5;213703
2014-07-02;29.6;31.3;29.6;31.1;267289
2014-07-01;29.4;29.7;29.2;29.6;31771
2014-06-30;29.2;29.7;29.2;29.4;49851
2014-06-27;29.2;29.7;29.1;29.3;55690
2014-06-26;29.0;29.4;29.0;29.1;49731
2014-06-25;29.3;29.4;28.9;29.0;85901
2014-06-24;29.8;30.0;29.3;29.3;48219
2014-06-23;30.0;30.8;29.6;29.8;271151
2014-06-20;;30.0;30.0;30.0;0
2014-06-19;29.5;30.0;29.1;30.0;166863
2014-06-18;29.4;30.2;29.3;29.3;80545
2014-06-17;29.7;30.0;29.4;29.6;90781
2014-06-16;30.0;31.0;29.3;29.7;220247
2014-06-13;29.7;30.0;28.8;29.9;406892
2014-06-12;29.9;30.1;29.4;29.7;206087
2014-06-11;30.7;30.7;30.1;30.1;99186
2014-06-10;30.6;30.9;29.8;30.7;337231
2014-06-09;31.5;31.5;30.6;30.7;204705
2014-06-06;;31.5;31.5;31.5;0
2014-06-05;31.9;32.3;31.2;31.5;154552
2014-06-04;31.9;32.4;31.4;31.9;318644
2014-06-03;33.0;33.2;31.7;32.0;624690
2014-06-02;34.5;34.5;33.0;33.2;259548
2014-05-30;34.1;34.7;34.0;34.7;188122
2014-05-28;33.3;34.2;33.3;34.1;184272
2014-05-27;33.4;33.5;32.9;33.5;353930
2014-05-26;35.8;35.8;32.7;33.8;586745
2014-05-23;36.6;37.0;36.2;36.3;153628
2014-05-22;37.0;37.3;36.6;36.6;74825
2014-05-21;36.7;37.1;36.6;37.1;257451
2014-05-20;37.6;37.6;36.1;36.6;155196
2014-05-19;39.0;39.1;37.3;37.5;196799
2014-05-16;38.6;39.3;38.6;39.1;128905
2014-05-15;38.7;39.3;38.4;38.7;125129
2014-05-14;39.0;39.4;38.6;38.7;125831
2014-05-13;39.9;39.9;38.6;38.9;402558
2014-05-12;44.0;45.5;39.6;40.6;548126
2014-05-09;43.6;44.5;43.5;44.0;88230
2014-05-08;44.0;44.0;43.6;43.6;51318
2014-05-07;42.6;44.1;42.5;44.0;63802
2014-05-06;42.7;43.2;42.4;42.6;46474
2014-05-05;42.8;43.2;42.4;42.5;48789
2014-05-02;42.4;43.1;42.4;42.8;38581
2014-05-01;;42.5;42.5;42.5;0
2014-04-30;42.6;42.9;42.3;42.5;31669
2014-04-29;42.3;43.1;42.2;42.5;45911
2014-04-28;42.5;42.9;42.2;42.2;39369
2014-04-25;42.5;42.8;42.0;42.7;52018
2014-04-24;42.4;42.9;42.1;42.6;48652
2014-04-23;41.7;42.6;41.4;42.3;64297
2014-04-22;41.0;41.9;40.6;41.7;90031
2014-04-17;40.5;40.9;40.1;40.5;11521
2014-04-16;40.1;41.0;40.0;40.4;85311
2014-04-15;40.4;40.6;40.0;40.0;88225
2014-04-14;40.4;40.6;39.7;40.3;70597
2014-04-11;40.5;40.5;39.9;40.4;68817
2014-04-10;41.8;41.8;40.6;40.8;63990
2014-04-09;39.4;41.8;39.4;41.5;318986
2014-04-08;40.6;41.0;39.4;39.4;152877
2014-04-07;41.2;41.2;40.6;40.6;63245
2014-04-04;40.9;41.5;40.8;41.3;95776
2014-04-03;42.0;42.1;40.5;40.9;204587
2014-04-02;42.0;42.6;41.8;42.0;100356
2014-04-01;42.1;42.6;41.7;42.1;94791
2014-03-31;42.1;42.4;40.8;42.1;160651
2014-03-28;43.2;43.8;41.7;42.1;149945
2014-03-27;41.2;43.4;40.7;43.2;133454
2014-03-26;42.1;42.3;40.9;41.2;301927
2014-03-25;44.2;44.6;42.4;42.5;342847
2014-03-24;46.0;46.0;44.2;44.5;101024
2014-03-21;46.2;47.0;46.1;46.1;107414
2014-03-20;46.5;46.5;45.9;46.2;137397
2014-03-19;46.9;47.3;46.4;46.7;54300
2014-03-18;47.1;47.2;46.6;46.8;46128
2014-03-17;46.9;47.0;46.4;47.0;57236
2014-03-14;47.4;47.4;46.5;46.9;142254
2014-03-13;47.0;48.1;47.0;47.5;51807
2014-03-12;47.8;47.8;47.0;47.0;82972
2014-03-11;49.0;49.0;47.8;47.8;71065
2014-03-10;48.9;49.3;48.6;48.6;63251
2014-03-07;49.3;49.4;48.6;48.7;49902
2014-03-06;49.0;49.7;48.7;49.1;84724
2014-03-05;49.1;49.6;48.8;48.8;77161
2014-03-04;47.2;49.0;47.2;49.0;128568
2014-03-03;48.7;48.8;47.1;47.1;246858
2014-02-28;49.0;49.5;48.2;49.4;85502
2014-02-27;48.8;49.2;48.2;48.9;110300
2014-02-26;48.8;48.9;48.2;48.8;93017
2014-02-25;48.2;48.7;48.0;48.7;242006
2014-02-24;46.3;47.5;46.3;47.3;128170
2014-02-21;46.9;47.0;46.1;46.1;117557
2014-02-20;47.6;47.6;46.8;47.0;143725
2014-02-19;48.0;48.2;47.2;47.6;105264
2014-02-18;48.2;48.6;47.4;48.0;137544
2014-02-17;50.0;50.0;48.0;48.1;387763
2014-02-14;54.5;54.5;49.6;50.25;842016
2014-02-13;54.0;55.0;52.25;54.75;194657
2014-02-12;53.5;54.25;52.5;54.0;197217
2014-02-11;51.5;54.25;51.5;53.5;473864
2014-02-10;48.3;50.5;48.1;50.0;171334
2014-02-07;48.1;48.3;47.7;47.8;58768
2014-02-06;47.4;48.1;47.4;47.9;54322
2014-02-05;48.0;48.3;47.4;47.4;48120
2014-02-04;48.2;48.2;46.5;47.9;113950
2014-02-03;48.8;49.2;48.3;48.5;75364
2014-01-31;49.7;49.9;48.0;48.6;123260
2014-01-30;48.8;49.6;48.3;49.5;99386
2014-01-29;47.9;49.2;47.9;48.8;228956
2014-01-28;46.0;47.0;46.0;46.8;45796
2014-01-27;45.7;45.7;44.6;45.7;76188
2014-01-24;47.8;47.8;45.6;46.0;98911
2014-01-23;48.2;48.2;47.5;47.8;51919
2014-01-22;47.8;48.4;47.6;48.4;36994
2014-01-21;48.1;48.4;47.5;47.8;62868
2014-01-20;48.3;48.6;47.9;48.1;54170
2014-01-17;48.2;48.7;48.2;48.4;63888
2014-01-16;49.1;49.2;48.2;48.2;62163
2014-01-15;48.8;49.4;48.8;49.1;28955
2014-01-14;49.4;49.4;48.2;48.8;76508
2014-01-13;49.5;50.25;49.5;49.7;86487
2014-01-10;49.7;50.25;49.0;49.3;62914
2014-01-09;50.25;50.5;49.6;49.7;116636
2014-01-08;49.8;51.5;49.7;50.25;149507
2014-01-07;47.6;50.0;47.6;49.6;120919
2014-01-06;;47.6;47.6;47.6;0
2014-01-03;46.4;47.7;46.1;47.6;94036
2014-01-02;44.3;46.2;44.2;46.2;82696
2013-12-31;;44.0;44.0;44.0;0
2013-12-30;44.3;44.5;43.9;44.0;72638
2013-12-27;44.3;44.7;44.2;44.3;105882
2013-12-23;44.0;44.3;44.0;44.3;51751
2013-12-20;44.5;44.7;43.9;44.0;87131
2013-12-19;44.4;44.6;44.0;44.4;58335
2013-12-18;44.6;45.0;43.8;44.0;68558
2013-12-17;44.5;45.0;44.3;44.6;40798
2013-12-16;45.5;45.5;44.2;44.7;48805
2013-12-13;44.6;46.0;44.5;45.4;56140
2013-12-12;44.6;44.8;43.9;44.4;95271
2013-12-11;44.5;45.0;44.5;44.8;48109
2013-12-10;45.3;45.3;44.2;44.5;45316
2013-12-09;45.0;45.8;45.0;45.3;50420
2013-12-06;45.1;45.4;44.6;44.8;50562
2013-12-05;45.5;45.6;45.1;45.1;46504
2013-12-04;46.5;46.5;44.1;45.6;123261
2013-12-03;46.8;47.0;46.2;46.5;44936
2013-12-02;46.6;47.0;46.4;47.0;41157
2013-11-29;47.2;47.4;46.4;46.7;98467
2013-11-28;47.1;47.6;47.1;47.2;40761
2013-11-27;47.6;47.6;47.0;47.1;95397
2013-11-26;47.8;48.0;47.2;47.6;57154
2013-11-25;48.1;48.2;47.7;47.8;33040
2013-11-22;47.5;48.2;47.1;47.8;71698
2013-11-21;48.5;48.5;47.2;47.5;87328
2013-11-20;49.2;49.2;48.3;48.5;75609
2013-11-19;50.0;50.0;49.0;49.2;64326
2013-11-18;51.0;51.0;48.9;50.0;119356
2013-11-15;51.0;51.25;50.25;50.75;57168
2013-11-14;51.0;51.75;50.5;50.5;111106
2013-11-13;51.0;53.0;50.5;50.5;304885
2013-11-12;50.5;51.25;50.5;51.0;127618
2013-11-11;50.0;50.5;49.5;50.25;147407
2013-11-08;50.25;51.75;49.2;49.5;307889
2013-11-07;48.1;49.3;47.6;48.9;91177
2013-11-06;48.6;49.0;48.0;48.1;69079
2013-11-05;47.4;48.6;47.4;48.6;59584
2013-11-04;47.5;47.8;47.2;47.4;49398
2013-11-01;47.2;47.5;47.1;47.5;22041
2013-10-31;47.6;47.9;47.0;47.2;44007
2013-10-30;47.6;48.5;47.6;47.6;32603
2013-10-29;47.6;48.0;47.3;47.5;49847
2013-10-28;47.8;47.8;47.3;47.6;67873
2013-10-25;47.8;48.0;47.5;47.8;34057
2013-10-24;48.1;48.5;47.3;47.8;58225
2013-10-23;47.5;48.0;47.5;48.0;51611
2013-10-22;47.2;47.9;47.1;47.6;39333
2013-10-21;47.5;47.6;47.1;47.2;54383
2013-10-18;48.0;48.0;47.2;47.6;65472
2013-10-17;46.2;48.0;46.1;47.9;166149
2013-10-16;46.4;46.4;45.0;45.6;134794
2013-10-15;47.2;47.5;46.5;46.7;84769
2013-10-14;47.8;47.8;47.0;47.2;141833
2013-10-11;48.3;49.1;48.3;48.9;60286
2013-10-10;46.6;48.1;46.6;48.1;80916
2013-10-09;48.0;48.0;46.4;46.6;95174
2013-10-08;49.0;49.2;48.0;48.0;53781
2013-10-07;48.4;49.0;48.0;49.0;64524
2013-10-04;48.8;48.8;48.2;48.4;54769
2013-10-03;48.0;49.0;48.0;48.7;61873
2013-10-02;49.0;49.0;47.9;48.3;37233
2013-10-01;48.6;49.0;47.5;49.0;126250
2013-09-30;49.9;49.9;48.4;49.0;104199
2013-09-27;49.8;50.0;49.1;49.9;94471
2013-09-26;49.2;50.0;49.0;49.8;176883
2013-09-25;49.5;49.6;48.5;49.0;129619
2013-09-24;50.25;50.5;49.5;49.7;132628
2013-09-23;48.5;50.5;48.5;50.0;253664
2013-09-20;45.5;48.5;45.0;48.3;529898
2013-09-19;48.0;48.8;46.0;46.5;414683
2013-09-18;50.75;50.75;47.3;48.1;692383
2013-09-17;53.0;53.0;50.25;51.25;302383
2013-09-16;54.25;55.25;51.5;53.25;553243
2013-09-13;54.75;54.75;52.5;53.5;147855
2013-09-12;52.75;54.5;51.0;54.5;231600
2013-09-11;56.0;56.0;52.0;53.0;469771
2013-09-10;54.0;57.25;54.0;56.0;465018
2013-09-09;50.75;53.25;50.0;53.25;432392
2013-09-06;48.8;51.25;48.8;49.7;235309
2013-09-05;47.3;49.3;47.3;48.4;202518
2013-09-04;45.4;47.6;45.0;47.2;184191
2013-09-03;45.0;45.7;44.3;45.4;157838
2013-09-02;42.9;45.0;42.9;45.0;145194
2013-08-30;43.3;43.4;42.8;42.9;48671
2013-08-29;41.8;43.7;41.8;43.2;133268
2013-08-28;43.1;43.1;39.3;41.8;200675
2013-08-27;43.7;44.1;42.5;43.3;168058
2013-08-26;44.3;44.5;43.4;43.9;105980
2013-08-23;43.4;44.8;43.2;44.4;168699
2013-08-22;42.0;43.2;42.0;43.0;210926
2013-08-21;41.6;42.9;41.0;42.9;503753
2013-08-20;38.9;39.0;38.5;38.6;100817
2013-08-19;38.9;38.9;38.3;38.9;88704
2013-08-16;38.4;39.0;38.4;38.9;57047
2013-08-15;38.5;38.7;38.2;38.2;69129
2013-08-14;38.6;39.2;38.4;38.5;132658
2013-08-13;38.4;38.8;38.4;38.6;34385
2013-08-12;38.8;38.8;38.1;38.4;69862
2013-08-09;38.5;38.9;38.5;38.8;25862
2013-08-08;38.7;38.7;38.1;38.5;81487
2013-08-07;38.8;38.9;38.5;38.7;31341
2013-08-06;39.2;39.2;38.8;38.9;52475
2013-08-05;38.2;39.2;38.2;39.2;100400
2013-08-02;38.2;38.3;38.0;38.2;27508
2013-08-01;38.0;38.4;38.0;38.2;59943
2013-07-31;38.2;38.3;37.6;38.1;50153
2013-07-30;38.0;38.6;38.0;38.2;91963
2013-07-29;37.1;38.0;36.9;38.0;48529
2013-07-26;37.7;37.8;36.8;37.1;40596
2013-07-25;38.0;38.2;37.5;37.7;31928
2013-07-24;38.4;38.4;37.8;38.2;54811
2013-07-23;38.9;39.0;38.0;38.5;127397
2013-07-22;38.0;39.0;38.0;38.9;66681
2013-07-19;38.0;38.4;37.7;38.1;130776
2013-07-18;36.5;38.7;36.5;37.9;197045
2013-07-17;36.1;36.4;36.1;36.4;29213
2013-07-16;35.7;36.3;35.6;36.3;99668
2013-07-15;35.0;35.6;34.8;35.6;44420
2013-07-12;35.0;35.0;34.6;35.0;53267
2013-07-11;35.0;35.1;34.7;35.0;46673
2013-07-10;34.5;34.9;34.4;34.9;111687
2013-07-09;34.1;34.4;34.0;34.3;22325
2013-07-08;34.6;34.8;34.0;34.1;33146
2013-07-05;34.2;34.6;34.2;34.6;31061
2013-07-04;34.2;34.3;33.9;34.1;26534
2013-07-03;34.1;34.2;33.7;34.2;42270
2013-07-02;34.3;34.4;34.0;34.1;41768
2013-07-01;34.1;34.7;34.1;34.1;41496
2013-06-28;34.4;34.7;34.0;34.1;40874
2013-06-27;34.4;34.4;33.8;34.3;58926
2013-06-26;34.5;34.6;33.7;33.8;34320
2013-06-25;33.6;34.5;33.6;34.3;28092
2013-06-24;34.4;34.8;33.7;33.8;66844
2013-06-21;;34.9;34.9;34.9;0
2013-06-20;35.5;35.5;34.4;34.9;62199
2013-06-19;35.4;35.9;35.3;35.7;81477
2013-06-18;35.1;35.7;35.1;35.5;91965
2013-06-17;34.2;35.4;34.2;35.0;120827
2013-06-14;32.9;34.4;32.9;34.1;88907
2013-06-13;33.0;33.0;32.4;32.7;81341
2013-06-12;33.6;33.7;33.2;33.4;42609
2013-06-11;34.2;34.7;33.5;33.9;93745
2013-06-10;34.3;34.9;34.0;34.4;101407
2013-06-07;34.5;34.5;34.0;34.3;45186
2013-06-06;;34.5;34.5;34.5;0
2013-06-05;34.7;35.0;34.4;34.5;68644
2013-06-04;34.8;35.3;34.8;34.9;40778
2013-06-03;35.0;35.0;34.1;34.8;118383
2013-05-31;36.1;36.4;35.2;35.4;75684
2013-05-30;36.5;36.9;36.0;36.0;108994
2013-05-29;36.8;36.8;36.2;36.6;92830
2013-05-28;36.0;36.9;36.0;36.8;136065
2013-05-27;35.5;36.3;35.3;35.8;101027
2013-05-24;35.4;36.9;35.0;35.6;181219
2013-05-23;35.0;36.0;34.5;35.8;187790
2013-05-22;34.8;35.5;34.6;35.4;123536
2013-05-21;35.1;35.2;34.7;35.0;137645
2013-05-20;33.6;35.6;33.6;35.3;448449
2013-05-17;32.7;33.4;32.7;33.1;123037
2013-05-16;33.4;33.4;32.0;32.6;226708
2013-05-15;32.0;35.0;31.8;33.5;474214
2013-05-14;30.6;33.5;30.6;32.6;635198
2013-05-13;29.0;29.0;28.5;28.7;79135
2013-05-10;29.2;29.3;28.7;29.0;105185
2013-05-09;;29.2;29.2;29.2;0
2013-05-08;29.0;29.2;28.9;29.2;50327
2013-05-07;28.8;29.0;28.8;29.0;53804
2013-05-06;28.7;28.9;28.6;28.8;49081
2013-05-03;28.4;28.7;28.4;28.7;36969
2013-05-02;28.0;28.4;27.8;28.2;50289
2013-05-01;;28.0;28.0;28.0;0
2013-04-30;27.8;28.1;27.8;28.0;12225
2013-04-29;27.5;27.8;27.3;27.8;32581
2013-04-26;27.4;27.5;27.1;27.5;31616
2013-04-25;27.1;27.6;27.0;27.5;34256
2013-04-24;27.2;27.3;26.8;27.2;46245
2013-04-23;27.2;27.3;27.1;27.2;30472
2013-04-22;27.0;27.4;27.0;27.3;32498
2013-04-19;27.0;27.2;27.0;27.1;20123
2013-04-18;27.0;27.3;26.8;27.0;50038
2013-04-17;27.6;27.6;27.2;27.3;42125
2013-04-16;28.4;28.4;27.4;27.5;86762
2013-04-15;28.5;28.6;28.3;28.4;51340
2013-04-12;28.5;28.7;28.5;28.6;19445
2013-04-11;28.7;28.7;28.5;28.7;16075
2013-04-10;28.3;28.7;28.3;28.6;40065
2013-04-09;28.3;28.3;28.1;28.2;27144
2013-04-08;28.1;28.6;28.1;28.4;29967
2013-04-05;28.6;28.8;28.0;28.1;76703
2013-04-04;28.9;28.9;28.5;28.6;54208
2013-04-03;29.0;29.0;28.6;28.8;28189
2013-04-02;28.9;29.0;28.2;28.9;81199
2013-04-01;;28.8;28.8;28.8;0
2013-03-29;28.9;28.8;28.8;28.8;49037
2013-03-28;28.9;29.0;28.6;28.8;49037
2013-03-27;28.9;29.0;28.6;28.8;49037
2013-03-26;28.5;28.9;28.3;28.7;35567
2013-03-25;28.2;28.4;28.1;28.3;174015
2013-03-22;27.4;28.0;27.0;28.0;95347
2013-03-21;27.7;27.8;27.5;27.6;21566
2013-03-20;28.2;28.4;27.1;27.7;106546
2013-03-19;28.5;28.7;28.1;28.2;42288
2013-03-18;28.7;28.8;28.5;28.5;78624
2013-03-15;29.0;29.0;28.8;29.0;56318
2013-03-14;28.8;29.0;28.7;28.9;47648
2013-03-13;28.8;29.0;28.7;29.0;61252
2013-03-12;29.0;29.0;28.8;28.8;78558
2013-03-11;28.7;29.0;28.5;29.0;80964
2013-03-08;28.9;29.1;28.6;28.9;117044
2013-03-07;29.3;29.3;28.9;29.0;152946
2013-03-06;29.2;29.4;29.0;29.1;141658
2013-03-05;28.4;29.1;28.2;28.9;232380
2013-03-04;27.6;28.3;27.5;28.3;206053
2013-03-01;27.4;27.4;27.0;27.3;70221
2013-02-28;27.1;27.4;27.0;27.3;61403
2013-02-27;26.9;27.2;26.7;27.0;66773
2013-02-26;27.0;27.1;26.8;26.8;52222
2013-02-25;27.0;27.5;27.0;27.1;108949
2013-02-22;26.6;27.0;26.4;26.8;68824
2013-02-21;26.5;26.6;26.3;26.6;53075
2013-02-20;26.8;27.0;25.9;26.6;286870
2013-02-19;28.1;28.2;26.4;26.8;227412
2013-02-18;28.3;28.4;27.9;28.1;94634
2013-02-15;28.1;28.4;28.1;28.2;72758
2013-02-14;28.3;28.4;28.0;28.1;114275
2013-02-13;27.5;28.3;27.3;28.2;341631
2013-02-12;27.1;27.4;26.9;27.3;121435
2013-02-11;27.2;27.4;26.8;27.0;99110
2013-02-08;27.0;27.3;27.0;27.3;52225
2013-02-07;27.2;27.2;27.0;27.1;41621
2013-02-06;26.9;27.7;26.9;27.2;105143
2013-02-05;26.7;26.9;26.3;26.9;78772
2013-02-04;26.6;26.9;26.5;26.7;42353
2013-02-01;26.7;26.8;26.5;26.6;29750
2013-01-31;27.0;27.1;26.5;26.8;53297
2013-01-30;26.8;27.1;26.4;27.1;116210
2013-01-29;25.8;26.9;25.8;26.8;237609
2013-01-28;25.5;25.9;25.3;25.7;112391
2013-01-25;25.3;25.5;24.9;25.5;102124
2013-01-24;25.1;25.4;24.9;25.4;74229
2013-01-23;25.1;25.3;25.1;25.3;29057
2013-01-22;25.4;25.4;25.1;25.1;22275
2013-01-21;25.3;25.4;25.2;25.4;31420
2013-01-18;25.3;25.4;25.0;25.3;44935
2013-01-17;25.3;25.3;25.1;25.3;29360
2013-01-16;25.4;25.5;25.0;25.3;44645
2013-01-15;25.5;26.0;25.4;25.4;59652
2013-01-14;25.4;25.8;25.0;25.5;72360
2013-01-11;25.3;25.4;25.0;25.3;47787
2013-01-10;25.4;25.5;25.1;25.2;42339
2013-01-09;25.3;25.4;25.1;25.3;48697
2013-01-08;25.3;25.4;25.1;25.3;63879
2013-01-07;25.3;25.6;25.0;25.3;71453
2013-01-04;25.5;25.5;25.3;25.4;61106
2013-01-03;25.1;25.4;25.0;25.3;59841
2013-01-02;24.6;25.3;24.6;24.9;108217
2013-01-01;;24.5;24.5;24.5;0
2012-12-31;;24.5;24.5;24.5;0
2012-12-28;24.5;24.7;24.3;24.5;52377
