Dates;Open;High;Low;Close;Volume
2017-12-27;31.6;31.8;31.1;31.3;25627
2017-12-22;31.5;32.0;31.2;31.6;253384
2017-12-21;31.4;31.6;30.7;31.4;125164
2017-12-20;32.1;32.2;31.1;31.3;63260
2017-12-19;32.6;32.9;32.0;32.1;15156
2017-12-18;34.1;34.1;32.0;32.6;22051
2017-12-15;33.1;33.3;32.2;32.5;23542
2017-12-14;33.5;34.9;32.8;33.2;39956
2017-12-13;33.6;33.6;32.7;33.5;50112
2017-12-12;33.8;34.0;33.4;33.5;63074
2017-12-11;33.5;35.0;32.7;33.3;67268
2017-12-08;31.3;32.8;31.3;32.1;138406
2017-12-07;31.0;32.0;30.9;31.5;633342
2017-12-06;30.7;32.0;30.7;31.2;719371
2017-12-05;32.0;32.2;31.3;31.4;6600
2017-12-04;31.7;32.0;31.3;32.0;13848
2017-12-01;32.1;33.0;31.0;31.7;13752
2017-11-30;33.0;33.5;32.1;32.4;24537
2017-11-29;31.7;32.8;31.4;32.6;30699
2017-11-28;32.0;32.5;31.2;32.0;12968
2017-11-27;32.2;32.5;31.4;32.0;38336
2017-11-24;32.1;32.9;31.6;32.2;13438
2017-11-23;32.6;33.3;31.5;32.0;58409
2017-11-22;32.0;32.4;31.6;32.0;10683
2017-11-21;32.8;32.8;31.6;32.4;7498
2017-11-20;32.1;33.1;31.6;32.5;20340
2017-11-17;34.5;35.0;32.9;33.3;23109
2017-11-16;35.1;35.1;33.8;34.5;14691
2017-11-15;34.0;35.7;33.2;35.7;18839
2017-11-14;36.0;36.0;33.6;34.0;10848
2017-11-13;34.2;35.2;33.0;34.0;45321
2017-11-10;36.0;36.2;34.2;34.8;7799
2017-11-09;36.3;36.3;34.8;35.4;21817
2017-11-08;35.7;37.0;35.3;35.8;81974
2017-11-07;35.2;35.9;35.0;35.7;24743
2017-11-06;37.0;37.0;35.0;35.4;36643
2017-11-03;37.6;38.0;35.9;36.5;31032
2017-11-02;37.5;38.4;36.3;36.8;209232
2017-11-01;32.0;33.5;32.0;32.8;33460
2017-10-31;31.2;33.7;31.0;31.7;22300
2017-10-30;32.0;32.0;31.0;31.2;10651
2017-10-27;31.0;32.8;31.0;32.2;21575
2017-10-26;31.7;31.7;31.0;31.5;13234
2017-10-25;31.8;32.7;31.6;32.0;64352
2017-10-24;33.4;33.4;31.9;32.7;11325
2017-10-23;32.7;33.5;32.6;33.0;24233
2017-10-20;32.0;32.5;31.6;32.4;18067
2017-10-19;32.1;33.0;31.7;32.0;14260
2017-10-18;31.6;32.4;31.3;32.1;4940
2017-10-17;31.1;32.5;31.1;31.6;17496
2017-10-13;33.0;34.0;32.3;32.7;20137
2017-10-12;32.2;34.0;32.2;32.8;13656
2017-10-11;30.4;32.2;30.1;32.2;37176
2017-10-10;31.9;31.9;30.4;30.4;32117
2017-10-09;32.9;32.9;31.0;31.9;23484
2017-10-06;32.9;32.9;32.2;32.5;16191
2017-10-05;32.3;33.0;31.9;32.5;26633
2017-10-04;33.7;33.7;32.4;32.4;71378
2017-10-03;35.5;35.5;33.0;33.7;49696
2017-10-02;35.6;35.6;34.4;35.5;21410
2017-09-29;35.2;35.8;35.2;35.7;9998
2017-09-28;35.2;36.0;35.2;35.2;14106
2017-09-27;35.5;36.4;35.2;35.4;18283
2017-09-26;35.0;35.9;34.5;35.5;11496
2017-09-25;35.1;35.5;35.0;35.4;64790
2017-09-22;35.0;36.0;34.2;35.5;10835
2017-09-21;35.0;36.0;34.7;35.1;19478
2017-09-20;35.5;36.1;34.3;36.0;9519
2017-09-19;35.2;36.4;35.0;35.5;5847
2017-09-18;35.5;36.3;35.0;35.2;8760
2017-09-15;35.8;36.5;35.5;35.5;11688
2017-09-14;34.9;36.1;34.0;36.1;13388
2017-09-13;34.0;35.0;33.5;34.9;35692
2017-09-12;34.2;34.4;33.6;33.6;31571
2017-09-11;33.7;34.7;33.6;34.2;17144
2017-09-08;33.9;34.7;33.6;34.2;29245
2017-09-07;34.6;34.6;33.6;33.9;81465
2017-09-06;34.9;34.9;33.7;34.6;12722
2017-09-04;35.9;35.9;34.5;35.1;12547
2017-09-01;36.2;36.2;35.5;36.0;8278
2017-08-31;34.1;37.0;33.9;36.0;31216
2017-08-30;37.2;37.2;34.2;35.0;27647
2017-08-29;35.5;36.7;35.2;36.1;48077
2017-08-28;34.9;35.8;34.0;35.8;5547
2017-08-25;34.7;36.0;34.7;34.9;9253
2017-08-24;34.4;35.2;34.0;34.7;11008
2017-08-23;34.4;35.0;33.5;34.4;76103
2017-08-22;32.6;34.4;32.6;34.4;20249
2017-08-21;33.5;34.0;31.9;32.5;129022
2017-08-18;34.0;34.0;33.1;33.5;25513
2017-08-17;36.6;36.6;33.5;34.7;71719
2017-08-16;35.9;36.0;34.5;35.0;16793
2017-08-15;35.6;36.3;35.1;35.9;16581
2017-08-14;35.0;38.0;34.5;35.6;20851
2017-08-11;35.8;35.8;33.7;35.0;58596
2017-08-10;36.0;36.9;35.0;35.9;36829
2017-08-09;37.4;37.4;36.0;36.5;21366
2017-08-08;38.6;38.6;36.4;36.6;18468
2017-08-07;37.9;38.9;36.7;37.2;22363
2017-08-04;37.9;37.9;36.7;37.5;19548
2017-08-03;36.6;37.9;35.4;37.7;143381
2017-08-02;36.0;36.8;35.2;36.4;46161
2017-08-01;36.0;37.1;35.0;35.7;60329
2017-07-31;36.3;38.0;35.2;37.2;48642
2017-07-28;36.9;36.9;35.7;36.3;36249
2017-07-27;36.5;36.9;35.2;36.9;24497
2017-07-26;37.9;37.9;36.0;36.9;36492
2017-07-25;38.4;38.5;37.6;37.7;4686
2017-07-24;38.5;39.8;38.0;38.5;10045
2017-07-21;39.2;39.5;38.2;38.5;25240
2017-07-20;39.4;39.5;38.1;39.0;28538
2017-07-19;39.0;39.5;38.3;38.6;27349
2017-07-18;41.0;41.3;38.6;39.5;22109
2017-07-17;39.5;40.9;39.2;40.3;39365
2017-07-14;38.3;39.4;38.1;39.1;18478
2017-07-13;39.5;39.8;38.4;38.4;69557
2017-07-12;41.0;41.0;38.5;39.5;104062
2017-07-11;40.0;41.3;39.3;40.7;194811
2017-07-10;46.5;46.5;40.2;40.4;303101
2017-07-07;52.25;52.25;50.0;51.5;49781
2017-07-06;55.0;57.25;52.25;52.25;98451
2017-07-05;51.75;55.0;50.5;54.0;147396
2017-07-04;47.8;51.0;46.0;50.0;122640
2017-07-03;45.0;50.0;45.0;48.0;226773
2017-06-30;43.5;43.5;41.0;42.6;2341
2017-06-29;42.9;42.9;41.5;42.7;3240
2017-06-28;43.6;43.6;42.1;42.9;14808
2017-06-27;43.3;43.6;42.0;43.6;15234
2017-06-26;43.6;43.6;42.0;43.3;10696
2017-06-23;;43.0;43.0;43.0;0
2017-06-22;43.2;43.3;41.5;43.0;17219
2017-06-21;43.4;44.0;41.5;43.0;36263
2017-06-20;41.1;44.0;41.1;43.4;63937
2017-06-19;41.0;42.2;40.2;42.2;26929
2017-06-16;39.5;41.9;39.3;40.9;125727
2017-06-15;37.4;40.4;37.4;39.3;430635
2017-06-14;36.1;37.1;36.1;36.9;18851
2017-06-13;35.7;37.8;35.6;36.7;25070
2017-06-12;36.9;36.9;35.5;35.7;79438
2017-06-09;36.7;37.0;36.4;37.0;15875
2017-06-08;36.7;37.2;36.5;36.9;25320
2017-06-07;38.0;38.0;36.6;37.2;53502
2017-06-06;;38.3;38.3;38.3;0
2017-06-05;37.2;38.3;37.0;38.3;43919
2017-06-02;37.5;38.3;36.9;38.2;108974
2017-06-01;38.0;38.3;37.3;37.5;38200
2017-05-31;38.6;38.8;38.0;38.0;309380
2017-05-30;38.5;38.9;38.1;38.8;73965
2017-05-29;38.8;39.0;38.0;38.5;5926
2017-05-26;38.0;38.6;38.0;38.5;10382
2017-05-24;38.3;38.5;38.0;38.1;40317
2017-05-23;38.0;38.4;38.0;38.3;8403
2017-05-22;38.4;38.4;38.0;38.0;19893
2017-05-19;37.8;38.4;37.8;38.4;42716
2017-05-18;38.4;38.5;37.6;38.5;47410
2017-05-17;38.6;39.0;38.0;38.5;41603
2017-05-16;39.0;39.0;38.1;38.6;12311
2017-05-15;39.0;39.9;38.3;39.0;25682
2017-05-12;37.5;38.8;38.8;38.8;70473
2017-05-11;38.5;38.5;38.0;38.0;18856
2017-05-10;38.0;38.7;38.0;38.4;33777
2017-05-09;39.0;39.0;38.0;38.0;34063
2017-05-08;39.0;39.7;38.0;38.0;28446
2017-05-05;39.0;39.7;38.0;39.0;58816
2017-05-04;38.5;38.7;36.5;38.4;66552
2017-05-03;39.0;40.0;38.1;38.8;21533
2017-05-02;39.5;39.7;38.4;39.1;12323
2017-05-01;;39.1;39.1;39.1;0
2017-04-28;39.6;40.0;39.1;39.1;28215
2017-04-27;39.4;40.9;39.2;39.2;135767
2017-04-26;39.3;40.0;39.0;39.4;19134
2017-04-25;38.8;39.4;38.6;39.3;17357
2017-04-24;38.5;39.3;38.0;38.7;36944
2017-04-21;38.0;38.5;37.9;38.5;71821
2017-04-20;36.8;38.5;36.8;38.0;42330
2017-04-19;37.0;37.9;37.0;37.2;10666
2017-04-18;38.5;38.5;36.9;37.7;32083
2017-04-13;37.6;38.7;37.6;38.5;7317
2017-04-12;38.7;38.7;38.0;38.6;22511
2017-04-11;37.9;38.7;37.9;38.7;46235
2017-04-10;36.7;38.3;36.6;37.9;28689
2017-04-07;36.6;38.0;36.6;36.7;16601
2017-04-06;36.6;37.5;36.6;36.6;21299
2017-04-05;37.0;38.0;36.5;36.6;6482
2017-04-04;36.5;37.3;36.5;37.1;14273
2017-04-03;36.3;36.9;36.2;36.4;19213
2017-03-31;37.1;37.8;36.2;37.8;9380
2017-03-30;36.9;37.0;35.5;37.0;23870
2017-03-29;35.1;36.8;34.6;36.3;14036
2017-03-28;35.3;35.6;34.3;35.3;52211
2017-03-27;35.5;35.6;34.5;35.4;38826
2017-03-24;36.9;36.9;35.5;36.0;33987
2017-03-23;36.2;36.7;35.5;36.5;16265
2017-03-22;37.0;37.0;35.3;36.2;41780
2017-03-21;37.5;37.9;36.6;37.0;35943
2017-03-20;37.5;37.9;37.2;37.5;21759
2017-03-17;37.4;37.9;37.1;37.5;36592
2017-03-16;38.7;39.6;37.4;37.4;31872
2017-03-15;39.0;39.7;37.8;38.7;26248
2017-03-14;40.1;40.9;39.0;39.0;87462
2017-03-13;38.1;40.0;38.0;39.0;87660
2017-03-10;36.0;37.9;37.9;37.9;93474
2017-03-09;36.3;36.8;35.3;35.7;37838
2017-03-08;36.0;36.2;35.5;36.0;45252
2017-03-07;36.0;36.3;35.1;36.0;42180
2017-03-06;35.1;35.7;35.0;35.4;33851
2017-03-03;35.8;35.9;35.9;35.9;33477
2017-03-02;36.5;36.5;35.6;36.0;119709
2017-03-01;37.0;37.0;35.5;36.5;35260
2017-02-28;37.0;37.0;36.0;37.0;39963
2017-02-27;36.8;38.4;36.4;37.4;113654
2017-02-24;38.4;38.4;36.5;36.8;44353
2017-02-23;38.0;38.5;37.0;37.8;171028
2017-02-22;37.6;38.0;36.7;37.3;58656
2017-02-21;38.6;39.0;37.5;37.7;165402
2017-02-20;37.1;38.6;35.7;37.9;481810
2017-02-17;36.5;36.5;35.0;35.0;78439
2017-02-16;35.1;37.3;35.1;36.3;58092
2017-02-15;34.8;36.9;34.7;35.0;95159
2017-02-14;33.0;35.2;32.8;34.1;58624
2017-02-13;32.0;33.6;32.0;32.8;20546
2017-02-10;31.8;32.2;31.5;32.0;9612
2017-02-09;31.9;33.3;31.8;31.8;36467
2017-02-08;33.7;33.7;31.5;31.7;21988
2017-02-07;31.6;33.2;31.6;32.3;10886
2017-02-06;31.0;33.4;30.0;31.6;27538
2017-02-03;31.7;31.7;29.9;30.5;47660
2017-02-02;33.0;33.0;31.0;31.8;32773
2017-02-01;33.3;33.8;33.0;33.1;8911
2017-01-31;33.2;34.4;33.0;33.3;11188
2017-01-30;34.5;34.8;32.6;32.6;35785
2017-01-27;34.3;34.3;33.9;34.1;31863
2017-01-26;33.7;34.3;33.6;34.0;37961
2017-01-25;34.8;34.8;33.5;33.7;74566
2017-01-24;33.1;34.0;33.1;33.7;74790
2017-01-23;33.4;34.7;32.5;32.5;47966
2017-01-20;32.1;32.8;32.0;32.8;75866
2017-01-19;31.3;32.1;31.3;32.1;39644
2017-01-18;30.2;31.6;30.2;30.7;169340
2017-01-17;30.5;30.5;30.0;30.4;11959
2017-01-16;30.3;30.7;30.0;30.3;65345
2017-01-13;29.7;30.5;29.7;30.3;27716
2017-01-12;30.2;30.2;29.5;29.7;218484
2017-01-11;30.0;30.8;29.8;30.2;33971
2017-01-10;30.0;30.4;29.4;30.2;60532
2017-01-09;30.8;31.2;29.5;30.0;43823
2017-01-06;;30.8;30.8;30.8;0
2017-01-05;30.5;31.5;30.3;30.8;125923
2017-01-04;29.3;30.8;28.9;30.8;77376
2017-01-03;29.0;29.2;28.7;29.2;190856
2017-01-02;28.9;29.2;28.9;29.0;30781
2016-12-30;29.0;29.0;28.8;29.0;27546
2016-12-29;29.0;29.1;28.8;28.9;57845
2016-12-28;29.0;29.1;28.8;29.1;50995
2016-12-27;29.0;29.0;28.8;29.0;22224
2016-12-23;29.0;29.1;28.9;28.9;40396
2016-12-22;29.0;29.0;28.9;29.0;22749
2016-12-21;29.0;29.2;28.7;29.0;204895
2016-12-20;29.1;29.5;29.0;29.2;34039
2016-12-19;29.2;30.4;29.0;29.0;141236
2016-12-16;29.0;29.1;29.0;29.0;213551
2016-12-15;29.0;29.1;29.0;29.0;76278
2016-12-14;29.0;29.1;29.0;29.0;136162
2016-12-13;29.3;29.3;29.0;29.1;253103
2016-12-12;30.0;30.0;29.2;29.3;302634
2016-12-09;29.5;30.9;29.1;29.5;1989729
