Dates;Open;High;Low;Close;Volume
2017-12-27;52.5;52.5;51.0;51.0;96466
2017-12-22;52.25;52.5;51.25;52.0;134546
2017-12-21;51.0;52.5;50.5;52.25;235628
2017-12-20;48.8;51.0;48.5;51.0;359120
2017-12-19;50.75;51.75;48.8;48.8;332244
2017-12-18;52.0;52.25;50.25;51.75;251875
2017-12-15;52.75;52.75;52.0;52.5;75971
2017-12-14;53.5;53.5;52.0;52.75;80738
2017-12-13;53.5;53.5;52.25;52.75;76595
2017-12-12;53.0;53.0;51.75;53.0;139863
2017-12-11;53.5;54.0;52.5;53.0;116980
2017-12-08;52.0;53.5;52.0;53.5;146768
2017-12-07;51.75;52.5;51.5;52.0;82957
2017-12-06;51.25;52.0;51.0;52.0;278973
2017-12-05;51.5;52.0;51.0;51.75;144023
2017-12-04;52.5;52.5;51.0;51.5;98842
2017-12-01;52.75;52.75;52.0;52.5;126857
2017-11-30;53.25;53.25;51.5;52.5;242853
2017-11-29;55.25;55.25;52.75;53.0;191545
2017-11-28;56.25;56.25;55.25;55.5;102849
2017-11-27;56.0;56.25;55.25;56.25;192194
2017-11-24;55.5;56.5;55.0;56.0;151880
2017-11-23;56.75;56.75;54.5;55.0;142476
2017-11-22;55.75;56.75;55.25;56.75;78749
2017-11-21;55.75;55.75;54.75;55.75;83199
2017-11-20;56.75;56.75;55.25;55.5;131742
2017-11-17;55.75;56.5;54.5;56.5;160805
2017-11-16;53.75;55.75;53.75;55.5;139402
2017-11-15;53.5;55.25;52.75;53.75;315195
2017-11-14;55.0;55.25;53.5;53.5;138722
2017-11-13;56.0;56.0;53.5;54.75;290284
2017-11-10;55.25;56.5;54.75;55.5;334169
2017-11-09;56.5;57.25;54.25;55.0;4534124
2017-11-08;60.5;61.25;60.25;60.75;104304
2017-11-07;61.25;61.25;60.0;60.5;114197
2017-11-06;60.5;62.0;60.25;61.25;231267
2017-11-03;60.5;60.75;58.75;60.5;167375
2017-11-02;58.0;60.75;57.0;60.0;439504
2017-11-01;59.25;59.5;56.75;58.5;328553
2017-10-31;59.5;59.5;58.0;59.0;286119
2017-10-30;59.0;59.25;58.0;59.25;396779
2017-10-27;62.75;63.0;57.0;57.5;948224
2017-10-26;57.75;60.0;57.25;59.0;530592
2017-10-25;56.5;58.5;56.5;57.0;403423
2017-10-24;56.75;57.25;55.5;56.0;160826
2017-10-23;54.75;57.5;54.25;57.0;327166
2017-10-20;52.25;54.5;52.25;54.5;207389
2017-10-19;55.0;55.0;52.25;52.75;146025
2017-10-18;55.25;55.25;54.25;54.5;74565
2017-10-17;56.5;56.5;55.0;55.0;74732
2017-10-13;54.75;56.25;54.5;55.25;186629
2017-10-12;53.25;55.0;53.0;55.0;310537
2017-10-11;53.0;53.25;52.0;53.25;85556
2017-10-10;52.75;53.0;52.0;52.75;132799
2017-10-09;53.0;53.5;52.5;52.75;156761
2017-10-06;53.0;53.5;52.75;53.0;101658
2017-10-05;52.0;53.0;51.5;53.0;162106
2017-10-04;52.5;52.75;51.5;52.0;105835
2017-10-03;52.25;53.5;52.25;52.25;214898
2017-10-02;51.0;53.0;50.75;52.25;137609
2017-09-29;51.25;52.0;50.75;51.25;57133
2017-09-28;50.75;51.25;50.25;51.25;69653
2017-09-27;52.25;52.25;50.5;50.75;107587
2017-09-26;52.75;53.0;51.75;52.25;79856
2017-09-25;51.25;53.0;50.25;52.75;212371
2017-09-22;52.0;52.25;50.5;51.25;94603
2017-09-21;52.25;52.5;51.25;51.75;124990
2017-09-20;50.25;52.5;50.25;52.25;166575
2017-09-19;50.75;51.75;49.7;50.25;180872
2017-09-18;52.0;52.0;50.25;50.75;109878
2017-09-15;52.75;52.75;51.5;51.5;73699
2017-09-14;51.5;53.25;50.75;52.75;289823
2017-09-13;50.75;52.0;50.5;51.25;158073
2017-09-12;51.0;51.0;49.8;51.0;189206
2017-09-11;49.9;51.0;49.1;51.0;140288
2017-09-08;48.2;50.25;48.2;49.8;257042
2017-09-07;48.8;49.5;48.0;48.2;86765
2017-09-06;49.5;49.5;48.3;48.6;90346
2017-09-04;49.0;50.25;48.8;50.0;81898
2017-09-01;49.5;50.75;49.4;50.25;79068
2017-08-31;49.3;50.0;49.3;49.7;135638
2017-08-30;48.6;49.5;48.6;49.2;102779
2017-08-29;48.7;48.8;47.2;48.6;255499
2017-08-28;49.4;49.6;48.6;48.9;141316
2017-08-25;49.2;49.8;48.6;49.4;197901
2017-08-24;50.75;51.25;49.2;49.2;490905
2017-08-23;53.25;53.5;50.5;50.75;570013
2017-08-22;50.25;51.0;49.5;50.75;69592
2017-08-21;51.5;51.5;50.0;50.25;128202
2017-08-18;51.5;52.0;50.0;52.0;101535
2017-08-17;52.25;52.75;51.25;51.75;151526
2017-08-16;51.0;53.0;51.0;52.25;279497
2017-08-15;49.1;50.5;48.5;50.5;207548
2017-08-14;48.5;49.5;47.9;49.1;306430
2017-08-11;49.3;50.25;48.0;50.0;246681
2017-08-10;51.75;52.0;49.5;50.0;175402
2017-08-09;53.0;53.0;51.5;52.0;122168
2017-08-08;52.0;53.25;51.25;53.25;212362
2017-08-07;52.75;53.75;51.75;52.0;111657
2017-08-04;53.0;53.5;51.75;52.75;133467
2017-08-03;54.25;54.75;52.5;52.75;233106
2017-08-02;53.5;54.75;53.25;54.0;451856
2017-08-01;50.75;53.5;50.0;53.25;669213
2017-07-31;49.0;51.0;48.2;50.5;310602
2017-07-28;49.5;49.5;47.9;49.0;311673
2017-07-27;50.0;50.25;49.2;49.5;314615
2017-07-26;50.75;51.25;49.2;49.8;786103
2017-07-25;49.0;50.0;48.9;49.9;571728
2017-07-24;46.7;48.5;46.7;48.4;743437
2017-07-21;46.0;47.4;44.3;46.0;1219348
2017-07-20;40.7;42.0;40.4;41.0;259817
2017-07-19;40.7;40.7;39.7;40.4;173947
2017-07-18;40.3;40.5;39.8;40.0;194011
2017-07-17;40.0;40.4;39.5;39.9;249663
2017-07-14;37.8;38.4;37.5;38.4;45427
2017-07-13;38.5;38.5;37.5;37.8;36131
2017-07-12;37.7;38.1;37.3;38.0;62742
2017-07-11;38.1;38.1;37.6;38.1;42038
2017-07-10;38.4;38.7;37.4;38.2;25174
2017-07-07;37.5;38.3;36.8;38.2;91570
2017-07-06;37.5;37.5;36.7;37.5;38563
2017-07-05;37.8;37.8;36.7;37.5;161231
2017-07-04;38.1;38.3;37.2;37.8;195881
2017-07-03;39.2;39.2;37.8;38.1;98234
2017-06-30;39.0;39.1;38.5;39.1;102313
2017-06-29;39.0;39.3;38.7;39.1;95274
2017-06-28;39.0;39.2;38.5;38.9;126816
2017-06-27;38.8;39.3;38.7;39.1;120456
2017-06-26;38.5;39.0;38.3;38.8;155307
2017-06-23;;38.3;38.3;38.3;0
2017-06-22;38.5;38.7;37.7;38.3;136811
2017-06-21;39.4;39.5;37.5;38.2;476253
2017-06-20;37.9;38.9;37.8;38.3;192195
2017-06-19;38.1;38.1;37.2;37.9;165772
2017-06-16;38.5;38.5;37.8;37.8;243646
2017-06-15;39.0;39.3;37.5;38.1;3432365
2017-06-14;42.0;42.4;41.1;41.6;68284
2017-06-13;42.3;42.3;41.3;41.9;47545
2017-06-12;42.4;42.4;41.1;41.5;62225
2017-06-09;42.0;42.5;41.6;42.4;78236
2017-06-08;41.0;42.5;41.0;42.0;101432
2017-06-07;40.2;41.0;39.7;41.0;119449
2017-06-06;;39.8;39.8;39.8;0
2017-06-05;41.0;41.1;39.8;39.8;156437
2017-06-02;39.9;41.9;39.4;41.1;272506
2017-06-01;38.9;39.5;38.5;39.0;525364
2017-05-31;39.4;39.7;38.5;38.5;170893
2017-05-30;39.7;39.7;39.3;39.4;67479
2017-05-29;38.9;40.1;38.3;39.7;282138
2017-05-26;39.3;39.7;38.8;39.5;38886
2017-05-24;39.5;40.3;39.0;39.3;14532
2017-05-23;39.8;39.8;39.0;39.5;15157
2017-05-22;38.6;40.4;38.3;39.4;121145
2017-05-19;38.3;39.2;38.0;38.6;96484
2017-05-18;39.5;39.5;37.8;38.3;89779
2017-05-17;39.6;39.9;37.7;39.5;77872
2017-05-16;40.8;40.8;39.2;39.6;61418
2017-05-15;41.0;41.4;39.9;40.4;76691
2017-05-12;40.8;41.4;41.4;41.4;80470
2017-05-11;41.2;41.2;40.3;40.5;37041
2017-05-10;40.9;41.8;40.7;41.1;125074
2017-05-09;40.4;40.9;40.0;40.9;40682
2017-05-08;39.9;40.9;39.7;40.4;60806
2017-05-05;39.1;39.4;38.7;39.4;104890
2017-05-04;38.1;39.1;37.9;39.0;63689
2017-05-03;38.0;38.2;36.9;38.1;131436
2017-05-02;40.0;40.5;38.4;38.8;111627
2017-05-01;;39.8;39.8;39.8;0
2017-04-28;40.0;40.0;38.7;39.8;330354
2017-04-27;40.5;40.7;39.6;40.4;91097
2017-04-26;40.0;40.5;39.1;40.4;86064
2017-04-25;39.8;39.8;38.5;39.7;136728
2017-04-24;39.9;40.8;38.9;39.8;96014
2017-04-21;41.2;42.1;39.5;39.8;110501
2017-04-20;43.2;43.2;41.0;41.8;152265
2017-04-19;43.5;43.8;43.1;43.2;55499
2017-04-18;43.0;44.5;42.5;43.5;142250
2017-04-13;43.3;43.4;42.0;43.0;39522
2017-04-12;43.2;43.5;43.0;43.3;45786
2017-04-11;42.9;43.4;42.0;43.2;74296
2017-04-10;43.2;43.2;41.0;43.0;161324
2017-04-07;42.8;43.5;42.5;43.5;111232
2017-04-06;42.5;43.0;41.2;42.0;76191
2017-04-05;42.0;44.2;40.9;43.0;148338
2017-04-04;41.8;43.1;41.7;42.1;130976
2017-04-03;40.7;42.9;40.1;41.8;163956
2017-03-31;38.6;40.9;38.2;40.0;177412
2017-03-30;39.4;39.4;38.2;39.4;104064
2017-03-29;39.0;39.4;38.5;39.4;79567
2017-03-28;39.3;39.3;38.5;39.1;55315
2017-03-27;39.5;39.7;37.5;39.4;75406
2017-03-24;39.5;39.8;38.5;39.5;59962
2017-03-23;37.8;39.3;37.5;39.3;79225
2017-03-22;38.0;38.5;37.1;37.8;89554
2017-03-21;39.2;39.2;38.0;38.5;66119
2017-03-20;38.4;39.8;38.2;39.3;79584
2017-03-17;37.5;38.5;37.5;38.4;163795
2017-03-16;37.0;37.6;36.5;37.5;112238
2017-03-15;36.6;37.1;35.7;37.0;127074
2017-03-14;36.5;36.7;36.0;36.6;62359
2017-03-13;35.5;36.5;35.5;36.5;128747
2017-03-10;35.8;35.5;35.5;35.5;87342
2017-03-09;35.0;35.9;34.9;35.5;168316
2017-03-08;34.6;35.0;34.0;35.0;81875
2017-03-07;32.7;34.6;32.7;34.6;131215
2017-03-06;32.5;32.9;32.1;32.7;26403
2017-03-03;33.0;32.8;32.8;32.8;34277
2017-03-02;33.0;33.3;32.4;33.3;45911
2017-03-01;32.0;32.7;32.0;32.3;51755
2017-02-28;32.4;32.7;31.7;32.1;67601
2017-02-27;32.1;32.4;31.2;32.1;85214
2017-02-24;33.2;33.8;32.1;32.1;110474
2017-02-23;34.8;34.8;33.1;33.2;130548
2017-02-22;34.4;35.0;34.0;34.8;110393
2017-02-21;35.3;36.8;34.4;34.5;327652
2017-02-20;33.9;35.0;32.7;35.0;351709
2017-02-17;33.5;33.5;32.6;32.7;75350
2017-02-16;32.3;33.6;32.2;33.5;77930
2017-02-15;33.1;33.1;32.4;32.5;56967
2017-02-14;32.3;32.9;32.0;32.9;68139
2017-02-13;32.8;32.9;31.9;32.3;107239
2017-02-10;33.7;34.3;31.4;32.9;281165
2017-02-09;32.8;33.4;32.6;33.0;168491
2017-02-08;32.5;33.0;31.5;32.7;47883
2017-02-07;32.2;33.1;31.9;32.6;78543
2017-02-06;31.9;32.5;30.0;32.2;62226
2017-02-03;32.0;32.2;31.6;31.9;16503
2017-02-02;32.3;32.6;31.3;31.8;50897
2017-02-01;30.0;32.9;29.3;32.3;140998
2017-01-31;29.4;30.0;29.2;29.4;26877
2017-01-30;30.0;30.2;29.7;29.9;17736
2017-01-27;30.7;30.7;30.0;30.2;43611
2017-01-26;29.0;30.6;29.0;30.6;45573
2017-01-25;29.6;30.0;29.4;29.5;18538
2017-01-24;28.7;29.4;28.7;29.4;24108
2017-01-23;29.6;29.6;28.7;29.1;51138
2017-01-20;30.3;30.3;29.3;29.6;57616
2017-01-19;30.4;30.5;30.1;30.3;9316
2017-01-18;31.0;31.5;30.1;30.4;181192
2017-01-17;31.1;31.3;30.5;31.0;19401
2017-01-16;31.0;31.8;31.0;31.1;45375
2017-01-13;30.5;31.7;30.3;31.0;51485
2017-01-12;30.2;30.5;29.4;30.3;122697
2017-01-11;30.6;30.6;30.0;30.2;32362
2017-01-10;30.5;30.9;30.3;30.5;11394
2017-01-09;31.0;31.0;30.4;30.5;16972
2017-01-06;;31.0;31.0;31.0;0
2017-01-05;31.0;31.0;30.5;31.0;106293
2017-01-04;31.0;31.0;30.4;30.6;22072
2017-01-03;30.9;31.2;30.7;31.0;23925
2017-01-02;31.3;31.5;30.5;30.9;17580
2016-12-30;31.4;31.4;30.7;31.2;34265
2016-12-29;30.5;31.8;30.5;31.3;74582
2016-12-28;30.5;31.0;30.2;31.0;110131
2016-12-27;30.5;30.9;30.1;30.7;63264
2016-12-23;30.5;30.5;30.0;30.5;47590
2016-12-22;30.7;30.7;29.7;30.5;84160
2016-12-21;30.9;30.9;30.2;30.8;35549
2016-12-20;31.7;32.0;30.8;31.0;33223
2016-12-19;31.2;31.9;31.1;31.7;17893
2016-12-16;31.5;32.6;31.0;31.6;22410
2016-12-15;31.0;32.0;31.0;31.5;72213
2016-12-14;30.8;32.0;30.5;31.8;49496
2016-12-13;31.0;31.0;30.5;30.8;53736
2016-12-12;31.6;31.8;31.0;31.1;22025
2016-12-09;33.0;33.0;31.0;31.6;64563
2016-12-08;34.3;34.3;32.4;32.4;56695
2016-12-07;35.2;35.2;34.1;34.3;22441
2016-12-06;35.2;35.3;34.2;35.2;76602
2016-12-05;34.5;35.5;34.5;34.5;137749
2016-12-02;34.3;35.4;33.8;34.8;46063
2016-12-01;34.5;35.3;34.5;34.8;31139
2016-11-30;35.0;35.4;34.1;35.3;65715
2016-11-29;33.5;34.7;33.3;34.7;96420
2016-11-28;32.5;33.4;32.5;33.2;18677
2016-11-25;33.0;33.0;32.2;33.0;21387
2016-11-24;32.9;32.9;32.2;32.7;13086
2016-11-23;31.2;33.0;31.2;32.3;36812
2016-11-22;32.3;32.3;31.5;31.7;36019
2016-11-21;33.5;33.5;31.5;32.2;64854
2016-11-18;30.1;33.0;29.8;32.7;94688
2016-11-17;30.2;30.5;29.9;30.1;32386
2016-11-16;31.3;31.3;30.3;30.6;26321
2016-11-15;30.6;31.8;30.6;31.3;37457
2016-11-14;32.0;32.0;30.5;31.0;18121
2016-11-11;30.0;32.5;29.9;32.0;66075
2016-11-10;29.5;30.3;29.4;30.0;68688
2016-11-09;27.5;30.0;27.0;28.8;58451
2016-11-08;29.7;30.0;29.0;29.2;29053
2016-11-07;30.0;30.1;28.4;29.7;50986
2016-11-04;30.9;31.2;30.3;30.3;12395
2016-11-03;30.3;30.9;30.2;30.9;38115
2016-11-02;31.0;31.5;30.0;30.3;24976
2016-11-01;30.5;31.5;30.5;30.8;49020
2016-10-31;29.3;30.3;28.5;30.3;69483
2016-10-28;30.0;30.2;28.2;29.3;119331
2016-10-27;32.9;33.5;31.9;32.4;91328
2016-10-26;31.2;32.7;31.2;32.3;41914
2016-10-25;31.1;31.8;31.0;31.2;21520
2016-10-24;32.5;32.5;31.5;31.7;28349
2016-10-21;32.8;32.9;31.3;32.3;74023
2016-10-20;33.1;33.9;31.8;32.8;51927
2016-10-19;34.1;34.2;32.6;33.2;51735
2016-10-18;33.9;34.9;33.4;34.9;31548
2016-10-17;33.9;34.0;33.1;33.9;30027
2016-10-14;34.0;34.4;32.8;34.0;21109
2016-10-13;35.0;35.0;33.8;34.4;53645
2016-10-12;35.3;35.3;34.6;35.1;58303
2016-10-11;34.6;35.6;34.0;35.5;64961
2016-10-10;35.7;35.7;35.0;35.2;35939
2016-10-07;36.0;36.1;35.5;35.6;47461
2016-10-06;34.7;36.0;34.3;35.5;111178
2016-10-05;34.2;34.6;34.0;34.6;61454
2016-10-04;34.0;34.9;34.0;34.2;70053
2016-10-03;34.5;34.5;33.3;34.0;22820
2016-09-30;32.8;34.7;32.3;34.6;145976
2016-09-29;32.7;33.3;32.7;33.1;25757
2016-09-28;33.1;33.4;32.0;33.3;109581
2016-09-27;31.3;33.0;31.3;33.0;147320
2016-09-26;32.4;32.7;31.0;31.3;122988
2016-09-23;29.0;32.8;28.8;32.5;252678
2016-09-22;29.0;29.5;28.2;29.3;73160
2016-09-21;28.7;29.2;28.0;28.1;41676
2016-09-20;28.5;28.8;28.0;28.8;30627
2016-09-19;28.5;29.0;28.3;28.6;17586
2016-09-16;29.0;29.3;28.5;28.5;34203
2016-09-15;27.7;29.0;27.7;28.8;70582
2016-09-14;28.0;28.0;27.1;27.7;19460
2016-09-13;27.1;27.5;26.5;27.1;70278
2016-09-12;27.7;27.7;26.7;27.1;30291
2016-09-09;28.0;28.0;27.3;27.7;29451
2016-09-08;27.5;27.9;27.5;27.9;32106
2016-09-07;27.8;27.8;27.0;27.8;30632
2016-09-06;27.5;27.9;27.2;27.4;30850
2016-09-05;27.6;28.3;27.0;27.5;56536
2016-09-02;28.6;28.6;26.4;27.6;79526
2016-09-01;28.1;28.5;27.9;28.0;13909
2016-08-31;28.8;29.0;28.0;28.1;45917
2016-08-30;29.0;29.2;28.3;28.8;31002
2016-08-29;29.0;29.0;28.3;28.3;28975
2016-08-26;28.5;29.1;28.4;28.9;45576
2016-08-25;28.8;29.2;28.2;28.5;55984
2016-08-24;28.5;29.5;28.5;28.6;60290
2016-08-23;28.0;28.9;27.2;28.5;203921
2016-08-22;27.6;27.9;27.2;27.4;38360
2016-08-19;27.6;28.0;27.2;27.6;48767
2016-08-18;27.8;27.9;27.5;27.9;37707
2016-08-17;27.9;28.0;27.6;27.8;26744
2016-08-16;28.0;28.3;27.6;27.9;42103
2016-08-15;28.7;28.7;27.8;28.0;33692
2016-08-12;27.9;28.4;27.8;28.0;42158
2016-08-11;28.0;28.4;27.6;28.0;45168
2016-08-10;28.6;28.8;27.7;28.0;56358
2016-08-09;28.0;28.9;27.3;28.8;144905
2016-08-08;27.7;28.2;27.4;28.0;52533
2016-08-05;27.7;28.0;27.4;27.7;23963
2016-08-04;28.0;28.0;27.6;27.7;37271
2016-08-03;28.4;28.4;27.5;28.0;19425
2016-08-02;28.0;28.7;27.7;28.4;59678
2016-08-01;27.7;28.1;27.5;28.0;54004
2016-07-29;27.7;27.8;27.4;27.7;22835
2016-07-28;27.9;27.9;27.4;27.7;59162
2016-07-27;28.3;28.5;27.5;27.9;114708
2016-07-26;28.4;28.7;28.1;28.3;41097
2016-07-25;29.0;29.0;28.1;28.4;97656
2016-07-22;29.3;29.3;28.4;29.0;90570
2016-07-21;30.5;30.6;28.9;29.3;148178
2016-07-20;30.5;31.8;29.1;30.3;520052
2016-07-19;34.4;34.4;33.0;33.9;34786
2016-07-18;33.5;34.4;33.0;34.4;63836
2016-07-15;33.9;33.9;32.8;33.7;67417
2016-07-14;32.9;33.4;32.8;33.0;48747
2016-07-13;32.2;34.0;31.8;32.9;50096
2016-07-12;32.4;32.5;31.6;32.2;92769
2016-07-11;32.0;32.9;31.8;32.7;40814
2016-07-08;32.2;32.3;31.5;31.8;31217
2016-07-07;31.4;32.4;31.3;32.2;54254
2016-07-06;32.5;32.5;31.3;31.3;55247
2016-07-05;33.3;33.3;32.0;32.2;34798
2016-07-04;32.7;33.5;32.4;32.8;54872
2016-07-01;33.5;33.5;32.2;32.4;104689
2016-06-30;33.0;33.5;31.9;33.4;84953
2016-06-29;31.9;33.0;30.9;32.2;187886
2016-06-28;31.8;33.3;31.3;31.9;154409
2016-06-27;32.1;33.5;32.1;32.5;65912
2016-06-24;;34.9;34.9;34.9;0
2016-06-23;35.0;35.4;34.8;34.9;42739
2016-06-22;35.4;35.7;35.0;35.5;20383
2016-06-21;36.0;36.0;35.3;35.4;30463
2016-06-20;35.0;36.0;34.3;35.6;55834
2016-06-17;34.5;35.9;34.5;35.1;42467
2016-06-16;34.4;35.9;33.2;34.5;112623
2016-06-15;33.5;34.6;33.1;34.0;33291
2016-06-14;34.8;34.8;33.1;33.5;46794
2016-06-13;34.1;34.9;33.3;34.8;55279
2016-06-10;37.0;37.0;34.0;35.1;65041
2016-06-09;36.7;36.9;35.1;36.0;65340
2016-06-08;38.0;38.0;36.5;36.7;49868
2016-06-07;37.4;38.2;37.4;37.8;91570
2016-06-06;;36.5;36.5;36.5;0
2016-06-03;37.0;37.9;36.5;36.5;64185
2016-06-02;34.2;38.0;34.2;37.0;215194
2016-06-01;34.6;34.8;34.0;34.0;32649
2016-05-31;34.0;34.5;33.1;34.5;93385
2016-05-30;34.9;34.9;33.5;34.0;39509
2016-05-27;34.0;34.7;33.7;34.2;51040
2016-05-26;33.4;33.7;33.1;33.7;28291
2016-05-25;32.8;33.4;32.5;32.9;32261
2016-05-24;33.1;33.4;32.6;32.7;13050
2016-05-23;33.0;33.3;32.4;32.9;29524
2016-05-20;33.5;33.7;32.6;32.8;52530
2016-05-19;32.3;33.7;31.5;33.5;64576
2016-05-18;33.0;33.0;31.8;32.3;80870
2016-05-17;33.3;33.3;32.7;33.0;22443
2016-05-16;33.7;33.7;32.5;33.3;29426
2016-05-13;34.3;34.3;33.1;33.5;29528
2016-05-12;34.1;35.0;33.1;33.8;70129
2016-05-11;34.8;34.8;33.7;33.8;46139
2016-05-10;33.8;34.9;33.3;34.6;127452
2016-05-09;32.0;33.9;31.6;33.8;65353
2016-05-06;32.6;33.0;32.0;32.0;66026
2016-05-05;32.5;33.0;32.1;32.6;62607
2016-05-04;32.5;33.0;32.1;32.6;62607
2016-05-03;33.6;33.9;31.9;31.9;140264
2016-05-02;35.8;35.8;33.4;33.6;205578
2016-04-29;38.0;38.3;35.5;35.5;177683
2016-04-28;36.5;36.9;35.3;35.6;91548
2016-04-27;36.0;37.1;35.6;36.2;71353
2016-04-26;36.0;36.2;35.6;35.6;28506
2016-04-25;35.1;36.5;35.1;36.0;54279
2016-04-22;35.2;36.0;35.2;35.4;30093
2016-04-21;35.5;35.9;35.0;35.3;32877
2016-04-20;35.9;35.9;34.6;35.5;46118
2016-04-19;36.0;36.5;35.1;36.0;51181
2016-04-18;34.7;36.2;34.3;35.6;112602
2016-04-15;34.6;34.8;34.3;34.3;33459
2016-04-14;34.8;35.5;34.4;34.8;73768
2016-04-13;35.3;35.7;33.2;34.5;256368
2016-04-12;36.5;36.9;35.2;35.3;76245
2016-04-11;37.0;37.2;36.0;36.5;16000
2016-04-08;35.0;37.1;35.0;37.1;42474
2016-04-07;35.5;36.2;35.0;35.2;28563
2016-04-06;35.5;36.1;35.0;35.5;39331
2016-04-05;36.3;36.3;35.1;35.5;62839
2016-04-04;35.9;37.4;35.9;36.3;58724
2016-04-01;36.7;37.3;36.1;37.3;35775
2016-03-31;37.6;37.6;35.8;36.7;45199
2016-03-30;37.5;37.6;37.0;37.4;40886
2016-03-29;38.4;38.6;37.6;38.0;18045
2016-03-28;38.6;38.6;38.4;38.4;9248
2016-03-25;38.6;38.6;37.8;38.4;9248
2016-03-24;38.6;38.6;37.8;38.4;9248
2016-03-23;38.0;39.0;38.0;38.6;37118
2016-03-22;38.5;38.5;37.5;38.5;41680
2016-03-21;38.8;38.8;37.7;38.5;34358
2016-03-18;38.5;38.7;38.0;38.6;60394
2016-03-17;39.3;40.0;38.3;38.6;66116
2016-03-16;38.2;39.0;38.2;39.0;29945
2016-03-15;38.3;39.0;38.2;38.2;31980
2016-03-14;39.0;39.3;37.5;39.1;93646
2016-03-11;39.0;39.4;38.7;39.0;65852
2016-03-10;39.4;39.4;38.7;39.0;33311
2016-03-09;38.7;39.6;38.2;39.0;75540
2016-03-08;39.0;39.3;38.1;38.6;103894
2016-03-07;39.3;39.3;38.5;39.0;192894
2016-03-04;38.9;38.9;37.5;38.3;83321
2016-03-03;37.7;38.7;37.7;38.2;72286
2016-03-02;37.8;38.5;37.1;37.7;63865
2016-03-01;36.0;37.8;35.9;37.5;175856
2016-02-29;36.0;36.7;35.0;35.7;71140
2016-02-26;36.3;36.5;35.1;35.8;76732
2016-02-25;36.8;37.0;36.0;36.3;40060
2016-02-24;37.5;37.5;36.1;36.6;22460
2016-02-23;36.7;37.6;35.6;36.9;177169
2016-02-22;37.0;37.7;35.6;36.7;185526
2016-02-19;36.0;38.6;36.0;36.7;409808
2016-02-18;40.1;41.9;39.3;40.3;251681
2016-02-17;39.0;40.1;39.0;39.6;115518
2016-02-16;39.5;39.5;38.2;38.3;43599
2016-02-15;38.0;39.4;38.0;38.9;69344
2016-02-12;36.0;37.3;36.0;37.0;40520
2016-02-11;35.1;36.9;35.1;35.9;47077
2016-02-10;35.0;36.6;35.0;35.8;90305
2016-02-09;35.1;35.5;32.8;35.5;128170
2016-02-08;37.2;37.2;34.0;35.1;154415
2016-02-05;37.6;38.8;36.7;37.2;58388
2016-02-04;38.3;39.1;36.8;37.6;77833
2016-02-03;39.2;39.6;36.5;38.1;24461
2016-02-02;39.6;39.7;38.3;39.2;34215
2016-02-01;39.9;39.9;38.3;38.8;37444
2016-01-29;39.1;40.0;39.1;39.9;58003
2016-01-28;40.0;40.0;38.8;39.1;48338
2016-01-27;40.5;40.6;39.8;40.0;39152
2016-01-26;39.7;40.8;38.8;40.3;91798
2016-01-25;39.1;40.5;38.8;40.3;57091
2016-01-22;39.5;39.9;38.5;39.0;43289
2016-01-21;37.8;38.4;36.1;38.0;80631
2016-01-20;39.5;39.5;37.1;37.8;146451
2016-01-19;39.5;40.5;38.7;40.1;76178
2016-01-18;38.4;39.4;37.2;38.8;103618
2016-01-15;40.5;40.9;37.5;38.9;149641
2016-01-14;41.3;41.3;39.0;41.0;133151
2016-01-13;44.5;44.5;41.6;41.8;66365
2016-01-12;43.5;44.3;42.7;44.3;62252
2016-01-11;44.5;44.5;42.6;43.5;103604
2016-01-08;44.7;45.8;44.0;44.6;75887
2016-01-07;44.8;44.8;42.1;44.7;135846
2016-01-06;;45.8;45.8;45.8;0
2016-01-05;45.9;46.9;45.3;45.8;64312
2016-01-04;46.0;46.6;44.9;45.9;164497
2016-01-01;;46.9;46.9;46.9;0
2015-12-31;;46.9;46.9;46.9;0
2015-12-30;46.5;46.9;45.7;46.9;94232
2015-12-29;46.4;46.6;46.0;46.0;94572
2015-12-28;44.5;46.3;44.5;46.0;123859
2015-12-25;43.1;46.0;42.9;44.0;468222
2015-12-24;43.1;46.0;42.9;44.0;468222
2015-12-23;43.1;46.0;42.9;44.0;468222
2015-12-22;43.0;43.3;42.3;43.0;38400
2015-12-21;42.2;43.8;41.6;43.3;78430
2015-12-18;43.2;43.2;41.1;42.0;81666
2015-12-17;44.0;44.9;43.0;43.2;98659
2015-12-16;45.0;45.0;43.1;44.0;65805
2015-12-15;44.0;44.5;42.7;43.5;73791
2015-12-14;43.2;45.0;42.1;42.7;64287
2015-12-11;45.6;45.6;43.2;43.2;79838
2015-12-10;46.9;46.9;44.5;44.7;125905
2015-12-09;46.0;47.5;45.7;47.0;232119
2015-12-08;45.6;46.0;44.4;45.7;181699
2015-12-07;42.7;46.2;42.5;44.7;303114
2015-12-04;40.5;43.0;39.5;42.3;801788
2015-12-03;40.1;41.0;39.5;40.9;114553
2015-12-02;39.3;40.0;39.1;39.5;77074
2015-12-01;39.9;40.4;39.1;39.1;57267
2015-11-30;39.5;40.1;39.3;39.9;90945
2015-11-27;38.9;39.3;37.9;39.3;57324
2015-11-26;39.0;39.7;37.8;38.5;45942
2015-11-25;38.0;39.3;37.8;39.0;154941
2015-11-24;38.0;38.8;37.7;38.0;54748
2015-11-23;37.5;38.5;37.5;38.0;50100
2015-11-20;38.4;38.6;37.3;37.8;69930
2015-11-19;39.5;40.0;38.0;38.0;110684
2015-11-18;41.4;41.4;39.0;39.5;100205
2015-11-17;40.0;41.8;39.5;41.0;204345
2015-11-16;39.0;40.0;38.2;39.5;31547
2015-11-13;41.9;43.0;39.0;40.0;1245542
2015-11-12;40.9;42.0;40.2;41.9;513062
2015-11-11;38.5;41.4;38.0;41.4;324322
2015-11-10;37.4;37.9;36.6;37.8;121892
2015-11-09;38.7;39.9;36.8;37.4;228306
2015-11-06;39.7;40.0;36.1;38.6;360901
2015-11-05;41.2;42.8;41.2;42.5;215191
2015-11-04;39.7;42.0;39.0;41.0;196351
2015-11-03;39.7;39.7;39.1;39.7;33619
2015-11-02;39.3;39.8;38.8;39.7;72604
2015-10-30;39.4;39.4;38.6;39.3;26299
2015-10-29;39.2;39.5;38.0;39.5;52076
2015-10-28;39.3;39.3;38.9;39.2;25977
2015-10-27;39.3;39.5;39.0;39.3;53510
2015-10-26;39.0;39.9;39.0;39.4;90409
2015-10-23;38.7;39.3;38.1;39.0;77987
2015-10-22;38.2;38.8;38.0;38.7;26522
2015-10-21;38.4;38.7;37.8;38.2;46628
2015-10-20;38.8;39.0;38.0;38.4;36083
2015-10-19;38.0;39.0;38.0;38.6;85029
2015-10-16;37.5;39.0;37.0;37.9;95739
2015-10-15;37.7;38.6;37.1;37.5;60648
2015-10-14;38.5;38.8;37.5;37.8;88008
2015-10-13;37.9;38.8;36.0;38.0;85427
2015-10-12;38.0;38.5;37.4;37.9;31955
2015-10-09;37.8;38.5;37.8;38.0;33414
2015-10-08;37.9;38.4;37.7;37.7;18273
2015-10-07;37.4;38.0;37.1;37.9;33463
2015-10-06;37.5;37.8;37.1;37.4;32080
2015-10-05;38.3;38.3;37.2;37.2;41193
2015-10-02;38.0;38.4;37.1;37.8;27271
2015-10-01;38.5;38.8;37.7;38.0;41402
2015-09-30;38.8;38.8;38.0;38.5;42698
2015-09-29;38.3;38.3;37.0;37.6;62029
2015-09-28;39.2;39.4;37.9;38.3;57277
2015-09-25;39.0;39.2;38.4;38.7;42903
2015-09-24;39.2;39.5;38.1;38.2;92924
2015-09-23;38.6;39.6;37.9;39.0;190555
2015-09-22;38.0;38.0;35.5;37.4;74549
2015-09-21;39.0;39.0;37.7;38.1;32213
2015-09-18;38.9;39.0;37.6;39.0;62681
2015-09-17;38.7;39.5;38.5;39.1;82581
2015-09-16;38.8;39.6;38.4;38.7;39720
2015-09-15;39.7;39.7;37.7;38.5;119264
2015-09-14;38.7;39.9;38.5;39.2;218441
2015-09-11;37.3;38.7;37.0;38.3;68117
2015-09-10;36.4;37.4;36.0;37.3;92882
2015-09-09;35.4;36.5;34.6;36.1;91478
2015-09-08;34.8;35.3;33.6;34.4;98652
2015-09-07;35.4;35.9;34.5;35.3;47151
2015-09-04;35.5;36.3;35.0;35.4;20935
2015-09-03;36.1;36.4;35.5;35.7;18809
2015-09-02;35.9;36.5;35.4;36.1;25310
2015-09-01;35.4;36.0;34.3;35.9;24821
2015-08-31;35.3;36.3;35.1;35.4;99873
2015-08-28;34.7;36.6;34.2;34.2;154518
2015-08-27;33.7;33.8;32.8;33.7;94955
2015-08-26;32.7;32.7;31.9;31.9;50749
2015-08-25;32.6;33.7;32.0;32.8;66462
2015-08-24;33.6;33.7;32.0;33.4;118949
2015-08-21;34.9;35.0;33.7;34.8;95240
2015-08-20;35.8;36.2;35.0;35.1;74551
2015-08-19;36.0;36.5;34.3;36.5;82225
2015-08-18;36.4;36.5;35.7;36.5;45295
2015-08-17;37.0;37.0;33.5;36.2;107928
2015-08-14;38.7;38.8;35.3;37.0;129531
2015-08-13;38.4;38.5;37.8;38.4;31233
2015-08-12;38.9;38.9;38.0;38.4;20835
2015-08-11;38.8;39.6;38.0;38.9;43046
2015-08-10;37.8;38.8;37.8;38.8;44010
2015-08-07;37.0;37.8;36.8;37.8;52082
2015-08-06;36.8;37.1;36.5;37.0;21140
2015-08-05;37.0;37.0;36.4;36.8;14877
2015-08-04;36.7;37.0;36.2;37.0;7431
2015-08-03;37.2;37.2;36.3;36.7;14007
2015-07-31;36.5;37.6;36.5;37.2;8920
2015-07-30;36.5;37.0;36.3;36.4;19510
2015-07-29;36.4;37.2;36.4;36.8;16286
2015-07-28;36.5;37.8;36.4;37.2;8216
2015-07-27;37.0;37.0;36.0;36.5;12989
2015-07-24;36.6;37.2;36.0;37.2;19014
2015-07-23;37.1;37.1;36.0;36.6;16547
2015-07-22;36.8;37.3;36.1;37.3;10418
2015-07-21;36.8;37.2;36.2;36.9;17602
2015-07-20;35.1;37.3;35.1;36.6;26792
2015-07-17;35.2;36.8;35.2;36.7;31032
2015-07-16;35.7;36.0;35.1;35.6;26843
2015-07-15;36.0;36.0;35.5;35.7;11875
2015-07-14;36.4;36.4;35.6;36.0;14277
2015-07-13;36.5;36.8;35.6;36.4;44084
2015-07-10;36.5;36.5;35.8;36.5;46348
2015-07-09;36.8;36.8;35.5;36.4;23543
2015-07-08;36.4;36.6;35.2;35.9;10185
2015-07-07;36.9;37.8;35.0;36.5;20040
2015-07-06;36.1;37.5;36.0;36.0;43469
2015-07-03;36.0;39.0;36.0;37.5;63276
2015-07-02;34.9;37.2;34.8;37.0;85281
2015-07-01;33.5;35.9;33.5;34.7;54535
2015-06-30;32.6;33.3;32.3;33.3;16644
2015-06-29;32.4;33.0;31.8;33.0;51519
2015-06-26;33.3;33.5;33.0;33.5;19259
2015-06-25;33.0;33.3;32.8;33.0;9770
2015-06-24;33.9;33.9;32.2;33.2;33250
2015-06-23;33.7;34.0;33.4;33.7;43250
2015-06-22;33.9;35.0;33.3;33.7;44505
2015-06-19;;33.8;33.8;33.8;0
2015-06-18;33.5;33.8;33.3;33.8;19499
2015-06-17;34.4;34.8;33.6;33.8;22412
2015-06-16;35.5;35.5;33.2;34.3;110404
2015-06-15;36.5;36.5;35.0;35.5;29448
2015-06-12;37.2;37.2;36.0;36.5;20188
2015-06-11;37.2;37.6;37.0;37.3;18019
2015-06-10;36.6;37.8;36.2;37.6;31772
2015-06-09;36.9;36.9;35.0;36.8;102898
2015-06-08;36.8;37.5;35.2;36.9;75941
2015-06-05;37.1;37.5;36.4;37.5;548460
2015-06-04;37.3;37.5;36.6;37.5;23769
2015-06-03;37.8;37.9;37.2;37.5;46709
2015-06-02;38.1;38.1;37.7;37.8;15978
2015-06-01;38.5;39.0;37.6;38.1;33692
2015-05-29;38.3;38.8;38.0;38.5;37039
2015-05-28;39.4;39.4;38.0;38.4;27295
2015-05-27;39.6;39.6;38.7;39.4;31234
2015-05-26;39.5;39.8;39.0;39.6;18444
2015-05-25;40.5;40.5;39.0;40.0;18926
2015-05-22;40.5;40.5;39.6;40.1;16521
2015-05-21;40.5;40.5;39.8;39.9;8696
2015-05-20;40.9;40.9;39.7;40.5;15309
2015-05-19;40.8;41.5;40.3;40.9;16708
2015-05-18;41.6;41.8;40.5;41.4;14004
2015-05-15;40.7;42.0;39.9;41.3;44417
2015-05-14;40.0;40.8;38.6;40.8;29051
2015-05-13;40.0;40.8;38.6;40.8;29051
2015-05-12;42.0;42.0;39.4;40.0;23015
2015-05-11;42.0;42.0;40.0;42.0;57361
2015-05-08;34.5;42.0;34.5;42.0;246640
2015-05-07;40.7;40.9;38.0;40.0;79255
2015-05-06;41.0;41.6;40.5;40.8;27903
2015-05-05;41.7;41.7;40.9;41.0;32416
2015-05-04;42.0;42.7;41.3;41.7;26347
2015-05-01;41.6;41.9;41.1;41.3;18649
2015-04-30;41.6;41.9;41.1;41.3;18649
2015-04-29;42.2;42.2;41.5;41.6;52391
2015-04-28;42.0;43.4;42.0;42.2;29963
2015-04-27;42.0;42.5;41.5;42.5;45341
2015-04-24;42.2;42.2;41.5;42.0;19127
2015-04-23;41.5;42.5;41.5;42.2;26962
2015-04-22;41.3;41.9;41.0;41.8;39805
2015-04-21;41.2;42.0;41.0;41.3;49974
2015-04-20;41.5;42.0;40.6;41.1;61740
2015-04-17;41.5;42.0;40.3;41.1;47094
2015-04-16;42.2;42.2;41.3;41.5;36789
2015-04-15;40.9;42.4;40.9;42.2;66199
2015-04-14;41.8;41.8;40.8;41.0;33347
2015-04-13;41.0;41.5;40.5;41.2;18901
2015-04-10;40.6;42.4;39.7;41.0;69614
2015-04-09;40.0;40.6;39.8;40.6;30143
2015-04-08;40.9;41.0;39.9;40.0;32715
2015-04-07;41.5;41.5;40.4;40.7;28488
2015-04-02;40.9;41.2;39.2;40.0;32561
2015-04-01;40.2;40.7;39.0;40.0;34031
2015-03-31;40.9;42.0;39.0;40.2;117969
2015-03-30;42.0;43.0;40.1;40.8;143243
2015-03-27;40.5;40.9;40.0;40.5;52610
2015-03-26;40.0;40.6;39.1;40.4;35455
2015-03-25;41.3;41.4;39.8;40.8;82446
2015-03-24;39.8;41.9;39.4;41.3;128875
2015-03-23;39.5;40.0;38.6;39.8;105854
2015-03-20;38.1;39.8;38.1;39.4;83594
2015-03-19;38.4;38.4;38.0;38.1;26015
2015-03-18;38.0;38.3;37.9;38.2;26834
2015-03-17;38.3;38.3;37.8;38.0;19056
2015-03-16;38.4;38.4;38.0;38.3;27657
2015-03-13;38.5;38.5;37.9;38.1;22401
2015-03-12;38.7;38.7;38.1;38.5;27370
2015-03-11;38.7;40.0;38.0;38.7;133068
2015-03-10;37.5;38.5;36.9;37.9;63768
2015-03-09;37.5;37.5;36.7;37.5;35530
2015-03-06;37.4;38.5;37.4;37.9;25055
2015-03-05;38.1;38.1;36.9;37.4;26610
2015-03-04;38.9;38.9;37.0;38.2;48716
2015-03-03;38.8;38.8;37.5;38.8;61430
2015-03-02;38.0;39.0;38.0;38.8;42017
2015-02-27;38.0;39.0;37.3;38.9;62457
2015-02-26;38.4;38.5;37.5;38.0;63283
2015-02-25;36.4;38.8;36.4;38.4;164675
2015-02-24;36.9;36.9;35.8;36.4;27964
2015-02-23;36.0;36.9;35.7;36.5;87634
2015-02-20;37.8;37.8;35.5;37.0;197896
2015-02-19;40.0;40.0;39.0;39.8;54733
2015-02-18;39.3;40.0;39.3;39.8;83572
2015-02-17;39.0;39.3;38.5;39.3;47886
2015-02-16;39.1;39.1;38.5;39.1;44711
2015-02-13;37.5;39.0;37.2;38.9;98789
2015-02-12;37.3;37.9;36.2;37.6;41122
2015-02-11;36.0;37.5;36.0;37.4;38401
2015-02-10;36.2;37.1;36.0;36.6;24248
2015-02-09;36.5;37.0;36.0;37.0;27017
2015-02-06;36.0;36.9;35.5;36.5;35625
2015-02-05;37.5;37.9;37.0;37.9;20231
2015-02-04;36.5;37.5;36.2;37.5;30835
2015-02-03;36.3;37.0;36.2;36.7;58126
2015-02-02;36.2;36.8;36.2;36.7;32284
2015-01-30;36.3;36.6;36.1;36.3;13083
2015-01-29;36.5;36.8;35.6;36.7;32550
2015-01-28;36.1;36.5;35.6;36.0;21817
2015-01-27;35.5;35.9;35.5;35.6;36039
2015-01-26;35.5;36.5;35.5;36.3;20313
2015-01-23;36.0;36.0;35.1;36.0;18562
2015-01-22;35.7;36.5;35.5;36.5;39884
2015-01-21;35.0;35.5;34.8;35.5;15797
2015-01-20;35.0;35.0;34.5;35.0;19332
2015-01-19;34.5;35.0;33.9;35.0;21164
2015-01-16;34.4;35.8;33.9;34.5;52482
2015-01-15;34.2;35.5;33.3;34.5;13469
2015-01-14;35.0;35.6;34.0;34.9;57325
2015-01-13;35.1;35.2;34.7;35.0;37171
2015-01-12;35.6;36.2;35.1;35.4;40429
2015-01-09;34.8;35.9;34.8;35.8;27551
2015-01-08;34.7;35.7;34.7;35.2;43685
2015-01-07;36.0;36.0;35.0;35.7;18215
2015-01-06;;36.2;36.2;36.2;0
2015-01-05;35.7;37.0;35.7;36.2;16614
2015-01-02;34.3;36.5;34.3;35.7;14196
2015-01-01;34.6;35.0;34.1;35.0;12609
2014-12-30;34.6;35.0;34.1;35.0;12609
2014-12-29;36.0;36.0;35.0;35.4;21668
2014-12-23;35.3;36.3;34.9;36.0;35797
2014-12-22;33.5;35.7;33.5;34.7;87628
2014-12-19;33.1;35.0;32.0;33.5;69126
2014-12-18;33.0;33.0;32.3;33.0;31782
2014-12-17;32.5;33.0;32.0;33.0;30519
2014-12-16;33.5;33.6;32.7;33.6;20653
2014-12-15;34.0;34.2;33.6;33.8;67750
2014-12-12;34.0;34.2;34.0;34.2;15372
2014-12-11;34.5;34.5;33.9;34.3;13105
2014-12-10;33.8;34.5;33.8;34.5;7610
2014-12-09;34.0;34.3;33.9;34.3;22152
2014-12-08;34.6;34.6;34.0;34.5;13977
2014-12-05;34.4;35.0;33.6;35.0;14318
2014-12-04;34.0;35.0;34.0;34.4;48306
2014-12-03;34.1;35.0;34.0;34.8;24012
2014-12-02;35.0;35.0;33.1;34.5;38676
2014-12-01;35.5;35.8;34.5;35.0;17860
2014-11-28;36.9;36.9;34.5;35.5;27274
2014-11-27;36.1;36.5;36.1;36.3;16262
2014-11-26;37.5;37.5;36.0;36.0;39777
2014-11-25;37.0;37.3;37.0;37.0;21147
2014-11-24;37.0;37.3;36.6;37.0;25921
2014-11-21;36.5;37.2;36.5;36.9;15177
2014-11-20;36.1;36.7;36.1;36.5;13904
2014-11-19;37.2;37.2;35.7;36.1;44099
2014-11-18;37.5;37.5;36.9;37.3;32471
2014-11-17;37.9;37.9;37.0;37.5;59987
2014-11-14;38.5;38.5;37.4;38.0;96047
2014-11-13;37.5;38.2;37.4;37.9;119248
2014-11-12;34.3;37.5;34.1;36.9;130365
2014-11-11;34.6;34.9;33.8;34.3;42525
2014-11-10;35.8;35.8;34.0;34.8;34484
2014-11-07;38.0;38.2;35.1;35.1;154015
2014-11-06;36.5;37.3;33.5;36.0;127563
2014-11-05;34.0;36.6;34.0;36.4;151550
2014-11-04;33.0;34.1;33.0;33.9;75976
2014-11-03;32.1;33.2;32.1;32.8;35307
2014-10-31;31.1;33.0;31.1;33.0;10906
2014-10-30;29.9;32.0;29.6;32.0;34233
2014-10-29;30.9;30.9;29.6;29.6;22927
2014-10-28;31.2;31.5;30.7;30.9;12309
2014-10-24;27.4;29.5;27.2;29.3;40505
2014-10-23;27.6;27.6;27.0;27.3;47221
2014-10-22;27.4;27.4;26.8;27.2;35576
2014-10-21;27.7;27.9;26.0;27.4;43818
2014-10-20;27.5;27.8;27.5;27.5;27785
2014-10-17;26.9;27.8;26.9;27.5;50424
2014-10-16;27.0;27.4;25.9;26.7;32396
2014-10-15;27.9;28.9;26.7;26.7;62901
2014-10-14;27.8;28.4;27.0;27.4;135971
2014-10-13;27.0;27.9;25.6;27.9;63651
2014-10-10;27.6;27.6;26.3;26.7;122261
2014-10-09;27.5;27.7;26.9;27.0;57778
2014-10-08;27.0;27.0;26.1;26.5;254131
2014-10-07;28.5;28.5;26.5;27.0;149852
2014-10-06;30.5;30.8;27.5;27.8;536665
2014-10-03;30.9;31.7;30.0;30.0;285726
2014-10-02;36.6;36.6;30.0;30.6;543422
2014-10-01;38.1;38.1;37.5;37.8;19246
2014-09-30;38.2;38.3;37.8;37.8;23028
2014-09-29;37.8;38.3;37.8;37.8;16005
2014-09-26;38.6;38.6;37.7;37.7;7769
2014-09-25;38.8;39.3;38.1;38.3;21172
2014-09-24;38.9;39.2;38.5;38.8;34838
2014-09-23;38.0;38.3;37.8;37.8;19997
2014-09-22;38.6;38.8;38.0;38.3;27327
2014-09-19;38.1;38.6;36.0;38.6;56312
2014-09-18;37.8;38.3;37.7;38.1;30680
2014-09-17;37.9;38.2;37.7;38.0;12031
2014-09-16;38.2;38.6;37.9;38.2;23130
2014-09-15;37.5;38.4;37.5;38.3;12574
2014-09-12;37.6;38.3;37.5;38.3;22879
2014-09-11;37.8;38.1;37.6;37.6;27394
2014-09-10;38.1;38.1;37.5;38.0;12044
2014-09-09;38.7;38.7;37.7;38.1;17938
2014-09-08;38.7;38.8;38.2;38.3;9525
2014-09-05;38.6;38.7;38.3;38.7;4634
2014-09-04;38.1;38.6;38.1;38.5;17375
2014-09-03;38.7;38.8;38.0;38.4;49192
2014-09-02;38.0;38.5;37.8;38.4;16195
2014-09-01;37.8;38.2;37.8;38.0;59920
2014-08-29;37.6;37.8;37.5;37.8;20873
2014-08-28;37.9;38.0;37.5;37.8;27758
2014-08-27;38.2;38.4;37.5;38.0;28391
2014-08-26;40.0;40.0;37.9;38.6;217533
2014-08-25;39.8;42.0;39.4;40.0;82615
2014-08-22;39.8;40.3;39.5;40.0;88094
2014-08-21;40.5;40.5;39.6;40.0;25749
2014-08-20;39.7;40.5;39.5;40.0;87348
2014-08-19;40.7;40.7;39.7;40.0;53730
2014-08-18;40.9;41.4;39.2;40.7;99267
2014-08-15;42.0;42.0;39.2;40.7;233835
2014-08-14;43.0;43.5;41.1;43.2;135858
2014-08-13;43.9;44.0;42.7;42.9;55451
2014-08-12;42.2;44.0;42.1;43.9;52684
2014-08-11;42.1;43.0;41.5;42.2;66262
2014-08-08;40.5;42.0;40.5;42.0;59705
2014-08-07;40.7;41.6;40.1;41.6;25310
2014-08-06;40.0;42.2;40.0;41.0;43205
2014-08-05;39.0;41.5;39.0;41.5;82957
2014-08-04;38.4;38.8;38.2;38.7;25723
2014-08-01;38.4;38.8;38.1;38.5;24296
2014-07-31;39.4;39.4;38.7;38.9;16467
2014-07-30;39.2;39.5;38.4;39.4;16590
2014-07-29;39.3;39.3;38.8;39.2;10947
2014-07-28;39.3;39.5;38.8;39.0;12904
2014-07-25;38.1;39.7;37.9;39.0;22005
2014-07-24;38.0;38.7;37.8;38.1;28702
2014-07-23;38.7;38.7;38.0;38.0;14422
2014-07-22;37.9;38.9;37.9;38.7;11506
2014-07-21;38.7;39.3;37.8;38.3;34907
2014-07-18;37.8;38.7;37.8;38.7;29751
2014-07-17;38.1;38.3;37.9;37.9;13090
2014-07-16;38.1;38.5;38.1;38.1;5942
2014-07-15;38.2;38.5;38.0;38.4;19844
2014-07-14;38.7;38.7;38.0;38.4;14724
2014-07-11;38.2;38.7;38.1;38.5;13010
2014-07-10;38.4;38.7;38.1;38.5;9648
2014-07-09;38.2;38.4;38.1;38.4;3807
2014-07-08;38.4;38.7;38.0;38.4;11017
2014-07-07;38.0;38.5;37.9;38.4;25085
2014-07-04;37.8;38.1;37.8;38.0;12516
2014-07-03;37.8;38.7;37.6;37.9;16358
2014-07-02;37.5;38.7;37.5;37.8;40572
2014-07-01;37.6;38.0;37.6;37.7;16620
2014-06-30;37.6;38.0;37.2;37.6;17468
2014-06-27;37.7;37.8;37.0;37.8;20987
2014-06-26;37.7;38.0;37.3;37.7;12755
2014-06-25;37.5;37.7;36.8;37.7;58100
2014-06-24;37.8;38.0;37.5;37.7;67456
2014-06-23;37.7;38.3;37.7;38.1;46073
2014-06-20;;38.1;38.1;38.1;0
2014-06-19;37.8;38.7;37.8;38.1;29070
2014-06-18;37.1;38.4;37.1;37.8;10080
2014-06-17;37.6;38.0;37.0;37.7;18523
2014-06-16;37.8;38.1;37.6;38.0;8055
2014-06-13;39.0;39.0;38.0;38.0;36253
2014-06-12;39.4;39.4;38.6;39.0;7948
2014-06-11;38.3;39.5;38.3;39.2;46503
2014-06-10;38.1;38.7;38.1;38.7;22954
2014-06-09;37.8;38.3;37.8;38.2;13135
2014-06-06;;38.2;38.2;38.2;0
2014-06-05;38.0;38.3;37.6;38.2;19615
2014-06-04;38.0;38.2;37.3;38.1;21701
2014-06-03;38.4;38.4;37.9;38.2;20300
2014-06-02;38.6;38.6;38.0;38.3;34645
2014-05-30;38.5;38.7;38.1;38.6;47095
2014-05-28;38.8;38.8;38.2;38.6;8701
2014-05-27;38.1;38.8;38.1;38.8;47749
2014-05-26;39.0;39.0;37.6;38.6;23571
2014-05-23;38.9;38.9;38.6;38.6;20177
2014-05-22;39.0;39.0;38.5;38.9;46796
2014-05-21;38.3;39.0;38.3;39.0;18451
2014-05-20;39.1;39.2;38.7;38.7;27671
2014-05-19;38.8;39.1;38.2;39.1;28704
2014-05-16;39.9;40.0;37.5;39.1;52174
2014-05-15;40.0;40.9;39.5;39.8;46361
2014-05-14;40.5;40.5;39.6;40.0;51896
2014-05-13;40.5;41.0;40.0;40.2;57818
2014-05-12;39.4;40.7;39.0;40.2;131037
2014-05-09;38.6;39.5;38.4;39.5;323314
2014-05-08;36.8;36.8;36.2;36.5;26117
2014-05-07;36.6;37.0;36.5;36.6;15388
2014-05-06;35.8;36.7;35.8;36.5;58571
2014-05-05;35.9;36.2;35.6;35.9;15130
2014-05-02;35.6;36.0;35.2;36.0;25290
2014-05-01;;35.6;35.6;35.6;0
2014-04-30;35.8;35.8;34.1;35.6;16765
2014-04-29;35.5;36.0;35.3;35.4;28443
2014-04-28;34.3;35.5;34.3;35.1;12327
2014-04-25;35.5;35.5;34.8;35.0;28807
2014-04-24;35.9;35.9;35.0;35.6;19544
2014-04-23;34.5;35.0;34.2;34.5;4111
2014-04-22;34.7;35.5;34.5;34.5;7138
2014-04-17;34.8;34.8;34.0;34.0;8754
2014-04-16;35.2;35.2;34.1;34.2;11752
2014-04-15;35.9;35.9;34.0;34.0;20466
2014-04-14;35.4;35.4;34.6;35.0;13795
2014-04-11;35.8;35.9;34.2;35.4;29602
2014-04-10;36.1;36.6;35.7;35.9;64438
2014-04-09;35.4;36.5;35.2;36.0;9425
2014-04-08;35.7;35.7;35.0;35.0;5284
2014-04-07;36.3;36.3;35.5;35.6;7757
2014-04-04;35.5;36.4;35.5;36.0;19201
2014-04-03;35.2;36.2;35.1;36.0;20000
2014-04-02;35.6;35.6;35.0;35.5;25324
2014-04-01;34.7;35.9;34.7;35.7;16346
2014-03-31;34.4;34.8;33.9;34.7;27684
2014-03-28;34.7;34.7;34.0;34.4;14621
2014-03-27;34.0;34.5;34.0;34.4;8576
2014-03-26;34.1;34.6;33.9;34.5;18124
2014-03-25;33.9;34.4;33.8;34.3;14109
2014-03-24;34.7;34.7;33.5;34.0;18226
2014-03-21;34.2;34.2;33.6;34.2;16225
2014-03-20;33.8;34.3;33.8;34.2;10979
2014-03-19;34.2;34.2;33.8;34.1;9484
2014-03-18;34.1;34.4;33.7;33.7;18903
2014-03-17;33.0;34.2;32.7;34.2;32543
2014-03-14;34.0;34.2;33.2;33.9;30573
2014-03-13;34.5;34.5;33.8;34.0;17563
2014-03-12;34.0;34.5;33.4;34.5;56407
2014-03-11;32.9;33.7;32.6;33.7;41440
2014-03-10;33.8;34.5;32.0;32.9;132191
2014-03-07;35.5;35.5;33.4;33.4;37324
2014-03-06;34.9;36.5;34.3;35.1;60017
2014-03-05;33.5;35.0;33.2;34.8;43694
2014-03-04;32.7;34.1;32.7;33.5;55052
2014-03-03;33.4;33.8;31.0;32.6;63763
2014-02-28;33.8;34.2;33.8;34.0;16716
2014-02-27;34.0;34.4;33.7;34.1;45370
2014-02-26;34.6;34.7;33.9;34.1;111654
2014-02-25;34.2;35.1;34.0;34.7;75420
2014-02-24;34.6;34.6;33.8;34.2;127775
2014-02-21;35.7;35.7;33.5;35.0;447074
2014-02-20;37.3;38.2;37.3;37.7;74956
2014-02-19;37.4;37.4;36.5;37.3;31132
2014-02-18;37.9;37.9;37.0;37.4;14486
2014-02-17;37.8;37.9;37.5;37.9;35228
2014-02-14;37.6;38.0;37.2;37.7;21225
2014-02-13;37.5;38.2;37.3;37.6;19425
2014-02-12;39.2;39.2;38.0;38.2;32824
2014-02-11;37.5;39.5;36.9;39.4;84724
2014-02-10;37.9;38.0;37.4;37.4;16454
2014-02-07;37.5;38.0;37.3;37.9;19914
2014-02-06;37.0;37.5;36.7;37.5;13989
2014-02-05;37.0;37.6;36.0;37.6;12073
2014-02-04;36.5;37.0;35.6;37.0;57278
2014-02-03;38.0;38.0;37.0;37.0;34420
2014-01-31;38.7;39.0;37.5;38.0;40179
2014-01-30;38.4;38.5;37.2;38.4;39100
2014-01-29;39.2;39.5;38.0;39.0;48203
2014-01-28;37.8;39.4;37.8;38.8;101937
2014-01-27;37.5;37.8;35.8;37.8;69718
2014-01-24;37.3;38.2;37.3;37.5;35688
2014-01-23;39.0;39.0;37.1;38.3;82374
2014-01-22;39.6;39.6;38.1;39.1;52640
2014-01-21;40.3;40.5;39.1;39.6;83754
2014-01-20;39.3;40.5;39.0;40.3;149629
2014-01-17;39.4;39.5;39.1;39.3;70303
2014-01-16;38.9;39.3;38.6;39.0;87474
2014-01-15;38.9;38.9;37.1;38.5;88528
2014-01-14;36.5;39.2;35.8;38.9;270643
2014-01-13;34.3;36.8;34.3;36.6;454679
2014-01-10;33.3;33.8;32.9;33.6;40685
2014-01-09;34.0;34.0;32.8;33.7;61254
2014-01-08;34.9;34.9;31.9;34.0;81722
2014-01-07;35.4;35.4;34.4;34.9;32963
2014-01-06;;35.4;35.4;35.4;0
2014-01-03;35.3;35.4;34.8;35.4;21387
2014-01-02;35.4;35.4;34.7;35.3;15043
2013-12-31;;35.5;35.5;35.5;0
2013-12-30;35.6;35.6;34.5;35.5;71191
2013-12-27;35.8;35.9;35.1;35.9;69226
2013-12-23;36.0;36.1;35.3;36.0;100105
2013-12-20;33.8;36.6;33.8;36.0;347415
2013-12-19;30.5;33.5;30.3;33.0;961350
2013-12-18;33.4;34.0;30.1;30.2;642250
2013-12-17;33.5;34.9;32.8;32.8;226454
2013-12-16;34.5;34.5;33.5;33.5;97008
2013-12-13;33.2;34.6;33.2;34.5;70830
2013-12-12;34.5;34.6;32.5;33.6;139889
2013-12-11;34.2;35.4;33.5;35.0;145021
2013-12-10;36.1;36.1;33.8;34.3;143487
2013-12-09;36.4;36.7;36.0;36.3;111553
2013-12-06;37.5;37.8;36.7;37.7;33395
2013-12-05;37.0;37.5;36.4;37.5;20545
2013-12-04;37.7;38.0;36.8;37.0;45018
2013-12-03;39.4;39.4;37.7;37.8;47332
2013-12-02;39.0;39.4;38.8;39.4;32249
2013-11-29;38.7;39.2;38.7;39.1;16483
2013-11-28;39.4;39.4;38.8;38.8;48740
2013-11-27;38.9;39.3;37.8;39.2;52825
2013-11-26;39.3;39.8;37.9;38.6;70512
2013-11-25;39.0;39.7;38.5;39.0;87507
2013-11-22;37.7;39.0;37.4;38.3;46041
2013-11-21;38.0;38.0;36.8;37.4;26862
2013-11-20;39.3;39.3;37.7;38.1;48221
2013-11-19;39.8;39.8;38.6;39.3;44737
2013-11-18;40.5;40.5;39.2;39.8;58314
2013-11-15;38.2;40.9;38.2;40.5;93467
2013-11-14;39.0;40.0;37.5;38.4;350129
2013-11-13;42.7;42.8;40.4;41.4;620361
2013-11-12;43.8;44.5;42.7;43.2;106280
2013-11-11;46.8;46.8;42.0;43.8;345291
2013-11-08;52.5;53.0;44.9;47.4;420196
2013-11-07;54.0;54.0;48.9;52.25;177532
2013-11-06;51.25;54.75;51.25;54.0;138898
2013-11-05;49.5;51.75;49.1;51.25;107607
2013-11-04;49.3;50.0;49.0;49.8;46571
2013-11-01;48.2;49.3;48.2;49.0;9053
2013-10-31;49.0;49.0;47.4;48.1;31149
2013-10-30;49.1;49.8;48.5;48.7;38957
2013-10-29;49.9;50.5;48.1;49.4;55895
2013-10-28;47.4;52.5;47.4;49.9;72501
2013-10-25;46.5;47.3;46.5;46.7;33785
2013-10-24;46.0;46.9;45.9;46.4;28163
2013-10-23;47.0;47.5;46.0;46.0;52269
2013-10-22;46.0;47.6;46.0;47.0;70022
2013-10-21;45.1;47.4;45.1;46.0;123540
2013-10-18;44.3;45.7;43.3;45.5;87356
2013-10-17;41.9;45.0;41.9;44.3;96197
2013-10-16;41.8;41.8;41.0;41.7;30563
2013-10-15;41.0;42.8;41.0;41.5;89987
2013-10-14;41.6;42.0;40.5;41.7;124043
2013-10-11;40.0;40.0;37.7;39.7;40522
2013-10-10;38.2;40.0;38.2;40.0;37230
2013-10-09;39.9;39.9;37.0;38.6;63641
2013-10-08;40.9;40.9;39.9;40.0;51480
2013-10-07;41.9;41.9;40.1;40.9;43039
2013-10-04;40.4;42.0;40.2;41.9;63096
2013-10-03;39.4;40.2;39.4;40.2;36893
2013-10-02;39.9;39.9;39.4;39.4;35278
2013-10-01;40.0;40.0;39.1;39.9;59476
2013-09-30;39.8;41.0;39.2;40.2;161712
2013-09-27;37.0;37.6;36.4;37.6;58527
2013-09-26;36.8;37.0;36.5;36.5;41204
2013-09-25;36.6;37.0;36.5;36.8;14877
2013-09-24;37.4;37.4;36.3;36.6;36624
2013-09-23;37.5;38.0;37.0;37.0;53345
2013-09-20;37.3;37.9;37.1;37.3;80959
2013-09-19;36.5;37.4;36.5;36.5;155551
2013-09-18;36.0;36.0;35.0;36.0;276690
2013-09-17;34.2;34.4;34.1;34.3;26814
2013-09-16;34.3;34.5;34.0;34.4;38338
2013-09-13;35.0;35.0;34.3;34.3;108050
2013-09-12;34.9;35.0;34.4;34.5;12276
2013-09-11;34.3;34.8;34.2;34.2;41056
2013-09-10;34.5;35.0;34.1;34.3;61598
2013-09-09;36.0;36.0;35.0;35.0;45197
2013-09-06;36.2;36.2;35.5;35.5;38520
2013-09-05;36.7;36.8;35.2;36.2;45913
2013-09-04;36.0;37.0;36.0;36.6;101574
2013-09-03;35.9;36.5;35.2;35.9;92798
2013-09-02;34.8;35.8;34.4;35.8;104590
2013-08-30;35.9;35.9;34.2;34.2;48966
2013-08-29;32.5;35.0;32.4;34.8;56773
2013-08-28;30.7;33.5;30.7;32.0;32389
2013-08-27;30.7;31.3;30.7;30.7;166071
2013-08-26;30.0;31.1;30.0;31.1;55547
2013-08-23;32.0;32.0;29.0;30.0;73012
2013-08-22;28.0;29.0;28.0;29.0;15702
2013-08-21;29.0;29.0;28.5;29.0;21857
2013-08-20;29.0;29.4;28.0;29.0;21591
2013-08-19;27.5;29.5;27.5;28.2;24180
2013-08-16;27.0;27.5;27.0;27.4;5978
2013-08-15;28.0;28.0;26.9;26.9;21250
2013-08-14;26.9;27.9;26.9;27.9;9517
2013-08-13;27.4;27.6;27.0;27.0;12955
2013-08-12;27.3;27.9;27.2;27.4;6064
2013-08-09;26.8;27.4;26.8;27.2;28569
2013-08-08;27.0;27.2;26.7;26.7;7487
2013-08-07;27.3;27.3;27.0;27.0;7721
2013-08-06;27.4;27.5;27.0;27.0;4915
2013-08-05;27.2;27.4;27.2;27.3;3079
2013-08-02;27.2;27.2;26.7;26.7;1550
2013-08-01;27.4;27.4;26.8;27.2;9005
2013-07-31;26.9;27.4;26.7;27.4;10752
2013-07-30;26.9;27.5;26.9;27.4;2948
2013-07-29;27.0;27.0;26.5;26.9;7893
2013-07-26;27.0;27.0;27.0;27.0;5923
2013-07-25;27.5;29.0;27.0;27.5;32163
2013-07-24;27.4;27.5;27.1;27.1;7842
2013-07-23;26.8;27.4;26.3;26.5;3650
2013-07-22;25.5;26.8;25.5;26.0;9403
2013-07-19;26.2;26.2;25.3;25.5;13003
2013-07-18;26.0;26.5;25.0;25.5;5950
2013-07-17;27.0;27.0;26.0;26.0;8591
2013-07-16;25.8;27.0;25.0;27.0;3057
2013-07-15;26.5;26.5;25.0;25.1;4278
2013-07-12;26.1;26.6;26.0;26.0;7495
2013-07-11;26.0;27.8;25.5;27.0;27835
2013-07-10;25.6;26.5;25.5;26.5;5250
2013-07-09;26.4;27.8;25.6;26.0;10570
2013-07-08;25.6;26.3;25.5;26.0;12495
2013-07-05;26.1;27.0;25.6;25.6;12255
2013-07-04;26.1;26.1;25.0;26.1;7030
2013-07-03;26.5;26.6;26.1;26.1;1609
2013-07-02;27.5;27.5;23.5;26.3;38903
2013-07-01;27.7;29.2;27.5;27.5;36545
2013-06-28;28.0;29.8;23.3;27.5;90467
