Dates;Open;High;Low;Close;Volume
2017-12-27;1.27;1.29;1.25;1.25;1149404
2017-12-22;1.3;1.3;1.27;1.28;1279239
2017-12-21;1.3;1.3;1.27;1.28;870090
2017-12-20;1.32;1.33;1.27;1.29;1363638
2017-12-19;1.28;1.31;1.21;1.3;2582636
2017-12-18;1.34;1.35;1.26;1.28;3115693
2017-12-15;1.37;1.37;1.3;1.34;1450583
2017-12-14;1.33;1.36;1.33;1.36;1005767
2017-12-13;1.39;1.4;1.33;1.33;3333544
2017-12-12;1.39;1.41;1.38;1.39;696163
2017-12-11;1.41;1.42;1.38;1.38;610276
2017-12-08;1.4;1.42;1.37;1.42;1387067
2017-12-07;1.42;1.43;1.38;1.4;1111157
2017-12-06;1.43;1.46;1.4;1.42;1067176
2017-12-05;1.47;1.49;1.4;1.42;1873594
2017-12-04;1.5;1.5;1.47;1.49;789298
2017-12-01;1.51;1.52;1.48;1.5;713907
2017-11-30;1.5;1.51;1.48;1.5;1018794
2017-11-29;1.53;1.54;1.5;1.51;1079226
2017-11-28;1.52;1.56;1.51;1.54;994372
2017-11-27;1.54;1.55;1.52;1.52;896581
2017-11-24;1.54;1.58;1.53;1.53;753383
2017-11-23;1.52;1.62;1.51;1.55;2296146
2017-11-22;1.52;1.54;1.51;1.53;1215624
2017-11-21;1.54;1.54;1.5;1.51;851801
2017-11-20;1.51;1.54;1.51;1.54;595864
2017-11-17;1.55;1.55;1.51;1.52;1803685
2017-11-16;1.52;1.53;1.5;1.53;519910
2017-11-15;1.48;1.56;1.48;1.52;2025952
2017-11-14;1.45;1.56;1.42;1.47;2506906
2017-11-13;1.56;1.56;1.47;1.51;2890488
2017-11-10;1.61;1.62;1.52;1.56;1911343
2017-11-09;1.67;1.67;1.59;1.59;1685222
2017-11-08;1.62;1.66;1.59;1.66;2335933
2017-11-07;1.56;1.67;1.54;1.59;2924551
2017-11-06;1.53;1.57;1.52;1.55;2372761
2017-11-03;1.6;1.63;1.53;1.57;1480353
2017-11-02;1.71;1.71;1.59;1.59;3282709
2017-11-01;1.8;1.81;1.65;1.7;10353875
2017-10-31;1.49;1.84;1.47;1.7;37724321
2017-10-30;1.54;1.54;1.45;1.47;5866776
2017-10-27;1.4;1.62;1.37;1.52;37183739
2017-10-26;1.95;1.97;1.85;1.9;12112593
2017-10-25;2.15;2.32;2.0;2.05;32227679
2017-10-24;2.5;2.68;2.12;2.15;99189301
2017-10-23;1.98;2.81;1.92;2.55;140156917
2017-10-20;1.37;1.86;1.37;1.85;30618821
2017-10-19;1.33;1.34;1.3;1.31;2047569
2017-10-18;1.34;1.38;1.3;1.35;1794265
2017-10-17;1.45;1.45;1.38;1.39;1687936
2017-10-13;1.5;1.5;1.47;1.48;756975
2017-10-12;1.5;1.51;1.49;1.5;501321
2017-10-11;1.52;1.52;1.46;1.49;1009913
2017-10-10;1.5;1.55;1.49;1.52;3480292
2017-10-09;1.49;1.5;1.47;1.5;852620
2017-10-06;1.48;1.49;1.47;1.49;734839
2017-10-05;1.5;1.5;1.48;1.49;1144603
2017-10-04;1.53;1.53;1.48;1.49;854146
2017-10-03;1.48;1.54;1.47;1.51;3058698
2017-10-02;1.51;1.51;1.47;1.49;716829
2017-09-29;1.52;1.52;1.49;1.5;1586153
2017-09-28;1.53;1.53;1.49;1.51;1236395
2017-09-27;1.5;1.54;1.49;1.53;2392116
2017-09-26;1.5;1.5;1.46;1.48;2034119
2017-09-25;1.59;1.6;1.47;1.49;3767378
2017-09-22;1.53;1.54;1.45;1.48;2928124
2017-09-21;1.65;1.67;1.51;1.53;5152930
2017-09-20;1.38;1.64;1.37;1.64;6586671
2017-09-19;1.41;1.42;1.34;1.38;5582496
2017-09-18;1.46;1.48;1.38;1.4;7995001
2017-09-15;1.67;1.68;1.5;1.55;6210792
2017-09-14;1.58;1.7;1.57;1.66;3935388
2017-09-13;1.61;1.61;1.49;1.57;8183139
2017-09-12;1.72;1.76;1.6;1.64;4138771
2017-09-11;1.78;1.8;1.71;1.72;2416196
2017-09-08;1.84;1.84;1.77;1.8;1581063
2017-09-07;1.84;1.87;1.83;1.84;795472
2017-09-06;1.89;1.89;1.83;1.86;1034089
2017-09-04;1.92;1.92;1.9;1.9;691436
2017-09-01;1.94;1.94;1.91;1.92;811538
2017-08-31;1.91;1.94;1.9;1.93;773446
2017-08-30;1.92;1.95;1.91;1.91;670177
2017-08-29;1.96;1.98;1.92;1.94;905624
2017-08-28;2.01;2.01;1.96;1.98;483114
2017-08-25;1.97;2.05;1.97;2.0;1054346
2017-08-24;2.02;2.08;1.94;1.94;958000
2017-08-23;1.87;2.02;1.85;2.02;1833231
2017-08-22;1.91;1.92;1.84;1.87;1833977
2017-08-21;1.96;1.96;1.89;1.91;1130466
2017-08-18;1.96;1.99;1.94;1.95;803064
2017-08-17;1.99;2.0;1.93;1.95;1896136
2017-08-16;2.04;2.06;1.99;2.0;2136121
2017-08-15;2.04;2.07;2.01;2.02;1117472
2017-08-14;2.04;2.04;1.99;2.01;1350950
2017-08-11;2.1;2.13;2.01;2.04;1385724
2017-08-10;2.13;2.14;2.06;2.13;1625029
2017-08-09;2.26;2.28;2.14;2.15;2532168
2017-08-08;2.2;2.3;2.16;2.25;4286831
2017-08-07;1.98;2.16;1.98;2.15;2218193
2017-08-04;2.0;2.01;1.94;1.97;994861
2017-08-03;2.02;2.09;1.97;1.98;1603048
2017-08-02;1.94;2.01;1.91;2.01;2576065
2017-08-01;1.92;1.94;1.88;1.94;1822131
2017-07-31;1.99;2.0;1.91;1.92;2993532
2017-07-28;2.03;2.03;1.97;1.99;1554669
2017-07-27;2.02;2.03;2.0;2.02;1321584
2017-07-26;2.05;2.05;1.98;2.02;2309362
2017-07-25;2.1;2.11;2.03;2.05;1898376
2017-07-24;2.08;2.14;2.07;2.11;1591573
2017-07-21;2.14;2.2;1.95;2.09;15671973
2017-07-20;2.25;2.28;2.2;2.2;2252430
2017-07-19;2.41;2.43;2.21;2.22;3247446
2017-07-18;2.52;2.57;2.42;2.45;2515270
2017-07-17;2.67;2.67;2.51;2.51;1920241
2017-07-14;2.7;2.7;2.65;2.69;678944
2017-07-13;2.68;2.75;2.64;2.7;1291665
2017-07-12;2.62;2.67;2.62;2.67;665716
2017-07-11;2.6;2.65;2.6;2.62;507484
2017-07-10;2.64;2.66;2.58;2.63;668475
2017-07-07;2.69;2.69;2.64;2.64;813949
2017-07-06;2.66;2.72;2.66;2.72;436006
2017-07-05;2.66;2.71;2.66;2.67;567241
2017-07-04;2.67;2.75;2.65;2.7;1457747
2017-07-03;2.7;2.7;2.64;2.66;442604
2017-06-30;2.68;2.7;2.65;2.7;450654
2017-06-29;2.73;2.73;2.64;2.68;965805
2017-06-28;2.7;2.74;2.65;2.74;406655
2017-06-27;2.54;2.74;2.54;2.7;2224557
2017-06-26;2.64;2.64;2.55;2.62;956816
2017-06-23;;2.65;2.65;2.65;0
2017-06-22;2.6;2.65;2.5;2.65;1668705
2017-06-21;2.7;2.88;2.56;2.67;4598170
2017-06-20;2.72;2.77;2.69;2.75;892979
2017-06-19;2.65;2.68;2.59;2.68;817781
2017-06-16;2.73;2.74;2.57;2.64;3614489
2017-06-15;2.84;2.84;2.73;2.73;866288
2017-06-14;2.86;2.86;2.78;2.81;1037970
2017-06-13;2.89;2.89;2.81;2.86;560431
2017-06-12;3.0;3.0;2.82;2.89;1102543
2017-06-09;2.75;3.04;2.75;2.9;8764385
2017-06-08;2.8;2.84;2.75;2.75;1022119
2017-06-07;2.61;2.81;2.61;2.81;1979472
2017-06-06;;2.61;2.61;2.61;0
2017-06-05;2.69;2.69;2.61;2.61;842360
2017-06-02;2.76;2.77;2.68;2.72;1014816
2017-06-01;2.77;2.81;2.75;2.81;620979
2017-05-31;2.8;2.81;2.74;2.8;701371
2017-05-30;2.74;2.81;2.71;2.81;840896
2017-05-29;2.79;2.79;2.74;2.74;697284
2017-05-26;2.75;2.82;2.67;2.82;860576
2017-05-24;2.7;2.75;2.66;2.75;464955
2017-05-23;2.7;2.7;2.65;2.69;595709
2017-05-22;2.6;2.7;2.59;2.7;889146
2017-05-19;2.6;2.63;2.59;2.63;683627
2017-05-18;2.65;2.65;2.6;2.63;802053
2017-05-17;2.67;2.68;2.58;2.65;936604
2017-05-16;2.5;2.69;2.5;2.67;3692853
2017-05-15;2.7;2.7;2.59;2.67;2811237
2017-05-12;2.78;2.7;2.7;2.7;3292190
2017-05-11;2.56;2.76;2.56;2.74;2153626
2017-05-10;2.58;2.6;2.56;2.58;1229164
2017-05-09;2.73;2.74;2.52;2.58;5782328
2017-05-08;2.84;2.86;2.7;2.73;2692817
2017-05-05;2.9;2.9;2.82;2.88;1597439
2017-05-04;2.91;2.96;2.85;2.92;2149777
2017-05-03;3.05;3.05;2.95;2.95;1069044
2017-05-02;3.04;3.08;3.02;3.05;1114116
2017-05-01;;3.06;3.06;3.06;0
2017-04-28;3.06;3.07;3.03;3.06;557410
2017-04-27;3.08;3.08;3.04;3.05;561551
2017-04-26;3.03;3.09;3.01;3.09;1098510
2017-04-25;3.05;3.1;3.02;3.03;1516672
2017-04-24;3.07;3.09;3.04;3.08;809684
2017-04-21;3.07;3.12;3.05;3.12;1553510
2017-04-20;3.09;3.1;2.97;3.07;864926
2017-04-19;3.01;3.08;2.9;3.05;1730820
2017-04-18;3.1;3.1;3.04;3.04;823882
2017-04-13;3.07;3.1;3.06;3.08;370747
2017-04-12;3.12;3.14;3.09;3.1;785430
2017-04-11;3.09;3.12;3.06;3.12;845661
2017-04-10;3.09;3.11;3.07;3.09;431964
2017-04-07;3.14;3.14;3.09;3.09;625799
2017-04-06;3.19;3.19;3.11;3.14;608619
2017-04-05;3.16;3.19;3.11;3.19;1019445
2017-04-04;3.1;3.17;3.09;3.13;742021
2017-04-03;3.14;3.15;3.08;3.1;643849
2017-03-31;3.12;3.27;3.07;3.13;1570631
2017-03-30;3.14;3.14;3.07;3.14;1220514
2017-03-29;3.06;3.14;3.0;3.14;1373371
2017-03-28;3.0;3.22;2.97;3.05;2530640
2017-03-27;3.01;3.02;2.97;2.98;1194684
2017-03-24;3.08;3.1;3.0;3.01;1843937
2017-03-23;3.03;3.12;3.03;3.08;765890
2017-03-22;3.09;3.09;3.01;3.04;2170730
2017-03-21;3.2;3.25;2.88;3.13;6559249
2017-03-20;3.23;3.29;3.23;3.28;769903
2017-03-17;3.26;3.31;3.23;3.23;1495358
2017-03-16;3.3;3.3;3.24;3.26;972911
2017-03-15;3.25;3.42;3.23;3.27;2229010
2017-03-14;3.34;3.34;3.24;3.25;1170695
2017-03-13;3.4;3.4;3.3;3.33;1203585
2017-03-10;3.35;3.4;3.4;3.4;726659
2017-03-09;3.35;3.41;3.31;3.41;1000560
2017-03-08;3.4;3.4;3.32;3.36;2141243
2017-03-07;3.38;3.44;3.28;3.44;1468359
2017-03-06;3.42;3.45;3.38;3.38;704230
2017-03-03;3.53;3.43;3.43;3.43;1011600
2017-03-02;3.46;3.53;3.42;3.53;1739447
2017-03-01;3.41;3.46;3.4;3.46;978857
2017-02-28;3.44;3.45;3.4;3.4;881955
2017-02-27;3.45;3.5;3.42;3.42;931978
2017-02-24;3.5;3.53;3.45;3.45;1333387
2017-02-23;3.5;3.5;3.44;3.5;721422
2017-02-22;3.41;3.54;3.41;3.49;2717556
2017-02-21;3.43;3.43;3.39;3.41;1297351
2017-02-20;3.4;3.43;3.39;3.39;1253907
2017-02-17;3.43;3.48;3.38;3.4;2125413
2017-02-16;3.47;3.47;3.36;3.41;4104636
2017-02-15;3.59;3.59;3.45;3.47;4498415
2017-02-14;3.55;3.68;3.47;3.59;19251581
2017-02-13;4.01;4.06;3.93;3.93;3233936
2017-02-10;4.02;4.07;3.96;4.0;2236491
2017-02-09;4.06;4.07;3.97;3.98;1448349
2017-02-08;4.07;4.21;3.96;4.05;6027960
2017-02-07;3.74;4.05;3.7;4.05;7290491
2017-02-06;3.8;3.81;3.71;3.74;3361304
2017-02-03;3.78;3.92;3.76;3.87;2342296
2017-02-02;4.02;4.05;3.75;3.85;5549651
2017-02-01;4.18;4.18;3.93;4.03;6575643
2017-01-31;4.02;4.31;4.02;4.15;24482684
2017-01-30;3.8;4.47;3.77;3.99;52456370
2017-01-27;3.7;3.75;3.68;3.75;2478443
2017-01-26;3.65;3.7;3.63;3.7;2135051
2017-01-25;3.61;3.66;3.59;3.65;2181935
2017-01-24;3.65;3.65;3.59;3.6;1440422
2017-01-23;3.6;3.67;3.55;3.56;2935429
2017-01-20;3.43;3.6;3.4;3.54;2709014
2017-01-19;3.39;3.46;3.39;3.4;1874227
2017-01-18;3.37;3.39;3.34;3.39;1112866
2017-01-17;3.35;3.38;3.33;3.37;918808
2017-01-16;3.33;3.38;3.32;3.37;1298874
2017-01-13;3.25;3.39;3.25;3.33;1978238
2017-01-12;3.31;3.31;3.19;3.27;2510301
2017-01-11;3.33;3.33;3.24;3.31;1944915
2017-01-10;3.34;3.35;3.31;3.31;882580
2017-01-09;3.35;3.39;3.34;3.34;1557547
2017-01-06;;3.35;3.35;3.35;0
2017-01-05;3.39;3.39;3.33;3.35;969313
2017-01-04;3.39;3.4;3.35;3.38;1754768
2017-01-03;3.4;3.45;3.37;3.37;2156525
2017-01-02;3.21;3.39;3.21;3.37;2961746
2016-12-30;3.21;3.23;3.18;3.2;3464785
2016-12-29;3.25;3.25;3.2;3.23;1686277
2016-12-28;3.21;3.25;3.2;3.2;3333800
2016-12-27;3.28;3.28;3.2;3.22;3600179
2016-12-23;3.21;3.33;3.21;3.28;2247363
2016-12-22;3.28;3.28;3.21;3.21;2852503
2016-12-21;3.34;3.36;3.27;3.28;3093378
2016-12-20;3.41;3.42;3.34;3.34;4225916
2016-12-19;3.49;3.52;3.33;3.4;8773274
2016-12-16;3.74;3.77;3.44;3.44;8549406
2016-12-15;3.64;3.74;3.6;3.73;5641481
2016-12-14;3.5;3.65;3.45;3.62;4809024
2016-12-13;3.3;3.56;3.27;3.52;6308681
2016-12-12;3.38;3.45;3.3;3.32;4436199
2016-12-09;3.48;3.51;3.4;3.46;1407785
2016-12-08;3.29;3.5;3.17;3.46;5789096
2016-12-07;3.53;3.53;3.35;3.36;3720596
2016-12-06;3.54;3.56;3.52;3.53;1568849
2016-12-05;3.58;3.58;3.5;3.57;1447521
2016-12-02;3.57;3.58;3.53;3.55;1076706
2016-12-01;3.55;3.63;3.54;3.57;1925177
2016-11-30;3.57;3.65;3.53;3.62;2036512
2016-11-29;3.55;3.59;3.49;3.57;1719391
2016-11-28;3.6;3.6;3.55;3.55;1295166
2016-11-25;3.63;3.68;3.58;3.61;2250880
2016-11-24;3.67;3.69;3.61;3.62;1866250
2016-11-23;3.69;3.7;3.62;3.66;1599107
2016-11-22;3.7;3.72;3.64;3.65;2455937
2016-11-21;3.75;3.8;3.67;3.69;3072327
2016-11-18;3.67;3.85;3.66;3.83;4087953
2016-11-17;3.82;3.82;3.64;3.66;2985802
2016-11-16;3.94;3.94;3.74;3.78;5462877
2016-11-15;4.24;4.35;3.88;3.92;13194424
2016-11-14;4.11;4.12;4.0;4.04;4495936
2016-11-11;4.07;4.14;3.95;4.08;4016248
2016-11-10;4.21;4.24;4.0;4.06;6870670
2016-11-09;4.01;4.28;3.9;4.16;21408983
2016-11-08;3.35;4.63;3.35;4.29;90744952
2016-11-07;3.5;3.52;3.25;3.34;2746514
2016-11-04;3.53;3.54;3.51;3.51;845534
2016-11-03;3.55;3.55;3.51;3.52;837809
2016-11-02;3.53;3.55;3.49;3.5;905627
2016-11-01;3.56;3.57;3.52;3.54;965761
2016-10-31;3.58;3.58;3.54;3.58;1171094
2016-10-28;3.55;3.59;3.52;3.58;1456596
2016-10-27;3.51;3.56;3.47;3.54;2001861
2016-10-26;3.62;3.65;3.55;3.55;1994900
2016-10-25;3.56;3.85;3.55;3.6;12913776
2016-10-24;3.65;3.67;3.56;3.56;1930826
2016-10-21;3.49;3.67;3.44;3.62;5910042
2016-10-20;3.56;3.58;3.51;3.51;1147004
2016-10-19;3.59;3.59;3.55;3.55;842178
2016-10-18;3.55;3.59;3.53;3.59;1024452
2016-10-17;3.58;3.59;3.52;3.55;1436317
2016-10-14;3.58;3.64;3.55;3.58;1754881
2016-10-13;3.64;3.65;3.55;3.58;1597524
2016-10-12;3.66;3.7;3.6;3.63;1480088
2016-10-11;3.7;3.73;3.62;3.66;3021346
2016-10-10;3.6;3.68;3.58;3.64;2288261
2016-10-07;3.52;3.63;3.52;3.62;1696679
2016-10-06;3.63;3.65;3.5;3.52;1969443
2016-10-05;3.63;3.68;3.61;3.63;1458294
2016-10-04;3.63;3.66;3.61;3.61;2349217
2016-10-03;3.64;3.64;3.55;3.57;1502155
2016-09-30;3.53;3.64;3.51;3.64;2283154
2016-09-29;3.65;3.67;3.52;3.55;2498259
2016-09-28;3.7;3.81;3.61;3.64;9892297
2016-09-27;3.5;3.55;3.47;3.48;2570300
2016-09-26;3.51;3.52;3.49;3.5;1200339
2016-09-23;3.55;3.55;3.48;3.51;1343137
2016-09-22;3.6;3.61;3.53;3.54;1478056
2016-09-21;3.64;3.64;3.53;3.53;1755360
2016-09-20;3.5;3.59;3.46;3.58;2200735
2016-09-19;3.52;3.55;3.5;3.5;1069715
2016-09-16;3.58;3.6;3.48;3.52;2217322
2016-09-15;3.6;3.6;3.55;3.59;1205424
2016-09-14;3.59;3.64;3.57;3.6;1659966
2016-09-13;3.51;3.65;3.51;3.55;2738116
2016-09-12;3.59;3.62;3.5;3.51;4372063
2016-09-09;3.77;3.77;3.65;3.7;4310260
2016-09-08;3.8;3.87;3.76;3.79;1798374
2016-09-07;3.79;3.83;3.7;3.8;7787424
2016-09-06;3.89;3.94;3.87;3.89;3575598
2016-09-05;3.96;3.96;3.89;3.95;1936228
2016-09-02;3.96;3.99;3.88;3.94;2419280
2016-09-01;3.92;4.0;3.92;3.96;2098270
2016-08-31;4.02;4.03;3.96;3.96;1666567
2016-08-30;4.05;4.05;3.96;4.01;4180425
2016-08-29;3.87;4.03;3.85;4.0;6435948
2016-08-26;3.96;3.96;3.78;3.87;7360952
2016-08-25;4.01;4.05;3.92;3.97;4656892
2016-08-24;4.05;4.09;4.0;4.04;4739755
2016-08-23;4.12;4.15;4.0;4.05;8169814
2016-08-22;4.13;4.3;4.05;4.12;15114209
2016-08-19;3.88;4.15;3.81;4.08;53460966
2016-08-18;3.43;3.82;3.43;3.77;32923850
2016-08-17;3.7;3.72;3.37;3.45;48504668
2016-08-16;4.18;4.42;3.8;3.8;95130224
2016-08-15;5.45;5.5;4.95;5.1;35478943
2016-08-12;5.15;5.55;5.1;5.35;47323873
2016-08-11;4.34;5.0;4.33;4.97;42838788
2016-08-10;4.19;4.3;4.13;4.29;10795433
2016-08-09;4.04;4.18;4.03;4.17;10576084
2016-08-08;3.94;4.1;3.91;4.02;6722130
2016-08-05;3.78;3.95;3.74;3.9;5384296
2016-08-04;3.77;3.78;3.7;3.77;2126483
2016-08-03;3.67;3.8;3.56;3.72;4131141
2016-08-02;3.75;3.75;3.6;3.67;4589191
2016-08-01;3.88;3.96;3.66;3.75;12097011
2016-07-29;4.04;4.2;3.84;3.88;19723196
2016-07-28;3.56;4.06;3.56;3.96;47714015
2016-07-27;3.23;3.25;3.21;3.23;1386917
2016-07-26;3.24;3.24;3.19;3.23;1362817
2016-07-25;3.25;3.25;3.21;3.22;1033809
2016-07-22;3.16;3.25;3.11;3.25;2136866
2016-07-21;3.18;3.2;3.15;3.16;1519695
2016-07-20;3.2;3.21;3.17;3.18;1762333
2016-07-19;3.2;3.22;3.17;3.2;1804723
2016-07-18;3.2;3.24;3.18;3.19;2163340
2016-07-15;3.21;3.28;3.19;3.21;2126367
2016-07-14;3.24;3.25;3.2;3.22;1363562
2016-07-13;3.23;3.24;3.17;3.21;2581087
2016-07-12;3.24;3.25;3.2;3.23;1469895
2016-07-11;3.24;3.3;3.24;3.24;2413468
2016-07-08;3.25;3.25;3.2;3.24;948125
2016-07-07;3.24;3.27;3.22;3.25;1469682
2016-07-06;3.25;3.25;3.19;3.23;2215093
2016-07-05;3.35;3.39;3.23;3.26;2748402
2016-07-04;3.22;3.25;3.17;3.23;1464631
2016-07-01;3.3;3.3;3.13;3.22;1816227
2016-06-30;3.1;3.47;3.1;3.25;5319264
2016-06-29;2.97;3.04;2.94;3.01;1227545
2016-06-28;2.86;2.97;2.86;2.91;1217482
2016-06-27;2.7;2.93;2.68;2.85;3846980
2016-06-24;;3.02;3.02;3.02;0
2016-06-23;3.02;3.04;2.96;3.02;1586748
2016-06-22;3.03;3.05;3.0;3.02;830378
2016-06-21;3.07;3.1;3.01;3.01;1037329
2016-06-20;3.03;3.15;3.01;3.05;2917175
2016-06-17;3.02;3.09;2.95;3.01;2482069
2016-06-16;3.07;3.08;2.98;3.06;1890049
2016-06-15;3.07;3.25;3.07;3.13;3654392
2016-06-14;3.31;3.31;2.95;3.09;5552658
2016-06-13;3.33;3.33;3.24;3.27;2644651
2016-06-10;3.3;3.43;3.28;3.33;5394138
2016-06-09;3.37;3.37;3.26;3.32;3385866
2016-06-08;3.55;3.55;3.35;3.38;4076607
2016-06-07;3.58;3.95;3.48;3.54;14146056
2016-06-06;;3.25;3.25;3.25;0
2016-06-03;3.25;3.4;3.18;3.25;4032572
2016-06-02;3.35;3.39;3.24;3.27;3999837
2016-06-01;3.38;3.49;3.2;3.4;8019868
2016-05-31;3.45;3.45;3.32;3.39;7264402
2016-05-30;3.68;3.68;3.5;3.51;4598761
2016-05-27;3.67;3.72;3.67;3.68;2145469
2016-05-26;3.76;3.78;3.66;3.67;3906873
2016-05-25;3.62;3.96;3.6;3.76;19487428
2016-05-24;3.53;3.6;3.45;3.49;8035072
2016-05-23;3.6;3.6;3.39;3.41;6129037
2016-05-20;3.5;3.64;3.37;3.51;11223504
2016-05-19;3.88;3.88;3.39;3.48;22479487
2016-05-18;4.13;4.16;3.75;3.86;25939909
2016-05-17;3.99;4.35;3.91;3.96;90787285
2016-05-16;3.63;3.85;3.57;3.68;25738722
2016-05-13;3.31;3.91;3.16;3.57;134600361
2016-05-12;3.0;4.02;2.97;3.45;231383113
2016-05-11;2.14;2.97;2.12;2.94;84592017
2016-05-10;2.1;2.11;2.01;2.06;2728898
2016-05-09;2.05;2.12;2.03;2.1;2829984
2016-05-06;2.07;2.07;2.0;2.04;2912076
2016-05-05;2.18;2.18;2.06;2.09;1253712
2016-05-04;2.18;2.18;2.06;2.09;1253712
2016-05-03;2.2;2.22;2.15;2.16;1331489
2016-05-02;2.24;2.24;2.18;2.18;1288523
2016-04-29;2.21;2.28;2.17;2.2;4560949
2016-04-28;2.32;2.33;2.04;2.14;8628273
2016-04-27;2.13;2.3;2.11;2.28;9681068
2016-04-26;2.2;2.23;2.07;2.11;6494946
2016-04-25;2.27;2.35;2.22;2.23;3848874
2016-04-22;2.34;2.35;2.15;2.27;8166220
2016-04-21;2.48;2.49;2.33;2.35;6255919
2016-04-20;2.51;2.52;2.46;2.48;2201012
2016-04-19;2.6;2.61;2.49;2.5;5056942
2016-04-18;2.63;2.63;2.53;2.57;4457122
2016-04-15;2.55;2.62;2.52;2.58;6433240
2016-04-14;2.48;2.68;2.46;2.54;13055927
2016-04-13;2.45;2.56;2.37;2.43;12543862
2016-04-12;2.8;2.8;2.44;2.45;13685976
2016-04-11;2.9;2.9;2.75;2.75;16616042
2016-04-08;2.5;2.7;2.43;2.66;25052039
2016-04-07;2.95;3.14;2.52;2.58;83109329
2016-04-06;4.07;4.17;4.01;4.15;1225986
2016-04-05;4.2;4.23;4.03;4.07;2722211
2016-04-04;4.1;4.27;4.07;4.14;2519937
2016-04-01;4.31;4.32;4.17;4.2;1675950
2016-03-31;4.26;4.4;4.15;4.3;2481758
2016-03-30;4.3;4.36;4.0;4.22;4415436
2016-03-29;4.42;4.43;4.28;4.3;1866307
2016-03-28;4.58;4.58;4.42;4.42;782199
2016-03-25;4.58;4.58;4.39;4.42;782199
2016-03-24;4.58;4.58;4.39;4.42;782199
2016-03-23;4.35;4.64;4.35;4.54;1791302
2016-03-22;4.42;4.42;4.3;4.35;1905038
2016-03-21;4.53;4.53;4.3;4.42;3508853
2016-03-18;4.6;4.63;4.5;4.55;1876967
2016-03-17;4.68;4.68;4.5;4.59;1846455
2016-03-16;4.7;4.71;4.65;4.68;845603
2016-03-15;4.72;4.75;4.67;4.7;891675
2016-03-14;4.75;4.79;4.7;4.72;1039950
2016-03-11;4.89;4.89;4.71;4.75;1787927
2016-03-10;4.8;4.95;4.77;4.83;2363480
2016-03-09;4.64;4.86;4.64;4.79;3063527
2016-03-08;4.74;4.79;4.59;4.66;3100159
2016-03-07;4.85;4.87;4.74;4.81;2623869
2016-03-04;4.91;4.91;4.85;4.88;1442342
2016-03-03;4.93;4.93;4.88;4.91;939763
2016-03-02;4.96;4.99;4.9;4.92;1841611
2016-03-01;4.95;4.96;4.89;4.93;1790742
2016-02-29;4.88;4.98;4.82;4.93;3507139
2016-02-26;4.92;4.95;4.84;4.87;2400114
2016-02-25;4.83;4.92;4.81;4.83;1844805
2016-02-24;5.0;5.0;4.75;4.8;3661449
2016-02-23;5.1;5.1;4.96;5.0;2853985
2016-02-22;5.05;5.15;5.0;5.1;4777948
2016-02-19;5.0;5.15;4.88;4.96;8302386
2016-02-18;5.05;5.05;4.93;4.97;6274746
2016-02-17;4.98;5.05;4.84;4.92;15424640
2016-02-16;5.2;5.25;4.52;4.63;27092706
2016-02-15;5.0;5.25;4.96;5.1;6927342
2016-02-12;4.57;4.9;4.48;4.89;4981217
2016-02-11;4.6;4.63;4.44;4.44;1670827
2016-02-10;4.63;4.68;4.42;4.63;3449303
2016-02-09;4.42;4.6;4.23;4.6;5415111
2016-02-08;4.79;4.95;4.36;4.5;4789692
2016-02-05;5.05;5.05;4.71;4.78;5069563
2016-02-04;5.15;5.3;4.95;5.05;7515902
2016-02-03;5.1;5.15;4.9;4.94;2728278
2016-02-02;4.98;5.1;4.9;5.05;3232625
2016-02-01;5.0;5.05;4.86;4.96;3216635
2016-01-29;5.05;5.05;4.96;5.0;2072904
2016-01-28;5.05;5.1;4.91;4.98;2889163
2016-01-27;5.15;5.15;5.0;5.05;3344727
2016-01-26;5.05;5.15;4.96;5.15;6372318
2016-01-25;5.15;5.25;5.0;5.1;7677919
2016-01-22;5.1;5.25;5.0;5.1;6926615
2016-01-21;4.94;5.15;4.8;4.97;8073535
2016-01-20;5.15;5.25;5.0;5.05;9901857
2016-01-19;4.88;5.5;4.78;5.25;18048044
2016-01-18;4.51;4.65;4.31;4.65;3598115
2016-01-15;5.05;5.05;4.48;4.51;7087458
2016-01-14;4.71;5.05;4.45;4.84;14277656
2016-01-13;5.15;5.4;4.72;4.85;20534534
2016-01-12;5.25;5.3;5.1;5.1;6288579
2016-01-11;5.3;5.65;5.1;5.25;13260204
2016-01-08;5.65;5.75;5.3;5.45;10296135
2016-01-07;5.65;5.8;5.4;5.65;11584032
2016-01-06;;5.8;5.8;5.8;0
2016-01-05;5.65;5.85;5.6;5.8;8675814
2016-01-04;5.9;5.9;5.5;5.55;13524252
2016-01-01;;6.1;6.1;6.1;0
2015-12-31;;6.1;6.1;6.1;0
2015-12-30;5.85;6.25;5.8;6.1;23644111
2015-12-29;5.85;6.0;5.75;5.8;6641161
2015-12-28;5.85;5.85;5.65;5.7;5342559
2015-12-25;5.95;6.0;5.7;5.8;6826248
2015-12-24;5.95;6.0;5.7;5.8;6826248
2015-12-23;5.95;6.0;5.7;5.8;6826248
2015-12-22;6.0;6.25;5.65;5.85;23608370
2015-12-21;5.4;6.05;5.4;5.95;19433525
2015-12-18;5.25;5.5;5.1;5.35;13297398
2015-12-17;4.69;5.35;4.65;5.2;28139692
2015-12-16;4.66;4.75;4.56;4.63;5110719
2015-12-15;4.74;4.75;4.15;4.6;11249223
2015-12-14;4.54;5.0;4.3;4.61;10862397
2015-12-11;4.9;4.93;4.45;4.55;12117862
2015-12-10;5.0;5.2;4.77;4.95;17011304
2015-12-09;6.1;6.15;4.81;5.45;33456383
2015-12-08;5.95;6.2;5.75;6.05;8348156
2015-12-07;6.55;6.55;5.9;5.9;16334679
2015-12-04;6.45;6.6;6.25;6.5;10700273
2015-12-03;6.75;6.9;6.3;6.45;18599394
2015-12-02;6.45;6.75;6.3;6.7;22196125
2015-12-01;6.4;6.75;5.7;6.15;39450930
2015-11-30;5.65;6.45;5.65;6.3;25056808
2015-11-27;5.7;5.75;5.55;5.6;14159501
2015-11-26;5.3;5.65;5.2;5.6;17049275
2015-11-25;4.95;5.2;4.85;5.15;15576599
2015-11-24;4.79;5.2;4.57;4.84;24692962
2015-11-23;4.26;4.91;4.26;4.73;21246243
2015-11-20;4.39;4.39;4.2;4.25;4074919
2015-11-19;4.33;4.39;4.27;4.35;5652005
2015-11-18;4.2;4.28;4.02;4.28;9689239
2015-11-17;4.5;4.5;4.21;4.21;9893467
2015-11-16;4.24;4.53;4.1;4.42;21559331
2015-11-13;4.4;4.55;4.24;4.35;8986322
2015-11-12;4.74;4.75;4.35;4.42;17953758
2015-11-11;3.92;4.75;3.74;4.59;82119408
2015-11-10;5.35;5.55;3.99;4.07;119922405
2015-11-09;4.92;5.75;4.2;5.6;110621918
2015-11-06;7.05;7.1;6.65;6.85;19862201
2015-11-05;8.15;8.2;6.55;7.0;66672731
2015-11-04;8.2;8.4;7.3;7.5;48473105
2015-11-03;7.65;8.4;7.15;7.95;100296583
2015-11-02;6.5;6.7;6.4;6.65;14050196
2015-10-30;6.3;6.8;6.25;6.45;30081628
2015-10-29;6.2;6.65;5.9;6.15;47818431
2015-10-28;8.55;9.45;5.7;5.95;151891561
2015-10-27;6.6;8.5;6.55;8.5;97497565
2015-10-26;6.1;6.7;6.1;6.45;43282871
2015-10-23;5.4;6.05;5.35;6.0;15932346
2015-10-22;5.4;5.4;5.3;5.4;3104158
2015-10-21;5.4;5.5;5.25;5.35;4855229
2015-10-20;5.2;5.4;5.2;5.4;10054587
2015-10-19;5.05;5.15;5.0;5.15;4216206
2015-10-16;5.2;5.2;5.0;5.0;4790043
2015-10-15;5.1;5.2;5.05;5.2;3790120
2015-10-14;5.2;5.25;5.1;5.1;4118458
2015-10-13;5.1;5.25;5.1;5.25;6118083
2015-10-12;5.1;5.2;5.05;5.15;4730811
2015-10-09;5.1;5.15;5.0;5.1;5295742
2015-10-08;5.1;5.15;5.0;5.1;6123921
2015-10-07;5.15;5.15;4.96;4.96;4697661
2015-10-06;4.94;5.2;4.84;5.2;7124191
2015-10-05;4.99;5.05;4.9;4.94;5914338
2015-10-02;5.05;5.2;4.86;4.92;13782124
2015-10-01;5.65;5.7;5.0;5.0;20200525
2015-09-30;5.8;6.0;5.55;5.55;18503267
2015-09-29;5.1;5.45;5.0;5.45;14371541
2015-09-28;5.15;5.15;5.05;5.15;4516776
2015-09-25;5.0;5.1;5.0;5.1;5530746
2015-09-24;5.1;5.25;4.86;4.91;15318702
2015-09-23;4.86;5.3;4.8;5.05;24472584
2015-09-22;5.0;5.05;4.87;4.89;3860651
2015-09-21;4.91;5.05;4.8;4.99;3665349
2015-09-18;5.3;5.3;4.75;4.89;15139592
2015-09-17;4.98;5.15;4.88;5.1;8849780
2015-09-16;5.15;5.15;4.89;4.96;8274335
2015-09-15;4.75;5.0;4.72;5.0;9052238
2015-09-14;5.0;5.05;4.68;4.8;29719036
2015-09-11;5.25;5.3;4.97;5.05;22267464
2015-09-10;5.5;5.55;5.2;5.25;11438650
2015-09-09;5.8;5.85;5.45;5.5;10918591
2015-09-08;5.45;5.9;5.35;5.65;39197941
2015-09-07;5.45;5.45;5.1;5.2;6814777
2015-09-04;5.4;5.45;5.2;5.35;4193919
2015-09-03;5.6;5.7;5.4;5.4;8717455
2015-09-02;5.4;5.5;5.25;5.5;13129261
2015-09-01;5.25;5.3;5.15;5.25;6062510
2015-08-31;5.35;5.55;5.25;5.35;10120636
2015-08-28;5.65;5.7;5.3;5.45;14266457
2015-08-27;5.5;5.8;5.1;5.25;24372264
2015-08-26;5.15;5.75;4.92;5.2;33215481
2015-08-25;4.9;5.3;4.9;5.15;22552705
2015-08-24;4.85;5.35;4.55;4.89;59279283
2015-08-21;5.7;6.0;5.35;5.4;27170959
2015-08-20;6.05;6.25;5.75;5.95;67762815
2015-08-19;5.85;6.1;5.3;5.65;48815783
2015-08-18;4.7;5.95;4.02;5.75;153146696
2015-08-17;4.9;5.85;4.51;5.25;126953431
2015-08-14;6.05;6.05;5.05;5.1;73954861
2015-08-13;6.35;6.45;6.1;6.15;35917395
2015-08-12;5.85;6.25;5.45;6.15;43251715
2015-08-11;7.25;7.55;5.55;5.95;171353953
2015-08-10;6.45;7.15;6.4;7.1;75897201
2015-08-07;6.0;6.35;5.75;6.15;50372137
2015-08-06;5.45;6.15;5.2;5.8;100069980
2015-08-05;4.77;5.45;4.72;5.4;44833133
2015-08-04;4.74;4.81;4.52;4.75;17715993
2015-08-03;4.95;5.15;4.63;4.7;53574166
2015-07-31;4.14;4.85;4.12;4.58;86083474
2015-07-30;3.9;4.1;3.86;4.08;23989764
2015-07-29;3.87;3.93;3.8;3.87;8165105
2015-07-28;3.76;3.91;3.71;3.83;12728600
2015-07-27;3.57;3.68;3.52;3.66;6910186
2015-07-24;3.52;3.58;3.51;3.52;2225091
2015-07-23;3.56;3.61;3.48;3.52;5160414
2015-07-22;3.62;3.67;3.51;3.56;6957928
2015-07-21;3.58;3.72;3.48;3.62;33477700
2015-07-20;2.91;3.55;2.86;3.45;39218401
2015-07-17;3.38;3.41;2.87;2.89;41688218
2015-07-16;3.37;3.48;3.32;3.37;7019723
2015-07-15;3.72;3.72;3.26;3.37;28398608
2015-07-14;3.78;3.79;3.69;3.72;5533371
2015-07-13;3.84;3.85;3.75;3.78;3836875
2015-07-10;3.9;3.95;3.77;3.83;9588345
2015-07-09;3.64;3.84;3.64;3.83;9299948
2015-07-08;3.81;3.81;3.46;3.67;17270280
2015-07-07;3.9;3.95;3.75;3.8;9263858
2015-07-06;3.68;4.03;3.61;3.85;22140493
2015-07-03;3.93;3.99;3.7;3.78;11822697
2015-07-02;3.85;3.98;3.7;3.84;30590627
2015-07-01;4.2;4.36;3.44;3.6;115824219
2015-06-30;3.65;4.62;3.65;3.97;190810635
2015-06-29;2.69;3.67;2.63;3.6;78666716
2015-06-26;2.78;2.8;2.7;2.8;6856651
2015-06-25;2.73;2.79;2.7;2.76;6173367
2015-06-24;2.72;2.74;2.68;2.73;3443250
2015-06-23;2.73;2.79;2.68;2.71;8239517
2015-06-22;2.67;2.83;2.63;2.65;14918997
2015-06-19;;2.66;2.66;2.66;0
2015-06-18;2.68;2.69;2.62;2.66;2744038
2015-06-17;2.73;2.74;2.59;2.66;7591529
2015-06-16;2.81;2.85;2.64;2.74;17217400
2015-06-15;2.75;2.75;2.52;2.55;9630498
2015-06-12;2.5;2.75;2.5;2.72;23149690
2015-06-11;2.75;2.77;2.31;2.49;30310920
2015-06-10;2.52;2.8;2.5;2.72;34905622
2015-06-09;2.87;2.91;2.54;2.57;32599216
2015-06-08;2.9;3.03;2.76;2.85;54591325
2015-06-05;2.52;2.93;2.48;2.83;74242264
2015-06-04;2.23;2.55;2.2;2.52;53223667
2015-06-03;2.15;2.23;2.1;2.22;15428737
2015-06-02;2.06;2.18;2.04;2.13;19198428
2015-06-01;1.95;2.11;1.93;2.09;27824548
2015-05-29;2.15;2.19;1.87;1.9;45236135
2015-05-28;1.75;2.0;1.7;1.93;40826781
2015-05-27;1.63;1.74;1.6;1.73;16159333
2015-05-26;1.81;1.81;1.68;1.72;12608375
2015-05-25;1.9;1.9;1.78;1.82;13923966
2015-05-22;1.83;1.94;1.8;1.84;34675813
2015-05-21;1.57;1.94;1.55;1.78;71836955
2015-05-20;1.3;1.69;1.28;1.55;96371353
2015-05-19;1.37;1.37;1.26;1.27;10317501
2015-05-18;1.21;1.43;1.17;1.36;36450519
2015-05-15;1.15;1.17;1.14;1.15;2509050
2015-05-14;1.15;1.16;1.14;1.15;739477
2015-05-13;1.15;1.16;1.14;1.15;739477
2015-05-12;1.17;1.18;1.11;1.15;5099992
2015-05-11;1.16;1.22;1.16;1.21;4056837
2015-05-08;1.18;1.18;1.15;1.16;736836
2015-05-07;1.16;1.16;1.13;1.15;1624402
2015-05-06;1.17;1.17;1.14;1.16;942123
2015-05-05;1.15;1.16;1.14;1.15;1500307
2015-05-04;1.17;1.18;1.14;1.17;936177
2015-05-01;1.16;1.18;1.15;1.17;1188878
2015-04-30;1.16;1.18;1.15;1.17;1188878
2015-04-29;1.18;1.2;1.17;1.17;1729782
2015-04-28;1.23;1.23;1.17;1.19;3036142
2015-04-27;1.2;1.23;1.16;1.22;2923198
2015-04-24;1.21;1.22;1.19;1.2;966473
2015-04-23;1.23;1.23;1.19;1.22;1283343
2015-04-22;1.21;1.22;1.18;1.22;2418699
2015-04-21;1.23;1.26;1.2;1.21;7386191
2015-04-20;1.17;1.18;1.15;1.17;879153
2015-04-17;1.12;1.2;1.1;1.17;3593211
2015-04-16;1.14;1.16;1.1;1.12;1997648
2015-04-15;1.12;1.16;1.05;1.15;5169368
2015-04-14;1.21;1.22;1.17;1.18;1852305
2015-04-13;1.18;1.19;1.16;1.17;824511
2015-04-10;1.17;1.19;1.16;1.18;962547
2015-04-09;1.19;1.2;1.17;1.18;1203850
2015-04-08;1.2;1.21;1.19;1.2;1114552
2015-04-07;1.23;1.23;1.19;1.21;1041196
2015-04-02;1.23;1.26;1.22;1.22;1649382
2015-04-01;1.23;1.23;1.2;1.2;2509489
2015-03-31;1.25;1.29;1.23;1.23;3379975
2015-03-30;1.21;1.27;1.2;1.22;2644278
2015-03-27;1.18;1.23;1.17;1.22;1516898
2015-03-26;1.19;1.19;1.16;1.19;1021560
2015-03-25;1.22;1.22;1.18;1.19;1534771
2015-03-24;1.19;1.24;1.17;1.22;4101343
2015-03-23;1.17;1.25;1.16;1.19;3488737
2015-03-20;1.19;1.19;1.16;1.17;1498685
2015-03-19;1.21;1.24;1.17;1.19;2522616
2015-03-18;1.16;1.2;1.14;1.16;2455752
2015-03-17;1.25;1.25;1.16;1.16;4483205
2015-03-16;1.26;1.27;1.24;1.25;1397718
2015-03-13;1.26;1.3;1.23;1.25;3268979
2015-03-12;1.27;1.29;1.25;1.26;1423725
2015-03-11;1.24;1.26;1.22;1.25;1365653
2015-03-10;1.3;1.3;1.22;1.25;2662099
2015-03-09;1.3;1.3;1.25;1.29;2796621
2015-03-06;1.3;1.31;1.26;1.3;3585494
2015-03-05;1.29;1.33;1.27;1.28;7724464
2015-03-04;1.38;1.38;1.23;1.26;19732129
2015-03-03;1.2;1.47;1.18;1.38;36012181
2015-03-02;1.43;1.46;1.16;1.16;37157452
2015-02-27;1.26;1.48;1.26;1.46;31257733
2015-02-26;1.19;1.28;1.13;1.27;6402743
2015-02-25;1.24;1.24;1.15;1.17;5431791
2015-02-24;1.29;1.31;1.19;1.2;11885996
2015-02-23;1.05;1.31;1.04;1.29;19965676
2015-02-20;1.07;1.07;1.04;1.05;2036225
2015-02-19;1.09;1.11;1.06;1.07;2473181
2015-02-18;1.14;1.14;1.08;1.09;4010530
2015-02-17;1.02;1.13;1.0;1.11;9248681
2015-02-16;0.995;1.03;0.99;1.02;1845643
2015-02-13;1.01;1.01;0.98;0.995;963066
2015-02-12;1.0;1.01;0.985;1.0;581770
2015-02-11;1.01;1.01;0.98;0.99;852694
2015-02-10;1.0;1.01;0.99;1.0;726313
2015-02-09;1.0;1.02;0.975;0.995;1748818
2015-02-06;1.0;1.02;0.99;1.0;705331
2015-02-05;1.02;1.02;1.0;1.0;584204
2015-02-04;0.995;1.01;0.98;1.01;762964
2015-02-03;1.03;1.04;0.99;0.995;1553412
2015-02-02;1.02;1.05;1.0;1.03;2076456
2015-01-30;0.97;1.02;0.97;1.0;2096724
2015-01-29;1.0;1.0;0.955;0.97;1166438
2015-01-28;1.0;1.0;0.98;1.0;900700
2015-01-27;0.95;1.03;0.935;1.0;3878553
2015-01-26;1.0;1.01;0.95;0.97;1596829
2015-01-23;0.995;1.01;0.98;1.0;1278079
2015-01-22;0.94;1.0;0.935;0.99;2549227
2015-01-21;0.935;0.945;0.93;0.94;906171
2015-01-20;0.955;0.955;0.93;0.935;1021158
2015-01-19;0.965;0.965;0.935;0.95;1066515
2015-01-16;0.96;0.98;0.935;0.965;1196626
2015-01-15;0.96;0.965;0.91;0.96;1441231
2015-01-14;0.955;0.97;0.945;0.96;842079
2015-01-13;0.97;0.98;0.95;0.96;796014
2015-01-12;0.99;0.99;0.95;0.965;1261042
2015-01-09;0.97;0.99;0.96;0.965;1484889
2015-01-08;0.99;1.01;0.97;0.985;1428237
2015-01-07;1.03;1.03;0.98;0.98;1844168
2015-01-06;;1.03;1.03;1.03;0
2015-01-05;1.02;1.04;1.0;1.03;1401147
2015-01-02;1.04;1.06;1.0;1.02;4541411
2015-01-01;0.965;0.97;0.945;0.97;4450345
2014-12-30;0.965;0.97;0.945;0.97;4450345
2014-12-29;1.01;1.02;0.965;0.98;3370630
2014-12-23;1.0;1.01;0.985;1.0;2198821
2014-12-22;1.0;1.05;0.98;0.995;4663289
2014-12-19;1.0;1.03;1.0;1.02;947510
2014-12-18;1.02;1.03;0.985;1.01;2686397
2014-12-17;1.05;1.08;1.02;1.03;5096943
2014-12-16;1.04;1.05;0.975;1.01;2718704
2014-12-15;1.02;1.05;1.02;1.03;1659487
2014-12-12;1.03;1.07;1.01;1.03;4795321
2014-12-11;1.05;1.1;0.985;1.02;20003727
2014-12-10;0.95;0.97;0.935;0.935;1552879
2014-12-09;0.93;0.945;0.905;0.92;1051771
2014-12-08;0.955;0.965;0.94;0.95;1157209
2014-12-05;0.96;0.97;0.945;0.95;1626177
2014-12-04;0.9;0.99;0.9;0.94;4134171
2014-12-03;0.9;0.9;0.885;0.895;1216207
2014-12-02;0.915;0.93;0.88;0.905;1742801
2014-12-01;0.94;0.94;0.915;0.92;1183184
2014-11-28;0.94;0.97;0.93;0.94;1081372
2014-11-27;0.91;1.02;0.91;0.965;5879385
2014-11-26;0.93;0.93;0.915;0.915;1181739
2014-11-25;0.925;0.94;0.91;0.93;817117
2014-11-24;0.945;0.95;0.92;0.925;650031
2014-11-21;0.96;0.965;0.93;0.945;1144585
2014-11-20;0.935;0.94;0.915;0.92;511575
2014-11-19;0.91;0.94;0.9;0.935;1328159
2014-11-18;0.93;0.955;0.9;0.92;1478679
2014-11-17;0.94;0.94;0.91;0.915;1079598
2014-11-14;0.93;0.94;0.9;0.935;1657113
2014-11-13;0.965;0.965;0.93;0.93;1177186
2014-11-12;0.915;0.96;0.915;0.96;948473
2014-11-11;0.93;0.94;0.92;0.93;754249
2014-11-10;0.98;0.98;0.93;0.93;1976979
2014-11-07;0.975;0.98;0.925;0.95;3479058
2014-11-06;1.03;1.03;0.97;0.975;1718233
2014-11-05;0.985;1.12;0.95;1.03;14815005
2014-11-04;0.96;1.0;0.955;0.97;3769011
2014-11-03;0.93;0.955;0.905;0.925;1155916
2014-10-31;0.95;0.96;0.92;0.93;770746
2014-10-30;1.02;1.02;0.935;0.95;4648939
2014-10-29;0.835;1.06;0.82;1.01;16473600
2014-10-28;0.84;0.85;0.8;0.835;1526183
2014-10-24;0.845;0.86;0.82;0.85;1934181
2014-10-23;0.835;0.875;0.835;0.865;693669
2014-10-22;0.88;0.895;0.84;0.87;1626325
2014-10-21;0.87;0.92;0.8;0.86;4943016
2014-10-20;0.94;0.94;0.86;0.88;3533201
2014-10-17;0.84;1.14;0.81;0.91;27066011
2014-10-16;0.85;0.86;0.8;0.84;1174239
2014-10-15;0.92;0.92;0.86;0.865;1299095
2014-10-14;0.915;0.92;0.89;0.91;787467
2014-10-13;0.93;0.95;0.905;0.91;676061
2014-10-10;0.96;0.96;0.89;0.92;1251734
2014-10-09;0.96;0.98;0.93;0.93;1183163
2014-10-08;0.93;0.95;0.89;0.92;939914
2014-10-07;1.02;1.03;0.93;0.94;1658532
2014-10-06;1.06;1.06;1.01;1.01;354934
2014-10-03;1.03;1.03;1.01;1.03;898364
2014-10-02;1.01;1.05;1.01;1.01;1578780
2014-10-01;1.04;1.04;1.0;1.0;979347
2014-09-30;1.07;1.07;1.02;1.05;1077724
2014-09-29;1.1;1.1;1.04;1.09;1003678
2014-09-26;1.12;1.12;1.08;1.09;659268
2014-09-25;1.09;1.13;1.07;1.09;1215146
2014-09-24;1.16;1.16;1.09;1.09;3448918
2014-09-23;1.08;1.18;1.02;1.16;5787625
2014-09-22;1.06;1.13;1.06;1.07;2129173
2014-09-19;0.98;1.05;0.98;1.05;2655546
2014-09-18;1.0;1.01;0.97;0.98;1233305
2014-09-17;1.04;1.04;0.98;1.01;985552
2014-09-16;1.05;1.06;1.0;1.04;1152308
2014-09-15;1.12;1.12;1.04;1.07;1545807
2014-09-12;1.02;1.1;1.02;1.1;2487676
2014-09-11;1.07;1.13;0.92;1.01;9229153
2014-09-10;1.25;1.25;1.07;1.15;15790196
2014-09-09;1.27;1.27;1.21;1.25;3797790
2014-09-08;1.27;1.3;1.23;1.28;4704849
2014-09-05;1.18;1.33;1.18;1.22;29649075
2014-09-04;1.19;1.36;1.1;1.16;51455136
2014-09-03;0.81;1.26;0.81;1.24;34024981
2014-09-02;0.78;0.8;0.76;0.8;1361565
2014-09-01;0.75;0.775;0.75;0.77;770365
2014-08-29;0.78;0.795;0.745;0.745;1550495
2014-08-28;0.78;0.79;0.75;0.76;1680398
2014-08-27;0.8;0.8;0.75;0.79;1263781
2014-08-26;0.8;0.815;0.795;0.81;605511
2014-08-25;0.82;0.82;0.785;0.8;832984
2014-08-22;0.735;0.82;0.735;0.81;1565686
2014-08-21;0.795;0.795;0.74;0.76;2668332
2014-08-20;0.805;0.81;0.78;0.795;1603090
2014-08-19;0.83;0.83;0.805;0.82;970711
2014-08-18;0.82;0.835;0.8;0.83;914122
2014-08-15;0.81;0.835;0.8;0.82;2478982
2014-08-14;0.85;0.85;0.805;0.84;1645862
2014-08-13;0.87;0.87;0.83;0.855;1821988
2014-08-12;0.87;0.89;0.865;0.88;1129194
2014-08-11;0.94;0.94;0.86;0.88;4469501
2014-08-08;0.96;0.96;0.915;0.92;603088
2014-08-07;0.94;0.975;0.93;0.94;1058496
2014-08-06;0.955;0.955;0.93;0.94;581605
2014-08-05;0.96;0.96;0.94;0.96;652079
2014-08-04;0.93;0.98;0.93;0.95;560446
2014-08-01;0.945;0.96;0.93;0.945;802664
2014-07-31;0.965;0.97;0.93;0.96;858519
2014-07-30;0.98;0.98;0.95;0.95;1113482
2014-07-29;0.99;0.995;0.97;0.975;672993
2014-07-28;1.0;1.0;0.97;0.985;621821
2014-07-25;0.97;1.0;0.96;0.99;707649
2014-07-24;0.95;0.975;0.95;0.975;635170
2014-07-23;0.98;0.98;0.95;0.96;559253
2014-07-22;0.98;0.98;0.95;0.975;520354
2014-07-21;0.95;0.97;0.95;0.965;690565
2014-07-18;0.98;0.99;0.95;0.955;1177134
2014-07-17;1.01;1.02;0.97;0.98;1314071
2014-07-16;1.01;1.02;0.97;1.01;2115581
2014-07-15;1.02;1.02;0.98;1.02;2314636
2014-07-14;0.95;1.02;0.945;1.02;2732574
2014-07-11;0.965;0.97;0.915;0.945;4593571
2014-07-10;1.01;1.03;0.95;0.98;4842961
2014-07-09;1.05;1.05;1.01;1.03;2155916
2014-07-08;1.03;1.05;1.02;1.05;1533101
2014-07-07;1.03;1.05;1.03;1.03;1268692
2014-07-04;1.05;1.06;1.03;1.05;1412913
2014-07-03;1.04;1.06;1.03;1.05;1128275
2014-07-02;1.06;1.07;1.02;1.05;1531336
2014-07-01;1.02;1.1;1.02;1.07;2406383
2014-06-30;1.06;1.06;1.01;1.03;2562978
2014-06-27;1.08;1.08;1.03;1.06;2013824
2014-06-26;1.1;1.1;1.05;1.07;3575785
2014-06-25;1.13;1.13;1.09;1.1;1996756
2014-06-24;1.15;1.15;1.12;1.13;1010553
2014-06-23;1.16;1.16;1.13;1.13;1064749
2014-06-20;;1.16;1.16;1.16;0
2014-06-19;1.15;1.18;1.11;1.16;2494334
2014-06-18;1.17;1.19;1.13;1.15;1947117
2014-06-17;1.2;1.21;1.17;1.18;1365781
2014-06-16;1.25;1.27;1.19;1.23;1348271
2014-06-13;1.27;1.27;1.21;1.25;1150516
2014-06-12;1.27;1.29;1.23;1.27;3257473
2014-06-11;1.16;1.28;1.15;1.27;4490043
2014-06-10;1.19;1.19;1.12;1.15;1462420
2014-06-09;1.23;1.23;1.17;1.17;1549169
2014-06-06;;1.23;1.23;1.23;0
2014-06-05;1.21;1.23;1.17;1.23;1554037
2014-06-04;1.18;1.24;1.16;1.19;5800566
2014-06-03;1.11;1.17;1.06;1.16;2314890
2014-06-02;1.1;1.11;1.09;1.1;856350
2014-05-30;1.1;1.12;1.08;1.1;911480
2014-05-28;1.08;1.1;1.07;1.1;407687
2014-05-27;1.1;1.1;1.07;1.08;718238
2014-05-26;1.13;1.13;1.09;1.09;361863
2014-05-23;1.11;1.13;1.09;1.11;1825617
2014-05-22;1.11;1.12;1.09;1.11;763415
2014-05-21;1.09;1.12;1.08;1.11;979426
2014-05-20;1.11;1.12;1.08;1.09;2145641
2014-05-19;1.14;1.16;1.12;1.14;456570
2014-05-16;1.15;1.17;1.14;1.14;714324
2014-05-15;1.21;1.21;1.15;1.15;1492788
2014-05-14;1.22;1.22;1.19;1.2;1176115
2014-05-13;1.18;1.24;1.17;1.2;4485253
2014-05-12;1.14;1.19;1.11;1.17;3962805
2014-05-09;1.1;1.16;1.07;1.13;3237880
2014-05-08;1.07;1.11;1.07;1.07;837053
2014-05-07;1.07;1.08;1.05;1.08;629447
2014-05-06;1.12;1.14;1.05;1.07;3225386
2014-05-05;1.05;1.12;1.03;1.09;2148642
2014-05-02;1.04;1.1;1.01;1.05;3433010
2014-05-01;;1.08;1.08;1.08;0
2014-04-30;1.15;1.15;1.05;1.08;3165855
2014-04-29;1.2;1.3;1.12;1.13;6980708
2014-04-28;1.15;1.21;1.14;1.2;3482896
2014-04-25;1.16;1.18;1.15;1.15;1300592
2014-04-24;1.2;1.2;1.15;1.15;2130444
2014-04-23;1.12;1.22;1.12;1.2;3813011
2014-04-22;1.22;1.22;1.12;1.14;8265508
2014-04-17;1.29;1.29;1.2;1.22;5526998
2014-04-16;1.37;1.37;1.29;1.31;1162314
2014-04-15;1.38;1.38;1.34;1.36;1218392
2014-04-14;1.42;1.42;1.36;1.37;1707302
2014-04-11;1.4;1.43;1.39;1.43;1642598
2014-04-10;1.43;1.43;1.4;1.43;939346
2014-04-09;1.46;1.46;1.4;1.43;1454200
2014-04-08;1.48;1.48;1.45;1.45;821396
2014-04-07;1.52;1.52;1.47;1.47;910344
2014-04-04;1.52;1.56;1.49;1.53;1500548
2014-04-03;1.48;1.53;1.47;1.53;1255735
2014-04-02;1.49;1.49;1.47;1.48;469358
2014-04-01;1.48;1.49;1.46;1.47;989023
2014-03-31;1.48;1.5;1.47;1.48;1697684
2014-03-28;1.51;1.53;1.49;1.5;1638607
2014-03-27;1.55;1.55;1.51;1.51;812861
2014-03-26;1.52;1.56;1.52;1.55;1229245
2014-03-25;1.53;1.54;1.52;1.53;798614
2014-03-24;1.55;1.55;1.53;1.53;785206
2014-03-21;1.57;1.59;1.54;1.56;1493241
2014-03-20;1.58;1.6;1.56;1.57;968076
2014-03-19;1.64;1.64;1.59;1.6;1310079
2014-03-18;1.61;1.64;1.59;1.64;902683
2014-03-17;1.61;1.63;1.6;1.61;1099957
2014-03-14;1.66;1.66;1.6;1.62;1789933
2014-03-13;1.72;1.72;1.64;1.67;2372281
2014-03-12;1.67;1.74;1.64;1.71;20631859
2014-03-11;1.55;1.56;1.54;1.55;954801
2014-03-10;1.57;1.59;1.54;1.56;2781503
2014-03-07;1.56;1.59;1.53;1.57;2457041
2014-03-06;1.59;1.61;1.53;1.55;2171390
2014-03-05;1.54;1.63;1.51;1.59;5299773
2014-03-04;1.49;1.54;1.48;1.54;2459408
2014-03-03;1.53;1.53;1.48;1.49;3467264
2014-02-28;1.54;1.59;1.54;1.56;1283923
2014-02-27;1.59;1.59;1.54;1.54;2097019
2014-02-26;1.64;1.65;1.57;1.58;1855941
2014-02-25;1.56;1.67;1.54;1.65;9056295
2014-02-24;1.57;1.58;1.54;1.56;2295560
2014-02-21;1.53;1.6;1.51;1.57;3173503
2014-02-20;1.5;1.52;1.48;1.52;1593536
2014-02-19;1.53;1.53;1.5;1.51;2249887
2014-02-18;1.55;1.55;1.52;1.53;1449244
2014-02-17;1.56;1.57;1.53;1.55;1410247
2014-02-14;1.61;1.61;1.55;1.56;2866039
2014-02-13;1.65;1.65;1.59;1.6;1531159
2014-02-12;1.62;1.64;1.57;1.64;1813089
2014-02-11;1.58;1.6;1.57;1.6;1474894
2014-02-10;1.64;1.68;1.57;1.58;3966725
2014-02-07;1.49;1.63;1.44;1.63;9707650
2014-02-06;1.57;1.57;1.48;1.52;8074335
2014-02-05;1.63;1.65;1.57;1.6;3688479
2014-02-04;1.62;1.65;1.57;1.62;3403026
2014-02-03;1.69;1.7;1.61;1.64;3065218
2014-01-31;1.76;1.77;1.67;1.69;2388397
2014-01-30;1.8;1.8;1.71;1.76;1960162
2014-01-29;1.79;1.86;1.75;1.76;3634503
2014-01-28;1.7;1.83;1.69;1.79;7032572
2014-01-27;1.67;1.73;1.62;1.7;4421486
2014-01-24;1.75;1.77;1.65;1.69;4762002
2014-01-23;1.79;1.79;1.75;1.78;4770716
2014-01-22;1.85;1.85;1.78;1.82;3992759
2014-01-21;1.92;1.94;1.8;1.86;5315483
2014-01-20;1.88;1.93;1.87;1.91;3412975
2014-01-17;1.88;1.93;1.85;1.88;6817039
2014-01-16;1.97;1.99;1.89;1.9;9998946
2014-01-15;2.06;2.06;1.96;1.97;9791835
2014-01-14;1.93;2.05;1.86;2.05;16317370
2014-01-13;1.99;2.08;1.93;1.94;18390650
2014-01-10;2.25;2.27;2.03;2.04;24490237
2014-01-09;2.17;2.27;2.11;2.23;16670093
2014-01-08;2.15;2.22;2.07;2.17;21341675
2014-01-07;1.85;2.04;1.82;2.04;15728685
2014-01-06;;1.82;1.82;1.82;0
2014-01-03;1.82;1.85;1.76;1.82;9776040
2014-01-02;1.67;1.83;1.67;1.8;15262371
2013-12-31;;1.63;1.63;1.63;0
2013-12-30;1.54;1.65;1.52;1.63;17098306
2013-12-27;1.59;1.61;1.54;1.54;8891396
2013-12-23;1.63;1.67;1.59;1.59;4744816
2013-12-20;1.64;1.67;1.6;1.63;5648944
2013-12-19;1.66;1.68;1.62;1.64;6269086
2013-12-18;1.67;1.7;1.6;1.6;13672521
2013-12-17;1.8;1.82;1.7;1.7;8728180
2013-12-16;1.89;1.91;1.8;1.84;5706596
2013-12-13;1.81;1.95;1.79;1.86;12435933
2013-12-12;1.97;1.97;1.75;1.77;19474630
2013-12-11;2.0;2.04;1.93;1.97;10820300
2013-12-10;2.08;2.13;1.9;2.02;38031314
2013-12-09;1.73;2.11;1.67;2.05;88717639
2013-12-06;1.36;1.72;1.36;1.72;29298059
2013-12-05;1.39;1.41;1.35;1.37;4894244
2013-12-04;1.44;1.46;1.38;1.4;4834937
2013-12-03;1.48;1.49;1.43;1.44;6239847
2013-12-02;1.56;1.58;1.48;1.49;5974183
2013-11-29;1.52;1.59;1.51;1.56;8641998
2013-11-28;1.55;1.57;1.48;1.52;7382518
2013-11-27;1.62;1.64;1.52;1.55;12238739
2013-11-26;1.47;1.64;1.46;1.58;26710605
2013-11-25;1.44;1.52;1.41;1.46;10739805
2013-11-22;1.38;1.48;1.33;1.44;15067960
2013-11-21;1.46;1.46;1.34;1.4;13922907
2013-11-20;1.54;1.54;1.47;1.47;8699670
2013-11-19;1.56;1.56;1.51;1.54;2525738
2013-11-18;1.56;1.6;1.52;1.56;9046024
2013-11-15;1.7;1.7;1.55;1.57;14387184
2013-11-14;1.72;1.74;1.68;1.69;3118557
2013-11-13;1.71;1.77;1.69;1.72;2725396
2013-11-12;1.74;1.74;1.69;1.71;5649938
2013-11-11;1.86;1.86;1.73;1.74;10462588
2013-11-08;1.74;1.86;1.68;1.83;15816509
2013-11-07;1.81;1.81;1.74;1.74;5853289
2013-11-06;1.83;1.84;1.79;1.81;2989978
2013-11-05;1.87;1.87;1.82;1.83;2224460
2013-11-04;1.88;1.88;1.82;1.86;3753540
2013-11-01;1.95;1.95;1.86;1.88;2168800
2013-10-31;1.86;1.97;1.8;1.91;7866906
2013-10-30;1.86;1.91;1.84;1.84;2988432
2013-10-29;1.86;1.94;1.8;1.87;4653708
2013-10-28;1.85;1.96;1.82;1.86;9811825
2013-10-25;1.72;1.87;1.66;1.83;15943078
2013-10-24;1.8;1.82;1.66;1.71;22543250
2013-10-23;1.89;1.93;1.75;1.84;12151503
2013-10-22;2.08;2.09;1.97;2.04;6554350
2013-10-21;2.09;2.12;2.05;2.08;6137010
2013-10-18;2.05;2.07;1.98;2.07;11829590
2013-10-17;1.88;2.04;1.85;2.02;23032092
2013-10-16;1.88;1.91;1.75;1.79;19042044
2013-10-15;1.95;2.02;1.91;1.91;7346665
2013-10-14;2.08;2.08;1.93;1.96;17671255
2013-10-11;2.06;2.15;2.02;2.09;14890681
2013-10-10;2.4;2.42;2.01;2.09;46341909
2013-10-09;2.47;2.49;2.38;2.39;6449050
2013-10-08;2.56;2.59;2.45;2.48;19481893
2013-10-07;2.56;2.65;2.51;2.54;21213950
2013-10-04;2.48;2.56;2.41;2.41;12190405
2013-10-03;2.3;2.57;2.23;2.46;31422461
2013-10-02;2.45;2.45;2.3;2.3;14178674
2013-10-01;2.3;2.44;2.2;2.41;39825992
2013-09-30;2.43;2.45;2.29;2.33;15471634
2013-09-27;2.35;2.51;2.24;2.41;39679419
2013-09-26;2.7;2.71;2.33;2.39;38134085
2013-09-25;2.88;2.91;2.75;2.79;22815312
2013-09-24;2.66;3.03;2.66;3.01;58526001
2013-09-23;3.45;3.45;2.28;2.72;103173227
2013-09-20;3.55;3.58;3.38;3.46;18650728
2013-09-19;3.75;3.84;3.53;3.55;23291606
2013-09-18;3.75;3.8;3.28;3.69;59819873
2013-09-17;3.88;4.07;3.73;3.79;44727174
2013-09-16;4.69;4.69;4.35;4.4;15011042
2013-09-13;4.3;4.75;4.22;4.56;25731179
2013-09-12;5.1;5.1;4.4;4.43;61512809
2013-09-11;5.1;5.1;4.65;5.05;73849104
2013-09-10;4.3;4.67;4.13;4.47;42592189
2013-09-09;4.44;4.58;4.04;4.26;25807233
2013-09-06;4.21;4.74;4.12;4.35;43753953
2013-09-05;5.05;5.2;4.19;4.33;87000536
2013-09-04;4.79;5.15;4.76;5.0;42922462
2013-09-03;4.36;4.85;4.3;4.73;41380159
2013-09-02;4.24;4.31;4.14;4.29;22604789
2013-08-30;3.76;4.24;3.73;4.12;43951723
2013-08-29;3.89;4.44;3.85;3.86;61144073
2013-08-28;3.42;3.85;3.33;3.83;31005418
2013-08-27;3.51;3.53;3.28;3.45;17360197
2013-08-26;3.24;3.51;3.21;3.48;27304978
2013-08-23;3.27;3.3;3.18;3.19;12840693
2013-08-22;2.96;3.23;2.93;3.17;19002055
2013-08-21;2.99;3.04;2.91;2.96;8103395
2013-08-20;3.06;3.14;2.94;2.98;40060747
2013-08-19;2.75;2.8;2.64;2.65;6421534
2013-08-16;2.65;2.73;2.63;2.7;5728141
2013-08-15;2.74;2.75;2.62;2.63;4795188
2013-08-14;2.4;2.76;2.36;2.7;21008350
2013-08-13;2.47;2.49;2.38;2.41;9474323
2013-08-12;2.55;2.59;2.5;2.51;2682086
2013-08-09;2.54;2.58;2.53;2.54;2338547
2013-08-08;2.51;2.6;2.45;2.54;5415549
2013-08-07;2.6;2.63;2.54;2.55;6418555
2013-08-06;2.65;2.71;2.62;2.64;5118394
2013-08-05;2.74;2.97;2.65;2.71;13745089
2013-08-02;2.7;2.78;2.62;2.74;3538534
2013-08-01;2.73;2.77;2.72;2.75;1154657
2013-07-31;2.77;2.77;2.7;2.72;1937859
2013-07-30;2.66;2.84;2.66;2.76;5690880
2013-07-29;2.64;2.67;2.59;2.65;2727518
2013-07-26;2.72;2.72;2.64;2.67;2617376
2013-07-25;2.77;2.77;2.66;2.69;6273796
2013-07-24;2.78;2.83;2.62;2.67;14147603
2013-07-23;2.9;2.93;2.66;2.7;9979679
2013-07-22;3.08;3.13;2.85;2.89;16283688
2013-07-19;2.35;3.06;2.26;3.05;26742358
2013-07-18;2.7;2.74;2.31;2.37;20012123
2013-07-17;2.83;2.83;2.65;2.75;3829302
2013-07-16;2.9;2.9;2.81;2.83;1639801
2013-07-15;2.85;2.87;2.82;2.87;2275073
2013-07-12;2.82;2.9;2.82;2.83;3417422
2013-07-11;2.75;2.82;2.75;2.79;2535682
2013-07-10;2.7;2.74;2.66;2.74;1877175
2013-07-09;2.69;2.74;2.65;2.74;1480039
2013-07-08;2.78;2.8;2.65;2.68;4379926
2013-07-05;2.83;2.94;2.72;2.76;11355266
2013-07-04;2.71;2.71;2.58;2.64;3807856
2013-07-03;2.78;2.78;2.52;2.71;10429965
2013-07-02;2.91;2.91;2.79;2.8;4564833
2013-07-01;3.0;3.01;2.89;2.93;4645757
2013-06-28;2.9;3.1;2.89;2.99;8727020
2013-06-27;2.89;2.89;2.77;2.88;6535096
2013-06-26;3.03;3.03;2.91;2.91;3364193
2013-06-25;2.95;3.09;2.9;3.03;5363797
2013-06-24;3.15;3.16;2.89;2.99;11198402
2013-06-21;;3.19;3.19;3.19;0
2013-06-20;3.2;3.2;3.07;3.19;7274772
2013-06-19;3.3;3.45;3.12;3.19;27437223
2013-06-18;3.08;3.2;2.91;3.0;18325028
2013-06-17;2.96;3.45;2.91;3.07;43781559
2013-06-14;2.55;2.82;2.42;2.77;27806933
2013-06-13;2.37;2.6;2.23;2.47;17695707
2013-06-12;2.37;2.6;2.29;2.42;17145703
2013-06-11;2.53;2.7;2.32;2.39;37020844
2013-06-10;1.98;2.47;1.96;2.46;30069196
2013-06-07;1.95;1.98;1.9;1.95;1967917
2013-06-06;;1.95;1.95;1.95;0
2013-06-05;1.99;1.99;1.93;1.95;2370499
2013-06-04;1.95;2.05;1.89;2.0;5722191
2013-06-03;1.97;1.97;1.88;1.92;3207789
2013-05-31;2.08;2.1;1.95;1.99;5045446
2013-05-30;1.85;2.07;1.78;2.03;7489610
2013-05-29;1.96;1.96;1.83;1.87;5997347
2013-05-28;2.04;2.04;1.92;1.96;6545846
2013-05-27;2.11;2.18;2.0;2.05;6793052
2013-05-24;1.88;2.17;1.88;2.13;14158786
2013-05-23;1.94;1.94;1.79;1.86;7345135
2013-05-22;1.7;1.93;1.67;1.93;13143059
2013-05-21;1.56;1.68;1.53;1.66;6048316
2013-05-20;1.56;1.56;1.51;1.55;1509674
2013-05-17;1.59;1.59;1.54;1.56;885969
2013-05-16;1.6;1.6;1.55;1.59;1399761
2013-05-15;1.66;1.67;1.56;1.6;2475536
2013-05-14;1.63;1.69;1.6;1.63;3704511
2013-05-13;1.48;1.63;1.46;1.63;2956366
2013-05-10;1.54;1.54;1.45;1.48;1098116
2013-05-09;;1.55;1.55;1.55;0
2013-05-08;1.6;1.6;1.5;1.55;1231333
2013-05-07;1.6;1.65;1.59;1.6;940218
2013-05-06;1.61;1.64;1.57;1.59;1634336
2013-05-03;1.67;1.73;1.6;1.61;8874275
2013-05-02;1.65;1.65;1.58;1.64;1554175
2013-05-01;;1.65;1.65;1.65;0
2013-04-30;1.61;1.65;1.58;1.65;983841
2013-04-29;1.63;1.68;1.45;1.6;8257565
2013-04-26;1.66;1.7;1.64;1.66;2426564
2013-04-25;1.72;1.74;1.65;1.69;2909886
2013-04-24;1.77;1.77;1.69;1.71;4073098
2013-04-23;1.62;1.88;1.56;1.78;11834702
2013-04-22;1.74;1.74;1.54;1.6;3383988
2013-04-19;1.68;1.73;1.63;1.73;1732043
2013-04-18;1.69;1.69;1.64;1.67;1986717
2013-04-17;1.7;1.7;1.62;1.68;2209318
2013-04-16;1.75;1.75;1.63;1.7;6152061
2013-04-15;1.77;1.83;1.72;1.76;14860592
2013-04-12;1.44;1.7;1.41;1.63;21046485
2013-04-11;1.36;1.5;1.35;1.44;9702891
2013-04-10;1.35;1.4;1.28;1.34;7795294
2013-04-09;1.41;1.49;1.34;1.34;10751833
2013-04-08;1.47;1.47;1.32;1.42;12392477
2013-04-05;1.61;1.63;1.42;1.47;15333053
2013-04-04;1.59;1.68;1.55;1.61;8478996
2013-04-03;1.75;1.76;1.6;1.6;9342426
2013-04-02;1.85;1.85;1.74;1.77;4852552
2013-04-01;;1.85;1.85;1.85;0
2013-03-29;1.76;1.85;1.85;1.85;12812752
2013-03-28;1.76;1.94;1.75;1.87;12812752
2013-03-27;1.76;1.94;1.75;1.87;12812752
2013-03-26;1.86;1.86;1.67;1.74;12469325
2013-03-25;1.83;1.97;1.67;1.86;14250408
2013-03-22;2.18;2.35;1.84;1.86;51006839
2013-03-21;2.25;2.45;2.18;2.43;16144993
2013-03-20;2.13;2.23;2.11;2.22;5301423
2013-03-19;2.24;2.25;2.15;2.16;4260499
2013-03-18;2.17;2.25;2.02;2.2;8358638
2013-03-15;2.27;2.27;1.99;2.15;12396818
2013-03-14;2.34;2.39;2.15;2.22;20224511
2013-03-13;2.35;2.46;2.24;2.32;34495490
2013-03-12;1.96;2.16;1.8;2.13;34460403
2013-03-11;2.45;2.55;1.76;1.88;35221123
2013-03-08;1.96;2.44;1.95;2.3;74913468
2013-03-07;1.5;1.79;1.5;1.79;32371709
2013-03-06;1.4;1.5;1.38;1.47;9928140
2013-03-05;1.37;1.49;1.27;1.37;26635330
2013-03-04;1.12;1.48;1.07;1.33;28000152
2013-03-01;1.16;1.16;1.1;1.13;2004341
2013-02-28;1.22;1.23;1.1;1.16;9483055
2013-02-27;1.03;1.19;1.03;1.19;11142444
2013-02-26;1.04;1.04;1.0;1.03;1530686
2013-02-25;1.05;1.06;1.02;1.02;1185554
2013-02-22;0.96;1.06;0.96;1.05;4008708
2013-02-21;0.94;1.03;0.92;0.96;3024150
2013-02-20;1.01;1.01;0.94;0.95;2813683
2013-02-19;1.02;1.03;0.99;1.01;1783698
2013-02-18;1.04;1.04;1.0;1.03;824508
2013-02-15;1.0;1.05;1.0;1.03;1470719
2013-02-14;1.04;1.06;1.0;1.01;1212673
2013-02-13;1.04;1.04;1.01;1.04;1363538
2013-02-12;1.06;1.06;1.02;1.04;1766518
2013-02-11;1.06;1.08;1.03;1.05;1809822
2013-02-08;1.03;1.09;1.03;1.06;3170526
2013-02-07;1.04;1.05;0.99;1.03;1899104
2013-02-06;1.08;1.11;0.99;1.0;5841415
2013-02-05;0.9;1.08;0.87;1.05;15091405
2013-02-04;1.09;1.12;1.04;1.05;5881479
2013-02-01;1.2;1.22;1.06;1.06;9039169
2013-01-31;1.18;1.27;1.16;1.2;16585427
2013-01-30;0.98;1.23;0.96;1.15;38549117
2013-01-29;0.83;1.11;0.83;0.96;22860536
2013-01-28;0.82;0.83;0.81;0.83;613139
2013-01-25;0.81;0.83;0.77;0.83;2569456
2013-01-24;0.77;0.88;0.75;0.81;5555938
2013-01-23;0.78;0.79;0.76;0.76;1393307
2013-01-22;0.8;0.81;0.78;0.79;622901
2013-01-21;0.81;0.82;0.79;0.81;811197
2013-01-18;0.81;0.83;0.8;0.83;859989
2013-01-17;0.81;0.82;0.79;0.81;501392
2013-01-16;0.8;0.82;0.8;0.82;436859
2013-01-15;0.81;0.82;0.79;0.81;1016257
2013-01-14;0.83;0.83;0.8;0.82;1760832
2013-01-11;0.86;0.86;0.83;0.85;1107634
2013-01-10;0.86;0.94;0.84;0.86;5287526
2013-01-09;0.87;0.87;0.83;0.86;2375962
2013-01-08;0.87;0.95;0.83;0.87;8752289
2013-01-07;0.94;0.95;0.86;0.86;4175912
2013-01-04;0.9;1.0;0.88;0.95;14219408
2013-01-03;0.73;0.92;0.71;0.89;13844905
2013-01-02;0.7;0.74;0.69;0.73;801361
2013-01-01;;0.7;0.7;0.7;0
2012-12-31;;0.7;0.7;0.7;0
2012-12-28;0.68;0.7;0.66;0.7;1921198
