Dates;Open;High;Low;Close;Volume
2017-12-27;120.0;124.75;120.0;124.75;6521
2017-12-22;119.0;120.0;118.0;120.0;5238
2017-12-21;118.0;120.5;118.0;119.0;2879
2017-12-20;117.5;120.0;117.5;117.75;5805
2017-12-19;112.25;118.5;112.25;115.75;80872
2017-12-18;108.5;112.75;108.0;112.0;9427
2017-12-15;113.0;113.0;105.25;108.5;41981
2017-12-14;114.75;116.0;113.0;113.0;1307
2017-12-13;117.0;117.5;114.25;115.0;7507
2017-12-12;117.25;117.5;115.5;117.0;4065
2017-12-11;113.0;116.0;113.0;115.25;3058
2017-12-08;114.0;116.5;113.0;113.0;7095
2017-12-07;115.25;117.5;113.5;115.0;7530
2017-12-06;115.75;116.0;113.25;115.25;8134
2017-12-05;114.0;118.5;113.5;115.75;9662
2017-12-04;118.0;118.0;113.0;114.25;15222
2017-12-01;117.25;119.5;115.75;118.0;5420
2017-11-30;119.5;119.5;114.25;118.0;11674
2017-11-29;120.25;120.25;117.25;119.5;1825
2017-11-28;122.5;122.5;119.75;120.0;6562
2017-11-27;118.5;123.25;118.5;122.25;17212
2017-11-24;117.0;118.25;116.25;117.5;2397
2017-11-23;116.25;117.0;114.25;117.0;833
2017-11-22;114.0;116.5;114.0;116.5;3129
2017-11-21;112.5;114.0;110.25;114.0;3317
2017-11-20;109.25;114.75;109.25;112.5;1887
2017-11-17;112.0;112.0;107.75;111.0;5127
2017-11-16;113.25;113.25;110.25;112.0;3546
2017-11-15;114.5;115.0;112.75;113.0;38517
2017-11-14;114.5;114.5;114.25;114.5;964
2017-11-13;116.0;116.0;113.0;114.25;3088
2017-11-10;114.0;116.0;113.0;114.0;3173
2017-11-09;113.75;115.75;113.0;113.0;8647
2017-11-08;119.0;119.0;113.25;114.25;40790
2017-11-07;123.75;123.75;117.0;119.0;14875
2017-11-06;126.5;127.0;122.0;123.75;14056
2017-11-03;124.25;126.5;124.0;124.0;6422
2017-11-02;123.5;124.0;121.0;124.0;9352
2017-11-01;120.0;124.5;119.75;122.0;24040
2017-10-31;118.75;123.75;117.5;119.75;28657
2017-10-30;116.25;122.0;116.25;118.5;18715
2017-10-27;106.0;121.0;106.0;115.75;65890
2017-10-26;108.0;114.5;102.0;105.0;54284
2017-10-25;106.0;124.5;104.5;115.25;43762
2017-10-24;112.5;113.75;105.5;106.0;22211
2017-10-23;119.75;120.0;113.75;114.5;18295
2017-10-20;119.75;120.0;116.25;120.0;8090
2017-10-19;123.0;123.0;118.0;119.75;8746
2017-10-18;126.25;126.5;123.0;123.0;4021
2017-10-17;121.25;124.75;120.25;124.0;7866
2017-10-13;127.0;129.5;125.75;126.0;4717
2017-10-12;127.5;129.0;126.5;127.0;6163
2017-10-11;129.75;129.75;125.75;127.5;24780
2017-10-10;135.0;135.0;129.5;130.0;22265
2017-10-09;139.75;139.75;133.5;135.0;65269
2017-10-06;142.5;142.5;138.25;139.75;19650
2017-10-05;142.75;142.75;139.5;142.75;3229
2017-10-04;139.0;143.0;139.0;142.75;3558
2017-10-03;140.25;142.75;140.25;142.0;5082
2017-10-02;142.75;143.0;140.0;140.25;93392
2017-09-29;141.75;142.25;141.25;142.25;3158
2017-09-28;139.25;141.5;138.0;141.25;13403
2017-09-27;139.0;140.5;137.75;139.25;5296
2017-09-26;137.25;140.25;137.0;139.0;54349
2017-09-25;137.75;139.0;136.0;137.0;20137
2017-09-22;141.25;141.5;137.0;139.5;10927
2017-09-21;141.0;142.0;141.0;141.5;4739
2017-09-20;140.5;142.5;140.5;140.5;1356
2017-09-19;138.75;142.0;138.75;140.25;4447
2017-09-18;140.75;141.25;137.5;137.5;50543
2017-09-15;140.0;142.5;136.5;138.25;19969
2017-09-14;141.5;143.0;140.0;140.0;9423
2017-09-13;143.75;144.75;139.0;141.5;14687
2017-09-12;145.0;145.0;142.5;143.5;3626
2017-09-11;142.25;145.0;142.25;145.0;2726
2017-09-08;147.0;147.0;141.5;142.25;12102
2017-09-07;146.0;148.0;144.0;147.0;3223
2017-09-06;145.0;147.75;142.75;145.75;7586
2017-09-04;147.0;147.5;139.0;145.75;6477
2017-09-01;148.25;151.0;147.75;148.25;30687
2017-08-31;144.25;144.75;142.0;144.75;4983
2017-08-30;140.25;144.0;140.25;141.5;4274
2017-08-29;139.25;141.0;138.5;140.25;10817
2017-08-28;142.75;143.5;139.0;141.0;11268
2017-08-25;136.25;144.0;136.25;142.5;11051
2017-08-24;131.25;137.0;131.25;136.25;54225
2017-08-23;129.5;134.0;125.75;131.25;10803
2017-08-22;134.5;134.5;130.0;130.0;5376
2017-08-21;135.0;135.0;132.25;134.5;6806
2017-08-18;133.0;136.5;132.0;135.0;3535
2017-08-17;136.75;139.5;135.0;135.0;2916
2017-08-16;138.5;142.25;135.25;139.5;53181
2017-08-15;141.0;141.0;138.0;139.5;3106
2017-08-14;140.5;143.25;140.0;141.0;2985
2017-08-11;138.0;141.25;136.0;140.5;6980
2017-08-10;144.25;144.25;139.0;139.0;5913
2017-08-09;145.0;145.0;141.25;144.25;6940
2017-08-08;144.0;145.0;143.0;144.75;4251
2017-08-07;140.75;144.0;140.0;143.0;3886
2017-08-04;137.0;140.0;136.5;138.5;5382
2017-08-03;136.0;137.5;134.5;137.0;13202
2017-08-02;136.0;137.5;134.0;136.0;107974
2017-08-01;136.5;136.5;132.5;135.75;3206
2017-07-31;135.5;136.5;133.0;136.5;11144
2017-07-28;135.0;135.5;132.25;135.5;8904
2017-07-27;136.5;136.5;134.5;136.5;5524
2017-07-26;134.0;137.25;132.0;136.5;7097
2017-07-25;135.0;135.5;131.5;134.5;12628
2017-07-24;142.0;142.25;132.0;135.5;22369
2017-07-21;136.0;146.0;136.0;142.0;12952
2017-07-20;147.0;150.0;130.0;135.0;41165
2017-07-19;147.0;147.0;144.5;147.0;5625
2017-07-18;146.5;147.0;144.5;147.0;6053
2017-07-17;147.0;150.0;144.75;146.5;8256
2017-07-14;149.5;150.0;144.5;146.5;3456
2017-07-13;147.0;150.0;145.0;148.0;8409
2017-07-12;149.5;152.0;146.5;149.0;3661
2017-07-11;148.0;150.5;145.0;149.0;8336
2017-07-10;150.0;154.5;148.0;148.0;7248
2017-07-07;152.0;154.5;146.0;149.25;9189
2017-07-06;145.0;151.5;145.0;150.0;5304
2017-07-05;149.25;151.0;145.0;150.0;4319
2017-07-04;149.75;149.75;144.25;149.25;11010
2017-07-03;155.0;155.0;148.0;149.75;9832
2017-06-30;156.0;156.0;150.0;152.5;21506
2017-06-29;155.5;155.5;150.0;154.0;3441
2017-06-28;153.5;155.0;150.5;153.5;5158
2017-06-27;157.0;159.0;151.5;153.5;11254
2017-06-26;149.0;155.0;149.0;155.0;13732
2017-06-23;;148.25;148.25;148.25;0
2017-06-22;143.5;148.25;143.5;148.25;5990
2017-06-21;141.0;144.0;137.75;143.5;3746
2017-06-20;144.5;144.5;141.25;141.75;8813
2017-06-19;144.5;144.5;140.0;144.5;11969
2017-06-16;146.5;146.5;142.0;145.0;14252
2017-06-15;149.0;150.0;145.0;146.5;11927
2017-06-14;152.5;153.0;148.5;148.5;6794
2017-06-13;150.0;153.0;143.5;149.5;27580
2017-06-12;154.5;156.0;150.0;153.0;12639
2017-06-09;157.0;157.0;149.0;153.0;29950
2017-06-08;147.0;159.5;147.0;156.0;35105
2017-06-07;141.0;145.5;140.25;145.5;16249
2017-06-06;;140.0;140.0;140.0;0
2017-06-05;137.75;143.0;137.0;140.0;20308
2017-06-02;130.0;135.0;128.5;135.0;12185
2017-06-01;130.0;131.75;128.25;130.0;44551
2017-05-31;134.0;134.0;130.0;131.75;50507
2017-05-30;134.75;138.0;131.0;133.75;21121
2017-05-29;127.0;135.75;127.0;134.75;22291
2017-05-26;118.75;129.5;118.75;127.0;27946
2017-05-24;113.25;118.75;113.25;118.75;6572
2017-05-23;110.25;113.5;110.0;113.25;38131
2017-05-22;110.0;110.5;109.0;110.25;24163
2017-05-19;107.5;110.75;106.0;110.0;4822
2017-05-18;107.75;108.5;106.0;107.5;12854
2017-05-17;107.5;110.0;107.5;107.75;21663
2017-05-16;107.0;107.0;106.0;106.75;21781
2017-05-15;105.75;107.0;105.75;106.0;29433
2017-05-12;107.0;105.5;105.5;105.5;49537
2017-05-11;107.0;108.5;106.5;106.5;8340
2017-05-10;107.0;107.5;105.0;107.5;3607
2017-05-09;105.0;108.75;103.25;107.0;7522
2017-05-08;105.0;106.0;103.25;105.0;12354
2017-05-05;106.0;109.5;102.5;104.75;9987
2017-05-04;102.5;106.5;102.5;106.5;4632
2017-05-03;105.0;105.0;101.25;102.5;19658
2017-05-02;108.5;110.5;102.0;105.0;10928
2017-05-01;;107.25;107.25;107.25;0
2017-04-28;110.5;110.5;106.0;107.25;5639
2017-04-27;108.0;110.0;108.0;109.0;13592
2017-04-26;107.0;109.25;105.75;108.5;7586
2017-04-25;107.25;107.5;106.0;107.0;20099
2017-04-24;107.0;108.0;105.0;107.25;100945
2017-04-21;110.0;110.0;103.75;107.0;18643
2017-04-20;113.5;113.5;110.0;110.5;38820
2017-04-19;111.25;113.0;111.0;113.0;10132
2017-04-18;113.25;113.25;110.0;111.25;19823
2017-04-13;114.0;114.5;113.0;113.25;1631
2017-04-12;113.0;115.5;113.0;114.0;1457
2017-04-11;110.0;112.75;107.5;112.75;16080
2017-04-10;113.25;113.5;108.75;110.5;5834
2017-04-07;113.25;113.75;112.0;113.25;4127
2017-04-06;116.0;116.0;113.5;113.75;8707
2017-04-05;117.75;117.75;114.75;116.5;8789
2017-04-04;118.0;118.0;116.0;117.25;10847
2017-04-03;116.0;119.75;115.5;117.0;15260
2017-03-31;115.0;115.0;111.75;115.0;2183
2017-03-30;115.75;115.75;113.0;114.0;2032
2017-03-29;116.0;116.0;114.25;115.75;5621
2017-03-28;116.0;117.0;114.25;115.75;4866
2017-03-27;119.5;119.5;112.25;115.75;9416
2017-03-24;118.25;126.0;115.0;117.5;25448
2017-03-23;113.5;118.25;113.0;118.25;19299
2017-03-22;110.25;112.0;106.0;112.0;22863
2017-03-21;104.25;109.75;104.25;109.25;13012
2017-03-20;103.75;105.75;100.5;104.25;30915
2017-03-17;108.75;108.75;103.75;105.75;22906
2017-03-16;112.0;113.0;108.25;108.75;50163
2017-03-15;115.5;115.5;113.5;115.25;7229
2017-03-14;115.0;115.5;110.0;114.25;10905
2017-03-13;116.5;116.5;113.25;115.0;29566
2017-03-10;113.0;117.0;117.0;117.0;22566
2017-03-09;110.25;117.0;110.25;113.0;18660
2017-03-08;108.5;111.0;107.0;110.25;36062
2017-03-07;105.5;108.0;105.0;106.5;5865
2017-03-06;108.0;108.0;103.0;106.75;41810
2017-03-03;106.0;108.0;108.0;108.0;8599
2017-03-02;107.75;108.0;105.0;106.0;9120
2017-03-01;108.0;108.25;104.5;107.75;15736
2017-02-28;108.0;109.5;106.0;108.0;62846
2017-02-27;106.5;117.0;105.5;107.5;31265
2017-02-24;104.5;104.5;100.5;102.75;14817
2017-02-23;104.25;110.0;100.5;105.0;47739
2017-02-22;96.25;107.0;96.25;104.5;109703
2017-02-21;87.5;89.0;86.0;89.0;9874
2017-02-20;84.0;87.5;84.0;87.5;8597
2017-02-17;83.0;84.0;82.0;84.0;6766
2017-02-16;84.5;84.5;83.0;83.0;7419
2017-02-15;85.0;86.0;83.5;84.5;8071
2017-02-14;87.25;87.25;86.25;86.25;1530
2017-02-13;87.0;87.0;83.0;87.0;21555
2017-02-10;88.0;88.0;86.25;87.5;3069
2017-02-09;88.0;88.0;86.5;88.0;14145
2017-02-08;86.5;88.0;84.5;86.5;8425
2017-02-07;87.75;87.75;86.0;86.5;3717
2017-02-06;87.5;88.0;87.0;87.75;3086
2017-02-03;88.0;88.0;86.5;87.5;2691
2017-02-02;85.75;88.0;85.0;88.0;5849
2017-02-01;88.25;88.25;84.0;85.75;12340
2017-01-31;87.75;90.0;87.5;88.25;3446
2017-01-30;88.0;88.0;85.75;87.75;5980
2017-01-27;87.5;88.0;87.25;88.0;11485
2017-01-26;88.5;89.0;87.5;87.75;16416
2017-01-25;90.0;90.0;87.75;88.0;15194
2017-01-24;87.0;90.25;86.0;89.25;21368
2017-01-23;89.25;89.25;83.0;87.25;29000
2017-01-20;96.75;96.75;89.75;89.75;23518
2017-01-19;93.5;96.5;93.0;96.5;32750
2017-01-18;90.75;96.75;90.75;92.75;24378
2017-01-17;87.0;91.0;86.75;90.75;20297
2017-01-16;81.0;87.0;78.25;87.0;22327
2017-01-13;81.0;82.0;80.5;81.0;11233
2017-01-12;82.0;82.0;80.5;81.0;11551
2017-01-11;79.5;83.5;79.5;81.0;10974
2017-01-10;77.25;80.25;77.25;79.5;20476
2017-01-09;74.0;80.0;74.0;77.25;12614
2017-01-06;;74.0;74.0;74.0;0
2017-01-05;72.0;75.0;72.0;74.0;2989
2017-01-04;71.5;72.0;71.5;71.5;18487
2017-01-03;71.5;71.5;69.5;71.5;5888
2017-01-02;71.5;72.0;70.5;71.5;1673
2016-12-30;72.0;72.25;70.75;71.5;3303
2016-12-29;72.5;72.5;70.0;72.0;3907
2016-12-28;73.5;73.5;70.5;71.75;3737
2016-12-27;73.75;73.75;73.0;73.25;1647
2016-12-23;71.25;73.25;70.5;73.25;2190
2016-12-22;72.0;72.0;70.5;71.25;1645
2016-12-21;71.0;73.0;71.0;72.75;4662
2016-12-20;69.5;72.0;69.5;71.0;2924
2016-12-19;71.0;71.0;69.25;69.25;4514
2016-12-16;71.0;72.75;69.0;71.0;5679
2016-12-15;70.25;71.0;69.5;71.0;15184
2016-12-14;70.5;70.5;70.0;70.25;1369
2016-12-13;69.0;71.0;67.25;70.75;7943
2016-12-12;71.0;72.0;68.25;69.25;9336
2016-12-09;70.75;71.5;70.0;71.25;11909
2016-12-08;69.5;71.0;69.5;71.0;4304
2016-12-07;72.5;72.5;69.25;69.5;5041
2016-12-06;71.0;72.75;70.5;71.0;9877
2016-12-05;72.0;73.0;71.0;73.0;8491
2016-12-02;72.75;72.75;72.0;72.0;2850
2016-12-01;73.75;74.0;72.5;72.75;2305
2016-11-30;72.5;74.25;70.75;73.25;12551
2016-11-29;70.5;72.75;70.0;72.5;11185
2016-11-28;69.5;72.0;69.5;71.0;17867
2016-11-25;69.0;71.5;68.0;70.25;20460
2016-11-24;69.5;70.0;66.5;70.0;41416
2016-11-23;74.0;74.0;68.5;70.75;17028
2016-11-22;74.75;75.0;74.0;74.0;15210
2016-11-21;73.75;75.5;70.0;74.75;14453
2016-11-18;71.0;73.75;68.0;73.75;20183
2016-11-17;67.0;72.5;66.0;71.25;34472
2016-11-16;62.75;64.0;62.75;64.0;15026
2016-11-15;61.5;62.0;61.25;62.0;8989
2016-11-14;61.5;61.75;61.0;61.5;39894
2016-11-11;61.0;62.0;60.5;60.75;17157
2016-11-10;62.5;62.5;61.25;61.75;4462
2016-11-09;60.0;62.5;58.25;62.5;14433
2016-11-08;62.0;64.0;61.5;63.25;12213
2016-11-07;60.25;62.0;60.25;62.0;12364
2016-11-04;60.0;60.5;60.5;60.5;19559
2016-11-03;61.75;61.75;59.75;60.0;57782
2016-11-02;59.0;62.0;58.0;61.75;21975
2016-11-01;59.0;60.0;59.0;59.5;51758
2016-10-31;60.75;60.75;58.5;59.0;3606
2016-10-28;61.0;61.25;58.5;59.0;6550
2016-10-27;58.0;61.5;57.5;61.25;21983
2016-10-26;58.0;58.5;57.25;58.0;4726
2016-10-25;58.0;58.75;57.75;58.0;31292
2016-10-24;57.25;58.0;56.0;56.0;8254
2016-10-21;56.75;57.0;56.0;57.0;4604
2016-10-20;57.0;57.0;56.0;56.75;1774
2016-10-19;57.5;57.5;55.5;57.0;7831
2016-10-18;57.75;58.0;57.75;58.0;1414
2016-10-17;55.25;57.75;55.25;57.75;1346
2016-10-14;57.25;57.25;56.75;57.0;793
2016-10-13;57.5;58.0;56.5;57.25;2251
2016-10-12;57.0;58.0;57.0;58.0;9434
2016-10-11;58.0;58.0;57.5;58.0;3615
2016-10-10;58.0;58.5;57.75;57.75;2741
2016-10-07;57.75;58.0;57.0;58.0;10979
2016-10-06;58.0;58.0;57.5;57.75;4172
2016-10-05;58.25;58.25;57.5;58.0;4311
2016-10-04;58.25;58.25;57.25;58.0;5535
2016-10-03;58.0;58.5;58.0;58.0;5002
2016-09-30;57.25;58.0;57.25;58.0;3880
2016-09-29;58.5;58.5;57.75;58.0;2623
2016-09-28;58.5;58.5;57.5;58.0;5900
2016-09-27;58.5;58.5;58.25;58.5;1706
2016-09-26;58.25;58.5;58.0;58.5;3334
2016-09-23;58.5;58.5;57.5;58.5;4910
2016-09-22;58.0;59.0;57.75;58.25;5362
2016-09-21;58.0;58.5;57.0;57.5;4111
2016-09-20;58.5;58.5;57.75;58.0;3353
2016-09-19;59.25;59.25;57.75;58.5;8459
2016-09-16;58.5;59.0;58.25;58.5;3688
2016-09-15;59.0;59.25;58.25;58.5;5335
2016-09-14;59.25;59.25;58.25;59.0;1175
2016-09-13;57.5;59.5;57.5;59.25;7024
2016-09-12;56.75;57.5;55.5;57.5;5760
2016-09-09;58.0;59.0;56.5;56.75;7743
2016-09-08;58.5;59.25;58.0;59.25;7979
2016-09-07;59.25;59.25;58.0;58.5;4147
2016-09-06;59.5;59.5;58.25;58.5;4785
2016-09-05;58.0;58.25;57.25;57.75;3678
2016-09-02;59.0;59.0;56.25;57.75;11224
2016-09-01;59.25;59.5;57.75;58.0;4540
2016-08-31;59.5;59.5;56.5;59.25;12350
2016-08-30;59.0;60.0;58.5;59.5;6794
2016-08-29;58.5;58.5;57.0;58.5;7696
2016-08-26;58.5;58.5;57.0;58.5;4097
2016-08-25;57.75;59.0;57.75;58.5;5617
2016-08-24;57.0;59.75;54.75;56.75;8913
2016-08-23;56.25;56.25;55.0;55.5;1460
2016-08-22;56.0;57.0;55.0;55.25;1596
2016-08-19;54.0;55.0;54.0;55.0;4319
2016-08-18;53.5;54.0;52.5;54.0;2173
2016-08-17;54.25;54.25;53.25;53.5;1740
2016-08-16;54.0;54.0;53.5;54.0;5751
2016-08-15;53.5;54.0;53.25;54.0;2836
2016-08-12;53.0;53.5;52.75;53.25;1820
2016-08-11;52.25;53.5;52.25;53.0;4466
2016-08-10;53.0;53.0;52.25;52.25;7676
2016-08-09;53.5;53.5;53.0;53.0;3976
2016-08-08;54.0;54.0;52.75;53.5;12167
2016-08-05;54.0;54.0;52.75;54.0;6209
2016-08-04;53.5;54.0;52.75;54.0;12669
2016-08-03;53.5;53.75;53.25;53.5;2916
2016-08-02;54.0;54.0;53.25;53.5;4023
2016-08-01;54.0;54.0;53.75;54.0;10693
2016-07-29;54.0;54.0;52.5;53.75;9181
2016-07-28;53.75;53.75;52.75;53.75;10973
2016-07-27;53.5;54.0;53.5;54.0;8801
2016-07-26;54.5;55.0;53.0;53.5;7146
2016-07-25;55.5;55.5;52.75;54.5;11100
2016-07-22;55.0;55.75;54.5;54.75;13342
2016-07-21;60.25;61.75;51.0;54.5;81043
2016-07-20;58.75;60.25;58.75;60.0;16082
2016-07-19;59.5;59.5;59.0;59.0;3277
2016-07-18;59.75;59.75;58.5;59.5;6814
2016-07-15;59.0;59.75;58.0;59.75;7818
2016-07-14;59.0;59.0;57.0;58.75;2957
2016-07-13;58.75;58.75;56.0;57.0;18546
2016-07-12;57.5;57.5;55.25;56.25;7028
2016-07-11;55.5;57.5;54.5;55.25;9049
2016-07-08;55.5;56.5;54.75;54.75;7004
2016-07-07;55.0;57.5;55.0;55.5;2785
2016-07-06;59.0;59.0;55.0;55.0;6513
2016-07-05;59.0;59.25;57.5;57.5;5073
2016-07-04;58.0;59.0;58.0;59.0;5692
2016-07-01;57.25;59.5;57.25;57.5;6965
2016-06-30;56.5;57.0;55.75;56.25;3180
2016-06-29;55.0;56.25;54.25;55.0;7307
2016-06-28;52.0;54.25;52.0;54.25;5157
2016-06-27;52.0;54.5;49.1;52.0;19680
2016-06-24;;54.75;54.75;54.75;0
2016-06-23;54.0;55.0;53.5;54.75;8159
2016-06-22;53.0;53.75;52.75;53.5;4343
2016-06-21;52.75;52.75;51.5;52.75;1896
2016-06-20;53.0;53.0;51.25;52.75;7498
2016-06-17;53.25;53.75;52.5;53.0;3662
2016-06-16;53.5;53.5;52.0;52.5;3811
2016-06-15;52.25;54.0;52.25;53.5;4061
2016-06-14;52.5;52.5;51.25;52.0;5511
2016-06-13;54.0;54.0;50.0;52.5;6352
2016-06-10;54.0;54.75;52.5;54.25;15452
2016-06-09;54.0;54.0;53.0;54.0;8056
2016-06-08;53.5;54.0;52.75;54.0;22994
2016-06-07;51.25;53.0;51.0;52.75;41376
2016-06-06;;50.0;50.0;50.0;0
2016-06-03;50.5;51.0;49.9;50.0;4800
2016-06-02;50.25;50.5;50.25;50.5;752
2016-06-01;51.25;51.5;50.0;50.0;5635
2016-05-31;50.0;52.5;50.0;51.25;13648
2016-05-30;49.9;50.25;49.4;49.9;2404
2016-05-27;50.5;50.75;50.0;50.25;1546
2016-05-26;50.0;50.5;49.5;50.5;52405
2016-05-25;51.0;51.0;50.0;50.5;3387
2016-05-24;50.5;50.5;49.5;50.5;2665
2016-05-23;51.0;51.0;49.5;49.8;5966
2016-05-20;49.3;51.0;48.9;51.0;8514
2016-05-19;48.7;49.4;48.2;49.3;1566
2016-05-18;49.0;49.0;48.2;48.7;4838
2016-05-17;48.6;49.5;48.1;49.0;1429
2016-05-16;50.0;50.0;48.8;48.8;9185
2016-05-13;49.1;50.0;49.1;50.0;12102
2016-05-12;50.25;50.25;49.2;50.0;4103
2016-05-11;49.5;50.5;49.3;50.5;4357
2016-05-10;50.5;50.5;49.8;50.25;16320
2016-05-09;49.5;50.75;49.5;50.5;40901
2016-05-06;49.0;51.5;49.0;49.8;10925
2016-05-05;48.5;48.8;47.2;48.5;1976
2016-05-04;48.5;48.8;47.2;48.5;1976
2016-05-03;49.0;49.2;48.0;48.5;9052
2016-05-02;51.75;51.75;48.0;49.5;29852
2016-04-29;51.0;51.0;48.0;51.0;50016
2016-04-28;51.0;51.75;50.0;51.0;5578
2016-04-27;52.0;52.0;51.0;51.0;7438
2016-04-26;50.75;51.75;49.3;51.75;8555
2016-04-25;52.5;54.75;50.25;50.75;38039
2016-04-22;47.0;55.0;47.0;52.5;97371
2016-04-21;44.2;45.4;44.2;45.0;4276
2016-04-20;44.9;45.1;44.1;45.1;5185
2016-04-19;44.5;44.9;44.1;44.9;1857
2016-04-18;44.7;44.7;44.0;44.5;705
2016-04-15;44.7;44.7;43.5;44.5;3478
2016-04-14;44.0;44.9;43.7;44.7;764
2016-04-13;44.4;44.5;44.2;44.5;1407
2016-04-12;44.3;44.5;44.0;44.4;1097
2016-04-11;44.3;44.3;43.5;44.3;5580
2016-04-08;44.0;44.2;43.5;44.2;1950
2016-04-07;44.9;44.9;43.9;44.0;1273
2016-04-06;44.0;44.3;44.0;44.1;116
2016-04-05;43.6;44.1;43.1;44.1;750
2016-04-04;44.0;44.1;42.5;44.0;8316
2016-04-01;44.3;44.3;44.2;44.3;1335
2016-03-31;43.8;44.3;43.2;44.3;4676
2016-03-30;43.0;44.2;43.0;43.8;17800
2016-03-29;42.7;43.0;42.2;42.5;2475
2016-03-28;43.0;43.0;42.5;42.5;411
2016-03-25;43.0;43.0;41.8;42.5;411
2016-03-24;43.0;43.0;41.8;42.5;411
2016-03-23;42.0;42.5;42.0;42.5;2029
2016-03-22;41.9;43.1;41.5;42.8;22606
2016-03-21;40.4;41.5;40.4;41.5;1751
2016-03-18;41.5;41.5;41.0;41.5;5073
2016-03-17;42.1;43.0;41.5;41.5;15646
2016-03-16;42.0;42.0;40.9;41.8;3503
2016-03-15;41.0;42.0;41.0;41.8;10564
2016-03-14;41.5;41.5;41.0;41.5;4949
2016-03-11;40.6;41.5;40.6;41.5;654
2016-03-10;40.6;41.5;40.6;41.5;6752
2016-03-09;41.0;41.6;41.0;41.5;11652
2016-03-08;40.9;41.0;40.6;41.0;10429
2016-03-07;42.0;42.0;40.5;40.9;3974
2016-03-04;41.0;41.5;41.0;41.5;1787
2016-03-03;41.6;41.6;40.5;41.3;49392
2016-03-02;41.2;42.0;40.9;41.4;3048
2016-03-01;42.0;42.4;40.9;41.2;6962
2016-02-29;42.3;42.3;41.7;41.9;1662
2016-02-26;42.5;42.5;41.5;42.3;76515
2016-02-25;42.5;42.5;41.0;42.1;1177
2016-02-24;42.7;42.7;41.6;41.9;2865
2016-02-23;42.8;42.8;41.5;42.5;1971
2016-02-22;42.8;42.8;41.1;42.5;12074
2016-02-19;43.0;43.7;41.8;43.0;11288
2016-02-18;40.6;45.8;39.9;43.8;54742
2016-02-17;41.0;41.5;38.9;41.0;7136
2016-02-16;41.6;41.6;41.2;41.4;1364
2016-02-15;40.1;42.9;40.1;41.0;951
2016-02-12;40.0;40.1;39.3;40.1;1050
2016-02-11;42.5;42.5;40.5;41.0;4894
2016-02-10;40.5;41.3;40.5;40.9;6644
2016-02-09;39.5;40.8;38.2;40.1;16977
2016-02-08;41.8;41.8;39.5;40.5;4417
2016-02-05;40.2;41.5;40.2;40.8;10227
2016-02-04;40.3;40.5;40.1;40.1;1953
2016-02-03;40.3;40.3;40.1;40.2;6521
2016-02-02;41.9;41.9;40.1;41.0;2050
2016-02-01;42.0;42.0;41.0;41.9;97
2016-01-29;40.4;41.4;40.4;41.0;1663
2016-01-28;41.0;42.8;40.3;41.0;4664
2016-01-27;42.5;42.5;40.6;41.0;2038
2016-01-26;42.5;42.5;41.4;42.5;596
2016-01-25;43.4;43.8;42.8;43.2;1828
2016-01-22;42.2;42.6;42.2;42.6;201
2016-01-21;40.6;41.1;40.6;41.1;101
2016-01-20;41.1;41.1;40.6;41.1;403
2016-01-19;42.9;42.9;41.5;42.7;1500
2016-01-18;40.8;42.8;40.5;40.7;5073
2016-01-15;42.9;42.9;41.0;41.0;2962
2016-01-14;42.8;43.1;40.8;42.0;6490
2016-01-13;44.6;44.6;43.2;44.0;1046
2016-01-12;42.5;44.0;42.5;43.8;1429
2016-01-11;44.0;44.0;41.9;42.6;3110
2016-01-08;42.7;44.4;42.0;43.6;13909
2016-01-07;45.0;45.0;43.0;43.5;7815
2016-01-06;;45.2;45.2;45.2;0
2016-01-05;47.2;47.2;45.2;45.2;8010
2016-01-04;47.3;47.3;43.5;46.0;7586
2016-01-01;;47.1;47.1;47.1;0
2015-12-31;;47.1;47.1;47.1;0
2015-12-30;47.9;47.9;47.0;47.1;6240
2015-12-29;48.1;48.4;47.5;47.5;3831
2015-12-28;48.4;48.4;47.0;47.6;7429
2015-12-25;46.0;48.8;46.0;46.6;2892
2015-12-24;46.0;48.8;46.0;46.6;2892
2015-12-23;46.0;48.8;46.0;46.6;2892
2015-12-22;45.5;49.4;45.0;45.0;12023
2015-12-21;45.0;45.0;44.0;44.2;12494
2015-12-18;45.5;45.5;45.0;45.0;5024
2015-12-17;43.4;46.4;43.2;45.7;15486
2015-12-16;44.4;44.4;43.1;43.8;4168
2015-12-15;40.1;43.7;40.0;43.6;7317
2015-12-14;43.8;44.3;42.9;43.6;2156
2015-12-11;43.0;43.9;42.7;43.3;3339
2015-12-10;44.0;44.0;43.0;43.9;811
2015-12-09;44.1;44.6;42.6;43.8;4524
2015-12-08;45.0;45.9;43.5;44.1;11241
2015-12-07;44.9;45.2;43.7;44.1;12881
2015-12-04;43.9;44.5;43.0;44.5;11542
2015-12-03;41.3;45.1;41.3;44.1;44328
2015-12-02;40.0;41.0;39.0;41.0;10557
2015-12-01;39.6;40.5;39.6;40.0;2622
2015-11-30;40.0;40.1;39.5;39.6;9480
2015-11-27;39.9;40.0;39.1;40.0;7597
2015-11-26;38.7;39.8;38.7;39.8;2014
2015-11-25;40.0;40.0;39.0;39.0;19865
2015-11-24;40.0;40.5;40.0;40.0;3408
2015-11-23;40.0;40.0;39.1;40.0;1864
2015-11-20;40.0;40.9;39.5;40.0;24435
2015-11-19;40.9;40.9;39.4;40.0;11562
2015-11-18;40.0;40.5;39.0;40.4;14961
2015-11-17;39.6;40.0;39.2;40.0;566
2015-11-16;40.0;40.0;38.5;40.0;1154
2015-11-13;40.7;40.7;39.1;39.9;1282
2015-11-12;39.5;40.0;39.4;40.0;2271
2015-11-11;40.0;40.5;39.0;40.0;688
2015-11-10;40.7;40.7;39.4;40.0;6102
2015-11-09;41.3;41.3;40.0;40.0;2935
2015-11-06;41.0;41.0;39.1;40.0;11531
2015-11-05;40.0;40.0;39.6;39.6;1742
2015-11-04;40.3;40.3;39.5;40.0;4654
2015-11-03;40.5;40.5;40.1;40.3;3410
2015-11-02;40.5;40.5;40.3;40.5;23291
2015-10-30;40.3;40.5;40.3;40.5;6810
2015-10-29;40.7;41.0;39.5;40.4;5626
2015-10-28;42.0;44.5;40.5;41.1;12411
2015-10-27;41.3;45.3;37.0;41.1;16740
2015-10-26;41.0;41.0;40.2;40.9;10548
2015-10-23;39.9;40.5;39.4;40.4;2219
2015-10-22;39.6;40.4;39.6;40.4;870
2015-10-21;40.0;40.0;39.9;39.9;968
2015-10-20;39.9;40.0;39.5;40.0;2392
2015-10-19;38.8;40.0;38.8;40.0;162
2015-10-16;40.0;40.0;39.0;39.2;9415
2015-10-15;39.9;40.0;39.5;40.0;967
2015-10-14;40.0;40.0;38.8;39.9;858
2015-10-13;40.0;40.0;38.7;39.9;2744
2015-10-12;42.0;42.0;39.3;40.2;10537
2015-10-09;41.0;41.4;40.8;41.4;4637
2015-10-08;41.5;41.5;40.0;40.8;9838
2015-10-07;42.9;42.9;39.9;41.5;10271
2015-10-06;43.5;43.5;41.2;42.3;14793
2015-10-05;40.0;44.0;39.8;43.5;22262
2015-10-02;;40.0;40.0;40.0;0
2015-10-01;41.0;41.0;39.8;40.0;6444
2015-09-30;39.9;41.0;39.9;41.0;888
2015-09-29;39.0;40.5;39.0;39.9;3878
2015-09-28;39.8;41.0;38.1;41.0;601
2015-09-25;39.0;39.9;39.0;39.9;2478
2015-09-24;40.1;40.9;39.4;39.9;2404
2015-09-23;40.4;40.4;40.4;40.4;4
2015-09-22;41.0;41.0;40.1;40.9;305
2015-09-21;40.0;41.0;40.0;41.0;2171
2015-09-18;40.0;41.0;40.0;41.0;2025
2015-09-17;41.0;41.0;41.0;41.0;20
2015-09-16;41.0;41.0;41.0;41.0;20
2015-09-15;41.0;41.1;41.0;41.1;163
2015-09-14;41.0;41.1;38.5;40.9;4085
2015-09-11;41.1;41.2;40.8;41.2;234
2015-09-10;37.7;41.6;37.7;41.0;1573
2015-09-09;41.4;41.4;39.9;41.0;4234
2015-09-08;41.5;41.5;39.2;40.9;4380
2015-09-07;40.4;41.9;40.4;41.0;245
2015-09-04;40.4;40.5;40.3;40.5;967
2015-09-03;40.1;41.6;40.1;40.8;448
2015-09-02;40.4;40.4;39.8;40.3;924
2015-09-01;40.0;40.4;38.8;40.4;847
2015-08-31;42.0;42.0;40.1;40.8;889
2015-08-28;41.0;41.0;40.2;41.0;164
2015-08-27;38.5;41.0;38.5;41.0;1614
2015-08-26;41.0;41.0;37.6;40.9;3453
2015-08-25;38.0;41.0;38.0;41.0;3668
2015-08-24;41.4;41.4;36.7;40.9;6941
2015-08-21;41.0;41.5;39.9;41.5;2405
2015-08-20;41.4;41.4;40.0;41.2;1169
2015-08-19;41.9;41.9;40.1;41.3;3129
2015-08-18;41.2;41.9;40.8;41.9;4114
2015-08-17;41.3;41.3;40.0;41.0;4557
2015-08-14;40.5;41.4;39.6;41.4;3869
2015-08-13;40.9;40.9;40.9;40.9;2
2015-08-12;41.0;41.0;40.0;40.9;2017
2015-08-11;41.4;41.4;40.0;40.9;2113
2015-08-10;40.3;41.3;40.3;41.3;438
2015-08-07;41.4;41.4;39.9;41.3;352
2015-08-06;41.4;41.4;41.4;41.4;152
2015-08-05;40.4;41.4;40.4;41.4;303
2015-08-04;40.5;41.4;40.4;41.4;40
2015-08-03;41.7;41.7;41.4;41.4;77
2015-07-31;41.9;41.9;41.2;41.9;1000
2015-07-30;41.9;42.0;41.2;41.2;61
2015-07-29;41.9;41.9;41.9;41.9;4
2015-07-28;42.0;42.0;41.1;42.0;2080
2015-07-27;42.5;43.2;41.0;42.1;4255
2015-07-24;41.5;45.3;39.8;43.8;19891
2015-07-23;40.7;41.0;39.4;40.5;9207
2015-07-22;40.9;40.9;39.6;40.5;2275
2015-07-21;39.1;40.0;39.1;39.6;4888
2015-07-20;37.9;38.6;37.5;38.6;2619
2015-07-17;39.3;39.4;38.6;38.6;815
2015-07-16;37.9;38.9;37.9;38.6;1147
2015-07-15;38.9;39.0;38.9;39.0;6
2015-07-14;37.0;39.0;37.0;39.0;386
2015-07-13;39.3;39.3;36.0;39.2;1576
2015-07-10;38.5;39.4;37.7;39.3;349
2015-07-09;37.8;38.6;37.8;38.6;399
2015-07-08;38.6;38.6;38.6;38.6;185
2015-07-07;38.0;38.8;37.8;38.8;1265
2015-07-06;36.5;39.1;36.4;39.0;12641
2015-07-03;37.0;37.9;36.7;37.5;871
2015-07-02;37.2;38.0;37.0;37.0;1037
2015-07-01;36.3;38.0;36.3;38.0;176
2015-06-30;36.5;37.4;35.9;37.4;4128
2015-06-29;38.0;38.0;35.1;38.0;5290
2015-06-26;38.1;38.9;38.1;38.6;466
2015-06-25;39.0;39.0;38.2;39.0;290
2015-06-24;39.4;39.4;38.1;38.9;2455
2015-06-23;39.0;39.5;37.5;39.5;9529
2015-06-22;39.5;40.3;39.5;40.2;303
2015-06-19;;40.2;40.2;40.2;0
2015-06-18;40.0;40.7;38.5;40.2;1836
2015-06-17;41.0;41.0;38.6;40.0;1213
2015-06-16;40.0;40.0;38.2;39.8;887
2015-06-15;40.9;41.0;39.0;40.3;1522
2015-06-12;41.9;42.0;39.8;41.0;616
2015-06-11;40.8;41.6;40.5;40.5;3869
2015-06-10;39.7;40.8;39.7;40.8;1546
2015-06-09;40.1;41.3;39.5;40.9;6272
2015-06-08;41.4;41.4;40.9;41.4;408
2015-06-05;42.0;42.0;40.5;41.5;507
2015-06-04;41.7;43.0;40.2;41.8;3951
2015-06-03;43.7;43.7;42.1;43.2;290
2015-06-02;43.2;43.8;43.2;43.5;2392
2015-06-01;43.0;44.0;41.7;43.5;2291
2015-05-29;44.5;44.5;43.2;44.0;4793
2015-05-28;43.8;44.0;43.5;44.0;968
2015-05-27;43.0;43.5;42.8;43.0;6560
2015-05-26;42.2;42.9;42.2;42.8;704
2015-05-25;43.0;43.3;42.2;42.4;3642
2015-05-22;42.6;42.6;41.8;42.6;6643
2015-05-21;42.5;42.6;42.3;42.6;17882
2015-05-20;41.9;42.4;41.8;42.4;1545
2015-05-19;41.2;42.0;40.4;42.0;18666
2015-05-18;41.6;42.0;40.0;41.9;27378
2015-05-15;40.0;41.5;40.0;41.0;10983
2015-05-14;41.5;41.5;40.0;40.2;4387
2015-05-13;41.5;41.5;40.0;40.2;4387
2015-05-12;41.5;42.1;40.0;41.8;29196
2015-05-11;38.5;42.0;38.5;41.0;35833
2015-05-08;36.1;37.9;35.9;37.9;11452
2015-05-07;37.5;37.5;34.7;35.4;2096
2015-05-06;35.0;35.8;34.6;35.7;188541
2015-05-05;35.8;36.4;33.6;34.7;24855
2015-05-04;37.9;37.9;35.0;35.9;18863
2015-05-01;37.0;38.4;35.9;38.4;11690
2015-04-30;37.0;38.4;35.9;38.4;11690
2015-04-29;38.0;38.0;36.3;37.0;2339
2015-04-28;38.0;38.0;37.1;37.5;6463
2015-04-27;37.4;38.4;37.3;38.0;1031
2015-04-24;39.3;39.9;37.1;38.7;2143
2015-04-23;39.7;39.7;38.3;38.9;723
2015-04-22;39.0;39.5;38.2;39.0;1436
2015-04-21;39.0;39.0;38.9;38.9;2150
2015-04-20;37.2;39.1;37.2;39.0;5692
2015-04-17;37.2;38.0;37.2;37.9;838
2015-04-16;37.2;39.0;37.2;37.9;5677
2015-04-15;39.2;39.2;37.1;37.2;3840
2015-04-14;39.6;39.6;38.9;39.0;540
2015-04-13;39.0;39.0;38.3;38.9;760
2015-04-10;37.2;39.2;37.2;39.1;1890
2015-04-09;39.0;39.0;38.1;38.2;20807
2015-04-08;39.3;39.3;39.0;39.0;919
2015-04-07;40.4;40.4;38.7;39.6;1749
2015-04-02;40.4;40.4;39.6;40.4;3154
2015-04-01;39.3;42.3;38.8;40.4;6200
2015-03-31;38.6;39.2;37.9;39.2;1732
2015-03-30;38.3;39.9;38.2;38.6;3991
2015-03-27;39.1;39.4;38.1;38.4;1021
2015-03-26;39.3;39.4;38.0;39.1;2098
2015-03-25;39.5;39.5;37.1;39.3;4596
2015-03-24;39.9;39.9;39.5;39.5;824
2015-03-23;40.0;40.0;39.0;39.5;1008
2015-03-20;40.0;40.0;38.6;39.9;2438
2015-03-19;38.0;39.5;37.3;39.4;3832
2015-03-18;39.1;39.1;38.0;39.1;1984
2015-03-17;39.3;39.4;39.0;39.4;3808
2015-03-16;40.0;40.0;38.4;39.5;9431
2015-03-13;41.0;41.0;38.0;39.5;2344
2015-03-12;40.5;40.5;39.2;40.0;707
2015-03-11;40.0;40.5;39.7;40.4;3283
2015-03-10;40.2;40.5;39.7;40.5;50870
2015-03-09;39.7;40.4;39.0;40.2;7254
2015-03-06;40.5;40.5;39.7;40.0;2386
2015-03-05;40.3;41.0;39.8;40.4;3455
2015-03-04;40.0;40.0;39.6;39.7;1970
2015-03-03;41.0;41.0;40.0;40.3;4238
2015-03-02;42.0;42.4;40.3;40.6;17919
2015-02-27;40.0;40.0;39.5;40.0;10030
2015-02-26;39.9;39.9;39.2;39.9;10771
2015-02-25;39.9;39.9;39.1;39.9;2514
2015-02-24;40.9;42.0;38.1;39.9;5306
2015-02-23;40.7;40.9;37.0;40.9;4451
2015-02-20;41.0;41.0;39.6;40.5;3020
2015-02-19;42.4;42.6;38.1;40.8;39113
2015-02-18;42.5;42.9;41.7;42.5;2625
2015-02-17;42.0;42.5;41.1;42.5;617
2015-02-16;41.3;42.5;40.7;42.0;16294
2015-02-13;43.5;43.5;41.3;42.7;5297
2015-02-12;43.0;43.5;42.8;43.0;6501
2015-02-11;42.5;43.5;42.5;43.0;859
2015-02-10;43.5;43.5;43.0;43.5;3637
2015-02-09;43.0;43.5;42.9;43.0;5839
2015-02-06;43.0;43.0;42.3;42.9;5232
2015-02-05;42.5;43.0;42.5;42.9;1079
2015-02-04;42.9;42.9;42.9;42.9;300
2015-02-03;42.1;42.9;41.3;42.9;1837
2015-02-02;43.0;43.0;42.5;43.0;746
2015-01-30;43.0;43.0;42.5;43.0;114
2015-01-29;43.0;43.0;42.8;43.0;848
2015-01-28;43.0;43.0;42.5;43.0;2317
2015-01-27;42.7;42.7;42.5;42.6;1404
2015-01-26;40.1;42.7;40.1;42.7;3734
2015-01-23;41.0;42.0;40.5;41.8;4532
2015-01-22;42.3;42.3;40.9;41.4;10982
2015-01-21;41.7;42.0;41.5;41.6;5795
2015-01-20;41.9;42.1;41.5;41.7;8403
2015-01-19;42.2;42.2;41.1;41.2;2549
2015-01-16;41.4;42.2;41.1;42.2;3265
2015-01-15;40.7;42.3;40.5;41.4;1845
2015-01-14;41.9;41.9;40.1;41.5;6433
2015-01-13;44.3;45.0;41.1;42.6;25456
2015-01-12;46.9;46.9;44.5;45.0;13191
2015-01-09;46.2;46.9;45.4;46.5;2391
2015-01-08;46.0;46.7;45.8;46.6;21189
2015-01-07;46.9;46.9;45.7;46.4;2056
2015-01-06;;47.1;47.1;47.1;0
2015-01-05;48.6;48.6;47.0;47.1;1197
2015-01-02;48.0;48.0;48.0;48.0;439
2015-01-01;47.3;48.0;46.2;48.0;5373
2014-12-30;47.3;48.0;46.2;48.0;5373
2014-12-29;47.4;47.8;46.2;47.8;4267
2014-12-23;48.2;48.2;48.2;48.2;4
2014-12-22;47.2;48.0;47.1;47.6;2469
2014-12-19;47.9;48.0;46.9;47.6;7440
2014-12-18;47.5;47.8;47.0;47.5;2540
2014-12-17;47.2;47.9;46.5;47.9;5228
2014-12-16;47.9;47.9;47.2;47.9;357
2014-12-15;48.2;48.2;47.3;48.0;848
2014-12-12;47.5;47.5;47.0;47.1;372
2014-12-11;47.4;48.4;47.4;47.5;250
2014-12-10;48.3;48.3;48.1;48.1;324
2014-12-09;47.1;48.5;47.1;48.1;1496
2014-12-08;48.4;48.8;47.8;48.8;1334
2014-12-05;47.9;48.9;47.0;48.8;22165
2014-12-04;48.8;48.8;47.0;48.3;5895
2014-12-03;49.9;49.9;47.1;48.0;7889
2014-12-02;47.0;48.6;47.0;48.6;429
2014-12-01;48.8;49.6;47.3;48.5;5884
2014-11-28;49.8;49.8;47.7;47.9;12826
2014-11-27;49.0;49.0;47.8;48.4;2138
2014-11-26;48.9;48.9;47.6;48.0;5520
2014-11-25;49.4;49.7;48.5;49.0;979
2014-11-24;49.0;49.0;48.1;49.0;2270
2014-11-21;47.5;49.1;47.5;49.0;1697
2014-11-20;49.4;49.4;47.8;48.2;2811
2014-11-19;49.5;49.5;48.2;49.3;2489
2014-11-18;48.1;49.8;48.1;49.8;1284
2014-11-17;49.7;49.7;48.0;48.9;6268
2014-11-14;49.0;49.8;48.0;49.0;4525
2014-11-13;49.0;49.0;47.1;49.0;4147
2014-11-12;49.4;49.4;48.8;48.9;514
2014-11-11;48.8;48.8;48.3;48.5;611
2014-11-10;48.9;49.7;48.5;48.9;4678
2014-11-07;48.8;48.8;48.8;48.8;4
2014-11-06;47.8;48.5;47.6;47.6;2870
2014-11-05;48.2;48.2;47.4;48.2;6647
2014-11-04;47.0;49.9;47.0;48.3;12084
2014-11-03;46.9;46.9;46.9;46.9;227
2014-10-31;46.1;46.9;44.1;46.9;2365
2014-10-30;45.9;46.0;44.0;46.0;946
2014-10-29;45.0;46.0;44.9;45.9;4280
2014-10-28;44.5;45.0;43.8;45.0;1283
2014-10-24;44.7;44.7;43.5;43.9;2401
2014-10-23;45.0;45.0;44.0;44.7;215
2014-10-22;44.3;44.7;43.2;44.6;6432
2014-10-21;44.2;44.9;43.5;44.5;906
2014-10-20;43.5;44.2;43.5;44.2;204
2014-10-17;43.7;44.2;43.0;44.2;1102
2014-10-16;40.6;44.5;40.6;43.5;8957
2014-10-15;43.9;43.9;42.8;43.5;10153
2014-10-14;42.4;43.9;42.4;43.9;10840
2014-10-13;43.4;44.0;41.8;43.7;2899
2014-10-10;44.0;44.4;40.8;44.3;8089
2014-10-09;45.9;45.9;43.7;45.0;3942
2014-10-08;45.0;45.9;43.8;45.9;6694
2014-10-07;46.8;46.8;45.0;45.6;4729
2014-10-06;46.3;47.5;46.3;46.9;876
2014-10-03;47.2;47.9;47.2;47.9;885
2014-10-02;46.4;47.3;44.5;47.2;4376
2014-10-01;48.0;48.0;47.0;47.9;305
2014-09-30;47.9;48.0;47.0;47.9;6801
2014-09-29;47.0;47.8;46.6;47.5;20422
2014-09-26;47.9;47.9;46.6;47.0;4217
2014-09-25;48.0;48.0;47.0;47.9;1965
2014-09-24;48.0;48.0;46.5;47.3;4253
2014-09-23;48.1;48.1;47.0;47.0;9237
2014-09-22;47.6;47.6;46.4;47.0;4138
2014-09-19;47.9;48.1;47.0;48.0;4543
2014-09-18;46.1;47.9;46.1;47.0;4431
2014-09-17;48.4;48.4;46.3;47.0;4402
2014-09-16;48.0;48.0;47.5;48.0;3958
2014-09-15;47.5;48.0;47.0;48.0;2440
2014-09-12;45.6;47.5;44.4;47.5;4928
2014-09-11;47.5;47.5;46.1;47.0;437
2014-09-10;47.0;47.7;46.1;47.2;1641
2014-09-09;48.0;48.0;46.0;47.0;4456
2014-09-08;48.0;48.0;47.5;48.0;2757
2014-09-05;48.9;48.9;47.2;48.1;4190
2014-09-04;46.2;48.3;46.2;48.0;6593
2014-09-03;48.7;48.8;46.9;47.9;25561
2014-09-02;48.0;48.9;47.5;48.9;3834
2014-09-01;50.0;50.0;47.2;48.7;4291
2014-08-29;50.75;50.75;49.3;49.9;429
2014-08-28;50.5;51.0;50.25;50.5;1360
2014-08-27;49.5;50.5;49.5;50.5;1584
2014-08-26;52.0;52.0;50.5;51.0;2183
2014-08-25;52.0;52.0;50.5;51.5;4018
2014-08-22;51.5;52.0;50.0;50.75;1595
2014-08-21;52.25;52.25;51.5;51.5;4543
2014-08-20;52.0;52.25;51.25;51.25;8525
2014-08-19;52.0;53.5;51.5;52.5;3929
2014-08-18;51.5;52.5;51.5;52.25;6302
2014-08-15;50.0;51.75;50.0;51.5;646
2014-08-14;52.0;52.0;50.25;51.75;2968
2014-08-13;51.75;51.75;51.5;51.5;1312
2014-08-12;52.5;52.5;50.5;51.75;1499
2014-08-11;51.75;52.0;51.25;52.0;398
2014-08-08;53.0;53.0;48.6;52.0;3951
2014-08-07;54.5;54.5;52.0;53.5;3481
2014-08-06;53.0;53.5;51.5;53.5;1642
2014-08-05;53.0;53.0;52.25;53.0;578
2014-08-04;53.5;53.5;52.25;53.5;1275
2014-08-01;53.0;53.5;53.0;53.5;304
2014-07-31;53.0;53.75;52.0;53.75;1981
2014-07-30;52.0;53.0;51.0;53.0;1962
2014-07-29;52.0;53.0;51.5;52.5;2668
2014-07-28;53.0;53.5;53.0;53.0;1412
2014-07-25;53.75;53.75;52.0;52.0;5261
2014-07-24;54.5;54.5;53.0;53.75;4029
2014-07-23;55.0;55.0;53.0;54.5;1077
2014-07-22;52.25;54.0;52.25;54.0;1400
2014-07-21;53.75;53.75;52.25;52.25;1504
2014-07-18;53.0;53.0;52.0;52.0;70
2014-07-17;53.5;54.5;53.0;53.0;2330
2014-07-16;54.5;54.5;54.0;54.5;1356
2014-07-15;54.0;54.0;53.5;53.5;505
2014-07-14;53.5;54.0;52.5;54.0;1832
2014-07-11;53.25;54.5;52.75;52.75;2106
2014-07-10;54.0;54.0;53.25;53.25;44
2014-07-09;;53.25;53.25;53.25;0
2014-07-08;53.25;53.5;53.0;53.25;4303
2014-07-07;54.0;55.0;54.0;55.0;1493
2014-07-04;55.5;55.5;54.0;55.0;704
2014-07-03;53.25;54.75;52.0;54.75;16779
2014-07-02;54.0;54.5;53.5;53.5;25646
2014-07-01;56.75;56.75;54.25;55.0;4285
2014-06-30;56.0;57.0;56.0;57.0;1119
2014-06-27;56.5;57.25;56.5;57.25;190
2014-06-26;54.5;57.0;54.5;56.0;9697
2014-06-25;54.5;54.5;54.5;54.5;1000
2014-06-24;57.0;57.0;55.0;55.0;2695
2014-06-23;54.0;56.75;54.0;55.0;35265
2014-06-20;;55.0;55.0;55.0;0
2014-06-19;54.75;55.75;54.0;55.0;13187
2014-06-18;55.0;55.0;54.5;55.0;14993
2014-06-17;56.0;56.0;54.5;55.5;6374
2014-06-16;57.0;57.0;55.0;56.25;13425
2014-06-13;57.5;57.5;55.0;56.75;14086
2014-06-12;56.75;57.5;56.75;57.5;2760
2014-06-11;58.5;58.5;57.0;57.5;3025
2014-06-10;58.75;58.75;57.0;58.25;5643
2014-06-09;57.25;60.0;57.0;57.0;12193
2014-06-06;;58.0;58.0;58.0;0
2014-06-05;59.0;59.0;58.0;58.0;15357
2014-06-04;57.25;59.0;57.0;58.75;8049
2014-06-03;56.5;57.5;55.5;57.25;16805
2014-06-02;56.0;57.75;56.0;56.0;1393
2014-05-30;54.0;57.25;54.0;56.0;29835
2014-05-28;54.25;55.5;54.25;55.0;3015
2014-05-27;53.75;55.5;53.75;54.75;17198
2014-05-26;53.0;54.5;52.0;54.0;4033
2014-05-23;51.5;55.75;51.5;54.25;23240
2014-05-22;51.5;52.25;51.5;52.25;386
2014-05-21;53.0;53.0;51.25;53.0;11247
2014-05-20;53.0;53.0;51.0;52.5;9957
2014-05-19;53.0;53.5;51.5;52.25;3848
2014-05-16;53.0;53.25;52.25;53.0;777
2014-05-15;53.0;53.0;51.5;53.0;3047
2014-05-14;53.25;53.25;51.0;52.5;7068
2014-05-13;53.5;53.5;51.0;53.5;177584
2014-05-12;54.75;54.75;52.75;53.5;3522
2014-05-09;53.0;55.0;52.0;54.75;829
2014-05-08;55.0;55.0;54.75;55.0;368
2014-05-07;55.0;55.0;54.0;54.0;404
2014-05-06;55.5;55.5;53.0;55.0;3758
2014-05-05;55.0;55.0;54.0;55.0;669
2014-05-02;54.25;55.0;54.0;54.75;796
2014-05-01;;54.0;54.0;54.0;0
2014-04-30;54.0;54.0;54.0;54.0;1084
2014-04-29;53.5;54.0;51.75;54.0;4280
2014-04-28;54.25;54.5;53.5;54.0;3708
2014-04-25;54.25;54.5;53.25;53.5;1796
2014-04-24;54.0;54.0;52.75;53.75;9215
2014-04-23;51.75;55.75;51.5;53.25;9088
2014-04-22;51.75;51.75;51.25;51.75;11578
2014-04-17;47.0;51.75;47.0;51.75;307
2014-04-16;51.25;51.5;49.0;51.5;4475
2014-04-15;51.75;51.75;50.5;51.5;2834
2014-04-14;51.5;51.75;48.0;51.0;5026
2014-04-11;51.0;51.75;50.75;51.75;3620
2014-04-10;51.5;51.75;51.5;51.75;2048
2014-04-09;51.5;51.75;51.0;51.75;1715
2014-04-08;52.25;52.25;50.0;51.0;3540
2014-04-07;52.75;52.75;50.5;52.0;2585
2014-04-04;52.25;53.0;52.0;52.75;3988
2014-04-03;53.0;53.0;51.75;52.25;14265
2014-04-02;53.0;53.25;51.75;52.25;8463
2014-04-01;53.5;53.75;52.25;53.25;5839
2014-03-31;52.0;54.0;52.0;53.0;7853
2014-03-28;52.25;52.25;51.5;52.0;2880
2014-03-27;53.75;53.75;51.25;52.0;6514
2014-03-26;52.0;53.25;51.0;52.0;73074
2014-03-25;52.0;52.0;51.0;52.0;14805
2014-03-24;52.75;52.75;51.0;52.25;35804
2014-03-21;54.0;54.0;52.0;52.75;48313
2014-03-20;55.0;55.75;52.0;52.5;100773
2014-03-19;55.25;55.5;54.0;55.25;52565
2014-03-18;57.0;57.0;52.5;55.25;173783
2014-03-17;58.0;61.0;58.0;60.0;1154
2014-03-14;58.25;58.25;55.5;58.0;4841
2014-03-13;58.0;59.75;57.75;59.75;1445
2014-03-12;61.0;61.0;60.0;60.0;2211
2014-03-11;64.5;64.5;61.0;61.0;8766
2014-03-10;68.0;69.0;64.0;64.25;6283
2014-03-07;65.0;69.25;65.0;68.0;4154
2014-03-06;70.0;70.0;63.0;63.0;7306
2014-03-05;63.5;72.0;63.5;68.0;9808
2014-03-04;56.5;63.75;56.5;63.75;6183
2014-03-03;59.0;59.0;56.0;57.0;8834
2014-02-28;58.75;60.0;57.75;57.75;2163
2014-02-27;58.75;60.0;57.75;58.75;7394
2014-02-26;59.0;59.0;59.0;59.0;1085
2014-02-25;59.0;60.0;59.0;59.5;5862
2014-02-24;56.0;59.0;55.0;59.0;4949
2014-02-21;54.0;55.75;54.0;55.75;9858
2014-02-20;54.0;54.75;53.25;54.5;4075
2014-02-19;56.0;56.0;53.5;54.25;6888
2014-02-18;57.0;60.0;52.0;56.0;22496
2014-02-17;52.5;56.75;52.5;56.0;12016
2014-02-14;52.0;52.25;51.25;52.0;1423
2014-02-13;50.0;51.75;50.0;51.75;1258
2014-02-12;50.0;50.0;49.5;50.0;2088
2014-02-11;50.5;50.5;50.5;50.5;3244
2014-02-10;47.7;50.5;47.7;50.0;14088
2014-02-07;45.9;49.9;45.9;49.9;644
2014-02-06;46.7;47.0;46.7;47.0;300
2014-02-05;46.6;47.5;46.6;47.5;4322
2014-02-04;48.5;48.5;47.0;47.5;11633
2014-02-03;50.5;50.5;49.0;49.0;10078
2014-01-31;45.4;46.3;45.4;46.0;7107
2014-01-30;45.1;45.5;45.1;45.2;7836
2014-01-29;45.7;45.7;45.0;45.0;4950
2014-01-28;44.2;44.9;44.2;44.9;6777
2014-01-27;43.8;44.0;43.7;44.0;2003
2014-01-24;44.0;44.0;43.5;44.0;6502
2014-01-23;45.0;45.0;44.0;44.1;4305
2014-01-22;45.0;45.1;45.0;45.1;2400
2014-01-21;45.0;45.8;45.0;45.6;7762
2014-01-20;45.9;45.9;45.0;45.0;1460
2014-01-17;45.8;45.8;44.2;45.0;49232
2014-01-16;45.5;45.5;45.0;45.4;11122
2014-01-15;45.3;45.3;44.6;45.0;7350
2014-01-14;45.0;47.8;45.0;45.0;8724
2014-01-13;45.0;46.8;45.0;45.2;70667
2014-01-10;43.2;43.5;43.2;43.2;429
2014-01-09;43.5;43.5;43.0;43.2;2222
2014-01-08;44.0;44.0;43.2;44.0;4600
2014-01-07;43.3;43.5;43.0;43.0;839
2014-01-06;;43.3;43.3;43.3;0
2014-01-03;44.5;44.5;42.1;43.3;7305
2014-01-02;42.8;44.6;42.8;44.3;11707
2013-12-31;;43.5;43.5;43.5;0
2013-12-30;43.7;43.7;43.5;43.5;3582
2013-12-27;42.2;44.2;42.2;44.2;16935
2013-12-23;41.8;42.0;41.8;42.0;8963
2013-12-20;41.7;42.0;41.7;42.0;3745
2013-12-19;40.0;41.7;40.0;41.7;4780
2013-12-18;;40.9;40.9;40.9;0
2013-12-17;41.0;41.0;40.9;40.9;7016
2013-12-16;41.0;41.8;41.0;41.0;1725
2013-12-13;41.0;41.0;41.0;41.0;400
2013-12-12;41.0;41.1;41.0;41.0;4283
2013-12-11;42.6;42.6;41.0;41.9;4842
2013-12-10;40.4;41.5;40.4;41.3;12174
2013-12-09;40.4;40.4;40.2;40.2;775
2013-12-06;39.7;39.7;39.7;39.7;1788
2013-12-05;39.7;39.7;39.7;39.7;50
2013-12-04;40.4;40.4;39.6;39.7;1122
2013-12-03;39.6;39.7;39.6;39.7;4403
2013-12-02;39.9;39.9;39.6;39.6;3532
2013-11-29;40.1;40.4;39.7;40.4;882
2013-11-28;41.0;41.0;40.5;40.5;388
2013-11-27;40.0;41.0;40.0;41.0;1705
2013-11-26;40.0;41.0;40.0;41.0;3315
2013-11-25;40.0;40.3;40.0;40.0;4725
2013-11-22;39.5;39.5;39.5;39.5;100
2013-11-21;39.1;40.0;39.0;40.0;3314
2013-11-20;37.5;39.0;37.5;39.0;4111
2013-11-19;39.5;39.5;38.3;38.8;11619
2013-11-18;40.2;41.0;38.7;39.0;7006
2013-11-15;39.0;40.1;38.2;40.1;13644
2013-11-14;38.5;39.0;38.5;38.5;29460
2013-11-13;38.3;38.8;38.3;38.3;4600
2013-11-12;38.5;39.8;38.1;38.1;18455
2013-11-11;36.5;38.1;36.5;38.0;23709
2013-11-08;37.0;37.0;36.5;36.5;1248
2013-11-07;36.7;37.6;36.6;37.6;5707
2013-11-06;37.5;37.5;36.6;36.6;1979
2013-11-05;37.6;37.6;36.9;36.9;483
2013-11-04;36.9;37.2;36.9;37.2;1036
2013-11-01;36.9;36.9;36.9;36.9;200
2013-10-31;37.3;37.3;37.0;37.0;1426
2013-10-30;37.4;37.8;37.4;37.4;9187
2013-10-29;37.4;37.6;37.4;37.6;1907
2013-10-28;37.4;37.4;37.4;37.4;3662
2013-10-25;37.3;37.7;37.3;37.7;2201
2013-10-24;37.2;37.2;37.2;37.2;1483
2013-10-23;36.5;37.3;36.5;37.2;3172
2013-10-22;37.3;37.4;36.1;37.4;2050
2013-10-21;37.4;37.9;36.1;37.8;3262
2013-10-18;37.2;37.2;36.2;36.8;1031
2013-10-17;37.2;37.2;37.0;37.2;10770
2013-10-16;37.5;37.5;37.0;37.0;852
2013-10-15;37.5;37.5;37.0;37.0;1986
2013-10-14;37.2;37.2;37.1;37.1;821
2013-10-11;;38.6;38.6;38.6;0
2013-10-10;37.0;38.6;36.6;38.6;11995
2013-10-09;38.5;38.5;36.6;37.0;2854
2013-10-08;37.3;39.9;36.6;38.5;15381
2013-10-07;37.0;38.0;37.0;37.5;7167
2013-10-04;36.8;37.7;36.8;37.6;6122
2013-10-03;37.5;38.0;36.5;38.0;22233
2013-10-02;40.0;40.0;37.5;38.0;1812
2013-10-01;39.9;39.9;38.6;39.5;686
2013-09-30;39.2;39.8;39.2;39.6;570
2013-09-27;39.2;39.2;38.5;39.2;723
2013-09-26;39.9;39.9;39.2;39.2;478
2013-09-25;39.5;39.9;39.0;39.9;1890
2013-09-24;;40.0;40.0;40.0;0
2013-09-23;40.3;40.3;37.5;40.0;1160
2013-09-20;40.5;40.5;40.0;40.0;1339
2013-09-19;40.0;41.0;40.0;40.0;2803
2013-09-18;38.4;40.4;38.4;40.4;2402
2013-09-17;38.2;38.2;38.2;38.2;640
2013-09-16;40.0;40.0;37.0;38.2;12806
2013-09-13;39.8;40.0;39.8;40.0;4284
2013-09-12;38.0;40.0;38.0;40.0;7720
2013-09-11;37.1;38.0;37.0;38.0;1055
2013-09-10;36.9;38.0;36.6;38.0;2346
2013-09-09;36.9;37.7;36.9;37.7;860
2013-09-06;37.5;37.7;37.5;37.7;540
2013-09-05;;38.5;38.5;38.5;0
2013-09-04;38.0;39.5;37.8;38.5;1821
2013-09-03;39.5;39.5;39.5;39.5;1183
2013-09-02;38.1;40.0;38.1;39.5;2000
2013-08-30;38.0;38.2;38.0;38.0;551
2013-08-29;38.5;38.6;38.5;38.6;920
2013-08-28;;38.6;38.6;38.6;0
2013-08-27;39.1;39.1;36.0;38.6;960
2013-08-26;39.5;39.5;39.1;39.1;1600
2013-08-23;38.4;38.5;38.4;38.5;4048
2013-08-22;36.3;38.5;36.3;37.5;2561
2013-08-21;36.0;36.0;36.0;36.0;200
2013-08-20;35.7;36.5;35.7;36.3;1903
2013-08-19;36.0;36.5;35.9;36.5;2584
2013-08-16;36.2;37.0;36.2;37.0;540
2013-08-15;37.1;37.1;37.1;37.1;1360
2013-08-14;37.8;37.8;36.9;37.0;818
2013-08-13;36.6;37.9;35.4;37.9;5985
2013-08-12;40.2;40.2;36.0;37.0;12238
2013-08-09;41.0;41.0;40.2;41.0;452
2013-08-08;40.3;41.0;40.3;41.0;13
2013-08-07;41.5;41.5;40.0;40.5;1545
2013-08-06;40.6;42.0;40.0;42.0;22003
2013-08-05;41.5;41.5;41.5;41.5;100
2013-08-02;41.0;41.5;41.0;41.5;600
2013-08-01;40.3;42.9;40.0;41.2;3962
2013-07-31;41.1;41.1;40.3;41.0;27250
2013-07-30;40.0;43.5;40.0;41.6;28838
2013-07-29;;40.5;40.5;40.5;0
2013-07-26;40.6;40.6;40.5;40.5;550
2013-07-25;40.5;40.5;40.5;40.5;60
2013-07-24;40.1;40.6;40.1;40.1;14850
2013-07-23;40.5;40.5;40.1;40.1;10030
2013-07-22;40.8;40.8;40.1;40.1;15050
2013-07-19;41.6;41.6;40.8;40.8;4600
2013-07-18;40.3;41.8;40.3;41.8;2900
2013-07-17;40.4;40.4;40.4;40.4;8000
2013-07-16;40.9;40.9;40.4;40.4;4360
2013-07-15;40.5;40.5;40.4;40.4;5950
2013-07-12;40.5;40.6;40.5;40.5;1491
2013-07-11;40.0;40.1;40.0;40.1;2115
2013-07-10;39.9;40.2;39.5;39.5;3400
2013-07-09;39.2;39.5;39.2;39.5;130
2013-07-08;39.2;39.9;39.2;39.2;610
2013-07-05;40.0;40.0;40.0;40.0;200
2013-07-04;40.6;40.6;40.0;40.0;365
2013-07-03;40.0;40.0;40.0;40.0;1191
2013-07-02;40.0;40.1;40.0;40.0;14642
2013-07-01;40.0;40.0;40.0;40.0;513
2013-06-28;40.0;40.0;40.0;40.0;3411
2013-06-27;40.0;40.0;40.0;40.0;1600
2013-06-26;39.7;41.0;39.7;40.0;2768
2013-06-25;38.0;39.0;38.0;39.0;43699
2013-06-24;38.0;38.0;37.3;37.5;4184
2013-06-21;;38.0;38.0;38.0;0
2013-06-20;38.0;38.0;38.0;38.0;6409
2013-06-19;38.4;38.4;38.0;38.0;9841
2013-06-18;37.0;38.4;36.5;38.4;1900
2013-06-17;;37.7;37.7;37.7;0
2013-06-14;37.7;37.7;37.7;37.7;398
2013-06-13;37.3;38.4;37.3;38.0;952
2013-06-12;38.0;38.0;38.0;38.0;1000
2013-06-11;36.0;38.2;35.4;38.0;3850
2013-06-10;37.4;37.4;35.0;37.4;989
2013-06-07;38.1;38.1;37.4;37.4;1463
2013-06-06;;38.5;38.5;38.5;0
2013-06-05;38.5;38.5;38.5;38.5;3000
2013-06-04;38.0;38.0;38.0;38.0;75
2013-06-03;38.3;38.7;38.0;38.7;10010
2013-05-31;37.7;39.0;37.6;39.0;7966
2013-05-30;37.0;37.2;37.0;37.2;1744
2013-05-29;38.0;38.0;37.0;37.2;3379
2013-05-28;37.7;38.1;37.7;38.0;1580
2013-05-27;;37.2;37.2;37.2;0
2013-05-24;36.9;37.2;36.9;37.2;4566
2013-05-23;36.4;36.4;36.0;36.2;9695
2013-05-22;37.2;37.4;36.4;37.4;1555
2013-05-21;37.2;37.2;37.2;37.2;2
2013-05-20;36.0;36.5;35.3;36.5;1982
2013-05-17;34.5;37.5;34.5;36.0;9869
2013-05-16;33.0;34.0;32.0;34.0;13873
2013-05-15;34.0;34.0;32.8;33.4;4112
2013-05-14;35.0;35.0;35.0;35.0;2390
2013-05-13;34.4;35.0;34.4;35.0;330
2013-05-10;35.2;35.2;34.4;34.4;1589
2013-05-09;;36.0;36.0;36.0;0
2013-05-08;36.0;36.0;35.0;36.0;3571
2013-05-07;37.4;37.4;35.4;36.0;9392
2013-05-06;38.2;38.2;38.1;38.2;7150
2013-05-03;38.0;38.6;38.0;38.6;1960
2013-05-02;38.0;38.9;38.0;38.0;3191
2013-05-01;;37.4;37.4;37.4;0
2013-04-30;37.0;37.4;37.0;37.4;1200
2013-04-29;35.8;37.0;35.8;37.0;3551
2013-04-26;35.4;35.4;35.4;35.4;867
2013-04-25;34.7;35.4;34.1;35.4;1100
2013-04-24;35.4;35.5;34.4;35.4;7155
2013-04-23;35.0;35.8;34.2;35.8;3135
2013-04-22;35.0;35.8;35.0;35.5;2480
2013-04-19;35.6;35.7;35.0;35.0;19150
2013-04-18;36.8;36.8;35.4;36.0;1335
2013-04-17;37.5;37.5;36.8;36.8;525
2013-04-16;38.0;38.0;38.0;38.0;400
2013-04-15;38.6;38.6;38.0;38.0;335
2013-04-12;38.6;38.6;38.6;38.6;200
2013-04-11;38.6;38.6;38.0;38.0;1888
2013-04-10;38.8;38.8;38.6;38.6;4732
2013-04-09;39.2;39.2;38.9;39.0;6825
2013-04-08;38.0;38.7;38.0;38.5;5005
2013-04-05;37.2;38.7;37.2;38.0;5087
2013-04-04;38.0;38.5;37.1;38.0;7375
2013-04-03;38.8;38.8;38.2;38.2;800
2013-04-02;38.9;38.9;38.2;38.8;1045
2013-04-01;;39.3;39.3;39.3;0
2013-03-29;;39.3;39.3;39.3;0
2013-03-28;;39.5;39.5;39.5;0
2013-03-27;;39.5;39.5;39.5;0
2013-03-26;38.2;39.6;38.2;39.5;1210
2013-03-25;39.3;39.3;38.5;39.3;324
2013-03-22;39.0;39.3;38.6;39.3;1150
2013-03-21;38.7;39.0;38.7;39.0;850
2013-03-20;37.7;38.4;37.7;38.4;1287
2013-03-19;38.0;38.1;36.0;37.0;2218
2013-03-18;39.2;39.2;38.0;38.3;2393
2013-03-15;39.4;40.0;37.4;38.5;8720
2013-03-14;39.9;39.9;39.0;39.0;4783
2013-03-13;39.0;39.4;38.5;38.5;2696
2013-03-12;39.7;39.7;38.0;38.4;5407
2013-03-11;40.5;40.5;39.8;39.8;15675
2013-03-08;38.5;39.9;38.5;39.8;47107
2013-03-07;38.8;39.0;38.1;38.5;22327
2013-03-06;37.5;38.7;37.3;38.0;30854
2013-03-05;37.5;38.1;35.0;37.0;26378
2013-03-04;35.0;38.0;34.6;37.3;21832
2013-03-01;33.5;34.0;33.5;33.9;169812
2013-02-28;33.5;33.5;33.0;33.0;1277
2013-02-27;32.6;33.3;31.7;33.3;2269
2013-02-26;32.8;32.8;32.5;32.5;675
2013-02-25;32.8;33.2;32.0;32.4;10083
2013-02-22;32.8;32.8;32.3;32.3;1670
2013-02-21;32.5;33.0;32.5;32.5;3280
2013-02-20;32.8;32.8;31.7;32.2;5055
2013-02-19;33.4;33.4;31.5;32.0;4475
2013-02-18;32.0;32.5;31.8;32.0;1830
2013-02-15;31.9;32.0;31.6;31.6;1800
2013-02-14;32.6;32.6;31.9;31.9;2178
2013-02-13;33.7;33.7;32.1;33.0;3600
2013-02-12;34.0;34.0;31.9;33.8;15262
2013-02-11;34.4;34.4;33.8;34.0;19268
2013-02-08;34.0;34.4;34.0;34.4;9603
2013-02-07;33.8;34.0;33.6;34.0;10720
2013-02-06;33.8;33.9;33.5;33.6;3050
2013-02-05;34.0;34.0;33.7;33.7;1848
2013-02-04;33.8;34.5;33.4;33.4;10100
2013-02-01;33.4;33.7;33.0;33.0;13837
2013-01-31;33.5;33.5;33.0;33.5;2930
2013-01-30;33.4;33.6;33.4;33.4;1350
2013-01-29;33.0;33.0;32.4;32.4;909
2013-01-28;31.5;33.6;31.5;33.6;9923
2013-01-25;32.0;32.4;31.6;32.0;3150
2013-01-24;32.7;32.7;32.1;32.1;544
2013-01-23;32.7;32.9;32.7;32.7;2004
2013-01-22;33.8;33.8;32.5;33.0;3300
2013-01-21;33.0;33.6;33.0;33.5;2150
2013-01-18;31.6;33.0;31.5;33.0;15388
2013-01-17;32.4;32.4;32.4;32.4;1400
2013-01-16;33.2;33.2;32.3;32.3;3119
2013-01-15;33.0;34.0;32.3;32.3;3077
2013-01-14;33.0;33.0;32.0;32.0;315
2013-01-11;32.6;32.6;32.5;32.6;10049
2013-01-10;32.6;33.2;32.6;32.6;740
2013-01-09;32.0;33.2;32.0;32.6;9781
2013-01-08;32.8;33.0;32.0;32.0;18500
2013-01-07;31.4;32.7;31.4;32.3;2563
2013-01-04;32.0;32.0;31.4;31.5;2361
2013-01-03;32.5;32.5;32.0;32.0;480
2013-01-02;33.0;33.8;33.0;33.8;2600
2013-01-01;;32.8;32.8;32.8;0
2012-12-31;;32.8;32.8;32.8;0
2012-12-28;32.1;32.8;32.1;32.8;4222
