Dates;Open;High;Low;Close;Volume
2017-12-27;148.0;153.0;148.0;152.5;1880
2017-12-22;153.0;154.0;149.0;149.0;704
2017-12-21;150.0;154.0;147.75;153.0;1354
2017-12-20;150.0;151.0;148.5;150.0;1285
2017-12-19;152.0;152.0;150.0;150.0;4967
2017-12-18;145.75;153.5;145.25;151.5;6996
2017-12-15;147.0;147.5;143.0;143.75;2060
2017-12-14;147.75;149.5;145.75;147.0;118
2017-12-13;147.0;147.75;146.0;147.75;1359
2017-12-12;149.0;149.0;145.75;148.0;2712
2017-12-11;149.0;150.0;149.0;149.0;536
2017-12-08;147.25;149.5;146.75;149.0;3536
2017-12-07;149.0;150.0;147.5;149.0;470
2017-12-06;150.0;150.0;146.5;148.5;970
2017-12-05;150.0;153.5;150.0;150.0;5086
2017-12-04;146.75;150.0;146.75;150.0;762
2017-12-01;148.5;148.5;148.5;148.5;539
2017-11-30;146.0;149.5;145.0;147.0;2417
2017-11-29;151.0;154.0;147.0;148.75;2735
2017-11-28;152.0;152.0;149.5;151.0;775
2017-11-27;154.0;154.0;149.0;149.75;1731
2017-11-24;151.0;154.0;150.0;154.0;2254
2017-11-23;150.0;150.0;149.0;149.75;384
2017-11-22;149.0;150.0;147.25;150.0;1139
2017-11-21;148.0;149.5;147.0;148.5;918
2017-11-20;142.0;148.0;142.0;147.5;1502
2017-11-17;145.0;147.0;143.25;145.25;1009
2017-11-16;142.0;146.0;141.75;145.0;2455
2017-11-15;145.75;145.75;141.75;141.75;4000
2017-11-14;147.0;149.0;145.75;147.75;1518
2017-11-13;152.0;153.0;145.0;146.75;2047
2017-11-10;146.0;152.0;146.0;151.0;2561
2017-11-09;150.5;151.5;146.75;146.75;3991
2017-11-08;153.0;154.5;151.0;151.5;1218
2017-11-07;160.5;163.0;152.5;153.0;10502
2017-11-06;163.0;163.0;160.0;160.5;829
2017-11-03;162.5;163.0;158.5;163.0;1764
2017-11-02;155.5;165.0;153.0;163.0;7026
2017-11-01;152.0;164.0;149.0;155.5;24276
2017-10-31;150.0;152.0;147.75;152.0;2388
2017-10-30;147.0;151.0;147.0;151.0;1911
2017-10-27;143.0;147.0;140.5;147.0;1862
2017-10-26;142.0;142.0;140.0;140.5;2779
2017-10-25;135.0;140.0;135.0;140.0;2716
2017-10-24;137.5;137.5;135.0;135.0;2581
2017-10-23;140.0;140.0;137.5;137.5;3042
2017-10-20;142.25;142.25;141.75;141.75;590
2017-10-19;141.0;143.5;140.0;142.25;2024
2017-10-18;146.5;146.5;140.75;141.0;3432
2017-10-17;144.25;146.5;142.0;142.5;1072
2017-10-13;142.5;143.5;142.0;143.5;219
2017-10-12;144.0;144.0;142.0;142.5;749
2017-10-11;142.5;144.0;142.25;144.0;1266
2017-10-10;142.0;142.75;141.75;142.25;797
2017-10-09;142.25;142.25;140.0;140.0;1248
2017-10-06;142.25;142.25;141.5;142.25;392
2017-10-05;142.5;143.75;141.5;142.25;522
2017-10-04;143.5;144.75;142.5;142.5;1622
2017-10-03;145.0;145.0;143.25;143.25;383
2017-10-02;147.0;147.0;143.0;145.0;456
2017-09-29;145.0;147.0;145.0;146.75;304
2017-09-28;145.5;145.5;141.25;144.5;1428
2017-09-27;146.0;146.0;145.5;145.5;94
2017-09-26;148.75;149.0;146.0;146.0;1782
2017-09-25;149.0;149.0;148.5;148.75;426
2017-09-22;143.5;149.0;143.5;148.5;1540
2017-09-21;146.25;148.5;143.75;143.75;914
2017-09-20;144.5;146.5;144.0;146.25;425
2017-09-19;142.0;144.5;142.0;144.5;384
2017-09-18;143.5;143.75;141.0;142.0;710
2017-09-15;142.0;142.0;140.5;142.0;417
2017-09-14;140.25;144.0;138.5;140.25;3322
2017-09-13;138.5;140.25;138.5;140.25;144
2017-09-12;141.5;142.0;138.25;138.25;1917
2017-09-11;142.0;142.0;136.5;140.0;6779
2017-09-08;142.25;143.5;139.75;142.0;3992
2017-09-07;142.5;142.5;140.0;142.25;583
2017-09-06;141.75;148.25;141.75;142.25;721
2017-09-04;144.0;144.0;141.5;142.0;1833
2017-09-01;147.75;147.75;142.25;145.25;1065
2017-08-31;149.0;150.0;147.75;147.75;789
2017-08-30;146.5;148.0;146.5;148.0;44
2017-08-29;150.0;150.0;146.5;148.0;646
2017-08-28;146.75;150.0;146.75;149.0;71
2017-08-25;147.0;148.0;147.0;148.0;370
2017-08-24;150.0;150.0;144.75;144.75;549
2017-08-23;147.5;150.5;146.0;150.0;773
2017-08-22;142.0;147.25;142.0;146.75;1776
2017-08-21;142.0;142.75;140.0;140.0;235
2017-08-18;144.0;144.0;138.25;142.0;2508
2017-08-17;144.0;146.75;143.5;145.25;1615
2017-08-16;150.0;150.0;144.0;146.0;2181
2017-08-15;151.0;151.0;147.0;150.0;731
2017-08-14;147.5;150.0;147.5;149.25;1955
2017-08-11;152.0;152.0;144.5;147.25;1606
2017-08-10;152.0;153.0;152.0;153.0;636
2017-08-09;152.5;154.0;151.0;151.0;1049
2017-08-08;152.5;152.5;151.0;152.5;954
2017-08-07;152.0;153.0;152.0;152.0;154
2017-08-04;153.0;153.0;152.5;153.0;85
2017-08-03;154.0;156.5;150.5;153.0;984
2017-08-02;157.0;157.0;153.5;154.0;596
2017-08-01;154.0;157.0;149.5;157.0;844
2017-07-31;157.0;157.0;152.5;154.0;1571
2017-07-28;153.0;153.0;152.5;153.0;628
2017-07-27;151.0;152.5;150.0;152.5;1649
2017-07-26;151.0;151.0;146.75;151.0;1242
2017-07-25;147.5;156.0;147.5;151.0;1828
2017-07-24;145.0;146.0;141.0;146.0;3117
2017-07-21;149.0;151.5;146.0;146.0;1207
2017-07-20;150.0;150.5;149.0;149.0;434
2017-07-19;149.0;150.5;146.5;150.0;1437
2017-07-18;151.0;157.0;146.75;150.5;1623
2017-07-17;156.0;158.5;150.0;154.0;2658
2017-07-14;159.5;159.5;154.5;155.5;2266
2017-07-13;157.5;160.0;150.0;157.5;4444
2017-07-12;141.25;161.0;141.25;157.0;11742
2017-07-11;147.25;147.5;141.25;141.25;380
2017-07-10;140.0;148.25;140.0;147.25;2352
2017-07-07;134.25;139.75;134.25;139.75;1539
2017-07-06;140.0;140.0;129.25;134.0;3310
2017-07-05;140.0;140.0;140.0;140.0;3
2017-07-04;142.0;142.75;140.0;140.0;2052
2017-07-03;143.0;145.25;137.75;142.0;3917
2017-06-30;145.25;147.25;145.0;145.0;770
2017-06-29;145.25;151.0;145.25;147.25;1314
2017-06-28;146.75;146.75;140.25;145.25;433
2017-06-27;145.0;146.75;145.0;146.75;633
2017-06-26;153.0;153.0;144.5;145.0;3211
2017-06-23;;152.0;152.0;152.0;0
2017-06-22;155.0;155.0;151.0;152.0;2448
2017-06-21;147.0;153.0;147.0;152.5;1985
2017-06-20;150.0;150.0;147.0;147.75;1296
2017-06-19;153.0;153.0;150.0;150.0;1361
2017-06-16;150.0;154.0;150.0;153.0;988
2017-06-15;156.5;156.5;144.0;148.0;6151
2017-06-14;155.0;155.0;146.25;155.0;2626
2017-06-13;155.0;155.0;147.0;152.0;3829
2017-06-12;144.0;156.0;141.0;155.5;4581
2017-06-09;138.0;145.25;138.0;145.0;3256
2017-06-08;132.75;136.0;130.0;136.0;6975
2017-06-07;136.75;136.75;134.0;134.0;1654
2017-06-06;;136.75;136.75;136.75;0
2017-06-05;133.0;137.0;133.0;136.75;4278
2017-06-02;138.5;141.0;132.75;132.75;9708
2017-06-01;143.5;143.5;139.25;140.0;1668
2017-05-31;146.0;147.0;142.5;143.0;5364
2017-05-30;140.0;145.0;138.5;145.0;3928
2017-05-29;144.0;144.0;136.75;142.0;14386
2017-05-26;150.75;150.75;146.0;146.75;3130
2017-05-24;157.5;157.5;149.0;150.75;11348
2017-05-23;157.5;158.25;151.5;157.5;2586
2017-05-22;159.25;159.75;157.5;157.5;498
2017-05-19;154.5;159.25;154.5;159.25;2194
2017-05-18;160.0;160.0;151.0;154.0;5224
2017-05-17;167.0;167.0;163.5;163.5;1306
2017-05-16;166.75;168.5;166.75;167.0;3262
2017-05-15;166.0;167.5;163.5;163.5;1818
2017-05-12;163.0;166.0;166.0;166.0;1986
2017-05-11;164.75;164.75;161.5;162.75;19832
2017-05-10;161.0;168.25;159.0;164.25;31014
2017-05-09;154.0;162.5;153.25;160.0;4092
2017-05-08;155.0;155.0;153.0;153.25;4124
2017-05-05;162.0;162.0;152.25;155.0;11328
2017-05-04;171.0;171.75;161.75;162.0;2506
2017-05-03;171.0;172.5;169.5;171.0;18644
2017-05-02;165.0;173.25;165.0;170.75;5050
2017-05-01;;165.0;165.0;165.0;0
2017-04-28;167.5;173.75;165.0;165.0;9592
2017-04-27;160.75;167.25;160.75;166.25;5916
2017-04-26;158.0;165.5;158.0;160.5;3510
2017-04-25;156.75;158.0;156.5;158.0;1350
2017-04-24;157.0;158.0;155.5;156.75;2614
2017-04-21;155.0;157.25;155.0;157.0;1172
2017-04-20;154.5;158.0;153.0;153.25;2276
2017-04-19;157.0;159.0;153.0;154.5;818
2017-04-18;153.75;160.0;152.5;157.0;2608
2017-04-13;151.75;157.5;151.75;153.0;3270
2017-04-12;152.5;154.5;147.75;150.75;8320
2017-04-11;161.5;168.5;150.25;152.5;14686
2017-04-10;158.25;174.5;158.25;159.0;12796
2017-04-07;153.0;159.75;153.0;158.0;6042
2017-04-06;152.5;160.0;151.25;152.0;8088
2017-04-05;142.75;147.0;142.75;147.0;2820
2017-04-04;145.0;145.0;142.0;142.25;3228
2017-04-03;140.0;175.0;139.0;140.0;5432
2017-03-31;136.5;137.0;136.0;137.0;848
2017-03-30;137.0;138.75;136.0;137.0;5046
2017-03-29;135.0;136.0;132.5;136.0;3240
2017-03-28;130.25;132.5;128.25;132.0;3556
2017-03-27;129.0;131.5;128.75;130.25;1280
2017-03-24;125.5;130.0;125.5;128.75;1398
2017-03-23;125.0;125.25;124.5;125.25;1592
2017-03-22;124.5;125.0;124.5;124.5;2610
2017-03-21;124.0;125.0;124.0;124.5;8814
2017-03-20;122.5;125.0;120.0;122.5;3626
2017-03-17;123.0;124.0;119.5;122.5;652
2017-03-16;121.5;124.25;121.25;124.0;3500
2017-03-15;117.75;121.75;117.5;121.75;2472
2017-03-14;116.0;117.0;115.5;117.0;1378
2017-03-13;118.75;122.0;114.25;116.0;4042
2017-03-10;117.5;119.25;119.25;119.25;426
2017-03-09;122.5;122.5;117.5;117.5;2720
2017-03-08;123.75;124.0;121.25;122.5;742
2017-03-07;122.5;124.5;122.5;123.75;3352
2017-03-06;118.5;124.5;118.5;124.5;1926
2017-03-03;123.5;118.5;118.5;118.5;6146
2017-03-02;118.25;123.5;118.25;123.5;3522
2017-03-01;114.5;119.0;114.5;118.25;1136
2017-02-28;114.5;114.5;113.5;114.5;1082
2017-02-27;115.0;115.0;112.5;114.5;1788
2017-02-24;119.75;120.5;117.25;117.25;1036
2017-02-23;120.0;120.0;119.0;120.0;1892
2017-02-22;117.0;118.75;117.0;118.75;968
2017-02-21;117.5;118.5;117.0;117.0;1116
2017-02-20;115.0;125.0;110.5;117.5;2454
2017-02-17;116.75;116.75;113.5;115.0;1372
2017-02-16;118.0;118.0;115.25;116.75;422
2017-02-15;119.75;119.75;116.75;118.25;312
2017-02-14;119.75;119.75;116.25;118.5;594
2017-02-13;118.25;119.25;118.0;119.25;1846
2017-02-10;113.75;119.0;113.75;119.0;4308
2017-02-09;119.0;119.0;112.5;113.75;3728
2017-02-08;122.5;122.5;119.0;120.0;5616
2017-02-07;124.5;124.5;122.0;122.5;2466
2017-02-06;123.0;125.0;121.0;125.0;3388
2017-02-03;120.0;122.75;120.0;121.5;2744
2017-02-02;125.0;125.0;119.0;119.75;4100
2017-02-01;122.5;125.0;122.5;124.25;11622
2017-01-31;122.5;122.5;119.75;122.5;2208
2017-01-30;118.5;120.25;117.5;119.75;38582
2017-01-27;114.5;118.25;114.5;117.0;2530
2017-01-26;112.0;114.75;112.0;113.75;6890
2017-01-25;111.0;112.75;110.0;111.25;4690
2017-01-24;112.5;113.75;110.75;110.75;780
2017-01-23;114.0;118.25;113.0;113.0;7750
2017-01-20;106.75;117.0;106.75;114.0;6064
2017-01-19;104.75;106.0;104.75;105.75;8748
2017-01-18;103.0;104.5;102.0;104.5;750
2017-01-17;103.0;104.5;102.0;104.5;1908
2017-01-16;103.0;103.25;103.0;103.0;874
2017-01-13;103.0;103.25;101.0;103.25;3402
2017-01-12;102.5;103.5;100.5;103.25;658
2017-01-11;100.75;103.0;100.5;102.5;1450
2017-01-10;102.5;102.5;102.5;102.5;4
2017-01-09;101.0;103.0;100.5;102.5;2688
2017-01-06;;101.5;101.5;101.5;0
2017-01-05;103.0;103.0;100.5;101.5;1264
2017-01-04;103.75;103.75;100.0;103.0;6258
2017-01-03;104.25;104.25;102.25;104.0;108
2017-01-02;104.75;104.75;101.75;101.75;712
2016-12-30;104.0;104.75;101.5;104.75;3790
2016-12-29;104.5;104.5;102.0;104.0;1180
2016-12-28;104.0;105.0;101.0;104.5;2706
2016-12-27;105.25;105.25;100.0;104.0;2074
2016-12-23;104.0;104.75;102.5;104.75;1178
2016-12-22;105.25;105.25;105.25;105.25;44
2016-12-21;103.5;108.0;102.5;105.25;1806
2016-12-20;103.5;105.5;103.5;105.5;1990
2016-12-19;105.75;106.0;102.75;102.75;1500
2016-12-16;104.5;105.75;102.75;105.75;1772
2016-12-15;104.0;105.0;103.0;104.0;2560
2016-12-14;100.75;106.0;100.75;105.5;1988
2016-12-13;99.25;102.25;99.25;100.5;2250
2016-12-12;100.0;101.0;100.0;101.0;24
2016-12-09;100.5;101.5;100.0;101.5;2688
2016-12-08;100.0;102.0;99.5;100.5;2734
2016-12-07;99.25;100.25;99.0;99.75;1170
2016-12-06;100.5;101.75;95.75;99.25;2468
2016-12-05;104.0;104.0;101.5;102.0;640
2016-12-02;100.5;103.5;100.5;103.5;294
2016-12-01;102.5;102.5;99.75;101.75;1896
2016-11-30;104.0;104.0;102.5;102.5;2100
2016-11-29;102.75;102.75;99.25;102.25;1824
2016-11-28;104.5;106.0;102.75;102.75;2780
2016-11-25;103.5;103.5;103.0;103.0;804
2016-11-24;104.5;104.5;103.75;103.75;1860
2016-11-23;102.75;103.5;102.5;103.5;1200
2016-11-22;103.75;104.5;102.5;102.75;4226
2016-11-21;108.0;108.0;104.0;104.5;2412
2016-11-18;102.0;107.5;100.0;107.5;2872
2016-11-17;106.5;106.75;103.0;103.0;1974
2016-11-16;107.0;108.0;106.5;107.25;3584
2016-11-15;105.0;107.5;99.0;106.0;9086
2016-11-14;95.25;105.0;95.25;105.0;20524
2016-11-11;90.0;91.75;90.0;91.75;2998
2016-11-10;90.0;92.75;89.0;90.0;6752
2016-11-09;92.5;92.5;89.5;89.5;1676
2016-11-08;95.0;95.5;93.5;93.5;5630
2016-11-07;95.0;95.0;92.0;93.5;2788
2016-11-04;93.0;95.25;95.25;95.25;2652
2016-11-03;99.5;99.5;90.0;93.0;8300
2016-11-02;100.0;100.0;97.5;98.75;2352
2016-11-01;99.5;100.0;99.5;100.0;932
2016-10-31;100.0;101.75;99.5;99.5;480
2016-10-28;101.5;101.5;95.0;99.5;3620
2016-10-27;102.75;104.0;102.0;102.0;702
2016-10-26;105.75;105.75;103.75;104.0;1756
2016-10-25;103.5;107.75;103.5;105.5;1744
2016-10-24;106.0;106.0;102.75;103.0;2140
2016-10-21;106.5;106.5;105.0;106.25;3150
2016-10-20;106.5;106.5;105.25;106.5;4068
2016-10-19;108.0;108.75;107.5;107.5;2822
2016-10-18;110.0;111.0;107.5;108.0;1040
2016-10-17;111.0;111.25;108.5;110.0;2906
2016-10-14;110.75;112.5;110.75;111.5;1432
2016-10-13;111.0;111.0;110.25;110.75;350
2016-10-12;112.5;112.5;111.0;111.0;336
2016-10-11;110.0;115.25;108.5;112.25;4302
2016-10-10;112.0;112.0;110.75;110.75;2040
2016-10-07;113.5;113.5;111.5;112.0;2266
2016-10-06;116.25;116.25;113.75;113.75;4262
2016-10-05;115.0;116.75;115.0;116.25;4634
2016-10-04;115.0;117.0;113.75;114.5;8390
2016-10-03;113.0;117.5;112.5;115.75;14034
2016-09-30;114.0;114.25;105.25;112.5;16434
2016-09-29;108.75;111.0;107.0;107.25;2744
2016-09-28;105.5;110.0;105.0;108.75;1742
2016-09-27;107.25;107.5;106.0;106.0;268
2016-09-26;107.5;108.0;107.5;107.75;1008
2016-09-23;108.75;108.75;107.5;107.5;1368
2016-09-22;108.25;110.0;107.5;108.75;5054
2016-09-21;110.0;110.0;109.25;109.5;220
2016-09-20;110.75;111.25;110.5;110.5;360
2016-09-19;110.25;114.0;110.0;110.0;1652
2016-09-16;112.0;112.5;109.5;109.5;1962
2016-09-15;110.0;112.75;110.0;112.0;2068
2016-09-14;111.5;112.0;110.5;110.5;2760
2016-09-13;113.5;114.5;112.5;114.0;6056
2016-09-12;115.0;115.0;110.5;112.0;10508
2016-09-09;114.25;117.5;112.5;117.5;4520
2016-09-08;114.25;114.25;112.5;112.5;1400
2016-09-07;112.5;114.25;111.75;114.25;692
2016-09-06;114.75;114.75;112.5;113.0;694
2016-09-05;110.5;112.0;109.25;111.25;2130
2016-09-02;110.5;110.5;110.25;110.5;1068
2016-09-01;109.5;112.25;109.5;110.5;1522
2016-08-31;112.5;112.5;109.5;109.5;618
2016-08-30;110.0;112.25;109.75;111.75;2576
2016-08-29;109.75;112.75;108.75;108.75;4054
2016-08-26;113.5;113.5;108.5;110.0;340
2016-08-25;107.0;114.5;107.0;113.0;4138
2016-08-24;110.0;114.75;106.0;107.0;4476
2016-08-23;104.0;105.5;103.25;105.5;2712
2016-08-22;105.5;105.5;104.0;104.0;1168
2016-08-19;107.0;108.5;105.5;105.5;1548
2016-08-18;107.0;107.0;106.75;107.0;752
2016-08-17;107.25;107.5;105.25;106.5;746
2016-08-16;110.0;110.0;105.0;107.5;3786
2016-08-15;109.0;109.25;106.5;107.0;680
2016-08-12;111.0;111.0;104.75;107.75;1240
2016-08-11;106.5;106.75;104.0;106.75;2032
2016-08-10;105.0;106.0;105.0;106.0;500
2016-08-09;104.75;105.5;104.5;105.5;1690
2016-08-08;103.75;105.0;103.75;104.0;1630
2016-08-05;104.5;104.5;102.5;104.0;452
2016-08-04;104.25;104.5;104.25;104.5;210
2016-08-03;105.0;105.0;103.75;103.75;1218
2016-08-02;104.5;104.5;104.0;104.5;114
2016-08-01;102.75;104.75;102.75;104.5;1648
2016-07-29;103.25;103.25;102.5;102.5;840
2016-07-28;104.75;104.75;103.0;103.0;210
2016-07-27;104.5;104.5;103.0;104.0;384
2016-07-26;105.75;105.75;104.0;105.0;690
2016-07-25;102.5;103.0;102.0;103.0;1048
2016-07-22;103.5;103.5;102.25;102.5;230
2016-07-21;103.5;103.5;102.75;103.5;1082
2016-07-20;102.0;102.5;101.5;102.0;460
2016-07-19;103.5;103.5;101.25;102.0;1178
2016-07-18;103.25;103.5;101.5;103.5;378
2016-07-15;104.25;104.25;103.5;103.5;3794
2016-07-14;105.0;105.25;100.0;104.75;9152
2016-07-13;106.25;106.25;105.0;105.0;410
2016-07-12;107.5;112.5;105.25;106.25;8584
2016-07-11;102.5;107.5;101.0;107.5;5310
2016-07-08;101.0;101.0;100.5;101.0;1256
2016-07-07;101.5;102.5;101.0;102.5;8382
2016-07-06;100.5;101.5;100.5;101.5;2230
2016-07-05;101.75;101.75;100.0;101.25;1298
2016-07-04;102.25;102.25;100.0;101.75;1878
2016-07-01;102.5;102.5;102.25;102.25;344
2016-06-30;101.5;102.5;100.75;102.5;3064
2016-06-29;97.75;104.5;97.75;101.5;1048
2016-06-28;95.75;96.0;91.0;95.5;1236
2016-06-27;92.0;97.75;92.0;96.0;1730
2016-06-24;;100.0;100.0;100.0;0
2016-06-23;95.0;100.5;95.0;100.0;2578
2016-06-22;93.25;94.75;92.5;94.0;1136
2016-06-21;90.0;93.25;90.0;93.25;282
2016-06-20;88.5;90.0;88.5;90.0;1890
2016-06-17;91.5;91.5;87.5;87.75;2610
2016-06-16;91.75;92.0;91.5;91.5;2604
2016-06-15;91.5;95.5;91.5;93.5;1638
2016-06-14;91.5;95.5;91.5;91.5;3194
2016-06-13;101.5;101.5;96.0;96.5;1488
2016-06-10;97.0;102.25;96.75;101.5;3086
2016-06-09;94.5;98.0;94.5;97.25;2898
2016-06-08;94.25;94.5;94.25;94.25;772
2016-06-07;94.25;94.25;92.25;94.25;678
2016-06-06;;92.25;92.25;92.25;0
2016-06-03;93.5;93.5;92.25;92.25;100
2016-06-02;92.5;94.0;92.0;94.0;5740
2016-06-01;93.25;93.5;93.25;93.5;676
2016-05-31;92.5;93.25;91.5;93.25;534
2016-05-30;94.0;94.0;91.75;93.25;2180
2016-05-27;93.5;93.5;93.5;93.5;1076
2016-05-26;94.0;94.0;92.0;93.5;1126
2016-05-25;91.75;91.75;87.5;90.5;4442
2016-05-24;93.0;93.0;91.75;91.75;2308
2016-05-23;92.0;93.0;90.75;93.0;3884
2016-05-20;90.0;94.0;89.75;92.0;13152
2016-05-19;91.5;91.5;89.5;89.5;3906
2016-05-18;91.75;92.0;90.0;91.5;2412
2016-05-17;88.0;92.0;88.0;91.75;2396
2016-05-16;86.0;86.0;84.0;85.0;1078
2016-05-13;85.5;85.5;84.0;85.5;1264
2016-05-12;89.75;90.0;86.5;86.75;1946
2016-05-11;91.5;92.5;90.0;90.0;1430
2016-05-10;87.5;92.5;87.5;92.5;1764
2016-05-09;87.5;87.5;87.25;87.5;1584
2016-05-06;86.25;87.5;86.25;87.5;392
2016-05-05;86.0;86.0;86.0;86.0;226
2016-05-04;86.0;86.0;86.0;86.0;226
2016-05-03;87.25;87.5;86.0;86.0;652
2016-05-02;86.5;89.0;86.5;86.5;768
2016-04-29;86.5;86.5;86.0;86.5;26
2016-04-28;86.5;86.5;86.5;86.5;270
2016-04-27;85.25;86.0;85.25;86.0;248
2016-04-26;85.5;87.5;84.0;85.25;1660
2016-04-25;86.25;86.25;85.5;85.5;960
2016-04-22;87.75;87.75;87.75;87.75;826
2016-04-21;87.25;87.5;87.25;87.25;456
2016-04-20;87.5;87.5;86.5;86.5;4184
2016-04-19;84.75;87.5;84.75;87.5;3560
2016-04-18;87.5;87.5;84.75;84.75;2520
2016-04-15;86.5;86.75;85.0;85.0;1592
2016-04-14;89.75;90.0;86.5;86.5;4356
2016-04-13;88.0;89.75;88.0;89.75;520
2016-04-12;88.0;88.0;86.0;88.0;218
2016-04-11;88.5;88.5;86.25;86.25;52
2016-04-08;84.0;87.5;84.0;87.0;5286
2016-04-07;90.0;90.0;87.0;87.0;5512
2016-04-06;88.25;90.0;88.0;90.0;118
2016-04-05;90.0;90.0;90.0;90.0;200
2016-04-04;89.0;89.0;89.0;89.0;124
2016-04-01;87.25;90.0;87.25;89.75;1032
2016-03-31;89.5;89.5;87.0;89.25;312
2016-03-30;91.25;91.25;90.0;90.0;2100
2016-03-29;91.75;91.75;89.0;89.0;290
2016-03-28;90.25;91.75;91.75;91.75;402
2016-03-25;90.25;91.75;90.25;91.75;402
2016-03-24;90.25;91.75;90.25;91.75;402
2016-03-23;89.5;92.0;89.5;91.75;2130
2016-03-22;88.5;89.0;88.5;89.0;386
2016-03-21;87.75;88.5;87.75;88.5;724
2016-03-18;90.25;90.25;88.5;88.5;192
2016-03-17;91.0;91.0;87.75;87.75;2346
2016-03-16;92.0;92.0;90.0;92.0;608
2016-03-15;92.5;92.5;89.75;92.0;3964
2016-03-14;85.0;94.0;85.0;94.0;4574
2016-03-11;85.0;87.5;84.25;85.0;6118
2016-03-10;82.5;87.5;82.25;86.0;6500
2016-03-09;80.5;83.0;80.5;82.5;946
2016-03-08;80.5;80.5;80.5;80.5;1024
2016-03-07;80.5;80.5;79.0;80.0;3218
2016-03-04;76.75;83.5;76.75;80.5;2832
2016-03-03;80.0;80.0;74.125;79.75;2844
2016-03-02;78.75;80.0;77.5;79.0;2064
2016-03-01;78.0;79.0;78.0;78.75;1680
2016-02-29;74.5;77.25;74.5;76.5;1042
2016-02-26;74.125;74.125;74.125;74.125;292
2016-02-25;76.0;76.25;74.0;76.25;338
2016-02-24;77.0;77.0;76.0;77.0;462
2016-02-23;77.25;77.25;76.25;76.25;1342
2016-02-22;75.25;77.0;75.0;77.0;50542
2016-02-19;75.0;77.0;73.75;73.75;788
2016-02-18;77.5;77.5;72.625;76.0;1582
2016-02-17;68.25;77.5;68.0;76.0;21016
2016-02-16;70.25;70.625;70.25;70.625;298
2016-02-15;72.375;72.5;71.375;72.5;1344
2016-02-12;71.625;71.625;69.5;71.0;2118
2016-02-11;71.0;72.5;68.125;72.375;14416
2016-02-10;69.625;71.0;67.5;70.5;4534
2016-02-09;68.375;69.75;68.25;69.75;460
2016-02-08;71.0;71.0;68.5;70.0;1858
2016-02-05;72.5;72.5;72.375;72.5;192
2016-02-04;73.75;73.75;72.5;72.5;2140
2016-02-03;72.0;72.5;72.0;72.5;798
2016-02-02;74.875;74.875;72.5;72.5;482
2016-02-01;68.625;74.125;68.625;72.25;2836
2016-01-29;73.875;73.875;70.0;70.0;8898
2016-01-28;70.75;72.5;68.0;72.5;5592
2016-01-27;72.25;72.25;70.125;72.25;214
2016-01-26;74.375;74.375;72.0;72.0;466
2016-01-25;77.0;77.0;74.25;74.375;2094
2016-01-22;80.0;80.0;72.375;73.125;9116
2016-01-21;71.0;71.0;71.0;71.0;268
2016-01-20;71.5;73.25;69.875;72.5;2320
2016-01-19;74.625;74.625;71.25;73.0;1778
2016-01-18;72.875;74.625;69.5;72.5;6482
2016-01-15;73.75;74.75;72.75;72.75;5026
2016-01-14;78.0;78.0;73.875;73.875;4758
2016-01-13;78.5;78.5;77.0;78.0;9330
2016-01-12;73.875;76.25;73.875;75.75;870
2016-01-11;73.875;73.875;73.875;73.875;2
2016-01-08;77.0;77.0;71.875;71.875;904
2016-01-07;72.75;72.75;72.5;72.5;432
2016-01-06;;75.5;75.5;75.5;0
2016-01-05;73.25;75.5;72.75;75.5;1336
2016-01-04;75.0;77.5;74.5;75.5;3380
2016-01-01;;77.75;77.75;77.75;0
2015-12-31;;77.75;77.75;77.75;0
2015-12-30;79.75;79.75;75.25;77.75;5380
2015-12-29;76.25;80.0;74.75;76.25;5652
2015-12-28;76.75;76.75;75.25;76.5;2388
2015-12-25;79.75;79.75;76.25;76.25;2194
2015-12-24;79.75;79.75;76.25;76.25;2194
2015-12-23;79.75;79.75;76.25;76.25;2194
2015-12-22;81.0;81.0;74.0;74.0;2490
2015-12-21;75.75;79.5;75.0;77.75;4124
2015-12-18;76.5;76.5;75.5;75.75;492
2015-12-17;76.75;80.0;76.5;76.5;2996
2015-12-16;76.5;76.5;74.25;74.375;582
2015-12-15;75.0;75.25;73.25;75.25;1160
2015-12-14;72.0;72.125;72.0;72.0;754
2015-12-11;75.0;75.0;71.75;71.75;1466
2015-12-10;75.0;76.25;73.5;75.0;1256
2015-12-09;75.25;75.25;75.0;75.0;356
2015-12-08;78.5;78.5;74.625;74.625;2176
2015-12-07;79.5;79.5;78.5;78.5;230
2015-12-04;79.25;79.5;79.25;79.5;176
2015-12-03;78.25;80.0;77.75;79.25;1832
2015-12-02;80.25;80.25;80.0;80.25;1158
2015-12-01;80.5;80.5;80.25;80.25;24
2015-11-30;79.75;80.0;77.5;79.5;788
2015-11-27;79.75;79.75;77.75;79.75;972
2015-11-26;76.75;80.0;76.75;80.0;1360
2015-11-25;74.875;74.875;74.75;74.75;1338
2015-11-24;74.625;74.625;74.5;74.5;1546
2015-11-23;78.0;78.0;74.125;74.5;1484
2015-11-20;79.75;81.25;77.25;77.25;4128
2015-11-19;79.5;79.5;79.5;79.5;400
2015-11-18;80.5;81.0;78.25;80.0;190
2015-11-17;83.25;83.25;77.75;77.75;2426
2015-11-16;81.25;83.5;76.0;83.5;5058
2015-11-13;76.0;76.5;74.5;74.5;3780
2015-11-12;78.75;80.0;72.5;76.5;4558
2015-11-11;73.5;81.25;72.875;75.75;6666
2015-11-10;73.125;73.125;72.5;72.5;394
2015-11-09;75.0;76.25;74.0;74.0;2006
2015-11-06;72.5;75.0;71.5;75.0;3830
2015-11-05;72.5;72.5;71.0;72.5;7306
2015-11-04;68.75;73.5;65.375;73.5;11222
2015-11-03;65.375;69.75;65.25;68.75;2780
2015-11-02;64.5;66.5;63.625;65.0;372
2015-10-30;;64.5;64.5;64.5;0
2015-10-29;66.25;66.25;64.5;64.5;688
2015-10-28;63.5;64.5;61.5;64.25;3338
2015-10-27;63.25;63.625;63.25;63.625;308
2015-10-26;64.75;65.125;63.625;64.125;1504
2015-10-23;65.5;65.5;65.5;65.5;1020
2015-10-22;63.75;63.75;61.625;63.75;2850
2015-10-21;64.5;64.5;64.5;64.5;616
2015-10-20;65.125;66.375;64.5;64.5;656
2015-10-19;67.5;67.5;65.875;65.875;242
2015-10-16;64.0;67.75;64.0;67.75;4504
2015-10-15;64.25;64.5;63.5;64.375;2504
2015-10-14;64.25;64.25;64.0;64.25;996
2015-10-13;64.125;64.125;64.0;64.0;522
2015-10-12;63.375;65.625;63.375;63.75;606
2015-10-09;63.875;64.5;62.75;64.0;2490
2015-10-08;65.625;67.375;65.5;65.5;2804
2015-10-07;64.625;66.0;64.625;66.0;2498
2015-10-06;63.625;64.625;63.625;64.25;1940
2015-10-05;64.625;64.625;63.25;63.25;770
2015-10-02;63.5;63.75;62.25;62.75;1682
2015-10-01;63.0;65.0;63.0;65.0;1468
2015-09-30;65.5;65.5;62.625;62.625;670
2015-09-29;64.5;65.5;64.375;65.5;234
2015-09-28;64.0;65.375;64.0;65.0;1042
2015-09-25;63.125;64.5;63.125;64.5;254
2015-09-24;63.25;63.25;63.25;63.25;1500
2015-09-23;61.0;64.875;60.125;63.25;2632
2015-09-22;66.75;66.75;60.125;62.75;2528
2015-09-21;67.0;67.0;66.75;67.0;814
2015-09-18;66.125;66.125;64.0;65.625;2174
2015-09-17;;66.625;66.625;66.625;0
2015-09-16;64.875;66.625;62.125;66.625;2622
2015-09-15;66.625;66.75;65.5;65.5;506
2015-09-14;66.625;66.625;66.625;66.625;200
2015-09-11;66.5;67.0;66.5;67.0;1654
2015-09-10;;67.5;67.5;67.5;0
2015-09-09;68.875;68.875;66.5;67.5;1732
2015-09-08;69.25;69.25;69.25;69.25;50
2015-09-07;67.75;67.75;67.625;67.625;106
2015-09-04;68.875;68.875;68.5;68.75;1396
2015-09-03;68.5;68.5;68.5;68.5;1370
2015-09-02;68.5;68.5;65.875;68.5;1620
2015-09-01;69.375;69.375;67.75;68.0;1106
2015-08-31;;69.25;69.25;69.25;0
2015-08-28;70.25;70.375;69.25;69.25;492
2015-08-27;68.5;68.875;68.5;68.875;194
2015-08-26;66.0;68.0;66.0;68.0;706
2015-08-25;64.25;67.5;64.25;67.5;1262
2015-08-24;66.5;66.5;62.0;64.375;3224
2015-08-21;66.75;66.75;66.5;66.75;2592
2015-08-20;67.5;68.0;67.5;68.0;1400
2015-08-19;67.5;67.5;67.5;67.5;200
2015-08-18;66.75;68.0;66.75;68.0;1076
2015-08-17;67.625;67.625;67.625;67.625;200
2015-08-14;68.0;68.5;67.75;68.5;2746
2015-08-13;67.375;67.625;67.0;67.5;1622
2015-08-12;68.0;69.875;67.875;68.75;3160
2015-08-11;68.25;69.25;68.25;69.25;2400
2015-08-10;68.375;68.375;66.875;68.375;86
2015-08-07;66.5;66.75;66.5;66.75;150
2015-08-06;;66.625;66.625;66.625;0
2015-08-05;;66.625;66.625;66.625;0
2015-08-04;67.875;67.875;66.625;66.625;4
2015-08-03;69.375;69.375;69.0;69.0;996
2015-07-31;66.5;69.75;66.5;69.5;700
2015-07-30;68.25;68.375;68.25;68.375;2164
2015-07-29;66.75;68.375;66.75;68.375;1140
2015-07-28;67.5;67.625;67.5;67.625;744
2015-07-27;69.125;69.125;67.125;67.125;806
2015-07-24;69.125;69.125;69.125;69.125;300
2015-07-23;70.0;70.0;69.0;69.0;1840
2015-07-22;69.5;69.5;69.125;69.5;766
2015-07-21;68.75;69.5;68.75;69.5;400
2015-07-20;70.375;70.375;68.375;68.375;960
2015-07-17;69.0;70.25;68.25;70.25;5588
2015-07-16;67.5;69.75;67.5;68.375;2602
2015-07-15;68.625;68.75;67.75;67.75;716
2015-07-14;68.625;70.0;68.0;69.0;29184
2015-07-13;67.375;69.0;66.875;68.5;5914
2015-07-10;67.0;67.375;66.0;67.375;5620
2015-07-09;61.875;68.75;61.75;67.0;14908
2015-07-08;61.25;63.5;61.25;63.5;1258
2015-07-07;62.875;62.875;62.75;62.75;582
2015-07-06;65.0;65.0;62.75;62.75;354
2015-07-03;64.875;65.0;64.875;65.0;402
2015-07-02;;62.875;62.875;62.875;0
2015-07-01;63.5;64.0;62.875;62.875;1908
2015-06-30;62.0;62.0;62.0;62.0;120
2015-06-29;61.5;62.25;61.5;62.25;700
2015-06-26;;63.5;63.5;63.5;0
2015-06-25;65.0;65.0;63.5;63.5;674
2015-06-24;64.375;66.5;64.375;66.5;2834
2015-06-23;62.5;63.0;61.75;63.0;3682
2015-06-22;62.25;62.5;60.5;62.5;3808
2015-06-19;;62.25;62.25;62.25;0
2015-06-18;61.75;62.25;61.75;62.25;112
2015-06-17;61.5;61.5;61.5;61.5;400
2015-06-16;60.0;61.0;59.0;61.0;5066
2015-06-15;61.625;63.125;61.375;63.0;1318
2015-06-12;61.5;62.875;61.5;62.125;2892
2015-06-11;63.625;63.625;61.875;62.5;96
2015-06-10;63.75;63.75;63.125;63.25;1020
2015-06-09;63.75;63.75;63.75;63.75;320
2015-06-08;63.625;64.25;62.75;64.25;2204
2015-06-05;64.0;65.75;62.5;64.25;2476
2015-06-04;62.5;64.625;62.5;64.25;3960
2015-06-03;67.0;67.0;65.125;65.125;1170
2015-06-02;66.0;67.0;66.0;67.0;500
2015-06-01;66.5;66.5;66.0;66.0;920
2015-05-29;66.125;66.25;66.0;66.125;1226
2015-05-28;67.0;67.0;66.0;66.0;562
2015-05-27;65.5;65.5;63.625;65.5;11312
2015-05-26;65.375;66.875;64.75;65.5;1390
2015-05-25;64.125;64.875;64.125;64.25;1460
2015-05-22;;64.0;64.0;64.0;0
2015-05-21;64.0;64.0;64.0;64.0;462
2015-05-20;63.75;64.125;63.75;64.125;986
2015-05-19;64.625;64.625;63.5;63.75;4764
2015-05-18;64.625;64.625;63.25;64.625;3934
2015-05-15;64.5;65.5;64.0;65.5;3018
2015-05-14;63.5;64.5;63.5;64.25;3778
2015-05-13;63.5;64.5;63.5;64.25;3778
2015-05-12;64.5;64.5;63.5;63.5;1620
2015-05-11;61.875;63.375;61.875;63.375;1284
2015-05-08;61.5;63.0;61.5;61.75;2308
2015-05-07;61.5;61.5;60.5;60.625;1466
2015-05-06;61.5;61.625;61.5;61.625;560
2015-05-05;62.5;62.5;62.25;62.25;944
2015-05-04;62.5;62.5;62.0;62.0;616
2015-05-01;63.25;63.375;62.875;62.875;1216
2015-04-30;63.25;63.375;62.875;62.875;1216
2015-04-29;62.5;63.75;62.5;62.5;14932
2015-04-28;61.0;62.5;61.0;62.5;418
2015-04-27;61.75;61.75;61.0;61.0;342
2015-04-24;62.875;62.875;62.5;62.5;604
2015-04-23;61.375;63.5;60.5;62.875;5936
2015-04-22;62.25;62.25;60.625;60.625;2320
2015-04-21;61.0;62.5;60.875;60.875;900
2015-04-20;62.0;62.0;60.75;60.75;1882
2015-04-17;61.5;61.5;61.25;61.25;320
2015-04-16;61.625;61.625;60.0;60.75;3978
2015-04-15;62.0;62.5;61.5;62.5;1638
2015-04-14;62.0;62.25;61.5;62.25;3232
2015-04-13;59.125;65.0;59.125;62.0;3960
2015-04-10;58.5;60.0;58.0;60.0;3314
2015-04-09;60.375;60.375;60.0;60.0;2130
2015-04-08;59.125;60.625;59.125;60.5;5302
2015-04-07;57.375;60.0;57.375;59.125;4356
2015-04-02;57.375;57.375;57.375;57.375;296
2015-04-01;57.5;57.5;57.5;57.5;200
2015-03-31;57.25;57.875;56.75;56.75;10314
2015-03-30;57.375;58.375;57.375;57.875;1228
2015-03-27;;56.5;56.5;56.5;0
2015-03-26;;56.5;56.5;56.5;0
2015-03-25;56.75;57.5;56.375;56.5;4254
2015-03-24;55.5;56.75;55.5;56.75;3976
2015-03-23;55.5;56.25;54.25;56.25;5486
2015-03-20;55.5;56.25;55.5;55.5;780
2015-03-19;55.875;56.0;55.875;56.0;600
2015-03-18;54.75;56.0;54.75;56.0;556
2015-03-17;55.625;58.0;55.5;56.5;4186
2015-03-16;56.0;56.5;55.875;56.5;1150
2015-03-13;56.0;57.375;56.0;56.625;2282
2015-03-12;;55.25;55.25;55.25;0
2015-03-11;54.5;56.0;54.25;55.25;3880
2015-03-10;54.625;56.0;54.625;55.25;474
2015-03-09;55.625;56.25;54.875;54.875;382
2015-03-06;56.5;56.5;54.5;55.5;2112
2015-03-05;55.0;57.0;55.0;56.875;1586
2015-03-04;54.5;55.75;52.5;54.125;14478
2015-03-03;58.875;58.875;55.375;55.5;3846
2015-03-02;58.75;58.875;56.375;58.875;5054
2015-02-27;57.0;58.75;55.0;58.75;10872
2015-02-26;56.875;57.125;56.875;56.875;2200
2015-02-25;53.5;57.375;53.375;56.875;25370
2015-02-24;53.25;53.5;52.5;53.5;6958
2015-02-23;53.0;53.0;52.5;53.0;11680
2015-02-20;52.5;53.0;52.5;52.875;4404
2015-02-19;52.5;53.375;52.5;53.0;12694
2015-02-18;53.0;53.375;52.5;53.375;4706
2015-02-17;53.5;53.5;53.0;53.0;4400
2015-02-16;52.25;54.5;52.25;53.5;1980
2015-02-13;52.375;54.5;52.375;54.0;10678
2015-02-12;53.875;54.0;52.875;53.875;11098
2015-02-11;52.5;53.5;52.0;53.5;2702
2015-02-10;54.5;54.5;53.5;53.5;1448
2015-02-09;52.125;55.25;52.125;53.5;7654
2015-02-06;53.0;53.625;52.0;52.0;5238
2015-02-05;58.0;58.125;51.125;51.75;33100
2015-02-04;58.0;58.75;57.75;57.875;7160
2015-02-03;57.5;58.5;57.25;58.0;5786
2015-02-02;56.125;57.25;56.125;57.125;3264
2015-01-30;54.75;55.875;54.75;55.875;6316
2015-01-29;54.875;54.875;54.875;54.875;1200
2015-01-28;54.875;54.875;54.5;54.875;804
2015-01-27;55.0;55.125;54.25;55.125;3140
2015-01-26;55.5;55.5;55.0;55.25;6872
2015-01-23;54.5;55.75;54.5;55.75;854
2015-01-22;54.0;54.5;54.0;54.5;6580
2015-01-21;54.25;54.25;54.0;54.25;1360
2015-01-20;53.375;54.5;52.5;54.25;6726
2015-01-19;51.375;53.375;51.0;53.375;2990
2015-01-16;52.375;52.375;50.0;51.75;2926
2015-01-15;51.0;52.5;49.5;52.5;3832
2015-01-14;51.125;51.125;49.5;50.375;2892
2015-01-13;50.0;51.375;50.0;51.25;1814
2015-01-12;51.0;51.5;50.0;50.75;4040
2015-01-09;50.5;51.0;50.5;51.0;454
2015-01-08;49.625;50.5;49.25;50.5;552
2015-01-07;49.125;50.875;49.125;50.375;3464
2015-01-06;;50.0;50.0;50.0;0
2015-01-05;51.875;51.875;50.0;50.0;2432
2015-01-02;52.0;52.0;49.375;50.5;14984
2015-01-01;50.5;52.0;49.25;52.0;5438
2014-12-30;50.5;52.0;49.25;52.0;5438
2014-12-29;50.0;51.125;49.5;50.625;5950
2014-12-23;49.125;51.0;49.125;51.0;7010
2014-12-22;50.0;50.0;48.75;49.0;3000
2014-12-19;49.5;50.125;49.0;50.125;1650
2014-12-18;49.375;50.0;49.0;50.0;11104
2014-12-17;48.625;49.5;48.625;49.5;2830
2014-12-16;47.625;48.875;47.5;48.875;5208
2014-12-15;48.0;48.5;47.625;48.25;2828
2014-12-12;49.25;49.25;47.5;48.5;10668
2014-12-11;49.375;49.375;49.375;49.375;28
2014-12-10;49.5;50.0;49.375;49.375;534
2014-12-09;49.625;49.625;49.5;49.5;1512
2014-12-08;50.5;50.5;49.75;50.0;2078
2014-12-05;49.5;50.75;49.5;50.75;1682
2014-12-04;49.375;49.5;48.875;49.25;8894
2014-12-03;49.125;49.5;48.875;49.375;6684
2014-12-02;49.375;50.125;49.375;49.5;9198
2014-12-01;50.25;50.25;49.0;49.25;3980
2014-11-28;49.375;50.625;49.0;50.625;1952
2014-11-27;50.0;50.375;50.0;50.125;6122
2014-11-26;50.25;50.5;50.0;50.0;3974
2014-11-25;49.875;50.375;49.75;50.375;8186
2014-11-24;50.0;50.625;50.0;50.625;20416
2014-11-21;49.25;50.75;49.125;50.0;2570
2014-11-20;49.25;49.25;48.125;48.125;1030
2014-11-19;49.5;49.5;48.0;48.75;4644
2014-11-18;49.25;50.0;49.25;50.0;1294
2014-11-17;48.75;49.625;48.5;49.25;2518
2014-11-14;49.5;49.5;49.5;49.5;1000
2014-11-13;50.5;50.5;49.125;49.875;2930
2014-11-12;50.75;50.75;49.25;49.875;2720
2014-11-11;51.0;51.0;50.0;50.875;3818
2014-11-10;52.125;52.125;50.5;51.25;2548
2014-11-07;54.125;54.125;53.375;53.5;4400
2014-11-06;55.75;57.0;53.5;55.125;8360
2014-11-05;55.875;57.25;54.5;55.875;4692
2014-11-04;53.5;56.0;52.125;54.5;8462
2014-11-03;53.75;53.75;51.75;52.0;1388
2014-10-31;51.5;53.5;51.5;52.75;288
2014-10-30;51.75;52.0;49.0;51.5;6974
2014-10-29;49.0;51.375;49.0;51.375;3200
2014-10-28;48.25;49.5;48.25;48.5;5072
2014-10-24;49.25;50.375;48.875;49.625;1392
2014-10-23;49.5;49.875;47.75;49.875;4498
2014-10-22;50.375;50.375;50.0;50.0;1620
2014-10-21;49.0;50.875;49.0;50.375;1300
2014-10-20;48.5;49.25;48.375;49.25;888
2014-10-17;46.5;47.375;46.5;47.375;1512
2014-10-16;47.0;47.125;46.125;46.125;4164
2014-10-15;47.125;47.25;47.0;47.0;2048
2014-10-14;46.75;47.5;46.625;47.5;1146
2014-10-13;46.625;47.75;45.625;47.75;5874
2014-10-10;47.875;47.875;47.75;47.75;2478
2014-10-09;49.25;50.0;48.0;48.0;3316
2014-10-08;49.25;49.25;48.5;48.625;1574
2014-10-07;50.0;50.375;47.5;49.875;8428
2014-10-06;52.25;52.25;51.0;51.0;384
2014-10-03;52.0;52.5;50.25;52.5;5982
2014-10-02;54.5;54.5;52.0;52.0;3278
2014-10-01;54.0;55.0;53.75;55.0;2070
2014-09-30;54.25;54.75;53.75;54.75;2892
2014-09-29;56.375;56.75;54.0;55.0;3516
2014-09-26;56.75;57.625;56.75;57.25;3930
2014-09-25;57.5;57.625;57.5;57.5;800
2014-09-24;57.25;57.25;57.25;57.25;1140
2014-09-23;56.5;58.5;56.5;57.625;2542
2014-09-22;58.125;58.125;57.25;57.25;970
2014-09-19;;57.875;57.875;57.875;0
2014-09-18;57.125;58.375;57.125;57.875;9486
2014-09-17;56.0;57.0;56.0;56.5;14620
2014-09-16;55.5;56.5;55.5;56.5;472
2014-09-15;55.875;56.125;55.875;56.0;702
2014-09-12;56.25;56.25;54.625;55.75;3398
2014-09-11;57.0;57.0;57.0;57.0;5006
2014-09-10;56.0;57.0;56.0;57.0;880
2014-09-09;55.0;56.625;55.0;56.0;8620
2014-09-08;56.125;56.125;55.0;55.0;1092
2014-09-05;51.875;54.375;51.875;54.375;3316
2014-09-04;54.25;54.25;52.0;53.375;6282
2014-09-03;55.625;55.625;54.125;54.125;5300
2014-09-02;56.125;56.25;55.25;55.875;3238
2014-09-01;57.0;57.0;56.25;56.25;1684
2014-08-29;56.5;57.0;56.5;57.0;2310
2014-08-28;56.5;56.5;55.625;56.0;1078
2014-08-27;55.0;56.5;55.0;56.0;5242
2014-08-26;56.0;56.5;55.625;55.625;1010
2014-08-25;56.0;56.0;55.625;55.625;3324
2014-08-22;54.0;56.0;54.0;55.875;2560
2014-08-21;55.25;55.25;51.875;53.125;3396
2014-08-20;55.25;55.25;55.25;55.25;200
2014-08-19;55.875;56.0;55.875;56.0;984
2014-08-18;54.25;56.0;54.25;56.0;4102
2014-08-15;53.875;54.75;53.75;54.0;7052
2014-08-14;54.125;54.25;54.0;54.0;1400
2014-08-13;54.25;55.0;54.25;54.25;6134
2014-08-12;54.125;55.25;54.0;54.25;3452
2014-08-11;55.0;57.25;55.0;55.875;810
2014-08-08;55.75;55.75;54.0;55.0;5044
2014-08-07;55.75;55.75;55.75;55.75;842
2014-08-06;57.5;57.5;54.25;56.875;7838
2014-08-05;58.5;58.5;57.0;58.25;2508
2014-08-04;59.0;59.0;58.5;58.5;1230
2014-08-01;59.0;59.0;59.0;59.0;256
2014-07-31;58.25;59.75;57.5;59.25;3020
2014-07-30;58.5;59.0;58.375;58.375;1322
2014-07-29;58.5;58.5;58.5;58.5;1380
2014-07-28;59.75;59.75;59.5;59.75;3240
2014-07-25;60.5;60.5;59.5;59.75;3964
2014-07-24;61.0;61.875;60.5;61.875;2700
2014-07-23;61.0;61.0;61.0;61.0;22
2014-07-22;61.0;61.25;61.0;61.0;2580
2014-07-21;61.875;61.875;61.0;61.0;962
2014-07-18;60.0;61.0;60.0;61.0;2488
2014-07-17;60.125;61.375;60.0;60.75;1908
2014-07-16;61.75;62.75;59.5;60.25;6396
2014-07-15;62.5;62.5;61.5;61.75;3380
2014-07-14;63.0;63.0;61.625;62.5;1910
2014-07-11;62.0;63.0;60.0;63.0;7852
2014-07-10;63.5;63.5;60.5;62.875;8258
2014-07-09;67.0;67.0;63.5;64.0;3854
2014-07-08;66.0;67.125;66.0;67.0;3360
2014-07-07;65.75;66.25;65.75;66.125;1332
2014-07-04;67.25;67.5;67.0;67.0;1460
2014-07-03;65.75;67.5;65.75;67.5;16782
2014-07-02;66.5;66.5;65.75;65.75;800
2014-07-01;65.75;66.625;65.25;66.625;4204
2014-06-30;67.125;67.125;65.625;65.75;1392
2014-06-27;65.625;66.0;65.0;65.5;5124
2014-06-26;66.0;66.625;65.5;66.625;3730
2014-06-25;66.5;67.0;66.25;66.25;770
2014-06-24;66.25;66.375;65.5;66.25;2976
2014-06-23;67.5;67.5;66.0;66.5;2456
2014-06-20;;67.5;67.5;67.5;0
2014-06-19;66.25;67.5;66.0;67.5;6066
2014-06-18;66.0;66.5;66.0;66.5;1754
2014-06-17;65.5;66.5;65.375;66.5;4692
2014-06-16;64.75;66.75;64.75;66.625;2062
2014-06-13;66.5;67.0;64.75;66.875;2908
2014-06-12;67.5;68.0;67.25;67.5;6338
2014-06-11;66.75;68.5;66.25;68.375;9598
2014-06-10;66.125;66.75;65.75;66.5;4442
2014-06-09;66.75;67.5;65.625;67.5;8562
2014-06-06;;68.0;68.0;68.0;0
2014-06-05;68.0;68.125;67.25;68.0;7740
2014-06-04;71.0;71.0;67.0;69.0;28312
2014-06-03;66.5;70.875;66.5;70.875;31856
2014-06-02;65.875;67.25;65.875;66.5;26200
2014-05-30;65.875;66.75;64.75;65.875;26810
2014-05-28;67.0;69.25;67.0;67.0;13068
2014-05-27;69.875;69.875;66.875;67.125;34152
2014-05-26;65.0;68.375;65.0;68.0;61396
2014-05-23;61.5;62.75;61.5;62.75;2914
2014-05-22;62.5;64.0;61.5;61.5;25158
2014-05-21;61.5;62.25;60.125;62.25;10842
2014-05-20;61.25;63.25;60.0;60.625;8554
2014-05-19;63.5;63.5;58.75;61.25;46208
2014-05-16;67.5;67.5;64.0;64.25;12120
2014-05-15;71.0;71.0;68.25;69.0;11504
2014-05-14;73.0;75.5;72.5;72.5;2756
2014-05-13;72.5;75.5;71.0;72.5;9798
2014-05-12;77.5;79.0;71.625;72.5;14598
2014-05-09;74.0;93.75;69.5;76.5;55426
2014-05-08;156.25;157.0;136.75;142.0;17174
2014-05-07;160.5;164.5;156.25;156.25;11498
2014-05-06;149.5;163.5;149.5;160.0;8620
2014-05-05;143.0;149.5;143.0;149.5;2728
2014-05-02;146.5;147.5;142.0;142.5;6840
2014-05-01;;141.5;141.5;141.5;0
2014-04-30;142.5;142.5;141.5;141.5;5722
2014-04-29;139.25;141.25;139.25;141.0;4368
2014-04-28;140.0;142.25;140.0;142.25;942
2014-04-25;140.0;140.0;138.0;140.0;1062
2014-04-24;142.5;142.5;138.5;140.0;3944
2014-04-23;144.5;144.5;142.0;142.5;3244
2014-04-22;140.0;145.0;140.0;145.0;3408
2014-04-17;141.5;141.5;139.5;140.0;1016
2014-04-16;139.5;139.5;138.0;139.5;1352
2014-04-15;142.5;147.5;139.5;139.5;8344
2014-04-14;137.5;143.5;137.5;141.5;4498
2014-04-11;137.0;137.5;134.0;135.0;2246
2014-04-10;136.0;137.5;136.0;137.5;7398
2014-04-09;137.0;137.5;136.0;137.5;7712
2014-04-08;132.5;135.0;129.0;135.0;2078
2014-04-07;129.75;132.5;129.75;132.5;4892
2014-04-04;130.0;130.0;129.75;129.75;460
2014-04-03;128.25;128.25;128.25;128.25;82
2014-04-02;129.5;130.0;128.75;128.75;3644
2014-04-01;130.0;130.0;128.25;128.5;4756
2014-03-31;122.5;128.25;122.5;128.25;6276
2014-03-28;120.0;124.25;120.0;123.75;1572
2014-03-27;122.0;122.0;120.0;120.0;4286
2014-03-26;122.25;123.5;120.0;122.5;18084
2014-03-25;117.0;117.0;116.75;116.75;860
2014-03-24;115.5;115.5;115.5;115.5;262
2014-03-21;115.25;119.25;115.0;117.0;1344
2014-03-20;117.0;117.0;115.25;116.75;1594
2014-03-19;117.5;119.25;117.5;118.5;34222
2014-03-18;120.0;122.25;120.0;120.5;4074
2014-03-17;117.25;118.75;117.25;118.75;140
2014-03-14;117.75;118.0;116.0;118.0;3250
2014-03-13;119.75;119.75;119.75;119.75;260
2014-03-12;121.0;122.5;117.0;121.75;2172
2014-03-11;119.25;119.25;119.25;119.25;200
2014-03-10;120.0;120.0;117.0;119.25;2122
2014-03-07;122.25;122.25;120.5;120.5;170
2014-03-06;122.25;122.5;121.0;121.0;3340
2014-03-05;121.0;122.0;119.5;119.75;1334
2014-03-04;112.5;120.0;112.5;120.0;2576
2014-03-03;121.0;121.0;113.0;114.0;3308
2014-02-28;118.5;121.75;118.5;121.0;1350
2014-02-27;119.0;119.0;117.0;118.5;1404
2014-02-26;119.0;120.75;118.5;119.0;1110
2014-02-25;120.0;121.75;119.0;119.0;3396
2014-02-24;120.5;120.5;118.0;119.5;580
2014-02-21;117.5;121.0;117.5;120.5;3772
2014-02-20;120.0;120.0;118.0;118.0;3182
2014-02-19;117.5;120.5;117.5;120.5;3170
2014-02-18;118.0;118.0;113.5;117.5;2022
2014-02-17;119.75;119.75;118.0;118.0;1682
2014-02-14;120.5;122.5;119.75;120.0;3136
2014-02-13;117.5;122.0;117.5;120.5;2352
2014-02-12;118.0;118.0;116.0;118.0;1930
2014-02-11;117.5;120.5;117.5;120.0;2096
2014-02-10;113.5;115.0;113.5;115.0;614
2014-02-07;116.25;116.25;113.25;114.75;2174
2014-02-06;114.0;117.5;114.0;117.5;1066
2014-02-05;110.0;113.75;110.0;113.0;2400
2014-02-04;109.5;109.5;108.5;109.25;3512
2014-02-03;111.25;111.5;111.25;111.5;752
2014-01-31;113.0;113.0;110.25;110.25;3338
2014-01-30;113.0;115.0;113.0;115.0;2482
2014-01-29;114.5;114.5;113.5;114.25;1466
2014-01-28;109.5;115.0;109.5;115.0;2680
2014-01-27;110.0;110.0;109.5;110.0;5614
2014-01-24;113.25;113.5;112.75;113.0;3672
2014-01-23;112.5;114.25;111.5;113.25;3676
2014-01-22;114.5;114.5;110.75;113.0;4334
2014-01-21;112.5;113.0;110.5;112.0;4686
2014-01-20;115.5;115.5;112.5;114.0;5926
2014-01-17;116.5;117.0;115.75;117.0;1100
2014-01-16;119.0;119.5;117.0;117.0;600
2014-01-15;116.25;119.5;115.5;118.0;2484
2014-01-14;118.0;118.0;116.5;116.5;274
2014-01-13;118.5;118.5;117.5;118.0;2200
2014-01-10;122.5;122.5;115.0;119.0;1792
2014-01-09;122.5;122.5;122.5;122.5;90
2014-01-08;122.5;122.5;120.5;120.5;3616
2014-01-07;122.5;122.5;121.5;122.5;2364
2014-01-06;;120.25;120.25;120.25;0
2014-01-03;119.0;120.25;118.5;120.25;1894
2014-01-02;119.0;119.0;118.0;118.5;1526
2013-12-31;;119.0;119.0;119.0;0
2013-12-30;117.5;119.0;115.0;119.0;3284
2013-12-27;113.25;116.0;113.0;116.0;3870
2013-12-23;111.0;111.5;108.0;111.0;12130
2013-12-20;110.0;113.0;109.75;111.0;5518
2013-12-19;111.75;113.5;110.5;110.5;4810
2013-12-18;113.0;113.0;110.0;110.0;4260
2013-12-17;113.25;113.25;109.25;112.5;8956
2013-12-16;116.75;118.0;115.0;115.0;3204
2013-12-13;116.0;122.0;116.0;119.0;7390
2013-12-12;122.0;122.0;114.0;115.0;6308
2013-12-11;113.0;122.25;113.0;122.25;7410
2013-12-10;117.0;117.25;112.25;112.25;4328
2013-12-09;119.25;120.5;116.75;117.5;8616
2013-12-06;122.25;122.5;118.0;119.75;3000
2013-12-05;123.5;123.5;120.0;122.25;1970
2013-12-04;127.5;127.5;121.5;123.5;6170
2013-12-03;119.5;130.0;119.5;125.0;31568
2013-12-02;119.5;122.5;115.0;118.75;31266
2013-11-29;107.5;112.25;105.75;112.25;18106
2013-11-28;108.5;108.5;107.0;107.0;2954
2013-11-27;108.25;108.25;105.5;106.0;5738
2013-11-26;104.0;104.0;104.0;104.0;20
2013-11-25;104.5;106.0;103.0;103.0;6014
2013-11-22;102.75;105.5;102.75;104.5;2700
2013-11-21;106.25;106.5;104.75;104.75;654
2013-11-20;105.25;107.75;105.0;106.25;1956
2013-11-19;108.0;108.5;107.75;107.75;504
2013-11-18;104.5;108.25;104.5;107.5;8424
2013-11-15;102.5;104.5;102.5;104.5;440
2013-11-14;102.5;102.5;102.5;102.5;600
2013-11-13;104.0;104.0;100.0;103.0;2638
2013-11-12;104.75;105.5;104.75;105.5;402
2013-11-11;104.75;104.75;100.25;104.5;3098
2013-11-08;106.0;108.0;104.5;105.0;6254
2013-11-07;100.0;105.0;100.0;103.5;9918
2013-11-06;95.5;100.0;95.5;100.0;4974
2013-11-05;96.0;97.75;96.0;97.75;2192
2013-11-04;96.0;96.0;95.5;95.5;1306
2013-11-01;95.0;95.0;95.0;95.0;160
2013-10-31;95.25;95.25;95.25;95.25;200
2013-10-30;97.0;97.0;97.0;97.0;266
2013-10-29;94.75;96.5;94.75;96.5;1140
2013-10-28;95.5;95.5;94.5;94.75;586
2013-10-25;96.25;96.25;95.0;95.0;1576
2013-10-24;96.0;96.0;95.0;96.0;4802
2013-10-23;98.0;98.0;96.0;96.0;1852
2013-10-22;97.5;97.5;97.5;97.5;200
2013-10-21;99.0;99.0;99.0;99.0;130
2013-10-18;101.25;101.25;98.5;99.0;1230
2013-10-17;99.5;101.25;99.5;101.25;3384
2013-10-16;98.25;99.0;96.5;99.0;2076
2013-10-15;99.0;99.0;98.75;98.75;356
2013-10-14;99.25;99.25;99.25;99.25;20
2013-10-11;96.75;97.5;96.75;97.5;1326
2013-10-10;97.5;97.5;97.0;97.5;1360
2013-10-09;97.0;97.0;97.0;97.0;524
2013-10-08;99.0;99.0;98.0;99.0;1122
2013-10-07;99.5;99.5;97.0;98.0;1468
2013-10-04;99.0;99.5;97.5;99.5;1968
2013-10-03;93.5;96.5;91.5;96.5;3082
2013-10-02;96.5;96.5;93.5;93.5;700
2013-10-01;96.5;96.5;96.5;96.5;1300
2013-09-30;101.5;101.5;96.5;98.5;2554
2013-09-27;100.5;101.25;100.5;101.0;1916
2013-09-26;100.0;100.5;99.0;100.5;3112
2013-09-25;99.0;99.25;98.5;99.25;1280
2013-09-24;98.0;99.5;98.0;99.25;806
2013-09-23;100.0;100.0;98.0;98.0;1188
2013-09-20;101.5;101.5;100.0;100.0;1550
2013-09-19;98.0;101.5;98.0;100.0;4296
2013-09-18;98.5;98.75;97.5;98.0;2732
2013-09-17;98.5;98.5;97.5;97.5;7220
2013-09-16;97.0;97.5;97.0;97.5;1614
2013-09-13;98.0;98.5;97.0;97.0;6976
2013-09-12;96.5;98.0;96.5;97.0;538
2013-09-11;92.5;98.5;92.5;95.0;9636
2013-09-10;88.5;93.5;88.5;92.75;1700
2013-09-09;88.75;89.0;88.0;89.0;1090
2013-09-06;91.5;91.5;88.5;89.5;4614
2013-09-05;93.5;93.5;90.0;91.0;3062
2013-09-04;93.75;94.75;93.75;93.75;134
2013-09-03;94.0;94.0;93.5;93.5;400
2013-09-02;92.5;93.5;92.0;93.5;1536
2013-08-30;93.5;93.5;90.25;92.5;3324
2013-08-29;91.5;95.5;91.5;94.5;12026
2013-08-28;83.5;91.5;83.5;91.5;13436
2013-08-27;83.0;83.5;81.5;82.5;5078
2013-08-26;82.75;83.0;82.75;82.75;1228
2013-08-23;81.25;82.75;81.25;82.75;604
2013-08-22;;83.5;83.5;83.5;0
2013-08-21;82.5;83.5;82.0;83.5;800
2013-08-20;85.0;85.0;83.5;83.5;692
2013-08-19;85.0;85.0;85.0;85.0;290
2013-08-16;84.75;84.75;83.75;83.75;432
2013-08-15;83.25;83.25;83.0;83.25;2654
2013-08-14;82.0;83.25;82.0;83.25;1734
2013-08-13;81.75;84.0;81.75;81.75;2266
2013-08-12;83.0;83.0;81.5;82.0;1832
2013-08-09;81.25;83.5;80.5;83.0;2962
2013-08-08;82.0;82.0;80.5;81.25;3890
2013-08-07;83.5;83.5;80.25;82.5;5314
2013-08-06;84.0;84.0;84.0;84.0;404
2013-08-05;85.5;85.5;84.0;84.0;930
2013-08-02;86.5;86.5;86.25;86.25;340
2013-08-01;86.5;86.5;86.5;86.5;400
2013-07-31;85.25;86.25;85.25;85.5;816
2013-07-30;87.25;87.25;85.0;86.5;3978
2013-07-29;85.0;87.5;84.5;87.25;1626
2013-07-26;84.0;86.25;84.0;84.0;3170
2013-07-25;84.75;84.75;84.75;84.75;510
2013-07-24;84.0;84.5;84.0;84.5;1000
2013-07-23;83.25;83.5;83.25;83.5;1128
2013-07-22;82.5;82.75;82.0;82.0;1370
2013-07-19;82.25;82.5;82.0;82.5;1312
2013-07-18;83.0;83.5;81.5;83.5;1924
2013-07-17;82.25;82.5;82.0;82.0;3580
2013-07-16;82.5;82.5;80.5;82.25;1478
2013-07-15;84.5;84.5;82.0;83.5;6508
2013-07-12;83.0;85.75;82.75;83.5;12732
2013-07-11;81.25;84.25;80.75;82.0;8498
2013-07-10;80.0;83.25;80.0;82.25;29684
2013-07-09;73.75;81.5;72.375;80.25;31474
2013-07-08;75.0;75.0;75.0;75.0;920
2013-07-05;;75.0;75.0;75.0;0
2013-07-04;75.0;75.0;75.0;75.0;344
2013-07-03;73.75;74.0;73.75;73.75;1200
2013-07-02;74.5;75.0;74.5;75.0;828
2013-07-01;74.0;75.0;74.0;75.0;494
2013-06-28;73.75;73.75;73.75;73.75;88
2013-06-27;74.0;74.0;74.0;74.0;680
2013-06-26;74.0;74.0;74.0;74.0;366
2013-06-25;75.0;75.0;74.0;74.0;2530
2013-06-24;75.0;75.0;75.0;75.0;1060
2013-06-21;;74.0;74.0;74.0;0
2013-06-20;75.0;75.0;72.625;74.0;1094
2013-06-19;73.5;74.0;73.0;74.0;1834
2013-06-18;73.0;73.0;73.0;73.0;320
2013-06-17;74.375;74.5;72.5;72.5;2260
2013-06-14;75.0;75.0;71.125;72.5;5112
2013-06-13;73.25;75.5;72.5;75.5;4928
2013-06-12;71.0;71.0;70.25;70.5;780
2013-06-11;71.5;72.5;71.5;71.5;920
2013-06-10;75.0;75.0;70.0;72.0;7090
2013-06-07;72.375;75.5;71.5;74.75;8608
2013-06-06;;71.875;71.875;71.875;0
2013-06-05;66.625;72.5;66.625;71.875;8686
2013-06-04;66.0;66.0;65.375;65.375;1000
2013-06-03;66.75;66.75;65.75;66.0;1778
2013-05-31;66.75;68.0;66.75;68.0;654
2013-05-30;66.5;66.5;66.5;66.5;460
2013-05-29;68.0;68.0;66.5;68.0;396
2013-05-28;68.0;68.0;68.0;68.0;60
2013-05-27;66.5;66.5;66.5;66.5;1002
2013-05-24;66.0;66.5;66.0;66.5;1350
2013-05-23;69.0;69.0;67.0;67.0;2940
2013-05-22;70.0;70.0;70.0;70.0;20
2013-05-21;;70.0;70.0;70.0;0
2013-05-20;70.0;70.0;70.0;70.0;2
2013-05-17;70.0;70.0;70.0;70.0;292
2013-05-16;69.75;69.75;69.5;69.5;656
2013-05-15;;70.0;70.0;70.0;0
2013-05-14;70.0;70.0;70.0;70.0;400
2013-05-13;71.5;71.5;70.5;70.5;206
2013-05-10;71.5;71.5;71.5;71.5;488
2013-05-09;;71.25;71.25;71.25;0
2013-05-08;71.25;71.25;71.25;71.25;460
2013-05-07;69.0;72.0;69.0;71.5;7430
2013-05-06;63.25;72.375;63.25;68.0;11316
2013-05-03;;63.375;63.375;63.375;0
2013-05-02;;63.375;63.375;63.375;0
2013-05-01;;63.375;63.375;63.375;0
2013-04-30;63.375;63.375;63.375;63.375;500
2013-04-29;64.5;64.5;63.5;63.5;600
2013-04-26;63.25;64.5;63.25;64.5;3026
2013-04-25;61.0;62.625;61.0;62.625;5414
2013-04-24;61.0;61.0;61.0;61.0;32
2013-04-23;58.0;59.5;58.0;59.5;1274
2013-04-22;59.0;59.0;58.0;58.0;1230
2013-04-19;60.0;60.0;58.625;59.5;532
2013-04-18;;60.0;60.0;60.0;0
2013-04-17;60.0;60.0;60.0;60.0;440
2013-04-16;63.5;63.5;60.0;60.0;2734
2013-04-15;64.25;64.25;64.25;64.25;450
2013-04-12;64.25;64.25;64.25;64.25;1660
2013-04-11;64.5;64.5;64.5;64.5;200
2013-04-10;63.75;63.75;63.75;63.75;400
2013-04-09;63.5;63.5;62.75;62.75;200
2013-04-08;66.0;66.0;62.25;63.375;2254
2013-04-05;66.0;66.0;65.5;66.0;4000
2013-04-04;66.75;67.375;66.75;67.375;400
2013-04-03;67.125;67.125;65.0;65.0;36348
2013-04-02;67.5;67.5;67.375;67.5;6252
2013-04-01;;66.5;66.5;66.5;0
2013-03-29;66.125;66.5;66.5;66.5;108334
2013-03-28;66.125;67.0;66.125;67.0;108334
2013-03-27;66.125;67.0;66.125;67.0;108334
2013-03-26;65.5;66.125;65.0;66.125;1930
2013-03-25;65.0;65.25;64.625;65.25;1220
2013-03-22;63.5;65.25;63.5;65.25;5320
2013-03-21;63.75;63.75;61.875;62.0;5610
2013-03-20;63.375;63.625;63.375;63.625;1586
2013-03-19;;62.0;62.0;62.0;0
2013-03-18;63.0;63.0;62.0;62.0;5450
2013-03-15;63.125;63.5;63.0;63.5;5064
2013-03-14;61.75;63.25;61.75;63.25;87096
2013-03-13;61.75;61.75;61.75;61.75;2000
2013-03-12;60.5;61.5;60.5;61.5;3150
2013-03-11;60.75;61.0;60.75;61.0;840
2013-03-08;60.0;60.0;60.0;60.0;720
2013-03-07;60.0;60.0;59.5;59.5;1800
2013-03-06;60.75;60.75;60.75;60.75;200
2013-03-05;60.625;60.75;60.5;60.75;1268
2013-03-04;61.0;61.0;60.75;60.875;882
2013-03-01;60.75;62.5;60.75;60.75;4200
2013-02-28;59.5;62.5;59.5;62.5;15588
2013-02-27;59.875;60.0;59.875;60.0;2874
2013-02-26;59.75;59.75;59.5;59.5;5216
2013-02-25;58.5;59.875;58.5;59.875;1742
2013-02-22;58.75;58.75;58.5;58.75;1870
2013-02-21;57.25;59.0;57.25;58.75;3180
2013-02-20;57.5;58.375;57.5;58.375;1850
2013-02-19;57.5;57.5;57.5;57.5;1038
2013-02-18;58.0;58.0;57.5;57.5;3540
2013-02-15;57.75;58.375;57.75;58.375;590
2013-02-14;58.25;58.5;58.25;58.5;1200
2013-02-13;57.5;58.0;57.5;58.0;1580
2013-02-12;56.5;56.5;56.5;56.5;400
2013-02-11;57.0;57.0;56.5;56.5;20996
2013-02-08;56.75;57.0;56.375;57.0;45428
2013-02-07;57.375;57.375;53.75;56.0;22304
2013-02-06;57.375;57.375;56.0;57.375;1210
2013-02-05;57.375;57.375;56.0;57.375;4026
2013-02-04;57.375;58.0;57.375;57.375;2286
2013-02-01;57.25;57.25;57.25;57.25;30
2013-01-31;57.625;57.625;57.5;57.5;2586
2013-01-30;56.5;58.5;56.125;58.0;5734
2013-01-29;57.5;57.5;56.5;56.5;2886
2013-01-28;56.5;57.375;56.5;57.25;1590
2013-01-25;56.75;57.0;56.5;56.5;10842
2013-01-24;56.625;57.5;56.5;57.25;18710
2013-01-23;53.0;56.5;53.0;56.0;34464
2013-01-22;52.0;52.375;52.0;52.375;420
2013-01-21;;52.375;52.375;52.375;0
2013-01-18;51.0;52.375;50.5;52.375;5856
2013-01-17;51.875;51.875;50.5;50.5;3866
2013-01-16;;53.0;53.0;53.0;0
2013-01-15;;53.0;53.0;53.0;0
2013-01-14;51.75;53.0;51.75;53.0;318
2013-01-11;51.75;51.75;51.75;51.75;100
2013-01-10;51.5;51.5;51.5;51.5;2220
2013-01-09;52.5;52.5;51.0;51.5;9648
2013-01-08;52.5;52.75;52.5;52.5;11032
2013-01-07;52.375;52.375;52.0;52.375;2372
2013-01-04;52.0;52.75;52.0;52.75;1740
2013-01-03;52.5;52.5;52.0;52.0;2250
2013-01-02;52.5;52.5;52.5;52.5;714
2013-01-01;;52.5;52.5;52.5;0
2012-12-31;;52.5;52.5;52.5;0
2012-12-28;53.0;53.0;52.5;52.5;1000
